LECROYWS454	16215	Waveform
Segments	1	SegmentSize	4002
Segment	TrigTime	TimeSinceSegment1
#1	29-Apr-2024 21:09:11	0                 
Time	Ampl
-9.96119e-007	0.00125
-9.95619e-007	0
-9.95119e-007	-0.00125
-9.94619e-007	-0.000625
-9.94119e-007	0.000625
-9.93619e-007	-0.000625
-9.93119e-007	-0.0025
-9.92619e-007	-0.00125
-9.92119e-007	0.001875
-9.91619e-007	0.000625
-9.91119e-007	-0.00125
-9.90619e-007	-0.001875
-9.90119e-007	-0.000625
-9.89619e-007	0
-9.89119e-007	0.000625
-9.88619e-007	0.00125
-9.88119e-007	0
-9.87619e-007	0
-9.87119e-007	0
-9.86619e-007	-0.00125
-9.86119e-007	-0.00125
-9.85619e-007	0.00125
-9.85119e-007	0.00125
-9.84619e-007	0
-9.84119e-007	-0.00125
-9.83619e-007	-0.00125
-9.83119e-007	0
-9.82619e-007	0.000625
-9.82119e-007	-0.000625
-9.81619e-007	-0.000625
-9.81119e-007	0.000625
-9.80619e-007	0.000625
-9.80119e-007	0.000625
-9.79619e-007	0
-9.79119e-007	0.000625
-9.78619e-007	0
-9.78119e-007	0.000625
-9.77619e-007	-0.000625
-9.77119e-007	-0.000625
-9.76619e-007	-0.0025
-9.76119e-007	-0.00125
-9.75619e-007	0.000625
-9.75119e-007	0.000625
-9.74619e-007	0.000625
-9.74119e-007	-0.000625
-9.73619e-007	-0.00125
-9.73119e-007	0
-9.72619e-007	-0.001875
-9.72119e-007	-0.000625
-9.71619e-007	-0.000625
-9.71119e-007	-0.001875
-9.70619e-007	-0.000625
-9.70119e-007	0.000625
-9.69619e-007	-0.000625
-9.69119e-007	-0.000625
-9.68619e-007	0
-9.68119e-007	0
-9.67619e-007	0.000625
-9.67119e-007	0.000625
-9.66619e-007	-0.001875
-9.66119e-007	-0.000625
-9.65619e-007	0.000625
-9.65119e-007	-0.000625
-9.64619e-007	-0.000625
-9.64119e-007	-0.000625
-9.63619e-007	0
-9.63119e-007	0
-9.62619e-007	-0.00125
-9.62119e-007	-0.0025
-9.61619e-007	-0.000625
-9.61119e-007	0
-9.60619e-007	0
-9.60119e-007	-0.000625
-9.59619e-007	-0.001875
-9.59119e-007	-0.00125
-9.58619e-007	0
-9.58119e-007	0.00125
-9.57619e-007	0.00125
-9.57119e-007	0.000625
-9.56619e-007	0.00125
-9.56119e-007	0.00125
-9.55619e-007	0.00125
-9.55119e-007	0.000625
-9.54619e-007	-0.000625
-9.54119e-007	0
-9.53619e-007	0.000625
-9.53119e-007	0
-9.52619e-007	-0.00125
-9.52119e-007	-0.000625
-9.51619e-007	0
-9.51119e-007	-0.000625
-9.50619e-007	-0.001875
-9.50119e-007	-0.001875
-9.49619e-007	-0.001875
-9.49119e-007	-0.000625
-9.48619e-007	0
-9.48119e-007	0
-9.47619e-007	0.00125
-9.47119e-007	0.000625
-9.46619e-007	0.00125
-9.46119e-007	0.001875
-9.45619e-007	0.000625
-9.45119e-007	-0.000625
-9.44619e-007	0.000625
-9.44119e-007	0.00125
-9.43619e-007	-0.000625
-9.43119e-007	-0.001875
-9.42619e-007	0.000625
-9.42119e-007	0.000625
-9.41619e-007	-0.00125
-9.41119e-007	-0.0025
-9.40619e-007	0
-9.40119e-007	0
-9.39619e-007	-0.00125
-9.39119e-007	0
-9.38619e-007	0.000625
-9.38119e-007	-0.000625
-9.37619e-007	-0.000625
-9.37119e-007	-0.000625
-9.36619e-007	-0.00125
-9.36119e-007	0
-9.35619e-007	0.00125
-9.35119e-007	0.001875
-9.34619e-007	-0.000625
-9.34119e-007	0.000625
-9.33619e-007	0
-9.33119e-007	0.000625
-9.32619e-007	0
-9.32119e-007	-0.000625
-9.31619e-007	-0.00125
-9.31119e-007	-0.00125
-9.30619e-007	-0.003125
-9.30119e-007	-0.001875
-9.29619e-007	-0.00125
-9.29119e-007	-0.000625
-9.28619e-007	-0.000625
-9.28119e-007	-0.000625
-9.27619e-007	-0.000625
-9.27119e-007	0
-9.26619e-007	0.000625
-9.26119e-007	0.000625
-9.25619e-007	0.000625
-9.25119e-007	0.00125
-9.24619e-007	0.001875
-9.24119e-007	0.001875
-9.23619e-007	0.00125
-9.23119e-007	0.000625
-9.22619e-007	0.00125
-9.22119e-007	-0.000625
-9.21619e-007	0.000625
-9.21119e-007	0.000625
-9.20619e-007	-0.000625
-9.20119e-007	-0.00125
-9.19619e-007	-0.0025
-9.19119e-007	-0.003125
-9.18619e-007	-0.000625
-9.18119e-007	0
-9.17619e-007	-0.00125
-9.17119e-007	-0.000625
-9.16619e-007	-0.000625
-9.16119e-007	0.000625
-9.15619e-007	0.001875
-9.15119e-007	0.00125
-9.14619e-007	-0.000625
-9.14119e-007	0.000625
-9.13619e-007	0.000625
-9.13119e-007	0.00125
-9.12619e-007	0.000625
-9.12119e-007	0.000625
-9.11619e-007	0
-9.11119e-007	0
-9.10619e-007	0.000625
-9.10119e-007	-0.000625
-9.09619e-007	-0.00125
-9.09119e-007	-0.00125
-9.08619e-007	-0.003125
-9.08119e-007	-0.00125
-9.07619e-007	-0.00125
-9.07119e-007	-0.00125
-9.06619e-007	0.00125
-9.06119e-007	0.00125
-9.05619e-007	-0.00125
-9.05119e-007	0
-9.04619e-007	0.000625
-9.04119e-007	0.000625
-9.03619e-007	0.000625
-9.03119e-007	0
-9.02619e-007	0.00125
-9.02119e-007	0.000625
-9.01619e-007	-0.000625
-9.01119e-007	-0.000625
-9.00619e-007	0.00125
-9.00119e-007	0.000625
-8.99619e-007	0.00125
-8.99119e-007	-0.000625
-8.98619e-007	-0.001875
-8.98119e-007	-0.0025
-8.97619e-007	-0.00125
-8.97119e-007	-0.000625
-8.96619e-007	-0.001875
-8.96119e-007	-0.00125
-8.95619e-007	0
-8.95119e-007	-0.00125
-8.94619e-007	-0.000625
-8.94119e-007	0
-8.93619e-007	-0.00125
-8.93119e-007	0.00125
-8.92619e-007	0
-8.92119e-007	0.0025
-8.91619e-007	0.003125
-8.91119e-007	0.00125
-8.90619e-007	0.00125
-8.90119e-007	0.000625
-8.89619e-007	-0.000625
-8.89119e-007	0.000625
-8.88619e-007	-0.00125
-8.88119e-007	-0.001875
-8.87619e-007	-0.001875
-8.87119e-007	0.000625
-8.86619e-007	-0.000625
-8.86119e-007	-0.001875
-8.85619e-007	-0.00125
-8.85119e-007	-0.001875
-8.84619e-007	-0.001875
-8.84119e-007	0
-8.83619e-007	0.000625
-8.83119e-007	0.00125
-8.82619e-007	0.00125
-8.82119e-007	0.001875
-8.81619e-007	0.000625
-8.81119e-007	0.00125
-8.80619e-007	0.001875
-8.80119e-007	0.000625
-8.79619e-007	0.000625
-8.79119e-007	0.001875
-8.78619e-007	0
-8.78119e-007	-0.001875
-8.77619e-007	-0.001875
-8.77119e-007	0
-8.76619e-007	0
-8.76119e-007	-0.00125
-8.75619e-007	-0.001875
-8.75119e-007	-0.001875
-8.74619e-007	-0.000625
-8.74119e-007	0
-8.73619e-007	0.000625
-8.73119e-007	-0.000625
-8.72619e-007	0.000625
-8.72119e-007	0.000625
-8.71619e-007	0.000625
-8.71119e-007	0
-8.70619e-007	0
-8.70119e-007	0.00125
-8.69619e-007	0.000625
-8.69119e-007	0.000625
-8.68619e-007	0.000625
-8.68119e-007	0.001875
-8.67619e-007	-0.001875
-8.67119e-007	-0.00125
-8.66619e-007	-0.000625
-8.66119e-007	-0.00125
-8.65619e-007	-0.001875
-8.65119e-007	-0.001875
-8.64619e-007	-0.00125
-8.64119e-007	-0.00125
-8.63619e-007	-0.00125
-8.63119e-007	0.000625
-8.62619e-007	0
-8.62119e-007	0.000625
-8.61619e-007	0.000625
-8.61119e-007	-0.00125
-8.60619e-007	-0.00125
-8.60119e-007	0.000625
-8.59619e-007	0.001875
-8.59119e-007	0
-8.58619e-007	0.00125
-8.58119e-007	0.00125
-8.57619e-007	-0.000625
-8.57119e-007	-0.000625
-8.56619e-007	0.000625
-8.56119e-007	-0.000625
-8.55619e-007	-0.000625
-8.55119e-007	-0.000625
-8.54619e-007	-0.00125
-8.54119e-007	-0.0025
-8.53619e-007	-0.001875
-8.53119e-007	-0.000625
-8.52619e-007	0.000625
-8.52119e-007	-0.000625
-8.51619e-007	-0.00125
-8.51119e-007	-0.000625
-8.50619e-007	0.00125
-8.50119e-007	0.001875
-8.49619e-007	0.00125
-8.49119e-007	0.000625
-8.48619e-007	-0.000625
-8.48119e-007	0.000625
-8.47619e-007	0.000625
-8.47119e-007	0
-8.46619e-007	-0.000625
-8.46119e-007	0.000625
-8.45619e-007	0.000625
-8.45119e-007	0.00125
-8.44619e-007	-0.000625
-8.44119e-007	0
-8.43619e-007	0
-8.43119e-007	-0.000625
-8.42619e-007	-0.000625
-8.42119e-007	-0.000625
-8.41619e-007	-0.0025
-8.41119e-007	-0.001875
-8.40619e-007	0.000625
-8.40119e-007	0.000625
-8.39619e-007	-0.000625
-8.39119e-007	-0.000625
-8.38619e-007	0.000625
-8.38119e-007	0.000625
-8.37619e-007	0.001875
-8.37119e-007	0.000625
-8.36619e-007	-0.000625
-8.36119e-007	0.000625
-8.35619e-007	0.0025
-8.35119e-007	0.00125
-8.34619e-007	0.001875
-8.34119e-007	0.00125
-8.33619e-007	-0.000625
-8.33119e-007	-0.00125
-8.32619e-007	-0.00125
-8.32119e-007	-0.001875
-8.31619e-007	0
-8.31119e-007	-0.000625
-8.30619e-007	-0.000625
-8.30119e-007	-0.000625
-8.29619e-007	-0.00125
-8.29119e-007	0
-8.28619e-007	0.000625
-8.28119e-007	0.000625
-8.27619e-007	0
-8.27119e-007	0
-8.26619e-007	0.00125
-8.26119e-007	0.000625
-8.25619e-007	-0.000625
-8.25119e-007	0
-8.24619e-007	0.00125
-8.24119e-007	0.00125
-8.23619e-007	-0.00125
-8.23119e-007	-0.00125
-8.22619e-007	-0.000625
-8.22119e-007	-0.001875
-8.21619e-007	-0.000625
-8.21119e-007	-0.00125
-8.20619e-007	-0.00125
-8.20119e-007	-0.00125
-8.19619e-007	-0.001875
-8.19119e-007	-0.00125
-8.18619e-007	0
-8.18119e-007	-0.000625
-8.17619e-007	0
-8.17119e-007	0.000625
-8.16619e-007	0.001875
-8.16119e-007	0.000625
-8.15619e-007	0
-8.15119e-007	0.00125
-8.14619e-007	0.000625
-8.14119e-007	0.000625
-8.13619e-007	0.001875
-8.13119e-007	0.000625
-8.12619e-007	-0.000625
-8.12119e-007	0.000625
-8.11619e-007	-0.000625
-8.11119e-007	-0.001875
-8.10619e-007	-0.001875
-8.10119e-007	-0.00125
-8.09619e-007	-0.00125
-8.09119e-007	-0.001875
-8.08619e-007	-0.000625
-8.08119e-007	0.001875
-8.07619e-007	0.000625
-8.07119e-007	-0.001875
-8.06619e-007	-0.00125
-8.06119e-007	0.000625
-8.05619e-007	0.000625
-8.05119e-007	0.000625
-8.04619e-007	0
-8.04119e-007	-0.000625
-8.03619e-007	0
-8.03119e-007	0.000625
-8.02619e-007	0
-8.02119e-007	0.000625
-8.01619e-007	0.000625
-8.01119e-007	-0.00125
-8.00619e-007	-0.001875
-8.00119e-007	0
-7.99619e-007	-0.00125
-7.99119e-007	-0.000625
-7.98619e-007	-0.000625
-7.98119e-007	-0.000625
-7.97619e-007	0.000625
-7.97119e-007	-0.001875
-7.96619e-007	-0.000625
-7.96119e-007	0.000625
-7.95619e-007	0
-7.95119e-007	0
-7.94619e-007	-0.000625
-7.94119e-007	0.000625
-7.93619e-007	-0.000625
-7.93119e-007	-0.000625
-7.92619e-007	0.001875
-7.92119e-007	0.00125
-7.91619e-007	0.000625
-7.91119e-007	0.00125
-7.90619e-007	0.000625
-7.90119e-007	-0.00125
-7.89619e-007	0
-7.89119e-007	-0.00125
-7.88619e-007	-0.001875
-7.88119e-007	-0.000625
-7.87619e-007	0.000625
-7.87119e-007	-0.00125
-7.86619e-007	-0.00125
-7.86119e-007	-0.000625
-7.85619e-007	-0.000625
-7.85119e-007	0.000625
-7.84619e-007	0.000625
-7.84119e-007	0
-7.83619e-007	-0.000625
-7.83119e-007	0
-7.82619e-007	0.000625
-7.82119e-007	0
-7.81619e-007	-0.00125
-7.81119e-007	-0.000625
-7.80619e-007	0
-7.80119e-007	0.000625
-7.79619e-007	0
-7.79119e-007	0.000625
-7.78619e-007	-0.000625
-7.78119e-007	-0.000625
-7.77619e-007	0
-7.77119e-007	-0.000625
-7.76619e-007	-0.001875
-7.76119e-007	-0.00125
-7.75619e-007	-0.000625
-7.75119e-007	-0.000625
-7.74619e-007	-0.001875
-7.74119e-007	-0.001875
-7.73619e-007	-0.000625
-7.73119e-007	0.000625
-7.72619e-007	0.000625
-7.72119e-007	0.001875
-7.71619e-007	0.000625
-7.71119e-007	-0.000625
-7.70619e-007	0
-7.70119e-007	0.000625
-7.69619e-007	0.000625
-7.69119e-007	0.001875
-7.68619e-007	0.00125
-7.68119e-007	-0.000625
-7.67619e-007	0.000625
-7.67119e-007	0
-7.66619e-007	-0.00125
-7.66119e-007	-0.000625
-7.65619e-007	-0.001875
-7.65119e-007	-0.001875
-7.64619e-007	-0.000625
-7.64119e-007	-0.00125
-7.63619e-007	-0.000625
-7.63119e-007	-0.000625
-7.62619e-007	-0.000625
-7.62119e-007	-0.00125
-7.61619e-007	-0.000625
-7.61119e-007	0.001875
-7.60619e-007	0.001875
-7.60119e-007	0
-7.59619e-007	0
-7.59119e-007	0.000625
-7.58619e-007	0.00125
-7.58119e-007	0.00125
-7.57619e-007	0.000625
-7.57119e-007	-0.00125
-7.56619e-007	-0.00125
-7.56119e-007	-0.001875
-7.55619e-007	-0.001875
-7.55119e-007	0
-7.54619e-007	-0.000625
-7.54119e-007	-0.001875
-7.53619e-007	-0.00125
-7.53119e-007	-0.00125
-7.52619e-007	-0.001875
-7.52119e-007	-0.00125
-7.51619e-007	0
-7.51119e-007	0.000625
-7.50619e-007	-0.000625
-7.50119e-007	0
-7.49619e-007	0
-7.49119e-007	0.000625
-7.48619e-007	0.000625
-7.48119e-007	-0.000625
-7.47619e-007	0
-7.47119e-007	-0.00125
-7.46619e-007	-0.000625
-7.46119e-007	0.000625
-7.45619e-007	0.000625
-7.45119e-007	-0.001875
-7.44619e-007	-0.00125
-7.44119e-007	-0.00125
-7.43619e-007	-0.00125
-7.43119e-007	-0.001875
-7.42619e-007	0
-7.42119e-007	-0.000625
-7.41619e-007	-0.000625
-7.41119e-007	-0.000625
-7.40619e-007	-0.00125
-7.40119e-007	0
-7.39619e-007	-0.000625
-7.39119e-007	0
-7.38619e-007	0.000625
-7.38119e-007	-0.000625
-7.37619e-007	-0.00125
-7.37119e-007	0
-7.36619e-007	0.000625
-7.36119e-007	0
-7.35619e-007	-0.000625
-7.35119e-007	0.000625
-7.34619e-007	0.00125
-7.34119e-007	0
-7.33619e-007	-0.00125
-7.33119e-007	-0.001875
-7.32619e-007	0
-7.32119e-007	0
-7.31619e-007	-0.000625
-7.31119e-007	-0.000625
-7.30619e-007	-0.00125
-7.30119e-007	-0.001875
-7.29619e-007	0
-7.29119e-007	0
-7.28619e-007	0.000625
-7.28119e-007	0
-7.27619e-007	-0.001875
-7.27119e-007	-0.00125
-7.26619e-007	-0.000625
-7.26119e-007	-0.00125
-7.25619e-007	-0.001875
-7.25119e-007	-0.00125
-7.24619e-007	-0.00125
-7.24119e-007	-0.00125
-7.23619e-007	-0.000625
-7.23119e-007	0
-7.22619e-007	-0.001875
-7.22119e-007	-0.001875
-7.21619e-007	0
-7.21119e-007	0
-7.20619e-007	-0.00125
-7.20119e-007	0
-7.19619e-007	-0.00125
-7.19119e-007	-0.000625
-7.18619e-007	-0.00125
-7.18119e-007	-0.000625
-7.17619e-007	-0.000625
-7.17119e-007	-0.00125
-7.16619e-007	-0.001875
-7.16119e-007	0.000625
-7.15619e-007	0
-7.15119e-007	0
-7.14619e-007	-0.00125
-7.14119e-007	-0.001875
-7.13619e-007	0.000625
-7.13119e-007	0.000625
-7.12619e-007	-0.000625
-7.12119e-007	-0.00125
-7.11619e-007	-0.001875
-7.11119e-007	-0.001875
-7.10619e-007	-0.00125
-7.10119e-007	-0.00125
-7.09619e-007	-0.00125
-7.09119e-007	-0.001875
-7.08619e-007	-0.00125
-7.08119e-007	-0.000625
-7.07619e-007	-0.000625
-7.07119e-007	-0.00125
-7.06619e-007	-0.001875
-7.06119e-007	-0.000625
-7.05619e-007	-0.000625
-7.05119e-007	-0.000625
-7.04619e-007	-0.000625
-7.04119e-007	-0.000625
-7.03619e-007	0.000625
-7.03119e-007	0
-7.02619e-007	-0.000625
-7.02119e-007	-0.00125
-7.01619e-007	-0.000625
-7.01119e-007	0.000625
-7.00619e-007	-0.001875
-7.00119e-007	-0.000625
-6.99619e-007	0
-6.99119e-007	-0.0025
-6.98619e-007	-0.00125
-6.98119e-007	-0.000625
-6.97619e-007	-0.000625
-6.97119e-007	-0.000625
-6.96619e-007	-0.000625
-6.96119e-007	-0.000625
-6.95619e-007	-0.000625
-6.95119e-007	0.000625
-6.94619e-007	-0.000625
-6.94119e-007	0
-6.93619e-007	0
-6.93119e-007	-0.000625
-6.92619e-007	0.000625
-6.92119e-007	0.000625
-6.91619e-007	-0.000625
-6.91119e-007	0
-6.90619e-007	-0.001875
-6.90119e-007	-0.00125
-6.89619e-007	-0.00125
-6.89119e-007	-0.001875
-6.88619e-007	-0.00125
-6.88119e-007	0
-6.87619e-007	-0.00125
-6.87119e-007	-0.001875
-6.86619e-007	-0.000625
-6.86119e-007	-0.00125
-6.85619e-007	0.000625
-6.85119e-007	0.00125
-6.84619e-007	0
-6.84119e-007	-0.001875
-6.83619e-007	-0.000625
-6.83119e-007	-0.000625
-6.82619e-007	0
-6.82119e-007	-0.00125
-6.81619e-007	0
-6.81119e-007	0.000625
-6.80619e-007	-0.00125
-6.80119e-007	-0.00125
-6.79619e-007	-0.00125
-6.79119e-007	0
-6.78619e-007	-0.000625
-6.78119e-007	-0.00125
-6.77619e-007	0
-6.77119e-007	-0.000625
-6.76619e-007	0
-6.76119e-007	0
-6.75619e-007	-0.001875
-6.75119e-007	-0.001875
-6.74619e-007	0
-6.74119e-007	0.000625
-6.73619e-007	-0.000625
-6.73119e-007	0
-6.72619e-007	0
-6.72119e-007	-0.001875
-6.71619e-007	-0.001875
-6.71119e-007	-0.000625
-6.70619e-007	-0.000625
-6.70119e-007	0.00125
-6.69619e-007	-0.00125
-6.69119e-007	-0.00125
-6.68619e-007	0
-6.68119e-007	0.000625
-6.67619e-007	0
-6.67119e-007	0
-6.66619e-007	0
-6.66119e-007	-0.000625
-6.65619e-007	0
-6.65119e-007	-0.00125
-6.64619e-007	-0.000625
-6.64119e-007	0.00125
-6.63619e-007	0
-6.63119e-007	-0.00125
-6.62619e-007	-0.00125
-6.62119e-007	-0.001875
-6.61619e-007	0
-6.61119e-007	0
-6.60619e-007	0
-6.60119e-007	-0.00125
-6.59619e-007	-0.001875
-6.59119e-007	-0.00125
-6.58619e-007	-0.000625
-6.58119e-007	0
-6.57619e-007	-0.000625
-6.57119e-007	-0.001875
-6.56619e-007	0
-6.56119e-007	-0.000625
-6.55619e-007	-0.00125
-6.55119e-007	-0.00125
-6.54619e-007	-0.000625
-6.54119e-007	0.000625
-6.53619e-007	-0.000625
-6.53119e-007	-0.001875
-6.52619e-007	-0.00125
-6.52119e-007	-0.00125
-6.51619e-007	-0.001875
-6.51119e-007	-0.00125
-6.50619e-007	-0.000625
-6.50119e-007	0
-6.49619e-007	-0.001875
-6.49119e-007	0.00125
-6.48619e-007	0.001875
-6.48119e-007	0
-6.47619e-007	-0.000625
-6.47119e-007	-0.00125
-6.46619e-007	0.000625
-6.46119e-007	0
-6.45619e-007	-0.001875
-6.45119e-007	-0.00125
-6.44619e-007	-0.000625
-6.44119e-007	-0.000625
-6.43619e-007	-0.00125
-6.43119e-007	-0.000625
-6.42619e-007	0
-6.42119e-007	-0.001875
-6.41619e-007	-0.000625
-6.41119e-007	0
-6.40619e-007	-0.000625
-6.40119e-007	-0.000625
-6.39619e-007	0
-6.39119e-007	0
-6.38619e-007	-0.000625
-6.38119e-007	-0.000625
-6.37619e-007	0.000625
-6.37119e-007	-0.000625
-6.36619e-007	-0.00125
-6.36119e-007	0.000625
-6.35619e-007	0.000625
-6.35119e-007	0
-6.34619e-007	0
-6.34119e-007	0
-6.33619e-007	-0.00125
-6.33119e-007	-0.0025
-6.32619e-007	-0.001875
-6.32119e-007	-0.000625
-6.31619e-007	-0.000625
-6.31119e-007	0
-6.30619e-007	0.00125
-6.30119e-007	0.00125
-6.29619e-007	-0.00125
-6.29119e-007	0
-6.28619e-007	0.000625
-6.28119e-007	0.000625
-6.27619e-007	0.00125
-6.27119e-007	0.000625
-6.26619e-007	0.00125
-6.26119e-007	0.000625
-6.25619e-007	-0.000625
-6.25119e-007	-0.000625
-6.24619e-007	-0.00125
-6.24119e-007	0
-6.23619e-007	-0.000625
-6.23119e-007	-0.00125
-6.22619e-007	-0.000625
-6.22119e-007	0
-6.21619e-007	-0.000625
-6.21119e-007	-0.00125
-6.20619e-007	0.00125
-6.20119e-007	-0.00125
-6.19619e-007	-0.00125
-6.19119e-007	0.000625
-6.18619e-007	0
-6.18119e-007	-0.000625
-6.17619e-007	-0.000625
-6.17119e-007	-0.00125
-6.16619e-007	-0.000625
-6.16119e-007	0
-6.15619e-007	0
-6.15119e-007	0
-6.14619e-007	-0.000625
-6.14119e-007	-0.000625
-6.13619e-007	-0.000625
-6.13119e-007	0
-6.12619e-007	0
-6.12119e-007	-0.00125
-6.11619e-007	0
-6.11119e-007	-0.000625
-6.10619e-007	-0.00125
-6.10119e-007	-0.000625
-6.09619e-007	-0.00125
-6.09119e-007	-0.000625
-6.08619e-007	0
-6.08119e-007	-0.000625
-6.07619e-007	0
-6.07119e-007	0.00125
-6.06619e-007	0.000625
-6.06119e-007	0
-6.05619e-007	0
-6.05119e-007	-0.000625
-6.04619e-007	0.000625
-6.04119e-007	0.000625
-6.03619e-007	-0.001875
-6.03119e-007	0
-6.02619e-007	0
-6.02119e-007	-0.001875
-6.01619e-007	-0.00125
-6.01119e-007	-0.00125
-6.00619e-007	-0.001875
-6.00119e-007	-0.00125
-5.99619e-007	-0.000625
-5.99119e-007	0
-5.98619e-007	-0.000625
-5.98119e-007	-0.000625
-5.97619e-007	-0.000625
-5.97119e-007	0
-5.96619e-007	0.000625
-5.96119e-007	0.000625
-5.95619e-007	-0.000625
-5.95119e-007	-0.00125
-5.94619e-007	-0.000625
-5.94119e-007	0.000625
-5.93619e-007	0.00125
-5.93119e-007	-0.001875
-5.92619e-007	-0.001875
-5.92119e-007	0
-5.91619e-007	0
-5.91119e-007	-0.000625
-5.90619e-007	0
-5.90119e-007	-0.001875
-5.89619e-007	-0.001875
-5.89119e-007	-0.000625
-5.88619e-007	-0.00125
-5.88119e-007	0.000625
-5.87619e-007	0.00125
-5.87119e-007	0
-5.86619e-007	-0.000625
-5.86119e-007	-0.000625
-5.85619e-007	-0.000625
-5.85119e-007	0.000625
-5.84619e-007	-0.000625
-5.84119e-007	0.000625
-5.83619e-007	0.000625
-5.83119e-007	0
-5.82619e-007	0.000625
-5.82119e-007	-0.000625
-5.81619e-007	-0.000625
-5.81119e-007	-0.000625
-5.80619e-007	-0.000625
-5.80119e-007	-0.000625
-5.79619e-007	-0.00125
-5.79119e-007	0
-5.78619e-007	-0.00125
-5.78119e-007	-0.001875
-5.77619e-007	0
-5.77119e-007	0.000625
-5.76619e-007	0.000625
-5.76119e-007	-0.001875
-5.75619e-007	-0.00125
-5.75119e-007	0.000625
-5.74619e-007	-0.000625
-5.74119e-007	0
-5.73619e-007	0
-5.73119e-007	-0.000625
-5.72619e-007	0.000625
-5.72119e-007	0.000625
-5.71619e-007	0.000625
-5.71119e-007	-0.000625
-5.70619e-007	-0.000625
-5.70119e-007	0.000625
-5.69619e-007	-0.000625
-5.69119e-007	-0.00125
-5.68619e-007	-0.000625
-5.68119e-007	0
-5.67619e-007	0
-5.67119e-007	-0.00125
-5.66619e-007	-0.000625
-5.66119e-007	0
-5.65619e-007	-0.000625
-5.65119e-007	0.000625
-5.64619e-007	0.000625
-5.64119e-007	0.00125
-5.63619e-007	0.000625
-5.63119e-007	-0.000625
-5.62619e-007	0.00125
-5.62119e-007	0.00125
-5.61619e-007	0.001875
-5.61119e-007	0.000625
-5.60619e-007	-0.001875
-5.60119e-007	-0.0025
-5.59619e-007	-0.000625
-5.59119e-007	0.000625
-5.58619e-007	-0.000625
-5.58119e-007	-0.00125
-5.57619e-007	-0.00125
-5.57119e-007	-0.0025
-5.56619e-007	-0.00125
-5.56119e-007	0
-5.55619e-007	-0.000625
-5.55119e-007	0
-5.54619e-007	0
-5.54119e-007	0.000625
-5.53619e-007	0.000625
-5.53119e-007	0.00125
-5.52619e-007	0.00125
-5.52119e-007	0.00125
-5.51619e-007	0.00125
-5.51119e-007	0.000625
-5.50619e-007	-0.000625
-5.50119e-007	0.000625
-5.49619e-007	-0.000625
-5.49119e-007	0.000625
-5.48619e-007	0.000625
-5.48119e-007	-0.001875
-5.47619e-007	-0.00125
-5.47119e-007	0
-5.46619e-007	-0.00125
-5.46119e-007	-0.00125
-5.45619e-007	-0.000625
-5.45119e-007	-0.00125
-5.44619e-007	-0.00125
-5.44119e-007	-0.000625
-5.43619e-007	0
-5.43119e-007	0
-5.42619e-007	-0.000625
-5.42119e-007	-0.000625
-5.41619e-007	0.000625
-5.41119e-007	0.001875
-5.40619e-007	0.001875
-5.40119e-007	0
-5.39619e-007	-0.000625
-5.39119e-007	0.000625
-5.38619e-007	-0.000625
-5.38119e-007	-0.00125
-5.37619e-007	-0.00125
-5.37119e-007	0.000625
-5.36619e-007	0.000625
-5.36119e-007	-0.00125
-5.35619e-007	-0.000625
-5.35119e-007	0
-5.34619e-007	0.000625
-5.34119e-007	0.000625
-5.33619e-007	-0.00125
-5.33119e-007	-0.00125
-5.32619e-007	-0.000625
-5.32119e-007	-0.000625
-5.31619e-007	0
-5.31119e-007	0
-5.30619e-007	-0.000625
-5.30119e-007	-0.00125
-5.29619e-007	0
-5.29119e-007	0.000625
-5.28619e-007	0.000625
-5.28119e-007	-0.001875
-5.27619e-007	-0.00125
-5.27119e-007	0
-5.26619e-007	-0.001875
-5.26119e-007	-0.000625
-5.25619e-007	-0.000625
-5.25119e-007	0.000625
-5.24619e-007	0
-5.24119e-007	-0.00125
-5.23619e-007	0.000625
-5.23119e-007	-0.00125
-5.22619e-007	-0.00125
-5.22119e-007	-0.00125
-5.21619e-007	-0.000625
-5.21119e-007	-0.001875
-5.20619e-007	-0.00125
-5.20119e-007	-0.000625
-5.19619e-007	-0.000625
-5.19119e-007	0
-5.18619e-007	-0.000625
-5.18119e-007	-0.000625
-5.17619e-007	0.000625
-5.17119e-007	0.001875
-5.16619e-007	0
-5.16119e-007	0
-5.15619e-007	0
-5.15119e-007	0.000625
-5.14619e-007	0.000625
-5.14119e-007	-0.000625
-5.13619e-007	0.000625
-5.13119e-007	0
-5.12619e-007	-0.00125
-5.12119e-007	-0.00125
-5.11619e-007	0
-5.11119e-007	0
-5.10619e-007	-0.00125
-5.10119e-007	0
-5.09619e-007	0.00125
-5.09119e-007	0
-5.08619e-007	0
-5.08119e-007	0.000625
-5.07619e-007	0
-5.07119e-007	0.00125
-5.06619e-007	0.001875
-5.06119e-007	0.00125
-5.05619e-007	-0.000625
-5.05119e-007	0.000625
-5.04619e-007	0.00125
-5.04119e-007	0.000625
-5.03619e-007	0
-5.03119e-007	-0.00125
-5.02619e-007	-0.001875
-5.02119e-007	-0.000625
-5.01619e-007	-0.000625
-5.01119e-007	-0.000625
-5.00619e-007	-0.000625
-5.00119e-007	-0.000625
-4.99619e-007	0
-4.99119e-007	-0.000625
-4.98619e-007	0
-4.98119e-007	0.000625
-4.97619e-007	-0.000625
-4.97119e-007	0
-4.96619e-007	0
-4.96119e-007	0
-4.95619e-007	0.000625
-4.95119e-007	0.00125
-4.94619e-007	0.000625
-4.94119e-007	0.000625
-4.93619e-007	0.000625
-4.93119e-007	0.00125
-4.92619e-007	-0.001875
-4.92119e-007	-0.00125
-4.91619e-007	0.000625
-4.91119e-007	-0.001875
-4.90619e-007	-0.00125
-4.90119e-007	0
-4.89619e-007	-0.00125
-4.89119e-007	-0.0025
-4.88619e-007	-0.00125
-4.88119e-007	-0.000625
-4.87619e-007	0.000625
-4.87119e-007	-0.00125
-4.86619e-007	-0.001875
-4.86119e-007	0.000625
-4.85619e-007	0.000625
-4.85119e-007	0.00125
-4.84619e-007	0.000625
-4.84119e-007	0.000625
-4.83619e-007	0.00125
-4.83119e-007	0.00125
-4.82619e-007	0.000625
-4.82119e-007	0.00125
-4.81619e-007	0
-4.81119e-007	-0.000625
-4.80619e-007	-0.00125
-4.80119e-007	-0.00125
-4.79619e-007	-0.000625
-4.79119e-007	-0.000625
-4.78619e-007	-0.00125
-4.78119e-007	-0.001875
-4.77619e-007	-0.001875
-4.77119e-007	-0.000625
-4.76619e-007	-0.000625
-4.76119e-007	-0.000625
-4.75619e-007	0
-4.75119e-007	0.000625
-4.74619e-007	0.000625
-4.74119e-007	0
-4.73619e-007	0
-4.73119e-007	-0.000625
-4.72619e-007	0.00125
-4.72119e-007	0.00125
-4.71619e-007	0.000625
-4.71119e-007	0.00125
-4.70619e-007	0
-4.70119e-007	-0.00125
-4.69619e-007	-0.00125
-4.69119e-007	-0.000625
-4.68619e-007	-0.00125
-4.68119e-007	-0.00125
-4.67619e-007	-0.000625
-4.67119e-007	-0.00125
-4.66619e-007	-0.00125
-4.66119e-007	-0.000625
-4.65619e-007	0
-4.65119e-007	-0.000625
-4.64619e-007	0.000625
-4.64119e-007	0.0025
-4.63619e-007	0.001875
-4.63119e-007	0
-4.62619e-007	-0.000625
-4.62119e-007	0.001875
-4.61619e-007	0.001875
-4.61119e-007	0
-4.60619e-007	0.000625
-4.60119e-007	0.000625
-4.59619e-007	-0.000625
-4.59119e-007	0
-4.58619e-007	-0.000625
-4.58119e-007	-0.000625
-4.57619e-007	-0.000625
-4.57119e-007	-0.001875
-4.56619e-007	-0.000625
-4.56119e-007	0.000625
-4.55619e-007	-0.00125
-4.55119e-007	-0.0025
-4.54619e-007	0
-4.54119e-007	0
-4.53619e-007	-0.000625
-4.53119e-007	-0.000625
-4.52619e-007	0.001875
-4.52119e-007	0.003125
-4.51619e-007	0
-4.51119e-007	0
-4.50619e-007	0.000625
-4.50119e-007	0.00125
-4.49619e-007	0.000625
-4.49119e-007	0
-4.48619e-007	-0.000625
-4.48119e-007	-0.00125
-4.47619e-007	-0.0025
-4.47119e-007	-0.00125
-4.46619e-007	0.000625
-4.46119e-007	0.000625
-4.45619e-007	-0.001875
-4.45119e-007	-0.0025
-4.44619e-007	0.000625
-4.44119e-007	0.000625
-4.43619e-007	-0.000625
-4.43119e-007	0.000625
-4.42619e-007	0.001875
-4.42119e-007	0.00125
-4.41619e-007	0.000625
-4.41119e-007	0.000625
-4.40619e-007	-0.000625
-4.40119e-007	-0.000625
-4.39619e-007	0.000625
-4.39119e-007	0.00125
-4.38619e-007	0.001875
-4.38119e-007	0
-4.37619e-007	-0.000625
-4.37119e-007	-0.000625
-4.36619e-007	-0.000625
-4.36119e-007	-0.000625
-4.35619e-007	0
-4.35119e-007	-0.000625
-4.34619e-007	-0.001875
-4.34119e-007	-0.000625
-4.33619e-007	0.000625
-4.33119e-007	-0.000625
-4.32619e-007	-0.00125
-4.32119e-007	0
-4.31619e-007	0
-4.31119e-007	-0.000625
-4.30619e-007	0.001875
-4.30119e-007	0.000625
-4.29619e-007	0.000625
-4.29119e-007	0.000625
-4.28619e-007	-0.000625
-4.28119e-007	0.00125
-4.27619e-007	0.000625
-4.27119e-007	-0.000625
-4.26619e-007	-0.00125
-4.26119e-007	0.000625
-4.25619e-007	0
-4.25119e-007	-0.000625
-4.24619e-007	-0.000625
-4.24119e-007	0.000625
-4.23619e-007	-0.00125
-4.23119e-007	-0.003125
-4.22619e-007	-0.001875
-4.22119e-007	0
-4.21619e-007	0.000625
-4.21119e-007	0
-4.20619e-007	0
-4.20119e-007	0
-4.19619e-007	0
-4.19119e-007	0.000625
-4.18619e-007	-0.000625
-4.18119e-007	0
-4.17619e-007	0.001875
-4.17119e-007	0.000625
-4.16619e-007	-0.000625
-4.16119e-007	0.000625
-4.15619e-007	0.000625
-4.15119e-007	0
-4.14619e-007	-0.000625
-4.14119e-007	0
-4.13619e-007	-0.000625
-4.13119e-007	0
-4.12619e-007	-0.000625
-4.12119e-007	0
-4.11619e-007	-0.000625
-4.11119e-007	-0.00125
-4.10619e-007	-0.00125
-4.10119e-007	0
-4.09619e-007	0.00125
-4.09119e-007	0.000625
-4.08619e-007	0.000625
-4.08119e-007	0.00125
-4.07619e-007	0.00125
-4.07119e-007	0.000625
-4.06619e-007	-0.000625
-4.06119e-007	0.000625
-4.05619e-007	0.00125
-4.05119e-007	0
-4.04619e-007	0.000625
-4.04119e-007	0.00125
-4.03619e-007	0
-4.03119e-007	-0.000625
-4.02619e-007	-0.000625
-4.02119e-007	0
-4.01619e-007	-0.000625
-4.01119e-007	0.000625
-4.00619e-007	0.000625
-4.00119e-007	-0.000625
-3.99619e-007	-0.000625
-3.99119e-007	-0.000625
-3.98619e-007	-0.000625
-3.98119e-007	-0.000625
-3.97619e-007	0.000625
-3.97119e-007	0
-3.96619e-007	0.000625
-3.96119e-007	0.000625
-3.95619e-007	-0.000625
-3.95119e-007	0
-3.94619e-007	0.00125
-3.94119e-007	-0.000625
-3.93619e-007	0
-3.93119e-007	0.001875
-3.92619e-007	0
-3.92119e-007	0
-3.91619e-007	0.000625
-3.91119e-007	0
-3.90619e-007	-0.000625
-3.90119e-007	-0.001875
-3.89619e-007	-0.000625
-3.89119e-007	0.000625
-3.88619e-007	0.000625
-3.88119e-007	-0.000625
-3.87619e-007	0.000625
-3.87119e-007	0.00125
-3.86619e-007	0
-3.86119e-007	0.000625
-3.85619e-007	0
-3.85119e-007	0
-3.84619e-007	-0.000625
-3.84119e-007	-0.000625
-3.83619e-007	0.000625
-3.83119e-007	0.001875
-3.82619e-007	0
-3.82119e-007	-0.000625
-3.81619e-007	0.000625
-3.81119e-007	0
-3.80619e-007	-0.0025
-3.80119e-007	0
-3.79619e-007	0
-3.79119e-007	-0.00125
-3.78619e-007	-0.000625
-3.78119e-007	-0.000625
-3.77619e-007	0
-3.77119e-007	0
-3.76619e-007	-0.000625
-3.76119e-007	0
-3.75619e-007	0.000625
-3.75119e-007	0
-3.74619e-007	-0.000625
-3.74119e-007	0
-3.73619e-007	0.00125
-3.73119e-007	0
-3.72619e-007	0.000625
-3.72119e-007	0.00125
-3.71619e-007	-0.000625
-3.71119e-007	0.000625
-3.70619e-007	0.00125
-3.70119e-007	0.000625
-3.69619e-007	0
-3.69119e-007	-0.001875
-3.68619e-007	-0.000625
-3.68119e-007	0
-3.67619e-007	0
-3.67119e-007	0
-3.66619e-007	-0.000625
-3.66119e-007	-0.000625
-3.65619e-007	0
-3.65119e-007	0.000625
-3.64619e-007	-0.000625
-3.64119e-007	0
-3.63619e-007	-0.000625
-3.63119e-007	0
-3.62619e-007	0.000625
-3.62119e-007	0.00125
-3.61619e-007	0.00125
-3.61119e-007	0.000625
-3.60619e-007	-0.000625
-3.60119e-007	0.000625
-3.59619e-007	-0.000625
-3.59119e-007	0.00125
-3.58619e-007	0.00125
-3.58119e-007	-0.000625
-3.57619e-007	-0.000625
-3.57119e-007	0.00125
-3.56619e-007	0.000625
-3.56119e-007	0.000625
-3.55619e-007	0.000625
-3.55119e-007	0.000625
-3.54619e-007	-0.00125
-3.54119e-007	-0.001875
-3.53619e-007	-0.000625
-3.53119e-007	0
-3.52619e-007	0.000625
-3.52119e-007	0.00125
-3.51619e-007	0.00125
-3.51119e-007	0.001875
-3.50619e-007	0.00125
-3.50119e-007	0.000625
-3.49619e-007	0.00125
-3.49119e-007	0
-3.48619e-007	0.00125
-3.48119e-007	0.001875
-3.47619e-007	0.00125
-3.47119e-007	0.00125
-3.46619e-007	0
-3.46119e-007	-0.000625
-3.45619e-007	0
-3.45119e-007	0.000625
-3.44619e-007	-0.00125
-3.44119e-007	-0.00125
-3.43619e-007	0
-3.43119e-007	0.000625
-3.42619e-007	0
-3.42119e-007	0.000625
-3.41619e-007	-0.000625
-3.41119e-007	-0.000625
-3.40619e-007	0
-3.40119e-007	0.000625
-3.39619e-007	0.00125
-3.39119e-007	0
-3.38619e-007	0.000625
-3.38119e-007	0.00125
-3.37619e-007	0.000625
-3.37119e-007	0.000625
-3.36619e-007	0.000625
-3.36119e-007	0
-3.35619e-007	-0.000625
-3.35119e-007	0
-3.34619e-007	-0.000625
-3.34119e-007	-0.00125
-3.33619e-007	-0.000625
-3.33119e-007	-0.000625
-3.32619e-007	-0.00125
-3.32119e-007	0.000625
-3.31619e-007	-0.000625
-3.31119e-007	-0.00125
-3.30619e-007	-0.000625
-3.30119e-007	0.000625
-3.29619e-007	0.001875
-3.29119e-007	0.00125
-3.28619e-007	0.00125
-3.28119e-007	0.00125
-3.27619e-007	0.00125
-3.27119e-007	-0.000625
-3.26619e-007	0
-3.26119e-007	0.001875
-3.25619e-007	0.00125
-3.25119e-007	-0.000625
-3.24619e-007	0
-3.24119e-007	0
-3.23619e-007	0
-3.23119e-007	0
-3.22619e-007	-0.00125
-3.22119e-007	-0.000625
-3.21619e-007	-0.001875
-3.21119e-007	-0.000625
-3.20619e-007	0.001875
-3.20119e-007	0.001875
-3.19619e-007	0.000625
-3.19119e-007	0.000625
-3.18619e-007	0.000625
-3.18119e-007	0.000625
-3.17619e-007	-0.000625
-3.17119e-007	-0.000625
-3.16619e-007	-0.000625
-3.16119e-007	0.00125
-3.15619e-007	0.000625
-3.15119e-007	-0.000625
-3.14619e-007	0.000625
-3.14119e-007	0
-3.13619e-007	0
-3.13119e-007	-0.00125
-3.12619e-007	-0.000625
-3.12119e-007	0
-3.11619e-007	-0.001875
-3.11119e-007	0
-3.10619e-007	0.00125
-3.10119e-007	-0.000625
-3.09619e-007	-0.000625
-3.09119e-007	0.00125
-3.08619e-007	0.000625
-3.08119e-007	0
-3.07619e-007	-0.000625
-3.07119e-007	0
-3.06619e-007	0.000625
-3.06119e-007	0.000625
-3.05619e-007	0.000625
-3.05119e-007	0
-3.04619e-007	0.00125
-3.04119e-007	-0.000625
-3.03619e-007	-0.001875
-3.03119e-007	-0.000625
-3.02619e-007	0
-3.02119e-007	0
-3.01619e-007	-0.000625
-3.01119e-007	-0.001875
-3.00619e-007	0.00125
-3.00119e-007	0.00125
-2.99619e-007	0
-2.99119e-007	-0.000625
-2.98619e-007	-0.000625
-2.98119e-007	0.000625
-2.97619e-007	0.000625
-2.97119e-007	0
-2.96619e-007	0.000625
-2.96119e-007	0.001875
-2.95619e-007	0
-2.95119e-007	0
-2.94619e-007	0.000625
-2.94119e-007	-0.000625
-2.93619e-007	-0.000625
-2.93119e-007	0
-2.92619e-007	-0.00125
-2.92119e-007	0.000625
-2.91619e-007	0.00125
-2.91119e-007	-0.000625
-2.90619e-007	-0.00125
-2.90119e-007	0
-2.89619e-007	0
-2.89119e-007	-0.000625
-2.88619e-007	-0.000625
-2.88119e-007	0.00125
-2.87619e-007	0.000625
-2.87119e-007	0.000625
-2.86619e-007	-0.000625
-2.86119e-007	0.000625
-2.85619e-007	0.001875
-2.85119e-007	-0.00125
-2.84619e-007	-0.00125
-2.84119e-007	0
-2.83619e-007	0
-2.83119e-007	-0.000625
-2.82619e-007	0.000625
-2.82119e-007	0
-2.81619e-007	-0.00125
-2.81119e-007	0
-2.80619e-007	0
-2.80119e-007	-0.000625
-2.79619e-007	0
-2.79119e-007	-0.000625
-2.78619e-007	-0.000625
-2.78119e-007	0
-2.77619e-007	0.000625
-2.77119e-007	0
-2.76619e-007	-0.000625
-2.76119e-007	0.000625
-2.75619e-007	0.000625
-2.75119e-007	0
-2.74619e-007	-0.000625
-2.74119e-007	0.000625
-2.73619e-007	0.000625
-2.73119e-007	-0.000625
-2.72619e-007	0
-2.72119e-007	0
-2.71619e-007	-0.000625
-2.71119e-007	0.000625
-2.70619e-007	0
-2.70119e-007	0.000625
-2.69619e-007	0.00125
-2.69119e-007	0.000625
-2.68619e-007	-0.001875
-2.68119e-007	-0.00125
-2.67619e-007	0.000625
-2.67119e-007	0.000625
-2.66619e-007	0.000625
-2.66119e-007	0.000625
-2.65619e-007	0
-2.65119e-007	0.000625
-2.64619e-007	0
-2.64119e-007	0.000625
-2.63619e-007	0.00125
-2.63119e-007	0.000625
-2.62619e-007	0.000625
-2.62119e-007	-0.000625
-2.61619e-007	0.000625
-2.61119e-007	0
-2.60619e-007	0.000625
-2.60119e-007	0.000625
-2.59619e-007	0.000625
-2.59119e-007	0.00125
-2.58619e-007	0.00125
-2.58119e-007	0.00125
-2.57619e-007	0.000625
-2.57119e-007	0
-2.56619e-007	0.000625
-2.56119e-007	-0.00125
-2.55619e-007	-0.000625
-2.55119e-007	0
-2.54619e-007	-0.000625
-2.54119e-007	0.000625
-2.53619e-007	0.000625
-2.53119e-007	0.00125
-2.52619e-007	0.00125
-2.52119e-007	0.000625
-2.51619e-007	0.000625
-2.51119e-007	-0.000625
-2.50619e-007	-0.000625
-2.50119e-007	0.001875
-2.49619e-007	0.000625
-2.49119e-007	0.00125
-2.48619e-007	0.000625
-2.48119e-007	0.000625
-2.47619e-007	0
-2.47119e-007	-0.000625
-2.46619e-007	0
-2.46119e-007	0.000625
-2.45619e-007	0.000625
-2.45119e-007	-0.00125
-2.44619e-007	-0.000625
-2.44119e-007	0.001875
-2.43619e-007	0
-2.43119e-007	-0.000625
-2.42619e-007	0.000625
-2.42119e-007	0
-2.41619e-007	0.000625
-2.41119e-007	-0.00125
-2.40619e-007	0
-2.40119e-007	-0.000625
-2.39619e-007	0
-2.39119e-007	0.000625
-2.38619e-007	-0.000625
-2.38119e-007	0.000625
-2.37619e-007	0.00125
-2.37119e-007	-0.000625
-2.36619e-007	0.000625
-2.36119e-007	0.000625
-2.35619e-007	0
-2.35119e-007	0.0025
-2.34619e-007	0.001875
-2.34119e-007	-0.00125
-2.33619e-007	-0.000625
-2.33119e-007	0.0025
-2.32619e-007	0.000625
-2.32119e-007	-0.00125
-2.31619e-007	-0.000625
-2.31119e-007	0
-2.30619e-007	0
-2.30119e-007	0
-2.29619e-007	0.00125
-2.29119e-007	0.001875
-2.28619e-007	-0.000625
-2.28119e-007	-0.000625
-2.27619e-007	0
-2.27119e-007	0
-2.26619e-007	0.000625
-2.26119e-007	0.00125
-2.25619e-007	0.000625
-2.25119e-007	0.000625
-2.24619e-007	0.001875
-2.24119e-007	0.000625
-2.23619e-007	-0.001875
-2.23119e-007	0.000625
-2.22619e-007	0.0025
-2.22119e-007	0.00125
-2.21619e-007	0
-2.21119e-007	0
-2.20619e-007	0.000625
-2.20119e-007	0
-2.19619e-007	0.000625
-2.19119e-007	0.00125
-2.18619e-007	0.001875
-2.18119e-007	0.00125
-2.17619e-007	0.00125
-2.17119e-007	0
-2.16619e-007	0.000625
-2.16119e-007	0.001875
-2.15619e-007	0.00125
-2.15119e-007	-0.00125
-2.14619e-007	-0.000625
-2.14119e-007	0.00125
-2.13619e-007	0.000625
-2.13119e-007	-0.000625
-2.12619e-007	0
-2.12119e-007	0.000625
-2.11619e-007	0.000625
-2.11119e-007	0.00125
-2.10619e-007	0.00125
-2.10119e-007	0.000625
-2.09619e-007	0.000625
-2.09119e-007	0
-2.08619e-007	-0.000625
-2.08119e-007	0.00125
-2.07619e-007	0.00125
-2.07119e-007	0.000625
-2.06619e-007	0
-2.06119e-007	0.000625
-2.05619e-007	0.000625
-2.05119e-007	0.001875
-2.04619e-007	0
-2.04119e-007	-0.00125
-2.03619e-007	-0.00125
-2.03119e-007	-0.000625
-2.02619e-007	0.000625
-2.02119e-007	0.001875
-2.01619e-007	0
-2.01119e-007	0
-2.00619e-007	0.001875
-2.00119e-007	0.000625
-1.99619e-007	0.000625
-1.99119e-007	0.000625
-1.98619e-007	0.00125
-1.98119e-007	0.000625
-1.97619e-007	0
-1.97119e-007	-0.00125
-1.96619e-007	0
-1.96119e-007	0.00125
-1.95619e-007	0.000625
-1.95119e-007	0
-1.94619e-007	0
-1.94119e-007	-0.0025
-1.93619e-007	-0.000625
-1.93119e-007	0.00125
-1.92619e-007	0
-1.92119e-007	0
-1.91619e-007	0
-1.91119e-007	0
-1.90619e-007	0.000625
-1.90119e-007	0.00125
-1.89619e-007	0.000625
-1.89119e-007	-0.000625
-1.88619e-007	0.001875
-1.88119e-007	0.001875
-1.87619e-007	0
-1.87119e-007	0.00125
-1.86619e-007	0.00125
-1.86119e-007	0.00125
-1.85619e-007	0.000625
-1.85119e-007	-0.000625
-1.84619e-007	-0.00125
-1.84119e-007	-0.000625
-1.83619e-007	0.000625
-1.83119e-007	-0.00125
-1.82619e-007	0
-1.82119e-007	0.000625
-1.81619e-007	0
-1.81119e-007	0.000625
-1.80619e-007	0
-1.80119e-007	0
-1.79619e-007	0.00125
-1.79119e-007	0.000625
-1.78619e-007	0.00125
-1.78119e-007	0.003125
-1.77619e-007	0.001875
-1.77119e-007	0.000625
-1.76619e-007	0.00125
-1.76119e-007	0.00125
-1.75619e-007	-0.000625
-1.75119e-007	-0.001875
-1.74619e-007	-0.000625
-1.74119e-007	0.00125
-1.73619e-007	0.00125
-1.73119e-007	-0.000625
-1.72619e-007	-0.000625
-1.72119e-007	-0.00125
-1.71619e-007	-0.000625
-1.71119e-007	0.000625
-1.70619e-007	0
-1.70119e-007	-0.000625
-1.69619e-007	0.00125
-1.69119e-007	0.000625
-1.68619e-007	0
-1.68119e-007	0.000625
-1.67619e-007	0.0025
-1.67119e-007	0.00125
-1.66619e-007	-0.000625
-1.66119e-007	0.0025
-1.65619e-007	0.000625
-1.65119e-007	-0.000625
-1.64619e-007	-0.000625
-1.64119e-007	-0.000625
-1.63619e-007	-0.000625
-1.63119e-007	0.000625
-1.62619e-007	0.000625
-1.62119e-007	0
-1.61619e-007	-0.00125
-1.61119e-007	-0.001875
-1.60619e-007	-0.000625
-1.60119e-007	0.000625
-1.59619e-007	0
-1.59119e-007	0.000625
-1.58619e-007	0.000625
-1.58119e-007	0
-1.57619e-007	0.00125
-1.57119e-007	0.001875
-1.56619e-007	0.000625
-1.56119e-007	0
-1.55619e-007	0.000625
-1.55119e-007	0.000625
-1.54619e-007	0.00125
-1.54119e-007	0.000625
-1.53619e-007	-0.000625
-1.53119e-007	-0.00125
-1.52619e-007	0.000625
-1.52119e-007	-0.000625
-1.51619e-007	-0.00125
-1.51119e-007	0.000625
-1.50619e-007	0.000625
-1.50119e-007	0.000625
-1.49619e-007	-0.000625
-1.49119e-007	-0.00125
-1.48619e-007	0
-1.48119e-007	0.00125
-1.47619e-007	0.00125
-1.47119e-007	0.000625
-1.46619e-007	0.000625
-1.46119e-007	0.000625
-1.45619e-007	0.000625
-1.45119e-007	0.001875
-1.44619e-007	0.000625
-1.44119e-007	0.000625
-1.43619e-007	0
-1.43119e-007	0
-1.42619e-007	0
-1.42119e-007	0.00125
-1.41619e-007	0.000625
-1.41119e-007	-0.000625
-1.40619e-007	0
-1.40119e-007	0.00125
-1.39619e-007	-0.00125
-1.39119e-007	-0.00125
-1.38619e-007	-0.000625
-1.38119e-007	0
-1.37619e-007	0.001875
-1.37119e-007	0.000625
-1.36619e-007	0.00125
-1.36119e-007	0.001875
-1.35619e-007	0.00125
-1.35119e-007	0.001875
-1.34619e-007	0.000625
-1.34119e-007	0.000625
-1.33619e-007	0.001875
-1.33119e-007	0.000625
-1.32619e-007	0.000625
-1.32119e-007	0.000625
-1.31619e-007	0.001875
-1.31119e-007	0.000625
-1.30619e-007	-0.000625
-1.30119e-007	-0.000625
-1.29619e-007	-0.000625
-1.29119e-007	0
-1.28619e-007	-0.00125
-1.28119e-007	-0.001875
-1.27619e-007	0
-1.27119e-007	0
-1.26619e-007	-0.000625
-1.26119e-007	-0.000625
-1.25619e-007	-0.00125
-1.25119e-007	0.00125
-1.24619e-007	0.00125
-1.24119e-007	0.000625
-1.23619e-007	0.00125
-1.23119e-007	0.001875
-1.22619e-007	0.000625
-1.22119e-007	0.00125
-1.21619e-007	0.0025
-1.21119e-007	0
-1.20619e-007	-0.001875
-1.20119e-007	0.000625
-1.19619e-007	0.000625
-1.19119e-007	-0.00125
-1.18619e-007	-0.0025
-1.18119e-007	-0.000625
-1.17619e-007	-0.000625
-1.17119e-007	-0.00125
-1.16619e-007	0
-1.16119e-007	0
-1.15619e-007	0.000625
-1.15119e-007	0.000625
-1.14619e-007	-0.000625
-1.14119e-007	0.001875
-1.13619e-007	0.001875
-1.13119e-007	0.000625
-1.12619e-007	0.000625
-1.12119e-007	-0.000625
-1.11619e-007	0.001875
-1.11119e-007	0.001875
-1.10619e-007	0.000625
-1.10119e-007	0.000625
-1.09619e-007	0.00125
-1.09119e-007	0
-1.08619e-007	0.00125
-1.08119e-007	0.001875
-1.07619e-007	0.000625
-1.07119e-007	0.000625
-1.06619e-007	0.000625
-1.06119e-007	0.000625
-1.05619e-007	0.001875
-1.05119e-007	0.00125
-1.04619e-007	0.000625
-1.04119e-007	0
-1.03619e-007	0
-1.03119e-007	0.00125
-1.02619e-007	0.00125
-1.02119e-007	0.000625
-1.01619e-007	-0.00125
-1.01119e-007	0
-1.00619e-007	0.000625
-1.00119e-007	0.001875
-9.9619e-008	0.00125
-9.9119e-008	0.00125
-9.8619e-008	0
-9.8119e-008	0.00125
-9.7619e-008	0.000625
-9.7119e-008	0.000625
-9.6619e-008	0.00125
-9.6119e-008	0.00125
-9.5619e-008	0
-9.5119e-008	0.000625
-9.4619e-008	-0.000625
-9.4119e-008	0
-9.3619e-008	0.000625
-9.3119e-008	0
-9.2619e-008	-0.000625
-9.2119e-008	0
-9.1619e-008	0
-9.1119e-008	-0.000625
-9.0619e-008	0.00125
-9.0119e-008	0.00125
-8.9619e-008	0.001875
-8.9119e-008	0.00125
-8.8619e-008	0.000625
-8.8119e-008	0.00125
-8.7619e-008	0.001875
-8.7119e-008	0.00125
-8.6619e-008	0.001875
-8.6119e-008	0
-8.5619e-008	-0.000625
-8.5119e-008	-0.000625
-8.4619e-008	-0.000625
-8.4119e-008	0
-8.3619e-008	0
-8.3119e-008	0
-8.2619e-008	-0.000625
-8.2119e-008	-0.000625
-8.1619e-008	-0.00125
-8.1119e-008	-0.000625
-8.0619e-008	0.000625
-8.0119e-008	0.000625
-7.9619e-008	-0.00125
-7.9119e-008	-0.000625
-7.8619e-008	0.000625
-7.8119e-008	0.001875
-7.7619e-008	0.000625
-7.7119e-008	0.00125
-7.6619e-008	0.00125
-7.6119e-008	0.001875
-7.5619e-008	0.000625
-7.5119e-008	0
-7.4619e-008	-0.000625
-7.4119e-008	0.000625
-7.3619e-008	-0.000625
-7.3119e-008	-0.000625
-7.2619e-008	-0.000625
-7.2119e-008	-0.00125
-7.1619e-008	-0.001875
-7.1119e-008	-0.000625
-7.0619e-008	0.000625
-7.0119e-008	-0.00125
-6.9619e-008	-0.001875
-6.9119e-008	-0.000625
-6.8619e-008	0.00125
-6.8119e-008	0.000625
-6.7619e-008	0.00125
-6.7119e-008	0.00125
-6.6619e-008	0.00125
-6.6119e-008	0.00125
-6.5619e-008	0.00125
-6.5119e-008	0.000625
-6.4619e-008	0.00125
-6.4119e-008	0.000625
-6.3619e-008	0.000625
-6.3119e-008	0.00125
-6.2619e-008	-0.000625
-6.2119e-008	-0.00125
-6.1619e-008	0
-6.1119e-008	-0.00125
-6.0619e-008	-0.001875
-6.0119e-008	0
-5.9619e-008	-0.000625
-5.9119e-008	-0.000625
-5.8619e-008	-0.00125
-5.8119e-008	0.000625
-5.7619e-008	0
-5.7119e-008	0.000625
-5.6619e-008	0.000625
-5.6119e-008	0.000625
-5.5619e-008	0.00125
-5.5119e-008	0.0025
-5.4619e-008	0.000625
-5.4119e-008	0.001875
-5.3619e-008	0.001875
-5.3119e-008	0.000625
-5.2619e-008	0
-5.2119e-008	-0.000625
-5.1619e-008	-0.00125
-5.1119e-008	-0.000625
-5.0619e-008	-0.001875
-5.0119e-008	-0.001875
-4.9619e-008	0.000625
-4.9119e-008	0
-4.8619e-008	-0.000625
-4.8119e-008	0.000625
-4.7619e-008	0.000625
-4.7119e-008	-0.000625
-4.6619e-008	0.000625
-4.6119e-008	0.001875
-4.5619e-008	0.001875
-4.5119e-008	0.000625
-4.4619e-008	0.001875
-4.4119e-008	0.001875
-4.3619e-008	0.000625
-4.3119e-008	0
-4.2619e-008	0.000625
-4.2119e-008	0.000625
-4.1619e-008	0.000625
-4.1119e-008	-0.000625
-4.0619e-008	-0.000625
-4.0119e-008	-0.000625
-3.9619e-008	-0.00125
-3.9119e-008	-0.00125
-3.8619e-008	-0.000625
-3.8119e-008	0
-3.7619e-008	0
-3.7119e-008	0
-3.6619e-008	-0.000625
-3.6119e-008	0.00125
-3.5619e-008	0.00125
-3.5119e-008	0.00125
-3.4619e-008	0.000625
-3.4119e-008	0.000625
-3.3619e-008	0.00125
-3.3119e-008	0.001875
-3.2619e-008	0.00125
-3.2119e-008	0.000625
-3.1619e-008	0
-3.1119e-008	-0.000625
-3.0619e-008	-0.00125
-3.0119e-008	0
-2.9619e-008	0
-2.9119e-008	-0.00125
-2.8619e-008	-0.001875
-2.8119e-008	-0.00125
-2.7619e-008	-0.000625
-2.7119e-008	0
-2.6619e-008	0.000625
-2.6119e-008	0.000625
-2.5619e-008	0.001875
-2.5119e-008	0.000625
-2.4619e-008	0.000625
-2.4119e-008	0.00125
-2.3619e-008	0.00125
-2.3119e-008	0.001875
-2.2619e-008	0.001875
-2.2119e-008	0.000625
-2.1619e-008	0.00125
-2.1119e-008	0.001875
-2.0619e-008	0.000625
-2.0119e-008	-0.00125
-1.9619e-008	-0.001875
-1.9119e-008	-0.00125
-1.8619e-008	0.000625
-1.8119e-008	-0.000625
-1.7619e-008	-0.000625
-1.7119e-008	-0.00125
-1.6619e-008	-0.00125
-1.6119e-008	-0.0025
-1.5619e-008	-0.00375
-1.5119e-008	-0.005
-1.4619e-008	-0.008125
-1.4119e-008	-0.013125
-1.3619e-008	-0.015625
-1.3119e-008	-0.020625
-1.2619e-008	-0.02625
-1.2119e-008	-0.028125
-1.1619e-008	-0.029375
-1.1119e-008	-0.03
-1.0619e-008	-0.0325
-1.0119e-008	-0.034375
-9.619e-009	-0.034375
-9.119e-009	-0.035
-8.619e-009	-0.0375
-8.119e-009	-0.03875
-7.619e-009	-0.040625
-7.119e-009	-0.041875
-6.619e-009	-0.0425
-6.119e-009	-0.044375
-5.619e-009	-0.046875
-5.119e-009	-0.049375
-4.619e-009	-0.049375
-4.119e-009	-0.050625
-3.619e-009	-0.0525
-3.119e-009	-0.0525
-2.619e-009	-0.0525
-2.119e-009	-0.051875
-1.619e-009	-0.051875
-1.119e-009	-0.053125
-6.19e-010	-0.05375
-1.19e-010	-0.055625
3.81e-010	-0.0575
8.81e-010	-0.056875
1.381e-009	-0.054375
1.881e-009	-0.055
2.381e-009	-0.054375
2.881e-009	-0.0525
3.381e-009	-0.051875
3.881e-009	-0.050625
4.381e-009	-0.05125
4.881e-009	-0.051875
5.381e-009	-0.05125
5.881e-009	-0.05
6.381e-009	-0.050625
6.881e-009	-0.05125
7.381e-009	-0.051875
7.881e-009	-0.05125
8.381e-009	-0.05125
8.881e-009	-0.05125
9.381e-009	-0.053125
9.881e-009	-0.05375
1.0381e-008	-0.0525
1.0881e-008	-0.05125
1.1381e-008	-0.051875
1.1881e-008	-0.05125
1.2381e-008	-0.05
1.2881e-008	-0.050625
1.3381e-008	-0.053125
1.3881e-008	-0.0525
1.4381e-008	-0.05125
1.4881e-008	-0.050625
1.5381e-008	-0.05125
1.5881e-008	-0.053125
1.6381e-008	-0.053125
1.6881e-008	-0.0525
1.7381e-008	-0.054375
1.7881e-008	-0.055
1.8381e-008	-0.05625
1.8881e-008	-0.058125
1.9381e-008	-0.0575
1.9881e-008	-0.058125
2.0381e-008	-0.0575
2.0881e-008	-0.0575
2.1381e-008	-0.058125
2.1881e-008	-0.06
2.2381e-008	-0.0575
2.2881e-008	-0.056875
2.3381e-008	-0.0575
2.3881e-008	-0.05875
2.4381e-008	-0.06
2.4881e-008	-0.05875
2.5381e-008	-0.0575
2.5881e-008	-0.059375
2.6381e-008	-0.06
2.6881e-008	-0.05875
2.7381e-008	-0.058125
2.7881e-008	-0.06
2.8381e-008	-0.05875
2.8881e-008	-0.0575
2.9381e-008	-0.05875
2.9881e-008	-0.059375
3.0381e-008	-0.05875
3.0881e-008	-0.059375
3.1381e-008	-0.059375
3.1881e-008	-0.06
3.2381e-008	-0.06
3.2881e-008	-0.06
3.3381e-008	-0.06
3.3881e-008	-0.058125
3.4381e-008	-0.058125
3.4881e-008	-0.060625
3.5381e-008	-0.059375
3.5881e-008	-0.05875
3.6381e-008	-0.060625
3.6881e-008	-0.060625
3.7381e-008	-0.06125
3.7881e-008	-0.06125
3.8381e-008	-0.06
3.8881e-008	-0.061875
3.9381e-008	-0.061875
3.9881e-008	-0.060625
4.0381e-008	-0.06125
4.0881e-008	-0.061875
4.1381e-008	-0.060625
4.1881e-008	-0.06125
4.2381e-008	-0.063125
4.2881e-008	-0.061875
4.3381e-008	-0.06125
4.3881e-008	-0.061875
4.4381e-008	-0.0625
4.4881e-008	-0.061875
4.5381e-008	-0.061875
4.5881e-008	-0.0625
4.6381e-008	-0.06125
4.6881e-008	-0.06125
4.7381e-008	-0.063125
4.7881e-008	-0.063125
4.8381e-008	-0.06375
4.8881e-008	-0.0625
4.9381e-008	-0.0625
4.9881e-008	-0.064375
5.0381e-008	-0.063125
5.0881e-008	-0.06125
5.1381e-008	-0.063125
5.1881e-008	-0.061875
5.2381e-008	-0.061875
5.2881e-008	-0.063125
5.3381e-008	-0.0625
5.3881e-008	-0.06375
5.4381e-008	-0.064375
5.4881e-008	-0.0625
5.5381e-008	-0.063125
5.5881e-008	-0.063125
5.6381e-008	-0.063125
5.6881e-008	-0.064375
5.7381e-008	-0.064375
5.7881e-008	-0.06375
5.8381e-008	-0.06375
5.8881e-008	-0.06375
5.9381e-008	-0.064375
5.9881e-008	-0.061875
6.0381e-008	-0.060625
6.0881e-008	-0.0625
6.1381e-008	-0.063125
6.1881e-008	-0.0625
6.2381e-008	-0.0625
6.2881e-008	-0.06375
6.3381e-008	-0.06375
6.3881e-008	-0.061875
6.4381e-008	-0.0625
6.4881e-008	-0.06375
6.5381e-008	-0.063125
6.5881e-008	-0.06375
6.6381e-008	-0.064375
6.6881e-008	-0.064375
6.7381e-008	-0.063125
6.7881e-008	-0.063125
6.8381e-008	-0.06375
6.8881e-008	-0.0625
6.9381e-008	-0.0625
6.9881e-008	-0.064375
7.0381e-008	-0.065625
7.0881e-008	-0.065
7.1381e-008	-0.06625
7.1881e-008	-0.064375
7.2381e-008	-0.065625
7.2881e-008	-0.064375
7.3381e-008	-0.063125
7.3881e-008	-0.06625
7.4381e-008	-0.06625
7.4881e-008	-0.06375
7.5381e-008	-0.066875
7.5881e-008	-0.065
7.6381e-008	-0.065
7.6881e-008	-0.06375
7.7381e-008	-0.065
7.7881e-008	-0.06375
7.8381e-008	-0.061875
7.8881e-008	-0.0625
7.9381e-008	-0.065
7.9881e-008	-0.065625
8.0381e-008	-0.064375
8.0881e-008	-0.0625
8.1381e-008	-0.0625
8.1881e-008	-0.0625
8.2381e-008	-0.0625
8.2881e-008	-0.064375
8.3381e-008	-0.064375
8.3881e-008	-0.063125
8.4381e-008	-0.065
8.4881e-008	-0.065
8.5381e-008	-0.064375
8.5881e-008	-0.064375
8.6381e-008	-0.064375
8.6881e-008	-0.06375
8.7381e-008	-0.06375
8.7881e-008	-0.06375
8.8381e-008	-0.0625
8.8881e-008	-0.06375
8.9381e-008	-0.063125
8.9881e-008	-0.063125
9.0381e-008	-0.06375
9.0881e-008	-0.063125
9.1381e-008	-0.063125
9.1881e-008	-0.063125
9.2381e-008	-0.0625
9.2881e-008	-0.0625
9.3381e-008	-0.063125
9.3881e-008	-0.06375
9.4381e-008	-0.065
9.4881e-008	-0.064375
9.5381e-008	-0.06375
9.5881e-008	-0.063125
9.6381e-008	-0.0625
9.6881e-008	-0.0625
9.7381e-008	-0.06375
9.7881e-008	-0.06375
9.8381e-008	-0.063125
9.8881e-008	-0.0625
9.9381e-008	-0.06375
9.9881e-008	-0.06375
1.00381e-007	-0.063125
1.00881e-007	-0.0625
1.01381e-007	-0.063125
1.01881e-007	-0.060625
1.02381e-007	-0.060625
1.02881e-007	-0.063125
1.03381e-007	-0.063125
1.03881e-007	-0.06125
1.04381e-007	-0.0625
1.04881e-007	-0.063125
1.05381e-007	-0.061875
1.05881e-007	-0.061875
1.06381e-007	-0.061875
1.06881e-007	-0.0625
1.07381e-007	-0.0625
1.07881e-007	-0.0625
1.08381e-007	-0.0625
1.08881e-007	-0.06125
1.09381e-007	-0.06
1.09881e-007	-0.061875
1.10381e-007	-0.061875
1.10881e-007	-0.06125
1.11381e-007	-0.061875
1.11881e-007	-0.06125
1.12381e-007	-0.06
1.12881e-007	-0.061875
1.13381e-007	-0.063125
1.13881e-007	-0.063125
1.14381e-007	-0.0625
1.14881e-007	-0.061875
1.15381e-007	-0.061875
1.15881e-007	-0.06
1.16381e-007	-0.061875
1.16881e-007	-0.0625
1.17381e-007	-0.061875
1.17881e-007	-0.061875
1.18381e-007	-0.061875
1.18881e-007	-0.06125
1.19381e-007	-0.06
1.19881e-007	-0.06
1.20381e-007	-0.061875
1.20881e-007	-0.0625
1.21381e-007	-0.061875
1.21881e-007	-0.06
1.22381e-007	-0.06125
1.22881e-007	-0.06125
1.23381e-007	-0.06
1.23881e-007	-0.06
1.24381e-007	-0.060625
1.24881e-007	-0.061875
1.25381e-007	-0.06125
1.25881e-007	-0.06125
1.26381e-007	-0.060625
1.26881e-007	-0.060625
1.27381e-007	-0.059375
1.27881e-007	-0.059375
1.28381e-007	-0.059375
1.28881e-007	-0.060625
1.29381e-007	-0.06125
1.29881e-007	-0.06125
1.30381e-007	-0.06
1.30881e-007	-0.059375
1.31381e-007	-0.059375
1.31881e-007	-0.061875
1.32381e-007	-0.060625
1.32881e-007	-0.06
1.33381e-007	-0.059375
1.33881e-007	-0.06125
1.34381e-007	-0.060625
1.34881e-007	-0.059375
1.35381e-007	-0.06
1.35881e-007	-0.060625
1.36381e-007	-0.059375
1.36881e-007	-0.06
1.37381e-007	-0.06125
1.37881e-007	-0.06
1.38381e-007	-0.058125
1.38881e-007	-0.06
1.39381e-007	-0.060625
1.39881e-007	-0.059375
1.40381e-007	-0.05875
1.40881e-007	-0.059375
1.41381e-007	-0.059375
1.41881e-007	-0.058125
1.42381e-007	-0.059375
1.42881e-007	-0.06
1.43381e-007	-0.0575
1.43881e-007	-0.06
1.44381e-007	-0.060625
1.44881e-007	-0.05875
1.45381e-007	-0.0575
1.45881e-007	-0.05875
1.46381e-007	-0.059375
1.46881e-007	-0.05875
1.47381e-007	-0.058125
1.47881e-007	-0.05875
1.48381e-007	-0.05875
1.48881e-007	-0.05875
1.49381e-007	-0.056875
1.49881e-007	-0.05875
1.50381e-007	-0.059375
1.50881e-007	-0.05875
1.51381e-007	-0.056875
1.51881e-007	-0.058125
1.52381e-007	-0.058125
1.52881e-007	-0.056875
1.53381e-007	-0.056875
1.53881e-007	-0.05875
1.54381e-007	-0.059375
1.54881e-007	-0.05875
1.55381e-007	-0.05625
1.55881e-007	-0.0575
1.56381e-007	-0.056875
1.56881e-007	-0.0575
1.57381e-007	-0.059375
1.57881e-007	-0.05875
1.58381e-007	-0.058125
1.58881e-007	-0.058125
1.59381e-007	-0.0575
1.59881e-007	-0.0575
1.60381e-007	-0.056875
1.60881e-007	-0.05625
1.61381e-007	-0.0575
1.61881e-007	-0.0575
1.62381e-007	-0.058125
1.62881e-007	-0.05875
1.63381e-007	-0.056875
1.63881e-007	-0.05625
1.64381e-007	-0.05625
1.64881e-007	-0.056875
1.65381e-007	-0.055625
1.65881e-007	-0.056875
1.66381e-007	-0.0575
1.66881e-007	-0.0575
1.67381e-007	-0.056875
1.67881e-007	-0.056875
1.68381e-007	-0.056875
1.68881e-007	-0.056875
1.69381e-007	-0.05625
1.69881e-007	-0.05625
1.70381e-007	-0.055625
1.70881e-007	-0.055
1.71381e-007	-0.055625
1.71881e-007	-0.05625
1.72381e-007	-0.056875
1.72881e-007	-0.05625
1.73381e-007	-0.05375
1.73881e-007	-0.055625
1.74381e-007	-0.05625
1.74881e-007	-0.056875
1.75381e-007	-0.055625
1.75881e-007	-0.054375
1.76381e-007	-0.055
1.76881e-007	-0.05625
1.77381e-007	-0.055
1.77881e-007	-0.055
1.78381e-007	-0.055625
1.78881e-007	-0.05625
1.79381e-007	-0.055625
1.79881e-007	-0.055
1.80381e-007	-0.055
1.80881e-007	-0.055
1.81381e-007	-0.054375
1.81881e-007	-0.053125
1.82381e-007	-0.055
1.82881e-007	-0.05625
1.83381e-007	-0.054375
1.83881e-007	-0.053125
1.84381e-007	-0.054375
1.84881e-007	-0.055
1.85381e-007	-0.055625
1.85881e-007	-0.055
1.86381e-007	-0.055625
1.86881e-007	-0.055
1.87381e-007	-0.053125
1.87881e-007	-0.053125
1.88381e-007	-0.05375
1.88881e-007	-0.055
1.89381e-007	-0.054375
1.89881e-007	-0.05375
1.90381e-007	-0.054375
1.90881e-007	-0.054375
1.91381e-007	-0.05375
1.91881e-007	-0.054375
1.92381e-007	-0.05375
1.92881e-007	-0.054375
1.93381e-007	-0.053125
1.93881e-007	-0.05375
1.94381e-007	-0.054375
1.94881e-007	-0.054375
1.95381e-007	-0.053125
1.95881e-007	-0.0525
1.96381e-007	-0.053125
1.96881e-007	-0.053125
1.97381e-007	-0.050625
1.97881e-007	-0.051875
1.98381e-007	-0.053125
1.98881e-007	-0.05375
1.99381e-007	-0.053125
1.99881e-007	-0.0525
2.00381e-007	-0.053125
2.00881e-007	-0.053125
2.01381e-007	-0.051875
2.01881e-007	-0.05
2.02381e-007	-0.050625
2.02881e-007	-0.053125
2.03381e-007	-0.053125
2.03881e-007	-0.0525
2.04381e-007	-0.051875
2.04881e-007	-0.0525
2.05381e-007	-0.053125
2.05881e-007	-0.050625
2.06381e-007	-0.051875
2.06881e-007	-0.0525
2.07381e-007	-0.05125
2.07881e-007	-0.050625
2.08381e-007	-0.050625
2.08881e-007	-0.05
2.09381e-007	-0.050625
2.09881e-007	-0.050625
2.10381e-007	-0.051875
2.10881e-007	-0.051875
2.11381e-007	-0.050625
2.11881e-007	-0.05125
2.12381e-007	-0.050625
2.12881e-007	-0.049375
2.13381e-007	-0.05
2.13881e-007	-0.0525
2.14381e-007	-0.053125
2.14881e-007	-0.05
2.15381e-007	-0.05
2.15881e-007	-0.05125
2.16381e-007	-0.05
2.16881e-007	-0.049375
2.17381e-007	-0.049375
2.17881e-007	-0.04875
2.18381e-007	-0.04875
2.18881e-007	-0.05125
2.19381e-007	-0.05125
2.19881e-007	-0.049375
2.20381e-007	-0.05
2.20881e-007	-0.049375
2.21381e-007	-0.049375
2.21881e-007	-0.05
2.22381e-007	-0.04875
2.22881e-007	-0.04875
2.23381e-007	-0.05
2.23881e-007	-0.05
2.24381e-007	-0.05
2.24881e-007	-0.05
2.25381e-007	-0.05125
2.25881e-007	-0.048125
2.26381e-007	-0.046875
2.26881e-007	-0.04875
2.27381e-007	-0.04875
2.27881e-007	-0.0475
2.28381e-007	-0.048125
2.28881e-007	-0.0475
2.29381e-007	-0.048125
2.29881e-007	-0.046875
2.30381e-007	-0.046875
2.30881e-007	-0.04875
2.31381e-007	-0.048125
2.31881e-007	-0.0475
2.32381e-007	-0.049375
2.32881e-007	-0.04875
2.33381e-007	-0.04875
2.33881e-007	-0.0475
2.34381e-007	-0.046875
2.34881e-007	-0.0475
2.35381e-007	-0.0475
2.35881e-007	-0.046875
2.36381e-007	-0.0475
2.36881e-007	-0.0475
2.37381e-007	-0.0475
2.37881e-007	-0.048125
2.38381e-007	-0.0475
2.38881e-007	-0.046875
2.39381e-007	-0.046875
2.39881e-007	-0.0475
2.40381e-007	-0.045625
2.40881e-007	-0.046875
2.41381e-007	-0.0475
2.41881e-007	-0.0475
2.42381e-007	-0.0475
2.42881e-007	-0.0475
2.43381e-007	-0.048125
2.43881e-007	-0.0475
2.44381e-007	-0.0475
2.44881e-007	-0.048125
2.45381e-007	-0.04875
2.45881e-007	-0.046875
2.46381e-007	-0.04625
2.46881e-007	-0.048125
2.47381e-007	-0.04625
2.47881e-007	-0.045
2.48381e-007	-0.045625
2.48881e-007	-0.045
2.49381e-007	-0.045
2.49881e-007	-0.045625
2.50381e-007	-0.044375
2.50881e-007	-0.045625
2.51381e-007	-0.045
2.51881e-007	-0.045
2.52381e-007	-0.045
2.52881e-007	-0.04625
2.53381e-007	-0.045625
2.53881e-007	-0.045
2.54381e-007	-0.045
2.54881e-007	-0.04625
2.55381e-007	-0.046875
2.55881e-007	-0.045
2.56381e-007	-0.044375
2.56881e-007	-0.04625
2.57381e-007	-0.045
2.57881e-007	-0.045
2.58381e-007	-0.045625
2.58881e-007	-0.04625
2.59381e-007	-0.045625
2.59881e-007	-0.044375
2.60381e-007	-0.044375
2.60881e-007	-0.04375
2.61381e-007	-0.04375
2.61881e-007	-0.044375
2.62381e-007	-0.0425
2.62881e-007	-0.043125
2.63381e-007	-0.044375
2.63881e-007	-0.04375
2.64381e-007	-0.044375
2.64881e-007	-0.045625
2.65381e-007	-0.045
2.65881e-007	-0.04375
2.66381e-007	-0.0425
2.66881e-007	-0.04375
2.67381e-007	-0.044375
2.67881e-007	-0.045
2.68381e-007	-0.044375
2.68881e-007	-0.04375
2.69381e-007	-0.0425
2.69881e-007	-0.043125
2.70381e-007	-0.043125
2.70881e-007	-0.044375
2.71381e-007	-0.043125
2.71881e-007	-0.043125
2.72381e-007	-0.0425
2.72881e-007	-0.041875
2.73381e-007	-0.041875
2.73881e-007	-0.0425
2.74381e-007	-0.04125
2.74881e-007	-0.041875
2.75381e-007	-0.043125
2.75881e-007	-0.0425
2.76381e-007	-0.041875
2.76881e-007	-0.04125
2.77381e-007	-0.041875
2.77881e-007	-0.041875
2.78381e-007	-0.0425
2.78881e-007	-0.043125
2.79381e-007	-0.0425
2.79881e-007	-0.04125
2.80381e-007	-0.041875
2.80881e-007	-0.040625
2.81381e-007	-0.04
2.81881e-007	-0.04125
2.82381e-007	-0.04125
2.82881e-007	-0.04125
2.83381e-007	-0.040625
2.83881e-007	-0.04
2.84381e-007	-0.04125
2.84881e-007	-0.040625
2.85381e-007	-0.04
2.85881e-007	-0.03875
2.86381e-007	-0.03875
2.86881e-007	-0.040625
2.87381e-007	-0.04125
2.87881e-007	-0.04125
2.88381e-007	-0.040625
2.88881e-007	-0.041875
2.89381e-007	-0.04125
2.89881e-007	-0.04
2.90381e-007	-0.040625
2.90881e-007	-0.040625
2.91381e-007	-0.04
2.91881e-007	-0.04
2.92381e-007	-0.04
2.92881e-007	-0.039375
2.93381e-007	-0.039375
2.93881e-007	-0.039375
2.94381e-007	-0.039375
2.94881e-007	-0.039375
2.95381e-007	-0.038125
2.95881e-007	-0.0375
2.96381e-007	-0.039375
2.96881e-007	-0.039375
2.97381e-007	-0.04
2.97881e-007	-0.038125
2.98381e-007	-0.039375
2.98881e-007	-0.03875
2.99381e-007	-0.039375
2.99881e-007	-0.040625
3.00381e-007	-0.04
3.00881e-007	-0.039375
3.01381e-007	-0.039375
3.01881e-007	-0.03875
3.02381e-007	-0.04
3.02881e-007	-0.03875
3.03381e-007	-0.0375
3.03881e-007	-0.038125
3.04381e-007	-0.038125
3.04881e-007	-0.038125
3.05381e-007	-0.039375
3.05881e-007	-0.039375
3.06381e-007	-0.038125
3.06881e-007	-0.036875
3.07381e-007	-0.0375
3.07881e-007	-0.036875
3.08381e-007	-0.039375
3.08881e-007	-0.039375
3.09381e-007	-0.036875
3.09881e-007	-0.0375
3.10381e-007	-0.0375
3.10881e-007	-0.038125
3.11381e-007	-0.0375
3.11881e-007	-0.038125
3.12381e-007	-0.039375
3.12881e-007	-0.038125
3.13381e-007	-0.038125
3.13881e-007	-0.03875
3.14381e-007	-0.03875
3.14881e-007	-0.040625
3.15381e-007	-0.039375
3.15881e-007	-0.0375
3.16381e-007	-0.0375
3.16881e-007	-0.03875
3.17381e-007	-0.03875
3.17881e-007	-0.038125
3.18381e-007	-0.036875
3.18881e-007	-0.036875
3.19381e-007	-0.03625
3.19881e-007	-0.035
3.20381e-007	-0.0375
3.20881e-007	-0.03875
3.21381e-007	-0.0375
3.21881e-007	-0.036875
3.22381e-007	-0.036875
3.22881e-007	-0.0375
3.23381e-007	-0.0375
3.23881e-007	-0.038125
3.24381e-007	-0.036875
3.24881e-007	-0.03625
3.25381e-007	-0.0375
3.25881e-007	-0.0375
3.26381e-007	-0.035625
3.26881e-007	-0.03625
3.27381e-007	-0.0375
3.27881e-007	-0.036875
3.28381e-007	-0.036875
3.28881e-007	-0.03625
3.29381e-007	-0.035
3.29881e-007	-0.03625
3.30381e-007	-0.035
3.30881e-007	-0.034375
3.31381e-007	-0.035
3.31881e-007	-0.035
3.32381e-007	-0.035625
3.32881e-007	-0.035
3.33381e-007	-0.036875
3.33881e-007	-0.03625
3.34381e-007	-0.035
3.34881e-007	-0.03625
3.35381e-007	-0.036875
3.35881e-007	-0.035
3.36381e-007	-0.035625
3.36881e-007	-0.036875
3.37381e-007	-0.035625
3.37881e-007	-0.03625
3.38381e-007	-0.035625
3.38881e-007	-0.034375
3.39381e-007	-0.035625
3.39881e-007	-0.035
3.40381e-007	-0.034375
3.40881e-007	-0.033125
3.41381e-007	-0.033125
3.41881e-007	-0.033125
3.42381e-007	-0.035
3.42881e-007	-0.035
3.43381e-007	-0.03375
3.43881e-007	-0.034375
3.44381e-007	-0.035625
3.44881e-007	-0.036875
3.45381e-007	-0.035
3.45881e-007	-0.034375
3.46381e-007	-0.03625
3.46881e-007	-0.03625
3.47381e-007	-0.034375
3.47881e-007	-0.035
3.48381e-007	-0.034375
3.48881e-007	-0.035
3.49381e-007	-0.03375
3.49881e-007	-0.033125
3.50381e-007	-0.034375
3.50881e-007	-0.033125
3.51381e-007	-0.0325
3.51881e-007	-0.03375
3.52381e-007	-0.033125
3.52881e-007	-0.033125
3.53381e-007	-0.0325
3.53881e-007	-0.033125
3.54381e-007	-0.033125
3.54881e-007	-0.03375
3.55381e-007	-0.03375
3.55881e-007	-0.034375
3.56381e-007	-0.035
3.56881e-007	-0.034375
3.57381e-007	-0.034375
3.57881e-007	-0.03375
3.58381e-007	-0.03375
3.58881e-007	-0.03375
3.59381e-007	-0.033125
3.59881e-007	-0.0325
3.60381e-007	-0.0325
3.60881e-007	-0.03375
3.61381e-007	-0.03375
3.61881e-007	-0.0325
3.62381e-007	-0.033125
3.62881e-007	-0.031875
3.63381e-007	-0.03125
3.63881e-007	-0.031875
3.64381e-007	-0.031875
3.64881e-007	-0.03125
3.65381e-007	-0.031875
3.65881e-007	-0.031875
3.66381e-007	-0.031875
3.66881e-007	-0.03375
3.67381e-007	-0.0325
3.67881e-007	-0.0325
3.68381e-007	-0.03375
3.68881e-007	-0.03375
3.69381e-007	-0.033125
3.69881e-007	-0.0325
3.70381e-007	-0.031875
3.70881e-007	-0.033125
3.71381e-007	-0.0325
3.71881e-007	-0.031875
3.72381e-007	-0.031875
3.72881e-007	-0.030625
3.73381e-007	-0.03
3.73881e-007	-0.0325
3.74381e-007	-0.03125
3.74881e-007	-0.031875
3.75381e-007	-0.03125
3.75881e-007	-0.03
3.76381e-007	-0.030625
3.76881e-007	-0.03
3.77381e-007	-0.03125
3.77881e-007	-0.0325
3.78381e-007	-0.031875
3.78881e-007	-0.0325
3.79381e-007	-0.031875
3.79881e-007	-0.03125
3.80381e-007	-0.0325
3.80881e-007	-0.0325
3.81381e-007	-0.031875
3.81881e-007	-0.03125
3.82381e-007	-0.031875
3.82881e-007	-0.03125
3.83381e-007	-0.03
3.83881e-007	-0.03
3.84381e-007	-0.030625
3.84881e-007	-0.030625
3.85381e-007	-0.030625
3.85881e-007	-0.029375
3.86381e-007	-0.029375
3.86881e-007	-0.030625
3.87381e-007	-0.03125
3.87881e-007	-0.03
3.88381e-007	-0.030625
3.88881e-007	-0.03
3.89381e-007	-0.03
3.89881e-007	-0.030625
3.90381e-007	-0.029375
3.90881e-007	-0.030625
3.91381e-007	-0.031875
3.91881e-007	-0.029375
3.92381e-007	-0.03
3.92881e-007	-0.03
3.93381e-007	-0.028125
3.93881e-007	-0.030625
3.94381e-007	-0.030625
3.94881e-007	-0.029375
3.95381e-007	-0.02875
3.95881e-007	-0.026875
3.96381e-007	-0.02875
3.96881e-007	-0.029375
3.97381e-007	-0.02875
3.97881e-007	-0.029375
3.98381e-007	-0.030625
3.98881e-007	-0.03
3.99381e-007	-0.029375
3.99881e-007	-0.03
4.00381e-007	-0.029375
4.00881e-007	-0.029375
4.01381e-007	-0.03
4.01881e-007	-0.03125
4.02381e-007	-0.031875
4.02881e-007	-0.029375
4.03381e-007	-0.02875
4.03881e-007	-0.029375
4.04381e-007	-0.029375
4.04881e-007	-0.02875
4.05381e-007	-0.028125
4.05881e-007	-0.02875
4.06381e-007	-0.029375
4.06881e-007	-0.028125
4.07381e-007	-0.02875
4.07881e-007	-0.028125
4.08381e-007	-0.028125
4.08881e-007	-0.029375
4.09381e-007	-0.02875
4.09881e-007	-0.029375
4.10381e-007	-0.03
4.10881e-007	-0.02875
4.11381e-007	-0.028125
4.11881e-007	-0.02875
4.12381e-007	-0.02875
4.12881e-007	-0.02875
4.13381e-007	-0.0275
4.13881e-007	-0.0275
4.14381e-007	-0.02875
4.14881e-007	-0.02875
4.15381e-007	-0.0275
4.15881e-007	-0.0275
4.16381e-007	-0.02875
4.16881e-007	-0.02875
4.17381e-007	-0.0275
4.17881e-007	-0.028125
4.18381e-007	-0.0275
4.18881e-007	-0.0275
4.19381e-007	-0.02875
4.19881e-007	-0.029375
4.20381e-007	-0.02875
4.20881e-007	-0.028125
4.21381e-007	-0.0275
4.21881e-007	-0.0275
4.22381e-007	-0.028125
4.22881e-007	-0.026875
4.23381e-007	-0.026875
4.23881e-007	-0.0275
4.24381e-007	-0.028125
4.24881e-007	-0.028125
4.25381e-007	-0.02875
4.25881e-007	-0.0275
4.26381e-007	-0.028125
4.26881e-007	-0.02625
4.27381e-007	-0.026875
4.27881e-007	-0.0275
4.28381e-007	-0.026875
4.28881e-007	-0.02625
4.29381e-007	-0.028125
4.29881e-007	-0.026875
4.30381e-007	-0.026875
4.30881e-007	-0.026875
4.31381e-007	-0.026875
4.31881e-007	-0.025625
4.32381e-007	-0.026875
4.32881e-007	-0.028125
4.33381e-007	-0.026875
4.33881e-007	-0.025625
4.34381e-007	-0.0275
4.34881e-007	-0.029375
4.35381e-007	-0.026875
4.35881e-007	-0.026875
4.36381e-007	-0.026875
4.36881e-007	-0.026875
4.37381e-007	-0.0275
4.37881e-007	-0.02625
4.38381e-007	-0.026875
4.38881e-007	-0.02625
4.39381e-007	-0.02625
4.39881e-007	-0.026875
4.40381e-007	-0.02625
4.40881e-007	-0.026875
4.41381e-007	-0.025625
4.41881e-007	-0.025
4.42381e-007	-0.025625
4.42881e-007	-0.026875
4.43381e-007	-0.0275
4.43881e-007	-0.02625
4.44381e-007	-0.028125
4.44881e-007	-0.0275
4.45381e-007	-0.0275
4.45881e-007	-0.02625
4.46381e-007	-0.025625
4.46881e-007	-0.025
4.47381e-007	-0.026875
4.47881e-007	-0.02625
4.48381e-007	-0.02625
4.48881e-007	-0.025625
4.49381e-007	-0.02625
4.49881e-007	-0.025
4.50381e-007	-0.025625
4.50881e-007	-0.025
4.51381e-007	-0.025
4.51881e-007	-0.025625
4.52381e-007	-0.025625
4.52881e-007	-0.02375
4.53381e-007	-0.025625
4.53881e-007	-0.025625
4.54381e-007	-0.025625
4.54881e-007	-0.026875
4.55381e-007	-0.026875
4.55881e-007	-0.025625
4.56381e-007	-0.025625
4.56881e-007	-0.026875
4.57381e-007	-0.026875
4.57881e-007	-0.025625
4.58381e-007	-0.02625
4.58881e-007	-0.025625
4.59381e-007	-0.02375
4.59881e-007	-0.023125
4.60381e-007	-0.024375
4.60881e-007	-0.025
4.61381e-007	-0.023125
4.61881e-007	-0.02375
4.62381e-007	-0.025
4.62881e-007	-0.024375
4.63381e-007	-0.024375
4.63881e-007	-0.024375
4.64381e-007	-0.025625
4.64881e-007	-0.025
4.65381e-007	-0.024375
4.65881e-007	-0.025
4.66381e-007	-0.025
4.66881e-007	-0.025
4.67381e-007	-0.025625
4.67881e-007	-0.02375
4.68381e-007	-0.025
4.68881e-007	-0.023125
4.69381e-007	-0.0225
4.69881e-007	-0.02375
4.70381e-007	-0.025625
4.70881e-007	-0.02375
4.71381e-007	-0.02375
4.71881e-007	-0.02375
4.72381e-007	-0.02375
4.72881e-007	-0.025625
4.73381e-007	-0.025
4.73881e-007	-0.0225
4.74381e-007	-0.024375
4.74881e-007	-0.02375
4.75381e-007	-0.024375
4.75881e-007	-0.025625
4.76381e-007	-0.024375
4.76881e-007	-0.02375
4.77381e-007	-0.02375
4.77881e-007	-0.024375
4.78381e-007	-0.023125
4.78881e-007	-0.02375
4.79381e-007	-0.0225
4.79881e-007	-0.0225
4.80381e-007	-0.0225
4.80881e-007	-0.023125
4.81381e-007	-0.0225
4.81881e-007	-0.0225
4.82381e-007	-0.0225
4.82881e-007	-0.0225
4.83381e-007	-0.023125
4.83881e-007	-0.021875
4.84381e-007	-0.023125
4.84881e-007	-0.024375
4.85381e-007	-0.024375
4.85881e-007	-0.024375
4.86381e-007	-0.02375
4.86881e-007	-0.023125
4.87381e-007	-0.023125
4.87881e-007	-0.02375
4.88381e-007	-0.024375
4.88881e-007	-0.0225
4.89381e-007	-0.02125
4.89881e-007	-0.020625
4.90381e-007	-0.021875
4.90881e-007	-0.021875
4.91381e-007	-0.02125
4.91881e-007	-0.023125
4.92381e-007	-0.023125
4.92881e-007	-0.021875
4.93381e-007	-0.02125
4.93881e-007	-0.021875
4.94381e-007	-0.024375
4.94881e-007	-0.023125
4.95381e-007	-0.0225
4.95881e-007	-0.023125
4.96381e-007	-0.021875
4.96881e-007	-0.0225
4.97381e-007	-0.023125
4.97881e-007	-0.0225
4.98381e-007	-0.023125
4.98881e-007	-0.0225
4.99381e-007	-0.020625
4.99881e-007	-0.0225
5.00381e-007	-0.02125
5.00881e-007	-0.02125
5.01381e-007	-0.02
5.01881e-007	-0.020625
5.02381e-007	-0.021875
5.02881e-007	-0.0225
5.03381e-007	-0.019375
5.03881e-007	-0.02125
5.04381e-007	-0.02375
5.04881e-007	-0.023125
5.05381e-007	-0.021875
5.05881e-007	-0.021875
5.06381e-007	-0.0225
5.06881e-007	-0.0225
5.07381e-007	-0.020625
5.07881e-007	-0.020625
5.08381e-007	-0.02125
5.08881e-007	-0.02125
5.09381e-007	-0.019375
5.09881e-007	-0.019375
5.10381e-007	-0.02
5.10881e-007	-0.020625
5.11381e-007	-0.02125
5.11881e-007	-0.02125
5.12381e-007	-0.020625
5.12881e-007	-0.020625
5.13381e-007	-0.02125
5.13881e-007	-0.020625
5.14381e-007	-0.020625
5.14881e-007	-0.020625
5.15381e-007	-0.021875
5.15881e-007	-0.02
5.16381e-007	-0.02
5.16881e-007	-0.02125
5.17381e-007	-0.02125
5.17881e-007	-0.02125
5.18381e-007	-0.02
5.18881e-007	-0.02125
5.19381e-007	-0.01875
5.19881e-007	-0.01875
5.20381e-007	-0.02
5.20881e-007	-0.02125
5.21381e-007	-0.018125
5.21881e-007	-0.019375
5.22381e-007	-0.02125
5.22881e-007	-0.020625
5.23381e-007	-0.01875
5.23881e-007	-0.020625
5.24381e-007	-0.02
5.24881e-007	-0.019375
5.25381e-007	-0.02
5.25881e-007	-0.02
5.26381e-007	-0.01875
5.26881e-007	-0.02
5.27381e-007	-0.019375
5.27881e-007	-0.02
5.28381e-007	-0.02
5.28881e-007	-0.019375
5.29381e-007	-0.019375
5.29881e-007	-0.02
5.30381e-007	-0.019375
5.30881e-007	-0.019375
5.31381e-007	-0.020625
5.31881e-007	-0.02125
5.32381e-007	-0.02
5.32881e-007	-0.01875
5.33381e-007	-0.02
5.33881e-007	-0.020625
5.34381e-007	-0.019375
5.34881e-007	-0.01875
5.35381e-007	-0.018125
5.35881e-007	-0.018125
5.36381e-007	-0.019375
5.36881e-007	-0.01875
5.37381e-007	-0.01875
5.37881e-007	-0.018125
5.38381e-007	-0.018125
5.38881e-007	-0.02
5.39381e-007	-0.020625
5.39881e-007	-0.020625
5.40381e-007	-0.01875
5.40881e-007	-0.020625
5.41381e-007	-0.02
5.41881e-007	-0.019375
5.42381e-007	-0.018125
5.42881e-007	-0.02
5.43381e-007	-0.019375
5.43881e-007	-0.01875
5.44381e-007	-0.01875
5.44881e-007	-0.018125
5.45381e-007	-0.0175
5.45881e-007	-0.018125
5.46381e-007	-0.018125
5.46881e-007	-0.0175
5.47381e-007	-0.01625
5.47881e-007	-0.0175
5.48381e-007	-0.01875
5.48881e-007	-0.019375
5.49381e-007	-0.018125
5.49881e-007	-0.018125
5.50381e-007	-0.02
5.50881e-007	-0.019375
5.51381e-007	-0.01875
5.51881e-007	-0.019375
5.52381e-007	-0.019375
5.52881e-007	-0.018125
5.53381e-007	-0.018125
5.53881e-007	-0.01875
5.54381e-007	-0.01875
5.54881e-007	-0.018125
5.55381e-007	-0.016875
5.55881e-007	-0.0175
5.56381e-007	-0.01875
5.56881e-007	-0.01625
5.57381e-007	-0.015625
5.57881e-007	-0.018125
5.58381e-007	-0.018125
5.58881e-007	-0.01875
5.59381e-007	-0.018125
5.59881e-007	-0.016875
5.60381e-007	-0.016875
5.60881e-007	-0.019375
5.61381e-007	-0.018125
5.61881e-007	-0.016875
5.62381e-007	-0.016875
5.62881e-007	-0.018125
5.63381e-007	-0.0175
5.63881e-007	-0.0175
5.64381e-007	-0.01875
5.64881e-007	-0.0175
5.65381e-007	-0.015625
5.65881e-007	-0.018125
5.66381e-007	-0.016875
5.66881e-007	-0.016875
5.67381e-007	-0.016875
5.67881e-007	-0.01625
5.68381e-007	-0.01625
5.68881e-007	-0.0175
5.69381e-007	-0.016875
5.69881e-007	-0.0175
5.70381e-007	-0.016875
5.70881e-007	-0.016875
5.71381e-007	-0.015625
5.71881e-007	-0.015625
5.72381e-007	-0.016875
5.72881e-007	-0.016875
5.73381e-007	-0.016875
5.73881e-007	-0.016875
5.74381e-007	-0.016875
5.74881e-007	-0.0175
5.75381e-007	-0.016875
5.75881e-007	-0.016875
5.76381e-007	-0.0175
5.76881e-007	-0.0175
5.77381e-007	-0.016875
5.77881e-007	-0.0175
5.78381e-007	-0.016875
5.78881e-007	-0.01625
5.79381e-007	-0.015625
5.79881e-007	-0.015625
5.80381e-007	-0.015625
5.80881e-007	-0.01625
5.81381e-007	-0.015625
5.81881e-007	-0.016875
5.82381e-007	-0.015625
5.82881e-007	-0.0175
5.83381e-007	-0.0175
5.83881e-007	-0.01625
5.84381e-007	-0.015625
5.84881e-007	-0.016875
5.85381e-007	-0.018125
5.85881e-007	-0.016875
5.86381e-007	-0.01625
5.86881e-007	-0.018125
5.87381e-007	-0.016875
5.87881e-007	-0.016875
5.88381e-007	-0.015625
5.88881e-007	-0.015625
5.89381e-007	-0.015625
5.89881e-007	-0.015625
5.90381e-007	-0.015625
5.90881e-007	-0.01625
5.91381e-007	-0.014375
5.91881e-007	-0.014375
5.92381e-007	-0.015625
5.92881e-007	-0.015625
5.93381e-007	-0.015625
5.93881e-007	-0.016875
5.94381e-007	-0.016875
5.94881e-007	-0.01625
5.95381e-007	-0.0175
5.95881e-007	-0.018125
5.96381e-007	-0.015625
5.96881e-007	-0.014375
5.97381e-007	-0.01625
5.97881e-007	-0.015625
5.98381e-007	-0.01625
5.98881e-007	-0.01625
5.99381e-007	-0.015625
5.99881e-007	-0.015
6.00381e-007	-0.014375
6.00881e-007	-0.01375
6.01381e-007	-0.015
6.01881e-007	-0.014375
6.02381e-007	-0.01375
6.02881e-007	-0.015625
6.03381e-007	-0.015
6.03881e-007	-0.015625
6.04381e-007	-0.0175
6.04881e-007	-0.01625
6.05381e-007	-0.015625
6.05881e-007	-0.01625
6.06381e-007	-0.015625
6.06881e-007	-0.015
6.07381e-007	-0.01625
6.07881e-007	-0.015625
6.08381e-007	-0.01375
6.08881e-007	-0.015
6.09381e-007	-0.01375
6.09881e-007	-0.014375
6.10381e-007	-0.015625
6.10881e-007	-0.014375
6.11381e-007	-0.013125
6.11881e-007	-0.013125
6.12381e-007	-0.01375
6.12881e-007	-0.015625
6.13381e-007	-0.014375
6.13881e-007	-0.015
6.14381e-007	-0.014375
6.14881e-007	-0.014375
6.15381e-007	-0.01625
6.15881e-007	-0.016875
6.16381e-007	-0.016875
6.16881e-007	-0.014375
6.17381e-007	-0.013125
6.17881e-007	-0.01625
6.18381e-007	-0.014375
6.18881e-007	-0.015
6.19381e-007	-0.015
6.19881e-007	-0.01375
6.20381e-007	-0.01375
6.20881e-007	-0.01375
6.21381e-007	-0.013125
6.21881e-007	-0.01375
6.22381e-007	-0.014375
6.22881e-007	-0.015
6.23381e-007	-0.014375
6.23881e-007	-0.014375
6.24381e-007	-0.015625
6.24881e-007	-0.01625
6.25381e-007	-0.015625
6.25881e-007	-0.015
6.26381e-007	-0.01375
6.26881e-007	-0.01375
6.27381e-007	-0.01375
6.27881e-007	-0.01375
6.28381e-007	-0.015
6.28881e-007	-0.014375
6.29381e-007	-0.0125
6.29881e-007	-0.01375
6.30381e-007	-0.014375
6.30881e-007	-0.014375
6.31381e-007	-0.015
6.31881e-007	-0.015
6.32381e-007	-0.013125
6.32881e-007	-0.014375
6.33381e-007	-0.01375
6.33881e-007	-0.014375
6.34381e-007	-0.014375
6.34881e-007	-0.014375
6.35381e-007	-0.01375
6.35881e-007	-0.014375
6.36381e-007	-0.014375
6.36881e-007	-0.01375
6.37381e-007	-0.01375
6.37881e-007	-0.01375
6.38381e-007	-0.013125
6.38881e-007	-0.01375
6.39381e-007	-0.01375
6.39881e-007	-0.013125
6.40381e-007	-0.013125
6.40881e-007	-0.01375
6.41381e-007	-0.01375
6.41881e-007	-0.014375
6.42381e-007	-0.01375
6.42881e-007	-0.0125
6.43381e-007	-0.01375
6.43881e-007	-0.01375
6.44381e-007	-0.013125
6.44881e-007	-0.014375
6.45381e-007	-0.01375
6.45881e-007	-0.013125
6.46381e-007	-0.011875
6.46881e-007	-0.0125
6.47381e-007	-0.013125
6.47881e-007	-0.01375
6.48381e-007	-0.013125
6.48881e-007	-0.011875
6.49381e-007	-0.011875
6.49881e-007	-0.01375
6.50381e-007	-0.01375
6.50881e-007	-0.014375
6.51381e-007	-0.0125
6.51881e-007	-0.01375
6.52381e-007	-0.01375
6.52881e-007	-0.013125
6.53381e-007	-0.0125
6.53881e-007	-0.013125
6.54381e-007	-0.01375
6.54881e-007	-0.014375
6.55381e-007	-0.013125
6.55881e-007	-0.013125
6.56381e-007	-0.011875
6.56881e-007	-0.01125
6.57381e-007	-0.011875
6.57881e-007	-0.011875
6.58381e-007	-0.01375
6.58881e-007	-0.01375
6.59381e-007	-0.0125
6.59881e-007	-0.0125
6.60381e-007	-0.01125
6.60881e-007	-0.01125
6.61381e-007	-0.013125
6.61881e-007	-0.0125
6.62381e-007	-0.0125
6.62881e-007	-0.0125
6.63381e-007	-0.01375
6.63881e-007	-0.014375
6.64381e-007	-0.013125
6.64881e-007	-0.010625
6.65381e-007	-0.011875
6.65881e-007	-0.011875
6.66381e-007	-0.013125
6.66881e-007	-0.013125
6.67381e-007	-0.0125
6.67881e-007	-0.010625
6.68381e-007	-0.010625
6.68881e-007	-0.011875
6.69381e-007	-0.0125
6.69881e-007	-0.0125
6.70381e-007	-0.013125
6.70881e-007	-0.013125
6.71381e-007	-0.011875
6.71881e-007	-0.01375
6.72381e-007	-0.01375
6.72881e-007	-0.0125
6.73381e-007	-0.0125
6.73881e-007	-0.01375
6.74381e-007	-0.0125
6.74881e-007	-0.01125
6.75381e-007	-0.011875
6.75881e-007	-0.01375
6.76381e-007	-0.013125
6.76881e-007	-0.0125
6.77381e-007	-0.013125
6.77881e-007	-0.013125
6.78381e-007	-0.0125
6.78881e-007	-0.01125
6.79381e-007	-0.011875
6.79881e-007	-0.011875
6.80381e-007	-0.011875
6.80881e-007	-0.013125
6.81381e-007	-0.011875
6.81881e-007	-0.011875
6.82381e-007	-0.013125
6.82881e-007	-0.011875
6.83381e-007	-0.011875
6.83881e-007	-0.01125
6.84381e-007	-0.011875
6.84881e-007	-0.011875
6.85381e-007	-0.01125
6.85881e-007	-0.011875
6.86381e-007	-0.011875
6.86881e-007	-0.011875
6.87381e-007	-0.011875
6.87881e-007	-0.01
6.88381e-007	-0.0125
6.88881e-007	-0.011875
6.89381e-007	-0.010625
6.89881e-007	-0.011875
6.90381e-007	-0.013125
6.90881e-007	-0.013125
6.91381e-007	-0.01375
6.91881e-007	-0.0125
6.92381e-007	-0.011875
6.92881e-007	-0.011875
6.93381e-007	-0.01125
6.93881e-007	-0.010625
6.94381e-007	-0.01125
6.94881e-007	-0.01125
6.95381e-007	-0.011875
6.95881e-007	-0.010625
6.96381e-007	-0.01
6.96881e-007	-0.010625
6.97381e-007	-0.01125
6.97881e-007	-0.013125
6.98381e-007	-0.013125
6.98881e-007	-0.011875
6.99381e-007	-0.011875
6.99881e-007	-0.0125
7.00381e-007	-0.0125
7.00881e-007	-0.013125
7.01381e-007	-0.011875
7.01881e-007	-0.0125
7.02381e-007	-0.011875
7.02881e-007	-0.010625
7.03381e-007	-0.01125
7.03881e-007	-0.01125
7.04381e-007	-0.010625
7.04881e-007	-0.01125
7.05381e-007	-0.011875
7.05881e-007	-0.01125
7.06381e-007	-0.011875
7.06881e-007	-0.01125
7.07381e-007	-0.011875
7.07881e-007	-0.011875
7.08381e-007	-0.01125
7.08881e-007	-0.011875
7.09381e-007	-0.0125
7.09881e-007	-0.01125
7.10381e-007	-0.0125
7.10881e-007	-0.0125
7.11381e-007	-0.010625
7.11881e-007	-0.01
7.12381e-007	-0.010625
7.12881e-007	-0.011875
7.13381e-007	-0.011875
7.13881e-007	-0.01
7.14381e-007	-0.01
7.14881e-007	-0.010625
7.15381e-007	-0.010625
7.15881e-007	-0.01125
7.16381e-007	-0.010625
7.16881e-007	-0.01
7.17381e-007	-0.009375
7.17881e-007	-0.01125
7.18381e-007	-0.013125
7.18881e-007	-0.011875
7.19381e-007	-0.01
7.19881e-007	-0.011875
7.20381e-007	-0.0125
7.20881e-007	-0.011875
7.21381e-007	-0.011875
7.21881e-007	-0.01125
7.22381e-007	-0.01125
7.22881e-007	-0.011875
7.23381e-007	-0.01125
7.23881e-007	-0.0125
7.24381e-007	-0.010625
7.24881e-007	-0.01
7.25381e-007	-0.01125
7.25881e-007	-0.011875
7.26381e-007	-0.011875
7.26881e-007	-0.010625
7.27381e-007	-0.013125
7.27881e-007	-0.013125
7.28381e-007	-0.010625
7.28881e-007	-0.011875
7.29381e-007	-0.011875
7.29881e-007	-0.011875
7.30381e-007	-0.011875
7.30881e-007	-0.011875
7.31381e-007	-0.01125
7.31881e-007	-0.01
7.32381e-007	-0.01125
7.32881e-007	-0.011875
7.33381e-007	-0.01125
7.33881e-007	-0.011875
7.34381e-007	-0.010625
7.34881e-007	-0.01125
7.35381e-007	-0.0125
7.35881e-007	-0.01125
7.36381e-007	-0.0125
7.36881e-007	-0.011875
7.37381e-007	-0.01125
7.37881e-007	-0.010625
7.38381e-007	-0.01
7.38881e-007	-0.010625
7.39381e-007	-0.01125
7.39881e-007	-0.01125
7.40381e-007	-0.01125
7.40881e-007	-0.01125
7.41381e-007	-0.010625
7.41881e-007	-0.009375
7.42381e-007	-0.009375
7.42881e-007	-0.010625
7.43381e-007	-0.01125
7.43881e-007	-0.010625
7.44381e-007	-0.01
7.44881e-007	-0.011875
7.45381e-007	-0.011875
7.45881e-007	-0.01125
7.46381e-007	-0.010625
7.46881e-007	-0.01125
7.47381e-007	-0.011875
7.47881e-007	-0.011875
7.48381e-007	-0.011875
7.48881e-007	-0.01
7.49381e-007	-0.01
7.49881e-007	-0.01
7.50381e-007	-0.009375
7.50881e-007	-0.009375
7.51381e-007	-0.009375
7.51881e-007	-0.009375
7.52381e-007	-0.009375
7.52881e-007	-0.01
7.53381e-007	-0.010625
7.53881e-007	-0.009375
7.54381e-007	-0.01125
7.54881e-007	-0.011875
7.55381e-007	-0.01
7.55881e-007	-0.010625
7.56381e-007	-0.01125
7.56881e-007	-0.010625
7.57381e-007	-0.01
7.57881e-007	-0.010625
7.58381e-007	-0.010625
7.58881e-007	-0.010625
7.59381e-007	-0.01125
7.59881e-007	-0.009375
7.60381e-007	-0.009375
7.60881e-007	-0.010625
7.61381e-007	-0.00875
7.61881e-007	-0.008125
7.62381e-007	-0.009375
7.62881e-007	-0.009375
7.63381e-007	-0.01
7.63881e-007	-0.010625
7.64381e-007	-0.01
7.64881e-007	-0.009375
7.65381e-007	-0.010625
7.65881e-007	-0.010625
7.66381e-007	-0.00875
7.66881e-007	-0.00875
7.67381e-007	-0.010625
7.67881e-007	-0.0125
7.68381e-007	-0.010625
7.68881e-007	-0.00875
7.69381e-007	-0.010625
7.69881e-007	-0.01
7.70381e-007	-0.009375
7.70881e-007	-0.008125
7.71381e-007	-0.009375
7.71881e-007	-0.01
7.72381e-007	-0.00875
7.72881e-007	-0.009375
7.73381e-007	-0.010625
7.73881e-007	-0.01
7.74381e-007	-0.009375
7.74881e-007	-0.009375
7.75381e-007	-0.010625
7.75881e-007	-0.008125
7.76381e-007	-0.00875
7.76881e-007	-0.01
7.77381e-007	-0.01
7.77881e-007	-0.010625
7.78381e-007	-0.010625
7.78881e-007	-0.01
7.79381e-007	-0.009375
7.79881e-007	-0.009375
7.80381e-007	-0.01
7.80881e-007	-0.009375
7.81381e-007	-0.009375
7.81881e-007	-0.01
7.82381e-007	-0.009375
7.82881e-007	-0.009375
7.83381e-007	-0.009375
7.83881e-007	-0.00875
7.84381e-007	-0.008125
7.84881e-007	-0.0075
7.85381e-007	-0.00875
7.85881e-007	-0.009375
7.86381e-007	-0.00875
7.86881e-007	-0.0075
7.87381e-007	-0.00875
7.87881e-007	-0.009375
7.88381e-007	-0.009375
7.88881e-007	-0.009375
7.89381e-007	-0.009375
7.89881e-007	-0.00875
7.90381e-007	-0.01125
7.90881e-007	-0.010625
7.91381e-007	-0.00875
7.91881e-007	-0.00875
7.92381e-007	-0.01
7.92881e-007	-0.00875
7.93381e-007	-0.009375
7.93881e-007	-0.008125
7.94381e-007	-0.006875
7.94881e-007	-0.006875
7.95381e-007	-0.0075
7.95881e-007	-0.0075
7.96381e-007	-0.0075
7.96881e-007	-0.00875
7.97381e-007	-0.010625
7.97881e-007	-0.009375
7.98381e-007	-0.008125
7.98881e-007	-0.00875
7.99381e-007	-0.009375
7.99881e-007	-0.00875
8.00381e-007	-0.01
8.00881e-007	-0.00875
8.01381e-007	-0.010625
8.01881e-007	-0.01
8.02381e-007	-0.008125
8.02881e-007	-0.008125
8.03381e-007	-0.008125
8.03881e-007	-0.008125
8.04381e-007	-0.008125
8.04881e-007	-0.0075
8.05381e-007	-0.00625
8.05881e-007	-0.006875
8.06381e-007	-0.008125
8.06881e-007	-0.00875
8.07381e-007	-0.00625
8.07881e-007	-0.0075
8.08381e-007	-0.008125
8.08881e-007	-0.008125
8.09381e-007	-0.008125
8.09881e-007	-0.009375
8.10381e-007	-0.009375
8.10881e-007	-0.00875
8.11381e-007	-0.008125
8.11881e-007	-0.00875
8.12381e-007	-0.010625
8.12881e-007	-0.00875
8.13381e-007	-0.008125
8.13881e-007	-0.00875
8.14381e-007	-0.008125
8.14881e-007	-0.0075
8.15381e-007	-0.008125
8.15881e-007	-0.006875
8.16381e-007	-0.0075
8.16881e-007	-0.008125
8.17381e-007	-0.00875
8.17881e-007	-0.008125
8.18381e-007	-0.008125
8.18881e-007	-0.0075
8.19381e-007	-0.00875
8.19881e-007	-0.00875
8.20381e-007	-0.008125
8.20881e-007	-0.00875
8.21381e-007	-0.00875
8.21881e-007	-0.00875
8.22381e-007	-0.008125
8.22881e-007	-0.008125
8.23381e-007	-0.00875
8.23881e-007	-0.008125
8.24381e-007	-0.00625
8.24881e-007	-0.0075
8.25381e-007	-0.00875
8.25881e-007	-0.0075
8.26381e-007	-0.00625
8.26881e-007	-0.00875
8.27381e-007	-0.00875
8.27881e-007	-0.0075
8.28381e-007	-0.008125
8.28881e-007	-0.00875
8.29381e-007	-0.006875
8.29881e-007	-0.008125
8.30381e-007	-0.00875
8.30881e-007	-0.00875
8.31381e-007	-0.006875
8.31881e-007	-0.0075
8.32381e-007	-0.00875
8.32881e-007	-0.00875
8.33381e-007	-0.008125
8.33881e-007	-0.006875
8.34381e-007	-0.006875
8.34881e-007	-0.006875
8.35381e-007	-0.008125
8.35881e-007	-0.008125
8.36381e-007	-0.00875
8.36881e-007	-0.0075
8.37381e-007	-0.008125
8.37881e-007	-0.009375
8.38381e-007	-0.009375
8.38881e-007	-0.006875
8.39381e-007	-0.0075
8.39881e-007	-0.008125
8.40381e-007	-0.008125
8.40881e-007	-0.008125
8.41381e-007	-0.008125
8.41881e-007	-0.0075
8.42381e-007	-0.006875
8.42881e-007	-0.0075
8.43381e-007	-0.006875
8.43881e-007	-0.006875
8.44381e-007	-0.008125
8.44881e-007	-0.008125
8.45381e-007	-0.00625
8.45881e-007	-0.008125
8.46381e-007	-0.00875
8.46881e-007	-0.006875
8.47381e-007	-0.0075
8.47881e-007	-0.00875
8.48381e-007	-0.008125
8.48881e-007	-0.00625
8.49381e-007	-0.0075
8.49881e-007	-0.0075
8.50381e-007	-0.00625
8.50881e-007	-0.008125
8.51381e-007	-0.0075
8.51881e-007	-0.00625
8.52381e-007	-0.0075
8.52881e-007	-0.008125
8.53381e-007	-0.00625
8.53881e-007	-0.00625
8.54381e-007	-0.006875
8.54881e-007	-0.008125
8.55381e-007	-0.006875
8.55881e-007	-0.008125
8.56381e-007	-0.0075
8.56881e-007	-0.00875
8.57381e-007	-0.00875
8.57881e-007	-0.0075
8.58381e-007	-0.008125
8.58881e-007	-0.008125
8.59381e-007	-0.0075
8.59881e-007	-0.008125
8.60381e-007	-0.008125
8.60881e-007	-0.0075
8.61381e-007	-0.006875
8.61881e-007	-0.00625
8.62381e-007	-0.0075
8.62881e-007	-0.006875
8.63381e-007	-0.00625
8.63881e-007	-0.006875
8.64381e-007	-0.008125
8.64881e-007	-0.008125
8.65381e-007	-0.008125
8.65881e-007	-0.006875
8.66381e-007	-0.00625
8.66881e-007	-0.005625
8.67381e-007	-0.006875
8.67881e-007	-0.009375
8.68381e-007	-0.00875
8.68881e-007	-0.0075
8.69381e-007	-0.0075
8.69881e-007	-0.006875
8.70381e-007	-0.005
8.70881e-007	-0.0075
8.71381e-007	-0.006875
8.71881e-007	-0.00625
8.72381e-007	-0.00625
8.72881e-007	-0.00625
8.73381e-007	-0.005625
8.73881e-007	-0.00625
8.74381e-007	-0.00625
8.74881e-007	-0.006875
8.75381e-007	-0.0075
8.75881e-007	-0.006875
8.76381e-007	-0.006875
8.76881e-007	-0.008125
8.77381e-007	-0.006875
8.77881e-007	-0.0075
8.78381e-007	-0.00875
8.78881e-007	-0.005625
8.79381e-007	-0.006875
8.79881e-007	-0.008125
8.80381e-007	-0.0075
8.80881e-007	-0.0075
8.81381e-007	-0.006875
8.81881e-007	-0.008125
8.82381e-007	-0.008125
8.82881e-007	-0.006875
8.83381e-007	-0.006875
8.83881e-007	-0.00625
8.84381e-007	-0.008125
8.84881e-007	-0.006875
8.85381e-007	-0.006875
8.85881e-007	-0.00875
8.86381e-007	-0.005625
8.86881e-007	-0.005625
8.87381e-007	-0.005625
8.87881e-007	-0.005
8.88381e-007	-0.00625
8.88881e-007	-0.006875
8.89381e-007	-0.006875
8.89881e-007	-0.006875
8.90381e-007	-0.006875
8.90881e-007	-0.008125
8.91381e-007	-0.005625
8.91881e-007	-0.006875
8.92381e-007	-0.0075
8.92881e-007	-0.008125
8.93381e-007	-0.006875
8.93881e-007	-0.00625
8.94381e-007	-0.0075
8.94881e-007	-0.006875
8.95381e-007	-0.005625
8.95881e-007	-0.006875
8.96381e-007	-0.005625
8.96881e-007	-0.00625
8.97381e-007	-0.00625
8.97881e-007	-0.006875
8.98381e-007	-0.006875
8.98881e-007	-0.00625
8.99381e-007	-0.006875
8.99881e-007	-0.006875
9.00381e-007	-0.006875
9.00881e-007	-0.0075
9.01381e-007	-0.0075
9.01881e-007	-0.0075
9.02381e-007	-0.006875
9.02881e-007	-0.008125
9.03381e-007	-0.0075
9.03881e-007	-0.00625
9.04381e-007	-0.00625
9.04881e-007	-0.006875
9.05381e-007	-0.0075
9.05881e-007	-0.006875
9.06381e-007	-0.005
9.06881e-007	-0.00625
9.07381e-007	-0.00625
9.07881e-007	-0.005
9.08381e-007	-0.004375
9.08881e-007	-0.00625
9.09381e-007	-0.00625
9.09881e-007	-0.00625
9.10381e-007	-0.006875
9.10881e-007	-0.0075
9.11381e-007	-0.006875
9.11881e-007	-0.0075
9.12381e-007	-0.006875
9.12881e-007	-0.0075
9.13381e-007	-0.00625
9.13881e-007	-0.006875
9.14381e-007	-0.006875
9.14881e-007	-0.006875
9.15381e-007	-0.005625
9.15881e-007	-0.005625
9.16381e-007	-0.005
9.16881e-007	-0.005625
9.17381e-007	-0.004375
9.17881e-007	-0.005625
9.18381e-007	-0.005625
9.18881e-007	-0.00625
9.19381e-007	-0.004375
9.19881e-007	-0.00625
9.20381e-007	-0.0075
9.20881e-007	-0.00625
9.21381e-007	-0.005625
9.21881e-007	-0.0075
9.22381e-007	-0.0075
9.22881e-007	-0.00625
9.23381e-007	-0.005625
9.23881e-007	-0.006875
9.24381e-007	-0.008125
9.24881e-007	-0.00625
9.25381e-007	-0.004375
9.25881e-007	-0.004375
9.26381e-007	-0.005625
9.26881e-007	-0.005
9.27381e-007	-0.004375
9.27881e-007	-0.005625
9.28381e-007	-0.005625
9.28881e-007	-0.005
9.29381e-007	-0.004375
9.29881e-007	-0.005625
9.30381e-007	-0.0075
9.30881e-007	-0.0075
9.31381e-007	-0.005625
9.31881e-007	-0.005625
9.32381e-007	-0.00625
9.32881e-007	-0.00625
9.33381e-007	-0.005625
9.33881e-007	-0.006875
9.34381e-007	-0.005625
9.34881e-007	-0.00625
9.35381e-007	-0.005625
9.35881e-007	-0.005
9.36381e-007	-0.004375
9.36881e-007	-0.00625
9.37381e-007	-0.005625
9.37881e-007	-0.00625
9.38381e-007	-0.005
9.38881e-007	-0.005625
9.39381e-007	-0.005
9.39881e-007	-0.005
9.40381e-007	-0.00625
9.40881e-007	-0.006875
9.41381e-007	-0.00625
9.41881e-007	-0.00625
9.42381e-007	-0.00625
9.42881e-007	-0.00625
9.43381e-007	-0.005
9.43881e-007	-0.00625
9.44381e-007	-0.00625
9.44881e-007	-0.005
9.45381e-007	-0.0075
9.45881e-007	-0.00625
9.46381e-007	-0.005625
9.46881e-007	-0.00625
9.47381e-007	-0.005625
9.47881e-007	-0.005625
9.48381e-007	-0.005625
9.48881e-007	-0.00625
9.49381e-007	-0.005625
9.49881e-007	-0.006875
9.50381e-007	-0.00625
9.50881e-007	-0.005
9.51381e-007	-0.00625
9.51881e-007	-0.005625
9.52381e-007	-0.004375
9.52881e-007	-0.006875
9.53381e-007	-0.006875
9.53881e-007	-0.005625
9.54381e-007	-0.005
9.54881e-007	-0.00625
9.55381e-007	-0.005625
9.55881e-007	-0.005625
9.56381e-007	-0.005625
9.56881e-007	-0.005
9.57381e-007	-0.005625
9.57881e-007	-0.00625
9.58381e-007	-0.005
9.58881e-007	-0.006875
9.59381e-007	-0.005
9.59881e-007	-0.005625
9.60381e-007	-0.00625
9.60881e-007	-0.005625
9.61381e-007	-0.005625
9.61881e-007	-0.006875
9.62381e-007	-0.00625
9.62881e-007	-0.005
9.63381e-007	-0.005
9.63881e-007	-0.005625
9.64381e-007	-0.005625
9.64881e-007	-0.005
9.65381e-007	-0.005
9.65881e-007	-0.005
9.66381e-007	-0.00375
9.66881e-007	-0.005
9.67381e-007	-0.005625
9.67881e-007	-0.005
9.68381e-007	-0.005
9.68881e-007	-0.005625
9.69381e-007	-0.005
9.69881e-007	-0.005625
9.70381e-007	-0.00625
9.70881e-007	-0.006875
9.71381e-007	-0.004375
9.71881e-007	-0.005
9.72381e-007	-0.005625
9.72881e-007	-0.006875
9.73381e-007	-0.00625
9.73881e-007	-0.005
9.74381e-007	-0.00375
9.74881e-007	-0.005
9.75381e-007	-0.005
9.75881e-007	-0.005625
9.76381e-007	-0.006875
9.76881e-007	-0.00625
9.77381e-007	-0.00375
9.77881e-007	-0.004375
9.78381e-007	-0.005
9.78881e-007	-0.00625
9.79381e-007	-0.005625
9.79881e-007	-0.005
9.80381e-007	-0.00375
9.80881e-007	-0.005625
9.81381e-007	-0.006875
9.81881e-007	-0.00625
9.82381e-007	-0.005625
9.82881e-007	-0.005625
9.83381e-007	-0.004375
9.83881e-007	-0.005625
9.84381e-007	-0.00625
9.84881e-007	-0.005625
9.85381e-007	-0.00375
9.85881e-007	-0.004375
9.86381e-007	-0.005
9.86881e-007	-0.004375
9.87381e-007	-0.004375
9.87881e-007	-0.004375
9.88381e-007	-0.004375
9.88881e-007	-0.005
9.89381e-007	-0.00375
9.89881e-007	-0.004375
9.90381e-007	-0.005625
9.90881e-007	-0.006875
9.91381e-007	-0.006875
9.91881e-007	-0.005625
9.92381e-007	-0.005
9.92881e-007	-0.004375
9.93381e-007	-0.005625
9.93881e-007	-0.0075
9.94381e-007	-0.0075
9.94881e-007	-0.00625
9.95381e-007	-0.004375
9.95881e-007	-0.004375
9.96381e-007	-0.00375
9.96881e-007	-0.005
9.97381e-007	-0.005625
9.97881e-007	-0.004375
9.98381e-007	-0.004375
9.98881e-007	-0.005625
9.99381e-007	-0.004375
9.99881e-007	-0.005
1.000381e-006	-0.005
1.000881e-006	-0.005
1.001381e-006	-0.00375
1.001881e-006	-0.005
1.002381e-006	-0.005625
1.002881e-006	-0.00625
1.003381e-006	-0.00625
1.003881e-006	-0.005
1.004381e-006	-0.00625
