LECROYWS454	16215	Waveform
Segments	1	SegmentSize	4002
Segment	TrigTime	TimeSinceSegment1
#1	29-Apr-2024 21:00:25	0                 
Time	Ampl
-9.96229e-007	0
-9.95729e-007	-0.001875
-9.95229e-007	-0.001875
-9.94729e-007	-0.000625
-9.94229e-007	-0.000625
-9.93729e-007	0
-9.93229e-007	-0.000625
-9.92729e-007	0
-9.92229e-007	0
-9.91729e-007	-0.000625
-9.91229e-007	-0.001875
-9.90729e-007	-0.0025
-9.90229e-007	-0.00125
-9.89729e-007	0.000625
-9.89229e-007	0.000625
-9.88729e-007	-0.000625
-9.88229e-007	-0.000625
-9.87729e-007	0
-9.87229e-007	0.000625
-9.86729e-007	0
-9.86229e-007	-0.000625
-9.85729e-007	-0.000625
-9.85229e-007	-0.00125
-9.84729e-007	-0.000625
-9.84229e-007	0.000625
-9.83729e-007	-0.0025
-9.83229e-007	-0.001875
-9.82729e-007	0
-9.82229e-007	-0.000625
-9.81729e-007	-0.00125
-9.81229e-007	0
-9.80729e-007	0
-9.80229e-007	-0.00125
-9.79729e-007	-0.00125
-9.79229e-007	0
-9.78729e-007	-0.000625
-9.78229e-007	0
-9.77729e-007	0.000625
-9.77229e-007	-0.000625
-9.76729e-007	-0.000625
-9.76229e-007	-0.000625
-9.75729e-007	-0.000625
-9.75229e-007	-0.000625
-9.74729e-007	0.000625
-9.74229e-007	0.000625
-9.73729e-007	-0.00125
-9.73229e-007	-0.000625
-9.72729e-007	0
-9.72229e-007	-0.000625
-9.71729e-007	-0.000625
-9.71229e-007	-0.001875
-9.70729e-007	-0.000625
-9.70229e-007	0.000625
-9.69729e-007	0
-9.69229e-007	-0.000625
-9.68729e-007	0
-9.68229e-007	-0.000625
-9.67729e-007	0
-9.67229e-007	-0.00125
-9.66729e-007	-0.00125
-9.66229e-007	0
-9.65729e-007	0
-9.65229e-007	-0.00125
-9.64729e-007	-0.000625
-9.64229e-007	0
-9.63729e-007	-0.00125
-9.63229e-007	-0.000625
-9.62729e-007	-0.000625
-9.62229e-007	-0.0025
-9.61729e-007	-0.00125
-9.61229e-007	0
-9.60729e-007	-0.00125
-9.60229e-007	0
-9.59729e-007	-0.000625
-9.59229e-007	-0.000625
-9.58729e-007	-0.00125
-9.58229e-007	-0.000625
-9.57729e-007	-0.00125
-9.57229e-007	-0.00125
-9.56729e-007	0
-9.56229e-007	-0.000625
-9.55729e-007	-0.000625
-9.55229e-007	0
-9.54729e-007	0
-9.54229e-007	0
-9.53729e-007	-0.00125
-9.53229e-007	-0.000625
-9.52729e-007	0
-9.52229e-007	0
-9.51729e-007	0.000625
-9.51229e-007	-0.00125
-9.50729e-007	-0.00125
-9.50229e-007	0
-9.49729e-007	-0.000625
-9.49229e-007	-0.00125
-9.48729e-007	-0.000625
-9.48229e-007	0.000625
-9.47729e-007	0.000625
-9.47229e-007	-0.00125
-9.46729e-007	-0.00125
-9.46229e-007	-0.00125
-9.45729e-007	-0.00125
-9.45229e-007	-0.000625
-9.44729e-007	0
-9.44229e-007	-0.000625
-9.43729e-007	-0.000625
-9.43229e-007	0.000625
-9.42729e-007	0
-9.42229e-007	0
-9.41729e-007	0.00125
-9.41229e-007	-0.00125
-9.40729e-007	-0.00125
-9.40229e-007	0.000625
-9.39729e-007	0.000625
-9.39229e-007	0.00125
-9.38729e-007	0
-9.38229e-007	-0.00125
-9.37729e-007	-0.001875
-9.37229e-007	-0.001875
-9.36729e-007	-0.000625
-9.36229e-007	-0.000625
-9.35729e-007	-0.00125
-9.35229e-007	-0.000625
-9.34729e-007	-0.000625
-9.34229e-007	-0.000625
-9.33729e-007	-0.00125
-9.33229e-007	-0.00125
-9.32729e-007	-0.00125
-9.32229e-007	0
-9.31729e-007	0
-9.31229e-007	0
-9.30729e-007	0
-9.30229e-007	0
-9.29729e-007	0.000625
-9.29229e-007	0
-9.28729e-007	0
-9.28229e-007	-0.00125
-9.27729e-007	-0.001875
-9.27229e-007	-0.000625
-9.26729e-007	0
-9.26229e-007	-0.001875
-9.25729e-007	-0.0025
-9.25229e-007	-0.001875
-9.24729e-007	-0.00125
-9.24229e-007	-0.000625
-9.23729e-007	-0.000625
-9.23229e-007	-0.000625
-9.22729e-007	0.000625
-9.22229e-007	0.00125
-9.21729e-007	-0.000625
-9.21229e-007	-0.000625
-9.20729e-007	-0.000625
-9.20229e-007	-0.000625
-9.19729e-007	0.000625
-9.19229e-007	0
-9.18729e-007	-0.001875
-9.18229e-007	-0.00125
-9.17729e-007	-0.000625
-9.17229e-007	-0.00125
-9.16729e-007	-0.000625
-9.16229e-007	-0.00125
-9.15729e-007	-0.00125
-9.15229e-007	0
-9.14729e-007	-0.000625
-9.14229e-007	-0.00125
-9.13729e-007	-0.00125
-9.13229e-007	0
-9.12729e-007	0.000625
-9.12229e-007	0.00125
-9.11729e-007	0.000625
-9.11229e-007	-0.000625
-9.10729e-007	-0.00125
-9.10229e-007	-0.000625
-9.09729e-007	0
-9.09229e-007	0
-9.08729e-007	0
-9.08229e-007	-0.00125
-9.07729e-007	-0.001875
-9.07229e-007	-0.000625
-9.06729e-007	-0.00125
-9.06229e-007	-0.00125
-9.05729e-007	-0.000625
-9.05229e-007	-0.00125
-9.04729e-007	-0.000625
-9.04229e-007	-0.00125
-9.03729e-007	-0.003125
-9.03229e-007	-0.00125
-9.02729e-007	-0.001875
-9.02229e-007	-0.001875
-9.01729e-007	0.000625
-9.01229e-007	-0.000625
-9.00729e-007	-0.001875
-9.00229e-007	0
-8.99729e-007	0.00125
-8.99229e-007	0.000625
-8.98729e-007	0
-8.98229e-007	0.000625
-8.97729e-007	0.000625
-8.97229e-007	-0.000625
-8.96729e-007	-0.000625
-8.96229e-007	-0.000625
-8.95729e-007	-0.00125
-8.95229e-007	-0.001875
-8.94729e-007	-0.001875
-8.94229e-007	-0.00125
-8.93729e-007	-0.00125
-8.93229e-007	-0.00125
-8.92729e-007	-0.00125
-8.92229e-007	0.000625
-8.91729e-007	0.00125
-8.91229e-007	-0.000625
-8.90729e-007	-0.00125
-8.90229e-007	0
-8.89729e-007	-0.000625
-8.89229e-007	-0.000625
-8.88729e-007	0.000625
-8.88229e-007	0
-8.87729e-007	-0.00125
-8.87229e-007	0
-8.86729e-007	0
-8.86229e-007	-0.000625
-8.85729e-007	0
-8.85229e-007	-0.00125
-8.84729e-007	-0.00125
-8.84229e-007	0.000625
-8.83729e-007	-0.00125
-8.83229e-007	-0.00125
-8.82729e-007	-0.001875
-8.82229e-007	0
-8.81729e-007	0
-8.81229e-007	-0.001875
-8.80729e-007	-0.001875
-8.80229e-007	-0.000625
-8.79729e-007	-0.000625
-8.79229e-007	-0.000625
-8.78729e-007	-0.000625
-8.78229e-007	-0.00125
-8.77729e-007	0
-8.77229e-007	0.00125
-8.76729e-007	-0.00125
-8.76229e-007	-0.00125
-8.75729e-007	0
-8.75229e-007	-0.000625
-8.74729e-007	0
-8.74229e-007	0
-8.73729e-007	-0.000625
-8.73229e-007	-0.001875
-8.72729e-007	-0.001875
-8.72229e-007	-0.000625
-8.71729e-007	-0.000625
-8.71229e-007	-0.001875
-8.70729e-007	-0.001875
-8.70229e-007	-0.001875
-8.69729e-007	-0.00125
-8.69229e-007	-0.001875
-8.68729e-007	-0.00125
-8.68229e-007	0
-8.67729e-007	-0.000625
-8.67229e-007	-0.000625
-8.66729e-007	0.000625
-8.66229e-007	0.000625
-8.65729e-007	0
-8.65229e-007	0.000625
-8.64729e-007	-0.000625
-8.64229e-007	-0.000625
-8.63729e-007	0
-8.63229e-007	0
-8.62729e-007	-0.00125
-8.62229e-007	-0.001875
-8.61729e-007	-0.00125
-8.61229e-007	-0.00125
-8.60729e-007	-0.00125
-8.60229e-007	-0.001875
-8.59729e-007	-0.00125
-8.59229e-007	-0.001875
-8.58729e-007	-0.001875
-8.58229e-007	-0.000625
-8.57729e-007	-0.000625
-8.57229e-007	0
-8.56729e-007	0
-8.56229e-007	0.000625
-8.55729e-007	-0.000625
-8.55229e-007	0.000625
-8.54729e-007	0.001875
-8.54229e-007	0.000625
-8.53729e-007	-0.000625
-8.53229e-007	-0.000625
-8.52729e-007	0.000625
-8.52229e-007	-0.000625
-8.51729e-007	-0.000625
-8.51229e-007	0
-8.50729e-007	-0.000625
-8.50229e-007	-0.001875
-8.49729e-007	-0.001875
-8.49229e-007	-0.00125
-8.48729e-007	0
-8.48229e-007	-0.000625
-8.47729e-007	-0.000625
-8.47229e-007	-0.00125
-8.46729e-007	-0.00125
-8.46229e-007	0.000625
-8.45729e-007	0.00125
-8.45229e-007	-0.00125
-8.44729e-007	-0.000625
-8.44229e-007	0.000625
-8.43729e-007	0.00125
-8.43229e-007	0.000625
-8.42729e-007	0.00125
-8.42229e-007	-0.000625
-8.41729e-007	-0.00125
-8.41229e-007	-0.000625
-8.40729e-007	-0.001875
-8.40229e-007	-0.00125
-8.39729e-007	-0.00125
-8.39229e-007	-0.000625
-8.38729e-007	-0.00125
-8.38229e-007	-0.000625
-8.37729e-007	-0.00125
-8.37229e-007	-0.001875
-8.36729e-007	-0.001875
-8.36229e-007	0.001875
-8.35729e-007	0.00125
-8.35229e-007	0
-8.34729e-007	0
-8.34229e-007	0.000625
-8.33729e-007	0
-8.33229e-007	-0.00125
-8.32729e-007	0
-8.32229e-007	0.00125
-8.31729e-007	0
-8.31229e-007	-0.001875
-8.30729e-007	-0.001875
-8.30229e-007	-0.00125
-8.29729e-007	0.000625
-8.29229e-007	0.000625
-8.28729e-007	-0.00125
-8.28229e-007	-0.00125
-8.27729e-007	-0.00125
-8.27229e-007	-0.00125
-8.26729e-007	-0.00125
-8.26229e-007	-0.000625
-8.25729e-007	-0.000625
-8.25229e-007	-0.00125
-8.24729e-007	-0.001875
-8.24229e-007	0.000625
-8.23729e-007	0.00125
-8.23229e-007	-0.000625
-8.22729e-007	0
-8.22229e-007	-0.000625
-8.21729e-007	-0.000625
-8.21229e-007	0.000625
-8.20729e-007	0.000625
-8.20229e-007	0.00125
-8.19729e-007	0.00125
-8.19229e-007	0.000625
-8.18729e-007	-0.000625
-8.18229e-007	0.000625
-8.17729e-007	0
-8.17229e-007	-0.000625
-8.16729e-007	-0.001875
-8.16229e-007	-0.001875
-8.15729e-007	-0.000625
-8.15229e-007	-0.00125
-8.14729e-007	-0.000625
-8.14229e-007	-0.000625
-8.13729e-007	-0.001875
-8.13229e-007	-0.000625
-8.12729e-007	0.000625
-8.12229e-007	-0.000625
-8.11729e-007	0.000625
-8.11229e-007	0.000625
-8.10729e-007	0.000625
-8.10229e-007	0
-8.09729e-007	0.000625
-8.09229e-007	0.000625
-8.08729e-007	0
-8.08229e-007	-0.00125
-8.07729e-007	-0.00125
-8.07229e-007	0
-8.06729e-007	0
-8.06229e-007	-0.00125
-8.05729e-007	-0.001875
-8.05229e-007	-0.001875
-8.04729e-007	-0.00125
-8.04229e-007	0
-8.03729e-007	-0.000625
-8.03229e-007	-0.00125
-8.02729e-007	-0.0025
-8.02229e-007	-0.000625
-8.01729e-007	0.000625
-8.01229e-007	-0.000625
-8.00729e-007	-0.000625
-8.00229e-007	0.000625
-7.99729e-007	0.0025
-7.99229e-007	0
-7.98729e-007	-0.00125
-7.98229e-007	-0.000625
-7.97729e-007	0.000625
-7.97229e-007	0.001875
-7.96729e-007	0
-7.96229e-007	-0.000625
-7.95729e-007	0
-7.95229e-007	0
-7.94729e-007	-0.00125
-7.94229e-007	-0.001875
-7.93729e-007	-0.001875
-7.93229e-007	-0.000625
-7.92729e-007	-0.000625
-7.92229e-007	-0.001875
-7.91729e-007	-0.00125
-7.91229e-007	0.000625
-7.90729e-007	0
-7.90229e-007	-0.001875
-7.89729e-007	0.000625
-7.89229e-007	0.00125
-7.88729e-007	0.000625
-7.88229e-007	0.001875
-7.87729e-007	0.00125
-7.87229e-007	0.000625
-7.86729e-007	0.000625
-7.86229e-007	0.000625
-7.85729e-007	0
-7.85229e-007	-0.00125
-7.84729e-007	-0.000625
-7.84229e-007	0.000625
-7.83729e-007	0.000625
-7.83229e-007	0.000625
-7.82729e-007	-0.00125
-7.82229e-007	-0.00125
-7.81729e-007	-0.001875
-7.81229e-007	-0.00125
-7.80729e-007	-0.000625
-7.80229e-007	-0.000625
-7.79729e-007	-0.000625
-7.79229e-007	-0.000625
-7.78729e-007	0
-7.78229e-007	0.000625
-7.77729e-007	0.001875
-7.77229e-007	0.001875
-7.76729e-007	-0.000625
-7.76229e-007	-0.00125
-7.75729e-007	-0.00125
-7.75229e-007	0
-7.74729e-007	0.001875
-7.74229e-007	0.000625
-7.73729e-007	-0.00125
-7.73229e-007	-0.001875
-7.72729e-007	-0.00125
-7.72229e-007	-0.00125
-7.71729e-007	-0.00125
-7.71229e-007	-0.001875
-7.70729e-007	-0.00125
-7.70229e-007	-0.00125
-7.69729e-007	-0.00125
-7.69229e-007	0
-7.68729e-007	-0.000625
-7.68229e-007	-0.00125
-7.67729e-007	-0.000625
-7.67229e-007	0.000625
-7.66729e-007	0
-7.66229e-007	-0.000625
-7.65729e-007	0.000625
-7.65229e-007	0.00125
-7.64729e-007	0
-7.64229e-007	0.000625
-7.63729e-007	0.000625
-7.63229e-007	-0.001875
-7.62729e-007	-0.000625
-7.62229e-007	0.000625
-7.61729e-007	0
-7.61229e-007	0
-7.60729e-007	-0.001875
-7.60229e-007	-0.001875
-7.59729e-007	-0.00125
-7.59229e-007	0
-7.58729e-007	0
-7.58229e-007	-0.000625
-7.57729e-007	-0.001875
-7.57229e-007	-0.00125
-7.56729e-007	0
-7.56229e-007	0
-7.55729e-007	0
-7.55229e-007	0
-7.54729e-007	0.000625
-7.54229e-007	0.00125
-7.53729e-007	0.00125
-7.53229e-007	0.000625
-7.52729e-007	0
-7.52229e-007	0
-7.51729e-007	0.000625
-7.51229e-007	0
-7.50729e-007	0
-7.50229e-007	-0.000625
-7.49729e-007	-0.003125
-7.49229e-007	-0.000625
-7.48729e-007	-0.00125
-7.48229e-007	-0.0025
-7.47729e-007	-0.00125
-7.47229e-007	-0.00125
-7.46729e-007	-0.000625
-7.46229e-007	0.00125
-7.45729e-007	0.000625
-7.45229e-007	-0.000625
-7.44729e-007	-0.00125
-7.44229e-007	-0.00125
-7.43729e-007	-0.000625
-7.43229e-007	0.00125
-7.42729e-007	0.001875
-7.42229e-007	-0.000625
-7.41729e-007	0
-7.41229e-007	0
-7.40729e-007	0
-7.40229e-007	-0.000625
-7.39729e-007	-0.000625
-7.39229e-007	0
-7.38729e-007	-0.00125
-7.38229e-007	0
-7.37729e-007	-0.001875
-7.37229e-007	-0.0025
-7.36729e-007	-0.00125
-7.36229e-007	-0.00125
-7.35729e-007	0
-7.35229e-007	0
-7.34729e-007	-0.000625
-7.34229e-007	0.000625
-7.33729e-007	0.001875
-7.33229e-007	0.00125
-7.32729e-007	0.000625
-7.32229e-007	0
-7.31729e-007	0.000625
-7.31229e-007	0.000625
-7.30729e-007	0.000625
-7.30229e-007	0
-7.29729e-007	-0.000625
-7.29229e-007	-0.001875
-7.28729e-007	-0.000625
-7.28229e-007	-0.001875
-7.27729e-007	-0.001875
-7.27229e-007	-0.00125
-7.26729e-007	-0.00125
-7.26229e-007	-0.001875
-7.25729e-007	-0.000625
-7.25229e-007	0.000625
-7.24729e-007	-0.000625
-7.24229e-007	-0.00125
-7.23729e-007	0.000625
-7.23229e-007	0.00125
-7.22729e-007	0.000625
-7.22229e-007	-0.000625
-7.21729e-007	-0.000625
-7.21229e-007	0.000625
-7.20729e-007	0
-7.20229e-007	0.000625
-7.19729e-007	-0.000625
-7.19229e-007	-0.000625
-7.18729e-007	0.000625
-7.18229e-007	-0.000625
-7.17729e-007	-0.00125
-7.17229e-007	-0.00125
-7.16729e-007	-0.00125
-7.16229e-007	-0.000625
-7.15729e-007	-0.001875
-7.15229e-007	-0.001875
-7.14729e-007	-0.00125
-7.14229e-007	0
-7.13729e-007	-0.000625
-7.13229e-007	-0.00125
-7.12729e-007	-0.0025
-7.12229e-007	-0.00125
-7.11729e-007	0.00125
-7.11229e-007	0.000625
-7.10729e-007	0.000625
-7.10229e-007	0.000625
-7.09729e-007	0.00125
-7.09229e-007	0
-7.08729e-007	-0.000625
-7.08229e-007	-0.000625
-7.07729e-007	0
-7.07229e-007	0
-7.06729e-007	0
-7.06229e-007	-0.00125
-7.05729e-007	-0.000625
-7.05229e-007	-0.00125
-7.04729e-007	-0.00125
-7.04229e-007	-0.001875
-7.03729e-007	0.00125
-7.03229e-007	0.000625
-7.02729e-007	0
-7.02229e-007	-0.000625
-7.01729e-007	-0.00125
-7.01229e-007	0
-7.00729e-007	0.00125
-7.00229e-007	0
-6.99729e-007	-0.00125
-6.99229e-007	0.000625
-6.98729e-007	0
-6.98229e-007	0
-6.97729e-007	-0.000625
-6.97229e-007	0.000625
-6.96729e-007	0.001875
-6.96229e-007	0.001875
-6.95729e-007	0.000625
-6.95229e-007	0.000625
-6.94729e-007	-0.000625
-6.94229e-007	0
-6.93729e-007	-0.000625
-6.93229e-007	-0.000625
-6.92729e-007	0
-6.92229e-007	-0.00125
-6.91729e-007	-0.00125
-6.91229e-007	-0.00125
-6.90729e-007	-0.00125
-6.90229e-007	-0.00125
-6.89729e-007	-0.00125
-6.89229e-007	0
-6.88729e-007	0.000625
-6.88229e-007	0
-6.87729e-007	0.000625
-6.87229e-007	0
-6.86729e-007	0.000625
-6.86229e-007	0.00125
-6.85729e-007	0.000625
-6.85229e-007	-0.000625
-6.84729e-007	0.000625
-6.84229e-007	0
-6.83729e-007	0.000625
-6.83229e-007	0
-6.82729e-007	-0.00125
-6.82229e-007	-0.000625
-6.81729e-007	0
-6.81229e-007	-0.000625
-6.80729e-007	-0.00125
-6.80229e-007	-0.000625
-6.79729e-007	-0.000625
-6.79229e-007	0
-6.78729e-007	0
-6.78229e-007	-0.000625
-6.77729e-007	-0.001875
-6.77229e-007	-0.000625
-6.76729e-007	0.000625
-6.76229e-007	0.00125
-6.75729e-007	0.001875
-6.75229e-007	0.00125
-6.74729e-007	0
-6.74229e-007	-0.000625
-6.73729e-007	0.00125
-6.73229e-007	0
-6.72729e-007	-0.000625
-6.72229e-007	0
-6.71729e-007	-0.001875
-6.71229e-007	0.000625
-6.70729e-007	-0.000625
-6.70229e-007	-0.001875
-6.69729e-007	0
-6.69229e-007	0
-6.68729e-007	-0.001875
-6.68229e-007	0
-6.67729e-007	0.00125
-6.67229e-007	0.00125
-6.66729e-007	0.000625
-6.66229e-007	-0.00125
-6.65729e-007	0
-6.65229e-007	0
-6.64729e-007	0.000625
-6.64229e-007	0.000625
-6.63729e-007	0.000625
-6.63229e-007	0
-6.62729e-007	-0.00125
-6.62229e-007	0.000625
-6.61729e-007	0.000625
-6.61229e-007	-0.000625
-6.60729e-007	0
-6.60229e-007	-0.000625
-6.59729e-007	-0.000625
-6.59229e-007	-0.000625
-6.58729e-007	-0.000625
-6.58229e-007	0
-6.57729e-007	0
-6.57229e-007	-0.000625
-6.56729e-007	-0.000625
-6.56229e-007	0.000625
-6.55729e-007	0.000625
-6.55229e-007	-0.000625
-6.54729e-007	0
-6.54229e-007	0
-6.53729e-007	-0.000625
-6.53229e-007	0
-6.52729e-007	-0.000625
-6.52229e-007	-0.000625
-6.51729e-007	0
-6.51229e-007	-0.000625
-6.50729e-007	-0.001875
-6.50229e-007	0
-6.49729e-007	-0.000625
-6.49229e-007	0
-6.48729e-007	-0.000625
-6.48229e-007	-0.00125
-6.47729e-007	0
-6.47229e-007	0.00125
-6.46729e-007	0
-6.46229e-007	0
-6.45729e-007	0
-6.45229e-007	0.000625
-6.44729e-007	0
-6.44229e-007	-0.000625
-6.43729e-007	0.000625
-6.43229e-007	0.000625
-6.42729e-007	0
-6.42229e-007	0
-6.41729e-007	-0.00125
-6.41229e-007	0.000625
-6.40729e-007	0.001875
-6.40229e-007	-0.000625
-6.39729e-007	-0.00125
-6.39229e-007	-0.00125
-6.38729e-007	0
-6.38229e-007	0.000625
-6.37729e-007	0
-6.37229e-007	-0.001875
-6.36729e-007	-0.000625
-6.36229e-007	-0.000625
-6.35729e-007	-0.00125
-6.35229e-007	0
-6.34729e-007	-0.00125
-6.34229e-007	-0.00125
-6.33729e-007	-0.000625
-6.33229e-007	0
-6.32729e-007	0.000625
-6.32229e-007	0.000625
-6.31729e-007	0.000625
-6.31229e-007	0.000625
-6.30729e-007	0
-6.30229e-007	0.00125
-6.29729e-007	0.00125
-6.29229e-007	-0.00125
-6.28729e-007	0.000625
-6.28229e-007	-0.000625
-6.27729e-007	-0.00125
-6.27229e-007	0.000625
-6.26729e-007	0
-6.26229e-007	0.000625
-6.25729e-007	0.000625
-6.25229e-007	-0.00125
-6.24729e-007	-0.001875
-6.24229e-007	0.000625
-6.23729e-007	-0.000625
-6.23229e-007	-0.001875
-6.22729e-007	0
-6.22229e-007	0.00125
-6.21729e-007	0.000625
-6.21229e-007	0
-6.20729e-007	0.000625
-6.20229e-007	0.000625
-6.19729e-007	-0.000625
-6.19229e-007	0.000625
-6.18729e-007	0
-6.18229e-007	0
-6.17729e-007	0.00125
-6.17229e-007	0
-6.16729e-007	0
-6.16229e-007	-0.000625
-6.15729e-007	-0.001875
-6.15229e-007	-0.00125
-6.14729e-007	0.000625
-6.14229e-007	0.000625
-6.13729e-007	-0.000625
-6.13229e-007	0
-6.12729e-007	0
-6.12229e-007	-0.000625
-6.11729e-007	0.000625
-6.11229e-007	0.000625
-6.10729e-007	-0.000625
-6.10229e-007	0
-6.09729e-007	-0.000625
-6.09229e-007	-0.000625
-6.08729e-007	0
-6.08229e-007	0.00125
-6.07729e-007	0.000625
-6.07229e-007	0
-6.06729e-007	0.000625
-6.06229e-007	0
-6.05729e-007	-0.000625
-6.05229e-007	-0.000625
-6.04729e-007	-0.000625
-6.04229e-007	0.000625
-6.03729e-007	0
-6.03229e-007	-0.000625
-6.02729e-007	0.000625
-6.02229e-007	0
-6.01729e-007	-0.000625
-6.01229e-007	-0.000625
-6.00729e-007	0
-6.00229e-007	0
-5.99729e-007	0
-5.99229e-007	0
-5.98729e-007	-0.000625
-5.98229e-007	0
-5.97729e-007	0
-5.97229e-007	0
-5.96729e-007	0.000625
-5.96229e-007	0
-5.95729e-007	0
-5.95229e-007	0
-5.94729e-007	0
-5.94229e-007	0.00125
-5.93729e-007	-0.000625
-5.93229e-007	0.000625
-5.92729e-007	0
-5.92229e-007	-0.001875
-5.91729e-007	-0.000625
-5.91229e-007	-0.000625
-5.90729e-007	-0.000625
-5.90229e-007	0.000625
-5.89729e-007	0
-5.89229e-007	0.000625
-5.88729e-007	0
-5.88229e-007	-0.000625
-5.87729e-007	-0.00125
-5.87229e-007	-0.001875
-5.86729e-007	-0.00125
-5.86229e-007	-0.000625
-5.85729e-007	0
-5.85229e-007	-0.000625
-5.84729e-007	-0.000625
-5.84229e-007	0.000625
-5.83729e-007	0
-5.83229e-007	-0.000625
-5.82729e-007	0
-5.82229e-007	0.00125
-5.81729e-007	0.00125
-5.81229e-007	-0.001875
-5.80729e-007	-0.00125
-5.80229e-007	0
-5.79729e-007	-0.00125
-5.79229e-007	0.000625
-5.78729e-007	-0.000625
-5.78229e-007	-0.000625
-5.77729e-007	-0.00125
-5.77229e-007	-0.001875
-5.76729e-007	0
-5.76229e-007	0
-5.75729e-007	0
-5.75229e-007	0.00125
-5.74729e-007	-0.000625
-5.74229e-007	0
-5.73729e-007	0
-5.73229e-007	-0.00125
-5.72729e-007	0.000625
-5.72229e-007	0.001875
-5.71729e-007	0.000625
-5.71229e-007	-0.00125
-5.70729e-007	-0.00125
-5.70229e-007	-0.000625
-5.69729e-007	-0.00125
-5.69229e-007	-0.00125
-5.68729e-007	-0.000625
-5.68229e-007	-0.000625
-5.67729e-007	-0.000625
-5.67229e-007	-0.001875
-5.66729e-007	-0.00125
-5.66229e-007	-0.00125
-5.65729e-007	-0.000625
-5.65229e-007	-0.001875
-5.64729e-007	-0.001875
-5.64229e-007	0.000625
-5.63729e-007	-0.000625
-5.63229e-007	-0.000625
-5.62729e-007	-0.000625
-5.62229e-007	0
-5.61729e-007	0.000625
-5.61229e-007	-0.000625
-5.60729e-007	-0.00125
-5.60229e-007	0
-5.59729e-007	0.000625
-5.59229e-007	-0.00125
-5.58729e-007	-0.00125
-5.58229e-007	-0.000625
-5.57729e-007	0.00125
-5.57229e-007	0
-5.56729e-007	0
-5.56229e-007	-0.00125
-5.55729e-007	-0.00125
-5.55229e-007	-0.00125
-5.54729e-007	-0.00125
-5.54229e-007	-0.00125
-5.53729e-007	-0.000625
-5.53229e-007	0.00125
-5.52729e-007	0
-5.52229e-007	-0.00125
-5.51729e-007	0.000625
-5.51229e-007	0.000625
-5.50729e-007	-0.00125
-5.50229e-007	0
-5.49729e-007	0
-5.49229e-007	0.000625
-5.48729e-007	0
-5.48229e-007	0
-5.47729e-007	0.000625
-5.47229e-007	-0.00125
-5.46729e-007	-0.00125
-5.46229e-007	0.000625
-5.45729e-007	-0.000625
-5.45229e-007	-0.000625
-5.44729e-007	0
-5.44229e-007	0.000625
-5.43729e-007	0.000625
-5.43229e-007	-0.000625
-5.42729e-007	0
-5.42229e-007	0.000625
-5.41729e-007	0
-5.41229e-007	-0.00125
-5.40729e-007	-0.00125
-5.40229e-007	0.000625
-5.39729e-007	0.000625
-5.39229e-007	0
-5.38729e-007	0.00125
-5.38229e-007	0
-5.37729e-007	-0.000625
-5.37229e-007	-0.001875
-5.36729e-007	0
-5.36229e-007	0.000625
-5.35729e-007	0
-5.35229e-007	0.000625
-5.34729e-007	-0.00125
-5.34229e-007	-0.0025
-5.33729e-007	-0.00125
-5.33229e-007	0
-5.32729e-007	0
-5.32229e-007	-0.001875
-5.31729e-007	0
-5.31229e-007	0
-5.30729e-007	0
-5.30229e-007	-0.000625
-5.29729e-007	-0.001875
-5.29229e-007	-0.000625
-5.28729e-007	0.000625
-5.28229e-007	-0.000625
-5.27729e-007	-0.000625
-5.27229e-007	0
-5.26729e-007	0
-5.26229e-007	0
-5.25729e-007	0.000625
-5.25229e-007	0.00125
-5.24729e-007	-0.000625
-5.24229e-007	0
-5.23729e-007	0
-5.23229e-007	0.000625
-5.22729e-007	-0.000625
-5.22229e-007	-0.000625
-5.21729e-007	0
-5.21229e-007	0
-5.20729e-007	0.000625
-5.20229e-007	0
-5.19729e-007	-0.0025
-5.19229e-007	-0.00125
-5.18729e-007	0.000625
-5.18229e-007	0.000625
-5.17729e-007	0.000625
-5.17229e-007	0
-5.16729e-007	0.00125
-5.16229e-007	0.00125
-5.15729e-007	-0.000625
-5.15229e-007	-0.000625
-5.14729e-007	-0.000625
-5.14229e-007	-0.000625
-5.13729e-007	0.000625
-5.13229e-007	0.000625
-5.12729e-007	0
-5.12229e-007	-0.001875
-5.11729e-007	0
-5.11229e-007	0.000625
-5.10729e-007	0
-5.10229e-007	-0.00125
-5.09729e-007	-0.00125
-5.09229e-007	-0.001875
-5.08729e-007	0
-5.08229e-007	0.00125
-5.07729e-007	-0.000625
-5.07229e-007	0.000625
-5.06729e-007	-0.000625
-5.06229e-007	-0.001875
-5.05729e-007	-0.000625
-5.05229e-007	-0.000625
-5.04729e-007	-0.00125
-5.04229e-007	0
-5.03729e-007	0.000625
-5.03229e-007	0.00125
-5.02729e-007	0
-5.02229e-007	0
-5.01729e-007	0
-5.01229e-007	0.000625
-5.00729e-007	-0.000625
-5.00229e-007	-0.00125
-4.99729e-007	-0.00125
-4.99229e-007	-0.00125
-4.98729e-007	0
-4.98229e-007	0
-4.97729e-007	-0.001875
-4.97229e-007	-0.000625
-4.96729e-007	-0.000625
-4.96229e-007	-0.000625
-4.95729e-007	0.000625
-4.95229e-007	0.000625
-4.94729e-007	0
-4.94229e-007	-0.000625
-4.93729e-007	0
-4.93229e-007	0.000625
-4.92729e-007	0.000625
-4.92229e-007	-0.000625
-4.91729e-007	-0.000625
-4.91229e-007	0.000625
-4.90729e-007	0.000625
-4.90229e-007	-0.000625
-4.89729e-007	0
-4.89229e-007	-0.000625
-4.88729e-007	0.000625
-4.88229e-007	0
-4.87729e-007	-0.000625
-4.87229e-007	-0.001875
-4.86729e-007	-0.001875
-4.86229e-007	-0.00125
-4.85729e-007	-0.000625
-4.85229e-007	0
-4.84729e-007	0.000625
-4.84229e-007	-0.000625
-4.83729e-007	-0.000625
-4.83229e-007	0
-4.82729e-007	-0.000625
-4.82229e-007	-0.000625
-4.81729e-007	0.00125
-4.81229e-007	0.00125
-4.80729e-007	0.000625
-4.80229e-007	0
-4.79729e-007	0.00125
-4.79229e-007	0.000625
-4.78729e-007	0
-4.78229e-007	-0.000625
-4.77729e-007	-0.000625
-4.77229e-007	0.000625
-4.76729e-007	-0.00125
-4.76229e-007	-0.001875
-4.75729e-007	-0.001875
-4.75229e-007	-0.000625
-4.74729e-007	-0.00125
-4.74229e-007	-0.001875
-4.73729e-007	-0.000625
-4.73229e-007	0
-4.72729e-007	0.000625
-4.72229e-007	0
-4.71729e-007	0.000625
-4.71229e-007	0.001875
-4.70729e-007	0.00125
-4.70229e-007	0.000625
-4.69729e-007	0.001875
-4.69229e-007	0.000625
-4.68729e-007	-0.000625
-4.68229e-007	-0.001875
-4.67729e-007	-0.000625
-4.67229e-007	0
-4.66729e-007	0
-4.66229e-007	-0.00125
-4.65729e-007	0
-4.65229e-007	0
-4.64729e-007	-0.000625
-4.64229e-007	-0.001875
-4.63729e-007	-0.00125
-4.63229e-007	0.00125
-4.62729e-007	0.00125
-4.62229e-007	0
-4.61729e-007	0
-4.61229e-007	0
-4.60729e-007	0
-4.60229e-007	0.001875
-4.59729e-007	0.00125
-4.59229e-007	0.00125
-4.58729e-007	0
-4.58229e-007	0
-4.57729e-007	-0.000625
-4.57229e-007	0.000625
-4.56729e-007	0
-4.56229e-007	0
-4.55729e-007	-0.001875
-4.55229e-007	-0.00125
-4.54729e-007	-0.000625
-4.54229e-007	-0.00125
-4.53729e-007	-0.001875
-4.53229e-007	-0.000625
-4.52729e-007	-0.00125
-4.52229e-007	-0.001875
-4.51729e-007	-0.00125
-4.51229e-007	0
-4.50729e-007	0.000625
-4.50229e-007	0.000625
-4.49729e-007	0.00125
-4.49229e-007	0.000625
-4.48729e-007	0.00125
-4.48229e-007	0.001875
-4.47729e-007	0
-4.47229e-007	-0.000625
-4.46729e-007	0.000625
-4.46229e-007	0.000625
-4.45729e-007	0.00125
-4.45229e-007	-0.000625
-4.44729e-007	-0.00125
-4.44229e-007	-0.00125
-4.43729e-007	-0.00125
-4.43229e-007	-0.001875
-4.42729e-007	-0.00125
-4.42229e-007	-0.001875
-4.41729e-007	-0.000625
-4.41229e-007	-0.000625
-4.40729e-007	-0.00125
-4.40229e-007	-0.000625
-4.39729e-007	0.00125
-4.39229e-007	0.000625
-4.38729e-007	0
-4.38229e-007	0.00125
-4.37729e-007	0.00125
-4.37229e-007	0.000625
-4.36729e-007	0.000625
-4.36229e-007	-0.000625
-4.35729e-007	-0.00125
-4.35229e-007	0.00125
-4.34729e-007	0.00125
-4.34229e-007	-0.00125
-4.33729e-007	-0.003125
-4.33229e-007	0.000625
-4.32729e-007	0.000625
-4.32229e-007	-0.0025
-4.31729e-007	-0.001875
-4.31229e-007	-0.000625
-4.30729e-007	-0.00125
-4.30229e-007	-0.000625
-4.29729e-007	-0.000625
-4.29229e-007	-0.000625
-4.28729e-007	0.000625
-4.28229e-007	0.00125
-4.27729e-007	0
-4.27229e-007	0
-4.26729e-007	0
-4.26229e-007	0.001875
-4.25729e-007	0.00125
-4.25229e-007	-0.00125
-4.24729e-007	0
-4.24229e-007	0.00125
-4.23729e-007	0
-4.23229e-007	-0.001875
-4.22729e-007	-0.00125
-4.22229e-007	-0.00125
-4.21729e-007	-0.000625
-4.21229e-007	-0.001875
-4.20729e-007	-0.001875
-4.20229e-007	-0.00125
-4.19729e-007	-0.000625
-4.19229e-007	0
-4.18729e-007	-0.000625
-4.18229e-007	-0.000625
-4.17729e-007	0
-4.17229e-007	0.000625
-4.16729e-007	0.001875
-4.16229e-007	0.001875
-4.15729e-007	0.000625
-4.15229e-007	0.00125
-4.14729e-007	-0.00125
-4.14229e-007	-0.001875
-4.13729e-007	-0.000625
-4.13229e-007	0.00125
-4.12729e-007	0
-4.12229e-007	-0.00125
-4.11729e-007	-0.000625
-4.11229e-007	-0.000625
-4.10729e-007	-0.00125
-4.10229e-007	-0.001875
-4.09729e-007	-0.001875
-4.09229e-007	-0.000625
-4.08729e-007	0.000625
-4.08229e-007	0.000625
-4.07729e-007	-0.000625
-4.07229e-007	0
-4.06729e-007	0
-4.06229e-007	-0.000625
-4.05729e-007	-0.000625
-4.05229e-007	0.000625
-4.04729e-007	0
-4.04229e-007	0
-4.03729e-007	0
-4.03229e-007	-0.000625
-4.02729e-007	-0.000625
-4.02229e-007	0.000625
-4.01729e-007	0.000625
-4.01229e-007	-0.00125
-4.00729e-007	-0.001875
-4.00229e-007	-0.000625
-3.99729e-007	-0.00125
-3.99229e-007	-0.00125
-3.98729e-007	-0.000625
-3.98229e-007	-0.000625
-3.97729e-007	0
-3.97229e-007	0.000625
-3.96729e-007	-0.00125
-3.96229e-007	-0.001875
-3.95729e-007	0.000625
-3.95229e-007	0.001875
-3.94729e-007	-0.00125
-3.94229e-007	-0.001875
-3.93729e-007	-0.001875
-3.93229e-007	0.000625
-3.92729e-007	0.000625
-3.92229e-007	-0.00125
-3.91729e-007	-0.00125
-3.91229e-007	0.000625
-3.90729e-007	0
-3.90229e-007	-0.000625
-3.89729e-007	0.000625
-3.89229e-007	-0.000625
-3.88729e-007	-0.001875
-3.88229e-007	-0.000625
-3.87729e-007	-0.000625
-3.87229e-007	-0.000625
-3.86729e-007	-0.000625
-3.86229e-007	-0.00125
-3.85729e-007	-0.00125
-3.85229e-007	-0.00125
-3.84729e-007	-0.00125
-3.84229e-007	0.000625
-3.83729e-007	0.00125
-3.83229e-007	-0.000625
-3.82729e-007	0
-3.82229e-007	0.00125
-3.81729e-007	0
-3.81229e-007	-0.000625
-3.80729e-007	0
-3.80229e-007	0
-3.79729e-007	0
-3.79229e-007	0.00125
-3.78729e-007	0
-3.78229e-007	-0.0025
-3.77729e-007	-0.001875
-3.77229e-007	-0.000625
-3.76729e-007	-0.00125
-3.76229e-007	-0.000625
-3.75729e-007	0.000625
-3.75229e-007	-0.00125
-3.74729e-007	-0.000625
-3.74229e-007	-0.00125
-3.73729e-007	-0.00125
-3.73229e-007	-0.000625
-3.72729e-007	0.000625
-3.72229e-007	-0.000625
-3.71729e-007	-0.00125
-3.71229e-007	0
-3.70729e-007	0.000625
-3.70229e-007	0.000625
-3.69729e-007	0.000625
-3.69229e-007	0
-3.68729e-007	0.000625
-3.68229e-007	-0.00125
-3.67729e-007	-0.00125
-3.67229e-007	-0.000625
-3.66729e-007	0.000625
-3.66229e-007	0
-3.65729e-007	-0.000625
-3.65229e-007	-0.001875
-3.64729e-007	-0.001875
-3.64229e-007	-0.001875
-3.63729e-007	-0.001875
-3.63229e-007	-0.00125
-3.62729e-007	-0.001875
-3.62229e-007	-0.000625
-3.61729e-007	0.000625
-3.61229e-007	0.000625
-3.60729e-007	-0.00125
-3.60229e-007	0
-3.59729e-007	0.00125
-3.59229e-007	0.000625
-3.58729e-007	-0.00125
-3.58229e-007	0
-3.57729e-007	0
-3.57229e-007	-0.000625
-3.56729e-007	-0.00125
-3.56229e-007	0
-3.55729e-007	-0.00125
-3.55229e-007	-0.00125
-3.54729e-007	-0.00125
-3.54229e-007	-0.001875
-3.53729e-007	-0.00125
-3.53229e-007	0
-3.52729e-007	0
-3.52229e-007	-0.00125
-3.51729e-007	-0.000625
-3.51229e-007	-0.000625
-3.50729e-007	-0.00125
-3.50229e-007	-0.000625
-3.49729e-007	0
-3.49229e-007	0.000625
-3.48729e-007	0.00125
-3.48229e-007	0.000625
-3.47729e-007	0.000625
-3.47229e-007	0.001875
-3.46729e-007	0.001875
-3.46229e-007	0
-3.45729e-007	0.000625
-3.45229e-007	0
-3.44729e-007	0
-3.44229e-007	-0.000625
-3.43729e-007	-0.001875
-3.43229e-007	-0.00125
-3.42729e-007	0.00125
-3.42229e-007	-0.000625
-3.41729e-007	-0.00125
-3.41229e-007	0
-3.40729e-007	0
-3.40229e-007	0.000625
-3.39729e-007	0
-3.39229e-007	-0.000625
-3.38729e-007	0.00125
-3.38229e-007	0.000625
-3.37729e-007	-0.000625
-3.37229e-007	0
-3.36729e-007	-0.000625
-3.36229e-007	0
-3.35729e-007	0
-3.35229e-007	-0.000625
-3.34729e-007	-0.000625
-3.34229e-007	0.000625
-3.33729e-007	-0.000625
-3.33229e-007	-0.000625
-3.32729e-007	0.00125
-3.32229e-007	0
-3.31729e-007	-0.00125
-3.31229e-007	-0.001875
-3.30729e-007	-0.00125
-3.30229e-007	0.000625
-3.29729e-007	-0.00125
-3.29229e-007	-0.000625
-3.28729e-007	0
-3.28229e-007	-0.001875
-3.27729e-007	-0.00125
-3.27229e-007	0
-3.26729e-007	0
-3.26229e-007	-0.000625
-3.25729e-007	0
-3.25229e-007	0.00125
-3.24729e-007	0.00125
-3.24229e-007	-0.00125
-3.23729e-007	-0.00125
-3.23229e-007	0.000625
-3.22729e-007	0.00125
-3.22229e-007	0
-3.21729e-007	-0.001875
-3.21229e-007	-0.0025
-3.20729e-007	0
-3.20229e-007	0
-3.19729e-007	-0.001875
-3.19229e-007	-0.000625
-3.18729e-007	0
-3.18229e-007	0
-3.17729e-007	-0.00125
-3.17229e-007	-0.001875
-3.16729e-007	0.000625
-3.16229e-007	-0.000625
-3.15729e-007	-0.00125
-3.15229e-007	0
-3.14729e-007	-0.000625
-3.14229e-007	0
-3.13729e-007	-0.000625
-3.13229e-007	-0.00125
-3.12729e-007	0.000625
-3.12229e-007	0.000625
-3.11729e-007	0
-3.11229e-007	0.000625
-3.10729e-007	-0.000625
-3.10229e-007	-0.000625
-3.09729e-007	-0.00125
-3.09229e-007	-0.00125
-3.08729e-007	0
-3.08229e-007	-0.00125
-3.07729e-007	-0.00125
-3.07229e-007	-0.001875
-3.06729e-007	-0.00125
-3.06229e-007	-0.00125
-3.05729e-007	0.000625
-3.05229e-007	0.00125
-3.04729e-007	0.000625
-3.04229e-007	-0.000625
-3.03729e-007	0
-3.03229e-007	-0.000625
-3.02729e-007	0
-3.02229e-007	-0.000625
-3.01729e-007	0
-3.01229e-007	0.000625
-3.00729e-007	-0.000625
-3.00229e-007	-0.00125
-2.99729e-007	-0.0025
-2.99229e-007	-0.001875
-2.98729e-007	0
-2.98229e-007	0
-2.97729e-007	-0.000625
-2.97229e-007	-0.00125
-2.96729e-007	-0.00125
-2.96229e-007	-0.00125
-2.95729e-007	-0.001875
-2.95229e-007	-0.000625
-2.94729e-007	0.00125
-2.94229e-007	0
-2.93729e-007	0
-2.93229e-007	0
-2.92729e-007	-0.000625
-2.92229e-007	0
-2.91729e-007	0.000625
-2.91229e-007	0
-2.90729e-007	0
-2.90229e-007	0.00125
-2.89729e-007	0
-2.89229e-007	0.000625
-2.88729e-007	-0.001875
-2.88229e-007	-0.000625
-2.87729e-007	0.000625
-2.87229e-007	-0.00125
-2.86729e-007	-0.00125
-2.86229e-007	-0.000625
-2.85729e-007	-0.000625
-2.85229e-007	-0.000625
-2.84729e-007	-0.00125
-2.84229e-007	-0.000625
-2.83729e-007	0.000625
-2.83229e-007	-0.000625
-2.82729e-007	0
-2.82229e-007	0.00125
-2.81729e-007	0
-2.81229e-007	0
-2.80729e-007	0.000625
-2.80229e-007	0
-2.79729e-007	0
-2.79229e-007	-0.000625
-2.78729e-007	-0.000625
-2.78229e-007	-0.00125
-2.77729e-007	-0.00125
-2.77229e-007	-0.000625
-2.76729e-007	0
-2.76229e-007	-0.00125
-2.75729e-007	0
-2.75229e-007	0
-2.74729e-007	-0.00125
-2.74229e-007	-0.001875
-2.73729e-007	-0.000625
-2.73229e-007	-0.000625
-2.72729e-007	0
-2.72229e-007	-0.000625
-2.71729e-007	0.000625
-2.71229e-007	0.00125
-2.70729e-007	0
-2.70229e-007	0
-2.69729e-007	0.000625
-2.69229e-007	0.00125
-2.68729e-007	0.000625
-2.68229e-007	-0.000625
-2.67729e-007	0
-2.67229e-007	0.000625
-2.66729e-007	-0.000625
-2.66229e-007	-0.000625
-2.65729e-007	-0.000625
-2.65229e-007	-0.000625
-2.64729e-007	-0.00125
-2.64229e-007	-0.001875
-2.63729e-007	-0.00125
-2.63229e-007	0
-2.62729e-007	-0.000625
-2.62229e-007	-0.000625
-2.61729e-007	0.000625
-2.61229e-007	0.000625
-2.60729e-007	0.000625
-2.60229e-007	0.000625
-2.59729e-007	0
-2.59229e-007	0.000625
-2.58729e-007	0
-2.58229e-007	0
-2.57729e-007	0.000625
-2.57229e-007	0.00125
-2.56729e-007	0
-2.56229e-007	-0.0025
-2.55729e-007	-0.000625
-2.55229e-007	-0.00125
-2.54729e-007	-0.001875
-2.54229e-007	-0.000625
-2.53729e-007	-0.00125
-2.53229e-007	-0.001875
-2.52729e-007	-0.00125
-2.52229e-007	0.000625
-2.51729e-007	-0.000625
-2.51229e-007	-0.00125
-2.50729e-007	-0.00125
-2.50229e-007	0
-2.49729e-007	0
-2.49229e-007	-0.000625
-2.48729e-007	0
-2.48229e-007	0.00125
-2.47729e-007	0.000625
-2.47229e-007	0.00125
-2.46729e-007	0.00125
-2.46229e-007	0.000625
-2.45729e-007	0
-2.45229e-007	-0.000625
-2.44729e-007	-0.00125
-2.44229e-007	-0.000625
-2.43729e-007	-0.000625
-2.43229e-007	0.000625
-2.42729e-007	-0.000625
-2.42229e-007	-0.00125
-2.41729e-007	0
-2.41229e-007	0
-2.40729e-007	-0.000625
-2.40229e-007	0
-2.39729e-007	-0.000625
-2.39229e-007	-0.000625
-2.38729e-007	-0.000625
-2.38229e-007	-0.000625
-2.37729e-007	-0.000625
-2.37229e-007	0.000625
-2.36729e-007	0
-2.36229e-007	0
-2.35729e-007	-0.000625
-2.35229e-007	-0.000625
-2.34729e-007	0.000625
-2.34229e-007	0
-2.33729e-007	-0.000625
-2.33229e-007	-0.00125
-2.32729e-007	0.000625
-2.32229e-007	-0.000625
-2.31729e-007	-0.000625
-2.31229e-007	-0.000625
-2.30729e-007	-0.001875
-2.30229e-007	0.000625
-2.29729e-007	0.00125
-2.29229e-007	0
-2.28729e-007	0
-2.28229e-007	-0.000625
-2.27729e-007	0
-2.27229e-007	0
-2.26729e-007	0.000625
-2.26229e-007	0
-2.25729e-007	-0.00125
-2.25229e-007	-0.000625
-2.24729e-007	-0.000625
-2.24229e-007	0
-2.23729e-007	-0.000625
-2.23229e-007	-0.000625
-2.22729e-007	0.000625
-2.22229e-007	0.00125
-2.21729e-007	-0.000625
-2.21229e-007	-0.00125
-2.20729e-007	0
-2.20229e-007	-0.000625
-2.19729e-007	-0.000625
-2.19229e-007	-0.000625
-2.18729e-007	0.00125
-2.18229e-007	0.001875
-2.17729e-007	0
-2.17229e-007	-0.000625
-2.16729e-007	-0.00125
-2.16229e-007	0
-2.15729e-007	0.000625
-2.15229e-007	0.001875
-2.14729e-007	0.00125
-2.14229e-007	0
-2.13729e-007	0.000625
-2.13229e-007	-0.000625
-2.12729e-007	-0.000625
-2.12229e-007	0.00125
-2.11729e-007	0
-2.11229e-007	-0.00125
-2.10729e-007	0
-2.10229e-007	0.00125
-2.09729e-007	0
-2.09229e-007	-0.000625
-2.08729e-007	0
-2.08229e-007	0
-2.07729e-007	0.00125
-2.07229e-007	0.000625
-2.06729e-007	-0.00125
-2.06229e-007	-0.000625
-2.05729e-007	0
-2.05229e-007	-0.00125
-2.04729e-007	0
-2.04229e-007	0.000625
-2.03729e-007	-0.000625
-2.03229e-007	-0.000625
-2.02729e-007	0.000625
-2.02229e-007	0.000625
-2.01729e-007	0.001875
-2.01229e-007	0
-2.00729e-007	-0.000625
-2.00229e-007	0.000625
-1.99729e-007	-0.00125
-1.99229e-007	-0.000625
-1.98729e-007	-0.000625
-1.98229e-007	-0.000625
-1.97729e-007	0
-1.97229e-007	0
-1.96729e-007	0.000625
-1.96229e-007	-0.000625
-1.95729e-007	-0.001875
-1.95229e-007	0.000625
-1.94729e-007	0.000625
-1.94229e-007	-0.000625
-1.93729e-007	-0.000625
-1.93229e-007	-0.000625
-1.92729e-007	-0.000625
-1.92229e-007	-0.000625
-1.91729e-007	0
-1.91229e-007	-0.000625
-1.90729e-007	0
-1.90229e-007	0.000625
-1.89729e-007	-0.000625
-1.89229e-007	0.000625
-1.88729e-007	0
-1.88229e-007	-0.000625
-1.87729e-007	0.000625
-1.87229e-007	0.000625
-1.86729e-007	0.000625
-1.86229e-007	0
-1.85729e-007	0
-1.85229e-007	0.000625
-1.84729e-007	0
-1.84229e-007	0.000625
-1.83729e-007	0.00125
-1.83229e-007	0.00125
-1.82729e-007	0.000625
-1.82229e-007	-0.000625
-1.81729e-007	0.000625
-1.81229e-007	0
-1.80729e-007	-0.00125
-1.80229e-007	-0.000625
-1.79729e-007	-0.000625
-1.79229e-007	0
-1.78729e-007	0.000625
-1.78229e-007	0.000625
-1.77729e-007	0
-1.77229e-007	0.000625
-1.76729e-007	0.000625
-1.76229e-007	0.000625
-1.75729e-007	0.000625
-1.75229e-007	0
-1.74729e-007	0.000625
-1.74229e-007	0.00125
-1.73729e-007	-0.00125
-1.73229e-007	-0.000625
-1.72729e-007	0.000625
-1.72229e-007	0.000625
-1.71729e-007	-0.000625
-1.71229e-007	0
-1.70729e-007	0
-1.70229e-007	0
-1.69729e-007	-0.000625
-1.69229e-007	-0.000625
-1.68729e-007	-0.000625
-1.68229e-007	-0.000625
-1.67729e-007	-0.00125
-1.67229e-007	0
-1.66729e-007	-0.000625
-1.66229e-007	-0.00125
-1.65729e-007	0
-1.65229e-007	0.000625
-1.64729e-007	0
-1.64229e-007	0
-1.63729e-007	-0.000625
-1.63229e-007	-0.000625
-1.62729e-007	-0.000625
-1.62229e-007	0.000625
-1.61729e-007	0.000625
-1.61229e-007	-0.000625
-1.60729e-007	0
-1.60229e-007	-0.00125
-1.59729e-007	0
-1.59229e-007	0.00125
-1.58729e-007	-0.000625
-1.58229e-007	0
-1.57729e-007	0
-1.57229e-007	-0.000625
-1.56729e-007	-0.000625
-1.56229e-007	-0.00125
-1.55729e-007	0
-1.55229e-007	0.00125
-1.54729e-007	0.000625
-1.54229e-007	-0.00125
-1.53729e-007	0
-1.53229e-007	-0.000625
-1.52729e-007	-0.001875
-1.52229e-007	-0.000625
-1.51729e-007	0.000625
-1.51229e-007	0
-1.50729e-007	0.000625
-1.50229e-007	0.00125
-1.49729e-007	0.00125
-1.49229e-007	0
-1.48729e-007	0.000625
-1.48229e-007	0
-1.47729e-007	-0.000625
-1.47229e-007	-0.000625
-1.46729e-007	-0.000625
-1.46229e-007	-0.001875
-1.45729e-007	-0.001875
-1.45229e-007	-0.000625
-1.44729e-007	-0.00125
-1.44229e-007	0.000625
-1.43729e-007	-0.000625
-1.43229e-007	-0.000625
-1.42729e-007	-0.00125
-1.42229e-007	0.00125
-1.41729e-007	0.00125
-1.41229e-007	0.000625
-1.40729e-007	-0.00125
-1.40229e-007	-0.00125
-1.39729e-007	0.000625
-1.39229e-007	0.000625
-1.38729e-007	0
-1.38229e-007	-0.000625
-1.37729e-007	0.000625
-1.37229e-007	0
-1.36729e-007	-0.00125
-1.36229e-007	-0.000625
-1.35729e-007	0
-1.35229e-007	-0.00125
-1.34729e-007	-0.00125
-1.34229e-007	-0.001875
-1.33729e-007	-0.00125
-1.33229e-007	0
-1.32729e-007	-0.00125
-1.32229e-007	-0.000625
-1.31729e-007	0.000625
-1.31229e-007	-0.000625
-1.30729e-007	-0.000625
-1.30229e-007	0.000625
-1.29729e-007	0.001875
-1.29229e-007	0.000625
-1.28729e-007	-0.00125
-1.28229e-007	0.000625
-1.27729e-007	0.001875
-1.27229e-007	0
-1.26729e-007	-0.00125
-1.26229e-007	-0.000625
-1.25729e-007	-0.001875
-1.25229e-007	-0.001875
-1.24729e-007	-0.00125
-1.24229e-007	-0.001875
-1.23729e-007	-0.001875
-1.23229e-007	0
-1.22729e-007	0
-1.22229e-007	0
-1.21729e-007	0
-1.21229e-007	0.000625
-1.20729e-007	-0.001875
-1.20229e-007	0
-1.19729e-007	0.00125
-1.19229e-007	0.000625
-1.18729e-007	0.00125
-1.18229e-007	0.000625
-1.17729e-007	0
-1.17229e-007	0.000625
-1.16729e-007	-0.000625
-1.16229e-007	-0.001875
-1.15729e-007	-0.00125
-1.15229e-007	-0.000625
-1.14729e-007	0
-1.14229e-007	-0.000625
-1.13729e-007	-0.001875
-1.13229e-007	-0.00125
-1.12729e-007	0.000625
-1.12229e-007	-0.000625
-1.11729e-007	-0.001875
-1.11229e-007	-0.00125
-1.10729e-007	-0.000625
-1.10229e-007	-0.000625
-1.09729e-007	0.00125
-1.09229e-007	0.00125
-1.08729e-007	-0.000625
-1.08229e-007	0.000625
-1.07729e-007	0.000625
-1.07229e-007	-0.000625
-1.06729e-007	0.000625
-1.06229e-007	0.001875
-1.05729e-007	0.000625
-1.05229e-007	-0.000625
-1.04729e-007	0
-1.04229e-007	0
-1.03729e-007	-0.000625
-1.03229e-007	-0.000625
-1.02729e-007	-0.00125
-1.02229e-007	-0.000625
-1.01729e-007	0.000625
-1.01229e-007	-0.00125
-1.00729e-007	-0.000625
-1.00229e-007	0
-9.9729e-008	-0.00125
-9.9229e-008	-0.00125
-9.8729e-008	0
-9.8229e-008	0
-9.7729e-008	0.00125
-9.7229e-008	0.001875
-9.6729e-008	0
-9.6229e-008	0.000625
-9.5729e-008	0.000625
-9.5229e-008	0
-9.4729e-008	0.000625
-9.4229e-008	0.000625
-9.3729e-008	0
-9.3229e-008	-0.000625
-9.2729e-008	0.000625
-9.2229e-008	0.00125
-9.1729e-008	0
-9.1229e-008	-0.00125
-9.0729e-008	-0.00125
-9.0229e-008	-0.00125
-8.9729e-008	-0.000625
-8.9229e-008	-0.000625
-8.8729e-008	0.000625
-8.8229e-008	0.000625
-8.7729e-008	-0.00125
-8.7229e-008	0.000625
-8.6729e-008	0.00125
-8.6229e-008	0.00125
-8.5729e-008	0.001875
-8.5229e-008	0
-8.4729e-008	0
-8.4229e-008	0
-8.3729e-008	0
-8.3229e-008	-0.000625
-8.2729e-008	0.000625
-8.2229e-008	-0.00125
-8.1729e-008	-0.001875
-8.1229e-008	-0.00125
-8.0729e-008	-0.00125
-8.0229e-008	-0.000625
-7.9729e-008	-0.00125
-7.9229e-008	-0.001875
-7.8729e-008	-0.000625
-7.8229e-008	0.000625
-7.7729e-008	0.000625
-7.7229e-008	0.001875
-7.6729e-008	0.00125
-7.6229e-008	-0.00125
-7.5729e-008	0
-7.5229e-008	0.0025
-7.4729e-008	0.000625
-7.4229e-008	-0.000625
-7.3729e-008	0
-7.3229e-008	0.000625
-7.2729e-008	0
-7.2229e-008	-0.000625
-7.1729e-008	0.00125
-7.1229e-008	0.000625
-7.0729e-008	-0.00125
-7.0229e-008	0
-6.9729e-008	-0.001875
-6.9229e-008	-0.000625
-6.8729e-008	0
-6.8229e-008	-0.001875
-6.7729e-008	0
-6.7229e-008	0
-6.6729e-008	-0.000625
-6.6229e-008	0
-6.5729e-008	0
-6.5229e-008	0
-6.4729e-008	0.000625
-6.4229e-008	0
-6.3729e-008	0.000625
-6.3229e-008	0.000625
-6.2729e-008	0.00125
-6.2229e-008	0.00125
-6.1729e-008	0
-6.1229e-008	-0.00125
-6.0729e-008	0
-6.0229e-008	0.000625
-5.9729e-008	-0.000625
-5.9229e-008	0.000625
-5.8729e-008	0
-5.8229e-008	-0.00125
-5.7729e-008	-0.000625
-5.7229e-008	0.000625
-5.6729e-008	0.000625
-5.6229e-008	-0.001875
-5.5729e-008	-0.00125
-5.5229e-008	0.000625
-5.4729e-008	-0.000625
-5.4229e-008	0
-5.3729e-008	0
-5.3229e-008	-0.000625
-5.2729e-008	0.00125
-5.2229e-008	0.0025
-5.1729e-008	0.00125
-5.1229e-008	0.00125
-5.0729e-008	0.00125
-5.0229e-008	0.000625
-4.9729e-008	0.000625
-4.9229e-008	0.00125
-4.8729e-008	0
-4.8229e-008	-0.00125
-4.7729e-008	-0.000625
-4.7229e-008	0.00125
-4.6729e-008	0.000625
-4.6229e-008	-0.001875
-4.5729e-008	-0.001875
-4.5229e-008	0
-4.4729e-008	-0.000625
-4.4229e-008	-0.001875
-4.3729e-008	0
-4.3229e-008	0
-4.2729e-008	-0.00125
-4.2229e-008	0.000625
-4.1729e-008	0.00375
-4.1229e-008	0.00125
-4.0729e-008	0
-4.0229e-008	0.00125
-3.9729e-008	0.001875
-3.9229e-008	0.000625
-3.8729e-008	0
-3.8229e-008	0.000625
-3.7729e-008	0.000625
-3.7229e-008	-0.00125
-3.6729e-008	-0.001875
-3.6229e-008	-0.00125
-3.5729e-008	-0.000625
-3.5229e-008	-0.000625
-3.4729e-008	-0.000625
-3.4229e-008	-0.001875
-3.3729e-008	-0.00125
-3.3229e-008	0
-3.2729e-008	0
-3.2229e-008	-0.000625
-3.1729e-008	0.000625
-3.1229e-008	0.001875
-3.0729e-008	0.000625
-3.0229e-008	-0.000625
-2.9729e-008	0.001875
-2.9229e-008	0.00125
-2.8729e-008	0
-2.8229e-008	0.000625
-2.7729e-008	0.000625
-2.7229e-008	0.000625
-2.6729e-008	-0.00125
-2.6229e-008	-0.000625
-2.5729e-008	-0.00125
-2.5229e-008	-0.001875
-2.4729e-008	-0.00125
-2.4229e-008	-0.00125
-2.3729e-008	-0.000625
-2.3229e-008	0
-2.2729e-008	-0.000625
-2.2229e-008	-0.000625
-2.1729e-008	-0.000625
-2.1229e-008	0.0025
-2.0729e-008	0.00125
-2.0229e-008	-0.001875
-1.9729e-008	0
-1.9229e-008	0
-1.8729e-008	0.00125
-1.8229e-008	0.001875
-1.7729e-008	0
-1.7229e-008	0
-1.6729e-008	0.00125
-1.6229e-008	0
-1.5729e-008	-0.000625
-1.5229e-008	-0.00125
-1.4729e-008	-0.001875
-1.4229e-008	-0.001875
-1.3729e-008	-0.00125
-1.3229e-008	-0.00125
-1.2729e-008	-0.001875
-1.2229e-008	-0.0025
-1.1729e-008	-0.00125
-1.1229e-008	0.00125
-1.0729e-008	0.000625
-1.0229e-008	0.000625
-9.729e-009	0
-9.229e-009	0
-8.729e-009	0.001875
-8.229e-009	0
-7.729e-009	0.000625
-7.229e-009	0.00125
-6.729e-009	-0.000625
-6.229e-009	-0.001875
-5.729e-009	-0.005
-5.229e-009	-0.01125
-4.729e-009	-0.0175
-4.229e-009	-0.026875
-3.729e-009	-0.031875
-3.229e-009	-0.038125
-2.729e-009	-0.045
-2.229e-009	-0.0475
-1.729e-009	-0.050625
-1.229e-009	-0.0525
-7.29e-010	-0.053125
-2.29e-010	-0.055
2.71e-010	-0.056875
7.71e-010	-0.058125
1.271e-009	-0.059375
1.771e-009	-0.06
2.271e-009	-0.06125
2.771e-009	-0.061875
3.271e-009	-0.0625
3.771e-009	-0.064375
4.271e-009	-0.0675
4.771e-009	-0.06875
5.271e-009	-0.0725
5.771e-009	-0.075625
6.271e-009	-0.0775
6.771e-009	-0.079375
7.271e-009	-0.083125
7.771e-009	-0.084375
8.271e-009	-0.0875
8.771e-009	-0.08875
9.271e-009	-0.09125
9.771e-009	-0.094375
1.0271e-008	-0.096875
1.0771e-008	-0.0975
1.1271e-008	-0.098125
1.1771e-008	-0.09875
1.2271e-008	-0.098125
1.2771e-008	-0.09375
1.3271e-008	-0.094375
1.3771e-008	-0.09625
1.4271e-008	-0.095
1.4771e-008	-0.095
1.5271e-008	-0.09625
1.5771e-008	-0.09625
1.6271e-008	-0.09375
1.6771e-008	-0.09375
1.7271e-008	-0.095625
1.7771e-008	-0.09625
1.8271e-008	-0.095625
1.8771e-008	-0.0975
1.9271e-008	-0.100625
1.9771e-008	-0.101875
2.0271e-008	-0.104375
2.0771e-008	-0.10625
2.1271e-008	-0.10375
2.1771e-008	-0.105625
2.2271e-008	-0.108125
2.2771e-008	-0.106875
2.3271e-008	-0.105625
2.3771e-008	-0.106875
2.4271e-008	-0.10875
2.4771e-008	-0.11
2.5271e-008	-0.11
2.5771e-008	-0.111875
2.6271e-008	-0.110625
2.6771e-008	-0.110625
2.7271e-008	-0.11375
2.7771e-008	-0.115
2.8271e-008	-0.11625
2.8771e-008	-0.1175
2.9271e-008	-0.120625
2.9771e-008	-0.121875
3.0271e-008	-0.1225
3.0771e-008	-0.1225
3.1271e-008	-0.12375
3.1771e-008	-0.1225
3.2271e-008	-0.124375
3.2771e-008	-0.12625
3.3271e-008	-0.12625
3.3771e-008	-0.125625
3.4271e-008	-0.1275
3.4771e-008	-0.1275
3.5271e-008	-0.126875
3.5771e-008	-0.12625
3.6271e-008	-0.125
3.6771e-008	-0.1275
3.7271e-008	-0.129375
3.7771e-008	-0.129375
3.8271e-008	-0.130625
3.8771e-008	-0.1325
3.9271e-008	-0.1325
3.9771e-008	-0.133125
4.0271e-008	-0.131875
4.0771e-008	-0.1325
4.1271e-008	-0.13375
4.1771e-008	-0.13375
4.2271e-008	-0.13375
4.2771e-008	-0.133125
4.3271e-008	-0.1325
4.3771e-008	-0.1325
4.4271e-008	-0.13125
4.4771e-008	-0.131875
4.5271e-008	-0.13125
4.5771e-008	-0.13
4.6271e-008	-0.1325
4.6771e-008	-0.133125
4.7271e-008	-0.133125
4.7771e-008	-0.134375
4.8271e-008	-0.136875
4.8771e-008	-0.135625
4.9271e-008	-0.135625
4.9771e-008	-0.134375
5.0271e-008	-0.135625
5.0771e-008	-0.136875
5.1271e-008	-0.136875
5.1771e-008	-0.1375
5.2271e-008	-0.1375
5.2771e-008	-0.13625
5.3271e-008	-0.1375
5.3771e-008	-0.13875
5.4271e-008	-0.1375
5.4771e-008	-0.138125
5.5271e-008	-0.139375
5.5771e-008	-0.136875
5.6271e-008	-0.1375
5.6771e-008	-0.138125
5.7271e-008	-0.13875
5.7771e-008	-0.13875
5.8271e-008	-0.13875
5.8771e-008	-0.138125
5.9271e-008	-0.139375
5.9771e-008	-0.13875
6.0271e-008	-0.1375
6.0771e-008	-0.13875
6.1271e-008	-0.13875
6.1771e-008	-0.1375
6.2271e-008	-0.13875
6.2771e-008	-0.14125
6.3271e-008	-0.140625
6.3771e-008	-0.13875
6.4271e-008	-0.139375
6.4771e-008	-0.14
6.5271e-008	-0.1425
6.5771e-008	-0.140625
6.6271e-008	-0.14
6.6771e-008	-0.14125
6.7271e-008	-0.1425
6.7771e-008	-0.14125
6.8271e-008	-0.14
6.8771e-008	-0.140625
6.9271e-008	-0.1425
6.9771e-008	-0.1425
7.0271e-008	-0.14125
7.0771e-008	-0.14
7.1271e-008	-0.141875
7.1771e-008	-0.14125
7.2271e-008	-0.14125
7.2771e-008	-0.141875
7.3271e-008	-0.14125
7.3771e-008	-0.139375
7.4271e-008	-0.140625
7.4771e-008	-0.14125
7.5271e-008	-0.14125
7.5771e-008	-0.139375
7.6271e-008	-0.14125
7.6771e-008	-0.14125
7.7271e-008	-0.140625
7.7771e-008	-0.14125
7.8271e-008	-0.140625
7.8771e-008	-0.13875
7.9271e-008	-0.13875
7.9771e-008	-0.138125
8.0271e-008	-0.13875
8.0771e-008	-0.138125
8.1271e-008	-0.138125
8.1771e-008	-0.139375
8.2271e-008	-0.139375
8.2771e-008	-0.139375
8.3271e-008	-0.14
8.3771e-008	-0.139375
8.4271e-008	-0.139375
8.4771e-008	-0.14125
8.5271e-008	-0.14
8.5771e-008	-0.138125
8.6271e-008	-0.14
8.6771e-008	-0.140625
8.7271e-008	-0.14
8.7771e-008	-0.14
8.8271e-008	-0.140625
8.8771e-008	-0.13875
8.9271e-008	-0.13875
8.9771e-008	-0.13875
9.0271e-008	-0.139375
9.0771e-008	-0.13875
9.1271e-008	-0.13875
9.1771e-008	-0.1375
9.2271e-008	-0.13875
9.2771e-008	-0.13875
9.3271e-008	-0.1375
9.3771e-008	-0.136875
9.4271e-008	-0.1375
9.4771e-008	-0.1375
9.5271e-008	-0.1375
9.5771e-008	-0.13625
9.6271e-008	-0.135625
9.6771e-008	-0.13625
9.7271e-008	-0.136875
9.7771e-008	-0.13625
9.8271e-008	-0.135625
9.8771e-008	-0.13625
9.9271e-008	-0.13625
9.9771e-008	-0.13625
1.00271e-007	-0.136875
1.00771e-007	-0.13625
1.01271e-007	-0.135625
1.01771e-007	-0.135625
1.02271e-007	-0.135
1.02771e-007	-0.134375
1.03271e-007	-0.135
1.03771e-007	-0.135
1.04271e-007	-0.135625
1.04771e-007	-0.134375
1.05271e-007	-0.135
1.05771e-007	-0.135
1.06271e-007	-0.13375
1.06771e-007	-0.1325
1.07271e-007	-0.13375
1.07771e-007	-0.135
1.08271e-007	-0.13375
1.08771e-007	-0.133125
1.09271e-007	-0.13375
1.09771e-007	-0.134375
1.10271e-007	-0.13375
1.10771e-007	-0.13375
1.11271e-007	-0.13375
1.11771e-007	-0.1325
1.12271e-007	-0.1325
1.12771e-007	-0.131875
1.13271e-007	-0.1325
1.13771e-007	-0.13375
1.14271e-007	-0.1325
1.14771e-007	-0.131875
1.15271e-007	-0.13375
1.15771e-007	-0.133125
1.16271e-007	-0.1325
1.16771e-007	-0.131875
1.17271e-007	-0.1325
1.17771e-007	-0.13375
1.18271e-007	-0.1325
1.18771e-007	-0.13375
1.19271e-007	-0.1325
1.19771e-007	-0.13125
1.20271e-007	-0.1325
1.20771e-007	-0.1325
1.21271e-007	-0.131875
1.21771e-007	-0.131875
1.22271e-007	-0.13125
1.22771e-007	-0.131875
1.23271e-007	-0.13
1.23771e-007	-0.12875
1.24271e-007	-0.13
1.24771e-007	-0.13
1.25271e-007	-0.13
1.25771e-007	-0.129375
1.26271e-007	-0.129375
1.26771e-007	-0.12875
1.27271e-007	-0.128125
1.27771e-007	-0.13
1.28271e-007	-0.129375
1.28771e-007	-0.12875
1.29271e-007	-0.129375
1.29771e-007	-0.1275
1.30271e-007	-0.126875
1.30771e-007	-0.128125
1.31271e-007	-0.12875
1.31771e-007	-0.1275
1.32271e-007	-0.126875
1.32771e-007	-0.126875
1.33271e-007	-0.1275
1.33771e-007	-0.1275
1.34271e-007	-0.126875
1.34771e-007	-0.125625
1.35271e-007	-0.12625
1.35771e-007	-0.12625
1.36271e-007	-0.126875
1.36771e-007	-0.125
1.37271e-007	-0.125
1.37771e-007	-0.126875
1.38271e-007	-0.125625
1.38771e-007	-0.1225
1.39271e-007	-0.125
1.39771e-007	-0.125625
1.40271e-007	-0.125
1.40771e-007	-0.125
1.41271e-007	-0.12625
1.41771e-007	-0.12625
1.42271e-007	-0.125
1.42771e-007	-0.12375
1.43271e-007	-0.125
1.43771e-007	-0.125
1.44271e-007	-0.124375
1.44771e-007	-0.123125
1.45271e-007	-0.123125
1.45771e-007	-0.1225
1.46271e-007	-0.121875
1.46771e-007	-0.12125
1.47271e-007	-0.1225
1.47771e-007	-0.1225
1.48271e-007	-0.1225
1.48771e-007	-0.1225
1.49271e-007	-0.1225
1.49771e-007	-0.121875
1.50271e-007	-0.121875
1.50771e-007	-0.121875
1.51271e-007	-0.12375
1.51771e-007	-0.123125
1.52271e-007	-0.121875
1.52771e-007	-0.12125
1.53271e-007	-0.121875
1.53771e-007	-0.12125
1.54271e-007	-0.12125
1.54771e-007	-0.120625
1.55271e-007	-0.120625
1.55771e-007	-0.120625
1.56271e-007	-0.120625
1.56771e-007	-0.12
1.57271e-007	-0.119375
1.57771e-007	-0.118125
1.58271e-007	-0.1175
1.58771e-007	-0.11875
1.59271e-007	-0.119375
1.59771e-007	-0.12125
1.60271e-007	-0.12125
1.60771e-007	-0.119375
1.61271e-007	-0.11875
1.61771e-007	-0.119375
1.62271e-007	-0.119375
1.62771e-007	-0.12
1.63271e-007	-0.12
1.63771e-007	-0.1175
1.64271e-007	-0.116875
1.64771e-007	-0.118125
1.65271e-007	-0.11625
1.65771e-007	-0.115
1.66271e-007	-0.11625
1.66771e-007	-0.115
1.67271e-007	-0.115
1.67771e-007	-0.11625
1.68271e-007	-0.1175
1.68771e-007	-0.115625
1.69271e-007	-0.116875
1.69771e-007	-0.116875
1.70271e-007	-0.11625
1.70771e-007	-0.11625
1.71271e-007	-0.115
1.71771e-007	-0.114375
1.72271e-007	-0.115625
1.72771e-007	-0.114375
1.73271e-007	-0.114375
1.73771e-007	-0.114375
1.74271e-007	-0.11375
1.74771e-007	-0.113125
1.75271e-007	-0.115
1.75771e-007	-0.11375
1.76271e-007	-0.1125
1.76771e-007	-0.11125
1.77271e-007	-0.11375
1.77771e-007	-0.115
1.78271e-007	-0.115
1.78771e-007	-0.113125
1.79271e-007	-0.1125
1.79771e-007	-0.114375
1.80271e-007	-0.113125
1.80771e-007	-0.1125
1.81271e-007	-0.113125
1.81771e-007	-0.113125
1.82271e-007	-0.1125
1.82771e-007	-0.111875
1.83271e-007	-0.1125
1.83771e-007	-0.1125
1.84271e-007	-0.11125
1.84771e-007	-0.110625
1.85271e-007	-0.11125
1.85771e-007	-0.111875
1.86271e-007	-0.11125
1.86771e-007	-0.109375
1.87271e-007	-0.10875
1.87771e-007	-0.109375
1.88271e-007	-0.11
1.88771e-007	-0.1125
1.89271e-007	-0.111875
1.89771e-007	-0.11
1.90271e-007	-0.11125
1.90771e-007	-0.110625
1.91271e-007	-0.11
1.91771e-007	-0.10875
1.92271e-007	-0.109375
1.92771e-007	-0.11
1.93271e-007	-0.110625
1.93771e-007	-0.1075
1.94271e-007	-0.106875
1.94771e-007	-0.1075
1.95271e-007	-0.108125
1.95771e-007	-0.1075
1.96271e-007	-0.1075
1.96771e-007	-0.10625
1.97271e-007	-0.1075
1.97771e-007	-0.10875
1.98271e-007	-0.1075
1.98771e-007	-0.106875
1.99271e-007	-0.10625
1.99771e-007	-0.106875
2.00271e-007	-0.106875
2.00771e-007	-0.10625
2.01271e-007	-0.105625
2.01771e-007	-0.106875
2.02271e-007	-0.106875
2.02771e-007	-0.104375
2.03271e-007	-0.105
2.03771e-007	-0.10625
2.04271e-007	-0.104375
2.04771e-007	-0.104375
2.05271e-007	-0.10625
2.05771e-007	-0.10625
2.06271e-007	-0.105
2.06771e-007	-0.104375
2.07271e-007	-0.105
2.07771e-007	-0.105
2.08271e-007	-0.104375
2.08771e-007	-0.104375
2.09271e-007	-0.10375
2.09771e-007	-0.104375
2.10271e-007	-0.104375
2.10771e-007	-0.10375
2.11271e-007	-0.103125
2.11771e-007	-0.1025
2.12271e-007	-0.101875
2.12771e-007	-0.101875
2.13271e-007	-0.1025
2.13771e-007	-0.10375
2.14271e-007	-0.10375
2.14771e-007	-0.104375
2.15271e-007	-0.1025
2.15771e-007	-0.10125
2.16271e-007	-0.103125
2.16771e-007	-0.1025
2.17271e-007	-0.10375
2.17771e-007	-0.1025
2.18271e-007	-0.10125
2.18771e-007	-0.10125
2.19271e-007	-0.10125
2.19771e-007	-0.10125
2.20271e-007	-0.10125
2.20771e-007	-0.100625
2.21271e-007	-0.1
2.21771e-007	-0.100625
2.22271e-007	-0.10125
2.22771e-007	-0.1
2.23271e-007	-0.09875
2.23771e-007	-0.09875
2.24271e-007	-0.1
2.24771e-007	-0.1
2.25271e-007	-0.10125
2.25771e-007	-0.099375
2.26271e-007	-0.09875
2.26771e-007	-0.1
2.27271e-007	-0.100625
2.27771e-007	-0.09875
2.28271e-007	-0.099375
2.28771e-007	-0.1
2.29271e-007	-0.09875
2.29771e-007	-0.098125
2.30271e-007	-0.0975
2.30771e-007	-0.09625
2.31271e-007	-0.09875
2.31771e-007	-0.09875
2.32271e-007	-0.0975
2.32771e-007	-0.09625
2.33271e-007	-0.0975
2.33771e-007	-0.09875
2.34271e-007	-0.096875
2.34771e-007	-0.096875
2.35271e-007	-0.0975
2.35771e-007	-0.0975
2.36271e-007	-0.0975
2.36771e-007	-0.095625
2.37271e-007	-0.09625
2.37771e-007	-0.096875
2.38271e-007	-0.096875
2.38771e-007	-0.095625
2.39271e-007	-0.09625
2.39771e-007	-0.09625
2.40271e-007	-0.09625
2.40771e-007	-0.095625
2.41271e-007	-0.09625
2.41771e-007	-0.095625
2.42271e-007	-0.095
2.42771e-007	-0.095
2.43271e-007	-0.09625
2.43771e-007	-0.09375
2.44271e-007	-0.09375
2.44771e-007	-0.094375
2.45271e-007	-0.09625
2.45771e-007	-0.09375
2.46271e-007	-0.09375
2.46771e-007	-0.093125
2.47271e-007	-0.095
2.47771e-007	-0.095
2.48271e-007	-0.094375
2.48771e-007	-0.09375
2.49271e-007	-0.09375
2.49771e-007	-0.094375
2.50271e-007	-0.093125
2.50771e-007	-0.091875
2.51271e-007	-0.0925
2.51771e-007	-0.093125
2.52271e-007	-0.093125
2.52771e-007	-0.0925
2.53271e-007	-0.091875
2.53771e-007	-0.091875
2.54271e-007	-0.09375
2.54771e-007	-0.09125
2.55271e-007	-0.09125
2.55771e-007	-0.0925
2.56271e-007	-0.091875
2.56771e-007	-0.090625
2.57271e-007	-0.09125
2.57771e-007	-0.09125
2.58271e-007	-0.0925
2.58771e-007	-0.091875
2.59271e-007	-0.09
2.59771e-007	-0.091875
2.60271e-007	-0.090625
2.60771e-007	-0.08875
2.61271e-007	-0.09125
2.61771e-007	-0.09125
2.62271e-007	-0.09125
2.62771e-007	-0.08875
2.63271e-007	-0.09
2.63771e-007	-0.09
2.64271e-007	-0.09
2.64771e-007	-0.08875
2.65271e-007	-0.08875
2.65771e-007	-0.0875
2.66271e-007	-0.0875
2.66771e-007	-0.088125
2.67271e-007	-0.0875
2.67771e-007	-0.0875
2.68271e-007	-0.089375
2.68771e-007	-0.0875
2.69271e-007	-0.088125
2.69771e-007	-0.089375
2.70271e-007	-0.089375
2.70771e-007	-0.089375
2.71271e-007	-0.090625
2.71771e-007	-0.088125
2.72271e-007	-0.086875
2.72771e-007	-0.088125
2.73271e-007	-0.08875
2.73771e-007	-0.0875
2.74271e-007	-0.0875
2.74771e-007	-0.086875
2.75271e-007	-0.085625
2.75771e-007	-0.085
2.76271e-007	-0.08625
2.76771e-007	-0.085
2.77271e-007	-0.08625
2.77771e-007	-0.085625
2.78271e-007	-0.085
2.78771e-007	-0.085
2.79271e-007	-0.085
2.79771e-007	-0.085
2.80271e-007	-0.086875
2.80771e-007	-0.0875
2.81271e-007	-0.0875
2.81771e-007	-0.085
2.82271e-007	-0.085
2.82771e-007	-0.085
2.83271e-007	-0.085625
2.83771e-007	-0.085
2.84271e-007	-0.085625
2.84771e-007	-0.084375
2.85271e-007	-0.083125
2.85771e-007	-0.0825
2.86271e-007	-0.08375
2.86771e-007	-0.083125
2.87271e-007	-0.0825
2.87771e-007	-0.08375
2.88271e-007	-0.085
2.88771e-007	-0.083125
2.89271e-007	-0.0825
2.89771e-007	-0.08375
2.90271e-007	-0.085
2.90771e-007	-0.08375
2.91271e-007	-0.08375
2.91771e-007	-0.0825
2.92271e-007	-0.0825
2.92771e-007	-0.0825
2.93271e-007	-0.083125
2.93771e-007	-0.08375
2.94271e-007	-0.0825
2.94771e-007	-0.081875
2.95271e-007	-0.0825
2.95771e-007	-0.0825
2.96271e-007	-0.08125
2.96771e-007	-0.07875
2.97271e-007	-0.078125
2.97771e-007	-0.080625
2.98271e-007	-0.0825
2.98771e-007	-0.08125
2.99271e-007	-0.08
2.99771e-007	-0.08125
3.00271e-007	-0.08125
3.00771e-007	-0.08125
3.01271e-007	-0.08125
3.01771e-007	-0.08125
3.02271e-007	-0.080625
3.02771e-007	-0.080625
3.03271e-007	-0.08
3.03771e-007	-0.079375
3.04271e-007	-0.07875
3.04771e-007	-0.07875
3.05271e-007	-0.08
3.05771e-007	-0.08
3.06271e-007	-0.07875
3.06771e-007	-0.07875
3.07271e-007	-0.079375
3.07771e-007	-0.07875
3.08271e-007	-0.078125
3.08771e-007	-0.078125
3.09271e-007	-0.07875
3.09771e-007	-0.079375
3.10271e-007	-0.07875
3.10771e-007	-0.0775
3.11271e-007	-0.076875
3.11771e-007	-0.0775
3.12271e-007	-0.07875
3.12771e-007	-0.0775
3.13271e-007	-0.078125
3.13771e-007	-0.0775
3.14271e-007	-0.0775
3.14771e-007	-0.078125
3.15271e-007	-0.078125
3.15771e-007	-0.078125
3.16271e-007	-0.07875
3.16771e-007	-0.0775
3.17271e-007	-0.0775
3.17771e-007	-0.076875
3.18271e-007	-0.07625
3.18771e-007	-0.076875
3.19271e-007	-0.07625
3.19771e-007	-0.075
3.20271e-007	-0.07625
3.20771e-007	-0.076875
3.21271e-007	-0.0775
3.21771e-007	-0.075625
3.22271e-007	-0.075
3.22771e-007	-0.07375
3.23271e-007	-0.075
3.23771e-007	-0.075625
3.24271e-007	-0.075
3.24771e-007	-0.07375
3.25271e-007	-0.075625
3.25771e-007	-0.075625
3.26271e-007	-0.075
3.26771e-007	-0.075
3.27271e-007	-0.074375
3.27771e-007	-0.073125
3.28271e-007	-0.074375
3.28771e-007	-0.07625
3.29271e-007	-0.075
3.29771e-007	-0.074375
3.30271e-007	-0.074375
3.30771e-007	-0.07375
3.31271e-007	-0.07375
3.31771e-007	-0.073125
3.32271e-007	-0.073125
3.32771e-007	-0.073125
3.33271e-007	-0.0725
3.33771e-007	-0.07125
3.34271e-007	-0.07375
3.34771e-007	-0.07375
3.35271e-007	-0.0725
3.35771e-007	-0.070625
3.36271e-007	-0.073125
3.36771e-007	-0.074375
3.37271e-007	-0.0725
3.37771e-007	-0.0725
3.38271e-007	-0.07375
3.38771e-007	-0.073125
3.39271e-007	-0.0725
3.39771e-007	-0.07125
3.40271e-007	-0.0725
3.40771e-007	-0.07125
3.41271e-007	-0.07125
3.41771e-007	-0.071875
3.42271e-007	-0.071875
3.42771e-007	-0.07125
3.43271e-007	-0.07125
3.43771e-007	-0.07
3.44271e-007	-0.071875
3.44771e-007	-0.07125
3.45271e-007	-0.070625
3.45771e-007	-0.070625
3.46271e-007	-0.07
3.46771e-007	-0.07
3.47271e-007	-0.07
3.47771e-007	-0.070625
3.48271e-007	-0.07
3.48771e-007	-0.07
3.49271e-007	-0.07
3.49771e-007	-0.07
3.50271e-007	-0.0725
3.50771e-007	-0.071875
3.51271e-007	-0.069375
3.51771e-007	-0.069375
3.52271e-007	-0.070625
3.52771e-007	-0.070625
3.53271e-007	-0.069375
3.53771e-007	-0.07
3.54271e-007	-0.07125
3.54771e-007	-0.0675
3.55271e-007	-0.06625
3.55771e-007	-0.06875
3.56271e-007	-0.06875
3.56771e-007	-0.066875
3.57271e-007	-0.068125
3.57771e-007	-0.06875
3.58271e-007	-0.0675
3.58771e-007	-0.0675
3.59271e-007	-0.06875
3.59771e-007	-0.0675
3.60271e-007	-0.066875
3.60771e-007	-0.066875
3.61271e-007	-0.069375
3.61771e-007	-0.07
3.62271e-007	-0.06875
3.62771e-007	-0.068125
3.63271e-007	-0.068125
3.63771e-007	-0.0675
3.64271e-007	-0.068125
3.64771e-007	-0.0675
3.65271e-007	-0.0675
3.65771e-007	-0.06625
3.66271e-007	-0.068125
3.66771e-007	-0.0675
3.67271e-007	-0.065
3.67771e-007	-0.06625
3.68271e-007	-0.06375
3.68771e-007	-0.064375
3.69271e-007	-0.06625
3.69771e-007	-0.06625
3.70271e-007	-0.064375
3.70771e-007	-0.065625
3.71271e-007	-0.066875
3.71771e-007	-0.068125
3.72271e-007	-0.066875
3.72771e-007	-0.066875
3.73271e-007	-0.0675
3.73771e-007	-0.0675
3.74271e-007	-0.066875
3.74771e-007	-0.066875
3.75271e-007	-0.065
3.75771e-007	-0.065
3.76271e-007	-0.065
3.76771e-007	-0.065
3.77271e-007	-0.065
3.77771e-007	-0.06375
3.78271e-007	-0.0625
3.78771e-007	-0.06375
3.79271e-007	-0.06375
3.79771e-007	-0.0625
3.80271e-007	-0.064375
3.80771e-007	-0.065
3.81271e-007	-0.064375
3.81771e-007	-0.063125
3.82271e-007	-0.06375
3.82771e-007	-0.065625
3.83271e-007	-0.065625
3.83771e-007	-0.065
3.84271e-007	-0.064375
3.84771e-007	-0.065
3.85271e-007	-0.065
3.85771e-007	-0.064375
3.86271e-007	-0.063125
3.86771e-007	-0.0625
3.87271e-007	-0.0625
3.87771e-007	-0.063125
3.88271e-007	-0.063125
3.88771e-007	-0.06
3.89271e-007	-0.06125
3.89771e-007	-0.06
3.90271e-007	-0.060625
3.90771e-007	-0.06125
3.91271e-007	-0.06125
3.91771e-007	-0.061875
3.92271e-007	-0.064375
3.92771e-007	-0.061875
3.93271e-007	-0.06125
3.93771e-007	-0.063125
3.94271e-007	-0.063125
3.94771e-007	-0.064375
3.95271e-007	-0.0625
3.95771e-007	-0.06125
3.96271e-007	-0.06125
3.96771e-007	-0.06125
3.97271e-007	-0.06125
3.97771e-007	-0.06125
3.98271e-007	-0.06125
3.98771e-007	-0.059375
3.99271e-007	-0.059375
3.99771e-007	-0.058125
4.00271e-007	-0.05875
4.00771e-007	-0.06
4.01271e-007	-0.060625
4.01771e-007	-0.06
4.02271e-007	-0.06
4.02771e-007	-0.06125
4.03271e-007	-0.061875
4.03771e-007	-0.0625
4.04271e-007	-0.0625
4.04771e-007	-0.06125
4.05271e-007	-0.06
4.05771e-007	-0.06125
4.06271e-007	-0.06125
4.06771e-007	-0.06125
4.07271e-007	-0.06125
4.07771e-007	-0.059375
4.08271e-007	-0.06
4.08771e-007	-0.0575
4.09271e-007	-0.058125
4.09771e-007	-0.0575
4.10271e-007	-0.05875
4.10771e-007	-0.0575
4.11271e-007	-0.0575
4.11771e-007	-0.058125
4.12271e-007	-0.058125
4.12771e-007	-0.05875
4.13271e-007	-0.06
4.13771e-007	-0.05875
4.14271e-007	-0.05875
4.14771e-007	-0.059375
4.15271e-007	-0.05875
4.15771e-007	-0.059375
4.16271e-007	-0.06
4.16771e-007	-0.05875
4.17271e-007	-0.0575
4.17771e-007	-0.056875
4.18271e-007	-0.0575
4.18771e-007	-0.05875
4.19271e-007	-0.0575
4.19771e-007	-0.05625
4.20271e-007	-0.0575
4.20771e-007	-0.055625
4.21271e-007	-0.055625
4.21771e-007	-0.0575
4.22271e-007	-0.0575
4.22771e-007	-0.056875
4.23271e-007	-0.055625
4.23771e-007	-0.055625
4.24271e-007	-0.058125
4.24771e-007	-0.056875
4.25271e-007	-0.05625
4.25771e-007	-0.056875
4.26271e-007	-0.05625
4.26771e-007	-0.056875
4.27271e-007	-0.056875
4.27771e-007	-0.055625
4.28271e-007	-0.056875
4.28771e-007	-0.05625
4.29271e-007	-0.056875
4.29771e-007	-0.05625
4.30271e-007	-0.055625
4.30771e-007	-0.055
4.31271e-007	-0.055
4.31771e-007	-0.055625
4.32271e-007	-0.05625
4.32771e-007	-0.054375
4.33271e-007	-0.055625
4.33771e-007	-0.054375
4.34271e-007	-0.05375
4.34771e-007	-0.054375
4.35271e-007	-0.054375
4.35771e-007	-0.053125
4.36271e-007	-0.055
4.36771e-007	-0.056875
4.37271e-007	-0.054375
4.37771e-007	-0.053125
4.38271e-007	-0.054375
4.38771e-007	-0.05625
4.39271e-007	-0.056875
4.39771e-007	-0.05375
4.40271e-007	-0.05375
4.40771e-007	-0.055
4.41271e-007	-0.0525
4.41771e-007	-0.053125
4.42271e-007	-0.053125
4.42771e-007	-0.0525
4.43271e-007	-0.054375
4.43771e-007	-0.053125
4.44271e-007	-0.053125
4.44771e-007	-0.054375
4.45271e-007	-0.054375
4.45771e-007	-0.053125
4.46271e-007	-0.053125
4.46771e-007	-0.05375
4.47271e-007	-0.053125
4.47771e-007	-0.05375
4.48271e-007	-0.05375
4.48771e-007	-0.053125
4.49271e-007	-0.054375
4.49771e-007	-0.05375
4.50271e-007	-0.0525
4.50771e-007	-0.0525
4.51271e-007	-0.0525
4.51771e-007	-0.0525
4.52271e-007	-0.053125
4.52771e-007	-0.0525
4.53271e-007	-0.0525
4.53771e-007	-0.0525
4.54271e-007	-0.051875
4.54771e-007	-0.051875
4.55271e-007	-0.051875
4.55771e-007	-0.05125
4.56271e-007	-0.050625
4.56771e-007	-0.053125
4.57271e-007	-0.0525
4.57771e-007	-0.05
4.58271e-007	-0.05125
4.58771e-007	-0.05125
4.59271e-007	-0.051875
4.59771e-007	-0.051875
4.60271e-007	-0.05
4.60771e-007	-0.050625
4.61271e-007	-0.0525
4.61771e-007	-0.05125
4.62271e-007	-0.050625
4.62771e-007	-0.051875
4.63271e-007	-0.051875
4.63771e-007	-0.05125
4.64271e-007	-0.050625
4.64771e-007	-0.05
4.65271e-007	-0.050625
4.65771e-007	-0.050625
4.66271e-007	-0.05
4.66771e-007	-0.050625
4.67271e-007	-0.049375
4.67771e-007	-0.048125
4.68271e-007	-0.048125
4.68771e-007	-0.048125
4.69271e-007	-0.049375
4.69771e-007	-0.050625
4.70271e-007	-0.049375
4.70771e-007	-0.048125
4.71271e-007	-0.04875
4.71771e-007	-0.050625
4.72271e-007	-0.051875
4.72771e-007	-0.050625
4.73271e-007	-0.05
4.73771e-007	-0.049375
4.74271e-007	-0.048125
4.74771e-007	-0.05
4.75271e-007	-0.049375
4.75771e-007	-0.048125
4.76271e-007	-0.05
4.76771e-007	-0.04875
4.77271e-007	-0.0475
4.77771e-007	-0.048125
4.78271e-007	-0.04875
4.78771e-007	-0.048125
4.79271e-007	-0.048125
4.79771e-007	-0.046875
4.80271e-007	-0.04625
4.80771e-007	-0.0475
4.81271e-007	-0.04875
4.81771e-007	-0.04875
4.82271e-007	-0.048125
4.82771e-007	-0.048125
4.83271e-007	-0.049375
4.83771e-007	-0.0475
4.84271e-007	-0.0475
4.84771e-007	-0.04875
4.85271e-007	-0.04875
4.85771e-007	-0.0475
4.86271e-007	-0.048125
4.86771e-007	-0.048125
4.87271e-007	-0.04625
4.87771e-007	-0.04625
4.88271e-007	-0.046875
4.88771e-007	-0.045625
4.89271e-007	-0.045625
4.89771e-007	-0.045625
4.90271e-007	-0.045
4.90771e-007	-0.04625
4.91271e-007	-0.046875
4.91771e-007	-0.045625
4.92271e-007	-0.046875
4.92771e-007	-0.04625
4.93271e-007	-0.0475
4.93771e-007	-0.048125
4.94271e-007	-0.046875
4.94771e-007	-0.045625
4.95271e-007	-0.04625
4.95771e-007	-0.048125
4.96271e-007	-0.04875
4.96771e-007	-0.0475
4.97271e-007	-0.04625
4.97771e-007	-0.045
4.98271e-007	-0.045625
4.98771e-007	-0.044375
4.99271e-007	-0.045625
4.99771e-007	-0.044375
5.00271e-007	-0.045
5.00771e-007	-0.044375
5.01271e-007	-0.045
5.01771e-007	-0.045625
5.02271e-007	-0.045
5.02771e-007	-0.045
5.03271e-007	-0.045625
5.03771e-007	-0.044375
5.04271e-007	-0.045625
5.04771e-007	-0.046875
5.05271e-007	-0.0475
5.05771e-007	-0.045625
5.06271e-007	-0.04625
5.06771e-007	-0.045625
5.07271e-007	-0.045625
5.07771e-007	-0.044375
5.08271e-007	-0.04375
5.08771e-007	-0.045
5.09271e-007	-0.045625
5.09771e-007	-0.044375
5.10271e-007	-0.04375
5.10771e-007	-0.0425
5.11271e-007	-0.04375
5.11771e-007	-0.045625
5.12271e-007	-0.044375
5.12771e-007	-0.043125
5.13271e-007	-0.04375
5.13771e-007	-0.044375
5.14271e-007	-0.045
5.14771e-007	-0.045
5.15271e-007	-0.044375
5.15771e-007	-0.044375
5.16271e-007	-0.045
5.16771e-007	-0.044375
5.17271e-007	-0.04375
5.17771e-007	-0.04375
5.18271e-007	-0.045
5.18771e-007	-0.043125
5.19271e-007	-0.041875
5.19771e-007	-0.043125
5.20271e-007	-0.0425
5.20771e-007	-0.041875
5.21271e-007	-0.041875
5.21771e-007	-0.041875
5.22271e-007	-0.040625
5.22771e-007	-0.0425
5.23271e-007	-0.0425
5.23771e-007	-0.0425
5.24271e-007	-0.043125
5.24771e-007	-0.04375
5.25271e-007	-0.04375
5.25771e-007	-0.043125
5.26271e-007	-0.043125
5.26771e-007	-0.043125
5.27271e-007	-0.0425
5.27771e-007	-0.0425
5.28271e-007	-0.043125
5.28771e-007	-0.041875
5.29271e-007	-0.043125
5.29771e-007	-0.04125
5.30271e-007	-0.040625
5.30771e-007	-0.041875
5.31271e-007	-0.041875
5.31771e-007	-0.041875
5.32271e-007	-0.0425
5.32771e-007	-0.040625
5.33271e-007	-0.04
5.33771e-007	-0.04
5.34271e-007	-0.04
5.34771e-007	-0.04
5.35271e-007	-0.04
5.35771e-007	-0.041875
5.36271e-007	-0.043125
5.36771e-007	-0.04125
5.37271e-007	-0.04
5.37771e-007	-0.040625
5.38271e-007	-0.04
5.38771e-007	-0.041875
5.39271e-007	-0.0425
5.39771e-007	-0.0425
5.40271e-007	-0.039375
5.40771e-007	-0.039375
5.41271e-007	-0.041875
5.41771e-007	-0.04
5.42271e-007	-0.039375
5.42771e-007	-0.040625
5.43271e-007	-0.039375
5.43771e-007	-0.04
5.44271e-007	-0.04125
5.44771e-007	-0.039375
5.45271e-007	-0.03875
5.45771e-007	-0.04
5.46271e-007	-0.04125
5.46771e-007	-0.04
5.47271e-007	-0.039375
5.47771e-007	-0.04
5.48271e-007	-0.0425
5.48771e-007	-0.041875
5.49271e-007	-0.04125
5.49771e-007	-0.04
5.50271e-007	-0.040625
5.50771e-007	-0.040625
5.51271e-007	-0.04
5.51771e-007	-0.039375
5.52271e-007	-0.03875
5.52771e-007	-0.04
5.53271e-007	-0.03875
5.53771e-007	-0.0375
5.54271e-007	-0.03875
5.54771e-007	-0.039375
5.55271e-007	-0.039375
5.55771e-007	-0.0375
5.56271e-007	-0.038125
5.56771e-007	-0.03875
5.57271e-007	-0.04
5.57771e-007	-0.040625
5.58271e-007	-0.039375
5.58771e-007	-0.03875
5.59271e-007	-0.04
5.59771e-007	-0.040625
5.60271e-007	-0.038125
5.60771e-007	-0.03875
5.61271e-007	-0.03875
5.61771e-007	-0.038125
5.62271e-007	-0.038125
5.62771e-007	-0.038125
5.63271e-007	-0.0375
5.63771e-007	-0.038125
5.64271e-007	-0.0375
5.64771e-007	-0.03625
5.65271e-007	-0.036875
5.65771e-007	-0.0375
5.66271e-007	-0.0375
5.66771e-007	-0.038125
5.67271e-007	-0.0375
5.67771e-007	-0.03875
5.68271e-007	-0.03875
5.68771e-007	-0.038125
5.69271e-007	-0.03875
5.69771e-007	-0.0375
5.70271e-007	-0.036875
5.70771e-007	-0.0375
5.71271e-007	-0.036875
5.71771e-007	-0.035625
5.72271e-007	-0.03625
5.72771e-007	-0.0375
5.73271e-007	-0.0375
5.73771e-007	-0.036875
5.74271e-007	-0.0375
5.74771e-007	-0.03625
5.75271e-007	-0.03625
5.75771e-007	-0.03625
5.76271e-007	-0.036875
5.76771e-007	-0.036875
5.77271e-007	-0.038125
5.77771e-007	-0.038125
5.78271e-007	-0.0375
5.78771e-007	-0.0375
5.79271e-007	-0.038125
5.79771e-007	-0.038125
5.80271e-007	-0.038125
5.80771e-007	-0.036875
5.81271e-007	-0.03625
5.81771e-007	-0.036875
5.82271e-007	-0.035
5.82771e-007	-0.035
5.83271e-007	-0.035
5.83771e-007	-0.034375
5.84271e-007	-0.034375
5.84771e-007	-0.03375
5.85271e-007	-0.035
5.85771e-007	-0.035
5.86271e-007	-0.035
5.86771e-007	-0.036875
5.87271e-007	-0.036875
5.87771e-007	-0.035
5.88271e-007	-0.035
5.88771e-007	-0.036875
5.89271e-007	-0.036875
5.89771e-007	-0.03625
5.90271e-007	-0.035625
5.90771e-007	-0.03625
5.91271e-007	-0.035
5.91771e-007	-0.034375
5.92271e-007	-0.034375
5.92771e-007	-0.033125
5.93271e-007	-0.034375
5.93771e-007	-0.035625
5.94271e-007	-0.035
5.94771e-007	-0.035
5.95271e-007	-0.03625
5.95771e-007	-0.034375
5.96271e-007	-0.035
5.96771e-007	-0.03625
5.97271e-007	-0.035
5.97771e-007	-0.035
5.98271e-007	-0.035
5.98771e-007	-0.034375
5.99271e-007	-0.035
5.99771e-007	-0.035625
6.00271e-007	-0.035
6.00771e-007	-0.035625
6.01271e-007	-0.035625
6.01771e-007	-0.034375
6.02271e-007	-0.034375
6.02771e-007	-0.033125
6.03271e-007	-0.03375
6.03771e-007	-0.034375
6.04271e-007	-0.03375
6.04771e-007	-0.034375
6.05271e-007	-0.034375
6.05771e-007	-0.03375
6.06271e-007	-0.035
6.06771e-007	-0.034375
6.07271e-007	-0.034375
6.07771e-007	-0.03375
6.08271e-007	-0.0325
6.08771e-007	-0.033125
6.09271e-007	-0.034375
6.09771e-007	-0.034375
6.10271e-007	-0.033125
6.10771e-007	-0.033125
6.11271e-007	-0.033125
6.11771e-007	-0.033125
6.12271e-007	-0.03375
6.12771e-007	-0.03375
6.13271e-007	-0.034375
6.13771e-007	-0.034375
6.14271e-007	-0.03375
6.14771e-007	-0.03375
6.15271e-007	-0.03375
6.15771e-007	-0.033125
6.16271e-007	-0.033125
6.16771e-007	-0.0325
6.17271e-007	-0.0325
6.17771e-007	-0.033125
6.18271e-007	-0.033125
6.18771e-007	-0.03375
6.19271e-007	-0.033125
6.19771e-007	-0.031875
6.20271e-007	-0.03125
6.20771e-007	-0.033125
6.21271e-007	-0.0325
6.21771e-007	-0.030625
6.22271e-007	-0.03125
6.22771e-007	-0.0325
6.23271e-007	-0.0325
6.23771e-007	-0.0325
6.24271e-007	-0.031875
6.24771e-007	-0.030625
6.25271e-007	-0.0325
6.25771e-007	-0.031875
6.26271e-007	-0.0325
6.26771e-007	-0.033125
6.27271e-007	-0.0325
6.27771e-007	-0.03
6.28271e-007	-0.030625
6.28771e-007	-0.031875
6.29271e-007	-0.031875
6.29771e-007	-0.030625
6.30271e-007	-0.03125
6.30771e-007	-0.03125
6.31271e-007	-0.030625
6.31771e-007	-0.030625
6.32271e-007	-0.031875
6.32771e-007	-0.0325
6.33271e-007	-0.0325
6.33771e-007	-0.031875
6.34271e-007	-0.03125
6.34771e-007	-0.0325
6.35271e-007	-0.031875
6.35771e-007	-0.0325
6.36271e-007	-0.0325
6.36771e-007	-0.0325
6.37271e-007	-0.03125
6.37771e-007	-0.029375
6.38271e-007	-0.03
6.38771e-007	-0.03125
6.39271e-007	-0.03
6.39771e-007	-0.029375
6.40271e-007	-0.03
6.40771e-007	-0.030625
6.41271e-007	-0.03125
6.41771e-007	-0.03125
6.42271e-007	-0.03
6.42771e-007	-0.03
6.43271e-007	-0.03125
6.43771e-007	-0.03
6.44271e-007	-0.030625
6.44771e-007	-0.031875
6.45271e-007	-0.03125
6.45771e-007	-0.031875
6.46271e-007	-0.03125
6.46771e-007	-0.030625
6.47271e-007	-0.03125
6.47771e-007	-0.03125
6.48271e-007	-0.03125
6.48771e-007	-0.03
6.49271e-007	-0.030625
6.49771e-007	-0.029375
6.50271e-007	-0.03
6.50771e-007	-0.02875
6.51271e-007	-0.03
6.51771e-007	-0.02875
6.52271e-007	-0.028125
6.52771e-007	-0.028125
6.53271e-007	-0.029375
6.53771e-007	-0.03
6.54271e-007	-0.03
6.54771e-007	-0.03
6.55271e-007	-0.030625
6.55771e-007	-0.03125
6.56271e-007	-0.030625
6.56771e-007	-0.030625
6.57271e-007	-0.03
6.57771e-007	-0.03125
6.58271e-007	-0.03
6.58771e-007	-0.029375
6.59271e-007	-0.029375
6.59771e-007	-0.02875
6.60271e-007	-0.028125
6.60771e-007	-0.028125
6.61271e-007	-0.026875
6.61771e-007	-0.026875
6.62271e-007	-0.026875
6.62771e-007	-0.02875
6.63271e-007	-0.028125
6.63771e-007	-0.026875
6.64271e-007	-0.0275
6.64771e-007	-0.028125
6.65271e-007	-0.02875
6.65771e-007	-0.02875
6.66271e-007	-0.02875
6.66771e-007	-0.029375
6.67271e-007	-0.02875
6.67771e-007	-0.02875
6.68271e-007	-0.02875
6.68771e-007	-0.028125
6.69271e-007	-0.02875
6.69771e-007	-0.029375
6.70271e-007	-0.028125
6.70771e-007	-0.0275
6.71271e-007	-0.0275
6.71771e-007	-0.026875
6.72271e-007	-0.026875
6.72771e-007	-0.026875
6.73271e-007	-0.0275
6.73771e-007	-0.026875
6.74271e-007	-0.02625
6.74771e-007	-0.02625
6.75271e-007	-0.026875
6.75771e-007	-0.028125
6.76271e-007	-0.0275
6.76771e-007	-0.028125
6.77271e-007	-0.02875
6.77771e-007	-0.028125
6.78271e-007	-0.029375
6.78771e-007	-0.029375
6.79271e-007	-0.0275
6.79771e-007	-0.0275
6.80271e-007	-0.02875
6.80771e-007	-0.02875
6.81271e-007	-0.02875
6.81771e-007	-0.026875
6.82271e-007	-0.025
6.82771e-007	-0.026875
6.83271e-007	-0.024375
6.83771e-007	-0.025
6.84271e-007	-0.02625
6.84771e-007	-0.026875
6.85271e-007	-0.02625
6.85771e-007	-0.025625
6.86271e-007	-0.025625
6.86771e-007	-0.026875
6.87271e-007	-0.0275
6.87771e-007	-0.0275
6.88271e-007	-0.0275
6.88771e-007	-0.028125
6.89271e-007	-0.02875
6.89771e-007	-0.0275
6.90271e-007	-0.02625
6.90771e-007	-0.026875
6.91271e-007	-0.026875
6.91771e-007	-0.026875
6.92271e-007	-0.025625
6.92771e-007	-0.025625
6.93271e-007	-0.025
6.93771e-007	-0.02375
6.94271e-007	-0.025625
6.94771e-007	-0.02625
6.95271e-007	-0.025625
6.95771e-007	-0.025625
6.96271e-007	-0.024375
6.96771e-007	-0.025625
6.97271e-007	-0.02625
6.97771e-007	-0.02625
6.98271e-007	-0.025
6.98771e-007	-0.0275
6.99271e-007	-0.026875
6.99771e-007	-0.026875
7.00271e-007	-0.0275
7.00771e-007	-0.026875
7.01271e-007	-0.02625
7.01771e-007	-0.025625
7.02271e-007	-0.025625
7.02771e-007	-0.02625
7.03271e-007	-0.02375
7.03771e-007	-0.025
7.04271e-007	-0.025
7.04771e-007	-0.025
7.05271e-007	-0.024375
7.05771e-007	-0.024375
7.06271e-007	-0.02375
7.06771e-007	-0.024375
7.07271e-007	-0.025
7.07771e-007	-0.02625
7.08271e-007	-0.02375
7.08771e-007	-0.02625
7.09271e-007	-0.02625
7.09771e-007	-0.024375
7.10271e-007	-0.026875
7.10771e-007	-0.02625
7.11271e-007	-0.02625
7.11771e-007	-0.026875
7.12271e-007	-0.025625
7.12771e-007	-0.02625
7.13271e-007	-0.025
7.13771e-007	-0.02375
7.14271e-007	-0.02375
7.14771e-007	-0.025625
7.15271e-007	-0.025
7.15771e-007	-0.023125
7.16271e-007	-0.021875
7.16771e-007	-0.023125
7.17271e-007	-0.024375
7.17771e-007	-0.02375
7.18271e-007	-0.02375
7.18771e-007	-0.02375
7.19271e-007	-0.024375
7.19771e-007	-0.025625
7.20271e-007	-0.025
7.20771e-007	-0.024375
7.21271e-007	-0.024375
7.21771e-007	-0.025
7.22271e-007	-0.025
7.22771e-007	-0.025
7.23271e-007	-0.02375
7.23771e-007	-0.025
7.24271e-007	-0.02375
7.24771e-007	-0.02375
7.25271e-007	-0.023125
7.25771e-007	-0.023125
7.26271e-007	-0.02375
7.26771e-007	-0.021875
7.27271e-007	-0.021875
7.27771e-007	-0.02375
7.28271e-007	-0.023125
7.28771e-007	-0.0225
7.29271e-007	-0.023125
7.29771e-007	-0.021875
7.30271e-007	-0.021875
7.30771e-007	-0.024375
7.31271e-007	-0.024375
7.31771e-007	-0.024375
7.32271e-007	-0.024375
7.32771e-007	-0.02375
7.33271e-007	-0.024375
7.33771e-007	-0.024375
7.34271e-007	-0.02375
7.34771e-007	-0.023125
7.35271e-007	-0.0225
7.35771e-007	-0.024375
7.36271e-007	-0.02375
7.36771e-007	-0.021875
7.37271e-007	-0.023125
7.37771e-007	-0.023125
7.38271e-007	-0.0225
7.38771e-007	-0.023125
7.39271e-007	-0.021875
7.39771e-007	-0.020625
7.40271e-007	-0.023125
7.40771e-007	-0.021875
7.41271e-007	-0.0225
7.41771e-007	-0.0225
7.42271e-007	-0.023125
7.42771e-007	-0.023125
7.43271e-007	-0.0225
7.43771e-007	-0.0225
7.44271e-007	-0.024375
7.44771e-007	-0.023125
7.45271e-007	-0.0225
7.45771e-007	-0.024375
7.46271e-007	-0.023125
7.46771e-007	-0.021875
7.47271e-007	-0.0225
7.47771e-007	-0.0225
7.48271e-007	-0.0225
7.48771e-007	-0.02125
7.49271e-007	-0.020625
7.49771e-007	-0.02125
7.50271e-007	-0.021875
7.50771e-007	-0.02125
7.51271e-007	-0.021875
7.51771e-007	-0.021875
7.52271e-007	-0.02125
7.52771e-007	-0.02125
7.53271e-007	-0.023125
7.53771e-007	-0.023125
7.54271e-007	-0.0225
7.54771e-007	-0.023125
7.55271e-007	-0.02375
7.55771e-007	-0.023125
7.56271e-007	-0.021875
7.56771e-007	-0.02375
7.57271e-007	-0.023125
7.57771e-007	-0.02
7.58271e-007	-0.02
7.58771e-007	-0.020625
7.59271e-007	-0.020625
7.59771e-007	-0.02
7.60271e-007	-0.020625
7.60771e-007	-0.020625
7.61271e-007	-0.02
7.61771e-007	-0.01875
7.62271e-007	-0.02
7.62771e-007	-0.020625
7.63271e-007	-0.020625
7.63771e-007	-0.02125
7.64271e-007	-0.02375
7.64771e-007	-0.0225
7.65271e-007	-0.021875
7.65771e-007	-0.0225
7.66271e-007	-0.0225
7.66771e-007	-0.020625
7.67271e-007	-0.020625
7.67771e-007	-0.020625
7.68271e-007	-0.02125
7.68771e-007	-0.019375
7.69271e-007	-0.020625
7.69771e-007	-0.020625
7.70271e-007	-0.02125
7.70771e-007	-0.019375
7.71271e-007	-0.019375
7.71771e-007	-0.02
7.72271e-007	-0.020625
7.72771e-007	-0.02125
7.73271e-007	-0.021875
7.73771e-007	-0.020625
7.74271e-007	-0.021875
7.74771e-007	-0.02125
7.75271e-007	-0.02125
7.75771e-007	-0.021875
7.76271e-007	-0.02
7.76771e-007	-0.01875
7.77271e-007	-0.02125
7.77771e-007	-0.019375
7.78271e-007	-0.019375
7.78771e-007	-0.019375
7.79271e-007	-0.02
7.79771e-007	-0.02
7.80271e-007	-0.019375
7.80771e-007	-0.018125
7.81271e-007	-0.020625
7.81771e-007	-0.020625
7.82271e-007	-0.019375
7.82771e-007	-0.02
7.83271e-007	-0.02
7.83771e-007	-0.01875
7.84271e-007	-0.019375
7.84771e-007	-0.019375
7.85271e-007	-0.02
7.85771e-007	-0.019375
7.86271e-007	-0.02
7.86771e-007	-0.019375
7.87271e-007	-0.02
7.87771e-007	-0.02
7.88271e-007	-0.019375
7.88771e-007	-0.018125
7.89271e-007	-0.019375
7.89771e-007	-0.01875
7.90271e-007	-0.01875
7.90771e-007	-0.01875
7.91271e-007	-0.02
7.91771e-007	-0.01875
7.92271e-007	-0.019375
7.92771e-007	-0.01875
7.93271e-007	-0.02
7.93771e-007	-0.019375
7.94271e-007	-0.01875
7.94771e-007	-0.019375
7.95271e-007	-0.019375
7.95771e-007	-0.01875
7.96271e-007	-0.01875
7.96771e-007	-0.018125
7.97271e-007	-0.019375
7.97771e-007	-0.01875
7.98271e-007	-0.019375
7.98771e-007	-0.0175
7.99271e-007	-0.018125
7.99771e-007	-0.01875
8.00271e-007	-0.01875
8.00771e-007	-0.019375
8.01271e-007	-0.01875
8.01771e-007	-0.018125
8.02271e-007	-0.0175
8.02771e-007	-0.01875
8.03271e-007	-0.02125
8.03771e-007	-0.01875
8.04271e-007	-0.018125
8.04771e-007	-0.018125
8.05271e-007	-0.018125
8.05771e-007	-0.018125
8.06271e-007	-0.016875
8.06771e-007	-0.016875
8.07271e-007	-0.018125
8.07771e-007	-0.016875
8.08271e-007	-0.016875
8.08771e-007	-0.0175
8.09271e-007	-0.018125
8.09771e-007	-0.01875
8.10271e-007	-0.018125
8.10771e-007	-0.01875
8.11271e-007	-0.02
8.11771e-007	-0.019375
8.12271e-007	-0.019375
8.12771e-007	-0.018125
8.13271e-007	-0.0175
8.13771e-007	-0.0175
8.14271e-007	-0.0175
8.14771e-007	-0.0175
8.15271e-007	-0.018125
8.15771e-007	-0.016875
8.16271e-007	-0.016875
8.16771e-007	-0.015625
8.17271e-007	-0.0175
8.17771e-007	-0.0175
8.18271e-007	-0.016875
8.18771e-007	-0.015625
8.19271e-007	-0.016875
8.19771e-007	-0.016875
8.20271e-007	-0.018125
8.20771e-007	-0.0175
8.21271e-007	-0.016875
8.21771e-007	-0.018125
8.22271e-007	-0.01875
8.22771e-007	-0.018125
8.23271e-007	-0.016875
8.23771e-007	-0.0175
8.24271e-007	-0.01875
8.24771e-007	-0.0175
8.25271e-007	-0.016875
8.25771e-007	-0.016875
8.26271e-007	-0.016875
8.26771e-007	-0.016875
8.27271e-007	-0.016875
8.27771e-007	-0.01625
8.28271e-007	-0.016875
8.28771e-007	-0.016875
8.29271e-007	-0.015625
8.29771e-007	-0.01625
8.30271e-007	-0.01875
8.30771e-007	-0.0175
8.31271e-007	-0.01625
8.31771e-007	-0.016875
8.32271e-007	-0.0175
8.32771e-007	-0.018125
8.33271e-007	-0.0175
8.33771e-007	-0.015625
8.34271e-007	-0.016875
8.34771e-007	-0.016875
8.35271e-007	-0.0175
8.35771e-007	-0.016875
8.36271e-007	-0.016875
8.36771e-007	-0.016875
8.37271e-007	-0.01625
8.37771e-007	-0.015625
8.38271e-007	-0.015625
8.38771e-007	-0.015625
8.39271e-007	-0.016875
8.39771e-007	-0.015
8.40271e-007	-0.015625
8.40771e-007	-0.01625
8.41271e-007	-0.016875
8.41771e-007	-0.01625
8.42271e-007	-0.016875
8.42771e-007	-0.01625
8.43271e-007	-0.01625
8.43771e-007	-0.01625
8.44271e-007	-0.016875
8.44771e-007	-0.01625
8.45271e-007	-0.0175
8.45771e-007	-0.01625
8.46271e-007	-0.016875
8.46771e-007	-0.016875
8.47271e-007	-0.0175
8.47771e-007	-0.016875
8.48271e-007	-0.015625
8.48771e-007	-0.015625
8.49271e-007	-0.0175
8.49771e-007	-0.015625
8.50271e-007	-0.014375
8.50771e-007	-0.015
8.51271e-007	-0.01625
8.51771e-007	-0.015625
8.52271e-007	-0.015625
8.52771e-007	-0.015625
8.53271e-007	-0.01625
8.53771e-007	-0.016875
8.54271e-007	-0.01625
8.54771e-007	-0.015625
8.55271e-007	-0.016875
8.55771e-007	-0.015625
8.56271e-007	-0.015625
8.56771e-007	-0.016875
8.57271e-007	-0.01625
8.57771e-007	-0.015625
8.58271e-007	-0.015625
8.58771e-007	-0.015
8.59271e-007	-0.015
8.59771e-007	-0.015
8.60271e-007	-0.015
8.60771e-007	-0.014375
8.61271e-007	-0.014375
8.61771e-007	-0.01625
8.62271e-007	-0.015
8.62771e-007	-0.014375
8.63271e-007	-0.01625
8.63771e-007	-0.015625
8.64271e-007	-0.01625
8.64771e-007	-0.01625
8.65271e-007	-0.015625
8.65771e-007	-0.014375
8.66271e-007	-0.015
8.66771e-007	-0.015625
8.67271e-007	-0.01625
8.67771e-007	-0.01625
8.68271e-007	-0.01625
8.68771e-007	-0.01625
8.69271e-007	-0.01625
8.69771e-007	-0.015625
8.70271e-007	-0.014375
8.70771e-007	-0.014375
8.71271e-007	-0.015625
8.71771e-007	-0.015625
8.72271e-007	-0.013125
8.72771e-007	-0.01375
8.73271e-007	-0.015625
8.73771e-007	-0.015
8.74271e-007	-0.014375
8.74771e-007	-0.015
8.75271e-007	-0.0175
8.75771e-007	-0.015
8.76271e-007	-0.014375
8.76771e-007	-0.015
8.77271e-007	-0.015625
8.77771e-007	-0.015
8.78271e-007	-0.015
8.78771e-007	-0.01375
8.79271e-007	-0.015
8.79771e-007	-0.015625
8.80271e-007	-0.014375
8.80771e-007	-0.013125
8.81271e-007	-0.015
8.81771e-007	-0.015
8.82271e-007	-0.01375
8.82771e-007	-0.013125
8.83271e-007	-0.014375
8.83771e-007	-0.014375
8.84271e-007	-0.01375
8.84771e-007	-0.01375
8.85271e-007	-0.014375
8.85771e-007	-0.013125
8.86271e-007	-0.014375
8.86771e-007	-0.01375
8.87271e-007	-0.014375
8.87771e-007	-0.01375
8.88271e-007	-0.015
8.88771e-007	-0.015
8.89271e-007	-0.013125
8.89771e-007	-0.013125
8.90271e-007	-0.014375
8.90771e-007	-0.014375
8.91271e-007	-0.0125
8.91771e-007	-0.013125
8.92271e-007	-0.014375
8.92771e-007	-0.013125
8.93271e-007	-0.01375
8.93771e-007	-0.01375
8.94271e-007	-0.013125
8.94771e-007	-0.013125
8.95271e-007	-0.013125
8.95771e-007	-0.013125
8.96271e-007	-0.014375
8.96771e-007	-0.01375
8.97271e-007	-0.01375
8.97771e-007	-0.014375
8.98271e-007	-0.01375
8.98771e-007	-0.013125
8.99271e-007	-0.01375
8.99771e-007	-0.01375
9.00271e-007	-0.01375
9.00771e-007	-0.01375
9.01271e-007	-0.01375
9.01771e-007	-0.01375
9.02271e-007	-0.01375
9.02771e-007	-0.013125
9.03271e-007	-0.01375
9.03771e-007	-0.013125
9.04271e-007	-0.013125
9.04771e-007	-0.013125
9.05271e-007	-0.013125
9.05771e-007	-0.011875
9.06271e-007	-0.011875
9.06771e-007	-0.011875
9.07271e-007	-0.01375
9.07771e-007	-0.013125
9.08271e-007	-0.01375
9.08771e-007	-0.01375
9.09271e-007	-0.01375
9.09771e-007	-0.013125
9.10271e-007	-0.0125
9.10771e-007	-0.011875
9.11271e-007	-0.013125
9.11771e-007	-0.01375
9.12271e-007	-0.013125
9.12771e-007	-0.011875
9.13271e-007	-0.013125
9.13771e-007	-0.013125
9.14271e-007	-0.0125
9.14771e-007	-0.01125
9.15271e-007	-0.01125
9.15771e-007	-0.013125
9.16271e-007	-0.0125
9.16771e-007	-0.0125
9.17271e-007	-0.013125
9.17771e-007	-0.011875
9.18271e-007	-0.0125
9.18771e-007	-0.013125
9.19271e-007	-0.0125
9.19771e-007	-0.01375
9.20271e-007	-0.013125
9.20771e-007	-0.013125
9.21271e-007	-0.0125
9.21771e-007	-0.01125
9.22271e-007	-0.0125
9.22771e-007	-0.01375
9.23271e-007	-0.013125
9.23771e-007	-0.01125
9.24271e-007	-0.01
9.24771e-007	-0.010625
9.25271e-007	-0.01125
9.25771e-007	-0.011875
9.26271e-007	-0.011875
9.26771e-007	-0.011875
9.27271e-007	-0.011875
9.27771e-007	-0.0125
9.28271e-007	-0.011875
9.28771e-007	-0.011875
9.29271e-007	-0.01375
9.29771e-007	-0.0125
9.30271e-007	-0.0125
9.30771e-007	-0.0125
9.31271e-007	-0.013125
9.31771e-007	-0.013125
9.32271e-007	-0.011875
9.32771e-007	-0.01125
9.33271e-007	-0.0125
9.33771e-007	-0.013125
9.34271e-007	-0.011875
9.34771e-007	-0.01125
9.35271e-007	-0.010625
9.35771e-007	-0.011875
9.36271e-007	-0.01125
9.36771e-007	-0.011875
9.37271e-007	-0.013125
9.37771e-007	-0.0125
9.38271e-007	-0.01125
9.38771e-007	-0.013125
9.39271e-007	-0.013125
9.39771e-007	-0.013125
9.40271e-007	-0.0125
9.40771e-007	-0.01375
9.41271e-007	-0.01375
9.41771e-007	-0.0125
9.42271e-007	-0.011875
9.42771e-007	-0.01125
9.43271e-007	-0.013125
9.43771e-007	-0.011875
9.44271e-007	-0.011875
9.44771e-007	-0.010625
9.45271e-007	-0.01125
9.45771e-007	-0.01125
9.46271e-007	-0.010625
9.46771e-007	-0.011875
9.47271e-007	-0.01125
9.47771e-007	-0.010625
9.48271e-007	-0.011875
9.48771e-007	-0.011875
9.49271e-007	-0.01125
9.49771e-007	-0.0125
9.50271e-007	-0.011875
9.50771e-007	-0.013125
9.51271e-007	-0.011875
9.51771e-007	-0.01125
9.52271e-007	-0.011875
9.52771e-007	-0.010625
9.53271e-007	-0.01125
9.53771e-007	-0.01125
9.54271e-007	-0.01
9.54771e-007	-0.011875
9.55271e-007	-0.011875
9.55771e-007	-0.010625
9.56271e-007	-0.010625
9.56771e-007	-0.010625
9.57271e-007	-0.01125
9.57771e-007	-0.0125
9.58271e-007	-0.011875
9.58771e-007	-0.01125
9.59271e-007	-0.011875
9.59771e-007	-0.010625
9.60271e-007	-0.010625
9.60771e-007	-0.011875
9.61271e-007	-0.0125
9.61771e-007	-0.011875
9.62271e-007	-0.01375
9.62771e-007	-0.0125
9.63271e-007	-0.011875
9.63771e-007	-0.010625
9.64271e-007	-0.01
9.64771e-007	-0.01125
9.65271e-007	-0.010625
9.65771e-007	-0.009375
9.66271e-007	-0.010625
9.66771e-007	-0.010625
9.67271e-007	-0.01125
9.67771e-007	-0.01125
9.68271e-007	-0.011875
9.68771e-007	-0.011875
9.69271e-007	-0.01125
9.69771e-007	-0.010625
9.70271e-007	-0.010625
9.70771e-007	-0.011875
9.71271e-007	-0.01125
9.71771e-007	-0.011875
9.72271e-007	-0.013125
9.72771e-007	-0.01125
9.73271e-007	-0.009375
9.73771e-007	-0.01
9.74271e-007	-0.010625
9.74771e-007	-0.01125
9.75271e-007	-0.010625
9.75771e-007	-0.009375
9.76271e-007	-0.009375
9.76771e-007	-0.010625
9.77271e-007	-0.011875
9.77771e-007	-0.01
9.78271e-007	-0.010625
9.78771e-007	-0.011875
9.79271e-007	-0.010625
9.79771e-007	-0.009375
9.80271e-007	-0.010625
9.80771e-007	-0.0125
9.81271e-007	-0.01125
9.81771e-007	-0.010625
9.82271e-007	-0.011875
9.82771e-007	-0.010625
9.83271e-007	-0.009375
9.83771e-007	-0.009375
9.84271e-007	-0.01
9.84771e-007	-0.010625
9.85271e-007	-0.010625
9.85771e-007	-0.01
9.86271e-007	-0.010625
9.86771e-007	-0.01125
9.87271e-007	-0.009375
9.87771e-007	-0.009375
9.88271e-007	-0.010625
9.88771e-007	-0.01
9.89271e-007	-0.011875
9.89771e-007	-0.01
9.90271e-007	-0.009375
9.90771e-007	-0.010625
9.91271e-007	-0.01
9.91771e-007	-0.010625
9.92271e-007	-0.01
9.92771e-007	-0.009375
9.93271e-007	-0.010625
9.93771e-007	-0.01125
9.94271e-007	-0.01
9.94771e-007	-0.008125
9.95271e-007	-0.00875
9.95771e-007	-0.011875
9.96271e-007	-0.010625
9.96771e-007	-0.01
9.97271e-007	-0.010625
9.97771e-007	-0.009375
9.98271e-007	-0.01125
9.98771e-007	-0.0125
9.99271e-007	-0.009375
9.99771e-007	-0.01
1.000271e-006	-0.01
1.000771e-006	-0.008125
1.001271e-006	-0.00875
1.001771e-006	-0.009375
1.002271e-006	-0.009375
1.002771e-006	-0.010625
1.003271e-006	-0.01
1.003771e-006	-0.01
1.004271e-006	-0.010625
