LECROYWS454	16215	Waveform
Segments	1	SegmentSize	4002
Segment	TrigTime	TimeSinceSegment1
#1	29-Apr-2024 21:08:45	0                 
Time	Ampl
-9.96299e-007	-0.000625
-9.95799e-007	-0.00125
-9.95299e-007	0
-9.94799e-007	0.00125
-9.94299e-007	0.001875
-9.93799e-007	0.00125
-9.93299e-007	0
-9.92799e-007	0
-9.92299e-007	0.000625
-9.91799e-007	0.00125
-9.91299e-007	-0.000625
-9.90799e-007	-0.000625
-9.90299e-007	-0.000625
-9.89799e-007	-0.000625
-9.89299e-007	-0.000625
-9.88799e-007	-0.001875
-9.88299e-007	-0.003125
-9.87799e-007	-0.001875
-9.87299e-007	-0.000625
-9.86799e-007	-0.000625
-9.86299e-007	-0.000625
-9.85799e-007	-0.000625
-9.85299e-007	-0.00125
-9.84799e-007	-0.001875
-9.84299e-007	-0.00125
-9.83799e-007	0.00125
-9.83299e-007	0.00125
-9.82799e-007	0
-9.82299e-007	0.000625
-9.81799e-007	0.00125
-9.81299e-007	0
-9.80799e-007	0
-9.80299e-007	-0.000625
-9.79799e-007	0
-9.79299e-007	0.000625
-9.78799e-007	-0.003125
-9.78299e-007	-0.00125
-9.77799e-007	0.000625
-9.77299e-007	-0.0025
-9.76799e-007	-0.001875
-9.76299e-007	-0.00125
-9.75799e-007	0
-9.75299e-007	0
-9.74799e-007	-0.00125
-9.74299e-007	-0.00125
-9.73799e-007	0
-9.73299e-007	-0.00125
-9.72799e-007	0.00125
-9.72299e-007	0
-9.71799e-007	0
-9.71299e-007	0
-9.70799e-007	0
-9.70299e-007	0.00125
-9.69799e-007	0.000625
-9.69299e-007	0.000625
-9.68799e-007	0
-9.68299e-007	0
-9.67799e-007	-0.00125
-9.67299e-007	-0.001875
-9.66799e-007	-0.00125
-9.66299e-007	-0.0025
-9.65799e-007	-0.00125
-9.65299e-007	-0.00125
-9.64799e-007	-0.00125
-9.64299e-007	-0.000625
-9.63799e-007	-0.00125
-9.63299e-007	-0.000625
-9.62799e-007	0
-9.62299e-007	-0.001875
-9.61799e-007	-0.000625
-9.61299e-007	0
-9.60799e-007	0.000625
-9.60299e-007	0.00125
-9.59799e-007	0.000625
-9.59299e-007	0.00125
-9.58799e-007	0.00125
-9.58299e-007	0.000625
-9.57799e-007	0
-9.57299e-007	-0.000625
-9.56799e-007	0
-9.56299e-007	-0.000625
-9.55799e-007	-0.001875
-9.55299e-007	-0.0025
-9.54799e-007	-0.000625
-9.54299e-007	-0.000625
-9.53799e-007	0
-9.53299e-007	0.000625
-9.52799e-007	-0.000625
-9.52299e-007	-0.00125
-9.51799e-007	0
-9.51299e-007	-0.000625
-9.50799e-007	0
-9.50299e-007	0
-9.49799e-007	0
-9.49299e-007	0.000625
-9.48799e-007	0
-9.48299e-007	0
-9.47799e-007	0.00125
-9.47299e-007	0
-9.46799e-007	0
-9.46299e-007	-0.0025
-9.45799e-007	-0.001875
-9.45299e-007	0.000625
-9.44799e-007	0
-9.44299e-007	-0.001875
-9.43799e-007	0
-9.43299e-007	-0.000625
-9.42799e-007	-0.00125
-9.42299e-007	-0.00125
-9.41799e-007	-0.000625
-9.41299e-007	-0.000625
-9.40799e-007	0.000625
-9.40299e-007	-0.000625
-9.39799e-007	0
-9.39299e-007	0.001875
-9.38799e-007	0.001875
-9.38299e-007	0.000625
-9.37799e-007	0
-9.37299e-007	0
-9.36799e-007	0
-9.36299e-007	-0.000625
-9.35799e-007	0.000625
-9.35299e-007	0
-9.34799e-007	-0.00125
-9.34299e-007	-0.000625
-9.33799e-007	0
-9.33299e-007	-0.00125
-9.32799e-007	-0.00125
-9.32299e-007	-0.000625
-9.31799e-007	-0.000625
-9.31299e-007	-0.000625
-9.30799e-007	-0.000625
-9.30299e-007	0.000625
-9.29799e-007	0.000625
-9.29299e-007	-0.00125
-9.28799e-007	-0.00125
-9.28299e-007	0.00125
-9.27799e-007	0.001875
-9.27299e-007	0.001875
-9.26799e-007	0.000625
-9.26299e-007	0
-9.25799e-007	0
-9.25299e-007	0.000625
-9.24799e-007	0.000625
-9.24299e-007	0.000625
-9.23799e-007	0
-9.23299e-007	-0.000625
-9.22799e-007	-0.00125
-9.22299e-007	-0.00125
-9.21799e-007	-0.000625
-9.21299e-007	0.000625
-9.20799e-007	0
-9.20299e-007	-0.001875
-9.19799e-007	-0.001875
-9.19299e-007	0.000625
-9.18799e-007	0.00125
-9.18299e-007	-0.000625
-9.17799e-007	-0.000625
-9.17299e-007	0
-9.16799e-007	0.00125
-9.16299e-007	0.001875
-9.15799e-007	-0.000625
-9.15299e-007	0.0025
-9.14799e-007	0.001875
-9.14299e-007	-0.000625
-9.13799e-007	0.000625
-9.13299e-007	0
-9.12799e-007	0
-9.12299e-007	0
-9.11799e-007	0
-9.11299e-007	0
-9.10799e-007	0.000625
-9.10299e-007	-0.000625
-9.09799e-007	-0.000625
-9.09299e-007	-0.000625
-9.08799e-007	-0.001875
-9.08299e-007	-0.000625
-9.07799e-007	0
-9.07299e-007	0.000625
-9.06799e-007	0.000625
-9.06299e-007	0.000625
-9.05799e-007	0.00125
-9.05299e-007	0.00125
-9.04799e-007	0
-9.04299e-007	-0.000625
-9.03799e-007	0.000625
-9.03299e-007	0.000625
-9.02799e-007	0.00125
-9.02299e-007	0.00125
-9.01799e-007	0.000625
-9.01299e-007	0
-9.00799e-007	-0.000625
-9.00299e-007	-0.00125
-8.99799e-007	-0.00125
-8.99299e-007	-0.000625
-8.98799e-007	-0.000625
-8.98299e-007	0
-8.97799e-007	-0.00125
-8.97299e-007	-0.001875
-8.96799e-007	0.000625
-8.96299e-007	0.000625
-8.95799e-007	0.000625
-8.95299e-007	0.000625
-8.94799e-007	0.00125
-8.94299e-007	0.000625
-8.93799e-007	0.000625
-8.93299e-007	0.00125
-8.92799e-007	0.00125
-8.92299e-007	0.000625
-8.91799e-007	0.00125
-8.91299e-007	0
-8.90799e-007	0
-8.90299e-007	-0.000625
-8.89799e-007	-0.00125
-8.89299e-007	-0.000625
-8.88799e-007	-0.000625
-8.88299e-007	-0.000625
-8.87799e-007	-0.00125
-8.87299e-007	-0.00125
-8.86799e-007	-0.000625
-8.86299e-007	-0.000625
-8.85799e-007	-0.000625
-8.85299e-007	0.000625
-8.84799e-007	0
-8.84299e-007	-0.000625
-8.83799e-007	0.000625
-8.83299e-007	0.001875
-8.82799e-007	0.00125
-8.82299e-007	0.00125
-8.81799e-007	0.000625
-8.81299e-007	-0.000625
-8.80799e-007	0.000625
-8.80299e-007	0
-8.79799e-007	-0.000625
-8.79299e-007	-0.000625
-8.78799e-007	-0.000625
-8.78299e-007	-0.00125
-8.77799e-007	0
-8.77299e-007	0
-8.76799e-007	-0.00125
-8.76299e-007	-0.000625
-8.75799e-007	0
-8.75299e-007	0.00125
-8.74799e-007	0.00125
-8.74299e-007	0.000625
-8.73799e-007	0
-8.73299e-007	0.000625
-8.72799e-007	0.00125
-8.72299e-007	0.000625
-8.71799e-007	-0.000625
-8.71299e-007	0.000625
-8.70799e-007	0.000625
-8.70299e-007	-0.000625
-8.69799e-007	0
-8.69299e-007	-0.000625
-8.68799e-007	-0.00125
-8.68299e-007	-0.000625
-8.67799e-007	0.00125
-8.67299e-007	-0.000625
-8.66799e-007	-0.001875
-8.66299e-007	-0.000625
-8.65799e-007	0
-8.65299e-007	0
-8.64799e-007	0
-8.64299e-007	-0.000625
-8.63799e-007	0
-8.63299e-007	0
-8.62799e-007	-0.000625
-8.62299e-007	0
-8.61799e-007	0.00125
-8.61299e-007	0.00125
-8.60799e-007	0.00125
-8.60299e-007	-0.00125
-8.59799e-007	-0.000625
-8.59299e-007	0.000625
-8.58799e-007	0.000625
-8.58299e-007	-0.000625
-8.57799e-007	-0.000625
-8.57299e-007	-0.000625
-8.56799e-007	-0.00125
-8.56299e-007	-0.000625
-8.55799e-007	-0.000625
-8.55299e-007	-0.000625
-8.54799e-007	0.000625
-8.54299e-007	-0.000625
-8.53799e-007	-0.00125
-8.53299e-007	0
-8.52799e-007	0
-8.52299e-007	0.000625
-8.51799e-007	0.000625
-8.51299e-007	0.000625
-8.50799e-007	0.000625
-8.50299e-007	0
-8.49799e-007	-0.000625
-8.49299e-007	0.00125
-8.48799e-007	-0.000625
-8.48299e-007	-0.000625
-8.47799e-007	0
-8.47299e-007	-0.00125
-8.46799e-007	0
-8.46299e-007	0.000625
-8.45799e-007	-0.00125
-8.45299e-007	-0.00125
-8.44799e-007	-0.001875
-8.44299e-007	-0.000625
-8.43799e-007	0.000625
-8.43299e-007	-0.00125
-8.42799e-007	0.000625
-8.42299e-007	0
-8.41799e-007	0
-8.41299e-007	-0.000625
-8.40799e-007	-0.000625
-8.40299e-007	-0.000625
-8.39799e-007	0
-8.39299e-007	0.001875
-8.38799e-007	0.00125
-8.38299e-007	-0.00125
-8.37799e-007	-0.00125
-8.37299e-007	-0.00125
-8.36799e-007	-0.000625
-8.36299e-007	0.00125
-8.35799e-007	0.000625
-8.35299e-007	0
-8.34799e-007	-0.000625
-8.34299e-007	0
-8.33799e-007	0
-8.33299e-007	0
-8.32799e-007	-0.000625
-8.32299e-007	-0.000625
-8.31799e-007	0.000625
-8.31299e-007	0
-8.30799e-007	0.000625
-8.30299e-007	0
-8.29799e-007	0
-8.29299e-007	0.000625
-8.28799e-007	0.000625
-8.28299e-007	0.000625
-8.27799e-007	0
-8.27299e-007	0
-8.26799e-007	0.000625
-8.26299e-007	0.000625
-8.25799e-007	-0.001875
-8.25299e-007	-0.0025
-8.24799e-007	-0.000625
-8.24299e-007	0.000625
-8.23799e-007	-0.000625
-8.23299e-007	-0.000625
-8.22799e-007	0.00125
-8.22299e-007	0.00125
-8.21799e-007	0.00125
-8.21299e-007	0.000625
-8.20799e-007	0
-8.20299e-007	0.000625
-8.19799e-007	0.000625
-8.19299e-007	0.00125
-8.18799e-007	0.00125
-8.18299e-007	0
-8.17799e-007	0.000625
-8.17299e-007	0.000625
-8.16799e-007	0.000625
-8.16299e-007	0.000625
-8.15799e-007	-0.000625
-8.15299e-007	-0.000625
-8.14799e-007	-0.001875
-8.14299e-007	-0.000625
-8.13799e-007	0.0025
-8.13299e-007	0.000625
-8.12799e-007	-0.00125
-8.12299e-007	0.000625
-8.11799e-007	0.000625
-8.11299e-007	0
-8.10799e-007	0.00125
-8.10299e-007	-0.000625
-8.09799e-007	-0.00125
-8.09299e-007	0.000625
-8.08799e-007	0.000625
-8.08299e-007	0
-8.07799e-007	0.000625
-8.07299e-007	-0.000625
-8.06799e-007	-0.000625
-8.06299e-007	-0.000625
-8.05799e-007	0
-8.05299e-007	-0.000625
-8.04799e-007	-0.000625
-8.04299e-007	-0.000625
-8.03799e-007	-0.00125
-8.03299e-007	-0.000625
-8.02799e-007	0.00125
-8.02299e-007	0
-8.01799e-007	-0.000625
-8.01299e-007	-0.00125
-8.00799e-007	0
-8.00299e-007	0.000625
-7.99799e-007	0
-7.99299e-007	-0.000625
-7.98799e-007	0.000625
-7.98299e-007	0
-7.97799e-007	0.000625
-7.97299e-007	0.000625
-7.96799e-007	-0.000625
-7.96299e-007	0.000625
-7.95799e-007	0.000625
-7.95299e-007	-0.00125
-7.94799e-007	-0.00125
-7.94299e-007	0.000625
-7.93799e-007	0.000625
-7.93299e-007	0.000625
-7.92799e-007	0
-7.92299e-007	-0.001875
-7.91799e-007	-0.001875
-7.91299e-007	0
-7.90799e-007	0.00125
-7.90299e-007	0.001875
-7.89799e-007	0.000625
-7.89299e-007	-0.000625
-7.88799e-007	0
-7.88299e-007	0
-7.87799e-007	0.000625
-7.87299e-007	0.000625
-7.86799e-007	0.000625
-7.86299e-007	0
-7.85799e-007	-0.000625
-7.85299e-007	0
-7.84799e-007	-0.001875
-7.84299e-007	-0.001875
-7.83799e-007	0.000625
-7.83299e-007	0
-7.82799e-007	0
-7.82299e-007	-0.000625
-7.81799e-007	0
-7.81299e-007	0
-7.80799e-007	-0.00125
-7.80299e-007	-0.000625
-7.79799e-007	0
-7.79299e-007	-0.000625
-7.78799e-007	-0.000625
-7.78299e-007	0
-7.77799e-007	0.001875
-7.77299e-007	0
-7.76799e-007	0
-7.76299e-007	-0.000625
-7.75799e-007	-0.00125
-7.75299e-007	0.00125
-7.74799e-007	0.000625
-7.74299e-007	-0.000625
-7.73799e-007	0.000625
-7.73299e-007	0
-7.72799e-007	0
-7.72299e-007	0
-7.71799e-007	0.000625
-7.71299e-007	0.000625
-7.70799e-007	0
-7.70299e-007	-0.000625
-7.69799e-007	0.000625
-7.69299e-007	0.000625
-7.68799e-007	-0.000625
-7.68299e-007	0
-7.67799e-007	0.000625
-7.67299e-007	0.000625
-7.66799e-007	0
-7.66299e-007	-0.000625
-7.65799e-007	0
-7.65299e-007	0.000625
-7.64799e-007	0.001875
-7.64299e-007	0.00125
-7.63799e-007	0.000625
-7.63299e-007	0
-7.62799e-007	-0.000625
-7.62299e-007	-0.000625
-7.61799e-007	0.00125
-7.61299e-007	0
-7.60799e-007	-0.001875
-7.60299e-007	-0.000625
-7.59799e-007	0
-7.59299e-007	-0.00125
-7.58799e-007	-0.000625
-7.58299e-007	0.000625
-7.57799e-007	0.000625
-7.57299e-007	-0.000625
-7.56799e-007	-0.000625
-7.56299e-007	-0.000625
-7.55799e-007	-0.000625
-7.55299e-007	0
-7.54799e-007	0.0025
-7.54299e-007	0.000625
-7.53799e-007	0
-7.53299e-007	0.000625
-7.52799e-007	0
-7.52299e-007	-0.00125
-7.51799e-007	0.00125
-7.51299e-007	0.001875
-7.50799e-007	0.000625
-7.50299e-007	0.000625
-7.49799e-007	-0.00125
-7.49299e-007	-0.00125
-7.48799e-007	-0.000625
-7.48299e-007	-0.000625
-7.47799e-007	-0.000625
-7.47299e-007	0.000625
-7.46799e-007	0.00125
-7.46299e-007	-0.000625
-7.45799e-007	-0.000625
-7.45299e-007	-0.000625
-7.44799e-007	-0.00125
-7.44299e-007	0.000625
-7.43799e-007	0.00125
-7.43299e-007	0.000625
-7.42799e-007	0
-7.42299e-007	-0.00125
-7.41799e-007	0
-7.41299e-007	0.000625
-7.40799e-007	0.000625
-7.40299e-007	0.00125
-7.39799e-007	0.00125
-7.39299e-007	0
-7.38799e-007	0
-7.38299e-007	0.00125
-7.37799e-007	0.00125
-7.37299e-007	0.000625
-7.36799e-007	0
-7.36299e-007	-0.001875
-7.35799e-007	-0.001875
-7.35299e-007	-0.000625
-7.34799e-007	0
-7.34299e-007	0.000625
-7.33799e-007	-0.000625
-7.33299e-007	0
-7.32799e-007	-0.000625
-7.32299e-007	-0.000625
-7.31799e-007	0.00125
-7.31299e-007	0.000625
-7.30799e-007	0.000625
-7.30299e-007	0.00125
-7.29799e-007	0.000625
-7.29299e-007	0.000625
-7.28799e-007	0
-7.28299e-007	0.000625
-7.27799e-007	0.000625
-7.27299e-007	0.000625
-7.26799e-007	0
-7.26299e-007	-0.00125
-7.25799e-007	-0.000625
-7.25299e-007	0
-7.24799e-007	0
-7.24299e-007	-0.000625
-7.23799e-007	0
-7.23299e-007	0
-7.22799e-007	0.000625
-7.22299e-007	0.000625
-7.21799e-007	-0.000625
-7.21299e-007	-0.000625
-7.20799e-007	0.000625
-7.20299e-007	0.00125
-7.19799e-007	0
-7.19299e-007	0
-7.18799e-007	0.00125
-7.18299e-007	0
-7.17799e-007	0
-7.17299e-007	0.000625
-7.16799e-007	-0.000625
-7.16299e-007	0
-7.15799e-007	0.000625
-7.15299e-007	-0.00125
-7.14799e-007	0
-7.14299e-007	-0.000625
-7.13799e-007	0
-7.13299e-007	-0.00125
-7.12799e-007	0
-7.12299e-007	0.00125
-7.11799e-007	-0.00125
-7.11299e-007	-0.000625
-7.10799e-007	-0.000625
-7.10299e-007	0
-7.09799e-007	0.000625
-7.09299e-007	0.001875
-7.08799e-007	0.00125
-7.08299e-007	0.001875
-7.07799e-007	0.00125
-7.07299e-007	0
-7.06799e-007	0
-7.06299e-007	0.000625
-7.05799e-007	0.00125
-7.05299e-007	0.000625
-7.04799e-007	-0.000625
-7.04299e-007	0.000625
-7.03799e-007	0
-7.03299e-007	-0.0025
-7.02799e-007	-0.00125
-7.02299e-007	0
-7.01799e-007	-0.000625
-7.01299e-007	-0.000625
-7.00799e-007	0
-7.00299e-007	0.000625
-6.99799e-007	0.000625
-6.99299e-007	0
-6.98799e-007	0.000625
-6.98299e-007	0
-6.97799e-007	-0.000625
-6.97299e-007	-0.00125
-6.96799e-007	-0.000625
-6.96299e-007	0.000625
-6.95799e-007	0.00125
-6.95299e-007	0.000625
-6.94799e-007	0.000625
-6.94299e-007	0.000625
-6.93799e-007	0.00125
-6.93299e-007	0.00125
-6.92799e-007	0
-6.92299e-007	-0.00125
-6.91799e-007	0
-6.91299e-007	0.00125
-6.90799e-007	0.000625
-6.90299e-007	-0.000625
-6.89799e-007	0.000625
-6.89299e-007	0.00125
-6.88799e-007	-0.000625
-6.88299e-007	-0.00125
-6.87799e-007	-0.000625
-6.87299e-007	0
-6.86799e-007	0
-6.86299e-007	0.000625
-6.85799e-007	0.000625
-6.85299e-007	0
-6.84799e-007	0.000625
-6.84299e-007	0.00125
-6.83799e-007	0.00125
-6.83299e-007	0.001875
-6.82799e-007	0.000625
-6.82299e-007	0
-6.81799e-007	0.00125
-6.81299e-007	0.000625
-6.80799e-007	0
-6.80299e-007	0.00125
-6.79799e-007	0.00125
-6.79299e-007	0
-6.78799e-007	-0.000625
-6.78299e-007	-0.000625
-6.77799e-007	0
-6.77299e-007	0
-6.76799e-007	0.001875
-6.76299e-007	0.000625
-6.75799e-007	-0.000625
-6.75299e-007	-0.000625
-6.74799e-007	0.000625
-6.74299e-007	0.001875
-6.73799e-007	0.001875
-6.73299e-007	0
-6.72799e-007	0.000625
-6.72299e-007	0.000625
-6.71799e-007	0.000625
-6.71299e-007	0.001875
-6.70799e-007	0.000625
-6.70299e-007	0
-6.69799e-007	-0.000625
-6.69299e-007	-0.00125
-6.68799e-007	-0.000625
-6.68299e-007	-0.00125
-6.67799e-007	0
-6.67299e-007	0
-6.66799e-007	-0.000625
-6.66299e-007	-0.000625
-6.65799e-007	-0.000625
-6.65299e-007	0
-6.64799e-007	0.000625
-6.64299e-007	0.00125
-6.63799e-007	0.00125
-6.63299e-007	0.00125
-6.62799e-007	0
-6.62299e-007	-0.000625
-6.61799e-007	0.000625
-6.61299e-007	0.000625
-6.60799e-007	-0.000625
-6.60299e-007	0.000625
-6.59799e-007	0.000625
-6.59299e-007	0
-6.58799e-007	-0.000625
-6.58299e-007	0
-6.57799e-007	-0.001875
-6.57299e-007	-0.00125
-6.56799e-007	0.000625
-6.56299e-007	0
-6.55799e-007	0.00125
-6.55299e-007	0.000625
-6.54799e-007	-0.00125
-6.54299e-007	0
-6.53799e-007	0.00125
-6.53299e-007	0.000625
-6.52799e-007	0.00125
-6.52299e-007	0.000625
-6.51799e-007	0.00125
-6.51299e-007	0.00125
-6.50799e-007	0
-6.50299e-007	0.000625
-6.49799e-007	0.000625
-6.49299e-007	-0.000625
-6.48799e-007	-0.001875
-6.48299e-007	-0.00125
-6.47799e-007	0.000625
-6.47299e-007	-0.000625
-6.46799e-007	0
-6.46299e-007	0
-6.45799e-007	-0.000625
-6.45299e-007	0.00125
-6.44799e-007	0.000625
-6.44299e-007	0.000625
-6.43799e-007	0.000625
-6.43299e-007	0.000625
-6.42799e-007	0.00125
-6.42299e-007	0.001875
-6.41799e-007	0.000625
-6.41299e-007	0.000625
-6.40799e-007	-0.000625
-6.40299e-007	0
-6.39799e-007	0.000625
-6.39299e-007	-0.000625
-6.38799e-007	0
-6.38299e-007	0.000625
-6.37799e-007	-0.000625
-6.37299e-007	-0.001875
-6.36799e-007	-0.00125
-6.36299e-007	0
-6.35799e-007	-0.00125
-6.35299e-007	0
-6.34799e-007	0.00125
-6.34299e-007	0.000625
-6.33799e-007	0.000625
-6.33299e-007	0.00125
-6.32799e-007	0.000625
-6.32299e-007	0
-6.31799e-007	0.000625
-6.31299e-007	-0.000625
-6.30799e-007	0
-6.30299e-007	0.000625
-6.29799e-007	0
-6.29299e-007	-0.000625
-6.28799e-007	-0.000625
-6.28299e-007	0
-6.27799e-007	-0.000625
-6.27299e-007	-0.00125
-6.26799e-007	0.000625
-6.26299e-007	0.000625
-6.25799e-007	0
-6.25299e-007	-0.000625
-6.24799e-007	-0.000625
-6.24299e-007	0
-6.23799e-007	0
-6.23299e-007	0
-6.22799e-007	-0.00125
-6.22299e-007	-0.000625
-6.21799e-007	0.000625
-6.21299e-007	0.000625
-6.20799e-007	0.000625
-6.20299e-007	0
-6.19799e-007	0.00125
-6.19299e-007	0.000625
-6.18799e-007	-0.00125
-6.18299e-007	-0.00125
-6.17799e-007	0.000625
-6.17299e-007	0
-6.16799e-007	-0.001875
-6.16299e-007	0
-6.15799e-007	0.000625
-6.15299e-007	-0.001875
-6.14799e-007	-0.000625
-6.14299e-007	0.000625
-6.13799e-007	-0.000625
-6.13299e-007	-0.00125
-6.12799e-007	-0.00125
-6.12299e-007	0
-6.11799e-007	0.000625
-6.11299e-007	-0.000625
-6.10799e-007	-0.000625
-6.10299e-007	0
-6.09799e-007	0.000625
-6.09299e-007	-0.000625
-6.08799e-007	-0.000625
-6.08299e-007	-0.000625
-6.07799e-007	0.000625
-6.07299e-007	0.00125
-6.06799e-007	0.000625
-6.06299e-007	0.00125
-6.05799e-007	0.00125
-6.05299e-007	0
-6.04799e-007	0
-6.04299e-007	0
-6.03799e-007	0.000625
-6.03299e-007	0.000625
-6.02799e-007	0.000625
-6.02299e-007	-0.00125
-6.01799e-007	-0.001875
-6.01299e-007	-0.00125
-6.00799e-007	0
-6.00299e-007	0.000625
-5.99799e-007	0
-5.99299e-007	-0.00125
-5.98799e-007	0
-5.98299e-007	0
-5.97799e-007	0.000625
-5.97299e-007	0
-5.96799e-007	-0.000625
-5.96299e-007	0.000625
-5.95799e-007	0
-5.95299e-007	-0.000625
-5.94799e-007	0.00125
-5.94299e-007	-0.000625
-5.93799e-007	-0.000625
-5.93299e-007	0.000625
-5.92799e-007	-0.000625
-5.92299e-007	-0.00125
-5.91799e-007	0.000625
-5.91299e-007	0
-5.90799e-007	-0.000625
-5.90299e-007	-0.000625
-5.89799e-007	-0.000625
-5.89299e-007	-0.000625
-5.88799e-007	0
-5.88299e-007	-0.00125
-5.87799e-007	0.000625
-5.87299e-007	0.000625
-5.86799e-007	-0.00125
-5.86299e-007	-0.000625
-5.85799e-007	0.00125
-5.85299e-007	0.00125
-5.84799e-007	0.001875
-5.84299e-007	0.000625
-5.83799e-007	0
-5.83299e-007	0.00125
-5.82799e-007	0
-5.82299e-007	0
-5.81799e-007	0
-5.81299e-007	0
-5.80799e-007	-0.000625
-5.80299e-007	0
-5.79799e-007	0.00125
-5.79299e-007	0
-5.78799e-007	-0.00125
-5.78299e-007	-0.00125
-5.77799e-007	0.000625
-5.77299e-007	0.00125
-5.76799e-007	0.000625
-5.76299e-007	-0.000625
-5.75799e-007	0.00125
-5.75299e-007	0.000625
-5.74799e-007	-0.000625
-5.74299e-007	-0.000625
-5.73799e-007	0.000625
-5.73299e-007	-0.000625
-5.72799e-007	0
-5.72299e-007	-0.000625
-5.71799e-007	-0.000625
-5.71299e-007	0.000625
-5.70799e-007	-0.000625
-5.70299e-007	-0.000625
-5.69799e-007	0
-5.69299e-007	0
-5.68799e-007	-0.000625
-5.68299e-007	-0.000625
-5.67799e-007	0
-5.67299e-007	-0.00125
-5.66799e-007	-0.000625
-5.66299e-007	0.000625
-5.65799e-007	0.00125
-5.65299e-007	0.000625
-5.64799e-007	-0.000625
-5.64299e-007	-0.00125
-5.63799e-007	0
-5.63299e-007	0.001875
-5.62799e-007	0.000625
-5.62299e-007	0.000625
-5.61799e-007	0.00125
-5.61299e-007	0
-5.60799e-007	0.00125
-5.60299e-007	0.000625
-5.59799e-007	0.000625
-5.59299e-007	0.000625
-5.58799e-007	0
-5.58299e-007	-0.000625
-5.57799e-007	-0.000625
-5.57299e-007	0.000625
-5.56799e-007	-0.00125
-5.56299e-007	-0.00125
-5.55799e-007	0
-5.55299e-007	-0.000625
-5.54799e-007	-0.000625
-5.54299e-007	-0.000625
-5.53799e-007	0
-5.53299e-007	-0.000625
-5.52799e-007	-0.000625
-5.52299e-007	0.000625
-5.51799e-007	0.001875
-5.51299e-007	0
-5.50799e-007	0
-5.50299e-007	0.000625
-5.49799e-007	0.000625
-5.49299e-007	0
-5.48799e-007	-0.000625
-5.48299e-007	0
-5.47799e-007	-0.000625
-5.47299e-007	-0.001875
-5.46799e-007	-0.00125
-5.46299e-007	-0.000625
-5.45799e-007	-0.00125
-5.45299e-007	-0.000625
-5.44799e-007	-0.001875
-5.44299e-007	-0.00125
-5.43799e-007	0.00125
-5.43299e-007	-0.000625
-5.42799e-007	-0.000625
-5.42299e-007	0.001875
-5.41799e-007	0.000625
-5.41299e-007	0
-5.40799e-007	-0.000625
-5.40299e-007	0
-5.39799e-007	0.000625
-5.39299e-007	0.00125
-5.38799e-007	0.000625
-5.38299e-007	-0.000625
-5.37799e-007	0
-5.37299e-007	0
-5.36799e-007	-0.00125
-5.36299e-007	-0.000625
-5.35799e-007	-0.000625
-5.35299e-007	0.000625
-5.34799e-007	0.000625
-5.34299e-007	-0.001875
-5.33799e-007	-0.00125
-5.33299e-007	-0.00125
-5.32799e-007	0.000625
-5.32299e-007	0.00125
-5.31799e-007	0.000625
-5.31299e-007	0.00125
-5.30799e-007	0.000625
-5.30299e-007	0
-5.29799e-007	0.000625
-5.29299e-007	0.00125
-5.28799e-007	0.000625
-5.28299e-007	0.000625
-5.27799e-007	-0.000625
-5.27299e-007	0.00125
-5.26799e-007	0.000625
-5.26299e-007	-0.000625
-5.25799e-007	0
-5.25299e-007	0.000625
-5.24799e-007	0
-5.24299e-007	-0.000625
-5.23799e-007	-0.00125
-5.23299e-007	-0.000625
-5.22799e-007	0.000625
-5.22299e-007	0.00125
-5.21799e-007	0.000625
-5.21299e-007	0
-5.20799e-007	0
-5.20299e-007	0.00125
-5.19799e-007	0
-5.19299e-007	0
-5.18799e-007	0.000625
-5.18299e-007	0
-5.17799e-007	-0.000625
-5.17299e-007	0
-5.16799e-007	0.000625
-5.16299e-007	0.000625
-5.15799e-007	-0.00125
-5.15299e-007	-0.000625
-5.14799e-007	0.000625
-5.14299e-007	0
-5.13799e-007	0
-5.13299e-007	0.000625
-5.12799e-007	0
-5.12299e-007	-0.000625
-5.11799e-007	0.000625
-5.11299e-007	-0.00125
-5.10799e-007	-0.000625
-5.10299e-007	-0.00125
-5.09799e-007	-0.000625
-5.09299e-007	0.000625
-5.08799e-007	-0.00125
-5.08299e-007	0
-5.07799e-007	0
-5.07299e-007	-0.000625
-5.06799e-007	0.000625
-5.06299e-007	0.00125
-5.05799e-007	0.00125
-5.05299e-007	0
-5.04799e-007	0.000625
-5.04299e-007	0.00125
-5.03799e-007	0.00125
-5.03299e-007	0
-5.02799e-007	0.000625
-5.02299e-007	0.00125
-5.01799e-007	0.000625
-5.01299e-007	-0.000625
-5.00799e-007	-0.000625
-5.00299e-007	0
-4.99799e-007	-0.000625
-4.99299e-007	-0.000625
-4.98799e-007	-0.000625
-4.98299e-007	-0.000625
-4.97799e-007	-0.000625
-4.97299e-007	0
-4.96799e-007	0.000625
-4.96299e-007	0.000625
-4.95799e-007	0.00125
-4.95299e-007	0.000625
-4.94799e-007	0
-4.94299e-007	0.000625
-4.93799e-007	0
-4.93299e-007	0
-4.92799e-007	-0.00125
-4.92299e-007	-0.000625
-4.91799e-007	0.0025
-4.91299e-007	0.00125
-4.90799e-007	-0.003125
-4.90299e-007	-0.00125
-4.89799e-007	0
-4.89299e-007	-0.000625
-4.88799e-007	0
-4.88299e-007	-0.000625
-4.87799e-007	0
-4.87299e-007	-0.000625
-4.86799e-007	0.000625
-4.86299e-007	0
-4.85799e-007	0
-4.85299e-007	0.001875
-4.84799e-007	0.001875
-4.84299e-007	0.000625
-4.83799e-007	0.00125
-4.83299e-007	0.000625
-4.82799e-007	0
-4.82299e-007	0.000625
-4.81799e-007	0.000625
-4.81299e-007	0
-4.80799e-007	0.000625
-4.80299e-007	0
-4.79799e-007	-0.000625
-4.79299e-007	-0.000625
-4.78799e-007	-0.000625
-4.78299e-007	-0.001875
-4.77799e-007	-0.001875
-4.77299e-007	-0.000625
-4.76799e-007	0
-4.76299e-007	0
-4.75799e-007	0
-4.75299e-007	0.00125
-4.74799e-007	0.000625
-4.74299e-007	0.000625
-4.73799e-007	0.000625
-4.73299e-007	0.000625
-4.72799e-007	0.00125
-4.72299e-007	0.000625
-4.71799e-007	0
-4.71299e-007	0
-4.70799e-007	0
-4.70299e-007	-0.000625
-4.69799e-007	-0.000625
-4.69299e-007	0
-4.68799e-007	-0.000625
-4.68299e-007	-0.000625
-4.67799e-007	0.000625
-4.67299e-007	-0.000625
-4.66799e-007	-0.000625
-4.66299e-007	-0.000625
-4.65799e-007	0.000625
-4.65299e-007	0
-4.64799e-007	-0.000625
-4.64299e-007	0
-4.63799e-007	0
-4.63299e-007	0
-4.62799e-007	0.00125
-4.62299e-007	0.000625
-4.61799e-007	0.000625
-4.61299e-007	0
-4.60799e-007	-0.00125
-4.60299e-007	-0.000625
-4.59799e-007	0
-4.59299e-007	0.000625
-4.58799e-007	0.000625
-4.58299e-007	0
-4.57799e-007	0
-4.57299e-007	-0.000625
-4.56799e-007	-0.00125
-4.56299e-007	-0.00125
-4.55799e-007	0
-4.55299e-007	-0.000625
-4.54799e-007	-0.00125
-4.54299e-007	-0.000625
-4.53799e-007	0.001875
-4.53299e-007	0.001875
-4.52799e-007	0
-4.52299e-007	0
-4.51799e-007	0.001875
-4.51299e-007	-0.000625
-4.50799e-007	-0.00125
-4.50299e-007	0.000625
-4.49799e-007	0.000625
-4.49299e-007	-0.00125
-4.48799e-007	-0.000625
-4.48299e-007	0.000625
-4.47799e-007	0.00125
-4.47299e-007	-0.000625
-4.46799e-007	-0.001875
-4.46299e-007	-0.000625
-4.45799e-007	0.000625
-4.45299e-007	0.000625
-4.44799e-007	0
-4.44299e-007	0
-4.43799e-007	0
-4.43299e-007	-0.000625
-4.42799e-007	0
-4.42299e-007	0.00125
-4.41799e-007	0.00125
-4.41299e-007	0.000625
-4.40799e-007	0
-4.40299e-007	0.000625
-4.39799e-007	0.00125
-4.39299e-007	0.000625
-4.38799e-007	0.00125
-4.38299e-007	0.00125
-4.37799e-007	0.00125
-4.37299e-007	-0.00125
-4.36799e-007	0
-4.36299e-007	0.000625
-4.35799e-007	-0.000625
-4.35299e-007	-0.000625
-4.34799e-007	-0.00125
-4.34299e-007	0
-4.33799e-007	0.000625
-4.33299e-007	-0.000625
-4.32799e-007	0
-4.32299e-007	0.000625
-4.31799e-007	0.00125
-4.31299e-007	0.000625
-4.30799e-007	-0.000625
-4.30299e-007	0.000625
-4.29799e-007	0.001875
-4.29299e-007	0.00125
-4.28799e-007	0.000625
-4.28299e-007	0.000625
-4.27799e-007	0
-4.27299e-007	0
-4.26799e-007	0.00125
-4.26299e-007	-0.000625
-4.25799e-007	-0.00125
-4.25299e-007	-0.000625
-4.24799e-007	0
-4.24299e-007	0.000625
-4.23799e-007	-0.000625
-4.23299e-007	-0.000625
-4.22799e-007	0.000625
-4.22299e-007	0
-4.21799e-007	0.00125
-4.21299e-007	0.000625
-4.20799e-007	0.000625
-4.20299e-007	0.000625
-4.19799e-007	0
-4.19299e-007	0.00125
-4.18799e-007	0.001875
-4.18299e-007	-0.000625
-4.17799e-007	-0.00125
-4.17299e-007	0.000625
-4.16799e-007	0.00125
-4.16299e-007	0
-4.15799e-007	0
-4.15299e-007	0
-4.14799e-007	-0.000625
-4.14299e-007	-0.001875
-4.13799e-007	-0.00125
-4.13299e-007	0.00125
-4.12799e-007	0.000625
-4.12299e-007	0.000625
-4.11799e-007	0
-4.11299e-007	0
-4.10799e-007	0.00125
-4.10299e-007	-0.000625
-4.09799e-007	0.000625
-4.09299e-007	0.001875
-4.08799e-007	0.001875
-4.08299e-007	0
-4.07799e-007	0.000625
-4.07299e-007	0.000625
-4.06799e-007	0.000625
-4.06299e-007	-0.00125
-4.05799e-007	-0.00125
-4.05299e-007	-0.00125
-4.04799e-007	-0.00125
-4.04299e-007	-0.000625
-4.03799e-007	-0.000625
-4.03299e-007	-0.001875
-4.02799e-007	0
-4.02299e-007	0.000625
-4.01799e-007	0.00125
-4.01299e-007	0
-4.00799e-007	-0.000625
-4.00299e-007	0
-3.99799e-007	0.000625
-3.99299e-007	0.00125
-3.98799e-007	0.000625
-3.98299e-007	0.001875
-3.97799e-007	0.00125
-3.97299e-007	0.000625
-3.96799e-007	-0.000625
-3.96299e-007	-0.00125
-3.95799e-007	-0.00125
-3.95299e-007	-0.000625
-3.94799e-007	-0.000625
-3.94299e-007	-0.000625
-3.93799e-007	-0.001875
-3.93299e-007	0
-3.92799e-007	0
-3.92299e-007	-0.000625
-3.91799e-007	0.00125
-3.91299e-007	0.000625
-3.90799e-007	-0.000625
-3.90299e-007	-0.000625
-3.89799e-007	0.000625
-3.89299e-007	0.001875
-3.88799e-007	0.001875
-3.88299e-007	0.000625
-3.87799e-007	0.000625
-3.87299e-007	0.00125
-3.86799e-007	0.00125
-3.86299e-007	0.000625
-3.85799e-007	0
-3.85299e-007	-0.000625
-3.84799e-007	0
-3.84299e-007	-0.000625
-3.83799e-007	-0.000625
-3.83299e-007	-0.00125
-3.82799e-007	-0.000625
-3.82299e-007	-0.000625
-3.81799e-007	0
-3.81299e-007	-0.000625
-3.80799e-007	-0.00125
-3.80299e-007	0
-3.79799e-007	0.000625
-3.79299e-007	0
-3.78799e-007	0.00125
-3.78299e-007	0.001875
-3.77799e-007	0.00125
-3.77299e-007	0.00125
-3.76799e-007	0.001875
-3.76299e-007	0.000625
-3.75799e-007	-0.00125
-3.75299e-007	-0.000625
-3.74799e-007	0
-3.74299e-007	-0.001875
-3.73799e-007	-0.000625
-3.73299e-007	0.000625
-3.72799e-007	-0.00125
-3.72299e-007	0
-3.71799e-007	-0.000625
-3.71299e-007	-0.00125
-3.70799e-007	-0.000625
-3.70299e-007	-0.00125
-3.69799e-007	0
-3.69299e-007	0.000625
-3.68799e-007	0
-3.68299e-007	0.00125
-3.67799e-007	0.001875
-3.67299e-007	0
-3.66799e-007	0
-3.66299e-007	0.00125
-3.65799e-007	0.000625
-3.65299e-007	0.000625
-3.64799e-007	0.00125
-3.64299e-007	-0.000625
-3.63799e-007	-0.00125
-3.63299e-007	-0.000625
-3.62799e-007	0
-3.62299e-007	-0.000625
-3.61799e-007	-0.00125
-3.61299e-007	-0.00125
-3.60799e-007	-0.00125
-3.60299e-007	-0.00125
-3.59799e-007	0
-3.59299e-007	-0.00125
-3.58799e-007	0
-3.58299e-007	0.000625
-3.57799e-007	0
-3.57299e-007	0.00125
-3.56799e-007	0.00125
-3.56299e-007	0.000625
-3.55799e-007	0.00125
-3.55299e-007	0
-3.54799e-007	0.000625
-3.54299e-007	0.001875
-3.53799e-007	0.000625
-3.53299e-007	-0.000625
-3.52799e-007	-0.000625
-3.52299e-007	0.00125
-3.51799e-007	0
-3.51299e-007	-0.000625
-3.50799e-007	0
-3.50299e-007	-0.000625
-3.49799e-007	0
-3.49299e-007	0
-3.48799e-007	-0.00125
-3.48299e-007	-0.00125
-3.47799e-007	0
-3.47299e-007	0.000625
-3.46799e-007	0
-3.46299e-007	0.00125
-3.45799e-007	0
-3.45299e-007	0.000625
-3.44799e-007	0.000625
-3.44299e-007	-0.000625
-3.43799e-007	0
-3.43299e-007	0
-3.42799e-007	-0.00125
-3.42299e-007	-0.000625
-3.41799e-007	0.000625
-3.41299e-007	0
-3.40799e-007	-0.000625
-3.40299e-007	-0.00125
-3.39799e-007	0
-3.39299e-007	-0.000625
-3.38799e-007	-0.00125
-3.38299e-007	-0.000625
-3.37799e-007	0
-3.37299e-007	0.000625
-3.36799e-007	-0.00125
-3.36299e-007	-0.00125
-3.35799e-007	-0.000625
-3.35299e-007	-0.00125
-3.34799e-007	0.000625
-3.34299e-007	0.000625
-3.33799e-007	0
-3.33299e-007	0
-3.32799e-007	-0.000625
-3.32299e-007	-0.000625
-3.31799e-007	0
-3.31299e-007	0
-3.30799e-007	-0.00125
-3.30299e-007	0
-3.29799e-007	0.000625
-3.29299e-007	-0.00125
-3.28799e-007	-0.001875
-3.28299e-007	-0.001875
-3.27799e-007	0
-3.27299e-007	-0.000625
-3.26799e-007	0
-3.26299e-007	0.00125
-3.25799e-007	-0.000625
-3.25299e-007	-0.000625
-3.24799e-007	0
-3.24299e-007	0
-3.23799e-007	0.001875
-3.23299e-007	0.0025
-3.22799e-007	0.000625
-3.22299e-007	-0.001875
-3.21799e-007	-0.00125
-3.21299e-007	0.001875
-3.20799e-007	0.00125
-3.20299e-007	0.000625
-3.19799e-007	0
-3.19299e-007	-0.000625
-3.18799e-007	-0.00125
-3.18299e-007	-0.000625
-3.17799e-007	0.000625
-3.17299e-007	0.000625
-3.16799e-007	-0.00125
-3.16299e-007	-0.00125
-3.15799e-007	0.00125
-3.15299e-007	-0.000625
-3.14799e-007	-0.00125
-3.14299e-007	0
-3.13799e-007	0.000625
-3.13299e-007	0.000625
-3.12799e-007	0.000625
-3.12299e-007	0.000625
-3.11799e-007	0.000625
-3.11299e-007	0
-3.10799e-007	0.000625
-3.10299e-007	0
-3.09799e-007	0.000625
-3.09299e-007	0.001875
-3.08799e-007	0
-3.08299e-007	0
-3.07799e-007	0
-3.07299e-007	-0.001875
-3.06799e-007	-0.001875
-3.06299e-007	0
-3.05799e-007	-0.000625
-3.05299e-007	-0.00125
-3.04799e-007	-0.00125
-3.04299e-007	-0.0025
-3.03799e-007	-0.00125
-3.03299e-007	0
-3.02799e-007	-0.000625
-3.02299e-007	-0.00125
-3.01799e-007	0.000625
-3.01299e-007	0.001875
-3.00799e-007	0.000625
-3.00299e-007	0.000625
-2.99799e-007	0.000625
-2.99299e-007	0.000625
-2.98799e-007	0.00125
-2.98299e-007	0.000625
-2.97799e-007	-0.00125
-2.97299e-007	0
-2.96799e-007	0.00125
-2.96299e-007	0
-2.95799e-007	-0.00125
-2.95299e-007	-0.00125
-2.94799e-007	-0.000625
-2.94299e-007	-0.000625
-2.93799e-007	0
-2.93299e-007	-0.000625
-2.92799e-007	-0.000625
-2.92299e-007	-0.000625
-2.91799e-007	0
-2.91299e-007	-0.000625
-2.90799e-007	0.000625
-2.90299e-007	0.00125
-2.89799e-007	0.000625
-2.89299e-007	0
-2.88799e-007	0
-2.88299e-007	0.001875
-2.87799e-007	0.001875
-2.87299e-007	0
-2.86799e-007	-0.000625
-2.86299e-007	0
-2.85799e-007	0.000625
-2.85299e-007	-0.00125
-2.84799e-007	0
-2.84299e-007	0.000625
-2.83799e-007	-0.000625
-2.83299e-007	-0.00125
-2.82799e-007	-0.000625
-2.82299e-007	-0.00125
-2.81799e-007	-0.00125
-2.81299e-007	-0.000625
-2.80799e-007	0.000625
-2.80299e-007	0.00125
-2.79799e-007	0.000625
-2.79299e-007	0
-2.78799e-007	0.00125
-2.78299e-007	0.00125
-2.77799e-007	0.000625
-2.77299e-007	0.001875
-2.76799e-007	0.00125
-2.76299e-007	0.000625
-2.75799e-007	0.000625
-2.75299e-007	0.001875
-2.74799e-007	0.000625
-2.74299e-007	-0.001875
-2.73799e-007	-0.00125
-2.73299e-007	-0.000625
-2.72799e-007	-0.000625
-2.72299e-007	-0.00125
-2.71799e-007	-0.00125
-2.71299e-007	0
-2.70799e-007	0
-2.70299e-007	0
-2.69799e-007	-0.00125
-2.69299e-007	-0.000625
-2.68799e-007	0.000625
-2.68299e-007	-0.00125
-2.67799e-007	0.000625
-2.67299e-007	0.001875
-2.66799e-007	0.001875
-2.66299e-007	0.000625
-2.65799e-007	0.000625
-2.65299e-007	0.00125
-2.64799e-007	-0.000625
-2.64299e-007	-0.000625
-2.63799e-007	0.000625
-2.63299e-007	-0.000625
-2.62799e-007	-0.001875
-2.62299e-007	-0.00125
-2.61799e-007	-0.000625
-2.61299e-007	-0.000625
-2.60799e-007	-0.00125
-2.60299e-007	0
-2.59799e-007	-0.000625
-2.59299e-007	0
-2.58799e-007	-0.000625
-2.58299e-007	-0.00125
-2.57799e-007	0.00125
-2.57299e-007	0.001875
-2.56799e-007	0.001875
-2.56299e-007	0.000625
-2.55799e-007	0.00125
-2.55299e-007	0.000625
-2.54799e-007	0.000625
-2.54299e-007	0.001875
-2.53799e-007	0.000625
-2.53299e-007	0.000625
-2.52799e-007	0.001875
-2.52299e-007	-0.000625
-2.51799e-007	-0.00125
-2.51299e-007	-0.00125
-2.50799e-007	-0.00125
-2.50299e-007	-0.000625
-2.49799e-007	-0.000625
-2.49299e-007	0
-2.48799e-007	0
-2.48299e-007	-0.00125
-2.47799e-007	-0.001875
-2.47299e-007	0.000625
-2.46799e-007	0.00125
-2.46299e-007	0.000625
-2.45799e-007	0.000625
-2.45299e-007	0.00125
-2.44799e-007	0.001875
-2.44299e-007	0.000625
-2.43799e-007	0
-2.43299e-007	0.000625
-2.42799e-007	0
-2.42299e-007	-0.000625
-2.41799e-007	0.000625
-2.41299e-007	0.000625
-2.40799e-007	-0.001875
-2.40299e-007	-0.00125
-2.39799e-007	-0.00125
-2.39299e-007	-0.001875
-2.38799e-007	-0.001875
-2.38299e-007	0
-2.37799e-007	0.000625
-2.37299e-007	-0.000625
-2.36799e-007	0.00125
-2.36299e-007	0.000625
-2.35799e-007	0.000625
-2.35299e-007	0
-2.34799e-007	0.001875
-2.34299e-007	0.00125
-2.33799e-007	0.000625
-2.33299e-007	0.00125
-2.32799e-007	0.000625
-2.32299e-007	-0.00125
-2.31799e-007	-0.000625
-2.31299e-007	0.000625
-2.30799e-007	-0.000625
-2.30299e-007	-0.00125
-2.29799e-007	-0.000625
-2.29299e-007	-0.00125
-2.28799e-007	-0.00125
-2.28299e-007	0.000625
-2.27799e-007	-0.000625
-2.27299e-007	-0.001875
-2.26799e-007	0
-2.26299e-007	0
-2.25799e-007	0.00125
-2.25299e-007	0.001875
-2.24799e-007	0.000625
-2.24299e-007	-0.000625
-2.23799e-007	0.000625
-2.23299e-007	0.001875
-2.22799e-007	0.00125
-2.22299e-007	-0.000625
-2.21799e-007	0.000625
-2.21299e-007	0.001875
-2.20799e-007	0.00125
-2.20299e-007	-0.000625
-2.19799e-007	0
-2.19299e-007	-0.000625
-2.18799e-007	0
-2.18299e-007	-0.00125
-2.17799e-007	-0.000625
-2.17299e-007	-0.00125
-2.16799e-007	-0.00125
-2.16299e-007	0.000625
-2.15799e-007	0.000625
-2.15299e-007	-0.000625
-2.14799e-007	-0.00125
-2.14299e-007	0.000625
-2.13799e-007	0.000625
-2.13299e-007	0.000625
-2.12799e-007	0.000625
-2.12299e-007	0.000625
-2.11799e-007	0.00125
-2.11299e-007	-0.000625
-2.10799e-007	0
-2.10299e-007	0.000625
-2.09799e-007	0.000625
-2.09299e-007	0
-2.08799e-007	-0.00125
-2.08299e-007	-0.00125
-2.07799e-007	-0.000625
-2.07299e-007	-0.000625
-2.06799e-007	-0.000625
-2.06299e-007	0.00125
-2.05799e-007	-0.00125
-2.05299e-007	-0.001875
-2.04799e-007	-0.00125
-2.04299e-007	-0.00125
-2.03799e-007	-0.00125
-2.03299e-007	0.001875
-2.02799e-007	0.000625
-2.02299e-007	-0.000625
-2.01799e-007	0
-2.01299e-007	0
-2.00799e-007	0.000625
-2.00299e-007	-0.000625
-1.99799e-007	0
-1.99299e-007	0.00125
-1.98799e-007	0.00125
-1.98299e-007	-0.000625
-1.97799e-007	0
-1.97299e-007	0
-1.96799e-007	-0.000625
-1.96299e-007	-0.000625
-1.95799e-007	0
-1.95299e-007	0
-1.94799e-007	-0.00125
-1.94299e-007	-0.000625
-1.93799e-007	-0.00125
-1.93299e-007	-0.001875
-1.92799e-007	0.000625
-1.92299e-007	0
-1.91799e-007	0
-1.91299e-007	-0.00125
-1.90799e-007	0
-1.90299e-007	0.00125
-1.89799e-007	-0.000625
-1.89299e-007	-0.000625
-1.88799e-007	0.000625
-1.88299e-007	0.000625
-1.87799e-007	0.000625
-1.87299e-007	0.00125
-1.86799e-007	0
-1.86299e-007	-0.00125
-1.85799e-007	-0.000625
-1.85299e-007	0.000625
-1.84799e-007	0.000625
-1.84299e-007	-0.000625
-1.83799e-007	-0.000625
-1.83299e-007	-0.000625
-1.82799e-007	-0.000625
-1.82299e-007	0
-1.81799e-007	-0.001875
-1.81299e-007	-0.003125
-1.80799e-007	0
-1.80299e-007	0.00125
-1.79799e-007	0.000625
-1.79299e-007	0.000625
-1.78799e-007	0
-1.78299e-007	0.00125
-1.77799e-007	0.001875
-1.77299e-007	0.00125
-1.76799e-007	0.000625
-1.76299e-007	0.000625
-1.75799e-007	0.000625
-1.75299e-007	-0.001875
-1.74799e-007	-0.000625
-1.74299e-007	-0.000625
-1.73799e-007	-0.000625
-1.73299e-007	-0.000625
-1.72799e-007	-0.000625
-1.72299e-007	-0.00125
-1.71799e-007	-0.00125
-1.71299e-007	-0.000625
-1.70799e-007	0.000625
-1.70299e-007	0.000625
-1.69799e-007	0.000625
-1.69299e-007	0.000625
-1.68799e-007	0.001875
-1.68299e-007	0.00125
-1.67799e-007	0.000625
-1.67299e-007	0.000625
-1.66799e-007	0
-1.66299e-007	0.00125
-1.65799e-007	0
-1.65299e-007	0
-1.64799e-007	0.001875
-1.64299e-007	0.00125
-1.63799e-007	0.00125
-1.63299e-007	-0.000625
-1.62799e-007	0
-1.62299e-007	-0.00125
-1.61799e-007	-0.000625
-1.61299e-007	0.00125
-1.60799e-007	0.000625
-1.60299e-007	0.000625
-1.59799e-007	0.000625
-1.59299e-007	-0.000625
-1.58799e-007	-0.000625
-1.58299e-007	0.001875
-1.57799e-007	0.00125
-1.57299e-007	0.00125
-1.56799e-007	0.001875
-1.56299e-007	0.001875
-1.55799e-007	0.000625
-1.55299e-007	0.000625
-1.54799e-007	0.00125
-1.54299e-007	0.001875
-1.53799e-007	0.00125
-1.53299e-007	-0.000625
-1.52799e-007	0
-1.52299e-007	0
-1.51799e-007	-0.000625
-1.51299e-007	-0.00125
-1.50799e-007	0
-1.50299e-007	0.000625
-1.49799e-007	-0.000625
-1.49299e-007	-0.000625
-1.48799e-007	0.000625
-1.48299e-007	-0.00125
-1.47799e-007	0.000625
-1.47299e-007	0.000625
-1.46799e-007	0.000625
-1.46299e-007	0
-1.45799e-007	0.000625
-1.45299e-007	0.00125
-1.44799e-007	0.000625
-1.44299e-007	0
-1.43799e-007	-0.00125
-1.43299e-007	-0.000625
-1.42799e-007	0.00125
-1.42299e-007	0
-1.41799e-007	-0.00125
-1.41299e-007	-0.001875
-1.40799e-007	-0.000625
-1.40299e-007	0
-1.39799e-007	-0.001875
-1.39299e-007	-0.001875
-1.38799e-007	-0.000625
-1.38299e-007	0
-1.37799e-007	-0.000625
-1.37299e-007	-0.000625
-1.36799e-007	0.00125
-1.36299e-007	0.001875
-1.35799e-007	0.000625
-1.35299e-007	0.00125
-1.34799e-007	0.000625
-1.34299e-007	0.000625
-1.33799e-007	0.00125
-1.33299e-007	0.000625
-1.32799e-007	0.000625
-1.32299e-007	0.00125
-1.31799e-007	0
-1.31299e-007	0.000625
-1.30799e-007	0
-1.30299e-007	-0.00125
-1.29799e-007	-0.000625
-1.29299e-007	-0.00125
-1.28799e-007	-0.000625
-1.28299e-007	0
-1.27799e-007	-0.000625
-1.27299e-007	-0.000625
-1.26799e-007	0.00125
-1.26299e-007	0.000625
-1.25799e-007	0.000625
-1.25299e-007	0.000625
-1.24799e-007	0.00125
-1.24299e-007	0
-1.23799e-007	0.000625
-1.23299e-007	0
-1.22799e-007	0.000625
-1.22299e-007	0.000625
-1.21799e-007	-0.000625
-1.21299e-007	0.000625
-1.20799e-007	-0.00125
-1.20299e-007	-0.00125
-1.19799e-007	0.000625
-1.19299e-007	0
-1.18799e-007	0
-1.18299e-007	0.000625
-1.17799e-007	0.000625
-1.17299e-007	0
-1.16799e-007	-0.000625
-1.16299e-007	0.000625
-1.15799e-007	0.000625
-1.15299e-007	0.001875
-1.14799e-007	0.000625
-1.14299e-007	0
-1.13799e-007	0.000625
-1.13299e-007	0.000625
-1.12799e-007	-0.000625
-1.12299e-007	-0.000625
-1.11799e-007	-0.000625
-1.11299e-007	-0.000625
-1.10799e-007	0.000625
-1.10299e-007	0
-1.09799e-007	-0.000625
-1.09299e-007	-0.000625
-1.08799e-007	-0.000625
-1.08299e-007	0.000625
-1.07799e-007	0.000625
-1.07299e-007	0.000625
-1.06799e-007	0
-1.06299e-007	0
-1.05799e-007	0.000625
-1.05299e-007	0
-1.04799e-007	0.000625
-1.04299e-007	0.000625
-1.03799e-007	0
-1.03299e-007	0
-1.02799e-007	0.000625
-1.02299e-007	0.000625
-1.01799e-007	0
-1.01299e-007	-0.001875
-1.00799e-007	-0.000625
-1.00299e-007	0.00125
-9.9799e-008	0.00125
-9.9299e-008	-0.000625
-9.8799e-008	-0.00125
-9.8299e-008	0.000625
-9.7799e-008	0.000625
-9.7299e-008	0
-9.6799e-008	0
-9.6299e-008	0.000625
-9.5799e-008	0.001875
-9.5299e-008	0.000625
-9.4799e-008	0.000625
-9.4299e-008	0.000625
-9.3799e-008	0.000625
-9.3299e-008	0.000625
-9.2799e-008	0
-9.2299e-008	0
-9.1799e-008	0
-9.1299e-008	-0.000625
-9.0799e-008	-0.000625
-9.0299e-008	0
-8.9799e-008	0.000625
-8.9299e-008	-0.000625
-8.8799e-008	-0.00125
-8.8299e-008	0
-8.7799e-008	0
-8.7299e-008	0.00125
-8.6799e-008	-0.000625
-8.6299e-008	-0.000625
-8.5799e-008	0.001875
-8.5299e-008	0.001875
-8.4799e-008	0.000625
-8.4299e-008	0.000625
-8.3799e-008	0
-8.3299e-008	0
-8.2799e-008	0.00125
-8.2299e-008	0.00125
-8.1799e-008	-0.000625
-8.1299e-008	-0.001875
-8.0799e-008	0
-8.0299e-008	0
-7.9799e-008	-0.000625
-7.9299e-008	-0.000625
-7.8799e-008	0
-7.8299e-008	-0.00125
-7.7799e-008	-0.000625
-7.7299e-008	0.000625
-7.6799e-008	0.00125
-7.6299e-008	0.00125
-7.5799e-008	0.000625
-7.5299e-008	-0.000625
-7.4799e-008	0.001875
-7.4299e-008	0.001875
-7.3799e-008	0.00125
-7.3299e-008	0.000625
-7.2799e-008	-0.000625
-7.2299e-008	0.000625
-7.1799e-008	0.000625
-7.1299e-008	0.000625
-7.0799e-008	0
-7.0299e-008	-0.00125
-6.9799e-008	0
-6.9299e-008	-0.000625
-6.8799e-008	-0.000625
-6.8299e-008	0.000625
-6.7799e-008	-0.000625
-6.7299e-008	0.000625
-6.6799e-008	0.00125
-6.6299e-008	0
-6.5799e-008	-0.000625
-6.5299e-008	0.000625
-6.4799e-008	0
-6.4299e-008	0
-6.3799e-008	0.00125
-6.3299e-008	0.001875
-6.2799e-008	0.001875
-6.2299e-008	0.00125
-6.1799e-008	0
-6.1299e-008	0.000625
-6.0799e-008	0.000625
-6.0299e-008	0.00125
-5.9799e-008	0
-5.9299e-008	-0.001875
-5.8799e-008	-0.00125
-5.8299e-008	-0.000625
-5.7799e-008	0
-5.7299e-008	0
-5.6799e-008	-0.000625
-5.6299e-008	-0.000625
-5.5799e-008	0.000625
-5.5299e-008	0
-5.4799e-008	0
-5.4299e-008	0
-5.3799e-008	0
-5.3299e-008	0.000625
-5.2799e-008	0.00125
-5.2299e-008	0.0025
-5.1799e-008	0.001875
-5.1299e-008	-0.000625
-5.0799e-008	-0.00125
-5.0299e-008	0.000625
-4.9799e-008	0.00125
-4.9299e-008	0.000625
-4.8799e-008	0
-4.8299e-008	0.000625
-4.7799e-008	-0.000625
-4.7299e-008	-0.0025
-4.6799e-008	0
-4.6299e-008	0.001875
-4.5799e-008	0.000625
-4.5299e-008	-0.000625
-4.4799e-008	0
-4.4299e-008	0.000625
-4.3799e-008	0
-4.3299e-008	0.00125
-4.2799e-008	0.000625
-4.2299e-008	-0.000625
-4.1799e-008	-0.000625
-4.1299e-008	-0.00125
-4.0799e-008	0.000625
-4.0299e-008	0.00125
-3.9799e-008	0
-3.9299e-008	0.00125
-3.8799e-008	0.000625
-3.8299e-008	-0.000625
-3.7799e-008	-0.000625
-3.7299e-008	-0.00125
-3.6799e-008	0
-3.6299e-008	-0.000625
-3.5799e-008	-0.000625
-3.5299e-008	0
-3.4799e-008	0.000625
-3.4299e-008	0.000625
-3.3799e-008	-0.000625
-3.3299e-008	0
-3.2799e-008	-0.000625
-3.2299e-008	-0.000625
-3.1799e-008	0.00125
-3.1299e-008	0.001875
-3.0799e-008	0
-3.0299e-008	0
-2.9799e-008	0.00125
-2.9299e-008	0
-2.8799e-008	-0.000625
-2.8299e-008	0
-2.7799e-008	-0.000625
-2.7299e-008	-0.0025
-2.6799e-008	-0.0025
-2.6299e-008	-0.005625
-2.5799e-008	-0.009375
-2.5299e-008	-0.010625
-2.4799e-008	-0.014375
-2.4299e-008	-0.016875
-2.3799e-008	-0.019375
-2.3299e-008	-0.0225
-2.2799e-008	-0.025625
-2.2299e-008	-0.0275
-2.1799e-008	-0.029375
-2.1299e-008	-0.0325
-2.0799e-008	-0.034375
-2.0299e-008	-0.0375
-1.9799e-008	-0.039375
-1.9299e-008	-0.03875
-1.8799e-008	-0.041875
-1.8299e-008	-0.044375
-1.7799e-008	-0.045
-1.7299e-008	-0.045
-1.6799e-008	-0.045625
-1.6299e-008	-0.045
-1.5799e-008	-0.04625
-1.5299e-008	-0.0475
-1.4799e-008	-0.0475
-1.4299e-008	-0.048125
-1.3799e-008	-0.049375
-1.3299e-008	-0.04875
-1.2799e-008	-0.04875
-1.2299e-008	-0.04875
-1.1799e-008	-0.04875
-1.1299e-008	-0.049375
-1.0799e-008	-0.050625
-1.0299e-008	-0.05
-9.799e-009	-0.04875
-9.299e-009	-0.048125
-8.799e-009	-0.048125
-8.299e-009	-0.04875
-7.799e-009	-0.04625
-7.299e-009	-0.0475
-6.799e-009	-0.049375
-6.299e-009	-0.05
-5.799e-009	-0.050625
-5.299e-009	-0.05125
-4.799e-009	-0.05
-4.299e-009	-0.049375
-3.799e-009	-0.05
-3.299e-009	-0.050625
-2.799e-009	-0.05
-2.299e-009	-0.05125
-1.799e-009	-0.051875
-1.299e-009	-0.0525
-7.99e-010	-0.05375
-2.99e-010	-0.055625
2.01e-010	-0.056875
7.01e-010	-0.05625
1.201e-009	-0.0575
1.701e-009	-0.058125
2.201e-009	-0.05875
2.701e-009	-0.05875
3.201e-009	-0.05875
3.701e-009	-0.05875
4.201e-009	-0.06
4.701e-009	-0.059375
5.201e-009	-0.06
5.701e-009	-0.059375
6.201e-009	-0.060625
6.701e-009	-0.061875
7.201e-009	-0.0625
7.701e-009	-0.063125
8.201e-009	-0.06375
8.701e-009	-0.065
9.201e-009	-0.066875
9.701e-009	-0.066875
1.0201e-008	-0.065625
1.0701e-008	-0.06625
1.1201e-008	-0.066875
1.1701e-008	-0.0675
1.2201e-008	-0.066875
1.2701e-008	-0.068125
1.3201e-008	-0.068125
1.3701e-008	-0.068125
1.4201e-008	-0.06875
1.4701e-008	-0.06875
1.5201e-008	-0.069375
1.5701e-008	-0.06875
1.6201e-008	-0.068125
1.6701e-008	-0.069375
1.7201e-008	-0.06875
1.7701e-008	-0.0675
1.8201e-008	-0.06625
1.8701e-008	-0.07
1.9201e-008	-0.07125
1.9701e-008	-0.070625
2.0201e-008	-0.0725
2.0701e-008	-0.0725
2.1201e-008	-0.07125
2.1701e-008	-0.073125
2.2201e-008	-0.0725
2.2701e-008	-0.073125
2.3201e-008	-0.073125
2.3701e-008	-0.0725
2.4201e-008	-0.071875
2.4701e-008	-0.071875
2.5201e-008	-0.07125
2.5701e-008	-0.070625
2.6201e-008	-0.07125
2.6701e-008	-0.070625
2.7201e-008	-0.07125
2.7701e-008	-0.073125
2.8201e-008	-0.070625
2.8701e-008	-0.069375
2.9201e-008	-0.070625
2.9701e-008	-0.07125
3.0201e-008	-0.0725
3.0701e-008	-0.070625
3.1201e-008	-0.071875
3.1701e-008	-0.07375
3.2201e-008	-0.075
3.2701e-008	-0.075625
3.3201e-008	-0.075
3.3701e-008	-0.075625
3.4201e-008	-0.07625
3.4701e-008	-0.0725
3.5201e-008	-0.074375
3.5701e-008	-0.075
3.6201e-008	-0.075
3.6701e-008	-0.075625
3.7201e-008	-0.074375
3.7701e-008	-0.074375
3.8201e-008	-0.075
3.8701e-008	-0.07625
3.9201e-008	-0.075
3.9701e-008	-0.074375
4.0201e-008	-0.074375
4.0701e-008	-0.074375
4.1201e-008	-0.075625
4.1701e-008	-0.075
4.2201e-008	-0.074375
4.2701e-008	-0.075
4.3201e-008	-0.075
4.3701e-008	-0.075
4.4201e-008	-0.075
4.4701e-008	-0.075625
4.5201e-008	-0.076875
4.5701e-008	-0.07375
4.6201e-008	-0.074375
4.6701e-008	-0.074375
4.7201e-008	-0.074375
4.7701e-008	-0.075
4.8201e-008	-0.074375
4.8701e-008	-0.07375
4.9201e-008	-0.07375
4.9701e-008	-0.07125
5.0201e-008	-0.0725
5.0701e-008	-0.074375
5.1201e-008	-0.074375
5.1701e-008	-0.07375
5.2201e-008	-0.074375
5.2701e-008	-0.073125
5.3201e-008	-0.07375
5.3701e-008	-0.074375
5.4201e-008	-0.07375
5.4701e-008	-0.075
5.5201e-008	-0.075
5.5701e-008	-0.07375
5.6201e-008	-0.075
5.6701e-008	-0.075
5.7201e-008	-0.074375
5.7701e-008	-0.0725
5.8201e-008	-0.07375
5.8701e-008	-0.073125
5.9201e-008	-0.073125
5.9701e-008	-0.073125
6.0201e-008	-0.0725
6.0701e-008	-0.073125
6.1201e-008	-0.0725
6.1701e-008	-0.0725
6.2201e-008	-0.07375
6.2701e-008	-0.07375
6.3201e-008	-0.073125
6.3701e-008	-0.0725
6.4201e-008	-0.0725
6.4701e-008	-0.075
6.5201e-008	-0.074375
6.5701e-008	-0.07375
6.6201e-008	-0.075
6.6701e-008	-0.075
6.7201e-008	-0.074375
6.7701e-008	-0.074375
6.8201e-008	-0.075
6.8701e-008	-0.074375
6.9201e-008	-0.0725
6.9701e-008	-0.073125
7.0201e-008	-0.073125
7.0701e-008	-0.07125
7.1201e-008	-0.071875
7.1701e-008	-0.071875
7.2201e-008	-0.071875
7.2701e-008	-0.071875
7.3201e-008	-0.0725
7.3701e-008	-0.071875
7.4201e-008	-0.070625
7.4701e-008	-0.070625
7.5201e-008	-0.0725
7.5701e-008	-0.07125
7.6201e-008	-0.07125
7.6701e-008	-0.0725
7.7201e-008	-0.0725
7.7701e-008	-0.073125
7.8201e-008	-0.0725
7.8701e-008	-0.07
7.9201e-008	-0.071875
7.9701e-008	-0.07125
8.0201e-008	-0.069375
8.0701e-008	-0.069375
8.1201e-008	-0.069375
8.1701e-008	-0.070625
8.2201e-008	-0.07125
8.2701e-008	-0.06875
8.3201e-008	-0.069375
8.3701e-008	-0.07
8.4201e-008	-0.070625
8.4701e-008	-0.069375
8.5201e-008	-0.070625
8.5701e-008	-0.07125
8.6201e-008	-0.07
8.6701e-008	-0.06875
8.7201e-008	-0.068125
8.7701e-008	-0.069375
8.8201e-008	-0.069375
8.8701e-008	-0.069375
8.9201e-008	-0.069375
8.9701e-008	-0.07
9.0201e-008	-0.07
9.0701e-008	-0.069375
9.1201e-008	-0.06875
9.1701e-008	-0.068125
9.2201e-008	-0.06875
9.2701e-008	-0.068125
9.3201e-008	-0.0675
9.3701e-008	-0.06875
9.4201e-008	-0.0675
9.4701e-008	-0.0675
9.5201e-008	-0.0675
9.5701e-008	-0.06875
9.6201e-008	-0.06875
9.6701e-008	-0.066875
9.7201e-008	-0.0675
9.7701e-008	-0.06875
9.8201e-008	-0.066875
9.8701e-008	-0.066875
9.9201e-008	-0.068125
9.9701e-008	-0.06875
1.00201e-007	-0.068125
1.00701e-007	-0.068125
1.01201e-007	-0.068125
1.01701e-007	-0.066875
1.02201e-007	-0.066875
1.02701e-007	-0.0675
1.03201e-007	-0.06625
1.03701e-007	-0.065625
1.04201e-007	-0.065625
1.04701e-007	-0.06625
1.05201e-007	-0.065
1.05701e-007	-0.065
1.06201e-007	-0.06375
1.06701e-007	-0.06375
1.07201e-007	-0.065
1.07701e-007	-0.06625
1.08201e-007	-0.06375
1.08701e-007	-0.0625
1.09201e-007	-0.065
1.09701e-007	-0.0675
1.10201e-007	-0.06625
1.10701e-007	-0.0675
1.11201e-007	-0.066875
1.11701e-007	-0.065
1.12201e-007	-0.065
1.12701e-007	-0.065625
1.13201e-007	-0.065
1.13701e-007	-0.065
1.14201e-007	-0.06375
1.14701e-007	-0.064375
1.15201e-007	-0.065
1.15701e-007	-0.06375
1.16201e-007	-0.063125
1.16701e-007	-0.0625
1.17201e-007	-0.0625
1.17701e-007	-0.063125
1.18201e-007	-0.064375
1.18701e-007	-0.065
1.19201e-007	-0.0625
1.19701e-007	-0.061875
1.20201e-007	-0.0625
1.20701e-007	-0.064375
1.21201e-007	-0.064375
1.21701e-007	-0.06375
1.22201e-007	-0.06375
1.22701e-007	-0.063125
1.23201e-007	-0.0625
1.23701e-007	-0.061875
1.24201e-007	-0.061875
1.24701e-007	-0.063125
1.25201e-007	-0.0625
1.25701e-007	-0.06
1.26201e-007	-0.06
1.26701e-007	-0.06125
1.27201e-007	-0.061875
1.27701e-007	-0.06125
1.28201e-007	-0.061875
1.28701e-007	-0.060625
1.29201e-007	-0.06
1.29701e-007	-0.059375
1.30201e-007	-0.060625
1.30701e-007	-0.060625
1.31201e-007	-0.06
1.31701e-007	-0.06
1.32201e-007	-0.061875
1.32701e-007	-0.06375
1.33201e-007	-0.06375
1.33701e-007	-0.063125
1.34201e-007	-0.0625
1.34701e-007	-0.0625
1.35201e-007	-0.06125
1.35701e-007	-0.059375
1.36201e-007	-0.060625
1.36701e-007	-0.0625
1.37201e-007	-0.06125
1.37701e-007	-0.0575
1.38201e-007	-0.058125
1.38701e-007	-0.060625
1.39201e-007	-0.059375
1.39701e-007	-0.058125
1.40201e-007	-0.05875
1.40701e-007	-0.06
1.41201e-007	-0.06
1.41701e-007	-0.058125
1.42201e-007	-0.06
1.42701e-007	-0.06
1.43201e-007	-0.059375
1.43701e-007	-0.059375
1.44201e-007	-0.05875
1.44701e-007	-0.06
1.45201e-007	-0.06125
1.45701e-007	-0.06
1.46201e-007	-0.06
1.46701e-007	-0.059375
1.47201e-007	-0.059375
1.47701e-007	-0.059375
1.48201e-007	-0.05875
1.48701e-007	-0.0575
1.49201e-007	-0.058125
1.49701e-007	-0.0575
1.50201e-007	-0.058125
1.50701e-007	-0.05875
1.51201e-007	-0.058125
1.51701e-007	-0.0575
1.52201e-007	-0.056875
1.52701e-007	-0.055625
1.53201e-007	-0.0575
1.53701e-007	-0.058125
1.54201e-007	-0.0575
1.54701e-007	-0.058125
1.55201e-007	-0.05875
1.55701e-007	-0.0575
1.56201e-007	-0.058125
1.56701e-007	-0.056875
1.57201e-007	-0.05625
1.57701e-007	-0.05625
1.58201e-007	-0.05625
1.58701e-007	-0.055625
1.59201e-007	-0.055625
1.59701e-007	-0.055625
1.60201e-007	-0.055625
1.60701e-007	-0.054375
1.61201e-007	-0.055
1.61701e-007	-0.055
1.62201e-007	-0.05375
1.62701e-007	-0.054375
1.63201e-007	-0.05625
1.63701e-007	-0.055
1.64201e-007	-0.054375
1.64701e-007	-0.055
1.65201e-007	-0.055625
1.65701e-007	-0.055625
1.66201e-007	-0.05625
1.66701e-007	-0.055
1.67201e-007	-0.054375
1.67701e-007	-0.054375
1.68201e-007	-0.056875
1.68701e-007	-0.05625
1.69201e-007	-0.054375
1.69701e-007	-0.055
1.70201e-007	-0.054375
1.70701e-007	-0.05375
1.71201e-007	-0.054375
1.71701e-007	-0.055
1.72201e-007	-0.054375
1.72701e-007	-0.05375
1.73201e-007	-0.054375
1.73701e-007	-0.055
1.74201e-007	-0.05375
1.74701e-007	-0.0525
1.75201e-007	-0.053125
1.75701e-007	-0.054375
1.76201e-007	-0.055
1.76701e-007	-0.055625
1.77201e-007	-0.054375
1.77701e-007	-0.0525
1.78201e-007	-0.054375
1.78701e-007	-0.05375
1.79201e-007	-0.055
1.79701e-007	-0.054375
1.80201e-007	-0.0525
1.80701e-007	-0.05375
1.81201e-007	-0.05125
1.81701e-007	-0.051875
1.82201e-007	-0.0525
1.82701e-007	-0.05125
1.83201e-007	-0.05125
1.83701e-007	-0.051875
1.84201e-007	-0.0525
1.84701e-007	-0.0525
1.85201e-007	-0.051875
1.85701e-007	-0.051875
1.86201e-007	-0.051875
1.86701e-007	-0.053125
1.87201e-007	-0.0525
1.87701e-007	-0.051875
1.88201e-007	-0.051875
1.88701e-007	-0.0525
1.89201e-007	-0.051875
1.89701e-007	-0.05125
1.90201e-007	-0.051875
1.90701e-007	-0.051875
1.91201e-007	-0.05125
1.91701e-007	-0.051875
1.92201e-007	-0.050625
1.92701e-007	-0.050625
1.93201e-007	-0.050625
1.93701e-007	-0.05125
1.94201e-007	-0.050625
1.94701e-007	-0.050625
1.95201e-007	-0.050625
1.95701e-007	-0.04875
1.96201e-007	-0.048125
1.96701e-007	-0.04875
1.97201e-007	-0.05
1.97701e-007	-0.051875
1.98201e-007	-0.05125
1.98701e-007	-0.050625
1.99201e-007	-0.05
1.99701e-007	-0.04875
2.00201e-007	-0.050625
2.00701e-007	-0.050625
2.01201e-007	-0.04875
2.01701e-007	-0.05
2.02201e-007	-0.05
2.02701e-007	-0.050625
2.03201e-007	-0.04875
2.03701e-007	-0.04875
2.04201e-007	-0.049375
2.04701e-007	-0.048125
2.05201e-007	-0.04875
2.05701e-007	-0.049375
2.06201e-007	-0.04875
2.06701e-007	-0.048125
2.07201e-007	-0.048125
2.07701e-007	-0.048125
2.08201e-007	-0.048125
2.08701e-007	-0.049375
2.09201e-007	-0.0475
2.09701e-007	-0.046875
2.10201e-007	-0.0475
2.10701e-007	-0.05
2.11201e-007	-0.04875
2.11701e-007	-0.048125
2.12201e-007	-0.048125
2.12701e-007	-0.04875
2.13201e-007	-0.04875
2.13701e-007	-0.04875
2.14201e-007	-0.0475
2.14701e-007	-0.0475
2.15201e-007	-0.048125
2.15701e-007	-0.045625
2.16201e-007	-0.04625
2.16701e-007	-0.048125
2.17201e-007	-0.0475
2.17701e-007	-0.045625
2.18201e-007	-0.04625
2.18701e-007	-0.045625
2.19201e-007	-0.045625
2.19701e-007	-0.045625
2.20201e-007	-0.046875
2.20701e-007	-0.046875
2.21201e-007	-0.0475
2.21701e-007	-0.046875
2.22201e-007	-0.0475
2.22701e-007	-0.0475
2.23201e-007	-0.046875
2.23701e-007	-0.046875
2.24201e-007	-0.046875
2.24701e-007	-0.0475
2.25201e-007	-0.04625
2.25701e-007	-0.046875
2.26201e-007	-0.048125
2.26701e-007	-0.045
2.27201e-007	-0.045625
2.27701e-007	-0.04625
2.28201e-007	-0.045
2.28701e-007	-0.04375
2.29201e-007	-0.04375
2.29701e-007	-0.044375
2.30201e-007	-0.045625
2.30701e-007	-0.045
2.31201e-007	-0.045625
2.31701e-007	-0.045625
2.32201e-007	-0.045625
2.32701e-007	-0.046875
2.33201e-007	-0.046875
2.33701e-007	-0.045
2.34201e-007	-0.04625
2.34701e-007	-0.046875
2.35201e-007	-0.045
2.35701e-007	-0.046875
2.36201e-007	-0.04625
2.36701e-007	-0.044375
2.37201e-007	-0.045625
2.37701e-007	-0.04625
2.38201e-007	-0.045625
2.38701e-007	-0.044375
2.39201e-007	-0.0425
2.39701e-007	-0.041875
2.40201e-007	-0.04375
2.40701e-007	-0.044375
2.41201e-007	-0.04375
2.41701e-007	-0.0425
2.42201e-007	-0.04375
2.42701e-007	-0.043125
2.43201e-007	-0.044375
2.43701e-007	-0.045625
2.44201e-007	-0.04625
2.44701e-007	-0.045625
2.45201e-007	-0.044375
2.45701e-007	-0.04375
2.46201e-007	-0.045
2.46701e-007	-0.044375
2.47201e-007	-0.0425
2.47701e-007	-0.0425
2.48201e-007	-0.044375
2.48701e-007	-0.043125
2.49201e-007	-0.0425
2.49701e-007	-0.041875
2.50201e-007	-0.0425
2.50701e-007	-0.041875
2.51201e-007	-0.0425
2.51701e-007	-0.041875
2.52201e-007	-0.0425
2.52701e-007	-0.041875
2.53201e-007	-0.0425
2.53701e-007	-0.04375
2.54201e-007	-0.043125
2.54701e-007	-0.0425
2.55201e-007	-0.045
2.55701e-007	-0.044375
2.56201e-007	-0.04375
2.56701e-007	-0.043125
2.57201e-007	-0.041875
2.57701e-007	-0.041875
2.58201e-007	-0.04125
2.58701e-007	-0.0425
2.59201e-007	-0.041875
2.59701e-007	-0.039375
2.60201e-007	-0.04125
2.60701e-007	-0.040625
2.61201e-007	-0.039375
2.61701e-007	-0.04125
2.62201e-007	-0.04
2.62701e-007	-0.04
2.63201e-007	-0.04125
2.63701e-007	-0.041875
2.64201e-007	-0.0425
2.64701e-007	-0.041875
2.65201e-007	-0.041875
2.65701e-007	-0.041875
2.66201e-007	-0.041875
2.66701e-007	-0.0425
2.67201e-007	-0.04375
2.67701e-007	-0.04125
2.68201e-007	-0.04
2.68701e-007	-0.041875
2.69201e-007	-0.041875
2.69701e-007	-0.04125
2.70201e-007	-0.04125
2.70701e-007	-0.04
2.71201e-007	-0.04
2.71701e-007	-0.039375
2.72201e-007	-0.03875
2.72701e-007	-0.040625
2.73201e-007	-0.040625
2.73701e-007	-0.039375
2.74201e-007	-0.04
2.74701e-007	-0.039375
2.75201e-007	-0.04125
2.75701e-007	-0.04125
2.76201e-007	-0.04125
2.76701e-007	-0.040625
2.77201e-007	-0.039375
2.77701e-007	-0.04125
2.78201e-007	-0.041875
2.78701e-007	-0.04125
2.79201e-007	-0.04
2.79701e-007	-0.039375
2.80201e-007	-0.039375
2.80701e-007	-0.040625
2.81201e-007	-0.040625
2.81701e-007	-0.039375
2.82201e-007	-0.03875
2.82701e-007	-0.03875
2.83201e-007	-0.03875
2.83701e-007	-0.038125
2.84201e-007	-0.03875
2.84701e-007	-0.03875
2.85201e-007	-0.039375
2.85701e-007	-0.03875
2.86201e-007	-0.03875
2.86701e-007	-0.038125
2.87201e-007	-0.03875
2.87701e-007	-0.04125
2.88201e-007	-0.04
2.88701e-007	-0.04
2.89201e-007	-0.038125
2.89701e-007	-0.0375
2.90201e-007	-0.039375
2.90701e-007	-0.039375
2.91201e-007	-0.039375
2.91701e-007	-0.03875
2.92201e-007	-0.039375
2.92701e-007	-0.039375
2.93201e-007	-0.0375
2.93701e-007	-0.038125
2.94201e-007	-0.03875
2.94701e-007	-0.0375
2.95201e-007	-0.036875
2.95701e-007	-0.036875
2.96201e-007	-0.03625
2.96701e-007	-0.038125
2.97201e-007	-0.0375
2.97701e-007	-0.038125
2.98201e-007	-0.036875
2.98701e-007	-0.036875
2.99201e-007	-0.03875
2.99701e-007	-0.03875
3.00201e-007	-0.038125
3.00701e-007	-0.0375
3.01201e-007	-0.03875
3.01701e-007	-0.038125
3.02201e-007	-0.036875
3.02701e-007	-0.038125
3.03201e-007	-0.0375
3.03701e-007	-0.035625
3.04201e-007	-0.03625
3.04701e-007	-0.0375
3.05201e-007	-0.038125
3.05701e-007	-0.038125
3.06201e-007	-0.035625
3.06701e-007	-0.035625
3.07201e-007	-0.03625
3.07701e-007	-0.0375
3.08201e-007	-0.0375
3.08701e-007	-0.036875
3.09201e-007	-0.03625
3.09701e-007	-0.038125
3.10201e-007	-0.038125
3.10701e-007	-0.036875
3.11201e-007	-0.0375
3.11701e-007	-0.0375
3.12201e-007	-0.0375
3.12701e-007	-0.03625
3.13201e-007	-0.03625
3.13701e-007	-0.036875
3.14201e-007	-0.036875
3.14701e-007	-0.03625
3.15201e-007	-0.03625
3.15701e-007	-0.03625
3.16201e-007	-0.03625
3.16701e-007	-0.036875
3.17201e-007	-0.03625
3.17701e-007	-0.036875
3.18201e-007	-0.03625
3.18701e-007	-0.035625
3.19201e-007	-0.03625
3.19701e-007	-0.035
3.20201e-007	-0.03625
3.20701e-007	-0.036875
3.21201e-007	-0.034375
3.21701e-007	-0.035625
3.22201e-007	-0.0375
3.22701e-007	-0.03625
3.23201e-007	-0.035625
3.23701e-007	-0.036875
3.24201e-007	-0.035
3.24701e-007	-0.035
3.25201e-007	-0.034375
3.25701e-007	-0.034375
3.26201e-007	-0.035
3.26701e-007	-0.03375
3.27201e-007	-0.033125
3.27701e-007	-0.035
3.28201e-007	-0.035
3.28701e-007	-0.034375
3.29201e-007	-0.035
3.29701e-007	-0.034375
3.30201e-007	-0.034375
3.30701e-007	-0.034375
3.31201e-007	-0.035
3.31701e-007	-0.035
3.32201e-007	-0.034375
3.32701e-007	-0.035625
3.33201e-007	-0.035
3.33701e-007	-0.03375
3.34201e-007	-0.034375
3.34701e-007	-0.035625
3.35201e-007	-0.034375
3.35701e-007	-0.033125
3.36201e-007	-0.034375
3.36701e-007	-0.035
3.37201e-007	-0.033125
3.37701e-007	-0.033125
3.38201e-007	-0.034375
3.38701e-007	-0.034375
3.39201e-007	-0.03375
3.39701e-007	-0.033125
3.40201e-007	-0.034375
3.40701e-007	-0.034375
3.41201e-007	-0.03375
3.41701e-007	-0.03375
3.42201e-007	-0.0325
3.42701e-007	-0.03375
3.43201e-007	-0.035
3.43701e-007	-0.034375
3.44201e-007	-0.034375
3.44701e-007	-0.03375
3.45201e-007	-0.033125
3.45701e-007	-0.0325
3.46201e-007	-0.0325
3.46701e-007	-0.033125
3.47201e-007	-0.033125
3.47701e-007	-0.0325
3.48201e-007	-0.033125
3.48701e-007	-0.0325
3.49201e-007	-0.033125
3.49701e-007	-0.0325
3.50201e-007	-0.031875
3.50701e-007	-0.03375
3.51201e-007	-0.03375
3.51701e-007	-0.03375
3.52201e-007	-0.031875
3.52701e-007	-0.031875
3.53201e-007	-0.033125
3.53701e-007	-0.03125
3.54201e-007	-0.03125
3.54701e-007	-0.031875
3.55201e-007	-0.033125
3.55701e-007	-0.033125
3.56201e-007	-0.031875
3.56701e-007	-0.030625
3.57201e-007	-0.030625
3.57701e-007	-0.031875
3.58201e-007	-0.0325
3.58701e-007	-0.031875
3.59201e-007	-0.03125
3.59701e-007	-0.030625
3.60201e-007	-0.03125
3.60701e-007	-0.0325
3.61201e-007	-0.033125
3.61701e-007	-0.0325
3.62201e-007	-0.03125
3.62701e-007	-0.029375
3.63201e-007	-0.031875
3.63701e-007	-0.031875
3.64201e-007	-0.03125
3.64701e-007	-0.0325
3.65201e-007	-0.031875
3.65701e-007	-0.031875
3.66201e-007	-0.03125
3.66701e-007	-0.030625
3.67201e-007	-0.03
3.67701e-007	-0.03125
3.68201e-007	-0.03125
3.68701e-007	-0.03125
3.69201e-007	-0.03125
3.69701e-007	-0.03
3.70201e-007	-0.030625
3.70701e-007	-0.030625
3.71201e-007	-0.030625
3.71701e-007	-0.029375
3.72201e-007	-0.02875
3.72701e-007	-0.029375
3.73201e-007	-0.03
3.73701e-007	-0.029375
3.74201e-007	-0.030625
3.74701e-007	-0.03
3.75201e-007	-0.029375
3.75701e-007	-0.030625
3.76201e-007	-0.02875
3.76701e-007	-0.029375
3.77201e-007	-0.03125
3.77701e-007	-0.02875
3.78201e-007	-0.03
3.78701e-007	-0.030625
3.79201e-007	-0.03125
3.79701e-007	-0.03
3.80201e-007	-0.03
3.80701e-007	-0.030625
3.81201e-007	-0.03
3.81701e-007	-0.02875
3.82201e-007	-0.029375
3.82701e-007	-0.029375
3.83201e-007	-0.029375
3.83701e-007	-0.03
3.84201e-007	-0.028125
3.84701e-007	-0.03
3.85201e-007	-0.029375
3.85701e-007	-0.029375
3.86201e-007	-0.029375
3.86701e-007	-0.029375
3.87201e-007	-0.028125
3.87701e-007	-0.029375
3.88201e-007	-0.02875
3.88701e-007	-0.0275
3.89201e-007	-0.028125
3.89701e-007	-0.030625
3.90201e-007	-0.03
3.90701e-007	-0.02875
3.91201e-007	-0.03
3.91701e-007	-0.029375
3.92201e-007	-0.0275
3.92701e-007	-0.028125
3.93201e-007	-0.02875
3.93701e-007	-0.02875
3.94201e-007	-0.029375
3.94701e-007	-0.02875
3.95201e-007	-0.028125
3.95701e-007	-0.029375
3.96201e-007	-0.02875
3.96701e-007	-0.028125
3.97201e-007	-0.02875
3.97701e-007	-0.028125
3.98201e-007	-0.029375
3.98701e-007	-0.030625
3.99201e-007	-0.028125
3.99701e-007	-0.0275
4.00201e-007	-0.028125
4.00701e-007	-0.02875
4.01201e-007	-0.02875
4.01701e-007	-0.02875
4.02201e-007	-0.0275
4.02701e-007	-0.0275
4.03201e-007	-0.028125
4.03701e-007	-0.0275
4.04201e-007	-0.026875
4.04701e-007	-0.026875
4.05201e-007	-0.02875
4.05701e-007	-0.0275
4.06201e-007	-0.02625
4.06701e-007	-0.028125
4.07201e-007	-0.029375
4.07701e-007	-0.02875
4.08201e-007	-0.0275
4.08701e-007	-0.028125
4.09201e-007	-0.0275
4.09701e-007	-0.028125
4.10201e-007	-0.026875
4.10701e-007	-0.0275
4.11201e-007	-0.028125
4.11701e-007	-0.026875
4.12201e-007	-0.025625
4.12701e-007	-0.0275
4.13201e-007	-0.0275
4.13701e-007	-0.0275
4.14201e-007	-0.02875
4.14701e-007	-0.028125
4.15201e-007	-0.025
4.15701e-007	-0.02625
4.16201e-007	-0.02875
4.16701e-007	-0.0275
4.17201e-007	-0.026875
4.17701e-007	-0.0275
4.18201e-007	-0.0275
4.18701e-007	-0.028125
4.19201e-007	-0.026875
4.19701e-007	-0.028125
4.20201e-007	-0.02875
4.20701e-007	-0.026875
4.21201e-007	-0.024375
4.21701e-007	-0.026875
4.22201e-007	-0.0275
4.22701e-007	-0.025625
4.23201e-007	-0.024375
4.23701e-007	-0.026875
4.24201e-007	-0.026875
4.24701e-007	-0.02625
4.25201e-007	-0.024375
4.25701e-007	-0.025625
4.26201e-007	-0.026875
4.26701e-007	-0.028125
4.27201e-007	-0.02625
4.27701e-007	-0.025625
4.28201e-007	-0.02625
4.28701e-007	-0.02875
4.29201e-007	-0.02875
4.29701e-007	-0.02625
4.30201e-007	-0.02625
4.30701e-007	-0.026875
4.31201e-007	-0.025625
4.31701e-007	-0.026875
4.32201e-007	-0.025625
4.32701e-007	-0.026875
4.33201e-007	-0.02625
4.33701e-007	-0.025625
4.34201e-007	-0.025625
4.34701e-007	-0.025
4.35201e-007	-0.02625
4.35701e-007	-0.025
4.36201e-007	-0.02375
4.36701e-007	-0.024375
4.37201e-007	-0.02625
4.37701e-007	-0.025625
4.38201e-007	-0.025
4.38701e-007	-0.026875
4.39201e-007	-0.025
4.39701e-007	-0.025625
4.40201e-007	-0.025
4.40701e-007	-0.025
4.41201e-007	-0.026875
4.41701e-007	-0.025625
4.42201e-007	-0.02375
4.42701e-007	-0.025625
4.43201e-007	-0.025
4.43701e-007	-0.025625
4.44201e-007	-0.02625
4.44701e-007	-0.025
4.45201e-007	-0.025
4.45701e-007	-0.024375
4.46201e-007	-0.02375
4.46701e-007	-0.025625
4.47201e-007	-0.025
4.47701e-007	-0.024375
4.48201e-007	-0.02375
4.48701e-007	-0.025
4.49201e-007	-0.025625
4.49701e-007	-0.025
4.50201e-007	-0.024375
4.50701e-007	-0.025625
4.51201e-007	-0.024375
4.51701e-007	-0.02625
4.52201e-007	-0.025
4.52701e-007	-0.024375
4.53201e-007	-0.025
4.53701e-007	-0.025625
4.54201e-007	-0.025
4.54701e-007	-0.025
4.55201e-007	-0.024375
4.55701e-007	-0.024375
4.56201e-007	-0.02375
4.56701e-007	-0.023125
4.57201e-007	-0.023125
4.57701e-007	-0.02375
4.58201e-007	-0.02375
4.58701e-007	-0.024375
4.59201e-007	-0.023125
4.59701e-007	-0.023125
4.60201e-007	-0.02375
4.60701e-007	-0.02375
4.61201e-007	-0.024375
4.61701e-007	-0.02375
4.62201e-007	-0.024375
4.62701e-007	-0.024375
4.63201e-007	-0.024375
4.63701e-007	-0.025
4.64201e-007	-0.024375
4.64701e-007	-0.023125
4.65201e-007	-0.023125
4.65701e-007	-0.023125
4.66201e-007	-0.0225
4.66701e-007	-0.023125
4.67201e-007	-0.023125
4.67701e-007	-0.02125
4.68201e-007	-0.02125
4.68701e-007	-0.02375
4.69201e-007	-0.023125
4.69701e-007	-0.0225
4.70201e-007	-0.023125
4.70701e-007	-0.023125
4.71201e-007	-0.023125
4.71701e-007	-0.02375
4.72201e-007	-0.023125
4.72701e-007	-0.023125
4.73201e-007	-0.02375
4.73701e-007	-0.021875
4.74201e-007	-0.023125
4.74701e-007	-0.025
4.75201e-007	-0.023125
4.75701e-007	-0.023125
4.76201e-007	-0.02375
4.76701e-007	-0.0225
4.77201e-007	-0.021875
4.77701e-007	-0.023125
4.78201e-007	-0.02125
4.78701e-007	-0.019375
4.79201e-007	-0.0225
4.79701e-007	-0.021875
4.80201e-007	-0.019375
4.80701e-007	-0.02125
4.81201e-007	-0.023125
4.81701e-007	-0.02375
4.82201e-007	-0.0225
4.82701e-007	-0.02125
4.83201e-007	-0.023125
4.83701e-007	-0.02375
4.84201e-007	-0.02375
4.84701e-007	-0.021875
4.85201e-007	-0.02375
4.85701e-007	-0.023125
4.86201e-007	-0.023125
4.86701e-007	-0.0225
4.87201e-007	-0.021875
4.87701e-007	-0.02125
4.88201e-007	-0.0225
4.88701e-007	-0.02125
4.89201e-007	-0.02
4.89701e-007	-0.02125
4.90201e-007	-0.021875
4.90701e-007	-0.021875
4.91201e-007	-0.02125
4.91701e-007	-0.021875
4.92201e-007	-0.023125
4.92701e-007	-0.02125
4.93201e-007	-0.021875
4.93701e-007	-0.0225
4.94201e-007	-0.020625
4.94701e-007	-0.02125
4.95201e-007	-0.021875
4.95701e-007	-0.0225
4.96201e-007	-0.0225
4.96701e-007	-0.02125
4.97201e-007	-0.0225
4.97701e-007	-0.023125
4.98201e-007	-0.020625
4.98701e-007	-0.019375
4.99201e-007	-0.02125
4.99701e-007	-0.02125
5.00201e-007	-0.02125
5.00701e-007	-0.019375
5.01201e-007	-0.019375
5.01701e-007	-0.02
5.02201e-007	-0.020625
5.02701e-007	-0.020625
5.03201e-007	-0.021875
5.03701e-007	-0.020625
5.04201e-007	-0.02125
5.04701e-007	-0.02125
5.05201e-007	-0.02125
5.05701e-007	-0.021875
5.06201e-007	-0.0225
5.06701e-007	-0.02125
5.07201e-007	-0.0225
5.07701e-007	-0.023125
5.08201e-007	-0.021875
5.08701e-007	-0.02
5.09201e-007	-0.02125
5.09701e-007	-0.020625
5.10201e-007	-0.020625
5.10701e-007	-0.02
5.11201e-007	-0.020625
5.11701e-007	-0.02
5.12201e-007	-0.02
5.12701e-007	-0.02
5.13201e-007	-0.01875
5.13701e-007	-0.019375
5.14201e-007	-0.020625
5.14701e-007	-0.02
5.15201e-007	-0.02
5.15701e-007	-0.020625
5.16201e-007	-0.020625
5.16701e-007	-0.021875
5.17201e-007	-0.020625
5.17701e-007	-0.020625
5.18201e-007	-0.021875
5.18701e-007	-0.02
5.19201e-007	-0.02
5.19701e-007	-0.02
5.20201e-007	-0.018125
5.20701e-007	-0.01875
5.21201e-007	-0.02
5.21701e-007	-0.019375
5.22201e-007	-0.02
5.22701e-007	-0.01875
5.23201e-007	-0.01875
5.23701e-007	-0.018125
5.24201e-007	-0.019375
5.24701e-007	-0.01875
5.25201e-007	-0.018125
5.25701e-007	-0.0175
5.26201e-007	-0.019375
5.26701e-007	-0.02
5.27201e-007	-0.019375
5.27701e-007	-0.019375
5.28201e-007	-0.020625
5.28701e-007	-0.020625
5.29201e-007	-0.020625
5.29701e-007	-0.01875
5.30201e-007	-0.01875
5.30701e-007	-0.019375
5.31201e-007	-0.02
5.31701e-007	-0.019375
5.32201e-007	-0.02
5.32701e-007	-0.018125
5.33201e-007	-0.01875
5.33701e-007	-0.02
5.34201e-007	-0.019375
5.34701e-007	-0.018125
5.35201e-007	-0.018125
5.35701e-007	-0.018125
5.36201e-007	-0.019375
5.36701e-007	-0.019375
5.37201e-007	-0.019375
5.37701e-007	-0.02
5.38201e-007	-0.01875
5.38701e-007	-0.01875
5.39201e-007	-0.020625
5.39701e-007	-0.02
5.40201e-007	-0.019375
5.40701e-007	-0.018125
5.41201e-007	-0.019375
5.41701e-007	-0.018125
5.42201e-007	-0.0175
5.42701e-007	-0.01875
5.43201e-007	-0.019375
5.43701e-007	-0.01875
5.44201e-007	-0.01875
5.44701e-007	-0.0175
5.45201e-007	-0.018125
5.45701e-007	-0.01875
5.46201e-007	-0.018125
5.46701e-007	-0.018125
5.47201e-007	-0.018125
5.47701e-007	-0.018125
5.48201e-007	-0.0175
5.48701e-007	-0.018125
5.49201e-007	-0.018125
5.49701e-007	-0.016875
5.50201e-007	-0.0175
5.50701e-007	-0.0175
5.51201e-007	-0.01875
5.51701e-007	-0.0175
5.52201e-007	-0.018125
5.52701e-007	-0.019375
5.53201e-007	-0.01875
5.53701e-007	-0.016875
5.54201e-007	-0.016875
5.54701e-007	-0.0175
5.55201e-007	-0.018125
5.55701e-007	-0.0175
5.56201e-007	-0.0175
5.56701e-007	-0.01625
5.57201e-007	-0.016875
5.57701e-007	-0.0175
5.58201e-007	-0.018125
5.58701e-007	-0.0175
5.59201e-007	-0.0175
5.59701e-007	-0.016875
5.60201e-007	-0.0175
5.60701e-007	-0.018125
5.61201e-007	-0.016875
5.61701e-007	-0.0175
5.62201e-007	-0.018125
5.62701e-007	-0.0175
5.63201e-007	-0.018125
5.63701e-007	-0.018125
5.64201e-007	-0.019375
5.64701e-007	-0.016875
5.65201e-007	-0.016875
5.65701e-007	-0.0175
5.66201e-007	-0.0175
5.66701e-007	-0.015625
5.67201e-007	-0.015
5.67701e-007	-0.0175
5.68201e-007	-0.018125
5.68701e-007	-0.015625
5.69201e-007	-0.015
5.69701e-007	-0.016875
5.70201e-007	-0.0175
5.70701e-007	-0.016875
5.71201e-007	-0.0175
5.71701e-007	-0.015625
5.72201e-007	-0.015
5.72701e-007	-0.018125
5.73201e-007	-0.0175
5.73701e-007	-0.01625
5.74201e-007	-0.018125
5.74701e-007	-0.018125
5.75201e-007	-0.0175
5.75701e-007	-0.0175
5.76201e-007	-0.018125
5.76701e-007	-0.0175
5.77201e-007	-0.0175
5.77701e-007	-0.01625
5.78201e-007	-0.015625
5.78701e-007	-0.01625
5.79201e-007	-0.01625
5.79701e-007	-0.015
5.80201e-007	-0.016875
5.80701e-007	-0.01625
5.81201e-007	-0.01625
5.81701e-007	-0.01625
5.82201e-007	-0.016875
5.82701e-007	-0.016875
5.83201e-007	-0.015625
5.83701e-007	-0.016875
5.84201e-007	-0.016875
5.84701e-007	-0.01625
5.85201e-007	-0.0175
5.85701e-007	-0.016875
5.86201e-007	-0.016875
5.86701e-007	-0.018125
5.87201e-007	-0.0175
5.87701e-007	-0.015625
5.88201e-007	-0.01625
5.88701e-007	-0.01625
5.89201e-007	-0.015
5.89701e-007	-0.01625
5.90201e-007	-0.01625
5.90701e-007	-0.014375
5.91201e-007	-0.016875
5.91701e-007	-0.0175
5.92201e-007	-0.016875
5.92701e-007	-0.015625
5.93201e-007	-0.016875
5.93701e-007	-0.0175
5.94201e-007	-0.016875
5.94701e-007	-0.016875
5.95201e-007	-0.0175
5.95701e-007	-0.01625
5.96201e-007	-0.01625
5.96701e-007	-0.015625
5.97201e-007	-0.016875
5.97701e-007	-0.0175
5.98201e-007	-0.016875
5.98701e-007	-0.015
5.99201e-007	-0.015
5.99701e-007	-0.015625
6.00201e-007	-0.015
6.00701e-007	-0.014375
6.01201e-007	-0.015625
6.01701e-007	-0.015625
6.02201e-007	-0.015625
6.02701e-007	-0.01625
6.03201e-007	-0.01625
6.03701e-007	-0.01375
6.04201e-007	-0.01375
6.04701e-007	-0.01625
6.05201e-007	-0.01625
6.05701e-007	-0.01625
6.06201e-007	-0.01625
6.06701e-007	-0.015
6.07201e-007	-0.015
6.07701e-007	-0.015625
6.08201e-007	-0.015625
6.08701e-007	-0.015
6.09201e-007	-0.014375
6.09701e-007	-0.014375
6.10201e-007	-0.01625
6.10701e-007	-0.014375
6.11201e-007	-0.015
6.11701e-007	-0.015625
6.12201e-007	-0.014375
6.12701e-007	-0.015
6.13201e-007	-0.015
6.13701e-007	-0.014375
6.14201e-007	-0.013125
6.14701e-007	-0.013125
6.15201e-007	-0.01625
6.15701e-007	-0.015625
6.16201e-007	-0.014375
6.16701e-007	-0.015625
6.17201e-007	-0.01625
6.17701e-007	-0.01625
6.18201e-007	-0.01625
6.18701e-007	-0.01375
6.19201e-007	-0.015
6.19701e-007	-0.016875
6.20201e-007	-0.015
6.20701e-007	-0.01375
6.21201e-007	-0.014375
6.21701e-007	-0.01625
6.22201e-007	-0.015
6.22701e-007	-0.015
6.23201e-007	-0.015
6.23701e-007	-0.01375
6.24201e-007	-0.014375
6.24701e-007	-0.014375
6.25201e-007	-0.014375
6.25701e-007	-0.013125
6.26201e-007	-0.01375
6.26701e-007	-0.014375
6.27201e-007	-0.015
6.27701e-007	-0.014375
6.28201e-007	-0.01375
6.28701e-007	-0.014375
6.29201e-007	-0.014375
6.29701e-007	-0.014375
6.30201e-007	-0.01625
6.30701e-007	-0.015625
6.31201e-007	-0.015
6.31701e-007	-0.014375
6.32201e-007	-0.014375
6.32701e-007	-0.01375
6.33201e-007	-0.01375
6.33701e-007	-0.01375
6.34201e-007	-0.01375
6.34701e-007	-0.01375
6.35201e-007	-0.01375
6.35701e-007	-0.0125
6.36201e-007	-0.014375
6.36701e-007	-0.01375
6.37201e-007	-0.013125
6.37701e-007	-0.015
6.38201e-007	-0.014375
6.38701e-007	-0.01375
6.39201e-007	-0.01375
6.39701e-007	-0.013125
6.40201e-007	-0.01375
6.40701e-007	-0.015
6.41201e-007	-0.014375
6.41701e-007	-0.01375
6.42201e-007	-0.014375
6.42701e-007	-0.013125
6.43201e-007	-0.01375
6.43701e-007	-0.014375
6.44201e-007	-0.014375
6.44701e-007	-0.01375
6.45201e-007	-0.0125
6.45701e-007	-0.013125
6.46201e-007	-0.01375
6.46701e-007	-0.0125
6.47201e-007	-0.0125
6.47701e-007	-0.014375
6.48201e-007	-0.015
6.48701e-007	-0.01375
6.49201e-007	-0.013125
6.49701e-007	-0.013125
6.50201e-007	-0.01375
6.50701e-007	-0.0125
6.51201e-007	-0.0125
6.51701e-007	-0.0125
6.52201e-007	-0.01375
6.52701e-007	-0.013125
6.53201e-007	-0.0125
6.53701e-007	-0.013125
6.54201e-007	-0.01375
6.54701e-007	-0.013125
6.55201e-007	-0.013125
6.55701e-007	-0.013125
6.56201e-007	-0.0125
6.56701e-007	-0.013125
6.57201e-007	-0.0125
6.57701e-007	-0.0125
6.58201e-007	-0.013125
6.58701e-007	-0.013125
6.59201e-007	-0.01375
6.59701e-007	-0.01375
6.60201e-007	-0.011875
6.60701e-007	-0.011875
6.61201e-007	-0.0125
6.61701e-007	-0.013125
6.62201e-007	-0.0125
6.62701e-007	-0.011875
6.63201e-007	-0.013125
6.63701e-007	-0.0125
6.64201e-007	-0.0125
6.64701e-007	-0.014375
6.65201e-007	-0.013125
6.65701e-007	-0.011875
6.66201e-007	-0.0125
6.66701e-007	-0.0125
6.67201e-007	-0.0125
6.67701e-007	-0.0125
6.68201e-007	-0.01125
6.68701e-007	-0.013125
6.69201e-007	-0.014375
6.69701e-007	-0.013125
6.70201e-007	-0.013125
6.70701e-007	-0.011875
6.71201e-007	-0.01125
6.71701e-007	-0.0125
6.72201e-007	-0.011875
6.72701e-007	-0.0125
6.73201e-007	-0.01375
6.73701e-007	-0.0125
6.74201e-007	-0.011875
6.74701e-007	-0.013125
6.75201e-007	-0.014375
6.75701e-007	-0.013125
6.76201e-007	-0.013125
6.76701e-007	-0.013125
6.77201e-007	-0.013125
6.77701e-007	-0.01375
6.78201e-007	-0.01375
6.78701e-007	-0.01375
6.79201e-007	-0.013125
6.79701e-007	-0.011875
6.80201e-007	-0.01125
6.80701e-007	-0.011875
6.81201e-007	-0.011875
6.81701e-007	-0.01125
6.82201e-007	-0.0125
6.82701e-007	-0.013125
6.83201e-007	-0.013125
6.83701e-007	-0.013125
6.84201e-007	-0.013125
6.84701e-007	-0.011875
6.85201e-007	-0.011875
6.85701e-007	-0.013125
6.86201e-007	-0.013125
6.86701e-007	-0.011875
6.87201e-007	-0.0125
6.87701e-007	-0.011875
6.88201e-007	-0.013125
6.88701e-007	-0.013125
6.89201e-007	-0.011875
6.89701e-007	-0.01125
6.90201e-007	-0.010625
6.90701e-007	-0.011875
6.91201e-007	-0.013125
6.91701e-007	-0.013125
6.92201e-007	-0.013125
6.92701e-007	-0.013125
6.93201e-007	-0.011875
6.93701e-007	-0.01125
6.94201e-007	-0.0125
6.94701e-007	-0.01125
6.95201e-007	-0.01125
6.95701e-007	-0.011875
6.96201e-007	-0.0125
6.96701e-007	-0.011875
6.97201e-007	-0.01
6.97701e-007	-0.0125
6.98201e-007	-0.013125
6.98701e-007	-0.0125
6.99201e-007	-0.01125
6.99701e-007	-0.011875
7.00201e-007	-0.0125
7.00701e-007	-0.011875
7.01201e-007	-0.010625
7.01701e-007	-0.01125
7.02201e-007	-0.011875
7.02701e-007	-0.010625
7.03201e-007	-0.013125
7.03701e-007	-0.013125
7.04201e-007	-0.011875
7.04701e-007	-0.010625
7.05201e-007	-0.010625
7.05701e-007	-0.01125
7.06201e-007	-0.013125
7.06701e-007	-0.0125
7.07201e-007	-0.01125
7.07701e-007	-0.011875
7.08201e-007	-0.011875
7.08701e-007	-0.011875
7.09201e-007	-0.011875
7.09701e-007	-0.010625
7.10201e-007	-0.01125
7.10701e-007	-0.011875
7.11201e-007	-0.010625
7.11701e-007	-0.010625
7.12201e-007	-0.01125
7.12701e-007	-0.011875
7.13201e-007	-0.010625
7.13701e-007	-0.011875
7.14201e-007	-0.011875
7.14701e-007	-0.0125
7.15201e-007	-0.010625
7.15701e-007	-0.010625
7.16201e-007	-0.010625
7.16701e-007	-0.01125
7.17201e-007	-0.011875
7.17701e-007	-0.011875
7.18201e-007	-0.01
7.18701e-007	-0.01125
7.19201e-007	-0.0125
7.19701e-007	-0.011875
7.20201e-007	-0.009375
7.20701e-007	-0.01125
7.21201e-007	-0.01125
7.21701e-007	-0.010625
7.22201e-007	-0.01125
7.22701e-007	-0.011875
7.23201e-007	-0.011875
7.23701e-007	-0.011875
7.24201e-007	-0.01125
7.24701e-007	-0.01
7.25201e-007	-0.01125
7.25701e-007	-0.010625
7.26201e-007	-0.01
7.26701e-007	-0.01125
7.27201e-007	-0.01
7.27701e-007	-0.01
7.28201e-007	-0.010625
7.28701e-007	-0.01
7.29201e-007	-0.01125
7.29701e-007	-0.011875
7.30201e-007	-0.010625
7.30701e-007	-0.008125
7.31201e-007	-0.009375
7.31701e-007	-0.011875
7.32201e-007	-0.0125
7.32701e-007	-0.011875
7.33201e-007	-0.010625
7.33701e-007	-0.01
7.34201e-007	-0.01125
7.34701e-007	-0.010625
7.35201e-007	-0.01
7.35701e-007	-0.01
7.36201e-007	-0.01
7.36701e-007	-0.01
7.37201e-007	-0.009375
7.37701e-007	-0.009375
7.38201e-007	-0.010625
7.38701e-007	-0.010625
7.39201e-007	-0.009375
7.39701e-007	-0.008125
7.40201e-007	-0.00875
7.40701e-007	-0.01
7.41201e-007	-0.01
7.41701e-007	-0.01125
7.42201e-007	-0.01
7.42701e-007	-0.01
7.43201e-007	-0.01125
7.43701e-007	-0.01
7.44201e-007	-0.01
7.44701e-007	-0.010625
7.45201e-007	-0.009375
7.45701e-007	-0.01
7.46201e-007	-0.01
7.46701e-007	-0.010625
7.47201e-007	-0.010625
7.47701e-007	-0.00875
7.48201e-007	-0.010625
7.48701e-007	-0.010625
7.49201e-007	-0.01
7.49701e-007	-0.01
7.50201e-007	-0.01
7.50701e-007	-0.01
7.51201e-007	-0.00875
7.51701e-007	-0.009375
7.52201e-007	-0.01
7.52701e-007	-0.009375
7.53201e-007	-0.009375
7.53701e-007	-0.00875
7.54201e-007	-0.010625
7.54701e-007	-0.009375
7.55201e-007	-0.009375
7.55701e-007	-0.010625
7.56201e-007	-0.01
7.56701e-007	-0.010625
7.57201e-007	-0.01
7.57701e-007	-0.009375
7.58201e-007	-0.009375
7.58701e-007	-0.009375
7.59201e-007	-0.009375
7.59701e-007	-0.010625
7.60201e-007	-0.0125
7.60701e-007	-0.01125
7.61201e-007	-0.009375
7.61701e-007	-0.009375
7.62201e-007	-0.00875
7.62701e-007	-0.00875
7.63201e-007	-0.010625
7.63701e-007	-0.009375
7.64201e-007	-0.008125
7.64701e-007	-0.00875
7.65201e-007	-0.009375
7.65701e-007	-0.01
7.66201e-007	-0.00875
7.66701e-007	-0.00875
7.67201e-007	-0.01
7.67701e-007	-0.010625
7.68201e-007	-0.01
7.68701e-007	-0.01
7.69201e-007	-0.01
7.69701e-007	-0.01
7.70201e-007	-0.010625
7.70701e-007	-0.01125
7.71201e-007	-0.010625
7.71701e-007	-0.01
7.72201e-007	-0.009375
7.72701e-007	-0.009375
7.73201e-007	-0.00875
7.73701e-007	-0.00875
7.74201e-007	-0.00875
7.74701e-007	-0.008125
7.75201e-007	-0.0075
7.75701e-007	-0.00875
7.76201e-007	-0.008125
7.76701e-007	-0.01
7.77201e-007	-0.010625
7.77701e-007	-0.00875
7.78201e-007	-0.00875
7.78701e-007	-0.01
7.79201e-007	-0.01125
7.79701e-007	-0.010625
7.80201e-007	-0.00875
7.80701e-007	-0.01
7.81201e-007	-0.00875
7.81701e-007	-0.008125
7.82201e-007	-0.00875
7.82701e-007	-0.008125
7.83201e-007	-0.008125
7.83701e-007	-0.00875
7.84201e-007	-0.00875
7.84701e-007	-0.008125
7.85201e-007	-0.008125
7.85701e-007	-0.009375
7.86201e-007	-0.008125
7.86701e-007	-0.00875
7.87201e-007	-0.01
7.87701e-007	-0.00875
7.88201e-007	-0.009375
7.88701e-007	-0.009375
7.89201e-007	-0.009375
7.89701e-007	-0.00875
7.90201e-007	-0.009375
7.90701e-007	-0.009375
7.91201e-007	-0.009375
7.91701e-007	-0.00875
7.92201e-007	-0.0075
7.92701e-007	-0.008125
7.93201e-007	-0.00875
7.93701e-007	-0.00875
7.94201e-007	-0.00875
7.94701e-007	-0.006875
7.95201e-007	-0.006875
7.95701e-007	-0.008125
7.96201e-007	-0.00875
7.96701e-007	-0.008125
7.97201e-007	-0.00875
7.97701e-007	-0.00875
7.98201e-007	-0.009375
7.98701e-007	-0.00875
7.99201e-007	-0.00875
7.99701e-007	-0.0075
8.00201e-007	-0.008125
8.00701e-007	-0.009375
8.01201e-007	-0.00875
8.01701e-007	-0.00875
8.02201e-007	-0.0075
8.02701e-007	-0.00625
8.03201e-007	-0.0075
8.03701e-007	-0.008125
8.04201e-007	-0.006875
8.04701e-007	-0.0075
8.05201e-007	-0.00875
8.05701e-007	-0.0075
8.06201e-007	-0.006875
8.06701e-007	-0.008125
8.07201e-007	-0.00875
8.07701e-007	-0.0075
8.08201e-007	-0.006875
8.08701e-007	-0.00875
8.09201e-007	-0.008125
8.09701e-007	-0.008125
8.10201e-007	-0.008125
8.10701e-007	-0.008125
8.11201e-007	-0.0075
8.11701e-007	-0.006875
8.12201e-007	-0.0075
8.12701e-007	-0.008125
8.13201e-007	-0.0075
8.13701e-007	-0.006875
8.14201e-007	-0.008125
8.14701e-007	-0.00875
8.15201e-007	-0.0075
8.15701e-007	-0.008125
8.16201e-007	-0.00875
8.16701e-007	-0.008125
8.17201e-007	-0.006875
8.17701e-007	-0.008125
8.18201e-007	-0.00875
8.18701e-007	-0.00875
8.19201e-007	-0.008125
8.19701e-007	-0.006875
8.20201e-007	-0.006875
8.20701e-007	-0.0075
8.21201e-007	-0.0075
8.21701e-007	-0.008125
8.22201e-007	-0.0075
8.22701e-007	-0.0075
8.23201e-007	-0.0075
8.23701e-007	-0.0075
8.24201e-007	-0.00875
8.24701e-007	-0.008125
8.25201e-007	-0.00875
8.25701e-007	-0.009375
8.26201e-007	-0.008125
8.26701e-007	-0.006875
8.27201e-007	-0.0075
8.27701e-007	-0.00875
8.28201e-007	-0.008125
8.28701e-007	-0.0075
8.29201e-007	-0.0075
8.29701e-007	-0.0075
8.30201e-007	-0.006875
8.30701e-007	-0.008125
8.31201e-007	-0.0075
8.31701e-007	-0.005625
8.32201e-007	-0.0075
8.32701e-007	-0.006875
8.33201e-007	-0.006875
8.33701e-007	-0.006875
8.34201e-007	-0.005625
8.34701e-007	-0.0075
8.35201e-007	-0.008125
8.35701e-007	-0.006875
8.36201e-007	-0.0075
8.36701e-007	-0.00875
8.37201e-007	-0.008125
8.37701e-007	-0.008125
8.38201e-007	-0.0075
8.38701e-007	-0.0075
8.39201e-007	-0.00875
8.39701e-007	-0.0075
8.40201e-007	-0.006875
8.40701e-007	-0.006875
8.41201e-007	-0.008125
8.41701e-007	-0.008125
8.42201e-007	-0.006875
8.42701e-007	-0.006875
8.43201e-007	-0.005625
8.43701e-007	-0.005625
8.44201e-007	-0.00625
8.44701e-007	-0.008125
8.45201e-007	-0.008125
8.45701e-007	-0.0075
8.46201e-007	-0.006875
8.46701e-007	-0.006875
8.47201e-007	-0.0075
8.47701e-007	-0.00625
8.48201e-007	-0.008125
8.48701e-007	-0.00875
8.49201e-007	-0.0075
8.49701e-007	-0.006875
8.50201e-007	-0.006875
8.50701e-007	-0.00625
8.51201e-007	-0.006875
8.51701e-007	-0.005625
8.52201e-007	-0.00625
8.52701e-007	-0.005
8.53201e-007	-0.004375
8.53701e-007	-0.005625
8.54201e-007	-0.0075
8.54701e-007	-0.0075
8.55201e-007	-0.006875
8.55701e-007	-0.005
8.56201e-007	-0.00625
8.56701e-007	-0.006875
8.57201e-007	-0.006875
8.57701e-007	-0.006875
8.58201e-007	-0.00625
8.58701e-007	-0.00625
8.59201e-007	-0.006875
8.59701e-007	-0.00875
8.60201e-007	-0.0075
8.60701e-007	-0.006875
8.61201e-007	-0.0075
8.61701e-007	-0.006875
8.62201e-007	-0.006875
8.62701e-007	-0.005
8.63201e-007	-0.00625
8.63701e-007	-0.005625
8.64201e-007	-0.005625
8.64701e-007	-0.008125
8.65201e-007	-0.006875
8.65701e-007	-0.005625
8.66201e-007	-0.005625
8.66701e-007	-0.005625
8.67201e-007	-0.00625
8.67701e-007	-0.005625
8.68201e-007	-0.006875
8.68701e-007	-0.00625
8.69201e-007	-0.0075
8.69701e-007	-0.008125
8.70201e-007	-0.0075
8.70701e-007	-0.0075
8.71201e-007	-0.006875
8.71701e-007	-0.005625
8.72201e-007	-0.005625
8.72701e-007	-0.006875
8.73201e-007	-0.006875
8.73701e-007	-0.005625
8.74201e-007	-0.005
8.74701e-007	-0.006875
8.75201e-007	-0.00625
8.75701e-007	-0.005625
8.76201e-007	-0.00625
8.76701e-007	-0.005625
8.77201e-007	-0.00625
8.77701e-007	-0.006875
8.78201e-007	-0.00625
8.78701e-007	-0.005625
8.79201e-007	-0.006875
8.79701e-007	-0.00625
8.80201e-007	-0.00625
8.80701e-007	-0.008125
8.81201e-007	-0.006875
8.81701e-007	-0.006875
8.82201e-007	-0.00625
8.82701e-007	-0.005625
8.83201e-007	-0.006875
8.83701e-007	-0.00625
8.84201e-007	-0.00625
8.84701e-007	-0.006875
8.85201e-007	-0.005625
8.85701e-007	-0.005
8.86201e-007	-0.00625
8.86701e-007	-0.004375
8.87201e-007	-0.004375
8.87701e-007	-0.005
8.88201e-007	-0.005
8.88701e-007	-0.005625
8.89201e-007	-0.00625
8.89701e-007	-0.00625
8.90201e-007	-0.005
8.90701e-007	-0.006875
8.91201e-007	-0.00875
8.91701e-007	-0.00625
8.92201e-007	-0.00625
8.92701e-007	-0.00625
8.93201e-007	-0.005625
8.93701e-007	-0.0075
8.94201e-007	-0.006875
8.94701e-007	-0.004375
8.95201e-007	-0.004375
8.95701e-007	-0.005625
8.96201e-007	-0.005625
8.96701e-007	-0.005
8.97201e-007	-0.005
8.97701e-007	-0.004375
8.98201e-007	-0.005
8.98701e-007	-0.00375
8.99201e-007	-0.005625
8.99701e-007	-0.006875
9.00201e-007	-0.00625
9.00701e-007	-0.00625
9.01201e-007	-0.00625
9.01701e-007	-0.006875
9.02201e-007	-0.00625
9.02701e-007	-0.006875
9.03201e-007	-0.006875
9.03701e-007	-0.005625
9.04201e-007	-0.005
9.04701e-007	-0.006875
9.05201e-007	-0.006875
9.05701e-007	-0.005
9.06201e-007	-0.005
9.06701e-007	-0.005625
9.07201e-007	-0.006875
9.07701e-007	-0.005625
9.08201e-007	-0.005625
9.08701e-007	-0.005625
9.09201e-007	-0.00625
9.09701e-007	-0.005
9.10201e-007	-0.00625
9.10701e-007	-0.005625
9.11201e-007	-0.005
9.11701e-007	-0.00625
9.12201e-007	-0.00625
9.12701e-007	-0.00625
9.13201e-007	-0.008125
9.13701e-007	-0.006875
9.14201e-007	-0.006875
9.14701e-007	-0.006875
9.15201e-007	-0.0075
9.15701e-007	-0.00625
9.16201e-007	-0.00625
9.16701e-007	-0.006875
9.17201e-007	-0.00625
9.17701e-007	-0.004375
9.18201e-007	-0.00375
9.18701e-007	-0.005
9.19201e-007	-0.005625
9.19701e-007	-0.005
9.20201e-007	-0.004375
9.20701e-007	-0.00375
9.21201e-007	-0.005625
9.21701e-007	-0.005625
9.22201e-007	-0.005625
9.22701e-007	-0.005625
9.23201e-007	-0.004375
9.23701e-007	-0.00625
9.24201e-007	-0.00625
9.24701e-007	-0.005
9.25201e-007	-0.005
9.25701e-007	-0.005625
9.26201e-007	-0.006875
9.26701e-007	-0.005625
9.27201e-007	-0.005
9.27701e-007	-0.005625
9.28201e-007	-0.005
9.28701e-007	-0.005
9.29201e-007	-0.004375
9.29701e-007	-0.005
9.30201e-007	-0.005625
9.30701e-007	-0.00375
9.31201e-007	-0.00375
9.31701e-007	-0.004375
9.32201e-007	-0.004375
9.32701e-007	-0.005625
9.33201e-007	-0.005
9.33701e-007	-0.00375
9.34201e-007	-0.005625
9.34701e-007	-0.00625
9.35201e-007	-0.005625
9.35701e-007	-0.005625
9.36201e-007	-0.006875
9.36701e-007	-0.00625
9.37201e-007	-0.00625
9.37701e-007	-0.00625
9.38201e-007	-0.004375
9.38701e-007	-0.004375
9.39201e-007	-0.00625
9.39701e-007	-0.005
9.40201e-007	-0.004375
9.40701e-007	-0.004375
9.41201e-007	-0.004375
9.41701e-007	-0.003125
9.42201e-007	-0.004375
9.42701e-007	-0.004375
9.43201e-007	-0.005
9.43701e-007	-0.005625
9.44201e-007	-0.005
9.44701e-007	-0.005
9.45201e-007	-0.004375
9.45701e-007	-0.00375
9.46201e-007	-0.004375
9.46701e-007	-0.005
9.47201e-007	-0.00625
9.47701e-007	-0.005
9.48201e-007	-0.00625
9.48701e-007	-0.006875
9.49201e-007	-0.005625
9.49701e-007	-0.004375
9.50201e-007	-0.004375
9.50701e-007	-0.003125
9.51201e-007	-0.005
9.51701e-007	-0.005
9.52201e-007	-0.00375
9.52701e-007	-0.004375
9.53201e-007	-0.00375
9.53701e-007	-0.004375
9.54201e-007	-0.005625
9.54701e-007	-0.00375
9.55201e-007	-0.004375
9.55701e-007	-0.005625
9.56201e-007	-0.005625
9.56701e-007	-0.005625
9.57201e-007	-0.005625
9.57701e-007	-0.004375
9.58201e-007	-0.005625
9.58701e-007	-0.00625
9.59201e-007	-0.005625
9.59701e-007	-0.00375
9.60201e-007	-0.00375
9.60701e-007	-0.00625
9.61201e-007	-0.005625
9.61701e-007	-0.00375
9.62201e-007	-0.004375
9.62701e-007	-0.005
9.63201e-007	-0.005625
9.63701e-007	-0.005
9.64201e-007	-0.006875
9.64701e-007	-0.00625
9.65201e-007	-0.005
9.65701e-007	-0.005
9.66201e-007	-0.005625
9.66701e-007	-0.00375
9.67201e-007	-0.00375
9.67701e-007	-0.004375
9.68201e-007	-0.00375
9.68701e-007	-0.003125
9.69201e-007	-0.00375
9.69701e-007	-0.005
9.70201e-007	-0.005
9.70701e-007	-0.005625
9.71201e-007	-0.005
9.71701e-007	-0.00375
9.72201e-007	-0.00375
9.72701e-007	-0.005625
9.73201e-007	-0.00625
9.73701e-007	-0.004375
9.74201e-007	-0.00375
9.74701e-007	-0.004375
9.75201e-007	-0.005
9.75701e-007	-0.005
9.76201e-007	-0.004375
9.76701e-007	-0.003125
9.77201e-007	-0.003125
9.77701e-007	-0.003125
9.78201e-007	-0.003125
9.78701e-007	-0.003125
9.79201e-007	-0.005625
9.79701e-007	-0.005
9.80201e-007	-0.004375
9.80701e-007	-0.005625
9.81201e-007	-0.005
9.81701e-007	-0.005625
9.82201e-007	-0.005
9.82701e-007	-0.005625
9.83201e-007	-0.006875
9.83701e-007	-0.005
9.84201e-007	-0.005625
9.84701e-007	-0.005
9.85201e-007	-0.004375
9.85701e-007	-0.005
9.86201e-007	-0.00375
9.86701e-007	-0.003125
9.87201e-007	-0.00375
9.87701e-007	-0.003125
9.88201e-007	-0.003125
9.88701e-007	-0.004375
9.89201e-007	-0.00375
9.89701e-007	-0.005
9.90201e-007	-0.005625
9.90701e-007	-0.00375
9.91201e-007	-0.005
9.91701e-007	-0.005625
9.92201e-007	-0.005625
9.92701e-007	-0.00625
9.93201e-007	-0.00625
9.93701e-007	-0.004375
9.94201e-007	-0.005
9.94701e-007	-0.004375
9.95201e-007	-0.004375
9.95701e-007	-0.003125
9.96201e-007	-0.00375
9.96701e-007	-0.004375
9.97201e-007	-0.0025
9.97701e-007	-0.003125
9.98201e-007	-0.0025
9.98701e-007	-0.003125
9.99201e-007	-0.005
9.99701e-007	-0.00375
1.000201e-006	-0.003125
1.000701e-006	-0.005625
1.001201e-006	-0.005
1.001701e-006	-0.00375
1.002201e-006	-0.005
1.002701e-006	-0.005625
1.003201e-006	-0.004375
1.003701e-006	-0.005
1.004201e-006	-0.00625
