LECROYWS454	16215	Waveform
Segments	1	SegmentSize	4002
Segment	TrigTime	TimeSinceSegment1
#1	29-Apr-2024 21:06:09	0                 
Time	Ampl
-9.96394e-007	-0.000625
-9.95894e-007	-0.000625
-9.95394e-007	-0.00125
-9.94894e-007	0.00125
-9.94394e-007	0.000625
-9.93894e-007	0.000625
-9.93394e-007	0.00125
-9.92894e-007	0
-9.92394e-007	-0.000625
-9.91894e-007	0.000625
-9.91394e-007	0.000625
-9.90894e-007	0.000625
-9.90394e-007	-0.000625
-9.89894e-007	-0.000625
-9.89394e-007	0
-9.88894e-007	-0.000625
-9.88394e-007	-0.000625
-9.87894e-007	-0.001875
-9.87394e-007	-0.000625
-9.86894e-007	0
-9.86394e-007	0.000625
-9.85894e-007	-0.000625
-9.85394e-007	-0.00125
-9.84894e-007	-0.000625
-9.84394e-007	0
-9.83894e-007	0.000625
-9.83394e-007	0.000625
-9.82894e-007	0
-9.82394e-007	0.00125
-9.81894e-007	0.000625
-9.81394e-007	0
-9.80894e-007	0.00125
-9.80394e-007	0.000625
-9.79894e-007	0
-9.79394e-007	0.000625
-9.78894e-007	0.000625
-9.78394e-007	0.000625
-9.77894e-007	0
-9.77394e-007	0
-9.76894e-007	-0.000625
-9.76394e-007	-0.000625
-9.75894e-007	0
-9.75394e-007	0.000625
-9.74894e-007	0.000625
-9.74394e-007	-0.00125
-9.73894e-007	-0.001875
-9.73394e-007	-0.00125
-9.72894e-007	0
-9.72394e-007	0.000625
-9.71894e-007	0
-9.71394e-007	-0.000625
-9.70894e-007	0
-9.70394e-007	0
-9.69894e-007	0.000625
-9.69394e-007	0.001875
-9.68894e-007	0.000625
-9.68394e-007	-0.000625
-9.67894e-007	0
-9.67394e-007	0.000625
-9.66894e-007	-0.000625
-9.66394e-007	-0.001875
-9.65894e-007	0.00125
-9.65394e-007	-0.000625
-9.64894e-007	-0.00125
-9.64394e-007	0
-9.63894e-007	-0.001875
-9.63394e-007	-0.00125
-9.62894e-007	0.00125
-9.62394e-007	-0.000625
-9.61894e-007	0
-9.61394e-007	-0.000625
-9.60894e-007	-0.00125
-9.60394e-007	-0.000625
-9.59894e-007	0.00125
-9.59394e-007	0.000625
-9.58894e-007	0.000625
-9.58394e-007	0.00125
-9.57894e-007	0.000625
-9.57394e-007	-0.000625
-9.56894e-007	-0.000625
-9.56394e-007	-0.000625
-9.55894e-007	0.000625
-9.55394e-007	0
-9.54894e-007	-0.001875
-9.54394e-007	-0.00125
-9.53894e-007	-0.000625
-9.53394e-007	0.000625
-9.52894e-007	-0.00125
-9.52394e-007	-0.00125
-9.51894e-007	0.000625
-9.51394e-007	-0.000625
-9.50894e-007	-0.00125
-9.50394e-007	-0.003125
-9.49894e-007	-0.00125
-9.49394e-007	0.001875
-9.48894e-007	0.00125
-9.48394e-007	0.00125
-9.47894e-007	0.00125
-9.47394e-007	0.000625
-9.46894e-007	0.00125
-9.46394e-007	0.000625
-9.45894e-007	0.000625
-9.45394e-007	0
-9.44894e-007	0
-9.44394e-007	0
-9.43894e-007	-0.00125
-9.43394e-007	-0.000625
-9.42894e-007	0.00125
-9.42394e-007	-0.000625
-9.41894e-007	-0.000625
-9.41394e-007	-0.000625
-9.40894e-007	-0.000625
-9.40394e-007	-0.001875
-9.39894e-007	-0.001875
-9.39394e-007	-0.000625
-9.38894e-007	-0.000625
-9.38394e-007	-0.000625
-9.37894e-007	0.00125
-9.37394e-007	0.001875
-9.36894e-007	0.000625
-9.36394e-007	0
-9.35894e-007	0.000625
-9.35394e-007	0.000625
-9.34894e-007	0.000625
-9.34394e-007	0.00125
-9.33894e-007	-0.001875
-9.33394e-007	0
-9.32894e-007	0.00125
-9.32394e-007	-0.000625
-9.31894e-007	-0.00125
-9.31394e-007	-0.00125
-9.30894e-007	-0.001875
-9.30394e-007	-0.001875
-9.29894e-007	-0.001875
-9.29394e-007	0
-9.28894e-007	0.000625
-9.28394e-007	0
-9.27894e-007	0
-9.27394e-007	0
-9.26894e-007	0.000625
-9.26394e-007	0.000625
-9.25894e-007	0.00125
-9.25394e-007	0.000625
-9.24894e-007	0
-9.24394e-007	-0.000625
-9.23894e-007	0.000625
-9.23394e-007	-0.000625
-9.22894e-007	0
-9.22394e-007	-0.000625
-9.21894e-007	-0.000625
-9.21394e-007	-0.001875
-9.20894e-007	-0.001875
-9.20394e-007	-0.00125
-9.19894e-007	-0.00125
-9.19394e-007	-0.000625
-9.18894e-007	-0.00125
-9.18394e-007	-0.00125
-9.17894e-007	-0.00125
-9.17394e-007	0.000625
-9.16894e-007	0.000625
-9.16394e-007	-0.00125
-9.15894e-007	0
-9.15394e-007	0.00125
-9.14894e-007	0.00125
-9.14394e-007	0
-9.13894e-007	0
-9.13394e-007	0
-9.12894e-007	-0.000625
-9.12394e-007	-0.00125
-9.11894e-007	-0.00125
-9.11394e-007	-0.001875
-9.10894e-007	-0.00125
-9.10394e-007	0
-9.09894e-007	-0.00125
-9.09394e-007	-0.00125
-9.08894e-007	-0.0025
-9.08394e-007	-0.000625
-9.07894e-007	-0.000625
-9.07394e-007	-0.0025
-9.06894e-007	-0.000625
-9.06394e-007	0.00125
-9.05894e-007	0.000625
-9.05394e-007	-0.000625
-9.04894e-007	-0.000625
-9.04394e-007	0.000625
-9.03894e-007	0.000625
-9.03394e-007	-0.000625
-9.02894e-007	0.00125
-9.02394e-007	0.001875
-9.01894e-007	0
-9.01394e-007	0
-9.00894e-007	-0.00125
-9.00394e-007	-0.000625
-8.99894e-007	-0.000625
-8.99394e-007	-0.000625
-8.98894e-007	0.000625
-8.98394e-007	0
-8.97894e-007	0.000625
-8.97394e-007	0.000625
-8.96894e-007	-0.000625
-8.96394e-007	-0.00125
-8.95894e-007	-0.000625
-8.95394e-007	0.000625
-8.94894e-007	-0.000625
-8.94394e-007	-0.000625
-8.93894e-007	-0.000625
-8.93394e-007	0.000625
-8.92894e-007	0.000625
-8.92394e-007	0.00125
-8.91894e-007	0.000625
-8.91394e-007	-0.00125
-8.90894e-007	-0.000625
-8.90394e-007	0.00125
-8.89894e-007	-0.000625
-8.89394e-007	-0.00125
-8.88894e-007	0
-8.88394e-007	-0.00125
-8.87894e-007	-0.000625
-8.87394e-007	-0.00125
-8.86894e-007	-0.00125
-8.86394e-007	-0.000625
-8.85894e-007	-0.000625
-8.85394e-007	0.000625
-8.84894e-007	0
-8.84394e-007	-0.00125
-8.83894e-007	-0.001875
-8.83394e-007	0.000625
-8.82894e-007	0.000625
-8.82394e-007	0.000625
-8.81894e-007	0
-8.81394e-007	0.000625
-8.80894e-007	0.000625
-8.80394e-007	-0.000625
-8.79894e-007	-0.000625
-8.79394e-007	0
-8.78894e-007	0
-8.78394e-007	-0.000625
-8.77894e-007	-0.00125
-8.77394e-007	-0.0025
-8.76894e-007	0
-8.76394e-007	-0.000625
-8.75894e-007	-0.00125
-8.75394e-007	-0.00125
-8.74894e-007	-0.000625
-8.74394e-007	-0.00125
-8.73894e-007	0
-8.73394e-007	-0.000625
-8.72894e-007	0.00125
-8.72394e-007	0.000625
-8.71894e-007	-0.000625
-8.71394e-007	0.00125
-8.70894e-007	0.000625
-8.70394e-007	-0.00125
-8.69894e-007	-0.000625
-8.69394e-007	0.000625
-8.68894e-007	0.00125
-8.68394e-007	-0.000625
-8.67894e-007	-0.003125
-8.67394e-007	-0.000625
-8.66894e-007	0.000625
-8.66394e-007	0.00125
-8.65894e-007	-0.000625
-8.65394e-007	-0.00125
-8.64894e-007	0.000625
-8.64394e-007	0.000625
-8.63894e-007	0.000625
-8.63394e-007	0.000625
-8.62894e-007	0.000625
-8.62394e-007	0.000625
-8.61894e-007	-0.00125
-8.61394e-007	0.000625
-8.60894e-007	0.000625
-8.60394e-007	0
-8.59894e-007	0
-8.59394e-007	0.000625
-8.58894e-007	0
-8.58394e-007	-0.001875
-8.57894e-007	-0.001875
-8.57394e-007	-0.000625
-8.56894e-007	0
-8.56394e-007	-0.00125
-8.55894e-007	-0.00125
-8.55394e-007	-0.000625
-8.54894e-007	-0.001875
-8.54394e-007	-0.00125
-8.53894e-007	0.00125
-8.53394e-007	0.000625
-8.52894e-007	-0.000625
-8.52394e-007	0.000625
-8.51894e-007	0.00125
-8.51394e-007	0.000625
-8.50894e-007	0.000625
-8.50394e-007	0.00125
-8.49894e-007	0.000625
-8.49394e-007	0
-8.48894e-007	-0.000625
-8.48394e-007	-0.00125
-8.47894e-007	0
-8.47394e-007	-0.000625
-8.46894e-007	0
-8.46394e-007	0.000625
-8.45894e-007	-0.001875
-8.45394e-007	-0.000625
-8.44894e-007	0.00125
-8.44394e-007	0
-8.43894e-007	-0.000625
-8.43394e-007	-0.000625
-8.42894e-007	0.00125
-8.42394e-007	0.000625
-8.41894e-007	0
-8.41394e-007	0.0025
-8.40894e-007	0.001875
-8.40394e-007	0.000625
-8.39894e-007	0
-8.39394e-007	-0.000625
-8.38894e-007	-0.00125
-8.38394e-007	0
-8.37894e-007	-0.000625
-8.37394e-007	-0.00125
-8.36894e-007	-0.00125
-8.36394e-007	-0.000625
-8.35894e-007	-0.000625
-8.35394e-007	0
-8.34894e-007	0
-8.34394e-007	0
-8.33894e-007	-0.00125
-8.33394e-007	0
-8.32894e-007	0
-8.32394e-007	-0.000625
-8.31894e-007	0.00125
-8.31394e-007	0.000625
-8.30894e-007	0
-8.30394e-007	-0.00125
-8.29894e-007	-0.00125
-8.29394e-007	0.000625
-8.28894e-007	0.000625
-8.28394e-007	-0.000625
-8.27894e-007	-0.000625
-8.27394e-007	-0.000625
-8.26894e-007	0
-8.26394e-007	-0.000625
-8.25894e-007	0
-8.25394e-007	0
-8.24894e-007	-0.000625
-8.24394e-007	-0.000625
-8.23894e-007	-0.000625
-8.23394e-007	0.000625
-8.22894e-007	-0.000625
-8.22394e-007	-0.000625
-8.21894e-007	0
-8.21394e-007	0
-8.20894e-007	0.00125
-8.20394e-007	0
-8.19894e-007	-0.00125
-8.19394e-007	-0.000625
-8.18894e-007	0
-8.18394e-007	0.000625
-8.17894e-007	-0.000625
-8.17394e-007	-0.000625
-8.16894e-007	0
-8.16394e-007	0
-8.15894e-007	-0.00125
-8.15394e-007	-0.000625
-8.14894e-007	-0.00125
-8.14394e-007	-0.000625
-8.13894e-007	0.000625
-8.13394e-007	-0.000625
-8.12894e-007	-0.00125
-8.12394e-007	-0.000625
-8.11894e-007	-0.000625
-8.11394e-007	0.001875
-8.10894e-007	0.00125
-8.10394e-007	-0.000625
-8.09894e-007	0.000625
-8.09394e-007	0.000625
-8.08894e-007	0.000625
-8.08394e-007	-0.000625
-8.07894e-007	-0.00125
-8.07394e-007	-0.000625
-8.06894e-007	0.000625
-8.06394e-007	0.000625
-8.05894e-007	0.000625
-8.05394e-007	0
-8.04894e-007	0.000625
-8.04394e-007	-0.000625
-8.03894e-007	-0.000625
-8.03394e-007	0
-8.02894e-007	-0.000625
-8.02394e-007	0
-8.01894e-007	-0.001875
-8.01394e-007	-0.00125
-8.00894e-007	0
-8.00394e-007	-0.000625
-7.99894e-007	0
-7.99394e-007	-0.000625
-7.98894e-007	-0.00125
-7.98394e-007	-0.00125
-7.97894e-007	-0.000625
-7.97394e-007	0.00125
-7.96894e-007	0.000625
-7.96394e-007	-0.000625
-7.95894e-007	0
-7.95394e-007	0
-7.94894e-007	-0.000625
-7.94394e-007	0.000625
-7.93894e-007	-0.00125
-7.93394e-007	0.000625
-7.92894e-007	-0.000625
-7.92394e-007	-0.001875
-7.91894e-007	-0.000625
-7.91394e-007	-0.000625
-7.90894e-007	-0.000625
-7.90394e-007	-0.000625
-7.89894e-007	-0.001875
-7.89394e-007	0
-7.88894e-007	0
-7.88394e-007	0
-7.87894e-007	0.000625
-7.87394e-007	-0.000625
-7.86894e-007	0
-7.86394e-007	0.00125
-7.85894e-007	0
-7.85394e-007	0.000625
-7.84894e-007	0.000625
-7.84394e-007	0
-7.83894e-007	0.000625
-7.83394e-007	-0.000625
-7.82894e-007	-0.000625
-7.82394e-007	-0.00125
-7.81894e-007	-0.000625
-7.81394e-007	-0.000625
-7.80894e-007	-0.000625
-7.80394e-007	0.000625
-7.79894e-007	-0.000625
-7.79394e-007	0
-7.78894e-007	0.000625
-7.78394e-007	-0.000625
-7.77894e-007	0
-7.77394e-007	0
-7.76894e-007	0.00125
-7.76394e-007	0
-7.75894e-007	0
-7.75394e-007	0.00125
-7.74894e-007	-0.000625
-7.74394e-007	-0.00125
-7.73894e-007	-0.00125
-7.73394e-007	0.00125
-7.72894e-007	0.00125
-7.72394e-007	0
-7.71894e-007	-0.000625
-7.71394e-007	-0.000625
-7.70894e-007	-0.000625
-7.70394e-007	0
-7.69894e-007	-0.00125
-7.69394e-007	0
-7.68894e-007	-0.000625
-7.68394e-007	0
-7.67894e-007	-0.000625
-7.67394e-007	0.000625
-7.66894e-007	0.001875
-7.66394e-007	0.000625
-7.65894e-007	-0.000625
-7.65394e-007	0.000625
-7.64894e-007	0.000625
-7.64394e-007	0.000625
-7.63894e-007	0
-7.63394e-007	-0.000625
-7.62894e-007	0
-7.62394e-007	0
-7.61894e-007	0.000625
-7.61394e-007	-0.000625
-7.60894e-007	0
-7.60394e-007	-0.000625
-7.59894e-007	-0.00125
-7.59394e-007	-0.00125
-7.58894e-007	-0.000625
-7.58394e-007	0.00125
-7.57894e-007	0.000625
-7.57394e-007	-0.00125
-7.56894e-007	-0.000625
-7.56394e-007	0.00125
-7.55894e-007	0
-7.55394e-007	-0.001875
-7.54894e-007	0
-7.54394e-007	0
-7.53894e-007	-0.000625
-7.53394e-007	0
-7.52894e-007	-0.000625
-7.52394e-007	0
-7.51894e-007	0
-7.51394e-007	-0.000625
-7.50894e-007	0.000625
-7.50394e-007	-0.000625
-7.49894e-007	-0.00125
-7.49394e-007	0
-7.48894e-007	0.00125
-7.48394e-007	0.00125
-7.47894e-007	-0.00125
-7.47394e-007	-0.000625
-7.46894e-007	-0.000625
-7.46394e-007	0.000625
-7.45894e-007	-0.000625
-7.45394e-007	0
-7.44894e-007	-0.000625
-7.44394e-007	-0.000625
-7.43894e-007	-0.000625
-7.43394e-007	-0.000625
-7.42894e-007	-0.000625
-7.42394e-007	0
-7.41894e-007	-0.00125
-7.41394e-007	0
-7.40894e-007	0.001875
-7.40394e-007	0.001875
-7.39894e-007	0.000625
-7.39394e-007	-0.00125
-7.38894e-007	0.00125
-7.38394e-007	0.001875
-7.37894e-007	0.000625
-7.37394e-007	0.000625
-7.36894e-007	-0.000625
-7.36394e-007	-0.00125
-7.35894e-007	0.000625
-7.35394e-007	0.000625
-7.34894e-007	0
-7.34394e-007	0
-7.33894e-007	0
-7.33394e-007	-0.000625
-7.32894e-007	-0.00125
-7.32394e-007	-0.00125
-7.31894e-007	0
-7.31394e-007	-0.000625
-7.30894e-007	-0.000625
-7.30394e-007	0.000625
-7.29894e-007	0.000625
-7.29394e-007	0.00125
-7.28894e-007	0.00125
-7.28394e-007	0.000625
-7.27894e-007	0.000625
-7.27394e-007	0.001875
-7.26894e-007	0.000625
-7.26394e-007	-0.000625
-7.25894e-007	0
-7.25394e-007	-0.000625
-7.24894e-007	0
-7.24394e-007	-0.000625
-7.23894e-007	-0.00125
-7.23394e-007	-0.000625
-7.22894e-007	-0.000625
-7.22394e-007	0.000625
-7.21894e-007	-0.000625
-7.21394e-007	-0.000625
-7.20894e-007	0
-7.20394e-007	-0.000625
-7.19894e-007	0.00125
-7.19394e-007	0.0025
-7.18894e-007	0.000625
-7.18394e-007	0.000625
-7.17894e-007	0.00125
-7.17394e-007	0.00125
-7.16894e-007	0.000625
-7.16394e-007	0
-7.15894e-007	0
-7.15394e-007	-0.00125
-7.14894e-007	0
-7.14394e-007	0
-7.13894e-007	-0.000625
-7.13394e-007	-0.00125
-7.12894e-007	-0.000625
-7.12394e-007	-0.00125
-7.11894e-007	-0.001875
-7.11394e-007	0.000625
-7.10894e-007	0.00125
-7.10394e-007	0
-7.09894e-007	-0.000625
-7.09394e-007	0.00125
-7.08894e-007	0
-7.08394e-007	0
-7.07894e-007	0
-7.07394e-007	-0.000625
-7.06894e-007	0.000625
-7.06394e-007	0.001875
-7.05894e-007	0.000625
-7.05394e-007	0.000625
-7.04894e-007	0.00125
-7.04394e-007	0
-7.03894e-007	0
-7.03394e-007	0.000625
-7.02894e-007	0.00125
-7.02394e-007	0
-7.01894e-007	-0.00125
-7.01394e-007	-0.001875
-7.00894e-007	-0.00125
-7.00394e-007	-0.000625
-6.99894e-007	-0.000625
-6.99394e-007	-0.000625
-6.98894e-007	-0.000625
-6.98394e-007	0
-6.97894e-007	0.00125
-6.97394e-007	0.000625
-6.96894e-007	0
-6.96394e-007	-0.000625
-6.95894e-007	0.001875
-6.95394e-007	0
-6.94894e-007	0.000625
-6.94394e-007	0.00125
-6.93894e-007	0.000625
-6.93394e-007	0.000625
-6.92894e-007	0.000625
-6.92394e-007	-0.000625
-6.91894e-007	0.00125
-6.91394e-007	0.000625
-6.90894e-007	0
-6.90394e-007	-0.000625
-6.89894e-007	-0.001875
-6.89394e-007	-0.000625
-6.88894e-007	0
-6.88394e-007	-0.00125
-6.87894e-007	-0.001875
-6.87394e-007	-0.000625
-6.86894e-007	0
-6.86394e-007	0
-6.85894e-007	0.000625
-6.85394e-007	0.00125
-6.84894e-007	0.00125
-6.84394e-007	0.00125
-6.83894e-007	0.00125
-6.83394e-007	0.00125
-6.82894e-007	0.00125
-6.82394e-007	-0.00125
-6.81894e-007	-0.000625
-6.81394e-007	0.000625
-6.80894e-007	0.000625
-6.80394e-007	-0.000625
-6.79894e-007	-0.00125
-6.79394e-007	-0.000625
-6.78894e-007	0
-6.78394e-007	-0.000625
-6.77894e-007	-0.001875
-6.77394e-007	-0.00125
-6.76894e-007	0.000625
-6.76394e-007	0.000625
-6.75894e-007	0
-6.75394e-007	0
-6.74894e-007	-0.00125
-6.74394e-007	0.000625
-6.73894e-007	0.00125
-6.73394e-007	0.000625
-6.72894e-007	0.00125
-6.72394e-007	0
-6.71894e-007	0.000625
-6.71394e-007	0.001875
-6.70894e-007	0.00125
-6.70394e-007	-0.000625
-6.69894e-007	-0.001875
-6.69394e-007	-0.000625
-6.68894e-007	-0.000625
-6.68394e-007	0
-6.67894e-007	-0.000625
-6.67394e-007	-0.00125
-6.66894e-007	-0.001875
-6.66394e-007	-0.001875
-6.65894e-007	0
-6.65394e-007	0.000625
-6.64894e-007	0.000625
-6.64394e-007	0.000625
-6.63894e-007	0.000625
-6.63394e-007	0.00125
-6.62894e-007	0.00125
-6.62394e-007	0.000625
-6.61894e-007	0.0025
-6.61394e-007	0.001875
-6.60894e-007	-0.000625
-6.60394e-007	-0.00125
-6.59894e-007	0
-6.59394e-007	-0.00125
-6.58894e-007	0.000625
-6.58394e-007	-0.000625
-6.57894e-007	-0.00125
-6.57394e-007	-0.001875
-6.56894e-007	-0.00125
-6.56394e-007	-0.00125
-6.55894e-007	0
-6.55394e-007	0.000625
-6.54894e-007	-0.000625
-6.54394e-007	0.000625
-6.53894e-007	0.000625
-6.53394e-007	-0.000625
-6.52894e-007	0
-6.52394e-007	-0.000625
-6.51894e-007	-0.00125
-6.51394e-007	0.000625
-6.50894e-007	0.00125
-6.50394e-007	0
-6.49894e-007	0
-6.49394e-007	0
-6.48894e-007	-0.00125
-6.48394e-007	-0.000625
-6.47894e-007	0.000625
-6.47394e-007	0
-6.46894e-007	0.000625
-6.46394e-007	-0.000625
-6.45894e-007	-0.0025
-6.45394e-007	-0.00125
-6.44894e-007	0.000625
-6.44394e-007	-0.00125
-6.43894e-007	-0.001875
-6.43394e-007	0.000625
-6.42894e-007	0.000625
-6.42394e-007	-0.00125
-6.41894e-007	-0.001875
-6.41394e-007	0
-6.40894e-007	0.000625
-6.40394e-007	0
-6.39894e-007	-0.000625
-6.39394e-007	0.000625
-6.38894e-007	0.00125
-6.38394e-007	0.000625
-6.37894e-007	-0.000625
-6.37394e-007	-0.00125
-6.36894e-007	0.000625
-6.36394e-007	0
-6.35894e-007	-0.000625
-6.35394e-007	-0.000625
-6.34894e-007	0
-6.34394e-007	0
-6.33894e-007	0
-6.33394e-007	-0.000625
-6.32894e-007	-0.000625
-6.32394e-007	-0.00125
-6.31894e-007	-0.00125
-6.31394e-007	-0.000625
-6.30894e-007	0.000625
-6.30394e-007	0.000625
-6.29894e-007	-0.000625
-6.29394e-007	0
-6.28894e-007	0.000625
-6.28394e-007	0.00125
-6.27894e-007	-0.000625
-6.27394e-007	-0.000625
-6.26894e-007	0
-6.26394e-007	0
-6.25894e-007	0.000625
-6.25394e-007	0.00125
-6.24894e-007	0.000625
-6.24394e-007	0
-6.23894e-007	0
-6.23394e-007	0
-6.22894e-007	0
-6.22394e-007	0.000625
-6.21894e-007	-0.00125
-6.21394e-007	-0.000625
-6.20894e-007	0.00125
-6.20394e-007	0.000625
-6.19894e-007	-0.00125
-6.19394e-007	-0.000625
-6.18894e-007	-0.000625
-6.18394e-007	-0.000625
-6.17894e-007	0.000625
-6.17394e-007	0.000625
-6.16894e-007	0.000625
-6.16394e-007	0.000625
-6.15894e-007	0.000625
-6.15394e-007	0.000625
-6.14894e-007	0.00125
-6.14394e-007	0.00125
-6.13894e-007	0.000625
-6.13394e-007	0
-6.12894e-007	0
-6.12394e-007	-0.000625
-6.11894e-007	-0.00125
-6.11394e-007	-0.000625
-6.10894e-007	0
-6.10394e-007	-0.00125
-6.09894e-007	0
-6.09394e-007	0
-6.08894e-007	-0.00125
-6.08394e-007	-0.001875
-6.07894e-007	-0.000625
-6.07394e-007	0.00125
-6.06894e-007	0
-6.06394e-007	-0.000625
-6.05894e-007	0
-6.05394e-007	0.000625
-6.04894e-007	0.00125
-6.04394e-007	0.000625
-6.03894e-007	-0.000625
-6.03394e-007	0
-6.02894e-007	0
-6.02394e-007	-0.00125
-6.01894e-007	-0.001875
-6.01394e-007	-0.00125
-6.00894e-007	-0.001875
-6.00394e-007	-0.00125
-5.99894e-007	0.000625
-5.99394e-007	-0.000625
-5.98894e-007	-0.00125
-5.98394e-007	-0.000625
-5.97894e-007	-0.00125
-5.97394e-007	-0.000625
-5.96894e-007	0
-5.96394e-007	-0.00125
-5.95894e-007	-0.000625
-5.95394e-007	0.000625
-5.94894e-007	0.000625
-5.94394e-007	0.000625
-5.93894e-007	0.001875
-5.93394e-007	0
-5.92894e-007	-0.000625
-5.92394e-007	0
-5.91894e-007	0
-5.91394e-007	0.000625
-5.90894e-007	0.000625
-5.90394e-007	-0.000625
-5.89894e-007	-0.000625
-5.89394e-007	-0.001875
-5.88894e-007	-0.001875
-5.88394e-007	-0.00125
-5.87894e-007	-0.00125
-5.87394e-007	-0.00125
-5.86894e-007	0
-5.86394e-007	0
-5.85894e-007	-0.001875
-5.85394e-007	-0.000625
-5.84894e-007	0.000625
-5.84394e-007	0
-5.83894e-007	-0.00125
-5.83394e-007	-0.00125
-5.82894e-007	0
-5.82394e-007	0.00125
-5.81894e-007	0.000625
-5.81394e-007	0.000625
-5.80894e-007	0.000625
-5.80394e-007	-0.000625
-5.79894e-007	-0.000625
-5.79394e-007	0
-5.78894e-007	-0.000625
-5.78394e-007	-0.001875
-5.77894e-007	-0.0025
-5.77394e-007	-0.000625
-5.76894e-007	0
-5.76394e-007	0
-5.75894e-007	-0.000625
-5.75394e-007	0.000625
-5.74894e-007	-0.000625
-5.74394e-007	0
-5.73894e-007	0
-5.73394e-007	0.000625
-5.72894e-007	0.001875
-5.72394e-007	0.001875
-5.71894e-007	0.00125
-5.71394e-007	0
-5.70894e-007	0.000625
-5.70394e-007	0.00125
-5.69894e-007	0.000625
-5.69394e-007	-0.000625
-5.68894e-007	-0.00125
-5.68394e-007	-0.000625
-5.67894e-007	-0.000625
-5.67394e-007	0
-5.66894e-007	-0.000625
-5.66394e-007	-0.00125
-5.65894e-007	-0.000625
-5.65394e-007	-0.000625
-5.64894e-007	-0.000625
-5.64394e-007	-0.000625
-5.63894e-007	-0.000625
-5.63394e-007	0.000625
-5.62894e-007	0.000625
-5.62394e-007	0.00125
-5.61894e-007	0.001875
-5.61394e-007	0.000625
-5.60894e-007	0.00125
-5.60394e-007	0.000625
-5.59894e-007	-0.000625
-5.59394e-007	-0.000625
-5.58894e-007	0
-5.58394e-007	0.000625
-5.57894e-007	0
-5.57394e-007	0.000625
-5.56894e-007	-0.000625
-5.56394e-007	-0.00125
-5.55894e-007	-0.001875
-5.55394e-007	-0.00125
-5.54894e-007	-0.00125
-5.54394e-007	-0.00125
-5.53894e-007	-0.00125
-5.53394e-007	0
-5.52894e-007	0.00125
-5.52394e-007	0.00125
-5.51894e-007	0
-5.51394e-007	0
-5.50894e-007	0.00125
-5.50394e-007	0.000625
-5.49894e-007	0.00125
-5.49394e-007	0.00125
-5.48894e-007	0.000625
-5.48394e-007	-0.00125
-5.47894e-007	-0.00125
-5.47394e-007	0
-5.46894e-007	-0.00125
-5.46394e-007	-0.001875
-5.45894e-007	-0.00125
-5.45394e-007	-0.000625
-5.44894e-007	0.000625
-5.44394e-007	0
-5.43894e-007	-0.001875
-5.43394e-007	-0.001875
-5.42894e-007	-0.00125
-5.42394e-007	-0.000625
-5.41894e-007	0.000625
-5.41394e-007	0
-5.40894e-007	0
-5.40394e-007	0
-5.39894e-007	0.001875
-5.39394e-007	0.00125
-5.38894e-007	-0.00125
-5.38394e-007	-0.00125
-5.37894e-007	-0.00125
-5.37394e-007	0.000625
-5.36894e-007	0
-5.36394e-007	-0.000625
-5.35894e-007	-0.000625
-5.35394e-007	0
-5.34894e-007	-0.000625
-5.34394e-007	-0.00125
-5.33894e-007	-0.001875
-5.33394e-007	-0.000625
-5.32894e-007	-0.000625
-5.32394e-007	-0.00125
-5.31894e-007	-0.00125
-5.31394e-007	-0.001875
-5.30894e-007	0
-5.30394e-007	0.00125
-5.29894e-007	0.000625
-5.29394e-007	0.001875
-5.28894e-007	0.000625
-5.28394e-007	-0.00125
-5.27894e-007	0
-5.27394e-007	0
-5.26894e-007	-0.001875
-5.26394e-007	-0.001875
-5.25894e-007	-0.000625
-5.25394e-007	0
-5.24894e-007	0.000625
-5.24394e-007	0.000625
-5.23894e-007	-0.001875
-5.23394e-007	-0.001875
-5.22894e-007	-0.000625
-5.22394e-007	-0.001875
-5.21894e-007	-0.001875
-5.21394e-007	-0.00125
-5.20894e-007	-0.000625
-5.20394e-007	0
-5.19894e-007	0
-5.19394e-007	0.000625
-5.18894e-007	0
-5.18394e-007	-0.000625
-5.17894e-007	-0.000625
-5.17394e-007	0.00125
-5.16894e-007	0.003125
-5.16394e-007	0.000625
-5.15894e-007	-0.000625
-5.15394e-007	0.000625
-5.14894e-007	0.00125
-5.14394e-007	0.000625
-5.13894e-007	-0.000625
-5.13394e-007	-0.001875
-5.12894e-007	-0.000625
-5.12394e-007	-0.000625
-5.11894e-007	-0.001875
-5.11394e-007	-0.000625
-5.10894e-007	0.00125
-5.10394e-007	0.000625
-5.09894e-007	0
-5.09394e-007	0
-5.08894e-007	0
-5.08394e-007	0.001875
-5.07894e-007	0.000625
-5.07394e-007	-0.000625
-5.06894e-007	0.000625
-5.06394e-007	0.000625
-5.05894e-007	0.00125
-5.05394e-007	0
-5.04894e-007	0
-5.04394e-007	0.000625
-5.03894e-007	0.00125
-5.03394e-007	-0.000625
-5.02894e-007	-0.000625
-5.02394e-007	-0.000625
-5.01894e-007	0.000625
-5.01394e-007	-0.000625
-5.00894e-007	-0.000625
-5.00394e-007	0
-4.99894e-007	0
-4.99394e-007	-0.000625
-4.98894e-007	-0.000625
-4.98394e-007	0.00125
-4.97894e-007	-0.000625
-4.97394e-007	0.000625
-4.96894e-007	0.00125
-4.96394e-007	0
-4.95894e-007	0
-4.95394e-007	-0.000625
-4.94894e-007	-0.000625
-4.94394e-007	0.000625
-4.93894e-007	0
-4.93394e-007	-0.000625
-4.92894e-007	-0.00125
-4.92394e-007	-0.00125
-4.91894e-007	0.000625
-4.91394e-007	-0.000625
-4.90894e-007	-0.001875
-4.90394e-007	-0.000625
-4.89894e-007	-0.00125
-4.89394e-007	0
-4.88894e-007	0
-4.88394e-007	-0.00125
-4.87894e-007	-0.00125
-4.87394e-007	-0.000625
-4.86894e-007	0
-4.86394e-007	0.000625
-4.85894e-007	0
-4.85394e-007	0.000625
-4.84894e-007	0.00125
-4.84394e-007	0.000625
-4.83894e-007	0.000625
-4.83394e-007	0.000625
-4.82894e-007	0
-4.82394e-007	0.000625
-4.81894e-007	-0.000625
-4.81394e-007	-0.000625
-4.80894e-007	-0.000625
-4.80394e-007	-0.001875
-4.79894e-007	-0.00125
-4.79394e-007	0.000625
-4.78894e-007	0.000625
-4.78394e-007	0.000625
-4.77894e-007	0.000625
-4.77394e-007	-0.000625
-4.76894e-007	-0.00125
-4.76394e-007	0
-4.75894e-007	0.000625
-4.75394e-007	0.000625
-4.74894e-007	-0.000625
-4.74394e-007	-0.000625
-4.73894e-007	0.000625
-4.73394e-007	0.000625
-4.72894e-007	0
-4.72394e-007	-0.000625
-4.71894e-007	0.00125
-4.71394e-007	0.0025
-4.70894e-007	0.00125
-4.70394e-007	0.00125
-4.69894e-007	0
-4.69394e-007	-0.00125
-4.68894e-007	-0.000625
-4.68394e-007	-0.00125
-4.67894e-007	-0.001875
-4.67394e-007	-0.000625
-4.66894e-007	0.000625
-4.66394e-007	0
-4.65894e-007	-0.000625
-4.65394e-007	-0.000625
-4.64894e-007	0.000625
-4.64394e-007	0
-4.63894e-007	-0.000625
-4.63394e-007	0
-4.62894e-007	0.000625
-4.62394e-007	0.000625
-4.61894e-007	0.000625
-4.61394e-007	-0.000625
-4.60894e-007	0.000625
-4.60394e-007	0.000625
-4.59894e-007	-0.000625
-4.59394e-007	0
-4.58894e-007	-0.000625
-4.58394e-007	0
-4.57894e-007	0
-4.57394e-007	0.000625
-4.56894e-007	0
-4.56394e-007	-0.000625
-4.55894e-007	0
-4.55394e-007	-0.000625
-4.54894e-007	-0.000625
-4.54394e-007	-0.000625
-4.53894e-007	-0.000625
-4.53394e-007	0
-4.52894e-007	0.000625
-4.52394e-007	0.000625
-4.51894e-007	0.000625
-4.51394e-007	0.000625
-4.50894e-007	0.001875
-4.50394e-007	-0.000625
-4.49894e-007	0
-4.49394e-007	0.000625
-4.48894e-007	-0.000625
-4.48394e-007	-0.001875
-4.47894e-007	0.000625
-4.47394e-007	0.00125
-4.46894e-007	-0.000625
-4.46394e-007	-0.000625
-4.45894e-007	-0.00125
-4.45394e-007	0
-4.44894e-007	0.000625
-4.44394e-007	0
-4.43894e-007	-0.00125
-4.43394e-007	-0.000625
-4.42894e-007	0.000625
-4.42394e-007	0
-4.41894e-007	0.000625
-4.41394e-007	0.000625
-4.40894e-007	0.000625
-4.40394e-007	0
-4.39894e-007	0
-4.39394e-007	0
-4.38894e-007	-0.000625
-4.38394e-007	0
-4.37894e-007	-0.000625
-4.37394e-007	-0.000625
-4.36894e-007	0.000625
-4.36394e-007	-0.001875
-4.35894e-007	-0.001875
-4.35394e-007	-0.000625
-4.34894e-007	-0.000625
-4.34394e-007	-0.000625
-4.33894e-007	-0.00125
-4.33394e-007	0.000625
-4.32894e-007	0.0025
-4.32394e-007	0
-4.31894e-007	0.00125
-4.31394e-007	0.000625
-4.30894e-007	0.000625
-4.30394e-007	0
-4.29894e-007	0
-4.29394e-007	0
-4.28894e-007	-0.000625
-4.28394e-007	0.00125
-4.27894e-007	0.000625
-4.27394e-007	-0.000625
-4.26894e-007	-0.000625
-4.26394e-007	-0.000625
-4.25894e-007	0
-4.25394e-007	-0.00125
-4.24894e-007	0.000625
-4.24394e-007	0.000625
-4.23894e-007	-0.00125
-4.23394e-007	-0.00125
-4.22894e-007	-0.000625
-4.22394e-007	0
-4.21894e-007	-0.000625
-4.21394e-007	0.000625
-4.20894e-007	0.00125
-4.20394e-007	0.000625
-4.19894e-007	0.00125
-4.19394e-007	0.001875
-4.18894e-007	0.000625
-4.18394e-007	-0.00125
-4.17894e-007	-0.000625
-4.17394e-007	-0.000625
-4.16894e-007	-0.000625
-4.16394e-007	-0.00125
-4.15894e-007	-0.000625
-4.15394e-007	-0.000625
-4.14894e-007	-0.000625
-4.14394e-007	-0.000625
-4.13894e-007	-0.00125
-4.13394e-007	-0.000625
-4.12894e-007	0.000625
-4.12394e-007	0.000625
-4.11894e-007	0.00125
-4.11394e-007	0.000625
-4.10894e-007	-0.000625
-4.10394e-007	0
-4.09894e-007	0
-4.09394e-007	0.000625
-4.08894e-007	-0.000625
-4.08394e-007	-0.000625
-4.07894e-007	0.00125
-4.07394e-007	0.000625
-4.06894e-007	0.000625
-4.06394e-007	0.000625
-4.05894e-007	0.000625
-4.05394e-007	0.000625
-4.04894e-007	-0.00125
-4.04394e-007	-0.000625
-4.03894e-007	0
-4.03394e-007	-0.001875
-4.02894e-007	-0.00125
-4.02394e-007	0
-4.01894e-007	0.000625
-4.01394e-007	0.000625
-4.00894e-007	0.00125
-4.00394e-007	-0.000625
-3.99894e-007	0
-3.99394e-007	0
-3.98894e-007	0
-3.98394e-007	0
-3.97894e-007	0.00125
-3.97394e-007	0.000625
-3.96894e-007	0.000625
-3.96394e-007	-0.000625
-3.95894e-007	-0.000625
-3.95394e-007	0
-3.94894e-007	-0.000625
-3.94394e-007	-0.00125
-3.93894e-007	-0.000625
-3.93394e-007	0.00125
-3.92894e-007	0
-3.92394e-007	-0.00125
-3.91894e-007	0.000625
-3.91394e-007	-0.00125
-3.90894e-007	-0.000625
-3.90394e-007	0.000625
-3.89894e-007	0.000625
-3.89394e-007	0.000625
-3.88894e-007	0.000625
-3.88394e-007	0
-3.87894e-007	0.000625
-3.87394e-007	0.00125
-3.86894e-007	0.000625
-3.86394e-007	0
-3.85894e-007	0
-3.85394e-007	0.000625
-3.84894e-007	0
-3.84394e-007	0.000625
-3.83894e-007	-0.00125
-3.83394e-007	-0.00125
-3.82894e-007	0.000625
-3.82394e-007	-0.000625
-3.81894e-007	-0.001875
-3.81394e-007	-0.001875
-3.80894e-007	-0.001875
-3.80394e-007	-0.000625
-3.79894e-007	0
-3.79394e-007	0.000625
-3.78894e-007	0.000625
-3.78394e-007	-0.000625
-3.77894e-007	0
-3.77394e-007	0.00125
-3.76894e-007	0.001875
-3.76394e-007	0
-3.75894e-007	-0.000625
-3.75394e-007	0
-3.74894e-007	0
-3.74394e-007	0.000625
-3.73894e-007	0.000625
-3.73394e-007	-0.000625
-3.72894e-007	-0.000625
-3.72394e-007	-0.000625
-3.71894e-007	-0.001875
-3.71394e-007	-0.001875
-3.70894e-007	-0.00125
-3.70394e-007	-0.001875
-3.69894e-007	-0.00125
-3.69394e-007	0.000625
-3.68894e-007	0.00125
-3.68394e-007	0.000625
-3.67894e-007	0
-3.67394e-007	0
-3.66894e-007	0.000625
-3.66394e-007	0.000625
-3.65894e-007	0.000625
-3.65394e-007	-0.000625
-3.64894e-007	0
-3.64394e-007	0.00125
-3.63894e-007	-0.00125
-3.63394e-007	-0.00125
-3.62894e-007	-0.00125
-3.62394e-007	-0.000625
-3.61894e-007	-0.00125
-3.61394e-007	-0.00125
-3.60894e-007	-0.00125
-3.60394e-007	-0.000625
-3.59894e-007	-0.000625
-3.59394e-007	0
-3.58894e-007	-0.000625
-3.58394e-007	-0.001875
-3.57894e-007	0
-3.57394e-007	0.00125
-3.56894e-007	-0.000625
-3.56394e-007	-0.00125
-3.55894e-007	0
-3.55394e-007	0.00125
-3.54894e-007	0.00125
-3.54394e-007	0.00125
-3.53894e-007	0.000625
-3.53394e-007	0
-3.52894e-007	-0.000625
-3.52394e-007	-0.000625
-3.51894e-007	-0.00125
-3.51394e-007	0.00125
-3.50894e-007	-0.000625
-3.50394e-007	-0.0025
-3.49894e-007	-0.00125
-3.49394e-007	-0.000625
-3.48894e-007	0
-3.48394e-007	-0.000625
-3.47894e-007	-0.001875
-3.47394e-007	-0.00125
-3.46894e-007	0.000625
-3.46394e-007	0.000625
-3.45894e-007	0
-3.45394e-007	0
-3.44894e-007	-0.000625
-3.44394e-007	0
-3.43894e-007	0.000625
-3.43394e-007	0.000625
-3.42894e-007	0.00125
-3.42394e-007	0.00125
-3.41894e-007	0
-3.41394e-007	0.00125
-3.40894e-007	0
-3.40394e-007	-0.001875
-3.39894e-007	-0.0025
-3.39394e-007	-0.00125
-3.38894e-007	-0.00125
-3.38394e-007	-0.001875
-3.37894e-007	-0.000625
-3.37394e-007	-0.000625
-3.36894e-007	-0.00125
-3.36394e-007	-0.00125
-3.35894e-007	-0.000625
-3.35394e-007	0.000625
-3.34894e-007	0
-3.34394e-007	0.00125
-3.33894e-007	0.00125
-3.33394e-007	-0.000625
-3.32894e-007	0.000625
-3.32394e-007	0.000625
-3.31894e-007	0.00125
-3.31394e-007	0.000625
-3.30894e-007	-0.00125
-3.30394e-007	0.00125
-3.29894e-007	0.000625
-3.29394e-007	-0.001875
-3.28894e-007	0.000625
-3.28394e-007	0
-3.27894e-007	-0.001875
-3.27394e-007	-0.001875
-3.26894e-007	-0.000625
-3.26394e-007	-0.00125
-3.25894e-007	-0.001875
-3.25394e-007	-0.000625
-3.24894e-007	-0.000625
-3.24394e-007	-0.001875
-3.23894e-007	-0.000625
-3.23394e-007	0.00125
-3.22894e-007	0.000625
-3.22394e-007	0
-3.21894e-007	-0.000625
-3.21394e-007	-0.00125
-3.20894e-007	-0.00125
-3.20394e-007	0
-3.19894e-007	0
-3.19394e-007	0
-3.18894e-007	-0.000625
-3.18394e-007	-0.000625
-3.17894e-007	-0.000625
-3.17394e-007	-0.00125
-3.16894e-007	-0.001875
-3.16394e-007	-0.00125
-3.15894e-007	-0.000625
-3.15394e-007	-0.000625
-3.14894e-007	-0.001875
-3.14394e-007	-0.0025
-3.13894e-007	0
-3.13394e-007	0.00125
-3.12894e-007	0
-3.12394e-007	-0.00125
-3.11894e-007	0
-3.11394e-007	0.000625
-3.10894e-007	-0.000625
-3.10394e-007	0
-3.09894e-007	0.001875
-3.09394e-007	0.000625
-3.08894e-007	-0.000625
-3.08394e-007	-0.00125
-3.07894e-007	-0.00125
-3.07394e-007	-0.000625
-3.06894e-007	-0.00125
-3.06394e-007	-0.000625
-3.05894e-007	0
-3.05394e-007	0.00125
-3.04894e-007	-0.00125
-3.04394e-007	-0.001875
-3.03894e-007	-0.0025
-3.03394e-007	-0.0025
-3.02894e-007	-0.000625
-3.02394e-007	-0.00125
-3.01894e-007	-0.00125
-3.01394e-007	-0.00125
-3.00894e-007	0.000625
-3.00394e-007	0
-2.99894e-007	-0.000625
-2.99394e-007	0
-2.98894e-007	0
-2.98394e-007	0
-2.97894e-007	0
-2.97394e-007	-0.000625
-2.96894e-007	0
-2.96394e-007	-0.000625
-2.95894e-007	0
-2.95394e-007	-0.000625
-2.94894e-007	-0.00125
-2.94394e-007	-0.000625
-2.93894e-007	-0.001875
-2.93394e-007	-0.001875
-2.92894e-007	-0.001875
-2.92394e-007	-0.001875
-2.91894e-007	-0.000625
-2.91394e-007	0
-2.90894e-007	0.000625
-2.90394e-007	-0.000625
-2.89894e-007	-0.00125
-2.89394e-007	0.000625
-2.88894e-007	0.001875
-2.88394e-007	0.001875
-2.87894e-007	0.000625
-2.87394e-007	0.00125
-2.86894e-007	0.000625
-2.86394e-007	0
-2.85894e-007	-0.00125
-2.85394e-007	-0.000625
-2.84894e-007	0.000625
-2.84394e-007	0
-2.83894e-007	-0.001875
-2.83394e-007	-0.0025
-2.82894e-007	-0.001875
-2.82394e-007	-0.00125
-2.81894e-007	-0.000625
-2.81394e-007	-0.001875
-2.80894e-007	-0.001875
-2.80394e-007	-0.001875
-2.79894e-007	0
-2.79394e-007	0
-2.78894e-007	0
-2.78394e-007	0
-2.77894e-007	0.000625
-2.77394e-007	0.00125
-2.76894e-007	0
-2.76394e-007	0.000625
-2.75894e-007	0.001875
-2.75394e-007	0
-2.74894e-007	-0.000625
-2.74394e-007	0
-2.73894e-007	0
-2.73394e-007	-0.0025
-2.72894e-007	-0.003125
-2.72394e-007	-0.000625
-2.71894e-007	-0.000625
-2.71394e-007	-0.001875
-2.70894e-007	-0.00375
-2.70394e-007	-0.0025
-2.69894e-007	0
-2.69394e-007	-0.000625
-2.68894e-007	-0.000625
-2.68394e-007	0
-2.67894e-007	0.000625
-2.67394e-007	0.00125
-2.66894e-007	0.000625
-2.66394e-007	0.00125
-2.65894e-007	0.001875
-2.65394e-007	0.000625
-2.64894e-007	-0.000625
-2.64394e-007	0.000625
-2.63894e-007	0.001875
-2.63394e-007	-0.0025
-2.62894e-007	-0.0025
-2.62394e-007	-0.00125
-2.61894e-007	-0.001875
-2.61394e-007	-0.003125
-2.60894e-007	-0.000625
-2.60394e-007	-0.00125
-2.59894e-007	-0.0025
-2.59394e-007	-0.00125
-2.58894e-007	0.000625
-2.58394e-007	-0.000625
-2.57894e-007	-0.000625
-2.57394e-007	0
-2.56894e-007	0.00125
-2.56394e-007	0.000625
-2.55894e-007	0
-2.55394e-007	0.000625
-2.54894e-007	0.000625
-2.54394e-007	0.00125
-2.53894e-007	0
-2.53394e-007	-0.000625
-2.52894e-007	-0.000625
-2.52394e-007	-0.000625
-2.51894e-007	-0.001875
-2.51394e-007	-0.0025
-2.50894e-007	-0.001875
-2.50394e-007	-0.0025
-2.49894e-007	-0.003125
-2.49394e-007	-0.001875
-2.48894e-007	-0.00125
-2.48394e-007	-0.001875
-2.47894e-007	-0.00125
-2.47394e-007	-0.000625
-2.46894e-007	-0.000625
-2.46394e-007	-0.000625
-2.45894e-007	0.001875
-2.45394e-007	0.00125
-2.44894e-007	0.000625
-2.44394e-007	0
-2.43894e-007	-0.000625
-2.43394e-007	0
-2.42894e-007	-0.000625
-2.42394e-007	0
-2.41894e-007	-0.00125
-2.41394e-007	-0.00125
-2.40894e-007	-0.00125
-2.40394e-007	-0.001875
-2.39894e-007	-0.003125
-2.39394e-007	-0.003125
-2.38894e-007	-0.001875
-2.38394e-007	-0.00125
-2.37894e-007	-0.001875
-2.37394e-007	-0.001875
-2.36894e-007	0
-2.36394e-007	-0.00125
-2.35894e-007	-0.00125
-2.35394e-007	0.000625
-2.34894e-007	0.000625
-2.34394e-007	-0.000625
-2.33894e-007	-0.00125
-2.33394e-007	0.000625
-2.32894e-007	0.000625
-2.32394e-007	-0.00125
-2.31894e-007	0
-2.31394e-007	0
-2.30894e-007	-0.000625
-2.30394e-007	0
-2.29894e-007	-0.00125
-2.29394e-007	-0.00125
-2.28894e-007	-0.000625
-2.28394e-007	-0.001875
-2.27894e-007	-0.0025
-2.27394e-007	-0.000625
-2.26894e-007	-0.000625
-2.26394e-007	-0.00125
-2.25894e-007	-0.00125
-2.25394e-007	-0.000625
-2.24894e-007	0
-2.24394e-007	-0.000625
-2.23894e-007	-0.00125
-2.23394e-007	-0.00125
-2.22894e-007	-0.000625
-2.22394e-007	0
-2.21894e-007	0.000625
-2.21394e-007	-0.000625
-2.20894e-007	-0.001875
-2.20394e-007	0
-2.19894e-007	0.000625
-2.19394e-007	-0.000625
-2.18894e-007	-0.001875
-2.18394e-007	-0.00125
-2.17894e-007	-0.000625
-2.17394e-007	-0.00125
-2.16894e-007	-0.0025
-2.16394e-007	-0.001875
-2.15894e-007	-0.000625
-2.15394e-007	-0.000625
-2.14894e-007	-0.001875
-2.14394e-007	-0.00125
-2.13894e-007	-0.00125
-2.13394e-007	-0.001875
-2.12894e-007	-0.00125
-2.12394e-007	0
-2.11894e-007	-0.000625
-2.11394e-007	0.000625
-2.10894e-007	-0.000625
-2.10394e-007	-0.00125
-2.09894e-007	0.000625
-2.09394e-007	0.001875
-2.08894e-007	-0.000625
-2.08394e-007	-0.00125
-2.07894e-007	-0.00125
-2.07394e-007	0.000625
-2.06894e-007	-0.000625
-2.06394e-007	-0.0025
-2.05894e-007	-0.00125
-2.05394e-007	-0.000625
-2.04894e-007	-0.00125
-2.04394e-007	-0.00125
-2.03894e-007	-0.000625
-2.03394e-007	-0.000625
-2.02894e-007	-0.000625
-2.02394e-007	-0.00125
-2.01894e-007	-0.00125
-2.01394e-007	-0.00125
-2.00894e-007	0
-2.00394e-007	0.001875
-1.99894e-007	0.00125
-1.99394e-007	-0.000625
-1.98894e-007	0.000625
-1.98394e-007	0.000625
-1.97894e-007	-0.001875
-1.97394e-007	-0.00125
-1.96894e-007	-0.00125
-1.96394e-007	-0.00125
-1.95894e-007	-0.001875
-1.95394e-007	-0.001875
-1.94894e-007	-0.001875
-1.94394e-007	-0.001875
-1.93894e-007	-0.001875
-1.93394e-007	-0.00125
-1.92894e-007	-0.00125
-1.92394e-007	-0.00125
-1.91894e-007	0
-1.91394e-007	-0.000625
-1.90894e-007	-0.00125
-1.90394e-007	-0.000625
-1.89894e-007	-0.00125
-1.89394e-007	0.00125
-1.88894e-007	0.00125
-1.88394e-007	-0.000625
-1.87894e-007	-0.00125
-1.87394e-007	-0.00125
-1.86894e-007	-0.00125
-1.86394e-007	-0.00125
-1.85894e-007	0.000625
-1.85394e-007	-0.000625
-1.84894e-007	-0.0025
-1.84394e-007	-0.0025
-1.83894e-007	-0.000625
-1.83394e-007	0
-1.82894e-007	0.000625
-1.82394e-007	-0.00125
-1.81894e-007	-0.001875
-1.81394e-007	-0.00125
-1.80894e-007	0
-1.80394e-007	0.000625
-1.79894e-007	0
-1.79394e-007	-0.000625
-1.78894e-007	-0.00125
-1.78394e-007	-0.00125
-1.77894e-007	-0.000625
-1.77394e-007	-0.000625
-1.76894e-007	0
-1.76394e-007	-0.00125
-1.75894e-007	-0.001875
-1.75394e-007	-0.00125
-1.74894e-007	-0.000625
-1.74394e-007	0
-1.73894e-007	-0.001875
-1.73394e-007	-0.001875
-1.72894e-007	-0.000625
-1.72394e-007	-0.00125
-1.71894e-007	-0.001875
-1.71394e-007	-0.00125
-1.70894e-007	-0.00125
-1.70394e-007	-0.000625
-1.69894e-007	-0.00125
-1.69394e-007	-0.00125
-1.68894e-007	0
-1.68394e-007	-0.000625
-1.67894e-007	-0.00125
-1.67394e-007	-0.000625
-1.66894e-007	0
-1.66394e-007	0.000625
-1.65894e-007	-0.00125
-1.65394e-007	-0.000625
-1.64894e-007	0
-1.64394e-007	-0.000625
-1.63894e-007	0
-1.63394e-007	0.000625
-1.62894e-007	0.000625
-1.62394e-007	-0.00125
-1.61894e-007	-0.00125
-1.61394e-007	0
-1.60894e-007	0
-1.60394e-007	-0.001875
-1.59894e-007	-0.003125
-1.59394e-007	-0.000625
-1.58894e-007	0.000625
-1.58394e-007	0
-1.57894e-007	-0.000625
-1.57394e-007	-0.003125
-1.56894e-007	-0.0025
-1.56394e-007	0.00125
-1.55894e-007	0.000625
-1.55394e-007	-0.00125
-1.54894e-007	-0.001875
-1.54394e-007	0
-1.53894e-007	0.000625
-1.53394e-007	0
-1.52894e-007	0
-1.52394e-007	-0.000625
-1.51894e-007	-0.001875
-1.51394e-007	-0.001875
-1.50894e-007	-0.00125
-1.50394e-007	-0.000625
-1.49894e-007	-0.000625
-1.49394e-007	0
-1.48894e-007	-0.00125
-1.48394e-007	-0.0025
-1.47894e-007	-0.00125
-1.47394e-007	-0.000625
-1.46894e-007	-0.000625
-1.46394e-007	-0.00125
-1.45894e-007	-0.00125
-1.45394e-007	0
-1.44894e-007	0
-1.44394e-007	-0.000625
-1.43894e-007	0
-1.43394e-007	-0.000625
-1.42894e-007	0.000625
-1.42394e-007	0
-1.41894e-007	-0.000625
-1.41394e-007	-0.00125
-1.40894e-007	-0.000625
-1.40394e-007	-0.000625
-1.39894e-007	-0.000625
-1.39394e-007	-0.00125
-1.38894e-007	-0.00125
-1.38394e-007	-0.00125
-1.37894e-007	-0.00125
-1.37394e-007	-0.000625
-1.36894e-007	0.000625
-1.36394e-007	0
-1.35894e-007	0.000625
-1.35394e-007	0.000625
-1.34894e-007	-0.000625
-1.34394e-007	0
-1.33894e-007	-0.000625
-1.33394e-007	-0.000625
-1.32894e-007	0.000625
-1.32394e-007	-0.000625
-1.31894e-007	-0.000625
-1.31394e-007	-0.000625
-1.30894e-007	-0.000625
-1.30394e-007	-0.000625
-1.29894e-007	-0.001875
-1.29394e-007	-0.00125
-1.28894e-007	-0.000625
-1.28394e-007	-0.001875
-1.27894e-007	0
-1.27394e-007	-0.000625
-1.26894e-007	-0.001875
-1.26394e-007	-0.00125
-1.25894e-007	-0.000625
-1.25394e-007	-0.000625
-1.24894e-007	0
-1.24394e-007	-0.000625
-1.23894e-007	-0.000625
-1.23394e-007	0.000625
-1.22894e-007	-0.000625
-1.22394e-007	-0.001875
-1.21894e-007	-0.001875
-1.21394e-007	-0.001875
-1.20894e-007	-0.001875
-1.20394e-007	-0.00125
-1.19894e-007	-0.000625
-1.19394e-007	0.000625
-1.18894e-007	0
-1.18394e-007	-0.00125
-1.17894e-007	-0.00125
-1.17394e-007	-0.000625
-1.16894e-007	0
-1.16394e-007	-0.00125
-1.15894e-007	-0.000625
-1.15394e-007	0
-1.14894e-007	-0.000625
-1.14394e-007	-0.000625
-1.13894e-007	0.000625
-1.13394e-007	-0.000625
-1.12894e-007	0
-1.12394e-007	0
-1.11894e-007	-0.00125
-1.11394e-007	-0.00125
-1.10894e-007	-0.00125
-1.10394e-007	-0.00125
-1.09894e-007	-0.000625
-1.09394e-007	0.000625
-1.08894e-007	0.000625
-1.08394e-007	-0.000625
-1.07894e-007	0
-1.07394e-007	0.000625
-1.06894e-007	-0.00125
-1.06394e-007	-0.001875
-1.05894e-007	-0.000625
-1.05394e-007	0
-1.04894e-007	-0.00125
-1.04394e-007	-0.00125
-1.03894e-007	0
-1.03394e-007	0
-1.02894e-007	-0.000625
-1.02394e-007	-0.000625
-1.01894e-007	-0.001875
-1.01394e-007	-0.000625
-1.00894e-007	-0.000625
-1.00394e-007	-0.000625
-9.9894e-008	-0.000625
-9.9394e-008	-0.000625
-9.8894e-008	-0.000625
-9.8394e-008	0
-9.7894e-008	-0.001875
-9.7394e-008	0
-9.6894e-008	-0.00125
-9.6394e-008	-0.0025
-9.5894e-008	-0.001875
-9.5394e-008	0.00125
-9.4894e-008	0.00125
-9.4394e-008	0
-9.3894e-008	-0.00125
-9.3394e-008	0.000625
-9.2894e-008	-0.000625
-9.2394e-008	-0.00125
-9.1894e-008	-0.000625
-9.1394e-008	0.00125
-9.0894e-008	0.000625
-9.0394e-008	-0.00125
-8.9894e-008	-0.000625
-8.9394e-008	0.000625
-8.8894e-008	0.000625
-8.8394e-008	-0.000625
-8.7894e-008	0.00125
-8.7394e-008	0
-8.6894e-008	-0.00125
-8.6394e-008	-0.000625
-8.5894e-008	-0.0025
-8.5394e-008	-0.001875
-8.4894e-008	-0.000625
-8.4394e-008	-0.001875
-8.3894e-008	-0.001875
-8.3394e-008	0
-8.2894e-008	0
-8.2394e-008	-0.00125
-8.1894e-008	-0.001875
-8.1394e-008	-0.000625
-8.0894e-008	-0.000625
-8.0394e-008	0
-7.9894e-008	0.001875
-7.9394e-008	0.00125
-7.8894e-008	-0.00125
-7.8394e-008	-0.00125
-7.7894e-008	-0.00125
-7.7394e-008	-0.00125
-7.6894e-008	-0.000625
-7.6394e-008	0
-7.5894e-008	-0.000625
-7.5394e-008	-0.00125
-7.4894e-008	-0.001875
-7.4394e-008	-0.000625
-7.3894e-008	0
-7.3394e-008	-0.00125
-7.2894e-008	-0.000625
-7.2394e-008	0.000625
-7.1894e-008	0.000625
-7.1394e-008	0.00125
-7.0894e-008	0
-7.0394e-008	-0.000625
-6.9894e-008	0
-6.9394e-008	-0.001875
-6.8894e-008	-0.00125
-6.8394e-008	-0.000625
-6.7894e-008	-0.001875
-6.7394e-008	-0.000625
-6.6894e-008	-0.000625
-6.6394e-008	-0.000625
-6.5894e-008	-0.00125
-6.5394e-008	-0.000625
-6.4894e-008	-0.001875
-6.4394e-008	-0.001875
-6.3894e-008	-0.001875
-6.3394e-008	-0.00125
-6.2894e-008	-0.00125
-6.2394e-008	-0.000625
-6.1894e-008	-0.000625
-6.1394e-008	0
-6.0894e-008	0.00125
-6.0394e-008	0
-5.9894e-008	-0.00125
-5.9394e-008	-0.001875
-5.8894e-008	-0.000625
-5.8394e-008	0.00125
-5.7894e-008	-0.000625
-5.7394e-008	-0.000625
-5.6894e-008	-0.00125
-5.6394e-008	-0.000625
-5.5894e-008	-0.000625
-5.5394e-008	-0.001875
-5.4894e-008	-0.00125
-5.4394e-008	-0.00125
-5.3894e-008	0
-5.3394e-008	0.00125
-5.2894e-008	-0.000625
-5.2394e-008	-0.00125
-5.1894e-008	-0.001875
-5.1394e-008	-0.00125
-5.0894e-008	0
-5.0394e-008	-0.000625
-4.9894e-008	0.000625
-4.9394e-008	0.00125
-4.8894e-008	0
-4.8394e-008	0.000625
-4.7894e-008	0
-4.7394e-008	0.000625
-4.6894e-008	-0.000625
-4.6394e-008	-0.00125
-4.5894e-008	-0.000625
-4.5394e-008	-0.00125
-4.4894e-008	-0.00125
-4.4394e-008	0
-4.3894e-008	-0.000625
-4.3394e-008	-0.00125
-4.2894e-008	-0.00125
-4.2394e-008	-0.00125
-4.1894e-008	-0.00125
-4.1394e-008	0
-4.0894e-008	0
-4.0394e-008	-0.000625
-3.9894e-008	0.000625
-3.9394e-008	-0.000625
-3.8894e-008	-0.00375
-3.8394e-008	-0.005625
-3.7894e-008	-0.00875
-3.7394e-008	-0.0125
-3.6894e-008	-0.013125
-3.6394e-008	-0.015
-3.5894e-008	-0.018125
-3.5394e-008	-0.01875
-3.4894e-008	-0.0225
-3.4394e-008	-0.0275
-3.3894e-008	-0.02875
-3.3394e-008	-0.028125
-3.2894e-008	-0.029375
-3.2394e-008	-0.03125
-3.1894e-008	-0.034375
-3.1394e-008	-0.03625
-3.0894e-008	-0.035
-3.0394e-008	-0.03625
-2.9894e-008	-0.038125
-2.9394e-008	-0.03875
-2.8894e-008	-0.036875
-2.8394e-008	-0.0375
-2.7894e-008	-0.039375
-2.7394e-008	-0.04
-2.6894e-008	-0.039375
-2.6394e-008	-0.04
-2.5894e-008	-0.04375
-2.5394e-008	-0.044375
-2.4894e-008	-0.0425
-2.4394e-008	-0.04375
-2.3894e-008	-0.045625
-2.3394e-008	-0.044375
-2.2894e-008	-0.04375
-2.2394e-008	-0.041875
-2.1894e-008	-0.041875
-2.1394e-008	-0.04125
-2.0894e-008	-0.0425
-2.0394e-008	-0.04375
-1.9894e-008	-0.043125
-1.9394e-008	-0.0425
-1.8894e-008	-0.04375
-1.8394e-008	-0.040625
-1.7894e-008	-0.04
-1.7394e-008	-0.040625
-1.6894e-008	-0.041875
-1.6394e-008	-0.04375
-1.5894e-008	-0.044375
-1.5394e-008	-0.0425
-1.4894e-008	-0.041875
-1.4394e-008	-0.043125
-1.3894e-008	-0.04375
-1.3394e-008	-0.04375
-1.2894e-008	-0.044375
-1.2394e-008	-0.04375
-1.1894e-008	-0.045
-1.1394e-008	-0.044375
-1.0894e-008	-0.045
-1.0394e-008	-0.046875
-9.894e-009	-0.0475
-9.394e-009	-0.046875
-8.894e-009	-0.046875
-8.394e-009	-0.046875
-7.894e-009	-0.04875
-7.394e-009	-0.04875
-6.894e-009	-0.05
-6.394e-009	-0.05125
-5.894e-009	-0.05125
-5.394e-009	-0.0525
-4.894e-009	-0.0525
-4.394e-009	-0.051875
-3.894e-009	-0.051875
-3.394e-009	-0.0525
-2.894e-009	-0.053125
-2.394e-009	-0.05375
-1.894e-009	-0.055
-1.394e-009	-0.055
-8.94e-010	-0.055
-3.94e-010	-0.054375
1.06e-010	-0.05625
6.06e-010	-0.055625
1.106e-009	-0.055
1.606e-009	-0.055
2.106e-009	-0.05625
2.606e-009	-0.056875
3.106e-009	-0.056875
3.606e-009	-0.055625
4.106e-009	-0.05625
4.606e-009	-0.055625
5.106e-009	-0.055
5.606e-009	-0.056875
6.106e-009	-0.055625
6.606e-009	-0.054375
7.106e-009	-0.055625
7.606e-009	-0.055625
8.106e-009	-0.055
8.606e-009	-0.055
9.106e-009	-0.05625
9.606e-009	-0.055625
1.0106e-008	-0.055
1.0606e-008	-0.05375
1.1106e-008	-0.055625
1.1606e-008	-0.0575
1.2106e-008	-0.056875
1.2606e-008	-0.055
1.3106e-008	-0.05625
1.3606e-008	-0.0575
1.4106e-008	-0.05625
1.4606e-008	-0.054375
1.5106e-008	-0.054375
1.5606e-008	-0.055625
1.6106e-008	-0.055625
1.6606e-008	-0.054375
1.7106e-008	-0.055
1.7606e-008	-0.055
1.8106e-008	-0.055625
1.8606e-008	-0.05625
1.9106e-008	-0.05625
1.9606e-008	-0.05625
2.0106e-008	-0.055625
2.0606e-008	-0.055625
2.1106e-008	-0.0575
2.1606e-008	-0.058125
2.2106e-008	-0.0575
2.2606e-008	-0.055625
2.3106e-008	-0.056875
2.3606e-008	-0.058125
2.4106e-008	-0.0575
2.4606e-008	-0.056875
2.5106e-008	-0.0575
2.5606e-008	-0.058125
2.6106e-008	-0.058125
2.6606e-008	-0.0575
2.7106e-008	-0.056875
2.7606e-008	-0.056875
2.8106e-008	-0.058125
2.8606e-008	-0.0575
2.9106e-008	-0.0575
2.9606e-008	-0.056875
3.0106e-008	-0.0575
3.0606e-008	-0.0575
3.1106e-008	-0.0575
3.1606e-008	-0.058125
3.2106e-008	-0.056875
3.2606e-008	-0.055625
3.3106e-008	-0.05625
3.3606e-008	-0.05625
3.4106e-008	-0.0575
3.4606e-008	-0.05625
3.5106e-008	-0.056875
3.5606e-008	-0.0575
3.6106e-008	-0.05875
3.6606e-008	-0.05875
3.7106e-008	-0.0575
3.7606e-008	-0.056875
3.8106e-008	-0.05625
3.8606e-008	-0.05625
3.9106e-008	-0.0575
3.9606e-008	-0.05875
4.0106e-008	-0.058125
4.0606e-008	-0.055625
4.1106e-008	-0.056875
4.1606e-008	-0.0575
4.2106e-008	-0.056875
4.2606e-008	-0.056875
4.3106e-008	-0.05625
4.3606e-008	-0.056875
4.4106e-008	-0.059375
4.4606e-008	-0.05875
4.5106e-008	-0.05875
4.5606e-008	-0.05875
4.6106e-008	-0.0575
4.6606e-008	-0.056875
4.7106e-008	-0.056875
4.7606e-008	-0.05625
4.8106e-008	-0.056875
4.8606e-008	-0.058125
4.9106e-008	-0.058125
4.9606e-008	-0.05625
5.0106e-008	-0.056875
5.0606e-008	-0.05625
5.1106e-008	-0.0575
5.1606e-008	-0.056875
5.2106e-008	-0.054375
5.2606e-008	-0.055
5.3106e-008	-0.05625
5.3606e-008	-0.05625
5.4106e-008	-0.05625
5.4606e-008	-0.055625
5.5106e-008	-0.058125
5.5606e-008	-0.05875
5.6106e-008	-0.0575
5.6606e-008	-0.0575
5.7106e-008	-0.0575
5.7606e-008	-0.058125
5.8106e-008	-0.0575
5.8606e-008	-0.056875
5.9106e-008	-0.0575
5.9606e-008	-0.055625
6.0106e-008	-0.055625
6.0606e-008	-0.0575
6.1106e-008	-0.056875
6.1606e-008	-0.056875
6.2106e-008	-0.0575
6.2606e-008	-0.054375
6.3106e-008	-0.055
6.3606e-008	-0.056875
6.4106e-008	-0.055625
6.4606e-008	-0.055
6.5106e-008	-0.055
6.5606e-008	-0.055
6.6106e-008	-0.055
6.6606e-008	-0.055625
6.7106e-008	-0.055
6.7606e-008	-0.05625
6.8106e-008	-0.056875
6.8606e-008	-0.05625
6.9106e-008	-0.05625
6.9606e-008	-0.054375
7.0106e-008	-0.055
7.0606e-008	-0.05375
7.1106e-008	-0.054375
7.1606e-008	-0.05625
7.2106e-008	-0.05375
7.2606e-008	-0.053125
7.3106e-008	-0.055
7.3606e-008	-0.054375
7.4106e-008	-0.053125
7.4606e-008	-0.0525
7.5106e-008	-0.054375
7.5606e-008	-0.054375
7.6106e-008	-0.05375
7.6606e-008	-0.055
7.7106e-008	-0.05375
7.7606e-008	-0.053125
7.8106e-008	-0.054375
7.8606e-008	-0.055
7.9106e-008	-0.054375
7.9606e-008	-0.0525
8.0106e-008	-0.053125
8.0606e-008	-0.054375
8.1106e-008	-0.055
8.1606e-008	-0.054375
8.2106e-008	-0.055
8.2606e-008	-0.053125
8.3106e-008	-0.0525
8.3606e-008	-0.0525
8.4106e-008	-0.05375
8.4606e-008	-0.05375
8.5106e-008	-0.05375
8.5606e-008	-0.05375
8.6106e-008	-0.054375
8.6606e-008	-0.053125
8.7106e-008	-0.0525
8.7606e-008	-0.051875
8.8106e-008	-0.0525
8.8606e-008	-0.0525
8.9106e-008	-0.05125
8.9606e-008	-0.051875
9.0106e-008	-0.0525
9.0606e-008	-0.055
9.1106e-008	-0.05375
9.1606e-008	-0.051875
9.2106e-008	-0.0525
9.2606e-008	-0.0525
9.3106e-008	-0.053125
9.3606e-008	-0.051875
9.4106e-008	-0.050625
9.4606e-008	-0.051875
9.5106e-008	-0.0525
9.5606e-008	-0.0525
9.6106e-008	-0.051875
9.6606e-008	-0.051875
9.7106e-008	-0.050625
9.7606e-008	-0.05125
9.8106e-008	-0.051875
9.8606e-008	-0.050625
9.9106e-008	-0.05
9.9606e-008	-0.051875
1.00106e-007	-0.051875
1.00606e-007	-0.05
1.01106e-007	-0.050625
1.01606e-007	-0.05125
1.02106e-007	-0.050625
1.02606e-007	-0.050625
1.03106e-007	-0.051875
1.03606e-007	-0.0525
1.04106e-007	-0.051875
1.04606e-007	-0.0525
1.05106e-007	-0.0525
1.05606e-007	-0.05125
1.06106e-007	-0.05
1.06606e-007	-0.05
1.07106e-007	-0.05
1.07606e-007	-0.05
1.08106e-007	-0.049375
1.08606e-007	-0.04875
1.09106e-007	-0.049375
1.09606e-007	-0.049375
1.10106e-007	-0.05
1.10606e-007	-0.05
1.11106e-007	-0.04875
1.11606e-007	-0.050625
1.12106e-007	-0.051875
1.12606e-007	-0.049375
1.13106e-007	-0.049375
1.13606e-007	-0.05125
1.14106e-007	-0.05125
1.14606e-007	-0.050625
1.15106e-007	-0.05
1.15606e-007	-0.04875
1.16106e-007	-0.048125
1.16606e-007	-0.048125
1.17106e-007	-0.05
1.17606e-007	-0.049375
1.18106e-007	-0.04875
1.18606e-007	-0.048125
1.19106e-007	-0.0475
1.19606e-007	-0.04875
1.20106e-007	-0.0475
1.20606e-007	-0.0475
1.21106e-007	-0.04875
1.21606e-007	-0.04875
1.22106e-007	-0.048125
1.22606e-007	-0.04875
1.23106e-007	-0.04875
1.23606e-007	-0.048125
1.24106e-007	-0.04875
1.24606e-007	-0.049375
1.25106e-007	-0.04875
1.25606e-007	-0.0475
1.26106e-007	-0.0475
1.26606e-007	-0.04875
1.27106e-007	-0.04875
1.27606e-007	-0.046875
1.28106e-007	-0.0475
1.28606e-007	-0.046875
1.29106e-007	-0.0475
1.29606e-007	-0.0475
1.30106e-007	-0.0475
1.30606e-007	-0.046875
1.31106e-007	-0.046875
1.31606e-007	-0.046875
1.32106e-007	-0.046875
1.32606e-007	-0.046875
1.33106e-007	-0.0475
1.33606e-007	-0.04625
1.34106e-007	-0.046875
1.34606e-007	-0.046875
1.35106e-007	-0.04625
1.35606e-007	-0.04625
1.36106e-007	-0.0475
1.36606e-007	-0.0475
1.37106e-007	-0.046875
1.37606e-007	-0.046875
1.38106e-007	-0.0475
1.38606e-007	-0.045
1.39106e-007	-0.045625
1.39606e-007	-0.046875
1.40106e-007	-0.04625
1.40606e-007	-0.045
1.41106e-007	-0.045
1.41606e-007	-0.045625
1.42106e-007	-0.044375
1.42606e-007	-0.04375
1.43106e-007	-0.045
1.43606e-007	-0.045
1.44106e-007	-0.04625
1.44606e-007	-0.04625
1.45106e-007	-0.044375
1.45606e-007	-0.045
1.46106e-007	-0.046875
1.46606e-007	-0.045
1.47106e-007	-0.04625
1.47606e-007	-0.04625
1.48106e-007	-0.046875
1.48606e-007	-0.04625
1.49106e-007	-0.04375
1.49606e-007	-0.044375
1.50106e-007	-0.045
1.50606e-007	-0.043125
1.51106e-007	-0.044375
1.51606e-007	-0.043125
1.52106e-007	-0.043125
1.52606e-007	-0.044375
1.53106e-007	-0.044375
1.53606e-007	-0.044375
1.54106e-007	-0.044375
1.54606e-007	-0.044375
1.55106e-007	-0.044375
1.55606e-007	-0.04375
1.56106e-007	-0.044375
1.56606e-007	-0.044375
1.57106e-007	-0.04625
1.57606e-007	-0.045
1.58106e-007	-0.044375
1.58606e-007	-0.044375
1.59106e-007	-0.04375
1.59606e-007	-0.044375
1.60106e-007	-0.04375
1.60606e-007	-0.041875
1.61106e-007	-0.041875
1.61606e-007	-0.0425
1.62106e-007	-0.043125
1.62606e-007	-0.0425
1.63106e-007	-0.041875
1.63606e-007	-0.04125
1.64106e-007	-0.041875
1.64606e-007	-0.043125
1.65106e-007	-0.043125
1.65606e-007	-0.0425
1.66106e-007	-0.0425
1.66606e-007	-0.0425
1.67106e-007	-0.043125
1.67606e-007	-0.043125
1.68106e-007	-0.04375
1.68606e-007	-0.0425
1.69106e-007	-0.04375
1.69606e-007	-0.04375
1.70106e-007	-0.0425
1.70606e-007	-0.041875
1.71106e-007	-0.0425
1.71606e-007	-0.0425
1.72106e-007	-0.041875
1.72606e-007	-0.04125
1.73106e-007	-0.0425
1.73606e-007	-0.0425
1.74106e-007	-0.041875
1.74606e-007	-0.041875
1.75106e-007	-0.040625
1.75606e-007	-0.041875
1.76106e-007	-0.04125
1.76606e-007	-0.039375
1.77106e-007	-0.041875
1.77606e-007	-0.041875
1.78106e-007	-0.041875
1.78606e-007	-0.0425
1.79106e-007	-0.0425
1.79606e-007	-0.0425
1.80106e-007	-0.041875
1.80606e-007	-0.040625
1.81106e-007	-0.0425
1.81606e-007	-0.041875
1.82106e-007	-0.04125
1.82606e-007	-0.040625
1.83106e-007	-0.041875
1.83606e-007	-0.04125
1.84106e-007	-0.04
1.84606e-007	-0.04125
1.85106e-007	-0.039375
1.85606e-007	-0.039375
1.86106e-007	-0.04
1.86606e-007	-0.039375
1.87106e-007	-0.04
1.87606e-007	-0.040625
1.88106e-007	-0.04125
1.88606e-007	-0.040625
1.89106e-007	-0.04125
1.89606e-007	-0.041875
1.90106e-007	-0.043125
1.90606e-007	-0.0425
1.91106e-007	-0.039375
1.91606e-007	-0.04
1.92106e-007	-0.041875
1.92606e-007	-0.040625
1.93106e-007	-0.038125
1.93606e-007	-0.03875
1.94106e-007	-0.04
1.94606e-007	-0.039375
1.95106e-007	-0.039375
1.95606e-007	-0.038125
1.96106e-007	-0.03875
1.96606e-007	-0.04
1.97106e-007	-0.039375
1.97606e-007	-0.039375
1.98106e-007	-0.039375
1.98606e-007	-0.038125
1.99106e-007	-0.03875
1.99606e-007	-0.03875
2.00106e-007	-0.03875
2.00606e-007	-0.04
2.01106e-007	-0.038125
2.01606e-007	-0.039375
2.02106e-007	-0.04125
2.02606e-007	-0.03875
2.03106e-007	-0.0375
2.03606e-007	-0.04
2.04106e-007	-0.04
2.04606e-007	-0.039375
2.05106e-007	-0.04125
2.05606e-007	-0.04125
2.06106e-007	-0.03875
2.06606e-007	-0.038125
2.07106e-007	-0.039375
2.07606e-007	-0.04
2.08106e-007	-0.038125
2.08606e-007	-0.03875
2.09106e-007	-0.04
2.09606e-007	-0.03875
2.10106e-007	-0.04
2.10606e-007	-0.03875
2.11106e-007	-0.038125
2.11606e-007	-0.039375
2.12106e-007	-0.038125
2.12606e-007	-0.03875
2.13106e-007	-0.03875
2.13606e-007	-0.0375
2.14106e-007	-0.039375
2.14606e-007	-0.03875
2.15106e-007	-0.036875
2.15606e-007	-0.03875
2.16106e-007	-0.03875
2.16606e-007	-0.036875
2.17106e-007	-0.036875
2.17606e-007	-0.036875
2.18106e-007	-0.038125
2.18606e-007	-0.038125
2.19106e-007	-0.038125
2.19606e-007	-0.038125
2.20106e-007	-0.0375
2.20606e-007	-0.0375
2.21106e-007	-0.036875
2.21606e-007	-0.036875
2.22106e-007	-0.036875
2.22606e-007	-0.036875
2.23106e-007	-0.03625
2.23606e-007	-0.03625
2.24106e-007	-0.0375
2.24606e-007	-0.036875
2.25106e-007	-0.03625
2.25606e-007	-0.03625
2.26106e-007	-0.03625
2.26606e-007	-0.0375
2.27106e-007	-0.03625
2.27606e-007	-0.035
2.28106e-007	-0.036875
2.28606e-007	-0.0375
2.29106e-007	-0.036875
2.29606e-007	-0.036875
2.30106e-007	-0.03625
2.30606e-007	-0.036875
2.31106e-007	-0.03625
2.31606e-007	-0.035625
2.32106e-007	-0.03625
2.32606e-007	-0.034375
2.33106e-007	-0.034375
2.33606e-007	-0.03625
2.34106e-007	-0.03625
2.34606e-007	-0.035625
2.35106e-007	-0.034375
2.35606e-007	-0.03375
2.36106e-007	-0.035
2.36606e-007	-0.035625
2.37106e-007	-0.03625
2.37606e-007	-0.03625
2.38106e-007	-0.03625
2.38606e-007	-0.03625
2.39106e-007	-0.035
2.39606e-007	-0.035625
2.40106e-007	-0.035
2.40606e-007	-0.034375
2.41106e-007	-0.035
2.41606e-007	-0.03625
2.42106e-007	-0.036875
2.42606e-007	-0.035
2.43106e-007	-0.035625
2.43606e-007	-0.034375
2.44106e-007	-0.034375
2.44606e-007	-0.034375
2.45106e-007	-0.034375
2.45606e-007	-0.034375
2.46106e-007	-0.035
2.46606e-007	-0.03375
2.47106e-007	-0.034375
2.47606e-007	-0.035
2.48106e-007	-0.035625
2.48606e-007	-0.034375
2.49106e-007	-0.03375
2.49606e-007	-0.034375
2.50106e-007	-0.035
2.50606e-007	-0.035
2.51106e-007	-0.034375
2.51606e-007	-0.03375
2.52106e-007	-0.03625
2.52606e-007	-0.035
2.53106e-007	-0.033125
2.53606e-007	-0.03125
2.54106e-007	-0.035
2.54606e-007	-0.035625
2.55106e-007	-0.033125
2.55606e-007	-0.03375
2.56106e-007	-0.034375
2.56606e-007	-0.03375
2.57106e-007	-0.033125
2.57606e-007	-0.03125
2.58106e-007	-0.033125
2.58606e-007	-0.034375
2.59106e-007	-0.03375
2.59606e-007	-0.033125
2.60106e-007	-0.031875
2.60606e-007	-0.03375
2.61106e-007	-0.03375
2.61606e-007	-0.03375
2.62106e-007	-0.03375
2.62606e-007	-0.031875
2.63106e-007	-0.033125
2.63606e-007	-0.0325
2.64106e-007	-0.03125
2.64606e-007	-0.0325
2.65106e-007	-0.033125
2.65606e-007	-0.0325
2.66106e-007	-0.0325
2.66606e-007	-0.031875
2.67106e-007	-0.03125
2.67606e-007	-0.0325
2.68106e-007	-0.033125
2.68606e-007	-0.03
2.69106e-007	-0.03125
2.69606e-007	-0.033125
2.70106e-007	-0.033125
2.70606e-007	-0.033125
2.71106e-007	-0.031875
2.71606e-007	-0.031875
2.72106e-007	-0.03375
2.72606e-007	-0.0325
2.73106e-007	-0.03125
2.73606e-007	-0.03125
2.74106e-007	-0.031875
2.74606e-007	-0.031875
2.75106e-007	-0.030625
2.75606e-007	-0.031875
2.76106e-007	-0.03125
2.76606e-007	-0.033125
2.77106e-007	-0.034375
2.77606e-007	-0.033125
2.78106e-007	-0.031875
2.78606e-007	-0.03125
2.79106e-007	-0.03
2.79606e-007	-0.031875
2.80106e-007	-0.030625
2.80606e-007	-0.030625
2.81106e-007	-0.03125
2.81606e-007	-0.030625
2.82106e-007	-0.031875
2.82606e-007	-0.0325
2.83106e-007	-0.030625
2.83606e-007	-0.030625
2.84106e-007	-0.03125
2.84606e-007	-0.030625
2.85106e-007	-0.03
2.85606e-007	-0.029375
2.86106e-007	-0.030625
2.86606e-007	-0.030625
2.87106e-007	-0.030625
2.87606e-007	-0.03125
2.88106e-007	-0.030625
2.88606e-007	-0.029375
2.89106e-007	-0.028125
2.89606e-007	-0.03
2.90106e-007	-0.030625
2.90606e-007	-0.029375
2.91106e-007	-0.03
2.91606e-007	-0.029375
2.92106e-007	-0.03
2.92606e-007	-0.030625
2.93106e-007	-0.031875
2.93606e-007	-0.031875
2.94106e-007	-0.030625
2.94606e-007	-0.03
2.95106e-007	-0.02875
2.95606e-007	-0.030625
2.96106e-007	-0.030625
2.96606e-007	-0.030625
2.97106e-007	-0.030625
2.97606e-007	-0.030625
2.98106e-007	-0.030625
2.98606e-007	-0.028125
2.99106e-007	-0.02875
2.99606e-007	-0.03
3.00106e-007	-0.03
3.00606e-007	-0.029375
3.01106e-007	-0.02875
3.01606e-007	-0.03
3.02106e-007	-0.03125
3.02606e-007	-0.029375
3.03106e-007	-0.03
3.03606e-007	-0.028125
3.04106e-007	-0.026875
3.04606e-007	-0.029375
3.05106e-007	-0.03
3.05606e-007	-0.029375
3.06106e-007	-0.029375
3.06606e-007	-0.029375
3.07106e-007	-0.028125
3.07606e-007	-0.028125
3.08106e-007	-0.028125
3.08606e-007	-0.029375
3.09106e-007	-0.029375
3.09606e-007	-0.028125
3.10106e-007	-0.028125
3.10606e-007	-0.0275
3.11106e-007	-0.028125
3.11606e-007	-0.02875
3.12106e-007	-0.028125
3.12606e-007	-0.0275
3.13106e-007	-0.02875
3.13606e-007	-0.029375
3.14106e-007	-0.029375
3.14606e-007	-0.02875
3.15106e-007	-0.026875
3.15606e-007	-0.02875
3.16106e-007	-0.02875
3.16606e-007	-0.0275
3.17106e-007	-0.026875
3.17606e-007	-0.028125
3.18106e-007	-0.02875
3.18606e-007	-0.028125
3.19106e-007	-0.0275
3.19606e-007	-0.02875
3.20106e-007	-0.028125
3.20606e-007	-0.0275
3.21106e-007	-0.028125
3.21606e-007	-0.028125
3.22106e-007	-0.0275
3.22606e-007	-0.02875
3.23106e-007	-0.0275
3.23606e-007	-0.0275
3.24106e-007	-0.0275
3.24606e-007	-0.028125
3.25106e-007	-0.02625
3.25606e-007	-0.026875
3.26106e-007	-0.0275
3.26606e-007	-0.0275
3.27106e-007	-0.02625
3.27606e-007	-0.0275
3.28106e-007	-0.02875
3.28606e-007	-0.02625
3.29106e-007	-0.026875
3.29606e-007	-0.028125
3.30106e-007	-0.026875
3.30606e-007	-0.026875
3.31106e-007	-0.02625
3.31606e-007	-0.02875
3.32106e-007	-0.029375
3.32606e-007	-0.02625
3.33106e-007	-0.026875
3.33606e-007	-0.028125
3.34106e-007	-0.028125
3.34606e-007	-0.0275
3.35106e-007	-0.026875
3.35606e-007	-0.0275
3.36106e-007	-0.0275
3.36606e-007	-0.025625
3.37106e-007	-0.025
3.37606e-007	-0.02625
3.38106e-007	-0.026875
3.38606e-007	-0.026875
3.39106e-007	-0.026875
3.39606e-007	-0.028125
3.40106e-007	-0.02625
3.40606e-007	-0.026875
3.41106e-007	-0.028125
3.41606e-007	-0.0275
3.42106e-007	-0.026875
3.42606e-007	-0.026875
3.43106e-007	-0.02625
3.43606e-007	-0.025625
3.44106e-007	-0.02625
3.44606e-007	-0.0275
3.45106e-007	-0.025625
3.45606e-007	-0.02625
3.46106e-007	-0.025625
3.46606e-007	-0.025625
3.47106e-007	-0.025
3.47606e-007	-0.025625
3.48106e-007	-0.02625
3.48606e-007	-0.025625
3.49106e-007	-0.025
3.49606e-007	-0.02625
3.50106e-007	-0.025
3.50606e-007	-0.024375
3.51106e-007	-0.026875
3.51606e-007	-0.028125
3.52106e-007	-0.025625
3.52606e-007	-0.025625
3.53106e-007	-0.0275
3.53606e-007	-0.028125
3.54106e-007	-0.025625
3.54606e-007	-0.025625
3.55106e-007	-0.025625
3.55606e-007	-0.02625
3.56106e-007	-0.025625
3.56606e-007	-0.025
3.57106e-007	-0.025625
3.57606e-007	-0.024375
3.58106e-007	-0.024375
3.58606e-007	-0.02375
3.59106e-007	-0.02375
3.59606e-007	-0.025625
3.60106e-007	-0.025
3.60606e-007	-0.02375
3.61106e-007	-0.025
3.61606e-007	-0.028125
3.62106e-007	-0.026875
3.62606e-007	-0.024375
3.63106e-007	-0.024375
3.63606e-007	-0.025625
3.64106e-007	-0.02625
3.64606e-007	-0.02625
3.65106e-007	-0.025
3.65606e-007	-0.025625
3.66106e-007	-0.024375
3.66606e-007	-0.025
3.67106e-007	-0.023125
3.67606e-007	-0.023125
3.68106e-007	-0.025
3.68606e-007	-0.0225
3.69106e-007	-0.021875
3.69606e-007	-0.023125
3.70106e-007	-0.02375
3.70606e-007	-0.02375
3.71106e-007	-0.0225
3.71606e-007	-0.025
3.72106e-007	-0.024375
3.72606e-007	-0.024375
3.73106e-007	-0.025625
3.73606e-007	-0.025
3.74106e-007	-0.02375
3.74606e-007	-0.025625
3.75106e-007	-0.025
3.75606e-007	-0.025
3.76106e-007	-0.024375
3.76606e-007	-0.024375
3.77106e-007	-0.02375
3.77606e-007	-0.023125
3.78106e-007	-0.0225
3.78606e-007	-0.023125
3.79106e-007	-0.023125
3.79606e-007	-0.023125
3.80106e-007	-0.023125
3.80606e-007	-0.02125
3.81106e-007	-0.021875
3.81606e-007	-0.023125
3.82106e-007	-0.024375
3.82606e-007	-0.024375
3.83106e-007	-0.02375
3.83606e-007	-0.024375
3.84106e-007	-0.025
3.84606e-007	-0.025625
3.85106e-007	-0.02375
3.85606e-007	-0.023125
3.86106e-007	-0.025
3.86606e-007	-0.024375
3.87106e-007	-0.02375
3.87606e-007	-0.023125
3.88106e-007	-0.0225
3.88606e-007	-0.024375
3.89106e-007	-0.02375
3.89606e-007	-0.023125
3.90106e-007	-0.02125
3.90606e-007	-0.02
3.91106e-007	-0.02125
3.91606e-007	-0.02125
3.92106e-007	-0.0225
3.92606e-007	-0.021875
3.93106e-007	-0.021875
3.93606e-007	-0.02375
3.94106e-007	-0.024375
3.94606e-007	-0.02375
3.95106e-007	-0.02375
3.95606e-007	-0.02375
3.96106e-007	-0.0225
3.96606e-007	-0.021875
3.97106e-007	-0.023125
3.97606e-007	-0.02375
3.98106e-007	-0.023125
3.98606e-007	-0.0225
3.99106e-007	-0.023125
3.99606e-007	-0.0225
4.00106e-007	-0.021875
4.00606e-007	-0.021875
4.01106e-007	-0.0225
4.01606e-007	-0.023125
4.02106e-007	-0.0225
4.02606e-007	-0.021875
4.03106e-007	-0.021875
4.03606e-007	-0.021875
4.04106e-007	-0.023125
4.04606e-007	-0.0225
4.05106e-007	-0.0225
4.05606e-007	-0.021875
4.06106e-007	-0.0225
4.06606e-007	-0.023125
4.07106e-007	-0.0225
4.07606e-007	-0.021875
4.08106e-007	-0.023125
4.08606e-007	-0.023125
4.09106e-007	-0.023125
4.09606e-007	-0.02375
4.10106e-007	-0.0225
4.10606e-007	-0.020625
4.11106e-007	-0.021875
4.11606e-007	-0.02125
4.12106e-007	-0.020625
4.12606e-007	-0.02125
4.13106e-007	-0.021875
4.13606e-007	-0.0225
4.14106e-007	-0.021875
4.14606e-007	-0.020625
4.15106e-007	-0.02125
4.15606e-007	-0.02125
4.16106e-007	-0.021875
4.16606e-007	-0.020625
4.17106e-007	-0.020625
4.17606e-007	-0.023125
4.18106e-007	-0.02375
4.18606e-007	-0.023125
4.19106e-007	-0.020625
4.19606e-007	-0.02
4.20106e-007	-0.0225
4.20606e-007	-0.021875
4.21106e-007	-0.021875
4.21606e-007	-0.02125
4.22106e-007	-0.021875
4.22606e-007	-0.021875
4.23106e-007	-0.02125
4.23606e-007	-0.020625
4.24106e-007	-0.02125
4.24606e-007	-0.019375
4.25106e-007	-0.02
4.25606e-007	-0.02125
4.26106e-007	-0.02
4.26606e-007	-0.019375
4.27106e-007	-0.019375
4.27606e-007	-0.02
4.28106e-007	-0.02125
4.28606e-007	-0.02125
4.29106e-007	-0.02125
4.29606e-007	-0.02
4.30106e-007	-0.020625
4.30606e-007	-0.02125
4.31106e-007	-0.02125
4.31606e-007	-0.020625
4.32106e-007	-0.021875
4.32606e-007	-0.020625
4.33106e-007	-0.020625
4.33606e-007	-0.019375
4.34106e-007	-0.019375
4.34606e-007	-0.019375
4.35106e-007	-0.020625
4.35606e-007	-0.01875
4.36106e-007	-0.020625
4.36606e-007	-0.020625
4.37106e-007	-0.02
4.37606e-007	-0.02
4.38106e-007	-0.019375
4.38606e-007	-0.01875
4.39106e-007	-0.019375
4.39606e-007	-0.02125
4.40106e-007	-0.020625
4.40606e-007	-0.01875
4.41106e-007	-0.01875
4.41606e-007	-0.019375
4.42106e-007	-0.021875
4.42606e-007	-0.02
4.43106e-007	-0.020625
4.43606e-007	-0.019375
4.44106e-007	-0.01875
4.44606e-007	-0.01875
4.45106e-007	-0.01875
4.45606e-007	-0.019375
4.46106e-007	-0.02
4.46606e-007	-0.0175
4.47106e-007	-0.0175
4.47606e-007	-0.018125
4.48106e-007	-0.019375
4.48606e-007	-0.019375
4.49106e-007	-0.01875
4.49606e-007	-0.018125
4.50106e-007	-0.019375
4.50606e-007	-0.018125
4.51106e-007	-0.01875
4.51606e-007	-0.01875
4.52106e-007	-0.02125
4.52606e-007	-0.019375
4.53106e-007	-0.018125
4.53606e-007	-0.019375
4.54106e-007	-0.02125
4.54606e-007	-0.018125
4.55106e-007	-0.019375
4.55606e-007	-0.019375
4.56106e-007	-0.01875
4.56606e-007	-0.018125
4.57106e-007	-0.01875
4.57606e-007	-0.01625
4.58106e-007	-0.01875
4.58606e-007	-0.01875
4.59106e-007	-0.018125
4.59606e-007	-0.016875
4.60106e-007	-0.01875
4.60606e-007	-0.01875
4.61106e-007	-0.019375
4.61606e-007	-0.01875
4.62106e-007	-0.01875
4.62606e-007	-0.018125
4.63106e-007	-0.019375
4.63606e-007	-0.018125
4.64106e-007	-0.018125
4.64606e-007	-0.018125
4.65106e-007	-0.019375
4.65606e-007	-0.019375
4.66106e-007	-0.02
4.66606e-007	-0.018125
4.67106e-007	-0.018125
4.67606e-007	-0.019375
4.68106e-007	-0.018125
4.68606e-007	-0.0175
4.69106e-007	-0.018125
4.69606e-007	-0.01625
4.70106e-007	-0.016875
4.70606e-007	-0.0175
4.71106e-007	-0.01875
4.71606e-007	-0.0175
4.72106e-007	-0.018125
4.72606e-007	-0.019375
4.73106e-007	-0.01875
4.73606e-007	-0.01875
4.74106e-007	-0.019375
4.74606e-007	-0.01875
4.75106e-007	-0.01875
4.75606e-007	-0.01875
4.76106e-007	-0.01875
4.76606e-007	-0.018125
4.77106e-007	-0.01875
4.77606e-007	-0.01875
4.78106e-007	-0.019375
4.78606e-007	-0.0175
4.79106e-007	-0.01625
4.79606e-007	-0.015625
4.80106e-007	-0.0175
4.80606e-007	-0.015625
4.81106e-007	-0.016875
4.81606e-007	-0.01625
4.82106e-007	-0.016875
4.82606e-007	-0.016875
4.83106e-007	-0.01625
4.83606e-007	-0.01625
4.84106e-007	-0.016875
4.84606e-007	-0.0175
4.85106e-007	-0.018125
4.85606e-007	-0.018125
4.86106e-007	-0.0175
4.86606e-007	-0.016875
4.87106e-007	-0.0175
4.87606e-007	-0.0175
4.88106e-007	-0.0175
4.88606e-007	-0.016875
4.89106e-007	-0.01625
4.89606e-007	-0.0175
4.90106e-007	-0.018125
4.90606e-007	-0.015625
4.91106e-007	-0.016875
4.91606e-007	-0.01625
4.92106e-007	-0.01625
4.92606e-007	-0.015
4.93106e-007	-0.015625
4.93606e-007	-0.0175
4.94106e-007	-0.016875
4.94606e-007	-0.0175
4.95106e-007	-0.018125
4.95606e-007	-0.0175
4.96106e-007	-0.0175
4.96606e-007	-0.0175
4.97106e-007	-0.0175
4.97606e-007	-0.01875
4.98106e-007	-0.01875
4.98606e-007	-0.0175
4.99106e-007	-0.016875
4.99606e-007	-0.015625
5.00106e-007	-0.016875
5.00606e-007	-0.01625
5.01106e-007	-0.015625
5.01606e-007	-0.01625
5.02106e-007	-0.018125
5.02606e-007	-0.015625
5.03106e-007	-0.015625
5.03606e-007	-0.015
5.04106e-007	-0.01625
5.04606e-007	-0.01625
5.05106e-007	-0.016875
5.05606e-007	-0.01625
5.06106e-007	-0.018125
5.06606e-007	-0.0175
5.07106e-007	-0.016875
5.07606e-007	-0.01625
5.08106e-007	-0.016875
5.08606e-007	-0.0175
5.09106e-007	-0.0175
5.09606e-007	-0.015625
5.10106e-007	-0.016875
5.10606e-007	-0.016875
5.11106e-007	-0.015
5.11606e-007	-0.014375
5.12106e-007	-0.01625
5.12606e-007	-0.0175
5.13106e-007	-0.015625
5.13606e-007	-0.015
5.14106e-007	-0.015
5.14606e-007	-0.01625
5.15106e-007	-0.01625
5.15606e-007	-0.01625
5.16106e-007	-0.01625
5.16606e-007	-0.015625
5.17106e-007	-0.01625
5.17606e-007	-0.015
5.18106e-007	-0.015
5.18606e-007	-0.01625
5.19106e-007	-0.016875
5.19606e-007	-0.01625
5.20106e-007	-0.016875
5.20606e-007	-0.015625
5.21106e-007	-0.01625
5.21606e-007	-0.015625
5.22106e-007	-0.015625
5.22606e-007	-0.01625
5.23106e-007	-0.01625
5.23606e-007	-0.015625
5.24106e-007	-0.015
5.24606e-007	-0.014375
5.25106e-007	-0.015625
5.25606e-007	-0.014375
5.26106e-007	-0.01625
5.26606e-007	-0.01625
5.27106e-007	-0.015
5.27606e-007	-0.015625
5.28106e-007	-0.015
5.28606e-007	-0.015625
5.29106e-007	-0.01625
5.29606e-007	-0.01625
5.30106e-007	-0.015625
5.30606e-007	-0.014375
5.31106e-007	-0.01625
5.31606e-007	-0.015625
5.32106e-007	-0.01625
5.32606e-007	-0.015
5.33106e-007	-0.015
5.33606e-007	-0.015625
5.34106e-007	-0.015625
5.34606e-007	-0.014375
5.35106e-007	-0.015
5.35606e-007	-0.015625
5.36106e-007	-0.014375
5.36606e-007	-0.014375
5.37106e-007	-0.015
5.37606e-007	-0.014375
5.38106e-007	-0.0125
5.38606e-007	-0.014375
5.39106e-007	-0.01625
5.39606e-007	-0.015625
5.40106e-007	-0.01625
5.40606e-007	-0.015625
5.41106e-007	-0.014375
5.41606e-007	-0.01375
5.42106e-007	-0.015625
5.42606e-007	-0.01625
5.43106e-007	-0.015
5.43606e-007	-0.015
5.44106e-007	-0.015625
5.44606e-007	-0.015625
5.45106e-007	-0.01625
5.45606e-007	-0.015625
5.46106e-007	-0.015
5.46606e-007	-0.013125
5.47106e-007	-0.014375
5.47606e-007	-0.014375
5.48106e-007	-0.013125
5.48606e-007	-0.014375
5.49106e-007	-0.01375
5.49606e-007	-0.013125
5.50106e-007	-0.014375
5.50606e-007	-0.01375
5.51106e-007	-0.014375
5.51606e-007	-0.014375
5.52106e-007	-0.015
5.52606e-007	-0.014375
5.53106e-007	-0.015
5.53606e-007	-0.01625
5.54106e-007	-0.015625
5.54606e-007	-0.014375
5.55106e-007	-0.015625
5.55606e-007	-0.015625
5.56106e-007	-0.014375
5.56606e-007	-0.01375
5.57106e-007	-0.013125
5.57606e-007	-0.013125
5.58106e-007	-0.014375
5.58606e-007	-0.01375
5.59106e-007	-0.011875
5.59606e-007	-0.01375
5.60106e-007	-0.015625
5.60606e-007	-0.013125
5.61106e-007	-0.013125
5.61606e-007	-0.01375
5.62106e-007	-0.01375
5.62606e-007	-0.013125
5.63106e-007	-0.01375
5.63606e-007	-0.014375
5.64106e-007	-0.014375
5.64606e-007	-0.01375
5.65106e-007	-0.014375
5.65606e-007	-0.01375
5.66106e-007	-0.014375
5.66606e-007	-0.015
5.67106e-007	-0.01375
5.67606e-007	-0.013125
5.68106e-007	-0.01375
5.68606e-007	-0.0125
5.69106e-007	-0.013125
5.69606e-007	-0.01375
5.70106e-007	-0.01375
5.70606e-007	-0.011875
5.71106e-007	-0.010625
5.71606e-007	-0.0125
5.72106e-007	-0.013125
5.72606e-007	-0.013125
5.73106e-007	-0.013125
5.73606e-007	-0.011875
5.74106e-007	-0.01375
5.74606e-007	-0.01375
5.75106e-007	-0.01375
5.75606e-007	-0.01375
5.76106e-007	-0.014375
5.76606e-007	-0.014375
5.77106e-007	-0.014375
5.77606e-007	-0.01375
5.78106e-007	-0.013125
5.78606e-007	-0.013125
5.79106e-007	-0.01375
5.79606e-007	-0.01375
5.80106e-007	-0.014375
5.80606e-007	-0.013125
5.81106e-007	-0.01125
5.81606e-007	-0.01125
5.82106e-007	-0.011875
5.82606e-007	-0.0125
5.83106e-007	-0.01
5.83606e-007	-0.0125
5.84106e-007	-0.0125
5.84606e-007	-0.01125
5.85106e-007	-0.0125
5.85606e-007	-0.0125
5.86106e-007	-0.01375
5.86606e-007	-0.013125
5.87106e-007	-0.0125
5.87606e-007	-0.0125
5.88106e-007	-0.011875
5.88606e-007	-0.013125
5.89106e-007	-0.014375
5.89606e-007	-0.01375
5.90106e-007	-0.0125
5.90606e-007	-0.011875
5.91106e-007	-0.0125
5.91606e-007	-0.013125
5.92106e-007	-0.013125
5.92606e-007	-0.01125
5.93106e-007	-0.01125
5.93606e-007	-0.01125
5.94106e-007	-0.011875
5.94606e-007	-0.01125
5.95106e-007	-0.01125
5.95606e-007	-0.01125
5.96106e-007	-0.0125
5.96606e-007	-0.013125
5.97106e-007	-0.013125
5.97606e-007	-0.013125
5.98106e-007	-0.013125
5.98606e-007	-0.013125
5.99106e-007	-0.01375
5.99606e-007	-0.013125
6.00106e-007	-0.013125
6.00606e-007	-0.011875
6.01106e-007	-0.01125
6.01606e-007	-0.013125
6.02106e-007	-0.013125
6.02606e-007	-0.0125
6.03106e-007	-0.0125
6.03606e-007	-0.0125
6.04106e-007	-0.0125
6.04606e-007	-0.01125
6.05106e-007	-0.009375
6.05606e-007	-0.01125
6.06106e-007	-0.01125
6.06606e-007	-0.010625
6.07106e-007	-0.01125
6.07606e-007	-0.0125
6.08106e-007	-0.013125
6.08606e-007	-0.0125
6.09106e-007	-0.010625
6.09606e-007	-0.01125
6.10106e-007	-0.01375
6.10606e-007	-0.01375
6.11106e-007	-0.013125
6.11606e-007	-0.011875
6.12106e-007	-0.01125
6.12606e-007	-0.0125
6.13106e-007	-0.01125
6.13606e-007	-0.01125
6.14106e-007	-0.011875
6.14606e-007	-0.010625
6.15106e-007	-0.011875
6.15606e-007	-0.013125
6.16106e-007	-0.01125
6.16606e-007	-0.011875
6.17106e-007	-0.01125
6.17606e-007	-0.009375
6.18106e-007	-0.010625
6.18606e-007	-0.0125
6.19106e-007	-0.01125
6.19606e-007	-0.01
6.20106e-007	-0.0125
6.20606e-007	-0.0125
6.21106e-007	-0.01125
6.21606e-007	-0.01125
6.22106e-007	-0.010625
6.22606e-007	-0.011875
6.23106e-007	-0.01125
6.23606e-007	-0.010625
6.24106e-007	-0.011875
6.24606e-007	-0.010625
6.25106e-007	-0.01
6.25606e-007	-0.009375
6.26106e-007	-0.01125
6.26606e-007	-0.0125
6.27106e-007	-0.011875
6.27606e-007	-0.01125
6.28106e-007	-0.01
6.28606e-007	-0.010625
6.29106e-007	-0.01125
6.29606e-007	-0.010625
6.30106e-007	-0.01
6.30606e-007	-0.010625
6.31106e-007	-0.011875
6.31606e-007	-0.01125
6.32106e-007	-0.01125
6.32606e-007	-0.011875
6.33106e-007	-0.0125
6.33606e-007	-0.010625
6.34106e-007	-0.010625
6.34606e-007	-0.01125
6.35106e-007	-0.01
6.35606e-007	-0.010625
6.36106e-007	-0.010625
6.36606e-007	-0.01
6.37106e-007	-0.01125
6.37606e-007	-0.011875
6.38106e-007	-0.01125
6.38606e-007	-0.010625
6.39106e-007	-0.010625
6.39606e-007	-0.01125
6.40106e-007	-0.010625
6.40606e-007	-0.008125
6.41106e-007	-0.009375
6.41606e-007	-0.010625
6.42106e-007	-0.01
6.42606e-007	-0.01125
6.43106e-007	-0.01125
6.43606e-007	-0.01125
6.44106e-007	-0.011875
6.44606e-007	-0.01125
6.45106e-007	-0.010625
6.45606e-007	-0.01
6.46106e-007	-0.010625
6.46606e-007	-0.01
6.47106e-007	-0.01125
6.47606e-007	-0.010625
6.48106e-007	-0.009375
6.48606e-007	-0.010625
6.49106e-007	-0.01
6.49606e-007	-0.009375
6.50106e-007	-0.01
6.50606e-007	-0.01
6.51106e-007	-0.00875
6.51606e-007	-0.009375
6.52106e-007	-0.00875
6.52606e-007	-0.009375
6.53106e-007	-0.01
6.53606e-007	-0.01125
6.54106e-007	-0.01125
6.54606e-007	-0.010625
6.55106e-007	-0.01
6.55606e-007	-0.010625
6.56106e-007	-0.010625
6.56606e-007	-0.01
6.57106e-007	-0.01125
6.57606e-007	-0.01125
6.58106e-007	-0.009375
6.58606e-007	-0.009375
6.59106e-007	-0.01125
6.59606e-007	-0.010625
6.60106e-007	-0.008125
6.60606e-007	-0.009375
6.61106e-007	-0.01
6.61606e-007	-0.009375
6.62106e-007	-0.009375
6.62606e-007	-0.009375
6.63106e-007	-0.01
6.63606e-007	-0.011875
6.64106e-007	-0.011875
6.64606e-007	-0.010625
6.65106e-007	-0.01125
6.65606e-007	-0.011875
6.66106e-007	-0.011875
6.66606e-007	-0.010625
6.67106e-007	-0.01
6.67606e-007	-0.011875
6.68106e-007	-0.01
6.68606e-007	-0.010625
6.69106e-007	-0.011875
6.69606e-007	-0.01125
6.70106e-007	-0.01
6.70606e-007	-0.009375
6.71106e-007	-0.008125
6.71606e-007	-0.009375
6.72106e-007	-0.009375
6.72606e-007	-0.008125
6.73106e-007	-0.008125
6.73606e-007	-0.01
6.74106e-007	-0.010625
6.74606e-007	-0.01
6.75106e-007	-0.009375
6.75606e-007	-0.010625
6.76106e-007	-0.010625
6.76606e-007	-0.009375
6.77106e-007	-0.01
6.77606e-007	-0.011875
6.78106e-007	-0.010625
6.78606e-007	-0.00875
6.79106e-007	-0.009375
6.79606e-007	-0.01125
6.80106e-007	-0.01
6.80606e-007	-0.00875
6.81106e-007	-0.00875
6.81606e-007	-0.009375
6.82106e-007	-0.00875
6.82606e-007	-0.01
6.83106e-007	-0.01
6.83606e-007	-0.00875
6.84106e-007	-0.00875
6.84606e-007	-0.00875
6.85106e-007	-0.009375
6.85606e-007	-0.009375
6.86106e-007	-0.00875
6.86606e-007	-0.01
6.87106e-007	-0.010625
6.87606e-007	-0.01125
6.88106e-007	-0.010625
6.88606e-007	-0.009375
6.89106e-007	-0.010625
6.89606e-007	-0.010625
6.90106e-007	-0.009375
6.90606e-007	-0.009375
6.91106e-007	-0.010625
6.91606e-007	-0.00875
6.92106e-007	-0.009375
6.92606e-007	-0.01
6.93106e-007	-0.00875
6.93606e-007	-0.009375
6.94106e-007	-0.00875
6.94606e-007	-0.006875
6.95106e-007	-0.00875
6.95606e-007	-0.008125
6.96106e-007	-0.0075
6.96606e-007	-0.008125
6.97106e-007	-0.00875
6.97606e-007	-0.010625
6.98106e-007	-0.010625
6.98606e-007	-0.010625
6.99106e-007	-0.00875
6.99606e-007	-0.009375
7.00106e-007	-0.010625
7.00606e-007	-0.010625
7.01106e-007	-0.009375
7.01606e-007	-0.01
7.02106e-007	-0.008125
7.02606e-007	-0.0075
7.03106e-007	-0.00875
7.03606e-007	-0.01
7.04106e-007	-0.009375
7.04606e-007	-0.008125
7.05106e-007	-0.008125
7.05606e-007	-0.008125
7.06106e-007	-0.0075
7.06606e-007	-0.008125
7.07106e-007	-0.009375
7.07606e-007	-0.009375
7.08106e-007	-0.00875
7.08606e-007	-0.01
7.09106e-007	-0.009375
7.09606e-007	-0.00875
7.10106e-007	-0.009375
7.10606e-007	-0.009375
7.11106e-007	-0.009375
7.11606e-007	-0.01
7.12106e-007	-0.00875
7.12606e-007	-0.006875
7.13106e-007	-0.008125
7.13606e-007	-0.00875
7.14106e-007	-0.006875
7.14606e-007	-0.00625
7.15106e-007	-0.0075
7.15606e-007	-0.008125
7.16106e-007	-0.006875
7.16606e-007	-0.0075
7.17106e-007	-0.00875
7.17606e-007	-0.00875
7.18106e-007	-0.00875
7.18606e-007	-0.008125
7.19106e-007	-0.0075
7.19606e-007	-0.01
7.20106e-007	-0.01125
7.20606e-007	-0.006875
7.21106e-007	-0.0075
7.21606e-007	-0.009375
7.22106e-007	-0.008125
7.22606e-007	-0.008125
7.23106e-007	-0.0075
7.23606e-007	-0.0075
7.24106e-007	-0.00875
7.24606e-007	-0.00875
7.25106e-007	-0.0075
7.25606e-007	-0.00875
7.26106e-007	-0.009375
7.26606e-007	-0.009375
7.27106e-007	-0.00875
7.27606e-007	-0.00875
7.28106e-007	-0.00875
7.28606e-007	-0.00875
7.29106e-007	-0.0075
7.29606e-007	-0.008125
7.30106e-007	-0.01
7.30606e-007	-0.009375
7.31106e-007	-0.006875
7.31606e-007	-0.00875
7.32106e-007	-0.009375
7.32606e-007	-0.008125
7.33106e-007	-0.00875
7.33606e-007	-0.008125
7.34106e-007	-0.008125
7.34606e-007	-0.009375
7.35106e-007	-0.006875
7.35606e-007	-0.006875
7.36106e-007	-0.0075
7.36606e-007	-0.008125
7.37106e-007	-0.0075
7.37606e-007	-0.0075
7.38106e-007	-0.00875
7.38606e-007	-0.008125
7.39106e-007	-0.00875
7.39606e-007	-0.00875
7.40106e-007	-0.008125
7.40606e-007	-0.0075
7.41106e-007	-0.008125
7.41606e-007	-0.008125
7.42106e-007	-0.00875
7.42606e-007	-0.008125
7.43106e-007	-0.0075
7.43606e-007	-0.006875
7.44106e-007	-0.008125
7.44606e-007	-0.00875
7.45106e-007	-0.006875
7.45606e-007	-0.006875
7.46106e-007	-0.0075
7.46606e-007	-0.00875
7.47106e-007	-0.008125
7.47606e-007	-0.0075
7.48106e-007	-0.0075
7.48606e-007	-0.005625
7.49106e-007	-0.0075
7.49606e-007	-0.00875
7.50106e-007	-0.00875
7.50606e-007	-0.008125
7.51106e-007	-0.0075
7.51606e-007	-0.006875
7.52106e-007	-0.0075
7.52606e-007	-0.008125
7.53106e-007	-0.008125
7.53606e-007	-0.006875
7.54106e-007	-0.005625
7.54606e-007	-0.006875
7.55106e-007	-0.006875
7.55606e-007	-0.006875
7.56106e-007	-0.008125
7.56606e-007	-0.00875
7.57106e-007	-0.008125
7.57606e-007	-0.006875
7.58106e-007	-0.0075
7.58606e-007	-0.008125
7.59106e-007	-0.0075
7.59606e-007	-0.0075
7.60106e-007	-0.00875
7.60606e-007	-0.008125
7.61106e-007	-0.008125
7.61606e-007	-0.0075
7.62106e-007	-0.0075
7.62606e-007	-0.00625
7.63106e-007	-0.0075
7.63606e-007	-0.00625
7.64106e-007	-0.00625
7.64606e-007	-0.0075
7.65106e-007	-0.0075
7.65606e-007	-0.00625
7.66106e-007	-0.00625
7.66606e-007	-0.006875
7.67106e-007	-0.008125
7.67606e-007	-0.0075
7.68106e-007	-0.0075
7.68606e-007	-0.00625
7.69106e-007	-0.0075
7.69606e-007	-0.008125
7.70106e-007	-0.006875
7.70606e-007	-0.00625
7.71106e-007	-0.0075
7.71606e-007	-0.006875
7.72106e-007	-0.006875
7.72606e-007	-0.008125
7.73106e-007	-0.006875
7.73606e-007	-0.00625
7.74106e-007	-0.006875
7.74606e-007	-0.008125
7.75106e-007	-0.0075
7.75606e-007	-0.006875
7.76106e-007	-0.0075
7.76606e-007	-0.006875
7.77106e-007	-0.0075
7.77606e-007	-0.006875
7.78106e-007	-0.006875
7.78606e-007	-0.006875
7.79106e-007	-0.006875
7.79606e-007	-0.008125
7.80106e-007	-0.0075
7.80606e-007	-0.005625
7.81106e-007	-0.0075
7.81606e-007	-0.006875
7.82106e-007	-0.00625
7.82606e-007	-0.006875
7.83106e-007	-0.006875
7.83606e-007	-0.005625
7.84106e-007	-0.006875
7.84606e-007	-0.0075
7.85106e-007	-0.006875
7.85606e-007	-0.005625
7.86106e-007	-0.00625
7.86606e-007	-0.00625
7.87106e-007	-0.005625
7.87606e-007	-0.006875
7.88106e-007	-0.006875
7.88606e-007	-0.005625
7.89106e-007	-0.00625
7.89606e-007	-0.005625
7.90106e-007	-0.00625
7.90606e-007	-0.005625
7.91106e-007	-0.006875
7.91606e-007	-0.0075
7.92106e-007	-0.008125
7.92606e-007	-0.006875
7.93106e-007	-0.006875
7.93606e-007	-0.006875
7.94106e-007	-0.0075
7.94606e-007	-0.006875
7.95106e-007	-0.005625
7.95606e-007	-0.004375
7.96106e-007	-0.00625
7.96606e-007	-0.0075
7.97106e-007	-0.005625
7.97606e-007	-0.00625
7.98106e-007	-0.0075
7.98606e-007	-0.005625
7.99106e-007	-0.005
7.99606e-007	-0.005625
8.00106e-007	-0.00625
8.00606e-007	-0.00625
8.01106e-007	-0.006875
8.01606e-007	-0.008125
8.02106e-007	-0.008125
8.02606e-007	-0.006875
8.03106e-007	-0.006875
8.03606e-007	-0.006875
8.04106e-007	-0.006875
8.04606e-007	-0.0075
8.05106e-007	-0.006875
8.05606e-007	-0.006875
8.06106e-007	-0.0075
8.06606e-007	-0.006875
8.07106e-007	-0.006875
8.07606e-007	-0.006875
8.08106e-007	-0.006875
8.08606e-007	-0.005
8.09106e-007	-0.006875
8.09606e-007	-0.0075
8.10106e-007	-0.008125
8.10606e-007	-0.00625
8.11106e-007	-0.005625
8.11606e-007	-0.00625
8.12106e-007	-0.006875
8.12606e-007	-0.006875
8.13106e-007	-0.00625
8.13606e-007	-0.005625
8.14106e-007	-0.006875
8.14606e-007	-0.00875
8.15106e-007	-0.006875
8.15606e-007	-0.005
8.16106e-007	-0.005
8.16606e-007	-0.005
8.17106e-007	-0.00625
8.17606e-007	-0.00625
8.18106e-007	-0.00625
8.18606e-007	-0.005
8.19106e-007	-0.004375
8.19606e-007	-0.004375
8.20106e-007	-0.005625
8.20606e-007	-0.006875
8.21106e-007	-0.006875
8.21606e-007	-0.006875
8.22106e-007	-0.005625
8.22606e-007	-0.005
8.23106e-007	-0.00625
8.23606e-007	-0.006875
8.24106e-007	-0.00625
8.24606e-007	-0.00625
8.25106e-007	-0.0075
8.25606e-007	-0.005625
8.26106e-007	-0.006875
8.26606e-007	-0.006875
8.27106e-007	-0.005625
8.27606e-007	-0.00625
8.28106e-007	-0.006875
8.28606e-007	-0.005625
8.29106e-007	-0.00625
8.29606e-007	-0.00625
8.30106e-007	-0.006875
8.30606e-007	-0.005625
8.31106e-007	-0.00625
8.31606e-007	-0.006875
8.32106e-007	-0.00625
8.32606e-007	-0.005
8.33106e-007	-0.005625
8.33606e-007	-0.005625
8.34106e-007	-0.006875
8.34606e-007	-0.00625
8.35106e-007	-0.006875
8.35606e-007	-0.005625
8.36106e-007	-0.005625
8.36606e-007	-0.006875
8.37106e-007	-0.00625
8.37606e-007	-0.005625
8.38106e-007	-0.00625
8.38606e-007	-0.00625
8.39106e-007	-0.00625
8.39606e-007	-0.008125
8.40106e-007	-0.0075
8.40606e-007	-0.005625
8.41106e-007	-0.005625
8.41606e-007	-0.006875
8.42106e-007	-0.006875
8.42606e-007	-0.00625
8.43106e-007	-0.005625
8.43606e-007	-0.005
8.44106e-007	-0.00625
8.44606e-007	-0.00625
8.45106e-007	-0.005
8.45606e-007	-0.005625
8.46106e-007	-0.00625
8.46606e-007	-0.006875
8.47106e-007	-0.006875
8.47606e-007	-0.006875
8.48106e-007	-0.005
8.48606e-007	-0.00625
8.49106e-007	-0.006875
8.49606e-007	-0.006875
8.50106e-007	-0.008125
8.50606e-007	-0.00625
8.51106e-007	-0.006875
8.51606e-007	-0.00625
8.52106e-007	-0.00625
8.52606e-007	-0.006875
8.53106e-007	-0.006875
8.53606e-007	-0.00625
8.54106e-007	-0.005
8.54606e-007	-0.005
8.55106e-007	-0.00625
8.55606e-007	-0.005
8.56106e-007	-0.005
8.56606e-007	-0.005625
8.57106e-007	-0.005
8.57606e-007	-0.004375
8.58106e-007	-0.00625
8.58606e-007	-0.006875
8.59106e-007	-0.00625
8.59606e-007	-0.00625
8.60106e-007	-0.006875
8.60606e-007	-0.006875
8.61106e-007	-0.006875
8.61606e-007	-0.006875
8.62106e-007	-0.0075
8.62606e-007	-0.0075
8.63106e-007	-0.006875
8.63606e-007	-0.006875
8.64106e-007	-0.00625
8.64606e-007	-0.004375
8.65106e-007	-0.005
8.65606e-007	-0.00625
8.66106e-007	-0.005625
8.66606e-007	-0.004375
8.67106e-007	-0.004375
8.67606e-007	-0.004375
8.68106e-007	-0.005625
8.68606e-007	-0.005625
8.69106e-007	-0.00625
8.69606e-007	-0.005625
8.70106e-007	-0.005625
8.70606e-007	-0.006875
8.71106e-007	-0.00625
8.71606e-007	-0.006875
8.72106e-007	-0.0075
8.72606e-007	-0.005625
8.73106e-007	-0.00625
8.73606e-007	-0.005625
8.74106e-007	-0.005
8.74606e-007	-0.006875
8.75106e-007	-0.004375
8.75606e-007	-0.004375
8.76106e-007	-0.00625
8.76606e-007	-0.005625
8.77106e-007	-0.00625
8.77606e-007	-0.005
8.78106e-007	-0.006875
8.78606e-007	-0.005625
8.79106e-007	-0.004375
8.79606e-007	-0.005625
8.80106e-007	-0.006875
8.80606e-007	-0.005625
8.81106e-007	-0.006875
8.81606e-007	-0.0075
8.82106e-007	-0.0075
8.82606e-007	-0.005625
8.83106e-007	-0.005625
8.83606e-007	-0.005625
8.84106e-007	-0.006875
8.84606e-007	-0.005625
8.85106e-007	-0.005
8.85606e-007	-0.005625
8.86106e-007	-0.004375
8.86606e-007	-0.00375
8.87106e-007	-0.005625
8.87606e-007	-0.004375
8.88106e-007	-0.004375
8.88606e-007	-0.00375
8.89106e-007	-0.005
8.89606e-007	-0.006875
8.90106e-007	-0.005
8.90606e-007	-0.004375
8.91106e-007	-0.005625
8.91606e-007	-0.00625
8.92106e-007	-0.005625
8.92606e-007	-0.005625
8.93106e-007	-0.00625
8.93606e-007	-0.00625
8.94106e-007	-0.006875
8.94606e-007	-0.00625
8.95106e-007	-0.005625
8.95606e-007	-0.005625
8.96106e-007	-0.004375
8.96606e-007	-0.005
8.97106e-007	-0.005625
8.97606e-007	-0.004375
8.98106e-007	-0.004375
8.98606e-007	-0.004375
8.99106e-007	-0.005
8.99606e-007	-0.005
9.00106e-007	-0.004375
9.00606e-007	-0.005
9.01106e-007	-0.005
9.01606e-007	-0.004375
9.02106e-007	-0.005
9.02606e-007	-0.005
9.03106e-007	-0.005625
9.03606e-007	-0.005625
9.04106e-007	-0.00625
9.04606e-007	-0.005
9.05106e-007	-0.005625
9.05606e-007	-0.005625
9.06106e-007	-0.005625
9.06606e-007	-0.005
9.07106e-007	-0.005
9.07606e-007	-0.006875
9.08106e-007	-0.00625
9.08606e-007	-0.005
9.09106e-007	-0.005
9.09606e-007	-0.00375
9.10106e-007	-0.005
9.10606e-007	-0.004375
9.11106e-007	-0.005
9.11606e-007	-0.005
9.12106e-007	-0.00625
9.12606e-007	-0.004375
9.13106e-007	-0.004375
9.13606e-007	-0.004375
9.14106e-007	-0.005
9.14606e-007	-0.005
9.15106e-007	-0.005
9.15606e-007	-0.005625
9.16106e-007	-0.005625
9.16606e-007	-0.005
9.17106e-007	-0.005
9.17606e-007	-0.005
9.18106e-007	-0.004375
9.18606e-007	-0.003125
9.19106e-007	-0.004375
9.19606e-007	-0.005
9.20106e-007	-0.004375
9.20606e-007	-0.00375
9.21106e-007	-0.005625
9.21606e-007	-0.00375
9.22106e-007	-0.004375
9.22606e-007	-0.005625
9.23106e-007	-0.00625
9.23606e-007	-0.005
9.24106e-007	-0.005
9.24606e-007	-0.005625
9.25106e-007	-0.004375
9.25606e-007	-0.00375
9.26106e-007	-0.005625
9.26606e-007	-0.005
9.27106e-007	-0.004375
9.27606e-007	-0.005625
9.28106e-007	-0.00625
9.28606e-007	-0.00625
9.29106e-007	-0.004375
9.29606e-007	-0.00375
9.30106e-007	-0.005625
9.30606e-007	-0.005625
9.31106e-007	-0.005
9.31606e-007	-0.004375
9.32106e-007	-0.00375
9.32606e-007	-0.003125
9.33106e-007	-0.004375
9.33606e-007	-0.004375
9.34106e-007	-0.004375
9.34606e-007	-0.005625
9.35106e-007	-0.004375
9.35606e-007	-0.004375
9.36106e-007	-0.00625
9.36606e-007	-0.005625
9.37106e-007	-0.005625
9.37606e-007	-0.004375
9.38106e-007	-0.00375
9.38606e-007	-0.004375
9.39106e-007	-0.005
9.39606e-007	-0.004375
9.40106e-007	-0.004375
9.40606e-007	-0.004375
9.41106e-007	-0.004375
9.41606e-007	-0.004375
9.42106e-007	-0.005
9.42606e-007	-0.005
9.43106e-007	-0.00625
9.43606e-007	-0.005
9.44106e-007	-0.004375
9.44606e-007	-0.004375
9.45106e-007	-0.005
9.45606e-007	-0.004375
9.46106e-007	-0.004375
9.46606e-007	-0.00375
9.47106e-007	-0.003125
9.47606e-007	-0.005
9.48106e-007	-0.005625
9.48606e-007	-0.005625
9.49106e-007	-0.005
9.49606e-007	-0.004375
9.50106e-007	-0.005
9.50606e-007	-0.004375
9.51106e-007	-0.005
9.51606e-007	-0.004375
9.52106e-007	-0.00375
9.52606e-007	-0.00375
9.53106e-007	-0.004375
9.53606e-007	-0.003125
9.54106e-007	-0.004375
9.54606e-007	-0.00375
9.55106e-007	-0.00375
9.55606e-007	-0.00375
9.56106e-007	-0.00375
9.56606e-007	-0.00375
9.57106e-007	-0.005625
9.57606e-007	-0.004375
9.58106e-007	-0.004375
9.58606e-007	-0.004375
9.59106e-007	-0.004375
9.59606e-007	-0.004375
9.60106e-007	-0.004375
9.60606e-007	-0.00375
9.61106e-007	-0.004375
9.61606e-007	-0.00375
9.62106e-007	-0.00625
9.62606e-007	-0.005
9.63106e-007	-0.003125
9.63606e-007	-0.004375
9.64106e-007	-0.00375
9.64606e-007	-0.003125
9.65106e-007	-0.005
9.65606e-007	-0.005
9.66106e-007	-0.00375
9.66606e-007	-0.00375
9.67106e-007	-0.0025
9.67606e-007	-0.00375
9.68106e-007	-0.005
9.68606e-007	-0.003125
9.69106e-007	-0.00375
9.69606e-007	-0.003125
9.70106e-007	-0.003125
9.70606e-007	-0.004375
9.71106e-007	-0.005
9.71606e-007	-0.004375
9.72106e-007	-0.004375
9.72606e-007	-0.00375
9.73106e-007	-0.004375
9.73606e-007	-0.00375
9.74106e-007	-0.005
9.74606e-007	-0.00375
9.75106e-007	-0.004375
9.75606e-007	-0.005625
9.76106e-007	-0.005
9.76606e-007	-0.00375
9.77106e-007	-0.004375
9.77606e-007	-0.00375
9.78106e-007	-0.003125
9.78606e-007	-0.004375
9.79106e-007	-0.004375
9.79606e-007	-0.0025
9.80106e-007	-0.004375
9.80606e-007	-0.005
9.81106e-007	-0.005625
9.81606e-007	-0.005
9.82106e-007	-0.00375
9.82606e-007	-0.003125
9.83106e-007	-0.00375
9.83606e-007	-0.00375
9.84106e-007	-0.00375
9.84606e-007	-0.00375
9.85106e-007	-0.005
9.85606e-007	-0.004375
9.86106e-007	-0.004375
9.86606e-007	-0.004375
9.87106e-007	-0.00375
9.87606e-007	-0.00375
9.88106e-007	-0.004375
9.88606e-007	-0.003125
9.89106e-007	-0.004375
9.89606e-007	-0.003125
9.90106e-007	-0.00375
9.90606e-007	-0.004375
9.91106e-007	-0.004375
9.91606e-007	-0.003125
9.92106e-007	-0.004375
9.92606e-007	-0.004375
9.93106e-007	-0.003125
9.93606e-007	-0.004375
9.94106e-007	-0.004375
9.94606e-007	-0.004375
9.95106e-007	-0.00375
9.95606e-007	-0.0025
9.96106e-007	-0.005625
9.96606e-007	-0.00375
9.97106e-007	-0.00375
9.97606e-007	-0.004375
9.98106e-007	-0.004375
9.98606e-007	-0.004375
9.99106e-007	-0.003125
9.99606e-007	-0.003125
1.000106e-006	-0.00375
1.000606e-006	-0.00375
1.001106e-006	-0.005
1.001606e-006	-0.004375
1.002106e-006	-0.0025
1.002606e-006	-0.003125
1.003106e-006	-0.005
1.003606e-006	-0.00375
1.004106e-006	-0.0025
