LECROYWS454	16215	Waveform
Segments	1	SegmentSize	4002
Segment	TrigTime	TimeSinceSegment1
#1	29-Apr-2024 21:03:22	0                 
Time	Ampl
-9.96134e-007	-0.000625
-9.95634e-007	-0.000625
-9.95134e-007	-0.000625
-9.94634e-007	-0.000625
-9.94134e-007	0
-9.93634e-007	0
-9.93134e-007	0
-9.92634e-007	0.000625
-9.92134e-007	0
-9.91634e-007	0
-9.91134e-007	-0.000625
-9.90634e-007	-0.000625
-9.90134e-007	0
-9.89634e-007	-0.000625
-9.89134e-007	-0.00125
-9.88634e-007	0
-9.88134e-007	-0.000625
-9.87634e-007	-0.001875
-9.87134e-007	-0.00125
-9.86634e-007	-0.000625
-9.86134e-007	-0.00125
-9.85634e-007	-0.000625
-9.85134e-007	0.000625
-9.84634e-007	-0.00125
-9.84134e-007	-0.00125
-9.83634e-007	-0.001875
-9.83134e-007	-0.001875
-9.82634e-007	0
-9.82134e-007	-0.000625
-9.81634e-007	-0.000625
-9.81134e-007	-0.000625
-9.80634e-007	0
-9.80134e-007	-0.001875
-9.79634e-007	-0.001875
-9.79134e-007	0
-9.78634e-007	-0.000625
-9.78134e-007	-0.0025
-9.77634e-007	-0.0025
-9.77134e-007	-0.000625
-9.76634e-007	0
-9.76134e-007	-0.000625
-9.75634e-007	-0.00125
-9.75134e-007	-0.00125
-9.74634e-007	0.000625
-9.74134e-007	0
-9.73634e-007	-0.001875
-9.73134e-007	-0.001875
-9.72634e-007	-0.000625
-9.72134e-007	0
-9.71634e-007	-0.000625
-9.71134e-007	-0.001875
-9.70634e-007	-0.000625
-9.70134e-007	-0.000625
-9.69634e-007	-0.00125
-9.69134e-007	-0.001875
-9.68634e-007	-0.0025
-9.68134e-007	-0.000625
-9.67634e-007	-0.000625
-9.67134e-007	0
-9.66634e-007	-0.000625
-9.66134e-007	-0.000625
-9.65634e-007	0
-9.65134e-007	-0.000625
-9.64634e-007	-0.00125
-9.64134e-007	-0.000625
-9.63634e-007	0.000625
-9.63134e-007	0
-9.62634e-007	-0.001875
-9.62134e-007	-0.00125
-9.61634e-007	-0.000625
-9.61134e-007	0.000625
-9.60634e-007	-0.000625
-9.60134e-007	-0.001875
-9.59634e-007	-0.001875
-9.59134e-007	-0.001875
-9.58634e-007	-0.000625
-9.58134e-007	0.000625
-9.57634e-007	0.000625
-9.57134e-007	0.000625
-9.56634e-007	0
-9.56134e-007	-0.000625
-9.55634e-007	-0.000625
-9.55134e-007	0.000625
-9.54634e-007	0
-9.54134e-007	-0.00125
-9.53634e-007	-0.001875
-9.53134e-007	-0.00125
-9.52634e-007	0
-9.52134e-007	0
-9.51634e-007	-0.00125
-9.51134e-007	-0.001875
-9.50634e-007	-0.001875
-9.50134e-007	-0.00125
-9.49634e-007	-0.000625
-9.49134e-007	-0.0025
-9.48634e-007	-0.00125
-9.48134e-007	-0.000625
-9.47634e-007	-0.00125
-9.47134e-007	-0.000625
-9.46634e-007	0.000625
-9.46134e-007	-0.000625
-9.45634e-007	-0.00125
-9.45134e-007	-0.000625
-9.44634e-007	0.00125
-9.44134e-007	0.000625
-9.43634e-007	0.000625
-9.43134e-007	0.000625
-9.42634e-007	0
-9.42134e-007	-0.000625
-9.41634e-007	-0.001875
-9.41134e-007	-0.001875
-9.40634e-007	-0.00125
-9.40134e-007	-0.000625
-9.39634e-007	-0.000625
-9.39134e-007	-0.00125
-9.38634e-007	-0.001875
-9.38134e-007	-0.00125
-9.37634e-007	-0.00125
-9.37134e-007	-0.000625
-9.36634e-007	-0.00125
-9.36134e-007	-0.000625
-9.35634e-007	0
-9.35134e-007	0
-9.34634e-007	-0.000625
-9.34134e-007	0
-9.33634e-007	0.001875
-9.33134e-007	0.00125
-9.32634e-007	-0.00125
-9.32134e-007	0
-9.31634e-007	0.000625
-9.31134e-007	0
-9.30634e-007	-0.00125
-9.30134e-007	-0.001875
-9.29634e-007	-0.000625
-9.29134e-007	-0.000625
-9.28634e-007	-0.00125
-9.28134e-007	0
-9.27634e-007	-0.00125
-9.27134e-007	-0.00125
-9.26634e-007	0
-9.26134e-007	-0.00125
-9.25634e-007	-0.0025
-9.25134e-007	-0.00125
-9.24634e-007	-0.000625
-9.24134e-007	-0.00125
-9.23634e-007	0.000625
-9.23134e-007	0
-9.22634e-007	-0.001875
-9.22134e-007	-0.001875
-9.21634e-007	-0.00125
-9.21134e-007	-0.000625
-9.20634e-007	-0.000625
-9.20134e-007	-0.000625
-9.19634e-007	-0.00125
-9.19134e-007	-0.001875
-9.18634e-007	-0.00125
-9.18134e-007	0.000625
-9.17634e-007	-0.000625
-9.17134e-007	-0.00125
-9.16634e-007	-0.00125
-9.16134e-007	-0.000625
-9.15634e-007	0
-9.15134e-007	-0.001875
-9.14634e-007	-0.001875
-9.14134e-007	0
-9.13634e-007	-0.000625
-9.13134e-007	-0.003125
-9.12634e-007	-0.00125
-9.12134e-007	0.000625
-9.11634e-007	0.000625
-9.11134e-007	-0.000625
-9.10634e-007	-0.00125
-9.10134e-007	-0.000625
-9.09634e-007	0.000625
-9.09134e-007	0
-9.08634e-007	-0.00125
-9.08134e-007	-0.00125
-9.07634e-007	-0.000625
-9.07134e-007	-0.00125
-9.06634e-007	-0.001875
-9.06134e-007	-0.00125
-9.05634e-007	-0.001875
-9.05134e-007	-0.001875
-9.04634e-007	-0.001875
-9.04134e-007	-0.001875
-9.03634e-007	-0.00125
-9.03134e-007	-0.00125
-9.02634e-007	-0.0025
-9.02134e-007	-0.001875
-9.01634e-007	-0.001875
-9.01134e-007	-0.001875
-9.00634e-007	-0.00125
-9.00134e-007	-0.000625
-8.99634e-007	-0.001875
-8.99134e-007	-0.00125
-8.98634e-007	0
-8.98134e-007	-0.00125
-8.97634e-007	-0.001875
-8.97134e-007	0.000625
-8.96634e-007	0
-8.96134e-007	-0.003125
-8.95634e-007	-0.003125
-8.95134e-007	-0.00125
-8.94634e-007	-0.001875
-8.94134e-007	-0.003125
-8.93634e-007	-0.001875
-8.93134e-007	-0.000625
-8.92634e-007	-0.001875
-8.92134e-007	-0.000625
-8.91634e-007	-0.001875
-8.91134e-007	-0.000625
-8.90634e-007	-0.000625
-8.90134e-007	-0.001875
-8.89634e-007	-0.00125
-8.89134e-007	-0.001875
-8.88634e-007	-0.001875
-8.88134e-007	-0.000625
-8.87634e-007	0
-8.87134e-007	0
-8.86634e-007	-0.001875
-8.86134e-007	-0.00375
-8.85634e-007	-0.00125
-8.85134e-007	-0.000625
-8.84634e-007	-0.0025
-8.84134e-007	-0.001875
-8.83634e-007	-0.001875
-8.83134e-007	-0.001875
-8.82634e-007	-0.001875
-8.82134e-007	-0.000625
-8.81634e-007	-0.000625
-8.81134e-007	-0.0025
-8.80634e-007	-0.001875
-8.80134e-007	-0.000625
-8.79634e-007	-0.00125
-8.79134e-007	-0.0025
-8.78634e-007	-0.000625
-8.78134e-007	-0.000625
-8.77634e-007	-0.001875
-8.77134e-007	-0.00125
-8.76634e-007	-0.00125
-8.76134e-007	-0.0025
-8.75634e-007	-0.0025
-8.75134e-007	-0.00125
-8.74634e-007	-0.00125
-8.74134e-007	-0.000625
-8.73634e-007	-0.001875
-8.73134e-007	-0.000625
-8.72634e-007	-0.00125
-8.72134e-007	-0.00125
-8.71634e-007	-0.001875
-8.71134e-007	-0.0025
-8.70634e-007	-0.000625
-8.70134e-007	-0.00125
-8.69634e-007	-0.00125
-8.69134e-007	0
-8.68634e-007	-0.00125
-8.68134e-007	-0.00125
-8.67634e-007	0
-8.67134e-007	-0.00125
-8.66634e-007	-0.00125
-8.66134e-007	-0.000625
-8.65634e-007	-0.000625
-8.65134e-007	-0.001875
-8.64634e-007	-0.001875
-8.64134e-007	-0.000625
-8.63634e-007	-0.00125
-8.63134e-007	0
-8.62634e-007	-0.000625
-8.62134e-007	-0.001875
-8.61634e-007	-0.0025
-8.61134e-007	-0.00125
-8.60634e-007	-0.000625
-8.60134e-007	-0.00125
-8.59634e-007	-0.001875
-8.59134e-007	-0.0025
-8.58634e-007	-0.00125
-8.58134e-007	-0.000625
-8.57634e-007	-0.0025
-8.57134e-007	-0.0025
-8.56634e-007	-0.00125
-8.56134e-007	-0.00125
-8.55634e-007	-0.000625
-8.55134e-007	-0.00125
-8.54634e-007	-0.001875
-8.54134e-007	0
-8.53634e-007	0
-8.53134e-007	-0.00125
-8.52634e-007	-0.000625
-8.52134e-007	0
-8.51634e-007	-0.000625
-8.51134e-007	-0.00125
-8.50634e-007	-0.00125
-8.50134e-007	-0.000625
-8.49634e-007	-0.001875
-8.49134e-007	-0.003125
-8.48634e-007	-0.0025
-8.48134e-007	0
-8.47634e-007	-0.001875
-8.47134e-007	-0.00125
-8.46634e-007	-0.000625
-8.46134e-007	-0.00125
-8.45634e-007	-0.00125
-8.45134e-007	-0.001875
-8.44634e-007	-0.00125
-8.44134e-007	-0.00125
-8.43634e-007	-0.00125
-8.43134e-007	0.000625
-8.42634e-007	-0.000625
-8.42134e-007	-0.00125
-8.41634e-007	-0.000625
-8.41134e-007	-0.00125
-8.40634e-007	-0.00125
-8.40134e-007	-0.000625
-8.39634e-007	-0.001875
-8.39134e-007	-0.00125
-8.38634e-007	0
-8.38134e-007	-0.000625
-8.37634e-007	-0.001875
-8.37134e-007	-0.00125
-8.36634e-007	-0.001875
-8.36134e-007	-0.001875
-8.35634e-007	-0.00125
-8.35134e-007	-0.001875
-8.34634e-007	0
-8.34134e-007	0.000625
-8.33634e-007	0
-8.33134e-007	0.000625
-8.32634e-007	-0.000625
-8.32134e-007	-0.000625
-8.31634e-007	-0.001875
-8.31134e-007	-0.001875
-8.30634e-007	-0.00125
-8.30134e-007	-0.001875
-8.29634e-007	-0.000625
-8.29134e-007	-0.00125
-8.28634e-007	-0.0025
-8.28134e-007	-0.000625
-8.27634e-007	-0.000625
-8.27134e-007	-0.003125
-8.26634e-007	-0.0025
-8.26134e-007	-0.000625
-8.25634e-007	-0.000625
-8.25134e-007	-0.000625
-8.24634e-007	-0.00125
-8.24134e-007	-0.001875
-8.23634e-007	0.000625
-8.23134e-007	0.00125
-8.22634e-007	0.000625
-8.22134e-007	0
-8.21634e-007	-0.001875
-8.21134e-007	-0.00125
-8.20634e-007	-0.000625
-8.20134e-007	-0.001875
-8.19634e-007	-0.000625
-8.19134e-007	-0.00125
-8.18634e-007	-0.001875
-8.18134e-007	-0.000625
-8.17634e-007	-0.00125
-8.17134e-007	-0.0025
-8.16634e-007	-0.00125
-8.16134e-007	0.000625
-8.15634e-007	-0.000625
-8.15134e-007	-0.00125
-8.14634e-007	-0.000625
-8.14134e-007	-0.000625
-8.13634e-007	-0.0025
-8.13134e-007	-0.001875
-8.12634e-007	-0.000625
-8.12134e-007	0
-8.11634e-007	-0.000625
-8.11134e-007	-0.0025
-8.10634e-007	-0.00125
-8.10134e-007	-0.00125
-8.09634e-007	-0.00125
-8.09134e-007	-0.00125
-8.08634e-007	-0.000625
-8.08134e-007	-0.00125
-8.07634e-007	-0.001875
-8.07134e-007	-0.00125
-8.06634e-007	-0.001875
-8.06134e-007	-0.00125
-8.05634e-007	-0.000625
-8.05134e-007	-0.000625
-8.04634e-007	-0.00125
-8.04134e-007	-0.00125
-8.03634e-007	-0.000625
-8.03134e-007	-0.000625
-8.02634e-007	-0.00125
-8.02134e-007	-0.00125
-8.01634e-007	-0.000625
-8.01134e-007	0.000625
-8.00634e-007	-0.000625
-8.00134e-007	-0.001875
-7.99634e-007	-0.000625
-7.99134e-007	-0.000625
-7.98634e-007	-0.001875
-7.98134e-007	-0.001875
-7.97634e-007	-0.000625
-7.97134e-007	-0.001875
-7.96634e-007	-0.000625
-7.96134e-007	-0.00125
-7.95634e-007	-0.000625
-7.95134e-007	-0.00125
-7.94634e-007	-0.001875
-7.94134e-007	0
-7.93634e-007	0.00125
-7.93134e-007	0
-7.92634e-007	-0.001875
-7.92134e-007	-0.001875
-7.91634e-007	-0.001875
-7.91134e-007	-0.00125
-7.90634e-007	-0.00125
-7.90134e-007	-0.00125
-7.89634e-007	-0.000625
-7.89134e-007	-0.00125
-7.88634e-007	-0.0025
-7.88134e-007	-0.001875
-7.87634e-007	-0.00125
-7.87134e-007	-0.000625
-7.86634e-007	-0.000625
-7.86134e-007	-0.00125
-7.85634e-007	-0.00125
-7.85134e-007	-0.00125
-7.84634e-007	-0.000625
-7.84134e-007	0
-7.83634e-007	-0.000625
-7.83134e-007	0
-7.82634e-007	0
-7.82134e-007	-0.000625
-7.81634e-007	-0.000625
-7.81134e-007	-0.000625
-7.80634e-007	0
-7.80134e-007	0.000625
-7.79634e-007	-0.000625
-7.79134e-007	-0.000625
-7.78634e-007	-0.000625
-7.78134e-007	-0.000625
-7.77634e-007	-0.000625
-7.77134e-007	-0.000625
-7.76634e-007	-0.00125
-7.76134e-007	-0.00125
-7.75634e-007	0
-7.75134e-007	-0.000625
-7.74634e-007	-0.001875
-7.74134e-007	-0.0025
-7.73634e-007	-0.001875
-7.73134e-007	0
-7.72634e-007	0.000625
-7.72134e-007	0
-7.71634e-007	-0.000625
-7.71134e-007	0
-7.70634e-007	-0.000625
-7.70134e-007	0.000625
-7.69634e-007	0.000625
-7.69134e-007	-0.000625
-7.68634e-007	-0.000625
-7.68134e-007	0
-7.67634e-007	0
-7.67134e-007	-0.00125
-7.66634e-007	-0.000625
-7.66134e-007	0
-7.65634e-007	-0.00125
-7.65134e-007	-0.00125
-7.64634e-007	-0.00125
-7.64134e-007	-0.00125
-7.63634e-007	-0.001875
-7.63134e-007	-0.00125
-7.62634e-007	-0.000625
-7.62134e-007	-0.00125
-7.61634e-007	0
-7.61134e-007	0.000625
-7.60634e-007	0.000625
-7.60134e-007	0
-7.59634e-007	-0.00125
-7.59134e-007	-0.000625
-7.58634e-007	-0.00125
-7.58134e-007	-0.001875
-7.57634e-007	-0.000625
-7.57134e-007	0.000625
-7.56634e-007	0.000625
-7.56134e-007	-0.00125
-7.55634e-007	-0.001875
-7.55134e-007	-0.000625
-7.54634e-007	0.000625
-7.54134e-007	-0.001875
-7.53634e-007	-0.003125
-7.53134e-007	-0.001875
-7.52634e-007	0
-7.52134e-007	-0.000625
-7.51634e-007	-0.000625
-7.51134e-007	0
-7.50634e-007	-0.000625
-7.50134e-007	-0.00125
-7.49634e-007	0
-7.49134e-007	0.000625
-7.48634e-007	0
-7.48134e-007	0.000625
-7.47634e-007	-0.000625
-7.47134e-007	0
-7.46634e-007	0.000625
-7.46134e-007	-0.00125
-7.45634e-007	-0.00125
-7.45134e-007	0
-7.44634e-007	-0.000625
-7.44134e-007	-0.000625
-7.43634e-007	-0.000625
-7.43134e-007	-0.00125
-7.42634e-007	-0.0025
-7.42134e-007	0
-7.41634e-007	0.000625
-7.41134e-007	-0.00125
-7.40634e-007	-0.000625
-7.40134e-007	0.000625
-7.39634e-007	0.00125
-7.39134e-007	0
-7.38634e-007	0
-7.38134e-007	0.000625
-7.37634e-007	0
-7.37134e-007	0.000625
-7.36634e-007	0.000625
-7.36134e-007	-0.000625
-7.35634e-007	-0.001875
-7.35134e-007	-0.0025
-7.34634e-007	-0.001875
-7.34134e-007	-0.0025
-7.33634e-007	-0.001875
-7.33134e-007	-0.00125
-7.32634e-007	-0.001875
-7.32134e-007	-0.0025
-7.31634e-007	-0.001875
-7.31134e-007	-0.001875
-7.30634e-007	-0.000625
-7.30134e-007	0.00125
-7.29634e-007	-0.000625
-7.29134e-007	0
-7.28634e-007	0
-7.28134e-007	0
-7.27634e-007	0
-7.27134e-007	0
-7.26634e-007	0
-7.26134e-007	-0.000625
-7.25634e-007	-0.00125
-7.25134e-007	-0.00125
-7.24634e-007	-0.00125
-7.24134e-007	0
-7.23634e-007	-0.00125
-7.23134e-007	-0.00125
-7.22634e-007	-0.001875
-7.22134e-007	0
-7.21634e-007	-0.00125
-7.21134e-007	-0.00125
-7.20634e-007	-0.00125
-7.20134e-007	-0.001875
-7.19634e-007	0
-7.19134e-007	0
-7.18634e-007	-0.000625
-7.18134e-007	0.00125
-7.17634e-007	0.000625
-7.17134e-007	-0.00125
-7.16634e-007	-0.000625
-7.16134e-007	-0.000625
-7.15634e-007	0
-7.15134e-007	-0.000625
-7.14634e-007	-0.000625
-7.14134e-007	-0.00125
-7.13634e-007	-0.00125
-7.13134e-007	-0.000625
-7.12634e-007	-0.001875
-7.12134e-007	-0.0025
-7.11634e-007	0
-7.11134e-007	0
-7.10634e-007	0
-7.10134e-007	-0.000625
-7.09634e-007	-0.000625
-7.09134e-007	-0.000625
-7.08634e-007	-0.001875
-7.08134e-007	-0.001875
-7.07634e-007	-0.00125
-7.07134e-007	0
-7.06634e-007	-0.00125
-7.06134e-007	-0.000625
-7.05634e-007	-0.000625
-7.05134e-007	-0.00125
-7.04634e-007	0
-7.04134e-007	0.000625
-7.03634e-007	0
-7.03134e-007	-0.000625
-7.02634e-007	-0.000625
-7.02134e-007	0
-7.01634e-007	0
-7.01134e-007	-0.00125
-7.00634e-007	-0.00125
-7.00134e-007	0
-6.99634e-007	-0.000625
-6.99134e-007	-0.001875
-6.98634e-007	-0.001875
-6.98134e-007	-0.00125
-6.97634e-007	-0.00125
-6.97134e-007	-0.000625
-6.96634e-007	-0.00125
-6.96134e-007	-0.00125
-6.95634e-007	0.000625
-6.95134e-007	0
-6.94634e-007	0
-6.94134e-007	-0.000625
-6.93634e-007	-0.000625
-6.93134e-007	-0.000625
-6.92634e-007	-0.000625
-6.92134e-007	0.00125
-6.91634e-007	0.00125
-6.91134e-007	0.000625
-6.90634e-007	-0.000625
-6.90134e-007	-0.000625
-6.89634e-007	0.000625
-6.89134e-007	-0.000625
-6.88634e-007	-0.000625
-6.88134e-007	-0.001875
-6.87634e-007	-0.0025
-6.87134e-007	-0.0025
-6.86634e-007	-0.0025
-6.86134e-007	-0.001875
-6.85634e-007	-0.000625
-6.85134e-007	-0.000625
-6.84634e-007	-0.000625
-6.84134e-007	-0.000625
-6.83634e-007	-0.00125
-6.83134e-007	0
-6.82634e-007	-0.000625
-6.82134e-007	-0.000625
-6.81634e-007	0.001875
-6.81134e-007	0.00125
-6.80634e-007	-0.000625
-6.80134e-007	0.00125
-6.79634e-007	0.000625
-6.79134e-007	-0.001875
-6.78634e-007	-0.00125
-6.78134e-007	-0.00125
-6.77634e-007	-0.001875
-6.77134e-007	-0.001875
-6.76634e-007	-0.00125
-6.76134e-007	-0.0025
-6.75634e-007	-0.003125
-6.75134e-007	-0.00125
-6.74634e-007	-0.00125
-6.74134e-007	-0.00125
-6.73634e-007	-0.00125
-6.73134e-007	0
-6.72634e-007	0
-6.72134e-007	-0.000625
-6.71634e-007	0.000625
-6.71134e-007	0.001875
-6.70634e-007	0.00125
-6.70134e-007	0.00125
-6.69634e-007	0.000625
-6.69134e-007	-0.000625
-6.68634e-007	-0.000625
-6.68134e-007	-0.001875
-6.67634e-007	0
-6.67134e-007	-0.0025
-6.66634e-007	-0.003125
-6.66134e-007	-0.00125
-6.65634e-007	-0.0025
-6.65134e-007	-0.001875
-6.64634e-007	-0.0025
-6.64134e-007	-0.000625
-6.63634e-007	-0.00125
-6.63134e-007	-0.00125
-6.62634e-007	0.000625
-6.62134e-007	0.000625
-6.61634e-007	0.000625
-6.61134e-007	0
-6.60634e-007	0.00125
-6.60134e-007	0.000625
-6.59634e-007	0.000625
-6.59134e-007	0.000625
-6.58634e-007	0
-6.58134e-007	0.000625
-6.57634e-007	-0.00125
-6.57134e-007	-0.003125
-6.56634e-007	-0.0025
-6.56134e-007	-0.00125
-6.55634e-007	-0.000625
-6.55134e-007	-0.00125
-6.54634e-007	-0.001875
-6.54134e-007	-0.00125
-6.53634e-007	-0.00125
-6.53134e-007	-0.00125
-6.52634e-007	-0.000625
-6.52134e-007	-0.000625
-6.51634e-007	0
-6.51134e-007	0
-6.50634e-007	0.000625
-6.50134e-007	0.001875
-6.49634e-007	0.00125
-6.49134e-007	0.000625
-6.48634e-007	0.00125
-6.48134e-007	0.000625
-6.47634e-007	0
-6.47134e-007	-0.000625
-6.46634e-007	0
-6.46134e-007	0
-6.45634e-007	-0.00125
-6.45134e-007	-0.00125
-6.44634e-007	-0.00125
-6.44134e-007	-0.001875
-6.43634e-007	-0.0025
-6.43134e-007	-0.001875
-6.42634e-007	-0.00125
-6.42134e-007	-0.000625
-6.41634e-007	-0.00125
-6.41134e-007	0
-6.40634e-007	0.000625
-6.40134e-007	0
-6.39634e-007	-0.000625
-6.39134e-007	-0.00125
-6.38634e-007	-0.000625
-6.38134e-007	0
-6.37634e-007	0.000625
-6.37134e-007	0.000625
-6.36634e-007	0
-6.36134e-007	0.000625
-6.35634e-007	-0.000625
-6.35134e-007	-0.00125
-6.34634e-007	-0.000625
-6.34134e-007	-0.000625
-6.33634e-007	-0.001875
-6.33134e-007	-0.00125
-6.32634e-007	-0.001875
-6.32134e-007	-0.001875
-6.31634e-007	0
-6.31134e-007	0.00125
-6.30634e-007	0
-6.30134e-007	0
-6.29634e-007	0.000625
-6.29134e-007	0.000625
-6.28634e-007	0
-6.28134e-007	-0.000625
-6.27634e-007	0
-6.27134e-007	0.000625
-6.26634e-007	0.000625
-6.26134e-007	0.000625
-6.25634e-007	0.000625
-6.25134e-007	0.000625
-6.24634e-007	-0.00125
-6.24134e-007	-0.00125
-6.23634e-007	0
-6.23134e-007	-0.000625
-6.22634e-007	-0.000625
-6.22134e-007	0
-6.21634e-007	0.000625
-6.21134e-007	-0.000625
-6.20634e-007	-0.0025
-6.20134e-007	-0.001875
-6.19634e-007	-0.000625
-6.19134e-007	-0.00125
-6.18634e-007	-0.000625
-6.18134e-007	0.000625
-6.17634e-007	-0.000625
-6.17134e-007	0
-6.16634e-007	0.000625
-6.16134e-007	0.000625
-6.15634e-007	-0.001875
-6.15134e-007	-0.000625
-6.14634e-007	0.000625
-6.14134e-007	0
-6.13634e-007	-0.000625
-6.13134e-007	0.000625
-6.12634e-007	0
-6.12134e-007	0
-6.11634e-007	-0.000625
-6.11134e-007	-0.001875
-6.10634e-007	-0.0025
-6.10134e-007	-0.0025
-6.09634e-007	-0.000625
-6.09134e-007	-0.000625
-6.08634e-007	-0.001875
-6.08134e-007	-0.001875
-6.07634e-007	-0.000625
-6.07134e-007	0.000625
-6.06634e-007	0.000625
-6.06134e-007	0
-6.05634e-007	-0.00125
-6.05134e-007	0
-6.04634e-007	0.00125
-6.04134e-007	0.000625
-6.03634e-007	0.000625
-6.03134e-007	0.000625
-6.02634e-007	0.000625
-6.02134e-007	-0.001875
-6.01634e-007	0.000625
-6.01134e-007	0.000625
-6.00634e-007	-0.001875
-6.00134e-007	-0.000625
-5.99634e-007	-0.000625
-5.99134e-007	-0.000625
-5.98634e-007	-0.001875
-5.98134e-007	-0.001875
-5.97634e-007	0
-5.97134e-007	0
-5.96634e-007	-0.001875
-5.96134e-007	-0.00125
-5.95634e-007	-0.000625
-5.95134e-007	0.00125
-5.94634e-007	0.000625
-5.94134e-007	-0.00125
-5.93634e-007	-0.000625
-5.93134e-007	0.000625
-5.92634e-007	-0.000625
-5.92134e-007	0
-5.91634e-007	0
-5.91134e-007	0.000625
-5.90634e-007	-0.000625
-5.90134e-007	-0.00125
-5.89634e-007	-0.000625
-5.89134e-007	-0.00125
-5.88634e-007	-0.001875
-5.88134e-007	-0.0025
-5.87634e-007	-0.001875
-5.87134e-007	0.000625
-5.86634e-007	0.000625
-5.86134e-007	-0.00125
-5.85634e-007	-0.000625
-5.85134e-007	-0.001875
-5.84634e-007	-0.00125
-5.84134e-007	0.000625
-5.83634e-007	0.001875
-5.83134e-007	0.00125
-5.82634e-007	0
-5.82134e-007	0
-5.81634e-007	0
-5.81134e-007	0.000625
-5.80634e-007	0.00125
-5.80134e-007	0
-5.79634e-007	-0.00125
-5.79134e-007	-0.000625
-5.78634e-007	-0.001875
-5.78134e-007	-0.001875
-5.77634e-007	-0.000625
-5.77134e-007	0.000625
-5.76634e-007	0
-5.76134e-007	-0.00125
-5.75634e-007	-0.001875
-5.75134e-007	0
-5.74634e-007	0
-5.74134e-007	-0.0025
-5.73634e-007	-0.000625
-5.73134e-007	0.001875
-5.72634e-007	0.000625
-5.72134e-007	-0.000625
-5.71634e-007	0.000625
-5.71134e-007	0.001875
-5.70634e-007	0.00125
-5.70134e-007	0.000625
-5.69634e-007	0.000625
-5.69134e-007	-0.000625
-5.68634e-007	0
-5.68134e-007	-0.000625
-5.67634e-007	0
-5.67134e-007	0
-5.66634e-007	0.000625
-5.66134e-007	-0.000625
-5.65634e-007	-0.000625
-5.65134e-007	-0.00125
-5.64634e-007	-0.000625
-5.64134e-007	-0.000625
-5.63634e-007	-0.00125
-5.63134e-007	0.000625
-5.62634e-007	0.000625
-5.62134e-007	0
-5.61634e-007	0
-5.61134e-007	0
-5.60634e-007	0.000625
-5.60134e-007	0.000625
-5.59634e-007	0
-5.59134e-007	0
-5.58634e-007	0
-5.58134e-007	-0.000625
-5.57634e-007	-0.00125
-5.57134e-007	-0.000625
-5.56634e-007	-0.000625
-5.56134e-007	-0.000625
-5.55634e-007	0
-5.55134e-007	0.00125
-5.54634e-007	0.000625
-5.54134e-007	-0.001875
-5.53634e-007	-0.000625
-5.53134e-007	0.000625
-5.52634e-007	-0.001875
-5.52134e-007	-0.000625
-5.51634e-007	-0.000625
-5.51134e-007	-0.000625
-5.50634e-007	0
-5.50134e-007	-0.000625
-5.49634e-007	-0.00125
-5.49134e-007	0
-5.48634e-007	0
-5.48134e-007	0.000625
-5.47634e-007	-0.00125
-5.47134e-007	-0.000625
-5.46634e-007	0.000625
-5.46134e-007	0
-5.45634e-007	-0.000625
-5.45134e-007	-0.00125
-5.44634e-007	-0.001875
-5.44134e-007	0
-5.43634e-007	0.000625
-5.43134e-007	-0.000625
-5.42634e-007	-0.00125
-5.42134e-007	-0.00125
-5.41634e-007	-0.000625
-5.41134e-007	0
-5.40634e-007	0.000625
-5.40134e-007	0
-5.39634e-007	-0.000625
-5.39134e-007	0
-5.38634e-007	0.000625
-5.38134e-007	-0.001875
-5.37634e-007	0.000625
-5.37134e-007	0.00125
-5.36634e-007	-0.00125
-5.36134e-007	0.000625
-5.35634e-007	0.00125
-5.35134e-007	0
-5.34634e-007	-0.001875
-5.34134e-007	0
-5.33634e-007	0.000625
-5.33134e-007	-0.000625
-5.32634e-007	-0.000625
-5.32134e-007	0.000625
-5.31634e-007	0
-5.31134e-007	-0.001875
-5.30634e-007	-0.00125
-5.30134e-007	-0.000625
-5.29634e-007	-0.00125
-5.29134e-007	-0.00125
-5.28634e-007	-0.000625
-5.28134e-007	0.000625
-5.27634e-007	-0.000625
-5.27134e-007	-0.00125
-5.26634e-007	0
-5.26134e-007	0.00125
-5.25634e-007	0.00125
-5.25134e-007	0.000625
-5.24634e-007	0
-5.24134e-007	0
-5.23634e-007	0.000625
-5.23134e-007	0.000625
-5.22634e-007	0
-5.22134e-007	0
-5.21634e-007	0.000625
-5.21134e-007	-0.000625
-5.20634e-007	-0.001875
-5.20134e-007	-0.00125
-5.19634e-007	-0.000625
-5.19134e-007	0.000625
-5.18634e-007	-0.000625
-5.18134e-007	-0.00125
-5.17634e-007	-0.00125
-5.17134e-007	-0.00125
-5.16634e-007	0.000625
-5.16134e-007	0
-5.15634e-007	0
-5.15134e-007	0
-5.14634e-007	-0.000625
-5.14134e-007	0
-5.13634e-007	0.00125
-5.13134e-007	0.00125
-5.12634e-007	-0.000625
-5.12134e-007	-0.001875
-5.11634e-007	-0.00125
-5.11134e-007	0.000625
-5.10634e-007	0
-5.10134e-007	-0.000625
-5.09634e-007	0
-5.09134e-007	-0.000625
-5.08634e-007	-0.00125
-5.08134e-007	-0.001875
-5.07634e-007	-0.00125
-5.07134e-007	-0.000625
-5.06634e-007	0
-5.06134e-007	-0.000625
-5.05634e-007	-0.000625
-5.05134e-007	0
-5.04634e-007	0
-5.04134e-007	0.000625
-5.03634e-007	0.00125
-5.03134e-007	0.000625
-5.02634e-007	0
-5.02134e-007	-0.00125
-5.01634e-007	0
-5.01134e-007	0
-5.00634e-007	-0.000625
-5.00134e-007	-0.000625
-4.99634e-007	-0.00125
-4.99134e-007	-0.00125
-4.98634e-007	0
-4.98134e-007	0
-4.97634e-007	-0.000625
-4.97134e-007	-0.000625
-4.96634e-007	-0.001875
-4.96134e-007	-0.00125
-4.95634e-007	-0.000625
-4.95134e-007	0.000625
-4.94634e-007	0
-4.94134e-007	-0.00125
-4.93634e-007	0.000625
-4.93134e-007	0.000625
-4.92634e-007	0
-4.92134e-007	0
-4.91634e-007	0
-4.91134e-007	0
-4.90634e-007	0
-4.90134e-007	0
-4.89634e-007	-0.000625
-4.89134e-007	0.000625
-4.88634e-007	-0.000625
-4.88134e-007	-0.00125
-4.87634e-007	0
-4.87134e-007	-0.000625
-4.86634e-007	-0.00125
-4.86134e-007	0
-4.85634e-007	-0.00125
-4.85134e-007	-0.00125
-4.84634e-007	-0.000625
-4.84134e-007	0.00125
-4.83634e-007	0
-4.83134e-007	-0.000625
-4.82634e-007	-0.000625
-4.82134e-007	-0.000625
-4.81634e-007	-0.000625
-4.81134e-007	0.00125
-4.80634e-007	-0.000625
-4.80134e-007	-0.000625
-4.79634e-007	0.000625
-4.79134e-007	-0.000625
-4.78634e-007	-0.000625
-4.78134e-007	-0.00125
-4.77634e-007	-0.001875
-4.77134e-007	-0.000625
-4.76634e-007	0.00125
-4.76134e-007	-0.00125
-4.75634e-007	-0.00125
-4.75134e-007	0.000625
-4.74634e-007	-0.000625
-4.74134e-007	-0.001875
-4.73634e-007	-0.00125
-4.73134e-007	-0.00125
-4.72634e-007	0
-4.72134e-007	0
-4.71634e-007	-0.001875
-4.71134e-007	-0.001875
-4.70634e-007	0
-4.70134e-007	0.00125
-4.69634e-007	-0.00125
-4.69134e-007	0
-4.68634e-007	-0.000625
-4.68134e-007	0
-4.67634e-007	0.00125
-4.67134e-007	0.000625
-4.66634e-007	-0.00125
-4.66134e-007	0.000625
-4.65634e-007	0.001875
-4.65134e-007	0
-4.64634e-007	-0.00125
-4.64134e-007	0
-4.63634e-007	0.000625
-4.63134e-007	0
-4.62634e-007	-0.00125
-4.62134e-007	0
-4.61634e-007	0.000625
-4.61134e-007	-0.000625
-4.60634e-007	-0.000625
-4.60134e-007	0.000625
-4.59634e-007	0
-4.59134e-007	0.000625
-4.58634e-007	0
-4.58134e-007	-0.00125
-4.57634e-007	-0.000625
-4.57134e-007	0
-4.56634e-007	0
-4.56134e-007	0
-4.55634e-007	0.000625
-4.55134e-007	0
-4.54634e-007	0
-4.54134e-007	0.00125
-4.53634e-007	0
-4.53134e-007	-0.000625
-4.52634e-007	-0.000625
-4.52134e-007	-0.00125
-4.51634e-007	-0.000625
-4.51134e-007	0.000625
-4.50634e-007	-0.000625
-4.50134e-007	-0.00125
-4.49634e-007	-0.00125
-4.49134e-007	0
-4.48634e-007	-0.000625
-4.48134e-007	0
-4.47634e-007	0.000625
-4.47134e-007	0
-4.46634e-007	0.000625
-4.46134e-007	0
-4.45634e-007	-0.00125
-4.45134e-007	0.000625
-4.44634e-007	0.001875
-4.44134e-007	-0.000625
-4.43634e-007	-0.000625
-4.43134e-007	-0.000625
-4.42634e-007	0
-4.42134e-007	0
-4.41634e-007	0.000625
-4.41134e-007	-0.000625
-4.40634e-007	-0.00125
-4.40134e-007	-0.000625
-4.39634e-007	-0.001875
-4.39134e-007	-0.00125
-4.38634e-007	0
-4.38134e-007	0
-4.37634e-007	0.000625
-4.37134e-007	0
-4.36634e-007	0
-4.36134e-007	0
-4.35634e-007	0.00125
-4.35134e-007	0.00125
-4.34634e-007	0
-4.34134e-007	0.000625
-4.33634e-007	-0.000625
-4.33134e-007	-0.000625
-4.32634e-007	-0.000625
-4.32134e-007	-0.000625
-4.31634e-007	0
-4.31134e-007	0
-4.30634e-007	-0.000625
-4.30134e-007	0
-4.29634e-007	-0.00125
-4.29134e-007	-0.00125
-4.28634e-007	-0.00125
-4.28134e-007	-0.000625
-4.27634e-007	-0.000625
-4.27134e-007	-0.00125
-4.26634e-007	-0.001875
-4.26134e-007	-0.000625
-4.25634e-007	0.000625
-4.25134e-007	0.000625
-4.24634e-007	-0.000625
-4.24134e-007	-0.000625
-4.23634e-007	-0.000625
-4.23134e-007	-0.00125
-4.22634e-007	0.000625
-4.22134e-007	0.000625
-4.21634e-007	0
-4.21134e-007	0
-4.20634e-007	0.00125
-4.20134e-007	0
-4.19634e-007	-0.000625
-4.19134e-007	-0.00125
-4.18634e-007	-0.00125
-4.18134e-007	0.000625
-4.17634e-007	0.000625
-4.17134e-007	-0.000625
-4.16634e-007	0.000625
-4.16134e-007	0
-4.15634e-007	-0.000625
-4.15134e-007	-0.000625
-4.14634e-007	-0.0025
-4.14134e-007	-0.00125
-4.13634e-007	-0.00125
-4.13134e-007	-0.00125
-4.12634e-007	-0.000625
-4.12134e-007	0.00125
-4.11634e-007	0.000625
-4.11134e-007	-0.00125
-4.10634e-007	-0.000625
-4.10134e-007	0.00125
-4.09634e-007	0.000625
-4.09134e-007	0.000625
-4.08634e-007	0
-4.08134e-007	-0.000625
-4.07634e-007	0
-4.07134e-007	-0.000625
-4.06634e-007	-0.000625
-4.06134e-007	0.000625
-4.05634e-007	0
-4.05134e-007	-0.00125
-4.04634e-007	-0.001875
-4.04134e-007	-0.00125
-4.03634e-007	-0.000625
-4.03134e-007	0
-4.02634e-007	-0.000625
-4.02134e-007	0
-4.01634e-007	0.000625
-4.01134e-007	0.000625
-4.00634e-007	-0.000625
-4.00134e-007	0.000625
-3.99634e-007	0.00125
-3.99134e-007	0.000625
-3.98634e-007	0
-3.98134e-007	0.000625
-3.97634e-007	-0.000625
-3.97134e-007	0
-3.96634e-007	0.000625
-3.96134e-007	-0.000625
-3.95634e-007	-0.00125
-3.95134e-007	-0.001875
-3.94634e-007	-0.000625
-3.94134e-007	-0.000625
-3.93634e-007	-0.001875
-3.93134e-007	-0.001875
-3.92634e-007	-0.001875
-3.92134e-007	-0.00125
-3.91634e-007	-0.000625
-3.91134e-007	-0.00125
-3.90634e-007	-0.000625
-3.90134e-007	-0.000625
-3.89634e-007	0.000625
-3.89134e-007	0.00125
-3.88634e-007	0
-3.88134e-007	0
-3.87634e-007	0.00125
-3.87134e-007	0.00125
-3.86634e-007	0.000625
-3.86134e-007	0.001875
-3.85634e-007	0.000625
-3.85134e-007	-0.00125
-3.84634e-007	-0.001875
-3.84134e-007	-0.000625
-3.83634e-007	0.000625
-3.83134e-007	-0.00125
-3.82634e-007	-0.001875
-3.82134e-007	-0.00125
-3.81634e-007	-0.001875
-3.81134e-007	-0.000625
-3.80634e-007	0.000625
-3.80134e-007	0
-3.79634e-007	0
-3.79134e-007	0
-3.78634e-007	0
-3.78134e-007	0.00125
-3.77634e-007	0.001875
-3.77134e-007	0.000625
-3.76634e-007	0
-3.76134e-007	-0.000625
-3.75634e-007	-0.000625
-3.75134e-007	0.000625
-3.74634e-007	0
-3.74134e-007	-0.000625
-3.73634e-007	-0.000625
-3.73134e-007	-0.00125
-3.72634e-007	-0.00125
-3.72134e-007	-0.001875
-3.71634e-007	-0.00125
-3.71134e-007	-0.001875
-3.70634e-007	-0.00125
-3.70134e-007	-0.00125
-3.69634e-007	-0.00125
-3.69134e-007	0
-3.68634e-007	0.000625
-3.68134e-007	0
-3.67634e-007	0
-3.67134e-007	0.000625
-3.66634e-007	0.000625
-3.66134e-007	0
-3.65634e-007	-0.000625
-3.65134e-007	-0.000625
-3.64634e-007	0.000625
-3.64134e-007	0.000625
-3.63634e-007	0
-3.63134e-007	-0.00125
-3.62634e-007	-0.000625
-3.62134e-007	-0.000625
-3.61634e-007	-0.001875
-3.61134e-007	-0.0025
-3.60634e-007	-0.001875
-3.60134e-007	-0.000625
-3.59634e-007	-0.000625
-3.59134e-007	0
-3.58634e-007	-0.00125
-3.58134e-007	0.000625
-3.57634e-007	0.00125
-3.57134e-007	0
-3.56634e-007	0
-3.56134e-007	0.00125
-3.55634e-007	0.000625
-3.55134e-007	0.000625
-3.54634e-007	0.00125
-3.54134e-007	0
-3.53634e-007	-0.000625
-3.53134e-007	0
-3.52634e-007	-0.000625
-3.52134e-007	-0.00125
-3.51634e-007	-0.00125
-3.51134e-007	-0.00125
-3.50634e-007	-0.000625
-3.50134e-007	-0.000625
-3.49634e-007	-0.000625
-3.49134e-007	-0.0025
-3.48634e-007	-0.001875
-3.48134e-007	-0.00125
-3.47634e-007	-0.000625
-3.47134e-007	0
-3.46634e-007	0.00125
-3.46134e-007	0.000625
-3.45634e-007	-0.000625
-3.45134e-007	0
-3.44634e-007	-0.000625
-3.44134e-007	0.000625
-3.43634e-007	0
-3.43134e-007	0
-3.42634e-007	0.000625
-3.42134e-007	0.000625
-3.41634e-007	-0.00125
-3.41134e-007	-0.000625
-3.40634e-007	-0.000625
-3.40134e-007	-0.000625
-3.39634e-007	-0.000625
-3.39134e-007	-0.00125
-3.38634e-007	-0.000625
-3.38134e-007	0.000625
-3.37634e-007	-0.000625
-3.37134e-007	-0.00125
-3.36634e-007	-0.00125
-3.36134e-007	0
-3.35634e-007	-0.000625
-3.35134e-007	0.000625
-3.34634e-007	0.000625
-3.34134e-007	0.000625
-3.33634e-007	0
-3.33134e-007	-0.00125
-3.32634e-007	0.000625
-3.32134e-007	0.00125
-3.31634e-007	-0.000625
-3.31134e-007	-0.000625
-3.30634e-007	-0.00125
-3.30134e-007	0.00125
-3.29634e-007	0.00125
-3.29134e-007	-0.000625
-3.28634e-007	-0.00125
-3.28134e-007	-0.001875
-3.27634e-007	-0.000625
-3.27134e-007	0
-3.26634e-007	-0.00125
-3.26134e-007	-0.001875
-3.25634e-007	-0.000625
-3.25134e-007	-0.00125
-3.24634e-007	-0.001875
-3.24134e-007	-0.00125
-3.23634e-007	-0.00125
-3.23134e-007	-0.000625
-3.22634e-007	-0.000625
-3.22134e-007	0
-3.21634e-007	0
-3.21134e-007	-0.000625
-3.20634e-007	0.000625
-3.20134e-007	0.0025
-3.19634e-007	-0.000625
-3.19134e-007	-0.00125
-3.18634e-007	-0.000625
-3.18134e-007	0
-3.17634e-007	-0.000625
-3.17134e-007	0
-3.16634e-007	-0.00125
-3.16134e-007	-0.001875
-3.15634e-007	-0.00125
-3.15134e-007	-0.000625
-3.14634e-007	-0.001875
-3.14134e-007	-0.00125
-3.13634e-007	-0.000625
-3.13134e-007	-0.000625
-3.12634e-007	-0.000625
-3.12134e-007	0
-3.11634e-007	0.000625
-3.11134e-007	0.00125
-3.10634e-007	0.000625
-3.10134e-007	0
-3.09634e-007	0.000625
-3.09134e-007	0.001875
-3.08634e-007	0.00125
-3.08134e-007	0
-3.07634e-007	-0.001875
-3.07134e-007	-0.00125
-3.06634e-007	0.000625
-3.06134e-007	-0.001875
-3.05634e-007	-0.001875
-3.05134e-007	-0.001875
-3.04634e-007	-0.003125
-3.04134e-007	-0.001875
-3.03634e-007	-0.000625
-3.03134e-007	-0.001875
-3.02634e-007	-0.001875
-3.02134e-007	0.000625
-3.01634e-007	0.000625
-3.01134e-007	-0.000625
-3.00634e-007	-0.000625
-3.00134e-007	0.001875
-2.99634e-007	0.001875
-2.99134e-007	0.00125
-2.98634e-007	0.000625
-2.98134e-007	0.000625
-2.97634e-007	0.001875
-2.97134e-007	0.00125
-2.96634e-007	-0.000625
-2.96134e-007	0
-2.95634e-007	-0.000625
-2.95134e-007	-0.00125
-2.94634e-007	-0.001875
-2.94134e-007	-0.00125
-2.93634e-007	-0.001875
-2.93134e-007	-0.001875
-2.92634e-007	-0.001875
-2.92134e-007	0
-2.91634e-007	0.000625
-2.91134e-007	0
-2.90634e-007	-0.000625
-2.90134e-007	0.00125
-2.89634e-007	0.000625
-2.89134e-007	-0.000625
-2.88634e-007	0
-2.88134e-007	0
-2.87634e-007	0
-2.87134e-007	0.00125
-2.86634e-007	0.000625
-2.86134e-007	0.000625
-2.85634e-007	-0.000625
-2.85134e-007	-0.000625
-2.84634e-007	-0.000625
-2.84134e-007	-0.000625
-2.83634e-007	-0.000625
-2.83134e-007	-0.000625
-2.82634e-007	-0.00125
-2.82134e-007	-0.000625
-2.81634e-007	-0.001875
-2.81134e-007	-0.000625
-2.80634e-007	0
-2.80134e-007	-0.000625
-2.79634e-007	-0.00125
-2.79134e-007	-0.00125
-2.78634e-007	0.000625
-2.78134e-007	0.00125
-2.77634e-007	0.0025
-2.77134e-007	0.001875
-2.76634e-007	0
-2.76134e-007	0
-2.75634e-007	0.00125
-2.75134e-007	0
-2.74634e-007	-0.00125
-2.74134e-007	0.000625
-2.73634e-007	0.000625
-2.73134e-007	-0.001875
-2.72634e-007	-0.0025
-2.72134e-007	-0.00125
-2.71634e-007	-0.000625
-2.71134e-007	-0.001875
-2.70634e-007	-0.00125
-2.70134e-007	0.000625
-2.69634e-007	0.00125
-2.69134e-007	-0.000625
-2.68634e-007	-0.00125
-2.68134e-007	0.00125
-2.67634e-007	0.000625
-2.67134e-007	0
-2.66634e-007	0.000625
-2.66134e-007	0.000625
-2.65634e-007	0.00125
-2.65134e-007	0
-2.64634e-007	-0.00125
-2.64134e-007	0
-2.63634e-007	0
-2.63134e-007	-0.000625
-2.62634e-007	-0.001875
-2.62134e-007	-0.001875
-2.61634e-007	-0.00125
-2.61134e-007	-0.000625
-2.60634e-007	-0.00125
-2.60134e-007	-0.00125
-2.59634e-007	-0.001875
-2.59134e-007	-0.00125
-2.58634e-007	-0.00125
-2.58134e-007	-0.00125
-2.57634e-007	0
-2.57134e-007	0.000625
-2.56634e-007	0.000625
-2.56134e-007	0.000625
-2.55634e-007	0.000625
-2.55134e-007	0.000625
-2.54634e-007	0.000625
-2.54134e-007	0
-2.53634e-007	0
-2.53134e-007	0
-2.52634e-007	0
-2.52134e-007	-0.000625
-2.51634e-007	-0.00125
-2.51134e-007	-0.001875
-2.50634e-007	-0.00125
-2.50134e-007	-0.000625
-2.49634e-007	-0.000625
-2.49134e-007	-0.000625
-2.48634e-007	-0.00125
-2.48134e-007	-0.000625
-2.47634e-007	-0.00125
-2.47134e-007	-0.00125
-2.46634e-007	0.000625
-2.46134e-007	0.00125
-2.45634e-007	0.000625
-2.45134e-007	0
-2.44634e-007	0.000625
-2.44134e-007	0.000625
-2.43634e-007	-0.000625
-2.43134e-007	-0.00125
-2.42634e-007	-0.000625
-2.42134e-007	-0.000625
-2.41634e-007	-0.000625
-2.41134e-007	-0.00125
-2.40634e-007	-0.001875
-2.40134e-007	-0.0025
-2.39634e-007	-0.00125
-2.39134e-007	0
-2.38634e-007	-0.001875
-2.38134e-007	-0.00125
-2.37634e-007	-0.000625
-2.37134e-007	0
-2.36634e-007	-0.000625
-2.36134e-007	-0.00125
-2.35634e-007	-0.000625
-2.35134e-007	0
-2.34634e-007	-0.000625
-2.34134e-007	0
-2.33634e-007	-0.000625
-2.33134e-007	-0.00125
-2.32634e-007	0
-2.32134e-007	0
-2.31634e-007	-0.000625
-2.31134e-007	0
-2.30634e-007	-0.000625
-2.30134e-007	-0.00125
-2.29634e-007	0.000625
-2.29134e-007	0.000625
-2.28634e-007	-0.001875
-2.28134e-007	-0.000625
-2.27634e-007	0
-2.27134e-007	-0.000625
-2.26634e-007	0
-2.26134e-007	0
-2.25634e-007	0
-2.25134e-007	0
-2.24634e-007	0.00125
-2.24134e-007	0.00125
-2.23634e-007	0.000625
-2.23134e-007	0
-2.22634e-007	-0.000625
-2.22134e-007	0
-2.21634e-007	-0.000625
-2.21134e-007	0
-2.20634e-007	-0.000625
-2.20134e-007	-0.00125
-2.19634e-007	-0.00125
-2.19134e-007	0
-2.18634e-007	0.000625
-2.18134e-007	-0.000625
-2.17634e-007	-0.001875
-2.17134e-007	-0.000625
-2.16634e-007	0.00125
-2.16134e-007	0
-2.15634e-007	-0.000625
-2.15134e-007	0.000625
-2.14634e-007	0.00125
-2.14134e-007	0.000625
-2.13634e-007	-0.00125
-2.13134e-007	-0.000625
-2.12634e-007	-0.000625
-2.12134e-007	-0.00125
-2.11634e-007	-0.000625
-2.11134e-007	-0.00125
-2.10634e-007	-0.00125
-2.10134e-007	-0.001875
-2.09634e-007	-0.001875
-2.09134e-007	0.000625
-2.08634e-007	0
-2.08134e-007	0.000625
-2.07634e-007	0.001875
-2.07134e-007	0.000625
-2.06634e-007	-0.000625
-2.06134e-007	-0.000625
-2.05634e-007	0
-2.05134e-007	0
-2.04634e-007	0
-2.04134e-007	-0.00125
-2.03634e-007	-0.00125
-2.03134e-007	-0.001875
-2.02634e-007	-0.00125
-2.02134e-007	0
-2.01634e-007	-0.000625
-2.01134e-007	-0.00125
-2.00634e-007	-0.000625
-2.00134e-007	0
-1.99634e-007	-0.000625
-1.99134e-007	-0.000625
-1.98634e-007	0.000625
-1.98134e-007	0.000625
-1.97634e-007	0.000625
-1.97134e-007	0.000625
-1.96634e-007	0
-1.96134e-007	0
-1.95634e-007	0.000625
-1.95134e-007	-0.000625
-1.94634e-007	-0.00125
-1.94134e-007	0
-1.93634e-007	0.000625
-1.93134e-007	0.000625
-1.92634e-007	0
-1.92134e-007	-0.00125
-1.91634e-007	-0.00125
-1.91134e-007	-0.000625
-1.90634e-007	-0.00125
-1.90134e-007	-0.000625
-1.89634e-007	-0.000625
-1.89134e-007	0
-1.88634e-007	0
-1.88134e-007	-0.00125
-1.87634e-007	-0.000625
-1.87134e-007	0
-1.86634e-007	-0.000625
-1.86134e-007	-0.000625
-1.85634e-007	0.000625
-1.85134e-007	0.000625
-1.84634e-007	-0.00125
-1.84134e-007	0
-1.83634e-007	-0.000625
-1.83134e-007	-0.00125
-1.82634e-007	-0.000625
-1.82134e-007	0.000625
-1.81634e-007	0.000625
-1.81134e-007	0.000625
-1.80634e-007	-0.00125
-1.80134e-007	-0.000625
-1.79634e-007	0
-1.79134e-007	-0.000625
-1.78634e-007	-0.001875
-1.78134e-007	-0.001875
-1.77634e-007	0.000625
-1.77134e-007	-0.00125
-1.76634e-007	-0.001875
-1.76134e-007	-0.000625
-1.75634e-007	0
-1.75134e-007	0.000625
-1.74634e-007	-0.000625
-1.74134e-007	-0.00125
-1.73634e-007	-0.000625
-1.73134e-007	0
-1.72634e-007	-0.00125
-1.72134e-007	0
-1.71634e-007	0.00125
-1.71134e-007	0.000625
-1.70634e-007	0
-1.70134e-007	-0.00125
-1.69634e-007	0
-1.69134e-007	0.000625
-1.68634e-007	-0.00125
-1.68134e-007	-0.00125
-1.67634e-007	-0.001875
-1.67134e-007	-0.0025
-1.66634e-007	-0.001875
-1.66134e-007	-0.001875
-1.65634e-007	-0.000625
-1.65134e-007	0
-1.64634e-007	-0.001875
-1.64134e-007	0.000625
-1.63634e-007	-0.000625
-1.63134e-007	-0.001875
-1.62634e-007	-0.00125
-1.62134e-007	-0.000625
-1.61634e-007	0.000625
-1.61134e-007	0.00125
-1.60634e-007	0.00125
-1.60134e-007	0.00125
-1.59634e-007	-0.000625
-1.59134e-007	-0.000625
-1.58634e-007	0
-1.58134e-007	0
-1.57634e-007	-0.000625
-1.57134e-007	-0.00125
-1.56634e-007	-0.0025
-1.56134e-007	-0.001875
-1.55634e-007	-0.000625
-1.55134e-007	-0.001875
-1.54634e-007	-0.0025
-1.54134e-007	-0.00125
-1.53634e-007	-0.000625
-1.53134e-007	0
-1.52634e-007	-0.000625
-1.52134e-007	-0.000625
-1.51634e-007	0.000625
-1.51134e-007	0
-1.50634e-007	-0.000625
-1.50134e-007	-0.00125
-1.49634e-007	-0.000625
-1.49134e-007	0.001875
-1.48634e-007	0.000625
-1.48134e-007	-0.000625
-1.47634e-007	-0.001875
-1.47134e-007	-0.001875
-1.46634e-007	-0.00125
-1.46134e-007	-0.00125
-1.45634e-007	-0.0025
-1.45134e-007	-0.000625
-1.44634e-007	-0.00125
-1.44134e-007	-0.0025
-1.43634e-007	-0.001875
-1.43134e-007	-0.000625
-1.42634e-007	0
-1.42134e-007	0
-1.41634e-007	-0.000625
-1.41134e-007	0
-1.40634e-007	0
-1.40134e-007	-0.00125
-1.39634e-007	-0.000625
-1.39134e-007	0
-1.38634e-007	-0.000625
-1.38134e-007	-0.0025
-1.37634e-007	-0.0025
-1.37134e-007	-0.000625
-1.36634e-007	-0.00125
-1.36134e-007	-0.001875
-1.35634e-007	-0.00125
-1.35134e-007	-0.001875
-1.34634e-007	-0.003125
-1.34134e-007	-0.00125
-1.33634e-007	0.000625
-1.33134e-007	0
-1.32634e-007	0
-1.32134e-007	-0.001875
-1.31634e-007	-0.001875
-1.31134e-007	-0.000625
-1.30634e-007	0
-1.30134e-007	-0.000625
-1.29634e-007	-0.000625
-1.29134e-007	-0.000625
-1.28634e-007	-0.000625
-1.28134e-007	-0.000625
-1.27634e-007	-0.000625
-1.27134e-007	-0.000625
-1.26634e-007	-0.00125
-1.26134e-007	-0.0025
-1.25634e-007	-0.001875
-1.25134e-007	0
-1.24634e-007	-0.000625
-1.24134e-007	-0.000625
-1.23634e-007	-0.001875
-1.23134e-007	-0.0025
-1.22634e-007	-0.00125
-1.22134e-007	-0.00125
-1.21634e-007	-0.00125
-1.21134e-007	-0.000625
-1.20634e-007	-0.000625
-1.20134e-007	-0.000625
-1.19634e-007	-0.001875
-1.19134e-007	-0.00125
-1.18634e-007	0.000625
-1.18134e-007	-0.000625
-1.17634e-007	-0.00125
-1.17134e-007	-0.0025
-1.16634e-007	-0.000625
-1.16134e-007	0
-1.15634e-007	-0.00125
-1.15134e-007	-0.001875
-1.14634e-007	-0.000625
-1.14134e-007	-0.000625
-1.13634e-007	-0.0025
-1.13134e-007	-0.000625
-1.12634e-007	-0.000625
-1.12134e-007	-0.001875
-1.11634e-007	-0.001875
-1.11134e-007	-0.003125
-1.10634e-007	-0.001875
-1.10134e-007	-0.0025
-1.09634e-007	-0.001875
-1.09134e-007	-0.000625
-1.08634e-007	-0.000625
-1.08134e-007	-0.00125
-1.07634e-007	-0.000625
-1.07134e-007	0.000625
-1.06634e-007	0.000625
-1.06134e-007	-0.000625
-1.05634e-007	-0.000625
-1.05134e-007	0.000625
-1.04634e-007	-0.00125
-1.04134e-007	-0.00125
-1.03634e-007	-0.001875
-1.03134e-007	0
-1.02634e-007	-0.001875
-1.02134e-007	-0.001875
-1.01634e-007	-0.001875
-1.01134e-007	-0.00375
-1.00634e-007	-0.003125
-1.00134e-007	-0.001875
-9.9634e-008	-0.001875
-9.9134e-008	-0.0025
-9.8634e-008	-0.001875
-9.8134e-008	-0.000625
-9.7634e-008	-0.001875
-9.7134e-008	-0.001875
-9.6634e-008	0.000625
-9.6134e-008	0.000625
-9.5634e-008	0.000625
-9.5134e-008	0.000625
-9.4634e-008	0.000625
-9.4134e-008	0
-9.3634e-008	-0.001875
-9.3134e-008	-0.0025
-9.2634e-008	-0.00125
-9.2134e-008	-0.001875
-9.1634e-008	-0.0025
-9.1134e-008	-0.003125
-9.0634e-008	-0.001875
-9.0134e-008	-0.003125
-8.9634e-008	-0.00375
-8.9134e-008	-0.003125
-8.8634e-008	-0.0025
-8.8134e-008	-0.00125
-8.7634e-008	-0.000625
-8.7134e-008	-0.00125
-8.6634e-008	-0.000625
-8.6134e-008	-0.000625
-8.5634e-008	0
-8.5134e-008	0.000625
-8.4634e-008	0
-8.4134e-008	0
-8.3634e-008	-0.001875
-8.3134e-008	-0.001875
-8.2634e-008	0
-8.2134e-008	-0.00125
-8.1634e-008	-0.001875
-8.1134e-008	-0.0025
-8.0634e-008	-0.001875
-8.0134e-008	-0.0025
-7.9634e-008	-0.003125
-7.9134e-008	-0.0025
-7.8634e-008	-0.001875
-7.8134e-008	-0.0025
-7.7634e-008	-0.003125
-7.7134e-008	-0.00125
-7.6634e-008	-0.001875
-7.6134e-008	0
-7.5634e-008	0.000625
-7.5134e-008	0.000625
-7.4634e-008	-0.00125
-7.4134e-008	-0.00125
-7.3634e-008	0.00125
-7.3134e-008	0.000625
-7.2634e-008	-0.001875
-7.2134e-008	-0.003125
-7.1634e-008	-0.001875
-7.1134e-008	-0.000625
-7.0634e-008	-0.000625
-7.0134e-008	-0.001875
-6.9634e-008	-0.003125
-6.9134e-008	-0.001875
-6.8634e-008	-0.00125
-6.8134e-008	-0.001875
-6.7634e-008	-0.0025
-6.7134e-008	-0.001875
-6.6634e-008	-0.001875
-6.6134e-008	-0.00125
-6.5634e-008	-0.0025
-6.5134e-008	-0.00125
-6.4634e-008	-0.00125
-6.4134e-008	-0.000625
-6.3634e-008	-0.00125
-6.3134e-008	-0.001875
-6.2634e-008	-0.00125
-6.2134e-008	-0.00125
-6.1634e-008	-0.001875
-6.1134e-008	-0.00125
-6.0634e-008	-0.000625
-6.0134e-008	-0.00125
-5.9634e-008	-0.003125
-5.9134e-008	-0.001875
-5.8634e-008	0
-5.8134e-008	0
-5.7634e-008	-0.001875
-5.7134e-008	-0.001875
-5.6634e-008	-0.000625
-5.6134e-008	-0.000625
-5.5634e-008	-0.00125
-5.5134e-008	0
-5.4634e-008	-0.001875
-5.4134e-008	-0.00125
-5.3634e-008	-0.00125
-5.3134e-008	-0.001875
-5.2634e-008	-0.000625
-5.2134e-008	-0.0025
-5.1634e-008	-0.001875
-5.1134e-008	-0.00125
-5.0634e-008	-0.001875
-5.0134e-008	0
-4.9634e-008	0.000625
-4.9134e-008	0
-4.8634e-008	-0.00125
-4.8134e-008	-0.00125
-4.7634e-008	-0.000625
-4.7134e-008	-0.0025
-4.6634e-008	-0.001875
-4.6134e-008	-0.001875
-4.5634e-008	-0.001875
-4.5134e-008	-0.0025
-4.4634e-008	-0.0025
-4.4134e-008	-0.001875
-4.3634e-008	-0.001875
-4.3134e-008	-0.000625
-4.2634e-008	-0.000625
-4.2134e-008	0
-4.1634e-008	-0.000625
-4.1134e-008	-0.000625
-4.0634e-008	-0.00125
-4.0134e-008	-0.000625
-3.9634e-008	-0.000625
-3.9134e-008	-0.000625
-3.8634e-008	0
-3.8134e-008	-0.000625
-3.7634e-008	-0.00125
-3.7134e-008	-0.000625
-3.6634e-008	-0.00125
-3.6134e-008	-0.000625
-3.5634e-008	-0.0025
-3.5134e-008	-0.0025
-3.4634e-008	-0.00125
-3.4134e-008	-0.001875
-3.3634e-008	-0.003125
-3.3134e-008	-0.001875
-3.2634e-008	-0.001875
-3.2134e-008	-0.001875
-3.1634e-008	-0.0025
-3.1134e-008	-0.001875
-3.0634e-008	-0.0025
-3.0134e-008	-0.000625
-2.9634e-008	-0.000625
-2.9134e-008	-0.00125
-2.8634e-008	0
-2.8134e-008	0
-2.7634e-008	-0.00125
-2.7134e-008	-0.00125
-2.6634e-008	-0.000625
-2.6134e-008	-0.001875
-2.5634e-008	-0.001875
-2.5134e-008	-0.001875
-2.4634e-008	-0.00125
-2.4134e-008	-0.001875
-2.3634e-008	-0.001875
-2.3134e-008	-0.001875
-2.2634e-008	0
-2.2134e-008	-0.000625
-2.1634e-008	-0.001875
-2.1134e-008	-0.000625
-2.0634e-008	0
-2.0134e-008	-0.00125
-1.9634e-008	-0.001875
-1.9134e-008	0.000625
-1.8634e-008	-0.000625
-1.8134e-008	-0.001875
-1.7634e-008	-0.00125
-1.7134e-008	-0.000625
-1.6634e-008	0
-1.6134e-008	0
-1.5634e-008	0
-1.5134e-008	-0.001875
-1.4634e-008	-0.001875
-1.4134e-008	-0.000625
-1.3634e-008	-0.00125
-1.3134e-008	-0.00125
-1.2634e-008	-0.00125
-1.2134e-008	-0.00125
-1.1634e-008	-0.00125
-1.1134e-008	-0.001875
-1.0634e-008	-0.001875
-1.0134e-008	-0.001875
-9.634e-009	-0.00375
-9.134e-009	-0.008125
-8.634e-009	-0.0125
-8.134e-009	-0.01375
-7.634e-009	-0.015625
-7.134e-009	-0.01875
-6.634e-009	-0.021875
-6.134e-009	-0.02625
-5.634e-009	-0.030625
-5.134e-009	-0.034375
-4.634e-009	-0.03625
-4.134e-009	-0.04
-3.634e-009	-0.043125
-3.134e-009	-0.04625
-2.634e-009	-0.05
-2.134e-009	-0.0525
-1.634e-009	-0.0525
-1.134e-009	-0.051875
-6.34e-010	-0.05375
-1.34e-010	-0.05625
3.66e-010	-0.0575
8.66e-010	-0.059375
1.366e-009	-0.0625
1.866e-009	-0.063125
2.366e-009	-0.065
2.866e-009	-0.065
3.366e-009	-0.065
3.866e-009	-0.06625
4.366e-009	-0.0675
4.866e-009	-0.07
5.366e-009	-0.07125
5.866e-009	-0.071875
6.366e-009	-0.0725
6.866e-009	-0.071875
7.366e-009	-0.069375
7.866e-009	-0.068125
8.366e-009	-0.068125
8.866e-009	-0.069375
9.366e-009	-0.071875
9.866e-009	-0.07375
1.0366e-008	-0.0725
1.0866e-008	-0.0725
1.1366e-008	-0.0725
1.1866e-008	-0.071875
1.2366e-008	-0.069375
1.2866e-008	-0.069375
1.3366e-008	-0.07
1.3866e-008	-0.07
1.4366e-008	-0.068125
1.4866e-008	-0.070625
1.5366e-008	-0.07125
1.5866e-008	-0.0725
1.6366e-008	-0.071875
1.6866e-008	-0.071875
1.7366e-008	-0.071875
1.7866e-008	-0.073125
1.8366e-008	-0.071875
1.8866e-008	-0.071875
1.9366e-008	-0.073125
1.9866e-008	-0.076875
2.0366e-008	-0.07625
2.0866e-008	-0.074375
2.1366e-008	-0.07375
2.1866e-008	-0.075625
2.2366e-008	-0.07875
2.2866e-008	-0.08
2.3366e-008	-0.080625
2.3866e-008	-0.08
2.4366e-008	-0.08
2.4866e-008	-0.079375
2.5366e-008	-0.079375
2.5866e-008	-0.08
2.6366e-008	-0.079375
2.6866e-008	-0.079375
2.7366e-008	-0.081875
2.7866e-008	-0.0825
2.8366e-008	-0.08375
2.8866e-008	-0.084375
2.9366e-008	-0.085625
2.9866e-008	-0.086875
3.0366e-008	-0.085625
3.0866e-008	-0.08625
3.1366e-008	-0.0875
3.1866e-008	-0.086875
3.2366e-008	-0.084375
3.2866e-008	-0.0875
3.3366e-008	-0.085625
3.3866e-008	-0.08625
3.4366e-008	-0.08625
3.4866e-008	-0.08625
3.5366e-008	-0.08625
3.5866e-008	-0.08625
3.6366e-008	-0.08625
3.6866e-008	-0.08875
3.7366e-008	-0.08875
3.7866e-008	-0.086875
3.8366e-008	-0.08625
3.8866e-008	-0.086875
3.9366e-008	-0.086875
3.9866e-008	-0.086875
4.0366e-008	-0.086875
4.0866e-008	-0.086875
4.1366e-008	-0.0875
4.1866e-008	-0.08625
4.2366e-008	-0.085625
4.2866e-008	-0.086875
4.3366e-008	-0.08625
4.3866e-008	-0.08625
4.4366e-008	-0.08625
4.4866e-008	-0.08625
4.5366e-008	-0.085625
4.5866e-008	-0.085
4.6366e-008	-0.086875
4.6866e-008	-0.086875
4.7366e-008	-0.08625
4.7866e-008	-0.086875
4.8366e-008	-0.088125
4.8866e-008	-0.08875
4.9366e-008	-0.0875
4.9866e-008	-0.086875
5.0366e-008	-0.0875
5.0866e-008	-0.08875
5.1366e-008	-0.089375
5.1866e-008	-0.08875
5.2366e-008	-0.08875
5.2866e-008	-0.08875
5.3366e-008	-0.0875
5.3866e-008	-0.08625
5.4366e-008	-0.0875
5.4866e-008	-0.086875
5.5366e-008	-0.085625
5.5866e-008	-0.0875
5.6366e-008	-0.0875
5.6866e-008	-0.08625
5.7366e-008	-0.086875
5.7866e-008	-0.08875
5.8366e-008	-0.089375
5.8866e-008	-0.0875
5.9366e-008	-0.088125
5.9866e-008	-0.08875
6.0366e-008	-0.0875
6.0866e-008	-0.0875
6.1366e-008	-0.08875
6.1866e-008	-0.089375
6.2366e-008	-0.08875
6.2866e-008	-0.08875
6.3366e-008	-0.09
6.3866e-008	-0.089375
6.4366e-008	-0.088125
6.4866e-008	-0.0875
6.5366e-008	-0.0875
6.5866e-008	-0.0875
6.6366e-008	-0.086875
6.6866e-008	-0.0875
6.7366e-008	-0.09
6.7866e-008	-0.088125
6.8366e-008	-0.086875
6.8866e-008	-0.08625
6.9366e-008	-0.0875
6.9866e-008	-0.088125
7.0366e-008	-0.088125
7.0866e-008	-0.08875
7.1366e-008	-0.08875
7.1866e-008	-0.08875
7.2366e-008	-0.088125
7.2866e-008	-0.089375
7.3366e-008	-0.089375
7.3866e-008	-0.089375
7.4366e-008	-0.088125
7.4866e-008	-0.08875
7.5366e-008	-0.08875
7.5866e-008	-0.088125
7.6366e-008	-0.08875
7.6866e-008	-0.08875
7.7366e-008	-0.0875
7.7866e-008	-0.089375
7.8366e-008	-0.08875
7.8866e-008	-0.08875
7.9366e-008	-0.089375
7.9866e-008	-0.08875
8.0366e-008	-0.0875
8.0866e-008	-0.08875
8.1366e-008	-0.08875
8.1866e-008	-0.088125
8.2366e-008	-0.08875
8.2866e-008	-0.09125
8.3366e-008	-0.09
8.3866e-008	-0.089375
8.4366e-008	-0.08875
8.4866e-008	-0.090625
8.5366e-008	-0.09
8.5866e-008	-0.089375
8.6366e-008	-0.090625
8.6866e-008	-0.09
8.7366e-008	-0.088125
8.7866e-008	-0.0875
8.8366e-008	-0.0875
8.8866e-008	-0.088125
8.9366e-008	-0.08875
8.9866e-008	-0.08875
9.0366e-008	-0.088125
9.0866e-008	-0.088125
9.1366e-008	-0.089375
9.1866e-008	-0.09
9.2366e-008	-0.08875
9.2866e-008	-0.08875
9.3366e-008	-0.09
9.3866e-008	-0.09
9.4366e-008	-0.089375
9.4866e-008	-0.089375
9.5366e-008	-0.08875
9.5866e-008	-0.0875
9.6366e-008	-0.0875
9.6866e-008	-0.08875
9.7366e-008	-0.08875
9.7866e-008	-0.086875
9.8366e-008	-0.0875
9.8866e-008	-0.088125
9.9366e-008	-0.0875
9.9866e-008	-0.086875
1.00366e-007	-0.08625
1.00866e-007	-0.086875
1.01366e-007	-0.08625
1.01866e-007	-0.086875
1.02366e-007	-0.086875
1.02866e-007	-0.086875
1.03366e-007	-0.088125
1.03866e-007	-0.088125
1.04366e-007	-0.088125
1.04866e-007	-0.0875
1.05366e-007	-0.0875
1.05866e-007	-0.0875
1.06366e-007	-0.0875
1.06866e-007	-0.08625
1.07366e-007	-0.08625
1.07866e-007	-0.086875
1.08366e-007	-0.086875
1.08866e-007	-0.085
1.09366e-007	-0.085
1.09866e-007	-0.085
1.10366e-007	-0.085625
1.10866e-007	-0.08625
1.11366e-007	-0.08625
1.11866e-007	-0.08625
1.12366e-007	-0.08625
1.12866e-007	-0.08625
1.13366e-007	-0.086875
1.13866e-007	-0.086875
1.14366e-007	-0.08625
1.14866e-007	-0.086875
1.15366e-007	-0.085625
1.15866e-007	-0.08625
1.16366e-007	-0.086875
1.16866e-007	-0.085
1.17366e-007	-0.08375
1.17866e-007	-0.085
1.18366e-007	-0.085
1.18866e-007	-0.084375
1.19366e-007	-0.085
1.19866e-007	-0.085
1.20366e-007	-0.08375
1.20866e-007	-0.085
1.21366e-007	-0.084375
1.21866e-007	-0.085
1.22366e-007	-0.083125
1.22866e-007	-0.08375
1.23366e-007	-0.085625
1.23866e-007	-0.085
1.24366e-007	-0.085
1.24866e-007	-0.085625
1.25366e-007	-0.08375
1.25866e-007	-0.085625
1.26366e-007	-0.085625
1.26866e-007	-0.084375
1.27366e-007	-0.08375
1.27866e-007	-0.0825
1.28366e-007	-0.081875
1.28866e-007	-0.08125
1.29366e-007	-0.080625
1.29866e-007	-0.083125
1.30366e-007	-0.084375
1.30866e-007	-0.083125
1.31366e-007	-0.0825
1.31866e-007	-0.08375
1.32366e-007	-0.08375
1.32866e-007	-0.08375
1.33366e-007	-0.084375
1.33866e-007	-0.08375
1.34366e-007	-0.08125
1.34866e-007	-0.081875
1.35366e-007	-0.08375
1.35866e-007	-0.08125
1.36366e-007	-0.079375
1.36866e-007	-0.0825
1.37366e-007	-0.08125
1.37866e-007	-0.08
1.38366e-007	-0.081875
1.38866e-007	-0.08
1.39366e-007	-0.08
1.39866e-007	-0.0825
1.40366e-007	-0.0825
1.40866e-007	-0.081875
1.41366e-007	-0.080625
1.41866e-007	-0.081875
1.42366e-007	-0.081875
1.42866e-007	-0.08125
1.43366e-007	-0.080625
1.43866e-007	-0.08
1.44366e-007	-0.080625
1.44866e-007	-0.08
1.45366e-007	-0.079375
1.45866e-007	-0.08
1.46366e-007	-0.079375
1.46866e-007	-0.08
1.47366e-007	-0.08
1.47866e-007	-0.07875
1.48366e-007	-0.07875
1.48866e-007	-0.07875
1.49366e-007	-0.078125
1.49866e-007	-0.07875
1.50366e-007	-0.08
1.50866e-007	-0.081875
1.51366e-007	-0.081875
1.51866e-007	-0.080625
1.52366e-007	-0.08
1.52866e-007	-0.079375
1.53366e-007	-0.080625
1.53866e-007	-0.079375
1.54366e-007	-0.0775
1.54866e-007	-0.07875
1.55366e-007	-0.07875
1.55866e-007	-0.0775
1.56366e-007	-0.076875
1.56866e-007	-0.076875
1.57366e-007	-0.07625
1.57866e-007	-0.0775
1.58366e-007	-0.076875
1.58866e-007	-0.076875
1.59366e-007	-0.07875
1.59866e-007	-0.08
1.60366e-007	-0.0775
1.60866e-007	-0.0775
1.61366e-007	-0.078125
1.61866e-007	-0.07875
1.62366e-007	-0.076875
1.62866e-007	-0.076875
1.63366e-007	-0.078125
1.63866e-007	-0.07875
1.64366e-007	-0.078125
1.64866e-007	-0.07625
1.65366e-007	-0.075625
1.65866e-007	-0.07625
1.66366e-007	-0.075625
1.66866e-007	-0.075
1.67366e-007	-0.074375
1.67866e-007	-0.074375
1.68366e-007	-0.075
1.68866e-007	-0.075
1.69366e-007	-0.075625
1.69866e-007	-0.075625
1.70366e-007	-0.075
1.70866e-007	-0.075
1.71366e-007	-0.07625
1.71866e-007	-0.075
1.72366e-007	-0.075
1.72866e-007	-0.076875
1.73366e-007	-0.075625
1.73866e-007	-0.073125
1.74366e-007	-0.073125
1.74866e-007	-0.075
1.75366e-007	-0.07625
1.75866e-007	-0.074375
1.76366e-007	-0.07375
1.76866e-007	-0.07375
1.77366e-007	-0.074375
1.77866e-007	-0.073125
1.78366e-007	-0.0725
1.78866e-007	-0.07375
1.79366e-007	-0.07375
1.79866e-007	-0.074375
1.80366e-007	-0.07375
1.80866e-007	-0.07375
1.81366e-007	-0.074375
1.81866e-007	-0.075
1.82366e-007	-0.074375
1.82866e-007	-0.073125
1.83366e-007	-0.07375
1.83866e-007	-0.07375
1.84366e-007	-0.0725
1.84866e-007	-0.073125
1.85366e-007	-0.0725
1.85866e-007	-0.07375
1.86366e-007	-0.0725
1.86866e-007	-0.0725
1.87366e-007	-0.071875
1.87866e-007	-0.0725
1.88366e-007	-0.071875
1.88866e-007	-0.070625
1.89366e-007	-0.07125
1.89866e-007	-0.071875
1.90366e-007	-0.071875
1.90866e-007	-0.073125
1.91366e-007	-0.071875
1.91866e-007	-0.07
1.92366e-007	-0.070625
1.92866e-007	-0.07125
1.93366e-007	-0.070625
1.93866e-007	-0.07125
1.94366e-007	-0.07125
1.94866e-007	-0.070625
1.95366e-007	-0.071875
1.95866e-007	-0.0725
1.96366e-007	-0.071875
1.96866e-007	-0.0725
1.97366e-007	-0.07
1.97866e-007	-0.06875
1.98366e-007	-0.07
1.98866e-007	-0.07125
1.99366e-007	-0.07
1.99866e-007	-0.069375
2.00366e-007	-0.06875
2.00866e-007	-0.07
2.01366e-007	-0.07
2.01866e-007	-0.07
2.02366e-007	-0.069375
2.02866e-007	-0.068125
2.03366e-007	-0.068125
2.03866e-007	-0.069375
2.04366e-007	-0.07
2.04866e-007	-0.069375
2.05366e-007	-0.06875
2.05866e-007	-0.068125
2.06366e-007	-0.06875
2.06866e-007	-0.07
2.07366e-007	-0.069375
2.07866e-007	-0.06875
2.08366e-007	-0.069375
2.08866e-007	-0.068125
2.09366e-007	-0.06625
2.09866e-007	-0.066875
2.10366e-007	-0.06875
2.10866e-007	-0.0675
2.11366e-007	-0.06625
2.11866e-007	-0.064375
2.12366e-007	-0.0675
2.12866e-007	-0.0675
2.13366e-007	-0.06625
2.13866e-007	-0.066875
2.14366e-007	-0.0675
2.14866e-007	-0.0675
2.15366e-007	-0.0675
2.15866e-007	-0.065625
2.16366e-007	-0.066875
2.16866e-007	-0.066875
2.17366e-007	-0.06625
2.17866e-007	-0.066875
2.18366e-007	-0.066875
2.18866e-007	-0.065625
2.19366e-007	-0.06625
2.19866e-007	-0.065625
2.20366e-007	-0.064375
2.20866e-007	-0.06375
2.21366e-007	-0.06375
2.21866e-007	-0.064375
2.22366e-007	-0.06625
2.22866e-007	-0.06375
2.23366e-007	-0.064375
2.23866e-007	-0.064375
2.24366e-007	-0.063125
2.24866e-007	-0.06375
2.25366e-007	-0.063125
2.25866e-007	-0.064375
2.26366e-007	-0.063125
2.26866e-007	-0.064375
2.27366e-007	-0.065
2.27866e-007	-0.0625
2.28366e-007	-0.06375
2.28866e-007	-0.06375
2.29366e-007	-0.06375
2.29866e-007	-0.064375
2.30366e-007	-0.0625
2.30866e-007	-0.063125
2.31366e-007	-0.06375
2.31866e-007	-0.0625
2.32366e-007	-0.061875
2.32866e-007	-0.06125
2.33366e-007	-0.063125
2.33866e-007	-0.0625
2.34366e-007	-0.063125
2.34866e-007	-0.06375
2.35366e-007	-0.061875
2.35866e-007	-0.06125
2.36366e-007	-0.0625
2.36866e-007	-0.063125
2.37366e-007	-0.061875
2.37866e-007	-0.061875
2.38366e-007	-0.0625
2.38866e-007	-0.060625
2.39366e-007	-0.060625
2.39866e-007	-0.06125
2.40366e-007	-0.060625
2.40866e-007	-0.061875
2.41366e-007	-0.061875
2.41866e-007	-0.06
2.42366e-007	-0.06
2.42866e-007	-0.06
2.43366e-007	-0.059375
2.43866e-007	-0.06125
2.44366e-007	-0.06
2.44866e-007	-0.05875
2.45366e-007	-0.06
2.45866e-007	-0.06
2.46366e-007	-0.060625
2.46866e-007	-0.06125
2.47366e-007	-0.059375
2.47866e-007	-0.059375
2.48366e-007	-0.058125
2.48866e-007	-0.058125
2.49366e-007	-0.0575
2.49866e-007	-0.0575
2.50366e-007	-0.05875
2.50866e-007	-0.059375
2.51366e-007	-0.05875
2.51866e-007	-0.059375
2.52366e-007	-0.06
2.52866e-007	-0.06
2.53366e-007	-0.05875
2.53866e-007	-0.06
2.54366e-007	-0.059375
2.54866e-007	-0.059375
2.55366e-007	-0.05875
2.55866e-007	-0.059375
2.56366e-007	-0.0575
2.56866e-007	-0.0575
2.57366e-007	-0.0575
2.57866e-007	-0.058125
2.58366e-007	-0.0575
2.58866e-007	-0.056875
2.59366e-007	-0.05625
2.59866e-007	-0.05625
2.60366e-007	-0.05625
2.60866e-007	-0.056875
2.61366e-007	-0.0575
2.61866e-007	-0.05875
2.62366e-007	-0.05875
2.62866e-007	-0.05875
2.63366e-007	-0.05875
2.63866e-007	-0.058125
2.64366e-007	-0.05875
2.64866e-007	-0.05875
2.65366e-007	-0.0575
2.65866e-007	-0.05875
2.66366e-007	-0.0575
2.66866e-007	-0.05625
2.67366e-007	-0.05625
2.67866e-007	-0.054375
2.68366e-007	-0.054375
2.68866e-007	-0.055625
2.69366e-007	-0.054375
2.69866e-007	-0.055625
2.70366e-007	-0.055625
2.70866e-007	-0.055625
2.71366e-007	-0.055
2.71866e-007	-0.055625
2.72366e-007	-0.0575
2.72866e-007	-0.058125
2.73366e-007	-0.056875
2.73866e-007	-0.056875
2.74366e-007	-0.05625
2.74866e-007	-0.05625
2.75366e-007	-0.0575
2.75866e-007	-0.056875
2.76366e-007	-0.055
2.76866e-007	-0.055
2.77366e-007	-0.054375
2.77866e-007	-0.053125
2.78366e-007	-0.054375
2.78866e-007	-0.053125
2.79366e-007	-0.051875
2.79866e-007	-0.0525
2.80366e-007	-0.053125
2.80866e-007	-0.053125
2.81366e-007	-0.0525
2.81866e-007	-0.051875
2.82366e-007	-0.054375
2.82866e-007	-0.055
2.83366e-007	-0.055
2.83866e-007	-0.054375
2.84366e-007	-0.05375
2.84866e-007	-0.055
2.85366e-007	-0.054375
2.85866e-007	-0.05375
2.86366e-007	-0.054375
2.86866e-007	-0.05375
2.87366e-007	-0.053125
2.87866e-007	-0.05375
2.88366e-007	-0.05125
2.88866e-007	-0.050625
2.89366e-007	-0.051875
2.89866e-007	-0.051875
2.90366e-007	-0.051875
2.90866e-007	-0.05125
2.91366e-007	-0.050625
2.91866e-007	-0.0525
2.92366e-007	-0.0525
2.92866e-007	-0.051875
2.93366e-007	-0.053125
2.93866e-007	-0.053125
2.94366e-007	-0.0525
2.94866e-007	-0.0525
2.95366e-007	-0.0525
2.95866e-007	-0.053125
2.96366e-007	-0.0525
2.96866e-007	-0.0525
2.97366e-007	-0.05125
2.97866e-007	-0.05
2.98366e-007	-0.05125
2.98866e-007	-0.05
2.99366e-007	-0.049375
2.99866e-007	-0.05
3.00366e-007	-0.05
3.00866e-007	-0.050625
3.01366e-007	-0.050625
3.01866e-007	-0.05
3.02366e-007	-0.05
3.02866e-007	-0.050625
3.03366e-007	-0.050625
3.03866e-007	-0.049375
3.04366e-007	-0.050625
3.04866e-007	-0.04875
3.05366e-007	-0.050625
3.05866e-007	-0.051875
3.06366e-007	-0.051875
3.06866e-007	-0.050625
3.07366e-007	-0.050625
3.07866e-007	-0.050625
3.08366e-007	-0.050625
3.08866e-007	-0.049375
3.09366e-007	-0.04875
3.09866e-007	-0.0475
3.10366e-007	-0.048125
3.10866e-007	-0.04875
3.11366e-007	-0.048125
3.11866e-007	-0.0475
3.12366e-007	-0.04875
3.12866e-007	-0.04875
3.13366e-007	-0.0475
3.13866e-007	-0.048125
3.14366e-007	-0.049375
3.14866e-007	-0.048125
3.15366e-007	-0.04875
3.15866e-007	-0.05
3.16366e-007	-0.049375
3.16866e-007	-0.048125
3.17366e-007	-0.05
3.17866e-007	-0.049375
3.18366e-007	-0.048125
3.18866e-007	-0.04875
3.19366e-007	-0.05
3.19866e-007	-0.048125
3.20366e-007	-0.046875
3.20866e-007	-0.048125
3.21366e-007	-0.04625
3.21866e-007	-0.046875
3.22366e-007	-0.046875
3.22866e-007	-0.04625
3.23366e-007	-0.04625
3.23866e-007	-0.046875
3.24366e-007	-0.045625
3.24866e-007	-0.046875
3.25366e-007	-0.0475
3.25866e-007	-0.0475
3.26366e-007	-0.0475
3.26866e-007	-0.046875
3.27366e-007	-0.046875
3.27866e-007	-0.0475
3.28366e-007	-0.0475
3.28866e-007	-0.0475
3.29366e-007	-0.046875
3.29866e-007	-0.046875
3.30366e-007	-0.045
3.30866e-007	-0.04625
3.31366e-007	-0.048125
3.31866e-007	-0.046875
3.32366e-007	-0.04375
3.32866e-007	-0.04625
3.33366e-007	-0.048125
3.33866e-007	-0.045625
3.34366e-007	-0.044375
3.34866e-007	-0.044375
3.35366e-007	-0.045
3.35866e-007	-0.04625
3.36366e-007	-0.045
3.36866e-007	-0.04625
3.37366e-007	-0.045625
3.37866e-007	-0.045625
3.38366e-007	-0.045
3.38866e-007	-0.045
3.39366e-007	-0.045
3.39866e-007	-0.045625
3.40366e-007	-0.044375
3.40866e-007	-0.045625
3.41366e-007	-0.04625
3.41866e-007	-0.045625
3.42366e-007	-0.044375
3.42866e-007	-0.045
3.43366e-007	-0.04375
3.43866e-007	-0.044375
3.44366e-007	-0.045
3.44866e-007	-0.045
3.45366e-007	-0.04375
3.45866e-007	-0.043125
3.46366e-007	-0.04375
3.46866e-007	-0.045
3.47366e-007	-0.044375
3.47866e-007	-0.043125
3.48366e-007	-0.0425
3.48866e-007	-0.0425
3.49366e-007	-0.04375
3.49866e-007	-0.04375
3.50366e-007	-0.043125
3.50866e-007	-0.0425
3.51366e-007	-0.04375
3.51866e-007	-0.044375
3.52366e-007	-0.044375
3.52866e-007	-0.043125
3.53366e-007	-0.041875
3.53866e-007	-0.043125
3.54366e-007	-0.0425
3.54866e-007	-0.0425
3.55366e-007	-0.04375
3.55866e-007	-0.04375
3.56366e-007	-0.041875
3.56866e-007	-0.0425
3.57366e-007	-0.043125
3.57866e-007	-0.04375
3.58366e-007	-0.0425
3.58866e-007	-0.0425
3.59366e-007	-0.043125
3.59866e-007	-0.04125
3.60366e-007	-0.040625
3.60866e-007	-0.0425
3.61366e-007	-0.0425
3.61866e-007	-0.0425
3.62366e-007	-0.040625
3.62866e-007	-0.041875
3.63366e-007	-0.043125
3.63866e-007	-0.0425
3.64366e-007	-0.041875
3.64866e-007	-0.041875
3.65366e-007	-0.0425
3.65866e-007	-0.04375
3.66366e-007	-0.041875
3.66866e-007	-0.04125
3.67366e-007	-0.041875
3.67866e-007	-0.041875
3.68366e-007	-0.04
3.68866e-007	-0.04125
3.69366e-007	-0.040625
3.69866e-007	-0.040625
3.70366e-007	-0.040625
3.70866e-007	-0.04125
3.71366e-007	-0.040625
3.71866e-007	-0.04
3.72366e-007	-0.04
3.72866e-007	-0.04
3.73366e-007	-0.04
3.73866e-007	-0.039375
3.74366e-007	-0.04
3.74866e-007	-0.04125
3.75366e-007	-0.04125
3.75866e-007	-0.04
3.76366e-007	-0.040625
3.76866e-007	-0.0425
3.77366e-007	-0.04
3.77866e-007	-0.03875
3.78366e-007	-0.03875
3.78866e-007	-0.039375
3.79366e-007	-0.04
3.79866e-007	-0.04
3.80366e-007	-0.03875
3.80866e-007	-0.038125
3.81366e-007	-0.0375
3.81866e-007	-0.03875
3.82366e-007	-0.039375
3.82866e-007	-0.039375
3.83366e-007	-0.03875
3.83866e-007	-0.03875
3.84366e-007	-0.03875
3.84866e-007	-0.04
3.85366e-007	-0.04
3.85866e-007	-0.038125
3.86366e-007	-0.040625
3.86866e-007	-0.04125
3.87366e-007	-0.03875
3.87866e-007	-0.039375
3.88366e-007	-0.03875
3.88866e-007	-0.038125
3.89366e-007	-0.039375
3.89866e-007	-0.0375
3.90366e-007	-0.0375
3.90866e-007	-0.036875
3.91366e-007	-0.0375
3.91866e-007	-0.036875
3.92366e-007	-0.0375
3.92866e-007	-0.036875
3.93366e-007	-0.03625
3.93866e-007	-0.036875
3.94366e-007	-0.038125
3.94866e-007	-0.038125
3.95366e-007	-0.036875
3.95866e-007	-0.0375
3.96366e-007	-0.038125
3.96866e-007	-0.0375
3.97366e-007	-0.03875
3.97866e-007	-0.03875
3.98366e-007	-0.03875
3.98866e-007	-0.038125
3.99366e-007	-0.03625
3.99866e-007	-0.036875
4.00366e-007	-0.038125
4.00866e-007	-0.036875
4.01366e-007	-0.036875
4.01866e-007	-0.036875
4.02366e-007	-0.03625
4.02866e-007	-0.035625
4.03366e-007	-0.03625
4.03866e-007	-0.03625
4.04366e-007	-0.035
4.04866e-007	-0.035625
4.05366e-007	-0.03625
4.05866e-007	-0.03625
4.06366e-007	-0.036875
4.06866e-007	-0.036875
4.07366e-007	-0.036875
4.07866e-007	-0.0375
4.08366e-007	-0.038125
4.08866e-007	-0.0375
4.09366e-007	-0.036875
4.09866e-007	-0.036875
4.10366e-007	-0.036875
4.10866e-007	-0.03625
4.11366e-007	-0.035
4.11866e-007	-0.035
4.12366e-007	-0.036875
4.12866e-007	-0.035
4.13366e-007	-0.035
4.13866e-007	-0.035625
4.14366e-007	-0.03625
4.14866e-007	-0.035
4.15366e-007	-0.035
4.15866e-007	-0.035625
4.16366e-007	-0.035
4.16866e-007	-0.03625
4.17366e-007	-0.03625
4.17866e-007	-0.03625
4.18366e-007	-0.035625
4.18866e-007	-0.036875
4.19366e-007	-0.035625
4.19866e-007	-0.035
4.20366e-007	-0.0375
4.20866e-007	-0.0375
4.21366e-007	-0.03625
4.21866e-007	-0.035
4.22366e-007	-0.03375
4.22866e-007	-0.03375
4.23366e-007	-0.03375
4.23866e-007	-0.033125
4.24366e-007	-0.03375
4.24866e-007	-0.034375
4.25366e-007	-0.034375
4.25866e-007	-0.035
4.26366e-007	-0.033125
4.26866e-007	-0.03375
4.27366e-007	-0.035
4.27866e-007	-0.035
4.28366e-007	-0.03625
4.28866e-007	-0.035
4.29366e-007	-0.035625
4.29866e-007	-0.035
4.30366e-007	-0.03625
4.30866e-007	-0.03625
4.31366e-007	-0.035625
4.31866e-007	-0.035
4.32366e-007	-0.033125
4.32866e-007	-0.0325
4.33366e-007	-0.0325
4.33866e-007	-0.0325
4.34366e-007	-0.033125
4.34866e-007	-0.0325
4.35366e-007	-0.0325
4.35866e-007	-0.031875
4.36366e-007	-0.0325
4.36866e-007	-0.033125
4.37366e-007	-0.03375
4.37866e-007	-0.035625
4.38366e-007	-0.035625
4.38866e-007	-0.034375
4.39366e-007	-0.033125
4.39866e-007	-0.035
4.40366e-007	-0.035625
4.40866e-007	-0.035
4.41366e-007	-0.03375
4.41866e-007	-0.03375
4.42366e-007	-0.0325
4.42866e-007	-0.0325
4.43366e-007	-0.031875
4.43866e-007	-0.031875
4.44366e-007	-0.0325
4.44866e-007	-0.03125
4.45366e-007	-0.031875
4.45866e-007	-0.0325
4.46366e-007	-0.031875
4.46866e-007	-0.0325
4.47366e-007	-0.0325
4.47866e-007	-0.033125
4.48366e-007	-0.03375
4.48866e-007	-0.033125
4.49366e-007	-0.033125
4.49866e-007	-0.033125
4.50366e-007	-0.03375
4.50866e-007	-0.031875
4.51366e-007	-0.033125
4.51866e-007	-0.034375
4.52366e-007	-0.0325
4.52866e-007	-0.03125
4.53366e-007	-0.03125
4.53866e-007	-0.031875
4.54366e-007	-0.03125
4.54866e-007	-0.03125
4.55366e-007	-0.030625
4.55866e-007	-0.03
4.56366e-007	-0.033125
4.56866e-007	-0.03375
4.57366e-007	-0.0325
4.57866e-007	-0.031875
4.58366e-007	-0.031875
4.58866e-007	-0.033125
4.59366e-007	-0.03125
4.59866e-007	-0.03
4.60366e-007	-0.0325
4.60866e-007	-0.033125
4.61366e-007	-0.0325
4.61866e-007	-0.031875
4.62366e-007	-0.0325
4.62866e-007	-0.0325
4.63366e-007	-0.030625
4.63866e-007	-0.030625
4.64366e-007	-0.030625
4.64866e-007	-0.03125
4.65366e-007	-0.031875
4.65866e-007	-0.031875
4.66366e-007	-0.03
4.66866e-007	-0.03125
4.67366e-007	-0.03125
4.67866e-007	-0.030625
4.68366e-007	-0.030625
4.68866e-007	-0.03125
4.69366e-007	-0.03125
4.69866e-007	-0.03125
4.70366e-007	-0.03125
4.70866e-007	-0.031875
4.71366e-007	-0.031875
4.71866e-007	-0.03
4.72366e-007	-0.029375
4.72866e-007	-0.03125
4.73366e-007	-0.030625
4.73866e-007	-0.030625
4.74366e-007	-0.030625
4.74866e-007	-0.029375
4.75366e-007	-0.030625
4.75866e-007	-0.03125
4.76366e-007	-0.030625
4.76866e-007	-0.03
4.77366e-007	-0.029375
4.77866e-007	-0.030625
4.78366e-007	-0.031875
4.78866e-007	-0.030625
4.79366e-007	-0.029375
4.79866e-007	-0.030625
4.80366e-007	-0.029375
4.80866e-007	-0.029375
4.81366e-007	-0.030625
4.81866e-007	-0.03
4.82366e-007	-0.029375
4.82866e-007	-0.03
4.83366e-007	-0.030625
4.83866e-007	-0.030625
4.84366e-007	-0.029375
4.84866e-007	-0.02875
4.85366e-007	-0.028125
4.85866e-007	-0.02875
4.86366e-007	-0.03
4.86866e-007	-0.029375
4.87366e-007	-0.028125
4.87866e-007	-0.02875
4.88366e-007	-0.02875
4.88866e-007	-0.026875
4.89366e-007	-0.028125
4.89866e-007	-0.029375
4.90366e-007	-0.029375
4.90866e-007	-0.02875
4.91366e-007	-0.028125
4.91866e-007	-0.02875
4.92366e-007	-0.029375
4.92866e-007	-0.03
4.93366e-007	-0.029375
4.93866e-007	-0.02875
4.94366e-007	-0.029375
4.94866e-007	-0.028125
4.95366e-007	-0.028125
4.95866e-007	-0.028125
4.96366e-007	-0.02875
4.96866e-007	-0.029375
4.97366e-007	-0.028125
4.97866e-007	-0.0275
4.98366e-007	-0.028125
4.98866e-007	-0.029375
4.99366e-007	-0.028125
4.99866e-007	-0.0275
5.00366e-007	-0.028125
5.00866e-007	-0.028125
5.01366e-007	-0.02875
5.01866e-007	-0.0275
5.02366e-007	-0.0275
5.02866e-007	-0.028125
5.03366e-007	-0.02875
5.03866e-007	-0.026875
5.04366e-007	-0.028125
5.04866e-007	-0.0275
5.05366e-007	-0.028125
5.05866e-007	-0.026875
5.06366e-007	-0.026875
5.06866e-007	-0.025625
5.07366e-007	-0.026875
5.07866e-007	-0.028125
5.08366e-007	-0.026875
5.08866e-007	-0.0275
5.09366e-007	-0.026875
5.09866e-007	-0.025625
5.10366e-007	-0.0275
5.10866e-007	-0.028125
5.11366e-007	-0.026875
5.11866e-007	-0.026875
5.12366e-007	-0.0275
5.12866e-007	-0.0275
5.13366e-007	-0.028125
5.13866e-007	-0.0275
5.14366e-007	-0.026875
5.14866e-007	-0.026875
5.15366e-007	-0.02875
5.15866e-007	-0.02625
5.16366e-007	-0.026875
5.16866e-007	-0.02625
5.17366e-007	-0.025625
5.17866e-007	-0.025
5.18366e-007	-0.025625
5.18866e-007	-0.025
5.19366e-007	-0.02625
5.19866e-007	-0.0275
5.20366e-007	-0.02625
5.20866e-007	-0.024375
5.21366e-007	-0.025625
5.21866e-007	-0.026875
5.22366e-007	-0.0275
5.22866e-007	-0.026875
5.23366e-007	-0.02625
5.23866e-007	-0.026875
5.24366e-007	-0.0275
5.24866e-007	-0.02625
5.25366e-007	-0.025625
5.25866e-007	-0.026875
5.26366e-007	-0.028125
5.26866e-007	-0.0275
5.27366e-007	-0.02625
5.27866e-007	-0.025
5.28366e-007	-0.025625
5.28866e-007	-0.025
5.29366e-007	-0.025625
5.29866e-007	-0.025
5.30366e-007	-0.02625
5.30866e-007	-0.025
5.31366e-007	-0.025
5.31866e-007	-0.025625
5.32366e-007	-0.025625
5.32866e-007	-0.026875
5.33366e-007	-0.025625
5.33866e-007	-0.02625
5.34366e-007	-0.026875
5.34866e-007	-0.025625
5.35366e-007	-0.025625
5.35866e-007	-0.02625
5.36366e-007	-0.026875
5.36866e-007	-0.025
5.37366e-007	-0.024375
5.37866e-007	-0.02375
5.38366e-007	-0.025625
5.38866e-007	-0.025625
5.39366e-007	-0.024375
5.39866e-007	-0.02375
5.40366e-007	-0.024375
5.40866e-007	-0.025
5.41366e-007	-0.025
5.41866e-007	-0.024375
5.42366e-007	-0.024375
5.42866e-007	-0.02375
5.43366e-007	-0.02375
5.43866e-007	-0.025
5.44366e-007	-0.024375
5.44866e-007	-0.02375
5.45366e-007	-0.025625
5.45866e-007	-0.024375
5.46366e-007	-0.025625
5.46866e-007	-0.024375
5.47366e-007	-0.023125
5.47866e-007	-0.025
5.48366e-007	-0.025625
5.48866e-007	-0.025
5.49366e-007	-0.025625
5.49866e-007	-0.024375
5.50366e-007	-0.024375
5.50866e-007	-0.023125
5.51366e-007	-0.025
5.51866e-007	-0.02375
5.52366e-007	-0.024375
5.52866e-007	-0.025
5.53366e-007	-0.024375
5.53866e-007	-0.023125
5.54366e-007	-0.0225
5.54866e-007	-0.023125
5.55366e-007	-0.025
5.55866e-007	-0.025625
5.56366e-007	-0.025625
5.56866e-007	-0.024375
5.57366e-007	-0.025
5.57866e-007	-0.023125
5.58366e-007	-0.023125
5.58866e-007	-0.025
5.59366e-007	-0.023125
5.59866e-007	-0.0225
5.60366e-007	-0.02375
5.60866e-007	-0.0225
5.61366e-007	-0.02375
5.61866e-007	-0.023125
5.62366e-007	-0.0225
5.62866e-007	-0.0225
5.63366e-007	-0.023125
5.63866e-007	-0.021875
5.64366e-007	-0.020625
5.64866e-007	-0.021875
5.65366e-007	-0.02375
5.65866e-007	-0.023125
5.66366e-007	-0.023125
5.66866e-007	-0.02375
5.67366e-007	-0.024375
5.67866e-007	-0.02375
5.68366e-007	-0.02375
5.68866e-007	-0.02375
5.69366e-007	-0.02375
5.69866e-007	-0.02375
5.70366e-007	-0.02375
5.70866e-007	-0.023125
5.71366e-007	-0.023125
5.71866e-007	-0.023125
5.72366e-007	-0.023125
5.72866e-007	-0.02
5.73366e-007	-0.021875
5.73866e-007	-0.0225
5.74366e-007	-0.02125
5.74866e-007	-0.02
5.75366e-007	-0.020625
5.75866e-007	-0.02125
5.76366e-007	-0.021875
5.76866e-007	-0.023125
5.77366e-007	-0.0225
5.77866e-007	-0.023125
5.78366e-007	-0.02375
5.78866e-007	-0.0225
5.79366e-007	-0.021875
5.79866e-007	-0.021875
5.80366e-007	-0.021875
5.80866e-007	-0.02375
5.81366e-007	-0.023125
5.81866e-007	-0.020625
5.82366e-007	-0.020625
5.82866e-007	-0.02125
5.83366e-007	-0.02125
5.83866e-007	-0.021875
5.84366e-007	-0.02125
5.84866e-007	-0.02
5.85366e-007	-0.02
5.85866e-007	-0.02125
5.86366e-007	-0.02
5.86866e-007	-0.020625
5.87366e-007	-0.020625
5.87866e-007	-0.020625
5.88366e-007	-0.021875
5.88866e-007	-0.02125
5.89366e-007	-0.021875
5.89866e-007	-0.02125
5.90366e-007	-0.02125
5.90866e-007	-0.021875
5.91366e-007	-0.02125
5.91866e-007	-0.021875
5.92366e-007	-0.019375
5.92866e-007	-0.02
5.93366e-007	-0.0225
5.93866e-007	-0.021875
5.94366e-007	-0.02125
5.94866e-007	-0.02125
5.95366e-007	-0.020625
5.95866e-007	-0.02
5.96366e-007	-0.02125
5.96866e-007	-0.0225
5.97366e-007	-0.02125
5.97866e-007	-0.020625
5.98366e-007	-0.019375
5.98866e-007	-0.020625
5.99366e-007	-0.02125
5.99866e-007	-0.02125
6.00366e-007	-0.02125
6.00866e-007	-0.02125
6.01366e-007	-0.02125
6.01866e-007	-0.020625
6.02366e-007	-0.019375
6.02866e-007	-0.020625
6.03366e-007	-0.019375
6.03866e-007	-0.01875
6.04366e-007	-0.02
6.04866e-007	-0.01875
6.05366e-007	-0.01875
6.05866e-007	-0.02125
6.06366e-007	-0.02
6.06866e-007	-0.019375
6.07366e-007	-0.01875
6.07866e-007	-0.02
6.08366e-007	-0.020625
6.08866e-007	-0.01875
6.09366e-007	-0.018125
6.09866e-007	-0.01875
6.10366e-007	-0.018125
6.10866e-007	-0.018125
6.11366e-007	-0.019375
6.11866e-007	-0.02125
6.12366e-007	-0.019375
6.12866e-007	-0.02
6.13366e-007	-0.02125
6.13866e-007	-0.021875
6.14366e-007	-0.019375
6.14866e-007	-0.019375
6.15366e-007	-0.01875
6.15866e-007	-0.01875
6.16366e-007	-0.01875
6.16866e-007	-0.02125
6.17366e-007	-0.02
6.17866e-007	-0.02
6.18366e-007	-0.02125
6.18866e-007	-0.02
6.19366e-007	-0.01875
6.19866e-007	-0.0175
6.20366e-007	-0.018125
6.20866e-007	-0.018125
6.21366e-007	-0.019375
6.21866e-007	-0.020625
6.22366e-007	-0.01875
6.22866e-007	-0.019375
6.23366e-007	-0.020625
6.23866e-007	-0.020625
6.24366e-007	-0.019375
6.24866e-007	-0.01875
6.25366e-007	-0.019375
6.25866e-007	-0.019375
6.26366e-007	-0.01875
6.26866e-007	-0.019375
6.27366e-007	-0.018125
6.27866e-007	-0.0175
6.28366e-007	-0.018125
6.28866e-007	-0.01875
6.29366e-007	-0.016875
6.29866e-007	-0.018125
6.30366e-007	-0.0175
6.30866e-007	-0.0175
6.31366e-007	-0.018125
6.31866e-007	-0.01875
6.32366e-007	-0.0175
6.32866e-007	-0.016875
6.33366e-007	-0.018125
6.33866e-007	-0.019375
6.34366e-007	-0.019375
6.34866e-007	-0.018125
6.35366e-007	-0.016875
6.35866e-007	-0.019375
6.36366e-007	-0.019375
6.36866e-007	-0.019375
6.37366e-007	-0.01875
6.37866e-007	-0.018125
6.38366e-007	-0.018125
6.38866e-007	-0.018125
6.39366e-007	-0.0175
6.39866e-007	-0.01875
6.40366e-007	-0.0175
6.40866e-007	-0.016875
6.41366e-007	-0.018125
6.41866e-007	-0.01875
6.42366e-007	-0.018125
6.42866e-007	-0.0175
6.43366e-007	-0.016875
6.43866e-007	-0.0175
6.44366e-007	-0.016875
6.44866e-007	-0.016875
6.45366e-007	-0.0175
6.45866e-007	-0.01875
6.46366e-007	-0.018125
6.46866e-007	-0.018125
6.47366e-007	-0.01875
6.47866e-007	-0.01875
6.48366e-007	-0.016875
6.48866e-007	-0.01875
6.49366e-007	-0.01875
6.49866e-007	-0.018125
6.50366e-007	-0.016875
6.50866e-007	-0.0175
6.51366e-007	-0.0175
6.51866e-007	-0.018125
6.52366e-007	-0.016875
6.52866e-007	-0.01625
6.53366e-007	-0.0175
6.53866e-007	-0.0175
6.54366e-007	-0.01625
6.54866e-007	-0.016875
6.55366e-007	-0.016875
6.55866e-007	-0.018125
6.56366e-007	-0.0175
6.56866e-007	-0.016875
6.57366e-007	-0.0175
6.57866e-007	-0.018125
6.58366e-007	-0.018125
6.58866e-007	-0.0175
6.59366e-007	-0.0175
6.59866e-007	-0.0175
6.60366e-007	-0.01625
6.60866e-007	-0.018125
6.61366e-007	-0.0175
6.61866e-007	-0.0175
6.62366e-007	-0.016875
6.62866e-007	-0.015625
6.63366e-007	-0.015625
6.63866e-007	-0.016875
6.64366e-007	-0.016875
6.64866e-007	-0.018125
6.65366e-007	-0.015625
6.65866e-007	-0.015625
6.66366e-007	-0.015625
6.66866e-007	-0.01625
6.67366e-007	-0.01625
6.67866e-007	-0.015
6.68366e-007	-0.018125
6.68866e-007	-0.0175
6.69366e-007	-0.016875
6.69866e-007	-0.0175
6.70366e-007	-0.018125
6.70866e-007	-0.018125
6.71366e-007	-0.016875
6.71866e-007	-0.016875
6.72366e-007	-0.016875
6.72866e-007	-0.01625
6.73366e-007	-0.015625
6.73866e-007	-0.01625
6.74366e-007	-0.015625
6.74866e-007	-0.015625
6.75366e-007	-0.015625
6.75866e-007	-0.01625
6.76366e-007	-0.016875
6.76866e-007	-0.01625
6.77366e-007	-0.015
6.77866e-007	-0.015625
6.78366e-007	-0.015625
6.78866e-007	-0.01625
6.79366e-007	-0.015625
6.79866e-007	-0.016875
6.80366e-007	-0.015625
6.80866e-007	-0.015625
6.81366e-007	-0.01625
6.81866e-007	-0.0175
6.82366e-007	-0.016875
6.82866e-007	-0.01625
6.83366e-007	-0.01625
6.83866e-007	-0.016875
6.84366e-007	-0.015
6.84866e-007	-0.015
6.85366e-007	-0.015
6.85866e-007	-0.015
6.86366e-007	-0.01375
6.86866e-007	-0.015625
6.87366e-007	-0.01625
6.87866e-007	-0.015625
6.88366e-007	-0.014375
6.88866e-007	-0.016875
6.89366e-007	-0.01625
6.89866e-007	-0.015625
6.90366e-007	-0.015625
6.90866e-007	-0.01625
6.91366e-007	-0.01625
6.91866e-007	-0.01625
6.92366e-007	-0.016875
6.92866e-007	-0.016875
6.93366e-007	-0.01625
6.93866e-007	-0.01625
6.94366e-007	-0.015625
6.94866e-007	-0.01625
6.95366e-007	-0.015
6.95866e-007	-0.014375
6.96366e-007	-0.015625
6.96866e-007	-0.01375
6.97366e-007	-0.01375
6.97866e-007	-0.014375
6.98366e-007	-0.014375
6.98866e-007	-0.015
6.99366e-007	-0.015
6.99866e-007	-0.015
7.00366e-007	-0.01625
7.00866e-007	-0.01625
7.01366e-007	-0.015625
7.01866e-007	-0.01625
7.02366e-007	-0.01625
7.02866e-007	-0.015625
7.03366e-007	-0.014375
7.03866e-007	-0.01625
7.04366e-007	-0.01625
7.04866e-007	-0.01625
7.05366e-007	-0.014375
7.05866e-007	-0.015625
7.06366e-007	-0.015625
7.06866e-007	-0.015
7.07366e-007	-0.01375
7.07866e-007	-0.013125
7.08366e-007	-0.01375
7.08866e-007	-0.015
7.09366e-007	-0.015625
7.09866e-007	-0.015
7.10366e-007	-0.013125
7.10866e-007	-0.015
7.11366e-007	-0.01625
7.11866e-007	-0.015625
7.12366e-007	-0.015625
7.12866e-007	-0.015
7.13366e-007	-0.014375
7.13866e-007	-0.015625
7.14366e-007	-0.015
7.14866e-007	-0.015625
7.15366e-007	-0.015
7.15866e-007	-0.014375
7.16366e-007	-0.015625
7.16866e-007	-0.015
7.17366e-007	-0.015
7.17866e-007	-0.015
7.18366e-007	-0.0125
7.18866e-007	-0.01375
7.19366e-007	-0.015
7.19866e-007	-0.014375
7.20366e-007	-0.0125
7.20866e-007	-0.0125
7.21366e-007	-0.01375
7.21866e-007	-0.014375
7.22366e-007	-0.014375
7.22866e-007	-0.015
7.23366e-007	-0.01375
7.23866e-007	-0.01375
7.24366e-007	-0.01375
7.24866e-007	-0.016875
7.25366e-007	-0.015625
7.25866e-007	-0.015625
7.26366e-007	-0.015625
7.26866e-007	-0.013125
7.27366e-007	-0.014375
7.27866e-007	-0.015
7.28366e-007	-0.01375
7.28866e-007	-0.015
7.29366e-007	-0.01375
7.29866e-007	-0.011875
7.30366e-007	-0.0125
7.30866e-007	-0.01375
7.31366e-007	-0.01375
7.31866e-007	-0.013125
7.32366e-007	-0.013125
7.32866e-007	-0.014375
7.33366e-007	-0.01375
7.33866e-007	-0.014375
7.34366e-007	-0.014375
7.34866e-007	-0.015
7.35366e-007	-0.01375
7.35866e-007	-0.013125
7.36366e-007	-0.014375
7.36866e-007	-0.013125
7.37366e-007	-0.01375
7.37866e-007	-0.015
7.38366e-007	-0.01375
7.38866e-007	-0.01375
7.39366e-007	-0.013125
7.39866e-007	-0.013125
7.40366e-007	-0.0125
7.40866e-007	-0.013125
7.41366e-007	-0.0125
7.41866e-007	-0.01125
7.42366e-007	-0.013125
7.42866e-007	-0.013125
7.43366e-007	-0.01125
7.43866e-007	-0.011875
7.44366e-007	-0.013125
7.44866e-007	-0.014375
7.45366e-007	-0.014375
7.45866e-007	-0.015
7.46366e-007	-0.015
7.46866e-007	-0.014375
7.47366e-007	-0.013125
7.47866e-007	-0.01375
7.48366e-007	-0.01375
7.48866e-007	-0.014375
7.49366e-007	-0.013125
7.49866e-007	-0.014375
7.50366e-007	-0.0125
7.50866e-007	-0.011875
7.51366e-007	-0.013125
7.51866e-007	-0.013125
7.52366e-007	-0.0125
7.52866e-007	-0.013125
7.53366e-007	-0.013125
7.53866e-007	-0.01375
7.54366e-007	-0.011875
7.54866e-007	-0.0125
7.55366e-007	-0.011875
7.55866e-007	-0.011875
7.56366e-007	-0.013125
7.56866e-007	-0.01375
7.57366e-007	-0.01375
7.57866e-007	-0.01375
7.58366e-007	-0.01125
7.58866e-007	-0.011875
7.59366e-007	-0.01375
7.59866e-007	-0.013125
7.60366e-007	-0.013125
7.60866e-007	-0.011875
7.61366e-007	-0.0125
7.61866e-007	-0.013125
7.62366e-007	-0.0125
7.62866e-007	-0.011875
7.63366e-007	-0.0125
7.63866e-007	-0.0125
7.64366e-007	-0.011875
7.64866e-007	-0.0125
7.65366e-007	-0.011875
7.65866e-007	-0.01125
7.66366e-007	-0.01125
7.66866e-007	-0.013125
7.67366e-007	-0.011875
7.67866e-007	-0.01125
7.68366e-007	-0.013125
7.68866e-007	-0.0125
7.69366e-007	-0.01125
7.69866e-007	-0.013125
7.70366e-007	-0.0125
7.70866e-007	-0.013125
7.71366e-007	-0.01375
7.71866e-007	-0.01125
7.72366e-007	-0.011875
7.72866e-007	-0.013125
7.73366e-007	-0.011875
7.73866e-007	-0.0125
7.74366e-007	-0.011875
7.74866e-007	-0.010625
7.75366e-007	-0.011875
7.75866e-007	-0.011875
7.76366e-007	-0.01125
7.76866e-007	-0.011875
7.77366e-007	-0.011875
7.77866e-007	-0.0125
7.78366e-007	-0.011875
7.78866e-007	-0.01125
7.79366e-007	-0.011875
7.79866e-007	-0.0125
7.80366e-007	-0.013125
7.80866e-007	-0.011875
7.81366e-007	-0.011875
7.81866e-007	-0.014375
7.82366e-007	-0.01375
7.82866e-007	-0.0125
7.83366e-007	-0.011875
7.83866e-007	-0.010625
7.84366e-007	-0.011875
7.84866e-007	-0.013125
7.85366e-007	-0.010625
7.85866e-007	-0.01
7.86366e-007	-0.0125
7.86866e-007	-0.009375
7.87366e-007	-0.009375
7.87866e-007	-0.01125
7.88366e-007	-0.0125
7.88866e-007	-0.011875
7.89366e-007	-0.010625
7.89866e-007	-0.01
7.90366e-007	-0.011875
7.90866e-007	-0.0125
7.91366e-007	-0.0125
7.91866e-007	-0.0125
7.92366e-007	-0.011875
7.92866e-007	-0.011875
7.93366e-007	-0.0125
7.93866e-007	-0.01125
7.94366e-007	-0.011875
7.94866e-007	-0.01125
7.95366e-007	-0.0125
7.95866e-007	-0.01125
7.96366e-007	-0.01
7.96866e-007	-0.01125
7.97366e-007	-0.01125
7.97866e-007	-0.01125
7.98366e-007	-0.01125
7.98866e-007	-0.01125
7.99366e-007	-0.011875
7.99866e-007	-0.0125
8.00366e-007	-0.010625
8.00866e-007	-0.010625
8.01366e-007	-0.011875
8.01866e-007	-0.011875
8.02366e-007	-0.011875
8.02866e-007	-0.01
8.03366e-007	-0.010625
8.03866e-007	-0.013125
8.04366e-007	-0.01125
8.04866e-007	-0.01
8.05366e-007	-0.011875
8.05866e-007	-0.0125
8.06366e-007	-0.01125
8.06866e-007	-0.011875
8.07366e-007	-0.01125
8.07866e-007	-0.01
8.08366e-007	-0.010625
8.08866e-007	-0.011875
8.09366e-007	-0.011875
8.09866e-007	-0.01
8.10366e-007	-0.01125
8.10866e-007	-0.011875
8.11366e-007	-0.010625
8.11866e-007	-0.01
8.12366e-007	-0.011875
8.12866e-007	-0.010625
8.13366e-007	-0.010625
8.13866e-007	-0.011875
8.14366e-007	-0.011875
8.14866e-007	-0.011875
8.15366e-007	-0.011875
8.15866e-007	-0.01125
8.16366e-007	-0.0125
8.16866e-007	-0.011875
8.17366e-007	-0.01125
8.17866e-007	-0.01125
8.18366e-007	-0.01125
8.18866e-007	-0.01125
8.19366e-007	-0.01125
8.19866e-007	-0.010625
8.20366e-007	-0.010625
8.20866e-007	-0.010625
8.21366e-007	-0.00875
8.21866e-007	-0.009375
8.22366e-007	-0.010625
8.22866e-007	-0.01
8.23366e-007	-0.01125
8.23866e-007	-0.010625
8.24366e-007	-0.010625
8.24866e-007	-0.010625
8.25366e-007	-0.009375
8.25866e-007	-0.01
8.26366e-007	-0.010625
8.26866e-007	-0.010625
8.27366e-007	-0.01125
8.27866e-007	-0.01125
8.28366e-007	-0.010625
8.28866e-007	-0.01125
8.29366e-007	-0.010625
8.29866e-007	-0.01
8.30366e-007	-0.01125
8.30866e-007	-0.010625
8.31366e-007	-0.009375
8.31866e-007	-0.009375
8.32366e-007	-0.010625
8.32866e-007	-0.00875
8.33366e-007	-0.008125
8.33866e-007	-0.010625
8.34366e-007	-0.01
8.34866e-007	-0.008125
8.35366e-007	-0.01125
8.35866e-007	-0.01125
8.36366e-007	-0.01125
8.36866e-007	-0.01
8.37366e-007	-0.01125
8.37866e-007	-0.011875
8.38366e-007	-0.010625
8.38866e-007	-0.01
8.39366e-007	-0.01125
8.39866e-007	-0.009375
8.40366e-007	-0.01
8.40866e-007	-0.010625
8.41366e-007	-0.010625
8.41866e-007	-0.008125
8.42366e-007	-0.008125
8.42866e-007	-0.00875
8.43366e-007	-0.00875
8.43866e-007	-0.008125
8.44366e-007	-0.009375
8.44866e-007	-0.009375
8.45366e-007	-0.010625
8.45866e-007	-0.009375
8.46366e-007	-0.010625
8.46866e-007	-0.010625
8.47366e-007	-0.01
8.47866e-007	-0.010625
8.48366e-007	-0.010625
8.48866e-007	-0.009375
8.49366e-007	-0.01
8.49866e-007	-0.01125
8.50366e-007	-0.01
8.50866e-007	-0.009375
8.51366e-007	-0.008125
8.51866e-007	-0.008125
8.52366e-007	-0.010625
8.52866e-007	-0.009375
8.53366e-007	-0.008125
8.53866e-007	-0.00875
8.54366e-007	-0.009375
8.54866e-007	-0.009375
8.55366e-007	-0.010625
8.55866e-007	-0.009375
8.56366e-007	-0.009375
8.56866e-007	-0.010625
8.57366e-007	-0.009375
8.57866e-007	-0.009375
8.58366e-007	-0.00875
8.58866e-007	-0.00875
8.59366e-007	-0.009375
8.59866e-007	-0.00875
8.60366e-007	-0.009375
8.60866e-007	-0.00875
8.61366e-007	-0.00875
8.61866e-007	-0.00875
8.62366e-007	-0.009375
8.62866e-007	-0.009375
8.63366e-007	-0.009375
8.63866e-007	-0.009375
8.64366e-007	-0.008125
8.64866e-007	-0.008125
8.65366e-007	-0.010625
8.65866e-007	-0.01
8.66366e-007	-0.009375
8.66866e-007	-0.008125
8.67366e-007	-0.009375
8.67866e-007	-0.01
8.68366e-007	-0.01
8.68866e-007	-0.010625
8.69366e-007	-0.01
8.69866e-007	-0.009375
8.70366e-007	-0.008125
8.70866e-007	-0.008125
8.71366e-007	-0.00875
8.71866e-007	-0.00875
8.72366e-007	-0.008125
8.72866e-007	-0.009375
8.73366e-007	-0.01
8.73866e-007	-0.008125
8.74366e-007	-0.008125
8.74866e-007	-0.00875
8.75366e-007	-0.009375
8.75866e-007	-0.00875
8.76366e-007	-0.00875
8.76866e-007	-0.009375
8.77366e-007	-0.009375
8.77866e-007	-0.00875
8.78366e-007	-0.009375
8.78866e-007	-0.009375
8.79366e-007	-0.009375
8.79866e-007	-0.009375
8.80366e-007	-0.01
8.80866e-007	-0.009375
8.81366e-007	-0.008125
8.81866e-007	-0.00875
8.82366e-007	-0.00875
8.82866e-007	-0.008125
8.83366e-007	-0.008125
8.83866e-007	-0.009375
8.84366e-007	-0.008125
8.84866e-007	-0.006875
8.85366e-007	-0.0075
8.85866e-007	-0.008125
8.86366e-007	-0.00875
8.86866e-007	-0.009375
8.87366e-007	-0.00875
8.87866e-007	-0.0075
8.88366e-007	-0.00875
8.88866e-007	-0.01
8.89366e-007	-0.009375
8.89866e-007	-0.009375
8.90366e-007	-0.008125
8.90866e-007	-0.008125
8.91366e-007	-0.01
8.91866e-007	-0.009375
8.92366e-007	-0.00875
8.92866e-007	-0.008125
8.93366e-007	-0.008125
8.93866e-007	-0.008125
8.94366e-007	-0.0075
8.94866e-007	-0.008125
8.95366e-007	-0.006875
8.95866e-007	-0.0075
8.96366e-007	-0.0075
8.96866e-007	-0.006875
8.97366e-007	-0.0075
8.97866e-007	-0.00875
8.98366e-007	-0.00875
8.98866e-007	-0.00875
8.99366e-007	-0.009375
8.99866e-007	-0.009375
9.00366e-007	-0.01
9.00866e-007	-0.00875
9.01366e-007	-0.008125
9.01866e-007	-0.00875
9.02366e-007	-0.00875
9.02866e-007	-0.00875
9.03366e-007	-0.00875
9.03866e-007	-0.00875
9.04366e-007	-0.006875
9.04866e-007	-0.008125
9.05366e-007	-0.00875
9.05866e-007	-0.0075
9.06366e-007	-0.008125
9.06866e-007	-0.006875
9.07366e-007	-0.005
9.07866e-007	-0.006875
9.08366e-007	-0.008125
9.08866e-007	-0.008125
9.09366e-007	-0.008125
9.09866e-007	-0.0075
9.10366e-007	-0.009375
9.10866e-007	-0.00875
9.11366e-007	-0.009375
9.11866e-007	-0.01
9.12366e-007	-0.009375
9.12866e-007	-0.0075
9.13366e-007	-0.006875
9.13866e-007	-0.0075
9.14366e-007	-0.008125
9.14866e-007	-0.0075
9.15366e-007	-0.006875
9.15866e-007	-0.00625
9.16366e-007	-0.005625
9.16866e-007	-0.00625
9.17366e-007	-0.006875
9.17866e-007	-0.008125
9.18366e-007	-0.008125
9.18866e-007	-0.0075
9.19366e-007	-0.008125
9.19866e-007	-0.008125
9.20366e-007	-0.009375
9.20866e-007	-0.00875
9.21366e-007	-0.00875
9.21866e-007	-0.01125
9.22366e-007	-0.009375
9.22866e-007	-0.008125
9.23366e-007	-0.008125
9.23866e-007	-0.008125
9.24366e-007	-0.0075
9.24866e-007	-0.006875
9.25366e-007	-0.00625
9.25866e-007	-0.00625
9.26366e-007	-0.00625
9.26866e-007	-0.008125
9.27366e-007	-0.008125
9.27866e-007	-0.00625
9.28366e-007	-0.005
9.28866e-007	-0.006875
9.29366e-007	-0.009375
9.29866e-007	-0.008125
9.30366e-007	-0.009375
9.30866e-007	-0.00875
9.31366e-007	-0.0075
9.31866e-007	-0.008125
9.32366e-007	-0.008125
9.32866e-007	-0.00875
9.33366e-007	-0.008125
9.33866e-007	-0.00875
9.34366e-007	-0.0075
9.34866e-007	-0.006875
9.35366e-007	-0.008125
9.35866e-007	-0.006875
9.36366e-007	-0.006875
9.36866e-007	-0.008125
9.37366e-007	-0.00625
9.37866e-007	-0.0075
9.38366e-007	-0.0075
9.38866e-007	-0.00625
9.39366e-007	-0.006875
9.39866e-007	-0.008125
9.40366e-007	-0.006875
9.40866e-007	-0.006875
9.41366e-007	-0.00875
9.41866e-007	-0.008125
9.42366e-007	-0.00625
9.42866e-007	-0.0075
9.43366e-007	-0.008125
9.43866e-007	-0.00875
9.44366e-007	-0.008125
9.44866e-007	-0.0075
9.45366e-007	-0.009375
9.45866e-007	-0.008125
9.46366e-007	-0.006875
9.46866e-007	-0.006875
9.47366e-007	-0.005625
9.47866e-007	-0.00625
9.48366e-007	-0.0075
9.48866e-007	-0.0075
9.49366e-007	-0.005625
9.49866e-007	-0.005625
9.50366e-007	-0.0075
9.50866e-007	-0.0075
9.51366e-007	-0.006875
9.51866e-007	-0.006875
9.52366e-007	-0.0075
9.52866e-007	-0.006875
9.53366e-007	-0.006875
9.53866e-007	-0.008125
9.54366e-007	-0.006875
9.54866e-007	-0.006875
9.55366e-007	-0.008125
9.55866e-007	-0.008125
9.56366e-007	-0.006875
9.56866e-007	-0.006875
9.57366e-007	-0.00625
9.57866e-007	-0.006875
9.58366e-007	-0.008125
9.58866e-007	-0.006875
9.59366e-007	-0.00625
9.59866e-007	-0.005625
9.60366e-007	-0.005625
9.60866e-007	-0.005625
9.61366e-007	-0.005
9.61866e-007	-0.00625
9.62366e-007	-0.00625
9.62866e-007	-0.00625
9.63366e-007	-0.006875
9.63866e-007	-0.0075
9.64366e-007	-0.008125
9.64866e-007	-0.008125
9.65366e-007	-0.00625
9.65866e-007	-0.008125
9.66366e-007	-0.0075
9.66866e-007	-0.0075
9.67366e-007	-0.0075
9.67866e-007	-0.0075
9.68366e-007	-0.006875
9.68866e-007	-0.00625
9.69366e-007	-0.00625
9.69866e-007	-0.006875
9.70366e-007	-0.006875
9.70866e-007	-0.005
9.71366e-007	-0.005
9.71866e-007	-0.005625
9.72366e-007	-0.005
9.72866e-007	-0.006875
9.73366e-007	-0.005625
9.73866e-007	-0.005625
9.74366e-007	-0.0075
9.74866e-007	-0.006875
9.75366e-007	-0.006875
9.75866e-007	-0.0075
9.76366e-007	-0.008125
9.76866e-007	-0.006875
9.77366e-007	-0.00625
9.77866e-007	-0.006875
9.78366e-007	-0.006875
9.78866e-007	-0.006875
9.79366e-007	-0.005625
9.79866e-007	-0.005
9.80366e-007	-0.005
9.80866e-007	-0.005625
9.81366e-007	-0.005
9.81866e-007	-0.00625
9.82366e-007	-0.00625
9.82866e-007	-0.005625
9.83366e-007	-0.00375
9.83866e-007	-0.004375
9.84366e-007	-0.008125
9.84866e-007	-0.00625
9.85366e-007	-0.00625
9.85866e-007	-0.006875
9.86366e-007	-0.00625
9.86866e-007	-0.006875
9.87366e-007	-0.005625
9.87866e-007	-0.0075
9.88366e-007	-0.0075
9.88866e-007	-0.006875
9.89366e-007	-0.0075
9.89866e-007	-0.005
9.90366e-007	-0.005625
9.90866e-007	-0.005
9.91366e-007	-0.004375
9.91866e-007	-0.00625
9.92366e-007	-0.005625
9.92866e-007	-0.005
9.93366e-007	-0.005
9.93866e-007	-0.005625
9.94366e-007	-0.004375
9.94866e-007	-0.005625
9.95366e-007	-0.00625
9.95866e-007	-0.0075
9.96366e-007	-0.005625
9.96866e-007	-0.00625
9.97366e-007	-0.006875
9.97866e-007	-0.008125
9.98366e-007	-0.006875
9.98866e-007	-0.005
9.99366e-007	-0.005625
9.99866e-007	-0.006875
1.000366e-006	-0.005625
1.000866e-006	-0.005
1.001366e-006	-0.005625
1.001866e-006	-0.005625
1.002366e-006	-0.00375
1.002866e-006	-0.005
1.003366e-006	-0.005625
1.003866e-006	-0.005
1.004366e-006	-0.00375
