LECROYWS454	16215	Waveform
Segments	1	SegmentSize	4002
Segment	TrigTime	TimeSinceSegment1
#1	29-Apr-2024 21:05:19	0                 
Time	Ampl
-9.96279e-007	-0.00125
-9.95779e-007	0.000625
-9.95279e-007	0.00125
-9.94779e-007	0
-9.94279e-007	-0.00125
-9.93779e-007	0
-9.93279e-007	-0.000625
-9.92779e-007	-0.000625
-9.92279e-007	0
-9.91779e-007	-0.000625
-9.91279e-007	-0.000625
-9.90779e-007	-0.000625
-9.90279e-007	-0.00125
-9.89779e-007	0.000625
-9.89279e-007	-0.00125
-9.88779e-007	0.000625
-9.88279e-007	0.001875
-9.87779e-007	-0.000625
-9.87279e-007	0
-9.86779e-007	0.000625
-9.86279e-007	0.000625
-9.85779e-007	0.000625
-9.85279e-007	0
-9.84779e-007	0.00125
-9.84279e-007	0.00125
-9.83779e-007	0
-9.83279e-007	0
-9.82779e-007	-0.000625
-9.82279e-007	0
-9.81779e-007	0
-9.81279e-007	-0.000625
-9.80779e-007	0.000625
-9.80279e-007	0.000625
-9.79779e-007	-0.000625
-9.79279e-007	-0.000625
-9.78779e-007	0
-9.78279e-007	-0.000625
-9.77779e-007	0
-9.77279e-007	0.00125
-9.76779e-007	0
-9.76279e-007	0.00125
-9.75779e-007	0.0025
-9.75279e-007	0.00125
-9.74779e-007	0
-9.74279e-007	-0.001875
-9.73779e-007	-0.000625
-9.73279e-007	0.000625
-9.72779e-007	0
-9.72279e-007	0.000625
-9.71779e-007	-0.000625
-9.71279e-007	-0.00125
-9.70779e-007	0
-9.70279e-007	-0.000625
-9.69779e-007	-0.00125
-9.69279e-007	-0.00125
-9.68779e-007	-0.000625
-9.68279e-007	-0.000625
-9.67779e-007	-0.00125
-9.67279e-007	-0.000625
-9.66779e-007	0
-9.66279e-007	0.000625
-9.65779e-007	0.001875
-9.65279e-007	0
-9.64779e-007	0
-9.64279e-007	-0.000625
-9.63779e-007	0
-9.63279e-007	0.00125
-9.62779e-007	0
-9.62279e-007	0
-9.61779e-007	0.000625
-9.61279e-007	0.000625
-9.60779e-007	-0.000625
-9.60279e-007	-0.000625
-9.59779e-007	0
-9.59279e-007	-0.00125
-9.58779e-007	-0.001875
-9.58279e-007	-0.000625
-9.57779e-007	-0.000625
-9.57279e-007	0.000625
-9.56779e-007	0
-9.56279e-007	-0.00125
-9.55779e-007	-0.00125
-9.55279e-007	-0.000625
-9.54779e-007	0
-9.54279e-007	0.00125
-9.53779e-007	0.001875
-9.53279e-007	0
-9.52779e-007	-0.00125
-9.52279e-007	0
-9.51779e-007	0
-9.51279e-007	0.000625
-9.50779e-007	-0.000625
-9.50279e-007	-0.00125
-9.49779e-007	-0.00125
-9.49279e-007	-0.00125
-9.48779e-007	-0.000625
-9.48279e-007	0.000625
-9.47779e-007	0
-9.47279e-007	-0.000625
-9.46779e-007	0
-9.46279e-007	-0.000625
-9.45779e-007	0
-9.45279e-007	0.000625
-9.44779e-007	0
-9.44279e-007	-0.000625
-9.43779e-007	-0.000625
-9.43279e-007	0.000625
-9.42779e-007	0.001875
-9.42279e-007	0.000625
-9.41779e-007	-0.000625
-9.41279e-007	-0.000625
-9.40779e-007	0.000625
-9.40279e-007	-0.000625
-9.39779e-007	-0.000625
-9.39279e-007	0.000625
-9.38779e-007	-0.000625
-9.38279e-007	-0.000625
-9.37779e-007	-0.000625
-9.37279e-007	-0.00125
-9.36779e-007	-0.000625
-9.36279e-007	0.000625
-9.35779e-007	-0.00125
-9.35279e-007	-0.000625
-9.34779e-007	0.00125
-9.34279e-007	0.000625
-9.33779e-007	-0.000625
-9.33279e-007	-0.001875
-9.32779e-007	-0.00125
-9.32279e-007	0.000625
-9.31779e-007	0.000625
-9.31279e-007	0.000625
-9.30779e-007	0.00125
-9.30279e-007	0.000625
-9.29779e-007	-0.00125
-9.29279e-007	-0.000625
-9.28779e-007	0
-9.28279e-007	-0.00125
-9.27779e-007	-0.000625
-9.27279e-007	0.000625
-9.26779e-007	0.0025
-9.26279e-007	-0.00125
-9.25779e-007	-0.00125
-9.25279e-007	0.000625
-9.24779e-007	-0.000625
-9.24279e-007	-0.000625
-9.23779e-007	-0.00125
-9.23279e-007	-0.00125
-9.22779e-007	0.000625
-9.22279e-007	0
-9.21779e-007	0
-9.21279e-007	0
-9.20779e-007	-0.000625
-9.20279e-007	0.000625
-9.19779e-007	0.000625
-9.19279e-007	-0.000625
-9.18779e-007	0
-9.18279e-007	0
-9.17779e-007	0.000625
-9.17279e-007	0
-9.16779e-007	0.000625
-9.16279e-007	-0.00125
-9.15779e-007	-0.000625
-9.15279e-007	0.001875
-9.14779e-007	0
-9.14279e-007	-0.00125
-9.13779e-007	-0.000625
-9.13279e-007	-0.000625
-9.12779e-007	-0.000625
-9.12279e-007	0
-9.11779e-007	0
-9.11279e-007	0.000625
-9.10779e-007	0.000625
-9.10279e-007	0
-9.09779e-007	-0.00125
-9.09279e-007	-0.00125
-9.08779e-007	0.00125
-9.08279e-007	0.00125
-9.07779e-007	0.000625
-9.07279e-007	0
-9.06779e-007	0.00125
-9.06279e-007	0.000625
-9.05779e-007	0
-9.05279e-007	0.00125
-9.04779e-007	0.000625
-9.04279e-007	0
-9.03779e-007	-0.000625
-9.03279e-007	0
-9.02779e-007	-0.000625
-9.02279e-007	0
-9.01779e-007	-0.000625
-9.01279e-007	-0.000625
-9.00779e-007	-0.000625
-9.00279e-007	0
-8.99779e-007	-0.00125
-8.99279e-007	-0.001875
-8.98779e-007	-0.001875
-8.98279e-007	0
-8.97779e-007	0.00125
-8.97279e-007	0.000625
-8.96779e-007	0.000625
-8.96279e-007	0.000625
-8.95779e-007	0.000625
-8.95279e-007	0.000625
-8.94779e-007	0.000625
-8.94279e-007	0
-8.93779e-007	-0.000625
-8.93279e-007	-0.00125
-8.92779e-007	0.000625
-8.92279e-007	0.000625
-8.91779e-007	-0.000625
-8.91279e-007	-0.001875
-8.90779e-007	-0.000625
-8.90279e-007	-0.00125
-8.89779e-007	-0.000625
-8.89279e-007	-0.00125
-8.88779e-007	0
-8.88279e-007	0
-8.87779e-007	-0.00125
-8.87279e-007	-0.00125
-8.86779e-007	0.000625
-8.86279e-007	0.001875
-8.85779e-007	0.00125
-8.85279e-007	0
-8.84779e-007	-0.00125
-8.84279e-007	-0.000625
-8.83779e-007	-0.00125
-8.83279e-007	-0.000625
-8.82779e-007	0.000625
-8.82279e-007	-0.000625
-8.81779e-007	-0.001875
-8.81279e-007	-0.00125
-8.80779e-007	-0.000625
-8.80279e-007	-0.000625
-8.79779e-007	-0.003125
-8.79279e-007	-0.001875
-8.78779e-007	-0.00125
-8.78279e-007	-0.001875
-8.77779e-007	-0.00125
-8.77279e-007	-0.000625
-8.76779e-007	-0.00125
-8.76279e-007	-0.000625
-8.75779e-007	-0.00125
-8.75279e-007	0.00125
-8.74779e-007	0.000625
-8.74279e-007	-0.001875
-8.73779e-007	-0.000625
-8.73279e-007	0.00125
-8.72779e-007	-0.00125
-8.72279e-007	-0.001875
-8.71779e-007	-0.001875
-8.71279e-007	-0.000625
-8.70779e-007	-0.00125
-8.70279e-007	-0.00125
-8.69779e-007	-0.000625
-8.69279e-007	0.000625
-8.68779e-007	-0.00125
-8.68279e-007	-0.001875
-8.67779e-007	0
-8.67279e-007	0.000625
-8.66779e-007	0
-8.66279e-007	-0.000625
-8.65779e-007	-0.000625
-8.65279e-007	-0.000625
-8.64779e-007	0
-8.64279e-007	0.000625
-8.63779e-007	0.001875
-8.63279e-007	0.000625
-8.62779e-007	-0.00125
-8.62279e-007	-0.000625
-8.61779e-007	-0.000625
-8.61279e-007	-0.00125
-8.60779e-007	-0.00125
-8.60279e-007	0.00125
-8.59779e-007	-0.000625
-8.59279e-007	-0.001875
-8.58779e-007	-0.00125
-8.58279e-007	-0.000625
-8.57779e-007	-0.000625
-8.57279e-007	-0.000625
-8.56779e-007	-0.000625
-8.56279e-007	-0.000625
-8.55779e-007	0
-8.55279e-007	0.00125
-8.54779e-007	-0.000625
-8.54279e-007	-0.001875
-8.53779e-007	-0.00125
-8.53279e-007	-0.000625
-8.52779e-007	0
-8.52279e-007	-0.00125
-8.51779e-007	-0.000625
-8.51279e-007	0.000625
-8.50779e-007	0
-8.50279e-007	0
-8.49779e-007	-0.001875
-8.49279e-007	-0.001875
-8.48779e-007	0
-8.48279e-007	-0.000625
-8.47779e-007	-0.001875
-8.47279e-007	-0.000625
-8.46779e-007	0
-8.46279e-007	-0.00125
-8.45779e-007	0
-8.45279e-007	0
-8.44779e-007	-0.000625
-8.44279e-007	-0.000625
-8.43779e-007	-0.000625
-8.43279e-007	0
-8.42779e-007	0
-8.42279e-007	-0.000625
-8.41779e-007	-0.000625
-8.41279e-007	0
-8.40779e-007	0
-8.40279e-007	0
-8.39779e-007	0
-8.39279e-007	-0.000625
-8.38779e-007	0.000625
-8.38279e-007	-0.000625
-8.37779e-007	0.000625
-8.37279e-007	0
-8.36779e-007	-0.00125
-8.36279e-007	-0.001875
-8.35779e-007	-0.00125
-8.35279e-007	-0.000625
-8.34779e-007	-0.000625
-8.34279e-007	0.000625
-8.33779e-007	0.000625
-8.33279e-007	0
-8.32779e-007	-0.00125
-8.32279e-007	0
-8.31779e-007	0.000625
-8.31279e-007	-0.000625
-8.30779e-007	-0.00125
-8.30279e-007	-0.00125
-8.29779e-007	-0.00125
-8.29279e-007	0.000625
-8.28779e-007	-0.00125
-8.28279e-007	-0.000625
-8.27779e-007	0
-8.27279e-007	-0.000625
-8.26779e-007	0
-8.26279e-007	-0.000625
-8.25779e-007	-0.000625
-8.25279e-007	0.000625
-8.24779e-007	0.000625
-8.24279e-007	0
-8.23779e-007	0
-8.23279e-007	0
-8.22779e-007	0.000625
-8.22279e-007	-0.00125
-8.21779e-007	-0.000625
-8.21279e-007	0.000625
-8.20779e-007	-0.000625
-8.20279e-007	-0.000625
-8.19779e-007	-0.001875
-8.19279e-007	-0.001875
-8.18779e-007	0
-8.18279e-007	-0.00125
-8.17779e-007	-0.001875
-8.17279e-007	0
-8.16779e-007	-0.001875
-8.16279e-007	-0.001875
-8.15779e-007	0.000625
-8.15279e-007	0
-8.14779e-007	-0.000625
-8.14279e-007	0.000625
-8.13779e-007	0
-8.13279e-007	0
-8.12779e-007	0.000625
-8.12279e-007	-0.000625
-8.11779e-007	-0.000625
-8.11279e-007	-0.001875
-8.10779e-007	-0.00125
-8.10279e-007	0
-8.09779e-007	-0.000625
-8.09279e-007	-0.00125
-8.08779e-007	-0.000625
-8.08279e-007	-0.000625
-8.07779e-007	-0.00125
-8.07279e-007	-0.00125
-8.06779e-007	-0.000625
-8.06279e-007	-0.000625
-8.05779e-007	-0.000625
-8.05279e-007	0.00125
-8.04779e-007	0
-8.04279e-007	-0.000625
-8.03779e-007	0.000625
-8.03279e-007	0.000625
-8.02779e-007	0
-8.02279e-007	0
-8.01779e-007	0.000625
-8.01279e-007	0
-8.00779e-007	-0.000625
-8.00279e-007	-0.000625
-7.99779e-007	0
-7.99279e-007	-0.000625
-7.98779e-007	-0.001875
-7.98279e-007	-0.000625
-7.97779e-007	0
-7.97279e-007	-0.00125
-7.96779e-007	0
-7.96279e-007	0.000625
-7.95779e-007	-0.000625
-7.95279e-007	-0.00125
-7.94779e-007	0.000625
-7.94279e-007	0.000625
-7.93779e-007	0
-7.93279e-007	0.000625
-7.92779e-007	0.001875
-7.92279e-007	0.00125
-7.91779e-007	0
-7.91279e-007	0
-7.90779e-007	-0.000625
-7.90279e-007	0.000625
-7.89779e-007	-0.000625
-7.89279e-007	-0.0025
-7.88779e-007	-0.00125
-7.88279e-007	0
-7.87779e-007	-0.000625
-7.87279e-007	-0.001875
-7.86779e-007	-0.001875
-7.86279e-007	-0.000625
-7.85779e-007	0
-7.85279e-007	0.000625
-7.84779e-007	-0.000625
-7.84279e-007	-0.000625
-7.83779e-007	0.000625
-7.83279e-007	0.000625
-7.82779e-007	0.00125
-7.82279e-007	0.000625
-7.81779e-007	0.000625
-7.81279e-007	0.000625
-7.80779e-007	0
-7.80279e-007	-0.000625
-7.79779e-007	-0.00125
-7.79279e-007	0.000625
-7.78779e-007	-0.000625
-7.78279e-007	-0.00125
-7.77779e-007	-0.00125
-7.77279e-007	-0.001875
-7.76779e-007	-0.00125
-7.76279e-007	0
-7.75779e-007	-0.001875
-7.75279e-007	-0.001875
-7.74779e-007	0
-7.74279e-007	-0.000625
-7.73779e-007	-0.00125
-7.73279e-007	-0.000625
-7.72779e-007	0.00125
-7.72279e-007	0.0025
-7.71779e-007	0.00125
-7.71279e-007	0
-7.70779e-007	0
-7.70279e-007	0.000625
-7.69779e-007	0.00125
-7.69279e-007	0
-7.68779e-007	0.000625
-7.68279e-007	0
-7.67779e-007	0
-7.67279e-007	-0.000625
-7.66779e-007	0
-7.66279e-007	-0.001875
-7.65779e-007	-0.00125
-7.65279e-007	0.000625
-7.64779e-007	0
-7.64279e-007	0.000625
-7.63779e-007	-0.000625
-7.63279e-007	-0.0025
-7.62779e-007	-0.00125
-7.62279e-007	0.000625
-7.61779e-007	0.000625
-7.61279e-007	0.000625
-7.60779e-007	0
-7.60279e-007	0.000625
-7.59779e-007	0.00125
-7.59279e-007	0.000625
-7.58779e-007	-0.000625
-7.58279e-007	0.00125
-7.57779e-007	-0.000625
-7.57279e-007	-0.000625
-7.56779e-007	-0.000625
-7.56279e-007	-0.00125
-7.55779e-007	-0.00125
-7.55279e-007	-0.001875
-7.54779e-007	-0.000625
-7.54279e-007	-0.001875
-7.53779e-007	-0.00125
-7.53279e-007	0.000625
-7.52779e-007	0.000625
-7.52279e-007	0.000625
-7.51779e-007	0.000625
-7.51279e-007	0
-7.50779e-007	0.00125
-7.50279e-007	0.00125
-7.49779e-007	0.000625
-7.49279e-007	0
-7.48779e-007	0.000625
-7.48279e-007	-0.00125
-7.47779e-007	-0.000625
-7.47279e-007	-0.00125
-7.46779e-007	0
-7.46279e-007	0.000625
-7.45779e-007	-0.000625
-7.45279e-007	-0.001875
-7.44779e-007	-0.001875
-7.44279e-007	0
-7.43779e-007	0
-7.43279e-007	-0.001875
-7.42779e-007	-0.001875
-7.42279e-007	-0.000625
-7.41779e-007	0
-7.41279e-007	0.00125
-7.40779e-007	0
-7.40279e-007	0
-7.39779e-007	0.00125
-7.39279e-007	0.001875
-7.38779e-007	0.000625
-7.38279e-007	0
-7.37779e-007	0.000625
-7.37279e-007	0
-7.36779e-007	-0.00125
-7.36279e-007	-0.00125
-7.35779e-007	-0.00125
-7.35279e-007	-0.000625
-7.34779e-007	0.000625
-7.34279e-007	0
-7.33779e-007	-0.001875
-7.33279e-007	-0.00125
-7.32779e-007	0
-7.32279e-007	-0.000625
-7.31779e-007	-0.000625
-7.31279e-007	0.00125
-7.30779e-007	0.000625
-7.30279e-007	-0.000625
-7.29779e-007	0
-7.29279e-007	0
-7.28779e-007	-0.000625
-7.28279e-007	0.000625
-7.27779e-007	0.000625
-7.27279e-007	-0.00125
-7.26779e-007	-0.001875
-7.26279e-007	-0.00125
-7.25779e-007	0.000625
-7.25279e-007	-0.00125
-7.24779e-007	-0.000625
-7.24279e-007	0.000625
-7.23779e-007	-0.000625
-7.23279e-007	-0.00125
-7.22779e-007	-0.00125
-7.22279e-007	-0.001875
-7.21779e-007	-0.001875
-7.21279e-007	0.000625
-7.20779e-007	0.001875
-7.20279e-007	0
-7.19779e-007	0.000625
-7.19279e-007	0.001875
-7.18779e-007	0
-7.18279e-007	-0.000625
-7.17779e-007	-0.000625
-7.17279e-007	0
-7.16779e-007	0
-7.16279e-007	-0.000625
-7.15779e-007	-0.00125
-7.15279e-007	-0.000625
-7.14779e-007	-0.00125
-7.14279e-007	-0.000625
-7.13779e-007	-0.00125
-7.13279e-007	-0.000625
-7.12779e-007	-0.000625
-7.12279e-007	-0.00125
-7.11779e-007	-0.0025
-7.11279e-007	-0.000625
-7.10779e-007	0.001875
-7.10279e-007	0
-7.09779e-007	-0.001875
-7.09279e-007	-0.00125
-7.08779e-007	-0.000625
-7.08279e-007	-0.001875
-7.07779e-007	-0.000625
-7.07279e-007	0.00125
-7.06779e-007	-0.001875
-7.06279e-007	-0.003125
-7.05779e-007	-0.000625
-7.05279e-007	0.000625
-7.04779e-007	-0.00125
-7.04279e-007	-0.0025
-7.03779e-007	-0.000625
-7.03279e-007	-0.000625
-7.02779e-007	0.000625
-7.02279e-007	0.00125
-7.01779e-007	0
-7.01279e-007	-0.001875
-7.00779e-007	0
-7.00279e-007	0.000625
-6.99779e-007	0.000625
-6.99279e-007	0
-6.98779e-007	-0.00125
-6.98279e-007	0
-6.97779e-007	0.000625
-6.97279e-007	-0.00125
-6.96779e-007	-0.000625
-6.96279e-007	0
-6.95779e-007	0
-6.95279e-007	-0.000625
-6.94779e-007	-0.000625
-6.94279e-007	-0.000625
-6.93779e-007	-0.000625
-6.93279e-007	0.000625
-6.92779e-007	-0.000625
-6.92279e-007	-0.000625
-6.91779e-007	-0.000625
-6.91279e-007	0.00125
-6.90779e-007	0.000625
-6.90279e-007	-0.000625
-6.89779e-007	0.000625
-6.89279e-007	0.00125
-6.88779e-007	0.000625
-6.88279e-007	-0.001875
-6.87779e-007	-0.001875
-6.87279e-007	-0.00125
-6.86779e-007	-0.0025
-6.86279e-007	-0.001875
-6.85779e-007	-0.00125
-6.85279e-007	-0.001875
-6.84779e-007	-0.000625
-6.84279e-007	0
-6.83779e-007	-0.000625
-6.83279e-007	0
-6.82779e-007	-0.000625
-6.82279e-007	0
-6.81779e-007	-0.000625
-6.81279e-007	-0.000625
-6.80779e-007	0
-6.80279e-007	-0.000625
-6.79779e-007	-0.000625
-6.79279e-007	-0.000625
-6.78779e-007	0
-6.78279e-007	-0.001875
-6.77779e-007	-0.001875
-6.77279e-007	-0.000625
-6.76779e-007	-0.000625
-6.76279e-007	-0.00125
-6.75779e-007	-0.000625
-6.75279e-007	-0.001875
-6.74779e-007	-0.00125
-6.74279e-007	0.000625
-6.73779e-007	-0.00125
-6.73279e-007	-0.00125
-6.72779e-007	-0.00125
-6.72279e-007	-0.000625
-6.71779e-007	-0.000625
-6.71279e-007	-0.000625
-6.70779e-007	0.000625
-6.70279e-007	-0.00125
-6.69779e-007	-0.00125
-6.69279e-007	0
-6.68779e-007	0.001875
-6.68279e-007	0.000625
-6.67779e-007	-0.00125
-6.67279e-007	0.000625
-6.66779e-007	0.000625
-6.66279e-007	-0.001875
-6.65779e-007	-0.001875
-6.65279e-007	0.000625
-6.64779e-007	-0.000625
-6.64279e-007	-0.00125
-6.63779e-007	-0.000625
-6.63279e-007	-0.000625
-6.62779e-007	0
-6.62279e-007	0
-6.61779e-007	0
-6.61279e-007	-0.000625
-6.60779e-007	-0.000625
-6.60279e-007	-0.00125
-6.59779e-007	-0.000625
-6.59279e-007	-0.000625
-6.58779e-007	0.000625
-6.58279e-007	0.001875
-6.57779e-007	0.000625
-6.57279e-007	0.000625
-6.56779e-007	-0.000625
-6.56279e-007	-0.000625
-6.55779e-007	0
-6.55279e-007	-0.000625
-6.54779e-007	0.000625
-6.54279e-007	-0.00125
-6.53779e-007	-0.0025
-6.53279e-007	-0.000625
-6.52779e-007	0.000625
-6.52279e-007	-0.00125
-6.51779e-007	-0.00125
-6.51279e-007	-0.000625
-6.50779e-007	0
-6.50279e-007	-0.00125
-6.49779e-007	-0.00125
-6.49279e-007	-0.00125
-6.48779e-007	0.000625
-6.48279e-007	0
-6.47779e-007	-0.00125
-6.47279e-007	-0.000625
-6.46779e-007	0
-6.46279e-007	0
-6.45779e-007	0.000625
-6.45279e-007	-0.00125
-6.44779e-007	-0.00125
-6.44279e-007	0
-6.43779e-007	0
-6.43279e-007	0
-6.42779e-007	-0.00125
-6.42279e-007	0
-6.41779e-007	0
-6.41279e-007	-0.00125
-6.40779e-007	0
-6.40279e-007	0
-6.39779e-007	-0.000625
-6.39279e-007	-0.000625
-6.38779e-007	-0.000625
-6.38279e-007	0
-6.37779e-007	0
-6.37279e-007	0.00125
-6.36779e-007	0.0025
-6.36279e-007	-0.000625
-6.35779e-007	-0.0025
-6.35279e-007	-0.000625
-6.34779e-007	0
-6.34279e-007	-0.00125
-6.33779e-007	-0.000625
-6.33279e-007	0.000625
-6.32779e-007	-0.000625
-6.32279e-007	-0.000625
-6.31779e-007	-0.000625
-6.31279e-007	0.000625
-6.30779e-007	0
-6.30279e-007	-0.001875
-6.29779e-007	0
-6.29279e-007	-0.000625
-6.28779e-007	0
-6.28279e-007	-0.000625
-6.27779e-007	-0.000625
-6.27279e-007	-0.00125
-6.26779e-007	-0.000625
-6.26279e-007	-0.000625
-6.25779e-007	-0.000625
-6.25279e-007	-0.00125
-6.24779e-007	0
-6.24279e-007	-0.000625
-6.23779e-007	-0.000625
-6.23279e-007	-0.000625
-6.22779e-007	0.00125
-6.22279e-007	0.00125
-6.21779e-007	-0.000625
-6.21279e-007	0
-6.20779e-007	0.000625
-6.20279e-007	0.000625
-6.19779e-007	-0.000625
-6.19279e-007	-0.000625
-6.18779e-007	0.000625
-6.18279e-007	0.000625
-6.17779e-007	-0.00125
-6.17279e-007	-0.00125
-6.16779e-007	-0.001875
-6.16279e-007	-0.001875
-6.15779e-007	-0.001875
-6.15279e-007	0
-6.14779e-007	0
-6.14279e-007	-0.000625
-6.13779e-007	-0.00125
-6.13279e-007	0.000625
-6.12779e-007	0
-6.12279e-007	0.000625
-6.11779e-007	0.000625
-6.11279e-007	0
-6.10779e-007	0
-6.10279e-007	-0.000625
-6.09779e-007	0.00125
-6.09279e-007	0.000625
-6.08779e-007	-0.001875
-6.08279e-007	-0.000625
-6.07779e-007	0
-6.07279e-007	-0.000625
-6.06779e-007	-0.000625
-6.06279e-007	-0.000625
-6.05779e-007	-0.00125
-6.05279e-007	-0.001875
-6.04779e-007	-0.001875
-6.04279e-007	-0.00125
-6.03779e-007	0
-6.03279e-007	-0.00125
-6.02779e-007	0
-6.02279e-007	0.000625
-6.01779e-007	0.000625
-6.01279e-007	0
-6.00779e-007	0.000625
-6.00279e-007	0.001875
-5.99779e-007	0.000625
-5.99279e-007	-0.000625
-5.98779e-007	0.000625
-5.98279e-007	-0.000625
-5.97779e-007	-0.001875
-5.97279e-007	0
-5.96779e-007	0.000625
-5.96279e-007	-0.00125
-5.95779e-007	-0.0025
-5.95279e-007	-0.000625
-5.94779e-007	-0.000625
-5.94279e-007	-0.000625
-5.93779e-007	0
-5.93279e-007	-0.00125
-5.92779e-007	-0.001875
-5.92279e-007	-0.00125
-5.91779e-007	0
-5.91279e-007	0.000625
-5.90779e-007	0
-5.90279e-007	0.000625
-5.89779e-007	0.000625
-5.89279e-007	0
-5.88779e-007	-0.000625
-5.88279e-007	0.000625
-5.87779e-007	0
-5.87279e-007	0
-5.86779e-007	0
-5.86279e-007	-0.000625
-5.85779e-007	-0.00125
-5.85279e-007	-0.000625
-5.84779e-007	-0.000625
-5.84279e-007	-0.000625
-5.83779e-007	-0.000625
-5.83279e-007	0.000625
-5.82779e-007	0.000625
-5.82279e-007	-0.00125
-5.81779e-007	-0.000625
-5.81279e-007	-0.000625
-5.80779e-007	0
-5.80279e-007	-0.000625
-5.79779e-007	0.000625
-5.79279e-007	-0.000625
-5.78779e-007	-0.000625
-5.78279e-007	0.000625
-5.77779e-007	0.001875
-5.77279e-007	-0.000625
-5.76779e-007	-0.00125
-5.76279e-007	-0.000625
-5.75779e-007	-0.000625
-5.75279e-007	0.000625
-5.74779e-007	-0.000625
-5.74279e-007	0
-5.73779e-007	0
-5.73279e-007	-0.000625
-5.72779e-007	-0.00125
-5.72279e-007	-0.000625
-5.71779e-007	0
-5.71279e-007	-0.000625
-5.70779e-007	-0.000625
-5.70279e-007	-0.00125
-5.69779e-007	-0.000625
-5.69279e-007	0.000625
-5.68779e-007	0.000625
-5.68279e-007	0.000625
-5.67779e-007	-0.000625
-5.67279e-007	0.00125
-5.66779e-007	0.001875
-5.66279e-007	-0.000625
-5.65779e-007	-0.000625
-5.65279e-007	0.000625
-5.64779e-007	-0.00125
-5.64279e-007	-0.000625
-5.63779e-007	-0.00125
-5.63279e-007	0
-5.62779e-007	0.000625
-5.62279e-007	-0.000625
-5.61779e-007	-0.001875
-5.61279e-007	0
-5.60779e-007	0
-5.60279e-007	-0.001875
-5.59779e-007	-0.0025
-5.59279e-007	-0.00125
-5.58779e-007	0
-5.58279e-007	0.000625
-5.57779e-007	-0.000625
-5.57279e-007	-0.00125
-5.56779e-007	0.000625
-5.56279e-007	-0.000625
-5.55779e-007	-0.000625
-5.55279e-007	0
-5.54779e-007	0.00125
-5.54279e-007	0.00125
-5.53779e-007	0.000625
-5.53279e-007	-0.000625
-5.52779e-007	-0.001875
-5.52279e-007	-0.00125
-5.51779e-007	0
-5.51279e-007	-0.000625
-5.50779e-007	-0.000625
-5.50279e-007	-0.00125
-5.49779e-007	-0.001875
-5.49279e-007	-0.000625
-5.48779e-007	-0.0025
-5.48279e-007	-0.0025
-5.47779e-007	0
-5.47279e-007	0.000625
-5.46779e-007	-0.000625
-5.46279e-007	-0.00125
-5.45779e-007	-0.000625
-5.45279e-007	0.000625
-5.44779e-007	0.00125
-5.44279e-007	0.000625
-5.43779e-007	0.000625
-5.43279e-007	0.00125
-5.42779e-007	0.000625
-5.42279e-007	0
-5.41779e-007	-0.001875
-5.41279e-007	-0.001875
-5.40779e-007	-0.00125
-5.40279e-007	-0.0025
-5.39779e-007	-0.0025
-5.39279e-007	-0.001875
-5.38779e-007	-0.00125
-5.38279e-007	-0.001875
-5.37779e-007	-0.00125
-5.37279e-007	0
-5.36779e-007	0
-5.36279e-007	-0.000625
-5.35779e-007	-0.000625
-5.35279e-007	0
-5.34779e-007	0.000625
-5.34279e-007	0
-5.33779e-007	0.000625
-5.33279e-007	0.00125
-5.32779e-007	0.000625
-5.32279e-007	0.000625
-5.31779e-007	0.00125
-5.31279e-007	-0.000625
-5.30779e-007	-0.0025
-5.30279e-007	-0.000625
-5.29779e-007	0.000625
-5.29279e-007	-0.00125
-5.28779e-007	-0.001875
-5.28279e-007	-0.001875
-5.27779e-007	-0.00125
-5.27279e-007	-0.000625
-5.26779e-007	-0.000625
-5.26279e-007	0
-5.25779e-007	0.000625
-5.25279e-007	-0.000625
-5.24779e-007	0
-5.24279e-007	0.000625
-5.23779e-007	0.001875
-5.23279e-007	0.001875
-5.22779e-007	0.000625
-5.22279e-007	0.000625
-5.21779e-007	0.000625
-5.21279e-007	0.000625
-5.20779e-007	0
-5.20279e-007	-0.00125
-5.19779e-007	-0.003125
-5.19279e-007	-0.00125
-5.18779e-007	0
-5.18279e-007	-0.000625
-5.17779e-007	0
-5.17279e-007	-0.00125
-5.16779e-007	-0.00125
-5.16279e-007	0.000625
-5.15779e-007	0
-5.15279e-007	-0.00125
-5.14779e-007	0
-5.14279e-007	0.000625
-5.13779e-007	0.00125
-5.13279e-007	0.000625
-5.12779e-007	-0.00125
-5.12279e-007	-0.000625
-5.11779e-007	-0.000625
-5.11279e-007	-0.000625
-5.10779e-007	0.000625
-5.10279e-007	-0.000625
-5.09779e-007	-0.000625
-5.09279e-007	-0.000625
-5.08779e-007	-0.000625
-5.08279e-007	0
-5.07779e-007	0.000625
-5.07279e-007	-0.001875
-5.06779e-007	0
-5.06279e-007	0.00125
-5.05779e-007	-0.00125
-5.05279e-007	-0.001875
-5.04779e-007	-0.00125
-5.04279e-007	-0.000625
-5.03779e-007	0
-5.03279e-007	-0.000625
-5.02779e-007	-0.001875
-5.02279e-007	0
-5.01779e-007	-0.000625
-5.01279e-007	0
-5.00779e-007	0
-5.00279e-007	-0.00125
-4.99779e-007	-0.00125
-4.99279e-007	-0.000625
-4.98779e-007	0.000625
-4.98279e-007	0.000625
-4.97779e-007	0
-4.97279e-007	0.000625
-4.96779e-007	0
-4.96279e-007	0
-4.95779e-007	0.000625
-4.95279e-007	-0.000625
-4.94779e-007	-0.001875
-4.94279e-007	-0.001875
-4.93779e-007	-0.00125
-4.93279e-007	-0.001875
-4.92779e-007	-0.0025
-4.92279e-007	-0.00125
-4.91779e-007	-0.000625
-4.91279e-007	-0.001875
-4.90779e-007	-0.000625
-4.90279e-007	0.000625
-4.89779e-007	0
-4.89279e-007	0.00125
-4.88779e-007	0.000625
-4.88279e-007	0.00125
-4.87779e-007	0.001875
-4.87279e-007	0.00125
-4.86779e-007	0.000625
-4.86279e-007	0.000625
-4.85779e-007	0
-4.85279e-007	-0.000625
-4.84779e-007	0
-4.84279e-007	0
-4.83779e-007	-0.00125
-4.83279e-007	-0.00125
-4.82779e-007	-0.001875
-4.82279e-007	-0.001875
-4.81779e-007	-0.001875
-4.81279e-007	-0.000625
-4.80779e-007	0
-4.80279e-007	0
-4.79779e-007	-0.000625
-4.79279e-007	-0.000625
-4.78779e-007	0.00125
-4.78279e-007	0.00125
-4.77779e-007	0.000625
-4.77279e-007	0.000625
-4.76779e-007	0.001875
-4.76279e-007	0.000625
-4.75779e-007	-0.001875
-4.75279e-007	-0.00125
-4.74779e-007	-0.000625
-4.74279e-007	-0.000625
-4.73779e-007	-0.001875
-4.73279e-007	-0.0025
-4.72779e-007	-0.001875
-4.72279e-007	-0.001875
-4.71779e-007	-0.001875
-4.71279e-007	-0.00125
-4.70779e-007	-0.001875
-4.70279e-007	-0.00125
-4.69779e-007	0.000625
-4.69279e-007	0
-4.68779e-007	-0.000625
-4.68279e-007	0.00125
-4.67779e-007	0.001875
-4.67279e-007	0.000625
-4.66779e-007	0
-4.66279e-007	0.00125
-4.65779e-007	0.000625
-4.65279e-007	-0.000625
-4.64779e-007	-0.000625
-4.64279e-007	-0.000625
-4.63779e-007	0
-4.63279e-007	-0.00125
-4.62779e-007	-0.00125
-4.62279e-007	-0.0025
-4.61779e-007	-0.0025
-4.61279e-007	-0.00125
-4.60779e-007	-0.000625
-4.60279e-007	-0.000625
-4.59779e-007	-0.001875
-4.59279e-007	0.000625
-4.58779e-007	0.000625
-4.58279e-007	-0.00125
-4.57779e-007	0.00125
-4.57279e-007	0.000625
-4.56779e-007	0.00125
-4.56279e-007	-0.000625
-4.55779e-007	-0.00125
-4.55279e-007	-0.000625
-4.54779e-007	-0.00125
-4.54279e-007	-0.000625
-4.53779e-007	-0.000625
-4.53279e-007	0
-4.52779e-007	-0.000625
-4.52279e-007	-0.001875
-4.51779e-007	-0.000625
-4.51279e-007	-0.00125
-4.50779e-007	-0.001875
-4.50279e-007	-0.000625
-4.49779e-007	-0.00125
-4.49279e-007	-0.00125
-4.48779e-007	-0.00125
-4.48279e-007	0.000625
-4.47779e-007	0.000625
-4.47279e-007	-0.001875
-4.46779e-007	0
-4.46279e-007	0.000625
-4.45779e-007	0.000625
-4.45279e-007	0.00125
-4.44779e-007	-0.000625
-4.44279e-007	0.00125
-4.43779e-007	0.000625
-4.43279e-007	-0.000625
-4.42779e-007	-0.000625
-4.42279e-007	0
-4.41779e-007	-0.000625
-4.41279e-007	-0.00125
-4.40779e-007	-0.000625
-4.40279e-007	0
-4.39779e-007	-0.00125
-4.39279e-007	0
-4.38779e-007	0
-4.38279e-007	0
-4.37779e-007	-0.000625
-4.37279e-007	-0.001875
-4.36779e-007	-0.00125
-4.36279e-007	-0.001875
-4.35779e-007	-0.000625
-4.35279e-007	0
-4.34779e-007	-0.00125
-4.34279e-007	0
-4.33779e-007	-0.000625
-4.33279e-007	-0.000625
-4.32779e-007	0.000625
-4.32279e-007	-0.00125
-4.31779e-007	0
-4.31279e-007	-0.000625
-4.30779e-007	-0.000625
-4.30279e-007	-0.00125
-4.29779e-007	-0.0025
-4.29279e-007	-0.000625
-4.28779e-007	-0.00125
-4.28279e-007	-0.00125
-4.27779e-007	-0.00125
-4.27279e-007	-0.000625
-4.26779e-007	0
-4.26279e-007	-0.000625
-4.25779e-007	-0.00125
-4.25279e-007	-0.00125
-4.24779e-007	0
-4.24279e-007	0.000625
-4.23779e-007	-0.001875
-4.23279e-007	0.000625
-4.22779e-007	0.000625
-4.22279e-007	-0.000625
-4.21779e-007	0.000625
-4.21279e-007	0.00125
-4.20779e-007	-0.001875
-4.20279e-007	-0.00375
-4.19779e-007	-0.0025
-4.19279e-007	0
-4.18779e-007	-0.00125
-4.18279e-007	-0.000625
-4.17779e-007	-0.000625
-4.17279e-007	-0.003125
-4.16779e-007	-0.000625
-4.16279e-007	-0.000625
-4.15779e-007	0
-4.15279e-007	0
-4.14779e-007	-0.00125
-4.14279e-007	0
-4.13779e-007	0.00125
-4.13279e-007	0
-4.12779e-007	0
-4.12279e-007	-0.000625
-4.11779e-007	0
-4.11279e-007	0.000625
-4.10779e-007	0.000625
-4.10279e-007	-0.00125
-4.09779e-007	0.000625
-4.09279e-007	0.000625
-4.08779e-007	-0.00125
-4.08279e-007	-0.00125
-4.07779e-007	-0.00125
-4.07279e-007	-0.0025
-4.06779e-007	-0.00125
-4.06279e-007	-0.00125
-4.05779e-007	-0.001875
-4.05279e-007	-0.000625
-4.04779e-007	-0.000625
-4.04279e-007	0.000625
-4.03779e-007	-0.00125
-4.03279e-007	0
-4.02779e-007	0.0025
-4.02279e-007	0.000625
-4.01779e-007	-0.000625
-4.01279e-007	-0.000625
-4.00779e-007	0
-4.00279e-007	-0.000625
-3.99779e-007	0
-3.99279e-007	0.000625
-3.98779e-007	-0.00125
-3.98279e-007	-0.001875
-3.97779e-007	-0.00125
-3.97279e-007	0
-3.96779e-007	0
-3.96279e-007	-0.000625
-3.95779e-007	-0.001875
-3.95279e-007	-0.001875
-3.94779e-007	0
-3.94279e-007	0
-3.93779e-007	0
-3.93279e-007	-0.000625
-3.92779e-007	-0.000625
-3.92279e-007	-0.000625
-3.91779e-007	0
-3.91279e-007	-0.000625
-3.90779e-007	-0.00125
-3.90279e-007	-0.000625
-3.89779e-007	0
-3.89279e-007	-0.00125
-3.88779e-007	-0.001875
-3.88279e-007	0
-3.87779e-007	0
-3.87279e-007	-0.001875
-3.86779e-007	-0.000625
-3.86279e-007	0.000625
-3.85779e-007	0
-3.85279e-007	-0.00125
-3.84779e-007	-0.00125
-3.84279e-007	-0.000625
-3.83779e-007	0
-3.83279e-007	0
-3.82779e-007	-0.000625
-3.82279e-007	-0.00125
-3.81779e-007	-0.00125
-3.81279e-007	-0.000625
-3.80779e-007	-0.000625
-3.80279e-007	-0.001875
-3.79779e-007	-0.000625
-3.79279e-007	-0.000625
-3.78779e-007	-0.000625
-3.78279e-007	-0.000625
-3.77779e-007	0
-3.77279e-007	0.000625
-3.76779e-007	0
-3.76279e-007	-0.00125
-3.75779e-007	-0.000625
-3.75279e-007	-0.00125
-3.74779e-007	0
-3.74279e-007	0.000625
-3.73779e-007	-0.00125
-3.73279e-007	-0.001875
-3.72779e-007	-0.00125
-3.72279e-007	0
-3.71779e-007	0.00125
-3.71279e-007	0
-3.70779e-007	-0.001875
-3.70279e-007	-0.00125
-3.69779e-007	0
-3.69279e-007	0
-3.68779e-007	0
-3.68279e-007	0.000625
-3.67779e-007	0
-3.67279e-007	0.000625
-3.66779e-007	-0.000625
-3.66279e-007	-0.00125
-3.65779e-007	-0.000625
-3.65279e-007	-0.001875
-3.64779e-007	-0.00125
-3.64279e-007	-0.000625
-3.63779e-007	-0.001875
-3.63279e-007	-0.00125
-3.62779e-007	0
-3.62279e-007	-0.00125
-3.61779e-007	-0.000625
-3.61279e-007	-0.000625
-3.60779e-007	-0.00125
-3.60279e-007	0
-3.59779e-007	0
-3.59279e-007	-0.001875
-3.58779e-007	0
-3.58279e-007	0.000625
-3.57779e-007	-0.000625
-3.57279e-007	-0.00125
-3.56779e-007	-0.000625
-3.56279e-007	0
-3.55779e-007	-0.000625
-3.55279e-007	0.000625
-3.54779e-007	0.000625
-3.54279e-007	-0.000625
-3.53779e-007	-0.001875
-3.53279e-007	-0.00125
-3.52779e-007	-0.00125
-3.52279e-007	0.000625
-3.51779e-007	-0.00125
-3.51279e-007	-0.000625
-3.50779e-007	-0.00125
-3.50279e-007	-0.000625
-3.49779e-007	0.000625
-3.49279e-007	-0.00125
-3.48779e-007	-0.001875
-3.48279e-007	0
-3.47779e-007	-0.001875
-3.47279e-007	-0.00125
-3.46779e-007	0.000625
-3.46279e-007	0
-3.45779e-007	-0.000625
-3.45279e-007	-0.000625
-3.44779e-007	-0.00125
-3.44279e-007	-0.001875
-3.43779e-007	-0.000625
-3.43279e-007	-0.000625
-3.42779e-007	-0.0025
-3.42279e-007	-0.0025
-3.41779e-007	-0.000625
-3.41279e-007	0.00125
-3.40779e-007	0.000625
-3.40279e-007	0
-3.39779e-007	-0.00125
-3.39279e-007	-0.001875
-3.38779e-007	0
-3.38279e-007	0
-3.37779e-007	0.000625
-3.37279e-007	0.000625
-3.36779e-007	0
-3.36279e-007	-0.000625
-3.35779e-007	-0.000625
-3.35279e-007	0
-3.34779e-007	0
-3.34279e-007	-0.001875
-3.33779e-007	-0.001875
-3.33279e-007	0
-3.32779e-007	-0.00125
-3.32279e-007	-0.001875
-3.31779e-007	-0.001875
-3.31279e-007	-0.001875
-3.30779e-007	-0.00125
-3.30279e-007	-0.000625
-3.29779e-007	-0.00125
-3.29279e-007	-0.000625
-3.28779e-007	-0.000625
-3.28279e-007	0
-3.27779e-007	-0.000625
-3.27279e-007	-0.001875
-3.26779e-007	0.000625
-3.26279e-007	0.000625
-3.25779e-007	-0.001875
-3.25279e-007	-0.00125
-3.24779e-007	0.000625
-3.24279e-007	-0.00125
-3.23779e-007	-0.001875
-3.23279e-007	-0.000625
-3.22779e-007	-0.00125
-3.22279e-007	-0.000625
-3.21779e-007	-0.001875
-3.21279e-007	-0.00125
-3.20779e-007	-0.000625
-3.20279e-007	-0.001875
-3.19779e-007	0.000625
-3.19279e-007	0
-3.18779e-007	-0.001875
-3.18279e-007	-0.00125
-3.17779e-007	0.00125
-3.17279e-007	0
-3.16779e-007	-0.00125
-3.16279e-007	-0.000625
-3.15779e-007	0.000625
-3.15279e-007	-0.000625
-3.14779e-007	-0.00125
-3.14279e-007	-0.00125
-3.13779e-007	0.000625
-3.13279e-007	0
-3.12779e-007	-0.000625
-3.12279e-007	-0.000625
-3.11779e-007	-0.0025
-3.11279e-007	-0.000625
-3.10779e-007	-0.000625
-3.10279e-007	-0.00125
-3.09779e-007	-0.00125
-3.09279e-007	-0.000625
-3.08779e-007	0
-3.08279e-007	-0.00125
-3.07779e-007	-0.000625
-3.07279e-007	0.000625
-3.06779e-007	-0.00125
-3.06279e-007	-0.00125
-3.05779e-007	0.000625
-3.05279e-007	-0.000625
-3.04779e-007	-0.000625
-3.04279e-007	0.001875
-3.03779e-007	0
-3.03279e-007	0
-3.02779e-007	-0.000625
-3.02279e-007	-0.001875
-3.01779e-007	-0.001875
-3.01279e-007	0
-3.00779e-007	0.000625
-3.00279e-007	0
-2.99779e-007	-0.001875
-2.99279e-007	-0.001875
-2.98779e-007	-0.000625
-2.98279e-007	-0.00125
-2.97779e-007	-0.000625
-2.97279e-007	0.000625
-2.96779e-007	0
-2.96279e-007	-0.001875
-2.95779e-007	-0.00125
-2.95279e-007	-0.000625
-2.94779e-007	0.000625
-2.94279e-007	0.000625
-2.93779e-007	0.000625
-2.93279e-007	0
-2.92779e-007	-0.000625
-2.92279e-007	-0.00125
-2.91779e-007	0
-2.91279e-007	-0.000625
-2.90779e-007	-0.000625
-2.90279e-007	-0.00125
-2.89779e-007	-0.001875
-2.89279e-007	-0.000625
-2.88779e-007	0
-2.88279e-007	-0.00125
-2.87779e-007	-0.000625
-2.87279e-007	0
-2.86779e-007	-0.000625
-2.86279e-007	0
-2.85779e-007	-0.0025
-2.85279e-007	-0.000625
-2.84779e-007	0.00125
-2.84279e-007	0
-2.83779e-007	0
-2.83279e-007	-0.00125
-2.82779e-007	-0.00125
-2.82279e-007	0.000625
-2.81779e-007	-0.000625
-2.81279e-007	0
-2.80779e-007	-0.00125
-2.80279e-007	0
-2.79779e-007	0
-2.79279e-007	-0.000625
-2.78779e-007	0
-2.78279e-007	0.000625
-2.77779e-007	0
-2.77279e-007	0
-2.76779e-007	-0.00125
-2.76279e-007	-0.001875
-2.75779e-007	-0.00125
-2.75279e-007	-0.00125
-2.74779e-007	0
-2.74279e-007	0
-2.73779e-007	0.000625
-2.73279e-007	-0.000625
-2.72779e-007	-0.000625
-2.72279e-007	-0.000625
-2.71779e-007	-0.000625
-2.71279e-007	0.000625
-2.70779e-007	0.000625
-2.70279e-007	-0.000625
-2.69779e-007	0.000625
-2.69279e-007	0
-2.68779e-007	0
-2.68279e-007	0.000625
-2.67779e-007	0
-2.67279e-007	-0.00125
-2.66779e-007	0
-2.66279e-007	-0.000625
-2.65779e-007	-0.001875
-2.65279e-007	-0.00125
-2.64779e-007	-0.000625
-2.64279e-007	-0.000625
-2.63779e-007	-0.000625
-2.63279e-007	-0.000625
-2.62779e-007	-0.00125
-2.62279e-007	0.000625
-2.61779e-007	0.000625
-2.61279e-007	-0.00125
-2.60779e-007	-0.000625
-2.60279e-007	0
-2.59779e-007	0.000625
-2.59279e-007	0
-2.58779e-007	-0.000625
-2.58279e-007	-0.00125
-2.57779e-007	-0.000625
-2.57279e-007	0.000625
-2.56779e-007	-0.00125
-2.56279e-007	-0.000625
-2.55779e-007	-0.001875
-2.55279e-007	-0.00125
-2.54779e-007	0
-2.54279e-007	0.000625
-2.53779e-007	-0.00125
-2.53279e-007	-0.000625
-2.52779e-007	0.00125
-2.52279e-007	0.00125
-2.51779e-007	-0.0025
-2.51279e-007	-0.00125
-2.50779e-007	0.000625
-2.50279e-007	0.000625
-2.49779e-007	0.000625
-2.49279e-007	-0.001875
-2.48779e-007	-0.000625
-2.48279e-007	0.000625
-2.47779e-007	0.000625
-2.47279e-007	-0.001875
-2.46779e-007	-0.000625
-2.46279e-007	0
-2.45779e-007	0
-2.45279e-007	-0.000625
-2.44779e-007	-0.001875
-2.44279e-007	-0.00125
-2.43779e-007	0
-2.43279e-007	-0.001875
-2.42779e-007	-0.000625
-2.42279e-007	0
-2.41779e-007	-0.00125
-2.41279e-007	-0.000625
-2.40779e-007	0.000625
-2.40279e-007	-0.000625
-2.39779e-007	0
-2.39279e-007	0.000625
-2.38779e-007	0.000625
-2.38279e-007	-0.000625
-2.37779e-007	0.00125
-2.37279e-007	0
-2.36779e-007	-0.001875
-2.36279e-007	-0.000625
-2.35779e-007	-0.000625
-2.35279e-007	-0.00125
-2.34779e-007	-0.000625
-2.34279e-007	-0.000625
-2.33779e-007	-0.000625
-2.33279e-007	0
-2.32779e-007	0
-2.32279e-007	0.00125
-2.31779e-007	0
-2.31279e-007	-0.000625
-2.30779e-007	0.000625
-2.30279e-007	0.000625
-2.29779e-007	0
-2.29279e-007	0
-2.28779e-007	-0.000625
-2.28279e-007	-0.00125
-2.27779e-007	-0.000625
-2.27279e-007	0
-2.26779e-007	0.000625
-2.26279e-007	0
-2.25779e-007	-0.00125
-2.25279e-007	-0.001875
-2.24779e-007	-0.000625
-2.24279e-007	-0.00125
-2.23779e-007	0
-2.23279e-007	-0.000625
-2.22779e-007	-0.000625
-2.22279e-007	-0.00125
-2.21779e-007	-0.003125
-2.21279e-007	0
-2.20779e-007	0.000625
-2.20279e-007	-0.00125
-2.19779e-007	0
-2.19279e-007	-0.00125
-2.18779e-007	0.000625
-2.18279e-007	0.000625
-2.17779e-007	-0.001875
-2.17279e-007	0
-2.16779e-007	0
-2.16279e-007	-0.000625
-2.15779e-007	0.000625
-2.15279e-007	0.00125
-2.14779e-007	-0.000625
-2.14279e-007	-0.00125
-2.13779e-007	0.000625
-2.13279e-007	0.000625
-2.12779e-007	0
-2.12279e-007	0.000625
-2.11779e-007	0.000625
-2.11279e-007	0.000625
-2.10779e-007	0
-2.10279e-007	0
-2.09779e-007	-0.000625
-2.09279e-007	0
-2.08779e-007	-0.000625
-2.08279e-007	0
-2.07779e-007	0.000625
-2.07279e-007	0.000625
-2.06779e-007	-0.00125
-2.06279e-007	0.00125
-2.05779e-007	0
-2.05279e-007	-0.000625
-2.04779e-007	0.000625
-2.04279e-007	-0.001875
-2.03779e-007	-0.00125
-2.03279e-007	0.000625
-2.02779e-007	0
-2.02279e-007	-0.000625
-2.01779e-007	0.000625
-2.01279e-007	-0.000625
-2.00779e-007	0
-2.00279e-007	0
-1.99779e-007	0
-1.99279e-007	0.001875
-1.98779e-007	0.000625
-1.98279e-007	-0.001875
-1.97779e-007	-0.00125
-1.97279e-007	-0.000625
-1.96779e-007	-0.001875
-1.96279e-007	-0.000625
-1.95779e-007	0.00125
-1.95279e-007	0
-1.94779e-007	-0.000625
-1.94279e-007	0.00125
-1.93779e-007	0
-1.93279e-007	-0.000625
-1.92779e-007	0.000625
-1.92279e-007	0.00125
-1.91779e-007	0
-1.91279e-007	0.000625
-1.90779e-007	0.000625
-1.90279e-007	0
-1.89779e-007	-0.000625
-1.89279e-007	-0.000625
-1.88779e-007	-0.000625
-1.88279e-007	-0.000625
-1.87779e-007	-0.000625
-1.87279e-007	-0.000625
-1.86779e-007	-0.00125
-1.86279e-007	-0.001875
-1.85779e-007	-0.000625
-1.85279e-007	0
-1.84779e-007	-0.000625
-1.84279e-007	0.000625
-1.83779e-007	0
-1.83279e-007	-0.00125
-1.82779e-007	-0.000625
-1.82279e-007	0.000625
-1.81779e-007	0.000625
-1.81279e-007	0.000625
-1.80779e-007	0.00125
-1.80279e-007	0.00125
-1.79779e-007	-0.000625
-1.79279e-007	0
-1.78779e-007	-0.00125
-1.78279e-007	-0.000625
-1.77779e-007	0.000625
-1.77279e-007	0
-1.76779e-007	-0.001875
-1.76279e-007	-0.0025
-1.75779e-007	0
-1.75279e-007	-0.00125
-1.74779e-007	-0.0025
-1.74279e-007	0
-1.73779e-007	0.000625
-1.73279e-007	-0.000625
-1.72779e-007	-0.00125
-1.72279e-007	0.000625
-1.71779e-007	0.001875
-1.71279e-007	0.000625
-1.70779e-007	0.00125
-1.70279e-007	0
-1.69779e-007	-0.00125
-1.69279e-007	0.000625
-1.68779e-007	0.00125
-1.68279e-007	-0.00125
-1.67779e-007	-0.00125
-1.67279e-007	-0.000625
-1.66779e-007	0
-1.66279e-007	-0.000625
-1.65779e-007	-0.001875
-1.65279e-007	-0.00125
-1.64779e-007	-0.001875
-1.64279e-007	-0.001875
-1.63779e-007	-0.00125
-1.63279e-007	-0.000625
-1.62779e-007	-0.000625
-1.62279e-007	0
-1.61779e-007	0.000625
-1.61279e-007	0.000625
-1.60779e-007	0
-1.60279e-007	-0.00125
-1.59779e-007	0
-1.59279e-007	-0.000625
-1.58779e-007	0
-1.58279e-007	0.00125
-1.57779e-007	-0.000625
-1.57279e-007	-0.000625
-1.56779e-007	0
-1.56279e-007	-0.000625
-1.55779e-007	-0.00125
-1.55279e-007	0
-1.54779e-007	-0.000625
-1.54279e-007	-0.00125
-1.53779e-007	-0.000625
-1.53279e-007	-0.00125
-1.52779e-007	-0.00125
-1.52279e-007	-0.00125
-1.51779e-007	-0.000625
-1.51279e-007	-0.001875
-1.50779e-007	-0.00125
-1.50279e-007	0.000625
-1.49779e-007	-0.000625
-1.49279e-007	-0.000625
-1.48779e-007	0
-1.48279e-007	0
-1.47779e-007	0
-1.47279e-007	-0.000625
-1.46779e-007	0
-1.46279e-007	0.00125
-1.45779e-007	0.000625
-1.45279e-007	0
-1.44779e-007	-0.00125
-1.44279e-007	-0.000625
-1.43779e-007	-0.000625
-1.43279e-007	-0.001875
-1.42779e-007	-0.0025
-1.42279e-007	-0.001875
-1.41779e-007	0
-1.41279e-007	-0.000625
-1.40779e-007	0
-1.40279e-007	-0.000625
-1.39779e-007	-0.00125
-1.39279e-007	-0.000625
-1.38779e-007	-0.000625
-1.38279e-007	-0.000625
-1.37779e-007	-0.000625
-1.37279e-007	0
-1.36779e-007	0.000625
-1.36279e-007	0.000625
-1.35779e-007	0.000625
-1.35279e-007	0.000625
-1.34779e-007	0
-1.34279e-007	0.000625
-1.33779e-007	-0.00125
-1.33279e-007	-0.00125
-1.32779e-007	0
-1.32279e-007	-0.000625
-1.31779e-007	-0.000625
-1.31279e-007	-0.001875
-1.30779e-007	-0.00125
-1.30279e-007	-0.001875
-1.29779e-007	-0.00125
-1.29279e-007	0.00125
-1.28779e-007	-0.000625
-1.28279e-007	0.000625
-1.27779e-007	0.000625
-1.27279e-007	-0.000625
-1.26779e-007	0.001875
-1.26279e-007	-0.000625
-1.25779e-007	0
-1.25279e-007	0.00125
-1.24779e-007	-0.000625
-1.24279e-007	-0.00125
-1.23779e-007	0.000625
-1.23279e-007	0
-1.22779e-007	-0.000625
-1.22279e-007	-0.000625
-1.21779e-007	-0.00125
-1.21279e-007	-0.003125
-1.20779e-007	-0.00125
-1.20279e-007	0
-1.19779e-007	-0.000625
-1.19279e-007	-0.001875
-1.18779e-007	-0.000625
-1.18279e-007	0
-1.17779e-007	-0.00125
-1.17279e-007	-0.000625
-1.16779e-007	0
-1.16279e-007	-0.000625
-1.15779e-007	0.000625
-1.15279e-007	0
-1.14779e-007	-0.000625
-1.14279e-007	0
-1.13779e-007	0
-1.13279e-007	0
-1.12779e-007	-0.00125
-1.12279e-007	-0.00125
-1.11779e-007	0
-1.11279e-007	-0.000625
-1.10779e-007	-0.00125
-1.10279e-007	-0.000625
-1.09779e-007	-0.00125
-1.09279e-007	0
-1.08779e-007	0
-1.08279e-007	-0.000625
-1.07779e-007	-0.000625
-1.07279e-007	-0.00125
-1.06779e-007	-0.000625
-1.06279e-007	0
-1.05779e-007	0.00125
-1.05279e-007	0.000625
-1.04779e-007	-0.000625
-1.04279e-007	-0.000625
-1.03779e-007	0.000625
-1.03279e-007	0.000625
-1.02779e-007	0
-1.02279e-007	0
-1.01779e-007	0
-1.01279e-007	-0.000625
-1.00779e-007	0.000625
-1.00279e-007	-0.000625
-9.9779e-008	-0.001875
-9.9279e-008	-0.001875
-9.8779e-008	-0.000625
-9.8279e-008	-0.00125
-9.7779e-008	-0.001875
-9.7279e-008	-0.00125
-9.6779e-008	-0.000625
-9.6279e-008	-0.000625
-9.5779e-008	0.000625
-9.5279e-008	0.000625
-9.4779e-008	0.00125
-9.4279e-008	0.000625
-9.3779e-008	-0.000625
-9.3279e-008	-0.000625
-9.2779e-008	-0.000625
-9.2279e-008	-0.000625
-9.1779e-008	-0.000625
-9.1279e-008	0.000625
-9.0779e-008	-0.000625
-9.0279e-008	-0.000625
-8.9779e-008	0
-8.9279e-008	-0.000625
-8.8779e-008	-0.0025
-8.8279e-008	-0.001875
-8.7779e-008	0.000625
-8.7279e-008	-0.000625
-8.6779e-008	-0.00125
-8.6279e-008	0.000625
-8.5779e-008	0.000625
-8.5279e-008	0
-8.4779e-008	-0.000625
-8.4279e-008	-0.000625
-8.3779e-008	-0.000625
-8.3279e-008	0.000625
-8.2779e-008	0.000625
-8.2279e-008	-0.001875
-8.1779e-008	-0.000625
-8.1279e-008	0.000625
-8.0779e-008	0
-8.0279e-008	0.000625
-7.9779e-008	-0.00125
-7.9279e-008	-0.001875
-7.8779e-008	0
-7.8279e-008	-0.000625
-7.7779e-008	-0.00125
-7.7279e-008	-0.00125
-7.6779e-008	-0.00125
-7.6279e-008	-0.001875
-7.5779e-008	-0.00125
-7.5279e-008	-0.00125
-7.4779e-008	-0.000625
-7.4279e-008	0.000625
-7.3779e-008	0
-7.3279e-008	-0.001875
-7.2779e-008	-0.000625
-7.2279e-008	-0.000625
-7.1779e-008	0.000625
-7.1279e-008	-0.000625
-7.0779e-008	-0.000625
-7.0279e-008	0.000625
-6.9779e-008	0
-6.9279e-008	-0.000625
-6.8779e-008	-0.001875
-6.8279e-008	0
-6.7779e-008	0.00125
-6.7279e-008	-0.000625
-6.6779e-008	-0.000625
-6.6279e-008	-0.000625
-6.5779e-008	-0.001875
-6.5279e-008	-0.000625
-6.4779e-008	-0.000625
-6.4279e-008	0
-6.3779e-008	0
-6.3279e-008	0
-6.2779e-008	-0.000625
-6.2279e-008	0.000625
-6.1779e-008	0.000625
-6.1279e-008	-0.000625
-6.0779e-008	-0.000625
-6.0279e-008	0.000625
-5.9779e-008	0.000625
-5.9279e-008	0
-5.8779e-008	-0.000625
-5.8279e-008	-0.00125
-5.7779e-008	-0.000625
-5.7279e-008	-0.00125
-5.6779e-008	-0.000625
-5.6279e-008	-0.00125
-5.5779e-008	-0.000625
-5.5279e-008	-0.00125
-5.4779e-008	-0.000625
-5.4279e-008	0
-5.3779e-008	0
-5.3279e-008	0
-5.2779e-008	-0.000625
-5.2279e-008	-0.001875
-5.1779e-008	-0.00125
-5.1279e-008	0.00125
-5.0779e-008	-0.000625
-5.0279e-008	-0.001875
-4.9779e-008	0
-4.9279e-008	-0.000625
-4.8779e-008	-0.000625
-4.8279e-008	0
-4.7779e-008	-0.000625
-4.7279e-008	-0.000625
-4.6779e-008	-0.000625
-4.6279e-008	-0.00125
-4.5779e-008	-0.000625
-4.5279e-008	0.000625
-4.4779e-008	0.00125
-4.4279e-008	0.000625
-4.3779e-008	-0.00125
-4.3279e-008	-0.000625
-4.2779e-008	0.000625
-4.2279e-008	-0.000625
-4.1779e-008	0
-4.1279e-008	0
-4.0779e-008	0.000625
-4.0279e-008	0
-3.9779e-008	-0.00125
-3.9279e-008	-0.00125
-3.8779e-008	-0.00125
-3.8279e-008	0.000625
-3.7779e-008	0.000625
-3.7279e-008	-0.000625
-3.6779e-008	0
-3.6279e-008	0.000625
-3.5779e-008	0
-3.5279e-008	0.000625
-3.4779e-008	-0.000625
-3.4279e-008	-0.00125
-3.3779e-008	-0.000625
-3.3279e-008	0.00125
-3.2779e-008	0.000625
-3.2279e-008	-0.000625
-3.1779e-008	-0.000625
-3.1279e-008	-0.000625
-3.0779e-008	0
-3.0279e-008	0.000625
-2.9779e-008	-0.000625
-2.9279e-008	-0.000625
-2.8779e-008	-0.000625
-2.8279e-008	-0.000625
-2.7779e-008	0
-2.7279e-008	-0.000625
-2.6779e-008	0
-2.6279e-008	-0.00125
-2.5779e-008	-0.000625
-2.5279e-008	-0.00125
-2.4779e-008	-0.000625
-2.4279e-008	0.000625
-2.3779e-008	-0.000625
-2.3279e-008	-0.000625
-2.2779e-008	0
-2.2279e-008	-0.000625
-2.1779e-008	-0.000625
-2.1279e-008	-0.000625
-2.0779e-008	-0.000625
-2.0279e-008	-0.00125
-1.9779e-008	-0.001875
-1.9279e-008	-0.000625
-1.8779e-008	0
-1.8279e-008	-0.00125
-1.7779e-008	-0.000625
-1.7279e-008	0.000625
-1.6779e-008	0
-1.6279e-008	0
-1.5779e-008	0
-1.5279e-008	0.000625
-1.4779e-008	0
-1.4279e-008	-0.00125
-1.3779e-008	-0.00125
-1.3279e-008	0
-1.2779e-008	0.00125
-1.2279e-008	0
-1.1779e-008	-0.00375
-1.1279e-008	-0.005625
-1.0779e-008	-0.006875
-1.0279e-008	-0.01125
-9.779e-009	-0.015625
-9.279e-009	-0.0175
-8.779e-009	-0.019375
-8.279e-009	-0.0225
-7.779e-009	-0.02625
-7.279e-009	-0.02875
-6.779e-009	-0.030625
-6.279e-009	-0.03375
-5.779e-009	-0.03625
-5.279e-009	-0.03875
-4.779e-009	-0.03875
-4.279e-009	-0.04125
-3.779e-009	-0.045
-3.279e-009	-0.045625
-2.779e-009	-0.046875
-2.279e-009	-0.048125
-1.779e-009	-0.05125
-1.279e-009	-0.0525
-7.79e-010	-0.053125
-2.79e-010	-0.054375
2.21e-010	-0.056875
7.21e-010	-0.058125
1.221e-009	-0.0575
1.721e-009	-0.06
2.221e-009	-0.06
2.721e-009	-0.06
3.221e-009	-0.0625
3.721e-009	-0.0625
4.221e-009	-0.06125
4.721e-009	-0.06125
5.221e-009	-0.0625
5.721e-009	-0.0625
6.221e-009	-0.0625
6.721e-009	-0.0625
7.221e-009	-0.064375
7.721e-009	-0.065
8.221e-009	-0.065
8.721e-009	-0.06375
9.221e-009	-0.063125
9.721e-009	-0.06375
1.0221e-008	-0.0625
1.0721e-008	-0.063125
1.1221e-008	-0.061875
1.1721e-008	-0.0625
1.2221e-008	-0.064375
1.2721e-008	-0.06625
1.3221e-008	-0.06625
1.3721e-008	-0.06625
1.4221e-008	-0.065625
1.4721e-008	-0.066875
1.5221e-008	-0.06625
1.5721e-008	-0.0675
1.6221e-008	-0.06625
1.6721e-008	-0.06625
1.7221e-008	-0.065
1.7721e-008	-0.0675
1.8221e-008	-0.066875
1.8721e-008	-0.065625
1.9221e-008	-0.065625
1.9721e-008	-0.068125
2.0221e-008	-0.07
2.0721e-008	-0.06875
2.1221e-008	-0.07
2.1721e-008	-0.071875
2.2221e-008	-0.071875
2.2721e-008	-0.0725
2.3221e-008	-0.07375
2.3721e-008	-0.0725
2.4221e-008	-0.07375
2.4721e-008	-0.075
2.5221e-008	-0.075
2.5721e-008	-0.07625
2.6221e-008	-0.075625
2.6721e-008	-0.0775
2.7221e-008	-0.0775
2.7721e-008	-0.076875
2.8221e-008	-0.07875
2.8721e-008	-0.0775
2.9221e-008	-0.076875
2.9721e-008	-0.076875
3.0221e-008	-0.076875
3.0721e-008	-0.0775
3.1221e-008	-0.07875
3.1721e-008	-0.078125
3.2221e-008	-0.08
3.2721e-008	-0.080625
3.3221e-008	-0.079375
3.3721e-008	-0.079375
3.4221e-008	-0.08
3.4721e-008	-0.08
3.5221e-008	-0.08125
3.5721e-008	-0.079375
3.6221e-008	-0.08125
3.6721e-008	-0.081875
3.7221e-008	-0.08
3.7721e-008	-0.080625
3.8221e-008	-0.08
3.8721e-008	-0.078125
3.9221e-008	-0.079375
3.9721e-008	-0.08
4.0221e-008	-0.08125
4.0721e-008	-0.079375
4.1221e-008	-0.08
4.1721e-008	-0.0825
4.2221e-008	-0.0825
4.2721e-008	-0.0825
4.3221e-008	-0.0825
4.3721e-008	-0.0825
4.4221e-008	-0.081875
4.4721e-008	-0.08125
4.5221e-008	-0.0825
4.5721e-008	-0.0825
4.6221e-008	-0.0825
4.6721e-008	-0.0825
4.7221e-008	-0.0825
4.7721e-008	-0.081875
4.8221e-008	-0.081875
4.8721e-008	-0.083125
4.9221e-008	-0.08375
4.9721e-008	-0.083125
5.0221e-008	-0.08625
5.0721e-008	-0.085
5.1221e-008	-0.084375
5.1721e-008	-0.085625
5.2221e-008	-0.086875
5.2721e-008	-0.085
5.3221e-008	-0.08375
5.3721e-008	-0.08375
5.4221e-008	-0.085625
5.4721e-008	-0.084375
5.5221e-008	-0.085625
5.5721e-008	-0.08625
5.6221e-008	-0.085625
5.6721e-008	-0.084375
5.7221e-008	-0.084375
5.7721e-008	-0.084375
5.8221e-008	-0.085
5.8721e-008	-0.085
5.9221e-008	-0.085
5.9721e-008	-0.08375
6.0221e-008	-0.084375
6.0721e-008	-0.085625
6.1221e-008	-0.085625
6.1721e-008	-0.084375
6.2221e-008	-0.085625
6.2721e-008	-0.0875
6.3221e-008	-0.085
6.3721e-008	-0.085
6.4221e-008	-0.085625
6.4721e-008	-0.085
6.5221e-008	-0.085
6.5721e-008	-0.085
6.6221e-008	-0.085
6.6721e-008	-0.084375
6.7221e-008	-0.08375
6.7721e-008	-0.083125
6.8221e-008	-0.0825
6.8721e-008	-0.08125
6.9221e-008	-0.081875
6.9721e-008	-0.0825
7.0221e-008	-0.0825
7.0721e-008	-0.083125
7.1221e-008	-0.08375
7.1721e-008	-0.083125
7.2221e-008	-0.085
7.2721e-008	-0.085
7.3221e-008	-0.084375
7.3721e-008	-0.085
7.4221e-008	-0.085
7.4721e-008	-0.08375
7.5221e-008	-0.08625
7.5721e-008	-0.085
7.6221e-008	-0.085
7.6721e-008	-0.08375
7.7221e-008	-0.08375
7.7721e-008	-0.08375
7.8221e-008	-0.08375
7.8721e-008	-0.083125
7.9221e-008	-0.08375
7.9721e-008	-0.083125
8.0221e-008	-0.08375
8.0721e-008	-0.0825
8.1221e-008	-0.0825
8.1721e-008	-0.0825
8.2221e-008	-0.0825
8.2721e-008	-0.081875
8.3221e-008	-0.083125
8.3721e-008	-0.083125
8.4221e-008	-0.0825
8.4721e-008	-0.08375
8.5221e-008	-0.084375
8.5721e-008	-0.085
8.6221e-008	-0.0825
8.6721e-008	-0.081875
8.7221e-008	-0.084375
8.7721e-008	-0.083125
8.8221e-008	-0.081875
8.8721e-008	-0.08125
8.9221e-008	-0.0825
8.9721e-008	-0.081875
9.0221e-008	-0.081875
9.0721e-008	-0.08125
9.1221e-008	-0.08125
9.1721e-008	-0.079375
9.2221e-008	-0.079375
9.2721e-008	-0.08
9.3221e-008	-0.080625
9.3721e-008	-0.08
9.4221e-008	-0.08
9.4721e-008	-0.07875
9.5221e-008	-0.08
9.5721e-008	-0.08
9.6221e-008	-0.08
9.6721e-008	-0.08
9.7221e-008	-0.08
9.7721e-008	-0.07875
9.8221e-008	-0.080625
9.8721e-008	-0.079375
9.9221e-008	-0.0775
9.9721e-008	-0.07875
1.00221e-007	-0.079375
1.00721e-007	-0.079375
1.01221e-007	-0.078125
1.01721e-007	-0.078125
1.02221e-007	-0.0775
1.02721e-007	-0.07625
1.03221e-007	-0.0775
1.03721e-007	-0.07875
1.04221e-007	-0.07875
1.04721e-007	-0.078125
1.05221e-007	-0.0775
1.05721e-007	-0.07625
1.06221e-007	-0.078125
1.06721e-007	-0.0775
1.07221e-007	-0.076875
1.07721e-007	-0.078125
1.08221e-007	-0.078125
1.08721e-007	-0.0775
1.09221e-007	-0.078125
1.09721e-007	-0.0775
1.10221e-007	-0.076875
1.10721e-007	-0.0775
1.11221e-007	-0.0775
1.11721e-007	-0.075625
1.12221e-007	-0.075
1.12721e-007	-0.07625
1.13221e-007	-0.075625
1.13721e-007	-0.075
1.14221e-007	-0.075
1.14721e-007	-0.075625
1.15221e-007	-0.075
1.15721e-007	-0.074375
1.16221e-007	-0.075
1.16721e-007	-0.076875
1.17221e-007	-0.07625
1.17721e-007	-0.075
1.18221e-007	-0.07625
1.18721e-007	-0.075
1.19221e-007	-0.07625
1.19721e-007	-0.076875
1.20221e-007	-0.07625
1.20721e-007	-0.076875
1.21221e-007	-0.07625
1.21721e-007	-0.075
1.22221e-007	-0.075
1.22721e-007	-0.074375
1.23221e-007	-0.074375
1.23721e-007	-0.073125
1.24221e-007	-0.074375
1.24721e-007	-0.074375
1.25221e-007	-0.0725
1.25721e-007	-0.07125
1.26221e-007	-0.071875
1.26721e-007	-0.0725
1.27221e-007	-0.074375
1.27721e-007	-0.073125
1.28221e-007	-0.075
1.28721e-007	-0.073125
1.29221e-007	-0.0725
1.29721e-007	-0.073125
1.30221e-007	-0.07375
1.30721e-007	-0.07375
1.31221e-007	-0.07375
1.31721e-007	-0.07375
1.32221e-007	-0.073125
1.32721e-007	-0.0725
1.33221e-007	-0.074375
1.33721e-007	-0.071875
1.34221e-007	-0.069375
1.34721e-007	-0.069375
1.35221e-007	-0.07
1.35721e-007	-0.07
1.36221e-007	-0.070625
1.36721e-007	-0.07125
1.37221e-007	-0.07125
1.37721e-007	-0.07
1.38221e-007	-0.07125
1.38721e-007	-0.07125
1.39221e-007	-0.07
1.39721e-007	-0.07
1.40221e-007	-0.0725
1.40721e-007	-0.0725
1.41221e-007	-0.071875
1.41721e-007	-0.07125
1.42221e-007	-0.07
1.42721e-007	-0.07125
1.43221e-007	-0.071875
1.43721e-007	-0.070625
1.44221e-007	-0.07125
1.44721e-007	-0.069375
1.45221e-007	-0.0675
1.45721e-007	-0.069375
1.46221e-007	-0.07
1.46721e-007	-0.069375
1.47221e-007	-0.0675
1.47721e-007	-0.06625
1.48221e-007	-0.069375
1.48721e-007	-0.070625
1.49221e-007	-0.069375
1.49721e-007	-0.06875
1.50221e-007	-0.069375
1.50721e-007	-0.06875
1.51221e-007	-0.07
1.51721e-007	-0.070625
1.52221e-007	-0.070625
1.52721e-007	-0.07
1.53221e-007	-0.070625
1.53721e-007	-0.069375
1.54221e-007	-0.069375
1.54721e-007	-0.06875
1.55221e-007	-0.069375
1.55721e-007	-0.06875
1.56221e-007	-0.065625
1.56721e-007	-0.066875
1.57221e-007	-0.0675
1.57721e-007	-0.0675
1.58221e-007	-0.066875
1.58721e-007	-0.066875
1.59221e-007	-0.0675
1.59721e-007	-0.0675
1.60221e-007	-0.066875
1.60721e-007	-0.06875
1.61221e-007	-0.06625
1.61721e-007	-0.0675
1.62221e-007	-0.068125
1.62721e-007	-0.068125
1.63221e-007	-0.068125
1.63721e-007	-0.06875
1.64221e-007	-0.068125
1.64721e-007	-0.068125
1.65221e-007	-0.066875
1.65721e-007	-0.066875
1.66221e-007	-0.065
1.66721e-007	-0.066875
1.67221e-007	-0.065625
1.67721e-007	-0.065
1.68221e-007	-0.065
1.68721e-007	-0.06375
1.69221e-007	-0.064375
1.69721e-007	-0.065
1.70221e-007	-0.064375
1.70721e-007	-0.06375
1.71221e-007	-0.064375
1.71721e-007	-0.065
1.72221e-007	-0.064375
1.72721e-007	-0.06625
1.73221e-007	-0.065625
1.73721e-007	-0.064375
1.74221e-007	-0.065
1.74721e-007	-0.06625
1.75221e-007	-0.06625
1.75721e-007	-0.06625
1.76221e-007	-0.06625
1.76721e-007	-0.064375
1.77221e-007	-0.0625
1.77721e-007	-0.064375
1.78221e-007	-0.064375
1.78721e-007	-0.063125
1.79221e-007	-0.06125
1.79721e-007	-0.0625
1.80221e-007	-0.0625
1.80721e-007	-0.060625
1.81221e-007	-0.0625
1.81721e-007	-0.064375
1.82221e-007	-0.0625
1.82721e-007	-0.0625
1.83221e-007	-0.06375
1.83721e-007	-0.06375
1.84221e-007	-0.0625
1.84721e-007	-0.06125
1.85221e-007	-0.0625
1.85721e-007	-0.06375
1.86221e-007	-0.06375
1.86721e-007	-0.0625
1.87221e-007	-0.063125
1.87721e-007	-0.0625
1.88221e-007	-0.06125
1.88721e-007	-0.0625
1.89221e-007	-0.061875
1.89721e-007	-0.061875
1.90221e-007	-0.06
1.90721e-007	-0.06125
1.91221e-007	-0.063125
1.91721e-007	-0.06125
1.92221e-007	-0.060625
1.92721e-007	-0.06
1.93221e-007	-0.06
1.93721e-007	-0.060625
1.94221e-007	-0.0625
1.94721e-007	-0.06125
1.95221e-007	-0.06
1.95721e-007	-0.05875
1.96221e-007	-0.06125
1.96721e-007	-0.06
1.97221e-007	-0.06
1.97721e-007	-0.06
1.98221e-007	-0.060625
1.98721e-007	-0.060625
1.99221e-007	-0.060625
1.99721e-007	-0.058125
2.00221e-007	-0.058125
2.00721e-007	-0.05875
2.01221e-007	-0.05875
2.01721e-007	-0.058125
2.02221e-007	-0.058125
2.02721e-007	-0.058125
2.03221e-007	-0.05875
2.03721e-007	-0.05875
2.04221e-007	-0.058125
2.04721e-007	-0.0575
2.05221e-007	-0.0575
2.05721e-007	-0.05875
2.06221e-007	-0.05875
2.06721e-007	-0.0575
2.07221e-007	-0.058125
2.07721e-007	-0.06
2.08221e-007	-0.059375
2.08721e-007	-0.05875
2.09221e-007	-0.058125
2.09721e-007	-0.05875
2.10221e-007	-0.059375
2.10721e-007	-0.0575
2.11221e-007	-0.0575
2.11721e-007	-0.058125
2.12221e-007	-0.0575
2.12721e-007	-0.056875
2.13221e-007	-0.05625
2.13721e-007	-0.056875
2.14221e-007	-0.0575
2.14721e-007	-0.05625
2.15221e-007	-0.056875
2.15721e-007	-0.056875
2.16221e-007	-0.05625
2.16721e-007	-0.05625
2.17221e-007	-0.056875
2.17721e-007	-0.05625
2.18221e-007	-0.0575
2.18721e-007	-0.056875
2.19221e-007	-0.056875
2.19721e-007	-0.056875
2.20221e-007	-0.0575
2.20721e-007	-0.05625
2.21221e-007	-0.05625
2.21721e-007	-0.055625
2.22221e-007	-0.05625
2.22721e-007	-0.055625
2.23221e-007	-0.05625
2.23721e-007	-0.05625
2.24221e-007	-0.055625
2.24721e-007	-0.055
2.25221e-007	-0.055
2.25721e-007	-0.05375
2.26221e-007	-0.05375
2.26721e-007	-0.054375
2.27221e-007	-0.054375
2.27721e-007	-0.05375
2.28221e-007	-0.054375
2.28721e-007	-0.055625
2.29221e-007	-0.055625
2.29721e-007	-0.055625
2.30221e-007	-0.055
2.30721e-007	-0.055
2.31221e-007	-0.055
2.31721e-007	-0.054375
2.32221e-007	-0.055625
2.32721e-007	-0.054375
2.33221e-007	-0.054375
2.33721e-007	-0.05375
2.34221e-007	-0.05375
2.34721e-007	-0.05375
2.35221e-007	-0.053125
2.35721e-007	-0.053125
2.36221e-007	-0.053125
2.36721e-007	-0.05375
2.37221e-007	-0.0525
2.37721e-007	-0.053125
2.38221e-007	-0.053125
2.38721e-007	-0.053125
2.39221e-007	-0.053125
2.39721e-007	-0.05375
2.40221e-007	-0.05375
2.40721e-007	-0.0525
2.41221e-007	-0.053125
2.41721e-007	-0.053125
2.42221e-007	-0.054375
2.42721e-007	-0.05375
2.43221e-007	-0.051875
2.43721e-007	-0.051875
2.44221e-007	-0.053125
2.44721e-007	-0.0525
2.45221e-007	-0.051875
2.45721e-007	-0.051875
2.46221e-007	-0.0525
2.46721e-007	-0.050625
2.47221e-007	-0.051875
2.47721e-007	-0.051875
2.48221e-007	-0.051875
2.48721e-007	-0.050625
2.49221e-007	-0.05
2.49721e-007	-0.053125
2.50221e-007	-0.0525
2.50721e-007	-0.05125
2.51221e-007	-0.05125
2.51721e-007	-0.05125
2.52221e-007	-0.0525
2.52721e-007	-0.053125
2.53221e-007	-0.050625
2.53721e-007	-0.05125
2.54221e-007	-0.0525
2.54721e-007	-0.051875
2.55221e-007	-0.05
2.55721e-007	-0.05
2.56221e-007	-0.049375
2.56721e-007	-0.050625
2.57221e-007	-0.050625
2.57721e-007	-0.049375
2.58221e-007	-0.049375
2.58721e-007	-0.050625
2.59221e-007	-0.05125
2.59721e-007	-0.05
2.60221e-007	-0.049375
2.60721e-007	-0.04875
2.61221e-007	-0.049375
2.61721e-007	-0.050625
2.62221e-007	-0.050625
2.62721e-007	-0.050625
2.63221e-007	-0.05
2.63721e-007	-0.050625
2.64221e-007	-0.05
2.64721e-007	-0.05
2.65221e-007	-0.049375
2.65721e-007	-0.049375
2.66221e-007	-0.05
2.66721e-007	-0.04875
2.67221e-007	-0.0475
2.67721e-007	-0.049375
2.68221e-007	-0.04875
2.68721e-007	-0.046875
2.69221e-007	-0.046875
2.69721e-007	-0.04625
2.70221e-007	-0.046875
2.70721e-007	-0.048125
2.71221e-007	-0.04875
2.71721e-007	-0.048125
2.72221e-007	-0.0475
2.72721e-007	-0.048125
2.73221e-007	-0.048125
2.73721e-007	-0.046875
2.74221e-007	-0.04875
2.74721e-007	-0.049375
2.75221e-007	-0.0475
2.75721e-007	-0.048125
2.76221e-007	-0.049375
2.76721e-007	-0.04875
2.77221e-007	-0.0475
2.77721e-007	-0.04625
2.78221e-007	-0.0475
2.78721e-007	-0.046875
2.79221e-007	-0.046875
2.79721e-007	-0.04625
2.80221e-007	-0.045625
2.80721e-007	-0.04625
2.81221e-007	-0.045625
2.81721e-007	-0.045
2.82221e-007	-0.04625
2.82721e-007	-0.04625
2.83221e-007	-0.04625
2.83721e-007	-0.046875
2.84221e-007	-0.046875
2.84721e-007	-0.046875
2.85221e-007	-0.046875
2.85721e-007	-0.04625
2.86221e-007	-0.046875
2.86721e-007	-0.0475
2.87221e-007	-0.0475
2.87721e-007	-0.045625
2.88221e-007	-0.045625
2.88721e-007	-0.046875
2.89221e-007	-0.04625
2.89721e-007	-0.045625
2.90221e-007	-0.044375
2.90721e-007	-0.04375
2.91221e-007	-0.04375
2.91721e-007	-0.044375
2.92221e-007	-0.045625
2.92721e-007	-0.04375
2.93221e-007	-0.045
2.93721e-007	-0.044375
2.94221e-007	-0.045
2.94721e-007	-0.045
2.95221e-007	-0.045625
2.95721e-007	-0.045
2.96221e-007	-0.046875
2.96721e-007	-0.045625
2.97221e-007	-0.044375
2.97721e-007	-0.044375
2.98221e-007	-0.044375
2.98721e-007	-0.04375
2.99221e-007	-0.044375
2.99721e-007	-0.045625
3.00221e-007	-0.045625
3.00721e-007	-0.041875
3.01221e-007	-0.043125
3.01721e-007	-0.044375
3.02221e-007	-0.045
3.02721e-007	-0.04375
3.03221e-007	-0.041875
3.03721e-007	-0.0425
3.04221e-007	-0.043125
3.04721e-007	-0.043125
3.05221e-007	-0.04375
3.05721e-007	-0.04375
3.06221e-007	-0.0425
3.06721e-007	-0.043125
3.07221e-007	-0.045625
3.07721e-007	-0.04375
3.08221e-007	-0.0425
3.08721e-007	-0.04375
3.09221e-007	-0.04375
3.09721e-007	-0.04375
3.10221e-007	-0.04375
3.10721e-007	-0.0425
3.11221e-007	-0.043125
3.11721e-007	-0.043125
3.12221e-007	-0.04375
3.12721e-007	-0.04125
3.13221e-007	-0.041875
3.13721e-007	-0.044375
3.14221e-007	-0.0425
3.14721e-007	-0.040625
3.15221e-007	-0.041875
3.15721e-007	-0.043125
3.16221e-007	-0.044375
3.16721e-007	-0.04125
3.17221e-007	-0.040625
3.17721e-007	-0.043125
3.18221e-007	-0.0425
3.18721e-007	-0.04125
3.19221e-007	-0.0425
3.19721e-007	-0.041875
3.20221e-007	-0.040625
3.20721e-007	-0.040625
3.21221e-007	-0.041875
3.21721e-007	-0.041875
3.22221e-007	-0.040625
3.22721e-007	-0.040625
3.23221e-007	-0.0425
3.23721e-007	-0.040625
3.24221e-007	-0.04
3.24721e-007	-0.04
3.25221e-007	-0.040625
3.25721e-007	-0.04125
3.26221e-007	-0.040625
3.26721e-007	-0.04
3.27221e-007	-0.03875
3.27721e-007	-0.04
3.28221e-007	-0.04125
3.28721e-007	-0.04
3.29221e-007	-0.04125
3.29721e-007	-0.04
3.30221e-007	-0.03875
3.30721e-007	-0.04
3.31221e-007	-0.04
3.31721e-007	-0.039375
3.32221e-007	-0.03875
3.32721e-007	-0.038125
3.33221e-007	-0.039375
3.33721e-007	-0.04
3.34221e-007	-0.03875
3.34721e-007	-0.039375
3.35221e-007	-0.040625
3.35721e-007	-0.04
3.36221e-007	-0.03875
3.36721e-007	-0.04
3.37221e-007	-0.040625
3.37721e-007	-0.03875
3.38221e-007	-0.03875
3.38721e-007	-0.039375
3.39221e-007	-0.03875
3.39721e-007	-0.03875
3.40221e-007	-0.039375
3.40721e-007	-0.039375
3.41221e-007	-0.03875
3.41721e-007	-0.038125
3.42221e-007	-0.03875
3.42721e-007	-0.038125
3.43221e-007	-0.038125
3.43721e-007	-0.038125
3.44221e-007	-0.038125
3.44721e-007	-0.0375
3.45221e-007	-0.038125
3.45721e-007	-0.03875
3.46221e-007	-0.0375
3.46721e-007	-0.03875
3.47221e-007	-0.039375
3.47721e-007	-0.039375
3.48221e-007	-0.0375
3.48721e-007	-0.03875
3.49221e-007	-0.0375
3.49721e-007	-0.0375
3.50221e-007	-0.0375
3.50721e-007	-0.03875
3.51221e-007	-0.038125
3.51721e-007	-0.036875
3.52221e-007	-0.036875
3.52721e-007	-0.038125
3.53221e-007	-0.036875
3.53721e-007	-0.03625
3.54221e-007	-0.03625
3.54721e-007	-0.03625
3.55221e-007	-0.0375
3.55721e-007	-0.036875
3.56221e-007	-0.035625
3.56721e-007	-0.038125
3.57221e-007	-0.038125
3.57721e-007	-0.0375
3.58221e-007	-0.036875
3.58721e-007	-0.03625
3.59221e-007	-0.0375
3.59721e-007	-0.0375
3.60221e-007	-0.03625
3.60721e-007	-0.035
3.61221e-007	-0.03625
3.61721e-007	-0.035625
3.62221e-007	-0.036875
3.62721e-007	-0.0375
3.63221e-007	-0.0375
3.63721e-007	-0.035625
3.64221e-007	-0.03625
3.64721e-007	-0.035625
3.65221e-007	-0.035
3.65721e-007	-0.03625
3.66221e-007	-0.035
3.66721e-007	-0.03625
3.67221e-007	-0.0375
3.67721e-007	-0.035
3.68221e-007	-0.035
3.68721e-007	-0.03625
3.69221e-007	-0.03625
3.69721e-007	-0.036875
3.70221e-007	-0.035
3.70721e-007	-0.034375
3.71221e-007	-0.036875
3.71721e-007	-0.034375
3.72221e-007	-0.03375
3.72721e-007	-0.034375
3.73221e-007	-0.035
3.73721e-007	-0.035
3.74221e-007	-0.03375
3.74721e-007	-0.033125
3.75221e-007	-0.033125
3.75721e-007	-0.034375
3.76221e-007	-0.03375
3.76721e-007	-0.034375
3.77221e-007	-0.035
3.77721e-007	-0.034375
3.78221e-007	-0.03375
3.78721e-007	-0.035625
3.79221e-007	-0.035625
3.79721e-007	-0.03625
3.80221e-007	-0.03375
3.80721e-007	-0.034375
3.81221e-007	-0.034375
3.81721e-007	-0.033125
3.82221e-007	-0.034375
3.82721e-007	-0.034375
3.83221e-007	-0.033125
3.83721e-007	-0.035
3.84221e-007	-0.03375
3.84721e-007	-0.03375
3.85221e-007	-0.03375
3.85721e-007	-0.033125
3.86221e-007	-0.03375
3.86721e-007	-0.0325
3.87221e-007	-0.0325
3.87721e-007	-0.033125
3.88221e-007	-0.034375
3.88721e-007	-0.031875
3.89221e-007	-0.0325
3.89721e-007	-0.034375
3.90221e-007	-0.033125
3.90721e-007	-0.033125
3.91221e-007	-0.0325
3.91721e-007	-0.031875
3.92221e-007	-0.033125
3.92721e-007	-0.0325
3.93221e-007	-0.033125
3.93721e-007	-0.033125
3.94221e-007	-0.0325
3.94721e-007	-0.031875
3.95221e-007	-0.03125
3.95721e-007	-0.0325
3.96221e-007	-0.033125
3.96721e-007	-0.033125
3.97221e-007	-0.03375
3.97721e-007	-0.0325
3.98221e-007	-0.030625
3.98721e-007	-0.033125
3.99221e-007	-0.0325
3.99721e-007	-0.031875
4.00221e-007	-0.031875
4.00721e-007	-0.030625
4.01221e-007	-0.0325
4.01721e-007	-0.03375
4.02221e-007	-0.03375
4.02721e-007	-0.033125
4.03221e-007	-0.034375
4.03721e-007	-0.0325
4.04221e-007	-0.031875
4.04721e-007	-0.031875
4.05221e-007	-0.0325
4.05721e-007	-0.0325
4.06221e-007	-0.031875
4.06721e-007	-0.0325
4.07221e-007	-0.03125
4.07721e-007	-0.03
4.08221e-007	-0.03125
4.08721e-007	-0.031875
4.09221e-007	-0.031875
4.09721e-007	-0.0325
4.10221e-007	-0.03125
4.10721e-007	-0.03
4.11221e-007	-0.031875
4.11721e-007	-0.031875
4.12221e-007	-0.030625
4.12721e-007	-0.03
4.13221e-007	-0.0325
4.13721e-007	-0.03375
4.14221e-007	-0.030625
4.14721e-007	-0.03
4.15221e-007	-0.031875
4.15721e-007	-0.031875
4.16221e-007	-0.030625
4.16721e-007	-0.031875
4.17221e-007	-0.031875
4.17721e-007	-0.03125
4.18221e-007	-0.030625
4.18721e-007	-0.029375
4.19221e-007	-0.03
4.19721e-007	-0.030625
4.20221e-007	-0.029375
4.20721e-007	-0.03
4.21221e-007	-0.031875
4.21721e-007	-0.03
4.22221e-007	-0.03
4.22721e-007	-0.03125
4.23221e-007	-0.030625
4.23721e-007	-0.029375
4.24221e-007	-0.030625
4.24721e-007	-0.0325
4.25221e-007	-0.03125
4.25721e-007	-0.029375
4.26221e-007	-0.029375
4.26721e-007	-0.030625
4.27221e-007	-0.030625
4.27721e-007	-0.03
4.28221e-007	-0.02875
4.28721e-007	-0.029375
4.29221e-007	-0.02875
4.29721e-007	-0.029375
4.30221e-007	-0.030625
4.30721e-007	-0.029375
4.31221e-007	-0.029375
4.31721e-007	-0.028125
4.32221e-007	-0.029375
4.32721e-007	-0.030625
4.33221e-007	-0.029375
4.33721e-007	-0.029375
4.34221e-007	-0.03
4.34721e-007	-0.029375
4.35221e-007	-0.029375
4.35721e-007	-0.02875
4.36221e-007	-0.029375
4.36721e-007	-0.02875
4.37221e-007	-0.03
4.37721e-007	-0.02875
4.38221e-007	-0.028125
4.38721e-007	-0.02875
4.39221e-007	-0.028125
4.39721e-007	-0.029375
4.40221e-007	-0.029375
4.40721e-007	-0.02875
4.41221e-007	-0.029375
4.41721e-007	-0.029375
4.42221e-007	-0.028125
4.42721e-007	-0.028125
4.43221e-007	-0.0275
4.43721e-007	-0.029375
4.44221e-007	-0.028125
4.44721e-007	-0.0275
4.45221e-007	-0.02875
4.45721e-007	-0.029375
4.46221e-007	-0.028125
4.46721e-007	-0.02875
4.47221e-007	-0.028125
4.47721e-007	-0.028125
4.48221e-007	-0.02875
4.48721e-007	-0.029375
4.49221e-007	-0.02875
4.49721e-007	-0.02875
4.50221e-007	-0.02875
4.50721e-007	-0.028125
4.51221e-007	-0.02875
4.51721e-007	-0.029375
4.52221e-007	-0.028125
4.52721e-007	-0.028125
4.53221e-007	-0.0275
4.53721e-007	-0.02875
4.54221e-007	-0.028125
4.54721e-007	-0.026875
4.55221e-007	-0.026875
4.55721e-007	-0.028125
4.56221e-007	-0.0275
4.56721e-007	-0.0275
4.57221e-007	-0.0275
4.57721e-007	-0.02875
4.58221e-007	-0.028125
4.58721e-007	-0.0275
4.59221e-007	-0.0275
4.59721e-007	-0.0275
4.60221e-007	-0.0275
4.60721e-007	-0.026875
4.61221e-007	-0.026875
4.61721e-007	-0.0275
4.62221e-007	-0.026875
4.62721e-007	-0.026875
4.63221e-007	-0.026875
4.63721e-007	-0.026875
4.64221e-007	-0.02625
4.64721e-007	-0.026875
4.65221e-007	-0.02625
4.65721e-007	-0.025625
4.66221e-007	-0.02625
4.66721e-007	-0.0275
4.67221e-007	-0.02625
4.67721e-007	-0.026875
4.68221e-007	-0.02625
4.68721e-007	-0.026875
4.69221e-007	-0.02625
4.69721e-007	-0.02625
4.70221e-007	-0.026875
4.70721e-007	-0.02625
4.71221e-007	-0.026875
4.71721e-007	-0.026875
4.72221e-007	-0.02625
4.72721e-007	-0.026875
4.73221e-007	-0.02625
4.73721e-007	-0.026875
4.74221e-007	-0.02625
4.74721e-007	-0.025625
4.75221e-007	-0.025
4.75721e-007	-0.025
4.76221e-007	-0.025
4.76721e-007	-0.025625
4.77221e-007	-0.024375
4.77721e-007	-0.026875
4.78221e-007	-0.026875
4.78721e-007	-0.025625
4.79221e-007	-0.02625
4.79721e-007	-0.02625
4.80221e-007	-0.025625
4.80721e-007	-0.025625
4.81221e-007	-0.02625
4.81721e-007	-0.028125
4.82221e-007	-0.025625
4.82721e-007	-0.025
4.83221e-007	-0.025625
4.83721e-007	-0.025625
4.84221e-007	-0.02625
4.84721e-007	-0.02625
4.85221e-007	-0.02375
4.85721e-007	-0.023125
4.86221e-007	-0.025625
4.86721e-007	-0.02625
4.87221e-007	-0.024375
4.87721e-007	-0.024375
4.88221e-007	-0.02625
4.88721e-007	-0.025625
4.89221e-007	-0.025625
4.89721e-007	-0.025625
4.90221e-007	-0.025625
4.90721e-007	-0.025
4.91221e-007	-0.024375
4.91721e-007	-0.025625
4.92221e-007	-0.025
4.92721e-007	-0.025625
4.93221e-007	-0.024375
4.93721e-007	-0.024375
4.94221e-007	-0.024375
4.94721e-007	-0.024375
4.95221e-007	-0.02375
4.95721e-007	-0.024375
4.96221e-007	-0.0225
4.96721e-007	-0.023125
4.97221e-007	-0.023125
4.97721e-007	-0.024375
4.98221e-007	-0.02375
4.98721e-007	-0.023125
4.99221e-007	-0.024375
4.99721e-007	-0.026875
5.00221e-007	-0.024375
5.00721e-007	-0.021875
5.01221e-007	-0.02375
5.01721e-007	-0.02375
5.02221e-007	-0.0225
5.02721e-007	-0.025
5.03221e-007	-0.024375
5.03721e-007	-0.025
5.04221e-007	-0.025625
5.04721e-007	-0.02375
5.05221e-007	-0.023125
5.05721e-007	-0.024375
5.06221e-007	-0.024375
5.06721e-007	-0.024375
5.07221e-007	-0.02375
5.07721e-007	-0.025
5.08221e-007	-0.025
5.08721e-007	-0.021875
5.09221e-007	-0.021875
5.09721e-007	-0.0225
5.10221e-007	-0.0225
5.10721e-007	-0.0225
5.11221e-007	-0.024375
5.11721e-007	-0.023125
5.12221e-007	-0.021875
5.12721e-007	-0.0225
5.13221e-007	-0.023125
5.13721e-007	-0.023125
5.14221e-007	-0.02375
5.14721e-007	-0.024375
5.15221e-007	-0.025
5.15721e-007	-0.024375
5.16221e-007	-0.02375
5.16721e-007	-0.023125
5.17221e-007	-0.023125
5.17721e-007	-0.024375
5.18221e-007	-0.023125
5.18721e-007	-0.021875
5.19221e-007	-0.021875
5.19721e-007	-0.021875
5.20221e-007	-0.021875
5.20721e-007	-0.0225
5.21221e-007	-0.0225
5.21721e-007	-0.020625
5.22221e-007	-0.019375
5.22721e-007	-0.021875
5.23221e-007	-0.0225
5.23721e-007	-0.021875
5.24221e-007	-0.0225
5.24721e-007	-0.021875
5.25221e-007	-0.02125
5.25721e-007	-0.02
5.26221e-007	-0.021875
5.26721e-007	-0.0225
5.27221e-007	-0.02375
5.27721e-007	-0.0225
5.28221e-007	-0.02125
5.28721e-007	-0.0225
5.29221e-007	-0.023125
5.29721e-007	-0.021875
5.30221e-007	-0.021875
5.30721e-007	-0.02
5.31221e-007	-0.02125
5.31721e-007	-0.020625
5.32221e-007	-0.02
5.32721e-007	-0.020625
5.33221e-007	-0.020625
5.33721e-007	-0.0225
5.34221e-007	-0.021875
5.34721e-007	-0.02
5.35221e-007	-0.021875
5.35721e-007	-0.0225
5.36221e-007	-0.0225
5.36721e-007	-0.023125
5.37221e-007	-0.024375
5.37721e-007	-0.02375
5.38221e-007	-0.0225
5.38721e-007	-0.0225
5.39221e-007	-0.021875
5.39721e-007	-0.021875
5.40221e-007	-0.021875
5.40721e-007	-0.020625
5.41221e-007	-0.020625
5.41721e-007	-0.019375
5.42221e-007	-0.02
5.42721e-007	-0.0225
5.43221e-007	-0.02125
5.43721e-007	-0.02
5.44221e-007	-0.020625
5.44721e-007	-0.020625
5.45221e-007	-0.02125
5.45721e-007	-0.021875
5.46221e-007	-0.021875
5.46721e-007	-0.020625
5.47221e-007	-0.020625
5.47721e-007	-0.021875
5.48221e-007	-0.02125
5.48721e-007	-0.021875
5.49221e-007	-0.020625
5.49721e-007	-0.02
5.50221e-007	-0.02125
5.50721e-007	-0.019375
5.51221e-007	-0.019375
5.51721e-007	-0.020625
5.52221e-007	-0.020625
5.52721e-007	-0.019375
5.53221e-007	-0.02
5.53721e-007	-0.019375
5.54221e-007	-0.02
5.54721e-007	-0.02
5.55221e-007	-0.020625
5.55721e-007	-0.019375
5.56221e-007	-0.020625
5.56721e-007	-0.020625
5.57221e-007	-0.02
5.57721e-007	-0.020625
5.58221e-007	-0.02
5.58721e-007	-0.019375
5.59221e-007	-0.02
5.59721e-007	-0.021875
5.60221e-007	-0.0225
5.60721e-007	-0.019375
5.61221e-007	-0.02
5.61721e-007	-0.01875
5.62221e-007	-0.02
5.62721e-007	-0.020625
5.63221e-007	-0.01875
5.63721e-007	-0.019375
5.64221e-007	-0.02125
5.64721e-007	-0.02
5.65221e-007	-0.02
5.65721e-007	-0.01875
5.66221e-007	-0.01875
5.66721e-007	-0.01875
5.67221e-007	-0.01875
5.67721e-007	-0.01875
5.68221e-007	-0.01875
5.68721e-007	-0.02125
5.69221e-007	-0.02
5.69721e-007	-0.019375
5.70221e-007	-0.02125
5.70721e-007	-0.019375
5.71221e-007	-0.019375
5.71721e-007	-0.019375
5.72221e-007	-0.020625
5.72721e-007	-0.02125
5.73221e-007	-0.02125
5.73721e-007	-0.02
5.74221e-007	-0.01875
5.74721e-007	-0.01875
5.75221e-007	-0.01875
5.75721e-007	-0.0175
5.76221e-007	-0.0175
5.76721e-007	-0.018125
5.77221e-007	-0.019375
5.77721e-007	-0.01875
5.78221e-007	-0.016875
5.78721e-007	-0.015625
5.79221e-007	-0.01875
5.79721e-007	-0.01875
5.80221e-007	-0.019375
5.80721e-007	-0.02
5.81221e-007	-0.020625
5.81721e-007	-0.019375
5.82221e-007	-0.02
5.82721e-007	-0.01875
5.83221e-007	-0.02
5.83721e-007	-0.021875
5.84221e-007	-0.019375
5.84721e-007	-0.01875
5.85221e-007	-0.01875
5.85721e-007	-0.01625
5.86221e-007	-0.018125
5.86721e-007	-0.016875
5.87221e-007	-0.01625
5.87721e-007	-0.0175
5.88221e-007	-0.0175
5.88721e-007	-0.01625
5.89221e-007	-0.0175
5.89721e-007	-0.018125
5.90221e-007	-0.019375
5.90721e-007	-0.018125
5.91221e-007	-0.016875
5.91721e-007	-0.018125
5.92221e-007	-0.019375
5.92721e-007	-0.02
5.93221e-007	-0.02
5.93721e-007	-0.019375
5.94221e-007	-0.019375
5.94721e-007	-0.0175
5.95221e-007	-0.0175
5.95721e-007	-0.018125
5.96221e-007	-0.018125
5.96721e-007	-0.018125
5.97221e-007	-0.018125
5.97721e-007	-0.015625
5.98221e-007	-0.015625
5.98721e-007	-0.018125
5.99221e-007	-0.0175
5.99721e-007	-0.01625
6.00221e-007	-0.016875
6.00721e-007	-0.01625
6.01221e-007	-0.018125
6.01721e-007	-0.0175
6.02221e-007	-0.01625
6.02721e-007	-0.016875
6.03221e-007	-0.019375
6.03721e-007	-0.01875
6.04221e-007	-0.01875
6.04721e-007	-0.01875
6.05221e-007	-0.018125
6.05721e-007	-0.016875
6.06221e-007	-0.018125
6.06721e-007	-0.018125
6.07221e-007	-0.01625
6.07721e-007	-0.015
6.08221e-007	-0.016875
6.08721e-007	-0.015625
6.09221e-007	-0.0175
6.09721e-007	-0.0175
6.10221e-007	-0.01625
6.10721e-007	-0.01625
6.11221e-007	-0.015625
6.11721e-007	-0.016875
6.12221e-007	-0.018125
6.12721e-007	-0.018125
6.13221e-007	-0.016875
6.13721e-007	-0.01625
6.14221e-007	-0.016875
6.14721e-007	-0.018125
6.15221e-007	-0.018125
6.15721e-007	-0.01625
6.16221e-007	-0.016875
6.16721e-007	-0.018125
6.17221e-007	-0.01625
6.17721e-007	-0.016875
6.18221e-007	-0.018125
6.18721e-007	-0.016875
6.19221e-007	-0.016875
6.19721e-007	-0.016875
6.20221e-007	-0.016875
6.20721e-007	-0.015
6.21221e-007	-0.015625
6.21721e-007	-0.01625
6.22221e-007	-0.015625
6.22721e-007	-0.015625
6.23221e-007	-0.016875
6.23721e-007	-0.016875
6.24221e-007	-0.0175
6.24721e-007	-0.01625
6.25221e-007	-0.015
6.25721e-007	-0.016875
6.26221e-007	-0.015625
6.26721e-007	-0.016875
6.27221e-007	-0.018125
6.27721e-007	-0.016875
6.28221e-007	-0.016875
6.28721e-007	-0.01625
6.29221e-007	-0.016875
6.29721e-007	-0.015625
6.30221e-007	-0.015625
6.30721e-007	-0.016875
6.31221e-007	-0.01625
6.31721e-007	-0.015
6.32221e-007	-0.015625
6.32721e-007	-0.01625
6.33221e-007	-0.015
6.33721e-007	-0.01375
6.34221e-007	-0.015625
6.34721e-007	-0.01625
6.35221e-007	-0.016875
6.35721e-007	-0.01625
6.36221e-007	-0.014375
6.36721e-007	-0.015
6.37221e-007	-0.016875
6.37721e-007	-0.01625
6.38221e-007	-0.014375
6.38721e-007	-0.014375
6.39221e-007	-0.016875
6.39721e-007	-0.01625
6.40221e-007	-0.015
6.40721e-007	-0.016875
6.41221e-007	-0.016875
6.41721e-007	-0.015625
6.42221e-007	-0.015
6.42721e-007	-0.014375
6.43221e-007	-0.01625
6.43721e-007	-0.015625
6.44221e-007	-0.013125
6.44721e-007	-0.014375
6.45221e-007	-0.015625
6.45721e-007	-0.014375
6.46221e-007	-0.014375
6.46721e-007	-0.015625
6.47221e-007	-0.01625
6.47721e-007	-0.015625
6.48221e-007	-0.015
6.48721e-007	-0.015
6.49221e-007	-0.01625
6.49721e-007	-0.015625
6.50221e-007	-0.015625
6.50721e-007	-0.015625
6.51221e-007	-0.014375
6.51721e-007	-0.015625
6.52221e-007	-0.01625
6.52721e-007	-0.01625
6.53221e-007	-0.01375
6.53721e-007	-0.013125
6.54221e-007	-0.014375
6.54721e-007	-0.014375
6.55221e-007	-0.015
6.55721e-007	-0.014375
6.56221e-007	-0.01375
6.56721e-007	-0.013125
6.57221e-007	-0.015625
6.57721e-007	-0.01375
6.58221e-007	-0.015
6.58721e-007	-0.015
6.59221e-007	-0.015
6.59721e-007	-0.015625
6.60221e-007	-0.015625
6.60721e-007	-0.014375
6.61221e-007	-0.013125
6.61721e-007	-0.014375
6.62221e-007	-0.015
6.62721e-007	-0.013125
6.63221e-007	-0.01375
6.63721e-007	-0.015
6.64221e-007	-0.014375
6.64721e-007	-0.01375
6.65221e-007	-0.014375
6.65721e-007	-0.01375
6.66221e-007	-0.01375
6.66721e-007	-0.01375
6.67221e-007	-0.014375
6.67721e-007	-0.01375
6.68221e-007	-0.01375
6.68721e-007	-0.014375
6.69221e-007	-0.015625
6.69721e-007	-0.014375
6.70221e-007	-0.013125
6.70721e-007	-0.014375
6.71221e-007	-0.01375
6.71721e-007	-0.01375
6.72221e-007	-0.015625
6.72721e-007	-0.015
6.73221e-007	-0.014375
6.73721e-007	-0.01375
6.74221e-007	-0.01375
6.74721e-007	-0.014375
6.75221e-007	-0.015
6.75721e-007	-0.01375
6.76221e-007	-0.014375
6.76721e-007	-0.014375
6.77221e-007	-0.014375
6.77721e-007	-0.0125
6.78221e-007	-0.013125
6.78721e-007	-0.013125
6.79221e-007	-0.0125
6.79721e-007	-0.013125
6.80221e-007	-0.01375
6.80721e-007	-0.01375
6.81221e-007	-0.01375
6.81721e-007	-0.014375
6.82221e-007	-0.015625
6.82721e-007	-0.014375
6.83221e-007	-0.01375
6.83721e-007	-0.01375
6.84221e-007	-0.015
6.84721e-007	-0.015
6.85221e-007	-0.0125
6.85721e-007	-0.01375
6.86221e-007	-0.01375
6.86721e-007	-0.013125
6.87221e-007	-0.013125
6.87721e-007	-0.011875
6.88221e-007	-0.013125
6.88721e-007	-0.0125
6.89221e-007	-0.0125
6.89721e-007	-0.013125
6.90221e-007	-0.013125
6.90721e-007	-0.013125
6.91221e-007	-0.0125
6.91721e-007	-0.014375
6.92221e-007	-0.013125
6.92721e-007	-0.011875
6.93221e-007	-0.01375
6.93721e-007	-0.014375
6.94221e-007	-0.014375
6.94721e-007	-0.01375
6.95221e-007	-0.0125
6.95721e-007	-0.011875
6.96221e-007	-0.01375
6.96721e-007	-0.014375
6.97221e-007	-0.013125
6.97721e-007	-0.01375
6.98221e-007	-0.0125
6.98721e-007	-0.01
6.99221e-007	-0.0125
6.99721e-007	-0.013125
7.00221e-007	-0.010625
7.00721e-007	-0.01125
7.01221e-007	-0.013125
7.01721e-007	-0.013125
7.02221e-007	-0.0125
7.02721e-007	-0.013125
7.03221e-007	-0.014375
7.03721e-007	-0.0125
7.04221e-007	-0.013125
7.04721e-007	-0.013125
7.05221e-007	-0.013125
7.05721e-007	-0.0125
7.06221e-007	-0.0125
7.06721e-007	-0.013125
7.07221e-007	-0.013125
7.07721e-007	-0.013125
7.08221e-007	-0.013125
7.08721e-007	-0.011875
7.09221e-007	-0.011875
7.09721e-007	-0.01125
7.10221e-007	-0.011875
7.10721e-007	-0.0125
7.11221e-007	-0.0125
7.11721e-007	-0.0125
7.12221e-007	-0.010625
7.12721e-007	-0.010625
7.13221e-007	-0.013125
7.13721e-007	-0.01375
7.14221e-007	-0.013125
7.14721e-007	-0.01375
7.15221e-007	-0.011875
7.15721e-007	-0.013125
7.16221e-007	-0.013125
7.16721e-007	-0.013125
7.17221e-007	-0.011875
7.17721e-007	-0.011875
7.18221e-007	-0.0125
7.18721e-007	-0.011875
7.19221e-007	-0.011875
7.19721e-007	-0.009375
7.20221e-007	-0.01
7.20721e-007	-0.01
7.21221e-007	-0.010625
7.21721e-007	-0.01125
7.22221e-007	-0.010625
7.22721e-007	-0.01125
7.23221e-007	-0.01375
7.23721e-007	-0.011875
7.24221e-007	-0.011875
7.24721e-007	-0.0125
7.25221e-007	-0.013125
7.25721e-007	-0.010625
7.26221e-007	-0.01125
7.26721e-007	-0.011875
7.27221e-007	-0.011875
7.27721e-007	-0.01125
7.28221e-007	-0.0125
7.28721e-007	-0.011875
7.29221e-007	-0.01125
7.29721e-007	-0.011875
7.30221e-007	-0.01125
7.30721e-007	-0.010625
7.31221e-007	-0.011875
7.31721e-007	-0.011875
7.32221e-007	-0.01
7.32721e-007	-0.01
7.33221e-007	-0.01125
7.33721e-007	-0.0125
7.34221e-007	-0.011875
7.34721e-007	-0.010625
7.35221e-007	-0.011875
7.35721e-007	-0.011875
7.36221e-007	-0.010625
7.36721e-007	-0.0125
7.37221e-007	-0.01375
7.37721e-007	-0.013125
7.38221e-007	-0.01125
7.38721e-007	-0.010625
7.39221e-007	-0.010625
7.39721e-007	-0.01125
7.40221e-007	-0.010625
7.40721e-007	-0.010625
7.41221e-007	-0.009375
7.41721e-007	-0.01125
7.42221e-007	-0.011875
7.42721e-007	-0.01
7.43221e-007	-0.010625
7.43721e-007	-0.010625
7.44221e-007	-0.011875
7.44721e-007	-0.011875
7.45221e-007	-0.0125
7.45721e-007	-0.01125
7.46221e-007	-0.01125
7.46721e-007	-0.01
7.47221e-007	-0.010625
7.47721e-007	-0.011875
7.48221e-007	-0.011875
7.48721e-007	-0.010625
7.49221e-007	-0.01
7.49721e-007	-0.010625
7.50221e-007	-0.01125
7.50721e-007	-0.01
7.51221e-007	-0.01
7.51721e-007	-0.010625
7.52221e-007	-0.009375
7.52721e-007	-0.00875
7.53221e-007	-0.01
7.53721e-007	-0.01125
7.54221e-007	-0.009375
7.54721e-007	-0.010625
7.55221e-007	-0.0125
7.55721e-007	-0.010625
7.56221e-007	-0.011875
7.56721e-007	-0.011875
7.57221e-007	-0.01125
7.57721e-007	-0.010625
7.58221e-007	-0.01125
7.58721e-007	-0.010625
7.59221e-007	-0.009375
7.59721e-007	-0.01125
7.60221e-007	-0.01
7.60721e-007	-0.01
7.61221e-007	-0.009375
7.61721e-007	-0.009375
7.62221e-007	-0.009375
7.62721e-007	-0.01125
7.63221e-007	-0.010625
7.63721e-007	-0.009375
7.64221e-007	-0.01
7.64721e-007	-0.013125
7.65221e-007	-0.011875
7.65721e-007	-0.010625
7.66221e-007	-0.00875
7.66721e-007	-0.00875
7.67221e-007	-0.01
7.67721e-007	-0.009375
7.68221e-007	-0.01
7.68721e-007	-0.00875
7.69221e-007	-0.00875
7.69721e-007	-0.009375
7.70221e-007	-0.010625
7.70721e-007	-0.010625
7.71221e-007	-0.009375
7.71721e-007	-0.009375
7.72221e-007	-0.00875
7.72721e-007	-0.009375
7.73221e-007	-0.010625
7.73721e-007	-0.01
7.74221e-007	-0.010625
7.74721e-007	-0.010625
7.75221e-007	-0.009375
7.75721e-007	-0.01
7.76221e-007	-0.010625
7.76721e-007	-0.010625
7.77221e-007	-0.01
7.77721e-007	-0.01125
7.78221e-007	-0.010625
7.78721e-007	-0.010625
7.79221e-007	-0.01
7.79721e-007	-0.010625
7.80221e-007	-0.01125
7.80721e-007	-0.009375
7.81221e-007	-0.009375
7.81721e-007	-0.01125
7.82221e-007	-0.009375
7.82721e-007	-0.008125
7.83221e-007	-0.00875
7.83721e-007	-0.009375
7.84221e-007	-0.009375
7.84721e-007	-0.01
7.85221e-007	-0.009375
7.85721e-007	-0.010625
7.86221e-007	-0.01
7.86721e-007	-0.010625
7.87221e-007	-0.010625
7.87721e-007	-0.01125
7.88221e-007	-0.01125
7.88721e-007	-0.010625
7.89221e-007	-0.01
7.89721e-007	-0.009375
7.90221e-007	-0.00875
7.90721e-007	-0.01
7.91221e-007	-0.01
7.91721e-007	-0.008125
7.92221e-007	-0.008125
7.92721e-007	-0.009375
7.93221e-007	-0.008125
7.93721e-007	-0.008125
7.94221e-007	-0.00875
7.94721e-007	-0.009375
7.95221e-007	-0.009375
7.95721e-007	-0.01
7.96221e-007	-0.01
7.96721e-007	-0.009375
7.97221e-007	-0.01
7.97721e-007	-0.009375
7.98221e-007	-0.009375
7.98721e-007	-0.010625
7.99221e-007	-0.010625
7.99721e-007	-0.008125
8.00221e-007	-0.009375
8.00721e-007	-0.01125
8.01221e-007	-0.008125
8.01721e-007	-0.008125
8.02221e-007	-0.00875
8.02721e-007	-0.00875
8.03221e-007	-0.01
8.03721e-007	-0.009375
8.04221e-007	-0.008125
8.04721e-007	-0.00875
8.05221e-007	-0.00875
8.05721e-007	-0.009375
8.06221e-007	-0.00875
8.06721e-007	-0.009375
8.07221e-007	-0.00875
8.07721e-007	-0.010625
8.08221e-007	-0.010625
8.08721e-007	-0.010625
8.09221e-007	-0.010625
8.09721e-007	-0.009375
8.10221e-007	-0.00875
8.10721e-007	-0.009375
8.11221e-007	-0.009375
8.11721e-007	-0.009375
8.12221e-007	-0.009375
8.12721e-007	-0.009375
8.13221e-007	-0.00875
8.13721e-007	-0.008125
8.14221e-007	-0.00875
8.14721e-007	-0.00875
8.15221e-007	-0.009375
8.15721e-007	-0.01
8.16221e-007	-0.00875
8.16721e-007	-0.009375
8.17221e-007	-0.00875
8.17721e-007	-0.00875
8.18221e-007	-0.010625
8.18721e-007	-0.009375
8.19221e-007	-0.008125
8.19721e-007	-0.00875
8.20221e-007	-0.00875
8.20721e-007	-0.008125
8.21221e-007	-0.009375
8.21721e-007	-0.01
8.22221e-007	-0.00875
8.22721e-007	-0.008125
8.23221e-007	-0.00875
8.23721e-007	-0.00875
8.24221e-007	-0.009375
8.24721e-007	-0.01
8.25221e-007	-0.00875
8.25721e-007	-0.0075
8.26221e-007	-0.00875
8.26721e-007	-0.00875
8.27221e-007	-0.0075
8.27721e-007	-0.008125
8.28221e-007	-0.008125
8.28721e-007	-0.008125
8.29221e-007	-0.00875
8.29721e-007	-0.008125
8.30221e-007	-0.008125
8.30721e-007	-0.010625
8.31221e-007	-0.010625
8.31721e-007	-0.01
8.32221e-007	-0.008125
8.32721e-007	-0.008125
8.33221e-007	-0.00875
8.33721e-007	-0.01
8.34221e-007	-0.010625
8.34721e-007	-0.009375
8.35221e-007	-0.008125
8.35721e-007	-0.009375
8.36221e-007	-0.009375
8.36721e-007	-0.00875
8.37221e-007	-0.008125
8.37721e-007	-0.008125
8.38221e-007	-0.0075
8.38721e-007	-0.00875
8.39221e-007	-0.00875
8.39721e-007	-0.00875
8.40221e-007	-0.006875
8.40721e-007	-0.0075
8.41221e-007	-0.01
8.41721e-007	-0.009375
8.42221e-007	-0.008125
8.42721e-007	-0.008125
8.43221e-007	-0.01
8.43721e-007	-0.01
8.44221e-007	-0.00875
8.44721e-007	-0.008125
8.45221e-007	-0.01
8.45721e-007	-0.010625
8.46221e-007	-0.008125
8.46721e-007	-0.0075
8.47221e-007	-0.008125
8.47721e-007	-0.009375
8.48221e-007	-0.008125
8.48721e-007	-0.008125
8.49221e-007	-0.00875
8.49721e-007	-0.00875
8.50221e-007	-0.0075
8.50721e-007	-0.008125
8.51221e-007	-0.00875
8.51721e-007	-0.008125
8.52221e-007	-0.0075
8.52721e-007	-0.006875
8.53221e-007	-0.0075
8.53721e-007	-0.008125
8.54221e-007	-0.00875
8.54721e-007	-0.01
8.55221e-007	-0.009375
8.55721e-007	-0.0075
8.56221e-007	-0.006875
8.56721e-007	-0.006875
8.57221e-007	-0.008125
8.57721e-007	-0.01
8.58221e-007	-0.009375
8.58721e-007	-0.00875
8.59221e-007	-0.0075
8.59721e-007	-0.0075
8.60221e-007	-0.008125
8.60721e-007	-0.0075
8.61221e-007	-0.00625
8.61721e-007	-0.008125
8.62221e-007	-0.008125
8.62721e-007	-0.006875
8.63221e-007	-0.00875
8.63721e-007	-0.008125
8.64221e-007	-0.0075
8.64721e-007	-0.006875
8.65221e-007	-0.00625
8.65721e-007	-0.008125
8.66221e-007	-0.009375
8.66721e-007	-0.00875
8.67221e-007	-0.0075
8.67721e-007	-0.00875
8.68221e-007	-0.009375
8.68721e-007	-0.009375
8.69221e-007	-0.008125
8.69721e-007	-0.008125
8.70221e-007	-0.008125
8.70721e-007	-0.006875
8.71221e-007	-0.006875
8.71721e-007	-0.00625
8.72221e-007	-0.006875
8.72721e-007	-0.0075
8.73221e-007	-0.005625
8.73721e-007	-0.005625
8.74221e-007	-0.006875
8.74721e-007	-0.006875
8.75221e-007	-0.008125
8.75721e-007	-0.008125
8.76221e-007	-0.0075
8.76721e-007	-0.008125
8.77221e-007	-0.008125
8.77721e-007	-0.008125
8.78221e-007	-0.008125
8.78721e-007	-0.008125
8.79221e-007	-0.00875
8.79721e-007	-0.01
8.80221e-007	-0.006875
8.80721e-007	-0.008125
8.81221e-007	-0.00875
8.81721e-007	-0.008125
8.82221e-007	-0.0075
8.82721e-007	-0.006875
8.83221e-007	-0.00625
8.83721e-007	-0.005625
8.84221e-007	-0.00625
8.84721e-007	-0.00625
8.85221e-007	-0.00625
8.85721e-007	-0.006875
8.86221e-007	-0.0075
8.86721e-007	-0.006875
8.87221e-007	-0.008125
8.87721e-007	-0.00875
8.88221e-007	-0.009375
8.88721e-007	-0.00875
8.89221e-007	-0.00875
8.89721e-007	-0.01
8.90221e-007	-0.008125
8.90721e-007	-0.008125
8.91221e-007	-0.006875
8.91721e-007	-0.006875
8.92221e-007	-0.006875
8.92721e-007	-0.00625
8.93221e-007	-0.0075
8.93721e-007	-0.005625
8.94221e-007	-0.004375
8.94721e-007	-0.006875
8.95221e-007	-0.00625
8.95721e-007	-0.005625
8.96221e-007	-0.00625
8.96721e-007	-0.0075
8.97221e-007	-0.00875
8.97721e-007	-0.006875
8.98221e-007	-0.008125
8.98721e-007	-0.008125
8.99221e-007	-0.009375
8.99721e-007	-0.009375
9.00221e-007	-0.0075
9.00721e-007	-0.008125
9.01221e-007	-0.008125
9.01721e-007	-0.008125
9.02221e-007	-0.0075
9.02721e-007	-0.0075
9.03221e-007	-0.006875
9.03721e-007	-0.006875
9.04221e-007	-0.00625
9.04721e-007	-0.005625
9.05221e-007	-0.005625
9.05721e-007	-0.006875
9.06221e-007	-0.00625
9.06721e-007	-0.00625
9.07221e-007	-0.00625
9.07721e-007	-0.00625
9.08221e-007	-0.006875
9.08721e-007	-0.006875
9.09221e-007	-0.006875
9.09721e-007	-0.008125
9.10221e-007	-0.008125
9.10721e-007	-0.008125
9.11221e-007	-0.00875
9.11721e-007	-0.0075
9.12221e-007	-0.009375
9.12721e-007	-0.00875
9.13221e-007	-0.008125
9.13721e-007	-0.006875
9.14221e-007	-0.005625
9.14721e-007	-0.005625
9.15221e-007	-0.00625
9.15721e-007	-0.00625
9.16221e-007	-0.005625
9.16721e-007	-0.005625
9.17221e-007	-0.00625
9.17721e-007	-0.005625
9.18221e-007	-0.00625
9.18721e-007	-0.006875
9.19221e-007	-0.0075
9.19721e-007	-0.006875
9.20221e-007	-0.008125
9.20721e-007	-0.008125
9.21221e-007	-0.006875
9.21721e-007	-0.0075
9.22221e-007	-0.008125
9.22721e-007	-0.0075
9.23221e-007	-0.00875
9.23721e-007	-0.008125
9.24221e-007	-0.00625
9.24721e-007	-0.005625
9.25221e-007	-0.00625
9.25721e-007	-0.00625
9.26221e-007	-0.00625
9.26721e-007	-0.005
9.27221e-007	-0.005
9.27721e-007	-0.006875
9.28221e-007	-0.00625
9.28721e-007	-0.00625
9.29221e-007	-0.00625
9.29721e-007	-0.00625
9.30221e-007	-0.00625
9.30721e-007	-0.005625
9.31221e-007	-0.00625
9.31721e-007	-0.006875
9.32221e-007	-0.006875
9.32721e-007	-0.006875
9.33221e-007	-0.008125
9.33721e-007	-0.0075
9.34221e-007	-0.00625
9.34721e-007	-0.008125
9.35221e-007	-0.008125
9.35721e-007	-0.006875
9.36221e-007	-0.005625
9.36721e-007	-0.005625
9.37221e-007	-0.006875
9.37721e-007	-0.004375
9.38221e-007	-0.005
9.38721e-007	-0.004375
9.39221e-007	-0.005
9.39721e-007	-0.005625
9.40221e-007	-0.00625
9.40721e-007	-0.004375
9.41221e-007	-0.00625
9.41721e-007	-0.0075
9.42221e-007	-0.008125
9.42721e-007	-0.006875
9.43221e-007	-0.0075
9.43721e-007	-0.006875
9.44221e-007	-0.0075
9.44721e-007	-0.008125
9.45221e-007	-0.006875
9.45721e-007	-0.006875
9.46221e-007	-0.006875
9.46721e-007	-0.005
9.47221e-007	-0.004375
9.47721e-007	-0.005625
9.48221e-007	-0.006875
9.48721e-007	-0.00625
9.49221e-007	-0.004375
9.49721e-007	-0.004375
9.50221e-007	-0.005
9.50721e-007	-0.005625
9.51221e-007	-0.005625
9.51721e-007	-0.006875
9.52221e-007	-0.006875
9.52721e-007	-0.006875
9.53221e-007	-0.0075
9.53721e-007	-0.006875
9.54221e-007	-0.006875
9.54721e-007	-0.0075
9.55221e-007	-0.006875
9.55721e-007	-0.00875
9.56221e-007	-0.00875
9.56721e-007	-0.00625
9.57221e-007	-0.005
9.57721e-007	-0.00625
9.58221e-007	-0.006875
9.58721e-007	-0.005
9.59221e-007	-0.004375
9.59721e-007	-0.005625
9.60221e-007	-0.005625
9.60721e-007	-0.00375
9.61221e-007	-0.005
9.61721e-007	-0.00625
9.62221e-007	-0.00625
9.62721e-007	-0.005
9.63221e-007	-0.005625
9.63721e-007	-0.006875
9.64221e-007	-0.006875
9.64721e-007	-0.00625
9.65221e-007	-0.00625
9.65721e-007	-0.006875
9.66221e-007	-0.006875
9.66721e-007	-0.006875
9.67221e-007	-0.006875
9.67721e-007	-0.00625
9.68221e-007	-0.0075
9.68721e-007	-0.00625
9.69221e-007	-0.005
9.69721e-007	-0.005
9.70221e-007	-0.00625
9.70721e-007	-0.00625
9.71221e-007	-0.005
9.71721e-007	-0.005
9.72221e-007	-0.005625
9.72721e-007	-0.005
9.73221e-007	-0.005625
9.73721e-007	-0.005625
9.74221e-007	-0.00625
9.74721e-007	-0.005625
9.75221e-007	-0.00625
9.75721e-007	-0.005625
9.76221e-007	-0.005
9.76721e-007	-0.005
9.77221e-007	-0.006875
9.77721e-007	-0.008125
9.78221e-007	-0.0075
9.78721e-007	-0.0075
9.79221e-007	-0.00625
9.79721e-007	-0.005
9.80221e-007	-0.005
9.80721e-007	-0.0075
9.81221e-007	-0.005625
9.81721e-007	-0.004375
9.82221e-007	-0.005625
9.82721e-007	-0.00375
9.83221e-007	-0.004375
9.83721e-007	-0.005
9.84221e-007	-0.005
9.84721e-007	-0.004375
9.85221e-007	-0.004375
9.85721e-007	-0.003125
9.86221e-007	-0.00375
9.86721e-007	-0.005
9.87221e-007	-0.006875
9.87721e-007	-0.006875
9.88221e-007	-0.006875
9.88721e-007	-0.005625
9.89221e-007	-0.00625
9.89721e-007	-0.006875
9.90221e-007	-0.005625
9.90721e-007	-0.005
9.91221e-007	-0.005625
9.91721e-007	-0.005
9.92221e-007	-0.0075
9.92721e-007	-0.005625
9.93221e-007	-0.00375
9.93721e-007	-0.005625
9.94221e-007	-0.005
9.94721e-007	-0.004375
9.95221e-007	-0.005
9.95721e-007	-0.00625
9.96221e-007	-0.004375
9.96721e-007	-0.004375
9.97221e-007	-0.00625
9.97721e-007	-0.005625
9.98221e-007	-0.005625
9.98721e-007	-0.00625
9.99221e-007	-0.006875
9.99721e-007	-0.00625
1.000221e-006	-0.005625
1.000721e-006	-0.005625
1.001221e-006	-0.006875
1.001721e-006	-0.00625
1.002221e-006	-0.005625
1.002721e-006	-0.004375
1.003221e-006	-0.005
1.003721e-006	-0.005
1.004221e-006	-0.004375
