LECROYWS454	16215	Waveform
Segments	1	SegmentSize	4002
Segment	TrigTime	TimeSinceSegment1
#1	29-Apr-2024 21:05:31	0                 
Time	Ampl
-9.96249e-007	0.000625
-9.95749e-007	-0.000625
-9.95249e-007	-0.000625
-9.94749e-007	0
-9.94249e-007	-0.000625
-9.93749e-007	-0.0025
-9.93249e-007	-0.00125
-9.92749e-007	0.000625
-9.92249e-007	0.000625
-9.91749e-007	-0.00125
-9.91249e-007	-0.001875
-9.90749e-007	-0.000625
-9.90249e-007	0.000625
-9.89749e-007	-0.00125
-9.89249e-007	-0.00125
-9.88749e-007	-0.00125
-9.88249e-007	-0.00125
-9.87749e-007	0
-9.87249e-007	0.000625
-9.86749e-007	-0.00125
-9.86249e-007	-0.00125
-9.85749e-007	-0.000625
-9.85249e-007	0
-9.84749e-007	-0.001875
-9.84249e-007	-0.001875
-9.83749e-007	0.000625
-9.83249e-007	-0.000625
-9.82749e-007	-0.001875
-9.82249e-007	-0.000625
-9.81749e-007	0
-9.81249e-007	0
-9.80749e-007	0.000625
-9.80249e-007	-0.00125
-9.79749e-007	-0.001875
-9.79249e-007	-0.00125
-9.78749e-007	-0.000625
-9.78249e-007	-0.000625
-9.77749e-007	-0.001875
-9.77249e-007	0
-9.76749e-007	0.00125
-9.76249e-007	0
-9.75749e-007	-0.000625
-9.75249e-007	-0.00125
-9.74749e-007	0
-9.74249e-007	0.000625
-9.73749e-007	-0.000625
-9.73249e-007	0.000625
-9.72749e-007	0.000625
-9.72249e-007	0
-9.71749e-007	0.000625
-9.71249e-007	0
-9.70749e-007	0
-9.70249e-007	0.000625
-9.69749e-007	-0.000625
-9.69249e-007	-0.001875
-9.68749e-007	-0.00125
-9.68249e-007	0.000625
-9.67749e-007	-0.00125
-9.67249e-007	-0.00125
-9.66749e-007	-0.001875
-9.66249e-007	-0.001875
-9.65749e-007	-0.00125
-9.65249e-007	0.000625
-9.64749e-007	0.000625
-9.64249e-007	0.000625
-9.63749e-007	-0.001875
-9.63249e-007	-0.00125
-9.62749e-007	0.000625
-9.62249e-007	0.000625
-9.61749e-007	-0.000625
-9.61249e-007	-0.000625
-9.60749e-007	0.000625
-9.60249e-007	0.000625
-9.59749e-007	0
-9.59249e-007	-0.000625
-9.58749e-007	-0.00125
-9.58249e-007	-0.000625
-9.57749e-007	-0.00125
-9.57249e-007	-0.00125
-9.56749e-007	-0.00125
-9.56249e-007	-0.001875
-9.55749e-007	-0.0025
-9.55249e-007	0
-9.54749e-007	0.000625
-9.54249e-007	-0.000625
-9.53749e-007	0
-9.53249e-007	0.000625
-9.52749e-007	0.001875
-9.52249e-007	-0.000625
-9.51749e-007	-0.000625
-9.51249e-007	-0.000625
-9.50749e-007	-0.00125
-9.50249e-007	-0.000625
-9.49749e-007	-0.000625
-9.49249e-007	0.000625
-9.48749e-007	0
-9.48249e-007	-0.000625
-9.47749e-007	-0.000625
-9.47249e-007	-0.001875
-9.46749e-007	0.000625
-9.46249e-007	-0.000625
-9.45749e-007	-0.001875
-9.45249e-007	-0.00125
-9.44749e-007	-0.00125
-9.44249e-007	-0.000625
-9.43749e-007	-0.00125
-9.43249e-007	-0.00125
-9.42749e-007	0
-9.42249e-007	0.00125
-9.41749e-007	-0.000625
-9.41249e-007	0
-9.40749e-007	0.000625
-9.40249e-007	-0.000625
-9.39749e-007	0
-9.39249e-007	0.000625
-9.38749e-007	0
-9.38249e-007	0
-9.37749e-007	-0.000625
-9.37249e-007	-0.00125
-9.36749e-007	-0.000625
-9.36249e-007	-0.00125
-9.35749e-007	-0.00125
-9.35249e-007	-0.001875
-9.34749e-007	-0.00125
-9.34249e-007	-0.00125
-9.33749e-007	-0.00125
-9.33249e-007	-0.000625
-9.32749e-007	0
-9.32249e-007	-0.000625
-9.31749e-007	-0.001875
-9.31249e-007	-0.000625
-9.30749e-007	0.000625
-9.30249e-007	0
-9.29749e-007	-0.000625
-9.29249e-007	0
-9.28749e-007	0
-9.28249e-007	-0.000625
-9.27749e-007	0
-9.27249e-007	0
-9.26749e-007	0
-9.26249e-007	0.000625
-9.25749e-007	-0.000625
-9.25249e-007	-0.001875
-9.24749e-007	-0.00125
-9.24249e-007	-0.00125
-9.23749e-007	-0.000625
-9.23249e-007	0
-9.22749e-007	0
-9.22249e-007	-0.00125
-9.21749e-007	0
-9.21249e-007	-0.000625
-9.20749e-007	0.000625
-9.20249e-007	0
-9.19749e-007	0
-9.19249e-007	0.00125
-9.18749e-007	0
-9.18249e-007	-0.00125
-9.17749e-007	-0.000625
-9.17249e-007	0
-9.16749e-007	0
-9.16249e-007	-0.000625
-9.15749e-007	-0.00125
-9.15249e-007	-0.00125
-9.14749e-007	-0.001875
-9.14249e-007	-0.001875
-9.13749e-007	-0.00125
-9.13249e-007	-0.00125
-9.12749e-007	-0.000625
-9.12249e-007	0.000625
-9.11749e-007	-0.00125
-9.11249e-007	-0.00125
-9.10749e-007	-0.000625
-9.10249e-007	0
-9.09749e-007	0
-9.09249e-007	0.000625
-9.08749e-007	0
-9.08249e-007	0
-9.07749e-007	0.00125
-9.07249e-007	0
-9.06749e-007	-0.00125
-9.06249e-007	0
-9.05749e-007	0
-9.05249e-007	-0.001875
-9.04749e-007	-0.000625
-9.04249e-007	-0.00125
-9.03749e-007	-0.00125
-9.03249e-007	-0.001875
-9.02749e-007	-0.00125
-9.02249e-007	-0.000625
-9.01749e-007	-0.00125
-9.01249e-007	-0.00125
-9.00749e-007	0
-9.00249e-007	0
-8.99749e-007	0.000625
-8.99249e-007	0.000625
-8.98749e-007	-0.000625
-8.98249e-007	-0.00125
-8.97749e-007	0
-8.97249e-007	0.00125
-8.96749e-007	-0.000625
-8.96249e-007	-0.00125
-8.95749e-007	-0.000625
-8.95249e-007	0.00125
-8.94749e-007	0
-8.94249e-007	-0.000625
-8.93749e-007	-0.001875
-8.93249e-007	-0.00125
-8.92749e-007	-0.00125
-8.92249e-007	-0.00125
-8.91749e-007	-0.001875
-8.91249e-007	-0.00125
-8.90749e-007	0
-8.90249e-007	-0.000625
-8.89749e-007	-0.00125
-8.89249e-007	0
-8.88749e-007	0
-8.88249e-007	-0.000625
-8.87749e-007	0.000625
-8.87249e-007	0.000625
-8.86749e-007	0.000625
-8.86249e-007	-0.000625
-8.85749e-007	-0.00125
-8.85249e-007	0.000625
-8.84749e-007	0
-8.84249e-007	-0.00125
-8.83749e-007	-0.001875
-8.83249e-007	-0.000625
-8.82749e-007	-0.00125
-8.82249e-007	-0.003125
-8.81749e-007	-0.001875
-8.81249e-007	-0.000625
-8.80749e-007	-0.000625
-8.80249e-007	0
-8.79749e-007	0.000625
-8.79249e-007	-0.00125
-8.78749e-007	-0.00125
-8.78249e-007	0.000625
-8.77749e-007	-0.000625
-8.77249e-007	0
-8.76749e-007	0.00125
-8.76249e-007	0.00125
-8.75749e-007	0.000625
-8.75249e-007	0.001875
-8.74749e-007	0.000625
-8.74249e-007	-0.00125
-8.73749e-007	-0.001875
-8.73249e-007	-0.000625
-8.72749e-007	0
-8.72249e-007	-0.000625
-8.71749e-007	-0.00125
-8.71249e-007	-0.001875
-8.70749e-007	-0.001875
-8.70249e-007	-0.001875
-8.69749e-007	-0.000625
-8.69249e-007	-0.000625
-8.68749e-007	-0.00125
-8.68249e-007	-0.00125
-8.67749e-007	0
-8.67249e-007	-0.000625
-8.66749e-007	-0.000625
-8.66249e-007	0
-8.65749e-007	-0.000625
-8.65249e-007	0
-8.64749e-007	0.00125
-8.64249e-007	0
-8.63749e-007	-0.001875
-8.63249e-007	-0.001875
-8.62749e-007	-0.00125
-8.62249e-007	-0.00125
-8.61749e-007	-0.000625
-8.61249e-007	-0.001875
-8.60749e-007	-0.000625
-8.60249e-007	-0.00125
-8.59749e-007	-0.00125
-8.59249e-007	-0.000625
-8.58749e-007	-0.000625
-8.58249e-007	-0.00125
-8.57749e-007	0.000625
-8.57249e-007	0.000625
-8.56749e-007	-0.000625
-8.56249e-007	0
-8.55749e-007	0.00125
-8.55249e-007	0
-8.54749e-007	-0.000625
-8.54249e-007	0.000625
-8.53749e-007	0
-8.53249e-007	-0.00125
-8.52749e-007	-0.000625
-8.52249e-007	0.000625
-8.51749e-007	-0.00125
-8.51249e-007	-0.001875
-8.50749e-007	-0.000625
-8.50249e-007	-0.000625
-8.49749e-007	0
-8.49249e-007	-0.000625
-8.48749e-007	-0.00125
-8.48249e-007	-0.000625
-8.47749e-007	0
-8.47249e-007	0
-8.46749e-007	0
-8.46249e-007	-0.000625
-8.45749e-007	-0.00125
-8.45249e-007	-0.00125
-8.44749e-007	0
-8.44249e-007	0.00125
-8.43749e-007	-0.001875
-8.43249e-007	-0.00125
-8.42749e-007	-0.000625
-8.42249e-007	0
-8.41749e-007	-0.000625
-8.41249e-007	-0.001875
-8.40749e-007	0
-8.40249e-007	0.000625
-8.39749e-007	-0.000625
-8.39249e-007	-0.000625
-8.38749e-007	0.000625
-8.38249e-007	-0.000625
-8.37749e-007	-0.001875
-8.37249e-007	0
-8.36749e-007	-0.000625
-8.36249e-007	-0.0025
-8.35749e-007	-0.001875
-8.35249e-007	-0.000625
-8.34749e-007	-0.00125
-8.34249e-007	-0.001875
-8.33749e-007	-0.00125
-8.33249e-007	-0.000625
-8.32749e-007	-0.000625
-8.32249e-007	-0.000625
-8.31749e-007	0.000625
-8.31249e-007	0
-8.30749e-007	-0.000625
-8.30249e-007	0.000625
-8.29749e-007	0
-8.29249e-007	-0.000625
-8.28749e-007	0.000625
-8.28249e-007	-0.000625
-8.27749e-007	-0.00125
-8.27249e-007	-0.000625
-8.26749e-007	-0.00125
-8.26249e-007	-0.001875
-8.25749e-007	-0.0025
-8.25249e-007	-0.001875
-8.24749e-007	-0.00125
-8.24249e-007	-0.001875
-8.23749e-007	-0.0025
-8.23249e-007	-0.001875
-8.22749e-007	0
-8.22249e-007	0.000625
-8.21749e-007	0.000625
-8.21249e-007	0
-8.20749e-007	-0.000625
-8.20249e-007	0.000625
-8.19749e-007	0
-8.19249e-007	0
-8.18749e-007	-0.000625
-8.18249e-007	-0.00125
-8.17749e-007	-0.00125
-8.17249e-007	-0.00125
-8.16749e-007	0
-8.16249e-007	-0.000625
-8.15749e-007	-0.001875
-8.15249e-007	-0.00125
-8.14749e-007	-0.000625
-8.14249e-007	-0.001875
-8.13749e-007	-0.003125
-8.13249e-007	-0.003125
-8.12749e-007	-0.00125
-8.12249e-007	-0.000625
-8.11749e-007	-0.000625
-8.11249e-007	0
-8.10749e-007	0.000625
-8.10249e-007	0.00125
-8.09749e-007	-0.00125
-8.09249e-007	0.000625
-8.08749e-007	0.001875
-8.08249e-007	0
-8.07749e-007	0
-8.07249e-007	-0.000625
-8.06749e-007	-0.000625
-8.06249e-007	0.000625
-8.05749e-007	-0.00125
-8.05249e-007	-0.001875
-8.04749e-007	-0.0025
-8.04249e-007	-0.00125
-8.03749e-007	-0.00125
-8.03249e-007	-0.00125
-8.02749e-007	-0.000625
-8.02249e-007	-0.000625
-8.01749e-007	-0.000625
-8.01249e-007	-0.000625
-8.00749e-007	0
-8.00249e-007	0.001875
-7.99749e-007	0.001875
-7.99249e-007	0.000625
-7.98749e-007	0
-7.98249e-007	-0.000625
-7.97749e-007	-0.00125
-7.97249e-007	-0.000625
-7.96749e-007	0
-7.96249e-007	-0.00125
-7.95749e-007	-0.00125
-7.95249e-007	0
-7.94749e-007	-0.001875
-7.94249e-007	-0.00125
-7.93749e-007	-0.000625
-7.93249e-007	-0.000625
-7.92749e-007	-0.0025
-7.92249e-007	-0.001875
-7.91749e-007	0
-7.91249e-007	-0.000625
-7.90749e-007	0
-7.90249e-007	-0.000625
-7.89749e-007	-0.000625
-7.89249e-007	-0.000625
-7.88749e-007	-0.00125
-7.88249e-007	0
-7.87749e-007	0.000625
-7.87249e-007	0
-7.86749e-007	0
-7.86249e-007	-0.000625
-7.85749e-007	0
-7.85249e-007	-0.000625
-7.84749e-007	-0.00125
-7.84249e-007	-0.00125
-7.83749e-007	-0.000625
-7.83249e-007	-0.000625
-7.82749e-007	-0.00125
-7.82249e-007	-0.00125
-7.81749e-007	-0.000625
-7.81249e-007	-0.00125
-7.80749e-007	-0.00125
-7.80249e-007	-0.000625
-7.79749e-007	-0.000625
-7.79249e-007	-0.00125
-7.78749e-007	-0.000625
-7.78249e-007	-0.000625
-7.77749e-007	0.000625
-7.77249e-007	0.00125
-7.76749e-007	-0.000625
-7.76249e-007	0.000625
-7.75749e-007	0.000625
-7.75249e-007	-0.000625
-7.74749e-007	0
-7.74249e-007	0
-7.73749e-007	-0.00125
-7.73249e-007	-0.000625
-7.72749e-007	0
-7.72249e-007	0.000625
-7.71749e-007	-0.00125
-7.71249e-007	-0.000625
-7.70749e-007	-0.00125
-7.70249e-007	0
-7.69749e-007	-0.000625
-7.69249e-007	-0.00125
-7.68749e-007	-0.000625
-7.68249e-007	-0.000625
-7.67749e-007	-0.000625
-7.67249e-007	0
-7.66749e-007	0
-7.66249e-007	0
-7.65749e-007	0.000625
-7.65249e-007	0.00125
-7.64749e-007	-0.000625
-7.64249e-007	0.000625
-7.63749e-007	0.001875
-7.63249e-007	-0.000625
-7.62749e-007	-0.001875
-7.62249e-007	-0.000625
-7.61749e-007	-0.000625
-7.61249e-007	-0.001875
-7.60749e-007	-0.000625
-7.60249e-007	-0.00125
-7.59749e-007	-0.003125
-7.59249e-007	-0.001875
-7.58749e-007	0
-7.58249e-007	-0.000625
-7.57749e-007	-0.00125
-7.57249e-007	-0.000625
-7.56749e-007	0
-7.56249e-007	0.000625
-7.55749e-007	-0.000625
-7.55249e-007	0.00125
-7.54749e-007	0.000625
-7.54249e-007	0
-7.53749e-007	0
-7.53249e-007	0
-7.52749e-007	-0.00125
-7.52249e-007	-0.000625
-7.51749e-007	-0.000625
-7.51249e-007	-0.00125
-7.50749e-007	-0.00125
-7.50249e-007	-0.000625
-7.49749e-007	-0.001875
-7.49249e-007	-0.0025
-7.48749e-007	-0.00125
-7.48249e-007	-0.00125
-7.47749e-007	-0.001875
-7.47249e-007	-0.000625
-7.46749e-007	0.000625
-7.46249e-007	0
-7.45749e-007	-0.000625
-7.45249e-007	-0.000625
-7.44749e-007	0
-7.44249e-007	0
-7.43749e-007	0
-7.43249e-007	0.000625
-7.42749e-007	0
-7.42249e-007	-0.000625
-7.41749e-007	-0.00125
-7.41249e-007	-0.000625
-7.40749e-007	0
-7.40249e-007	-0.001875
-7.39749e-007	-0.00125
-7.39249e-007	-0.000625
-7.38749e-007	-0.001875
-7.38249e-007	-0.001875
-7.37749e-007	-0.000625
-7.37249e-007	-0.00125
-7.36749e-007	-0.001875
-7.36249e-007	-0.001875
-7.35749e-007	-0.000625
-7.35249e-007	-0.00125
-7.34749e-007	0
-7.34249e-007	0.00125
-7.33749e-007	0
-7.33249e-007	-0.00125
-7.32749e-007	-0.00125
-7.32249e-007	-0.00125
-7.31749e-007	0
-7.31249e-007	0.000625
-7.30749e-007	0
-7.30249e-007	-0.001875
-7.29749e-007	-0.001875
-7.29249e-007	0
-7.28749e-007	0
-7.28249e-007	0.000625
-7.27749e-007	0.000625
-7.27249e-007	-0.000625
-7.26749e-007	-0.001875
-7.26249e-007	-0.003125
-7.25749e-007	-0.003125
-7.25249e-007	0.000625
-7.24749e-007	0
-7.24249e-007	-0.001875
-7.23749e-007	-0.001875
-7.23249e-007	-0.000625
-7.22749e-007	0
-7.22249e-007	0.000625
-7.21749e-007	-0.00125
-7.21249e-007	-0.000625
-7.20749e-007	0
-7.20249e-007	0.000625
-7.19749e-007	0.000625
-7.19249e-007	0
-7.18749e-007	0.000625
-7.18249e-007	-0.000625
-7.17749e-007	-0.00125
-7.17249e-007	-0.000625
-7.16749e-007	0.000625
-7.16249e-007	-0.000625
-7.15749e-007	-0.00125
-7.15249e-007	-0.000625
-7.14749e-007	-0.001875
-7.14249e-007	-0.00125
-7.13749e-007	-0.001875
-7.13249e-007	-0.001875
-7.12749e-007	-0.000625
-7.12249e-007	-0.001875
-7.11749e-007	-0.001875
-7.11249e-007	0
-7.10749e-007	0
-7.10249e-007	0
-7.09749e-007	-0.000625
-7.09249e-007	0
-7.08749e-007	0.000625
-7.08249e-007	-0.00125
-7.07749e-007	-0.000625
-7.07249e-007	0.00125
-7.06749e-007	0.00125
-7.06249e-007	-0.001875
-7.05749e-007	-0.001875
-7.05249e-007	-0.000625
-7.04749e-007	-0.000625
-7.04249e-007	-0.000625
-7.03749e-007	0.000625
-7.03249e-007	-0.00125
-7.02749e-007	-0.0025
-7.02249e-007	-0.001875
-7.01749e-007	-0.000625
-7.01249e-007	-0.000625
-7.00749e-007	-0.000625
-7.00249e-007	-0.000625
-6.99749e-007	-0.00125
-6.99249e-007	0
-6.98749e-007	0.000625
-6.98249e-007	0.000625
-6.97749e-007	-0.00125
-6.97249e-007	-0.000625
-6.96749e-007	0.000625
-6.96249e-007	-0.000625
-6.95749e-007	-0.00125
-6.95249e-007	-0.000625
-6.94749e-007	-0.001875
-6.94249e-007	-0.00125
-6.93749e-007	-0.000625
-6.93249e-007	-0.001875
-6.92749e-007	-0.001875
-6.92249e-007	-0.001875
-6.91749e-007	-0.000625
-6.91249e-007	-0.000625
-6.90749e-007	-0.00125
-6.90249e-007	-0.00125
-6.89749e-007	0
-6.89249e-007	0.000625
-6.88749e-007	0.000625
-6.88249e-007	-0.000625
-6.87749e-007	-0.000625
-6.87249e-007	0.000625
-6.86749e-007	0.001875
-6.86249e-007	0
-6.85749e-007	-0.00125
-6.85249e-007	-0.000625
-6.84749e-007	-0.000625
-6.84249e-007	-0.00125
-6.83749e-007	-0.001875
-6.83249e-007	-0.00125
-6.82749e-007	0
-6.82249e-007	-0.00125
-6.81749e-007	-0.0025
-6.81249e-007	-0.001875
-6.80749e-007	-0.00125
-6.80249e-007	-0.000625
-6.79749e-007	0.000625
-6.79249e-007	0.000625
-6.78749e-007	-0.000625
-6.78249e-007	-0.000625
-6.77749e-007	0
-6.77249e-007	0.00125
-6.76749e-007	0
-6.76249e-007	0.000625
-6.75749e-007	0.00125
-6.75249e-007	0.000625
-6.74749e-007	-0.000625
-6.74249e-007	0
-6.73749e-007	0
-6.73249e-007	-0.001875
-6.72749e-007	-0.00125
-6.72249e-007	-0.001875
-6.71749e-007	-0.000625
-6.71249e-007	-0.001875
-6.70749e-007	-0.001875
-6.70249e-007	-0.000625
-6.69749e-007	-0.000625
-6.69249e-007	-0.00125
-6.68749e-007	-0.00125
-6.68249e-007	-0.000625
-6.67749e-007	-0.000625
-6.67249e-007	-0.00125
-6.66749e-007	-0.000625
-6.66249e-007	0.00125
-6.65749e-007	0.000625
-6.65249e-007	0.000625
-6.64749e-007	0.000625
-6.64249e-007	0
-6.63749e-007	-0.000625
-6.63249e-007	0.000625
-6.62749e-007	0
-6.62249e-007	-0.00125
-6.61749e-007	-0.00125
-6.61249e-007	-0.00125
-6.60749e-007	-0.00125
-6.60249e-007	-0.000625
-6.59749e-007	0.000625
-6.59249e-007	-0.000625
-6.58749e-007	-0.00125
-6.58249e-007	-0.000625
-6.57749e-007	0
-6.57249e-007	-0.001875
-6.56749e-007	-0.00125
-6.56249e-007	-0.000625
-6.55749e-007	-0.000625
-6.55249e-007	0.000625
-6.54749e-007	0
-6.54249e-007	0.000625
-6.53749e-007	0.000625
-6.53249e-007	0
-6.52749e-007	0.00125
-6.52249e-007	0.000625
-6.51749e-007	-0.00125
-6.51249e-007	-0.00125
-6.50749e-007	0.000625
-6.50249e-007	-0.000625
-6.49749e-007	-0.001875
-6.49249e-007	0
-6.48749e-007	-0.000625
-6.48249e-007	-0.0025
-6.47749e-007	-0.001875
-6.47249e-007	-0.000625
-6.46749e-007	-0.001875
-6.46249e-007	-0.000625
-6.45749e-007	0.00125
-6.45249e-007	0.000625
-6.44749e-007	0
-6.44249e-007	0
-6.43749e-007	0.00125
-6.43249e-007	-0.000625
-6.42749e-007	-0.000625
-6.42249e-007	0.000625
-6.41749e-007	0.000625
-6.41249e-007	-0.000625
-6.40749e-007	-0.00125
-6.40249e-007	-0.000625
-6.39749e-007	-0.000625
-6.39249e-007	-0.00125
-6.38749e-007	0
-6.38249e-007	-0.000625
-6.37749e-007	-0.00125
-6.37249e-007	-0.00125
-6.36749e-007	-0.000625
-6.36249e-007	-0.000625
-6.35749e-007	-0.00125
-6.35249e-007	0
-6.34749e-007	0.00125
-6.34249e-007	0
-6.33749e-007	-0.000625
-6.33249e-007	0.000625
-6.32749e-007	0.000625
-6.32249e-007	0
-6.31749e-007	0.00125
-6.31249e-007	0.00125
-6.30749e-007	-0.00125
-6.30249e-007	-0.001875
-6.29749e-007	-0.00125
-6.29249e-007	0
-6.28749e-007	-0.000625
-6.28249e-007	-0.001875
-6.27749e-007	-0.001875
-6.27249e-007	-0.00125
-6.26749e-007	0
-6.26249e-007	-0.000625
-6.25749e-007	-0.00125
-6.25249e-007	0
-6.24749e-007	-0.00125
-6.24249e-007	-0.000625
-6.23749e-007	0.000625
-6.23249e-007	-0.00125
-6.22749e-007	-0.000625
-6.22249e-007	-0.00125
-6.21749e-007	-0.000625
-6.21249e-007	0.00125
-6.20749e-007	0.000625
-6.20249e-007	-0.001875
-6.19749e-007	0
-6.19249e-007	0.000625
-6.18749e-007	0
-6.18249e-007	0.000625
-6.17749e-007	-0.000625
-6.17249e-007	-0.000625
-6.16749e-007	-0.00125
-6.16249e-007	-0.00125
-6.15749e-007	0.000625
-6.15249e-007	-0.000625
-6.14749e-007	-0.001875
-6.14249e-007	0
-6.13749e-007	0.00125
-6.13249e-007	-0.000625
-6.12749e-007	-0.00125
-6.12249e-007	-0.00125
-6.11749e-007	0
-6.11249e-007	0
-6.10749e-007	0
-6.10249e-007	0.000625
-6.09749e-007	-0.00125
-6.09249e-007	-0.00125
-6.08749e-007	-0.000625
-6.08249e-007	-0.0025
-6.07749e-007	-0.000625
-6.07249e-007	0
-6.06749e-007	-0.001875
-6.06249e-007	0
-6.05749e-007	-0.000625
-6.05249e-007	-0.000625
-6.04749e-007	-0.000625
-6.04249e-007	-0.00125
-6.03749e-007	0.000625
-6.03249e-007	0
-6.02749e-007	-0.0025
-6.02249e-007	-0.000625
-6.01749e-007	-0.000625
-6.01249e-007	-0.00125
-6.00749e-007	-0.00125
-6.00249e-007	-0.000625
-5.99749e-007	0
-5.99249e-007	0.000625
-5.98749e-007	-0.000625
-5.98249e-007	-0.000625
-5.97749e-007	0
-5.97249e-007	0
-5.96749e-007	0.00125
-5.96249e-007	0
-5.95749e-007	-0.001875
-5.95249e-007	-0.00125
-5.94749e-007	0
-5.94249e-007	0
-5.93749e-007	-0.000625
-5.93249e-007	-0.001875
-5.92749e-007	-0.000625
-5.92249e-007	0.00125
-5.91749e-007	-0.000625
-5.91249e-007	-0.0025
-5.90749e-007	-0.001875
-5.90249e-007	-0.001875
-5.89749e-007	-0.000625
-5.89249e-007	0.000625
-5.88749e-007	-0.000625
-5.88249e-007	-0.00125
-5.87749e-007	-0.001875
-5.87249e-007	-0.000625
-5.86749e-007	-0.000625
-5.86249e-007	-0.00125
-5.85749e-007	-0.000625
-5.85249e-007	0.000625
-5.84749e-007	-0.000625
-5.84249e-007	-0.00125
-5.83749e-007	0
-5.83249e-007	-0.000625
-5.82749e-007	-0.001875
-5.82249e-007	-0.00125
-5.81749e-007	-0.000625
-5.81249e-007	0.001875
-5.80749e-007	0.000625
-5.80249e-007	-0.001875
-5.79749e-007	-0.003125
-5.79249e-007	-0.00125
-5.78749e-007	0.000625
-5.78249e-007	-0.000625
-5.77749e-007	-0.000625
-5.77249e-007	-0.000625
-5.76749e-007	0
-5.76249e-007	0
-5.75749e-007	-0.000625
-5.75249e-007	-0.00125
-5.74749e-007	0
-5.74249e-007	0.000625
-5.73749e-007	0.00125
-5.73249e-007	0.000625
-5.72749e-007	-0.000625
-5.72249e-007	-0.00125
-5.71749e-007	-0.000625
-5.71249e-007	-0.000625
-5.70749e-007	-0.000625
-5.70249e-007	0
-5.69749e-007	0
-5.69249e-007	-0.00125
-5.68749e-007	-0.001875
-5.68249e-007	-0.00125
-5.67749e-007	-0.00125
-5.67249e-007	-0.001875
-5.66749e-007	0
-5.66249e-007	0
-5.65749e-007	-0.00125
-5.65249e-007	-0.00125
-5.64749e-007	0
-5.64249e-007	0
-5.63749e-007	0.000625
-5.63249e-007	-0.000625
-5.62749e-007	-0.000625
-5.62249e-007	0
-5.61749e-007	0.000625
-5.61249e-007	-0.001875
-5.60749e-007	-0.001875
-5.60249e-007	0
-5.59749e-007	0.000625
-5.59249e-007	0
-5.58749e-007	-0.00125
-5.58249e-007	0.000625
-5.57749e-007	0
-5.57249e-007	-0.001875
-5.56749e-007	-0.00125
-5.56249e-007	-0.00125
-5.55749e-007	-0.001875
-5.55249e-007	-0.000625
-5.54749e-007	-0.000625
-5.54249e-007	0
-5.53749e-007	-0.000625
-5.53249e-007	-0.00125
-5.52749e-007	-0.00125
-5.52249e-007	0
-5.51749e-007	0.00125
-5.51249e-007	0.000625
-5.50749e-007	-0.00125
-5.50249e-007	-0.00125
-5.49749e-007	-0.000625
-5.49249e-007	-0.000625
-5.48749e-007	-0.000625
-5.48249e-007	-0.00125
-5.47749e-007	-0.000625
-5.47249e-007	0.000625
-5.46749e-007	-0.000625
-5.46249e-007	-0.00125
-5.45749e-007	0
-5.45249e-007	-0.00125
-5.44749e-007	-0.001875
-5.44249e-007	-0.000625
-5.43749e-007	-0.000625
-5.43249e-007	0.000625
-5.42749e-007	0
-5.42249e-007	-0.000625
-5.41749e-007	0
-5.41249e-007	0.000625
-5.40749e-007	0.00125
-5.40249e-007	-0.00125
-5.39749e-007	-0.001875
-5.39249e-007	0
-5.38749e-007	-0.00125
-5.38249e-007	-0.000625
-5.37749e-007	-0.00125
-5.37249e-007	-0.0025
-5.36749e-007	-0.00125
-5.36249e-007	0.000625
-5.35749e-007	0.000625
-5.35249e-007	0.000625
-5.34749e-007	-0.00125
-5.34249e-007	-0.001875
-5.33749e-007	0
-5.33249e-007	0.000625
-5.32749e-007	0
-5.32249e-007	-0.000625
-5.31749e-007	-0.001875
-5.31249e-007	-0.000625
-5.30749e-007	-0.000625
-5.30249e-007	-0.001875
-5.29749e-007	0
-5.29249e-007	0
-5.28749e-007	-0.00125
-5.28249e-007	0
-5.27749e-007	-0.000625
-5.27249e-007	-0.00125
-5.26749e-007	-0.000625
-5.26249e-007	-0.000625
-5.25749e-007	-0.00125
-5.25249e-007	-0.001875
-5.24749e-007	-0.00125
-5.24249e-007	-0.001875
-5.23749e-007	-0.000625
-5.23249e-007	0.00125
-5.22749e-007	0.000625
-5.22249e-007	-0.00125
-5.21749e-007	-0.001875
-5.21249e-007	-0.000625
-5.20749e-007	0
-5.20249e-007	0
-5.19749e-007	0.000625
-5.19249e-007	0.00125
-5.18749e-007	0
-5.18249e-007	-0.0025
-5.17749e-007	-0.00125
-5.17249e-007	0.000625
-5.16749e-007	-0.000625
-5.16249e-007	-0.00125
-5.15749e-007	-0.000625
-5.15249e-007	0.000625
-5.14749e-007	0.000625
-5.14249e-007	-0.00125
-5.13749e-007	-0.001875
-5.13249e-007	0
-5.12749e-007	-0.000625
-5.12249e-007	-0.000625
-5.11749e-007	0
-5.11249e-007	0.000625
-5.10749e-007	0.000625
-5.10249e-007	0.000625
-5.09749e-007	-0.00125
-5.09249e-007	-0.00125
-5.08749e-007	-0.001875
-5.08249e-007	-0.00125
-5.07749e-007	-0.001875
-5.07249e-007	-0.001875
-5.06749e-007	-0.000625
-5.06249e-007	0.000625
-5.05749e-007	-0.000625
-5.05249e-007	-0.000625
-5.04749e-007	0
-5.04249e-007	-0.000625
-5.03749e-007	-0.00125
-5.03249e-007	0
-5.02749e-007	0
-5.02249e-007	-0.000625
-5.01749e-007	0
-5.01249e-007	0.000625
-5.00749e-007	0
-5.00249e-007	-0.000625
-4.99749e-007	-0.000625
-4.99249e-007	-0.00125
-4.98749e-007	-0.001875
-4.98249e-007	-0.000625
-4.97749e-007	-0.00125
-4.97249e-007	-0.001875
-4.96749e-007	-0.00125
-4.96249e-007	0.000625
-4.95749e-007	0.000625
-4.95249e-007	0
-4.94749e-007	0
-4.94249e-007	0
-4.93749e-007	-0.000625
-4.93249e-007	0
-4.92749e-007	0.00125
-4.92249e-007	-0.000625
-4.91749e-007	-0.000625
-4.91249e-007	0.00125
-4.90749e-007	0.000625
-4.90249e-007	0
-4.89749e-007	-0.000625
-4.89249e-007	-0.00125
-4.88749e-007	-0.00125
-4.88249e-007	-0.001875
-4.87749e-007	-0.00125
-4.87249e-007	0
-4.86749e-007	-0.00125
-4.86249e-007	-0.00125
-4.85749e-007	-0.001875
-4.85249e-007	-0.001875
-4.84749e-007	-0.000625
-4.84249e-007	-0.000625
-4.83749e-007	-0.00125
-4.83249e-007	0
-4.82749e-007	0
-4.82249e-007	0
-4.81749e-007	0
-4.81249e-007	-0.000625
-4.80749e-007	-0.000625
-4.80249e-007	0
-4.79749e-007	0
-4.79249e-007	-0.000625
-4.78749e-007	-0.00125
-4.78249e-007	-0.000625
-4.77749e-007	-0.000625
-4.77249e-007	-0.001875
-4.76749e-007	-0.00125
-4.76249e-007	-0.00125
-4.75749e-007	-0.001875
-4.75249e-007	-0.00125
-4.74749e-007	-0.000625
-4.74249e-007	-0.001875
-4.73749e-007	-0.00125
-4.73249e-007	-0.000625
-4.72749e-007	0.000625
-4.72249e-007	0.001875
-4.71749e-007	-0.000625
-4.71249e-007	-0.001875
-4.70749e-007	0
-4.70249e-007	0.000625
-4.69749e-007	0.000625
-4.69249e-007	-0.000625
-4.68749e-007	0.000625
-4.68249e-007	0.000625
-4.67749e-007	-0.001875
-4.67249e-007	-0.001875
-4.66749e-007	0
-4.66249e-007	-0.000625
-4.65749e-007	-0.00125
-4.65249e-007	-0.000625
-4.64749e-007	-0.00125
-4.64249e-007	-0.00125
-4.63749e-007	-0.00125
-4.63249e-007	0
-4.62749e-007	0.000625
-4.62249e-007	-0.000625
-4.61749e-007	-0.001875
-4.61249e-007	-0.000625
-4.60749e-007	0.000625
-4.60249e-007	0.00125
-4.59749e-007	0.000625
-4.59249e-007	0.00125
-4.58749e-007	0
-4.58249e-007	-0.001875
-4.57749e-007	-0.000625
-4.57249e-007	0.00125
-4.56749e-007	-0.000625
-4.56249e-007	-0.0025
-4.55749e-007	-0.000625
-4.55249e-007	0.00125
-4.54749e-007	-0.00125
-4.54249e-007	-0.0025
-4.53749e-007	-0.001875
-4.53249e-007	-0.000625
-4.52749e-007	0
-4.52249e-007	-0.00125
-4.51749e-007	-0.00125
-4.51249e-007	-0.000625
-4.50749e-007	0.000625
-4.50249e-007	0.000625
-4.49749e-007	0
-4.49249e-007	-0.00125
-4.48749e-007	-0.00125
-4.48249e-007	0.000625
-4.47749e-007	0
-4.47249e-007	-0.000625
-4.46749e-007	-0.000625
-4.46249e-007	-0.000625
-4.45749e-007	-0.00125
-4.45249e-007	-0.00125
-4.44749e-007	-0.000625
-4.44249e-007	-0.000625
-4.43749e-007	-0.00125
-4.43249e-007	-0.001875
-4.42749e-007	-0.001875
-4.42249e-007	-0.001875
-4.41749e-007	-0.001875
-4.41249e-007	-0.00125
-4.40749e-007	-0.001875
-4.40249e-007	-0.001875
-4.39749e-007	0
-4.39249e-007	0.000625
-4.38749e-007	0.000625
-4.38249e-007	0
-4.37749e-007	-0.00125
-4.37249e-007	-0.000625
-4.36749e-007	-0.000625
-4.36249e-007	-0.000625
-4.35749e-007	0.000625
-4.35249e-007	0
-4.34749e-007	-0.00125
-4.34249e-007	-0.001875
-4.33749e-007	-0.00125
-4.33249e-007	0.000625
-4.32749e-007	0
-4.32249e-007	-0.001875
-4.31749e-007	-0.001875
-4.31249e-007	-0.000625
-4.30749e-007	-0.00125
-4.30249e-007	-0.00125
-4.29749e-007	0
-4.29249e-007	0
-4.28749e-007	0
-4.28249e-007	0.000625
-4.27749e-007	-0.00125
-4.27249e-007	0
-4.26749e-007	0.000625
-4.26249e-007	-0.00125
-4.25749e-007	-0.000625
-4.25249e-007	0.000625
-4.24749e-007	0
-4.24249e-007	0.00125
-4.23749e-007	-0.00125
-4.23249e-007	-0.00125
-4.22749e-007	0
-4.22249e-007	-0.000625
-4.21749e-007	-0.000625
-4.21249e-007	-0.00125
-4.20749e-007	-0.00125
-4.20249e-007	0
-4.19749e-007	-0.001875
-4.19249e-007	-0.001875
-4.18749e-007	-0.000625
-4.18249e-007	-0.000625
-4.17749e-007	0.000625
-4.17249e-007	-0.000625
-4.16749e-007	-0.000625
-4.16249e-007	-0.00125
-4.15749e-007	0.000625
-4.15249e-007	0.000625
-4.14749e-007	0
-4.14249e-007	-0.000625
-4.13749e-007	-0.00125
-4.13249e-007	-0.000625
-4.12749e-007	0
-4.12249e-007	0.00125
-4.11749e-007	0
-4.11249e-007	-0.001875
-4.10749e-007	-0.0025
-4.10249e-007	-0.001875
-4.09749e-007	-0.001875
-4.09249e-007	-0.000625
-4.08749e-007	-0.00125
-4.08249e-007	-0.000625
-4.07749e-007	-0.000625
-4.07249e-007	0
-4.06749e-007	-0.000625
-4.06249e-007	-0.001875
-4.05749e-007	-0.00125
-4.05249e-007	-0.000625
-4.04749e-007	0.000625
-4.04249e-007	0.000625
-4.03749e-007	-0.00125
-4.03249e-007	-0.000625
-4.02749e-007	0
-4.02249e-007	0
-4.01749e-007	0.000625
-4.01249e-007	0.000625
-4.00749e-007	0.000625
-4.00249e-007	-0.0025
-3.99749e-007	-0.0025
-3.99249e-007	-0.00125
-3.98749e-007	-0.001875
-3.98249e-007	-0.00125
-3.97749e-007	-0.00125
-3.97249e-007	-0.00125
-3.96749e-007	-0.001875
-3.96249e-007	-0.00125
-3.95749e-007	-0.00125
-3.95249e-007	-0.001875
-3.94749e-007	0
-3.94249e-007	-0.000625
-3.93749e-007	-0.000625
-3.93249e-007	0.000625
-3.92749e-007	0.001875
-3.92249e-007	0.00125
-3.91749e-007	-0.000625
-3.91249e-007	-0.00125
-3.90749e-007	0
-3.90249e-007	-0.000625
-3.89749e-007	-0.00125
-3.89249e-007	-0.001875
-3.88749e-007	-0.000625
-3.88249e-007	-0.000625
-3.87749e-007	-0.001875
-3.87249e-007	0
-3.86749e-007	0
-3.86249e-007	-0.00125
-3.85749e-007	-0.000625
-3.85249e-007	0.000625
-3.84749e-007	-0.000625
-3.84249e-007	-0.0025
-3.83749e-007	-0.001875
-3.83249e-007	0.000625
-3.82749e-007	0.00125
-3.82249e-007	0.000625
-3.81749e-007	0
-3.81249e-007	0
-3.80749e-007	0.000625
-3.80249e-007	-0.000625
-3.79749e-007	0.000625
-3.79249e-007	0
-3.78749e-007	-0.00125
-3.78249e-007	-0.00125
-3.77749e-007	-0.000625
-3.77249e-007	-0.000625
-3.76749e-007	-0.00125
-3.76249e-007	-0.001875
-3.75749e-007	-0.001875
-3.75249e-007	-0.001875
-3.74749e-007	-0.001875
-3.74249e-007	-0.000625
-3.73749e-007	-0.00125
-3.73249e-007	-0.00125
-3.72749e-007	-0.00125
-3.72249e-007	-0.000625
-3.71749e-007	-0.00125
-3.71249e-007	0
-3.70749e-007	0.001875
-3.70249e-007	0.000625
-3.69749e-007	0.00125
-3.69249e-007	0.000625
-3.68749e-007	0.000625
-3.68249e-007	0.000625
-3.67749e-007	-0.000625
-3.67249e-007	-0.000625
-3.66749e-007	-0.00125
-3.66249e-007	-0.0025
-3.65749e-007	-0.003125
-3.65249e-007	-0.00125
-3.64749e-007	-0.001875
-3.64249e-007	-0.000625
-3.63749e-007	-0.00125
-3.63249e-007	-0.00125
-3.62749e-007	-0.000625
-3.62249e-007	0.000625
-3.61749e-007	0.000625
-3.61249e-007	0.00125
-3.60749e-007	0
-3.60249e-007	0.00125
-3.59749e-007	0.001875
-3.59249e-007	0.000625
-3.58749e-007	-0.000625
-3.58249e-007	0.000625
-3.57749e-007	0.00125
-3.57249e-007	-0.000625
-3.56749e-007	-0.00125
-3.56249e-007	-0.00125
-3.55749e-007	-0.000625
-3.55249e-007	-0.001875
-3.54749e-007	-0.001875
-3.54249e-007	-0.00125
-3.53749e-007	-0.000625
-3.53249e-007	-0.00125
-3.52749e-007	-0.00125
-3.52249e-007	-0.001875
-3.51749e-007	-0.000625
-3.51249e-007	0
-3.50749e-007	0
-3.50249e-007	0
-3.49749e-007	-0.00125
-3.49249e-007	-0.000625
-3.48749e-007	0.001875
-3.48249e-007	0.000625
-3.47749e-007	-0.000625
-3.47249e-007	0
-3.46749e-007	0.000625
-3.46249e-007	-0.000625
-3.45749e-007	-0.000625
-3.45249e-007	-0.00125
-3.44749e-007	-0.001875
-3.44249e-007	-0.00125
-3.43749e-007	-0.000625
-3.43249e-007	-0.001875
-3.42749e-007	-0.001875
-3.42249e-007	-0.00125
-3.41749e-007	-0.00125
-3.41249e-007	-0.00125
-3.40749e-007	-0.000625
-3.40249e-007	0
-3.39749e-007	0.000625
-3.39249e-007	0
-3.38749e-007	0.000625
-3.38249e-007	0.001875
-3.37749e-007	0
-3.37249e-007	-0.000625
-3.36749e-007	0.00125
-3.36249e-007	0
-3.35749e-007	-0.001875
-3.35249e-007	-0.00125
-3.34749e-007	0
-3.34249e-007	-0.000625
-3.33749e-007	-0.000625
-3.33249e-007	-0.00125
-3.32749e-007	-0.000625
-3.32249e-007	-0.00125
-3.31749e-007	0
-3.31249e-007	0
-3.30749e-007	-0.000625
-3.30249e-007	-0.001875
-3.29749e-007	-0.000625
-3.29249e-007	-0.000625
-3.28749e-007	-0.000625
-3.28249e-007	-0.00125
-3.27749e-007	0
-3.27249e-007	0.000625
-3.26749e-007	0
-3.26249e-007	0.000625
-3.25749e-007	0
-3.25249e-007	-0.000625
-3.24749e-007	0.000625
-3.24249e-007	-0.000625
-3.23749e-007	-0.00125
-3.23249e-007	-0.000625
-3.22749e-007	-0.000625
-3.22249e-007	-0.00125
-3.21749e-007	-0.000625
-3.21249e-007	0
-3.20749e-007	-0.000625
-3.20249e-007	0
-3.19749e-007	-0.000625
-3.19249e-007	-0.000625
-3.18749e-007	0.000625
-3.18249e-007	0
-3.17749e-007	-0.000625
-3.17249e-007	-0.00125
-3.16749e-007	-0.00125
-3.16249e-007	0.00125
-3.15749e-007	-0.000625
-3.15249e-007	-0.000625
-3.14749e-007	-0.000625
-3.14249e-007	0.000625
-3.13749e-007	0.000625
-3.13249e-007	0
-3.12749e-007	-0.000625
-3.12249e-007	-0.000625
-3.11749e-007	-0.000625
-3.11249e-007	-0.000625
-3.10749e-007	0.000625
-3.10249e-007	-0.00125
-3.09749e-007	-0.000625
-3.09249e-007	0.000625
-3.08749e-007	0
-3.08249e-007	0.000625
-3.07749e-007	-0.000625
-3.07249e-007	-0.000625
-3.06749e-007	-0.000625
-3.06249e-007	-0.000625
-3.05749e-007	-0.000625
-3.05249e-007	-0.00125
-3.04749e-007	-0.00125
-3.04249e-007	0
-3.03749e-007	0.000625
-3.03249e-007	0.000625
-3.02749e-007	0.000625
-3.02249e-007	0
-3.01749e-007	0
-3.01249e-007	0
-3.00749e-007	0
-3.00249e-007	0
-2.99749e-007	0
-2.99249e-007	0.000625
-2.98749e-007	-0.000625
-2.98249e-007	-0.001875
-2.97749e-007	-0.001875
-2.97249e-007	-0.000625
-2.96749e-007	-0.000625
-2.96249e-007	-0.00125
-2.95749e-007	-0.00125
-2.95249e-007	-0.00125
-2.94749e-007	-0.00125
-2.94249e-007	0
-2.93749e-007	-0.00125
-2.93249e-007	0.000625
-2.92749e-007	0.000625
-2.92249e-007	0
-2.91749e-007	0
-2.91249e-007	0
-2.90749e-007	0
-2.90249e-007	0.000625
-2.89749e-007	0.000625
-2.89249e-007	0.000625
-2.88749e-007	-0.000625
-2.88249e-007	-0.000625
-2.87749e-007	-0.00125
-2.87249e-007	-0.000625
-2.86749e-007	0
-2.86249e-007	-0.000625
-2.85749e-007	-0.001875
-2.85249e-007	-0.001875
-2.84749e-007	0
-2.84249e-007	0
-2.83749e-007	0.000625
-2.83249e-007	0.000625
-2.82749e-007	-0.000625
-2.82249e-007	-0.00125
-2.81749e-007	0.000625
-2.81249e-007	0.000625
-2.80749e-007	0.000625
-2.80249e-007	0.000625
-2.79749e-007	0
-2.79249e-007	-0.000625
-2.78749e-007	-0.001875
-2.78249e-007	0.000625
-2.77749e-007	0.00125
-2.77249e-007	-0.00125
-2.76749e-007	0
-2.76249e-007	0.00125
-2.75749e-007	-0.000625
-2.75249e-007	-0.001875
-2.74749e-007	-0.000625
-2.74249e-007	-0.00125
-2.73749e-007	-0.00125
-2.73249e-007	-0.000625
-2.72749e-007	0.000625
-2.72249e-007	-0.00125
-2.71749e-007	-0.001875
-2.71249e-007	0.00125
-2.70749e-007	0
-2.70249e-007	-0.000625
-2.69749e-007	-0.000625
-2.69249e-007	0.000625
-2.68749e-007	-0.000625
-2.68249e-007	-0.000625
-2.67749e-007	-0.000625
-2.67249e-007	0
-2.66749e-007	-0.000625
-2.66249e-007	-0.000625
-2.65749e-007	0
-2.65249e-007	-0.000625
-2.64749e-007	-0.000625
-2.64249e-007	0.00125
-2.63749e-007	-0.000625
-2.63249e-007	-0.001875
-2.62749e-007	-0.000625
-2.62249e-007	-0.000625
-2.61749e-007	-0.000625
-2.61249e-007	0
-2.60749e-007	0
-2.60249e-007	-0.001875
-2.59749e-007	0
-2.59249e-007	0
-2.58749e-007	-0.00125
-2.58249e-007	-0.00125
-2.57749e-007	0
-2.57249e-007	0
-2.56749e-007	-0.000625
-2.56249e-007	-0.000625
-2.55749e-007	0.000625
-2.55249e-007	0.000625
-2.54749e-007	0
-2.54249e-007	-0.000625
-2.53749e-007	-0.000625
-2.53249e-007	-0.00125
-2.52749e-007	-0.001875
-2.52249e-007	-0.00125
-2.51749e-007	0
-2.51249e-007	-0.00125
-2.50749e-007	-0.001875
-2.50249e-007	-0.00125
-2.49749e-007	-0.00125
-2.49249e-007	0
-2.48749e-007	0.000625
-2.48249e-007	-0.000625
-2.47749e-007	-0.000625
-2.47249e-007	0.000625
-2.46749e-007	0.000625
-2.46249e-007	0.00125
-2.45749e-007	0
-2.45249e-007	0
-2.44749e-007	0.000625
-2.44249e-007	-0.000625
-2.43749e-007	-0.000625
-2.43249e-007	0
-2.42749e-007	-0.001875
-2.42249e-007	-0.001875
-2.41749e-007	-0.001875
-2.41249e-007	-0.001875
-2.40749e-007	-0.00125
-2.40249e-007	-0.000625
-2.39749e-007	-0.003125
-2.39249e-007	-0.001875
-2.38749e-007	-0.000625
-2.38249e-007	-0.000625
-2.37749e-007	-0.000625
-2.37249e-007	-0.00125
-2.36749e-007	0.000625
-2.36249e-007	0.001875
-2.35749e-007	-0.000625
-2.35249e-007	-0.000625
-2.34749e-007	0
-2.34249e-007	-0.000625
-2.33749e-007	-0.000625
-2.33249e-007	-0.000625
-2.32749e-007	-0.000625
-2.32249e-007	-0.001875
-2.31749e-007	-0.00125
-2.31249e-007	-0.001875
-2.30749e-007	-0.001875
-2.30249e-007	-0.00125
-2.29749e-007	-0.000625
-2.29249e-007	-0.000625
-2.28749e-007	0
-2.28249e-007	0
-2.27749e-007	-0.00125
-2.27249e-007	-0.000625
-2.26749e-007	0
-2.26249e-007	-0.000625
-2.25749e-007	-0.000625
-2.25249e-007	-0.000625
-2.24749e-007	0.00125
-2.24249e-007	0
-2.23749e-007	0
-2.23249e-007	0
-2.22749e-007	0
-2.22249e-007	-0.00125
-2.21749e-007	-0.00125
-2.21249e-007	0
-2.20749e-007	-0.000625
-2.20249e-007	0
-2.19749e-007	0.000625
-2.19249e-007	0
-2.18749e-007	-0.00125
-2.18249e-007	-0.00125
-2.17749e-007	-0.00125
-2.17249e-007	0.000625
-2.16749e-007	0.000625
-2.16249e-007	0.000625
-2.15749e-007	0
-2.15249e-007	-0.000625
-2.14749e-007	0
-2.14249e-007	0.000625
-2.13749e-007	0.00125
-2.13249e-007	0.000625
-2.12749e-007	-0.00125
-2.12249e-007	-0.00125
-2.11749e-007	0
-2.11249e-007	-0.00125
-2.10749e-007	-0.00125
-2.10249e-007	-0.000625
-2.09749e-007	-0.000625
-2.09249e-007	-0.00125
-2.08749e-007	-0.00125
-2.08249e-007	-0.001875
-2.07749e-007	-0.00125
-2.07249e-007	0.00125
-2.06749e-007	0.00125
-2.06249e-007	0.000625
-2.05749e-007	-0.000625
-2.05249e-007	0.000625
-2.04749e-007	0.00125
-2.04249e-007	-0.000625
-2.03749e-007	0.000625
-2.03249e-007	0
-2.02749e-007	0
-2.02249e-007	-0.00125
-2.01749e-007	0
-2.01249e-007	0.001875
-2.00749e-007	0.000625
-2.00249e-007	-0.00125
-1.99749e-007	-0.001875
-1.99249e-007	-0.00125
-1.98749e-007	-0.000625
-1.98249e-007	0
-1.97749e-007	-0.000625
-1.97249e-007	-0.000625
-1.96749e-007	-0.0025
-1.96249e-007	-0.000625
-1.95749e-007	0.000625
-1.95249e-007	0.00125
-1.94749e-007	0.00125
-1.94249e-007	-0.00125
-1.93749e-007	-0.00125
-1.93249e-007	-0.000625
-1.92749e-007	-0.00125
-1.92249e-007	-0.00125
-1.91749e-007	0.000625
-1.91249e-007	0.000625
-1.90749e-007	0
-1.90249e-007	0.000625
-1.89749e-007	-0.000625
-1.89249e-007	-0.00125
-1.88749e-007	-0.00125
-1.88249e-007	0
-1.87749e-007	0.000625
-1.87249e-007	-0.00125
-1.86749e-007	-0.000625
-1.86249e-007	-0.000625
-1.85749e-007	-0.001875
-1.85249e-007	0
-1.84749e-007	0
-1.84249e-007	-0.00125
-1.83749e-007	-0.000625
-1.83249e-007	0.000625
-1.82749e-007	0
-1.82249e-007	-0.00125
-1.81749e-007	0
-1.81249e-007	-0.000625
-1.80749e-007	0
-1.80249e-007	0
-1.79749e-007	-0.000625
-1.79249e-007	-0.00125
-1.78749e-007	0
-1.78249e-007	0
-1.77749e-007	-0.001875
-1.77249e-007	-0.00125
-1.76749e-007	-0.00125
-1.76249e-007	-0.00125
-1.75749e-007	-0.000625
-1.75249e-007	0.00125
-1.74749e-007	0.000625
-1.74249e-007	-0.000625
-1.73749e-007	-0.0025
-1.73249e-007	-0.001875
-1.72749e-007	0.00125
-1.72249e-007	0.000625
-1.71749e-007	-0.000625
-1.71249e-007	-0.000625
-1.70749e-007	0.000625
-1.70249e-007	-0.000625
-1.69749e-007	-0.00125
-1.69249e-007	-0.00125
-1.68749e-007	-0.001875
-1.68249e-007	-0.000625
-1.67749e-007	0
-1.67249e-007	-0.000625
-1.66749e-007	-0.000625
-1.66249e-007	0
-1.65749e-007	0.000625
-1.65249e-007	-0.000625
-1.64749e-007	0.000625
-1.64249e-007	0.001875
-1.63749e-007	0.000625
-1.63249e-007	-0.000625
-1.62749e-007	-0.000625
-1.62249e-007	-0.000625
-1.61749e-007	0
-1.61249e-007	-0.000625
-1.60749e-007	-0.000625
-1.60249e-007	-0.00125
-1.59749e-007	-0.00125
-1.59249e-007	-0.001875
-1.58749e-007	-0.001875
-1.58249e-007	-0.000625
-1.57749e-007	0
-1.57249e-007	-0.000625
-1.56749e-007	0.000625
-1.56249e-007	0.000625
-1.55749e-007	0.000625
-1.55249e-007	0
-1.54749e-007	-0.00125
-1.54249e-007	-0.00125
-1.53749e-007	0
-1.53249e-007	0.00125
-1.52749e-007	-0.000625
-1.52249e-007	-0.000625
-1.51749e-007	-0.000625
-1.51249e-007	-0.000625
-1.50749e-007	-0.00125
-1.50249e-007	-0.000625
-1.49749e-007	-0.000625
-1.49249e-007	-0.001875
-1.48749e-007	-0.000625
-1.48249e-007	0.000625
-1.47749e-007	-0.00125
-1.47249e-007	0
-1.46749e-007	0.000625
-1.46249e-007	-0.000625
-1.45749e-007	-0.000625
-1.45249e-007	0.000625
-1.44749e-007	0.000625
-1.44249e-007	-0.00125
-1.43749e-007	-0.00125
-1.43249e-007	0
-1.42749e-007	0.00125
-1.42249e-007	0.000625
-1.41749e-007	-0.00125
-1.41249e-007	-0.000625
-1.40749e-007	0.000625
-1.40249e-007	-0.00125
-1.39749e-007	-0.003125
-1.39249e-007	-0.0025
-1.38749e-007	0
-1.38249e-007	0
-1.37749e-007	-0.00125
-1.37249e-007	-0.000625
-1.36749e-007	0.00125
-1.36249e-007	0
-1.35749e-007	0.000625
-1.35249e-007	-0.000625
-1.34749e-007	0
-1.34249e-007	0.000625
-1.33749e-007	0.00125
-1.33249e-007	0.0025
-1.32749e-007	0
-1.32249e-007	-0.000625
-1.31749e-007	0
-1.31249e-007	0.000625
-1.30749e-007	0.000625
-1.30249e-007	0.000625
-1.29749e-007	-0.00125
-1.29249e-007	-0.00125
-1.28749e-007	0
-1.28249e-007	0
-1.27749e-007	-0.00125
-1.27249e-007	-0.00125
-1.26749e-007	-0.00125
-1.26249e-007	0
-1.25749e-007	-0.000625
-1.25249e-007	0.000625
-1.24749e-007	0.000625
-1.24249e-007	-0.000625
-1.23749e-007	-0.000625
-1.23249e-007	-0.000625
-1.22749e-007	0
-1.22249e-007	0.000625
-1.21749e-007	0.000625
-1.21249e-007	0.0025
-1.20749e-007	0.000625
-1.20249e-007	-0.00125
-1.19749e-007	-0.00125
-1.19249e-007	-0.000625
-1.18749e-007	-0.00125
-1.18249e-007	0
-1.17749e-007	0.00125
-1.17249e-007	0
-1.16749e-007	0
-1.16249e-007	-0.000625
-1.15749e-007	0
-1.15249e-007	0
-1.14749e-007	-0.001875
-1.14249e-007	-0.001875
-1.13749e-007	0
-1.13249e-007	-0.000625
-1.12749e-007	0.000625
-1.12249e-007	-0.000625
-1.11749e-007	-0.000625
-1.11249e-007	0
-1.10749e-007	0.000625
-1.10249e-007	0.000625
-1.09749e-007	0
-1.09249e-007	0.00125
-1.08749e-007	0
-1.08249e-007	-0.000625
-1.07749e-007	0
-1.07249e-007	0
-1.06749e-007	-0.000625
-1.06249e-007	-0.000625
-1.05749e-007	0
-1.05249e-007	0
-1.04749e-007	0
-1.04249e-007	0.000625
-1.03749e-007	-0.00125
-1.03249e-007	-0.000625
-1.02749e-007	0
-1.02249e-007	0
-1.01749e-007	-0.00125
-1.01249e-007	-0.000625
-1.00749e-007	0.000625
-1.00249e-007	0.00125
-9.9749e-008	0.000625
-9.9249e-008	0.000625
-9.8749e-008	0
-9.8249e-008	-0.000625
-9.7749e-008	0
-9.7249e-008	0
-9.6749e-008	0.000625
-9.6249e-008	0.00125
-9.5749e-008	0
-9.5249e-008	-0.00125
-9.4749e-008	0.000625
-9.4249e-008	0.000625
-9.3749e-008	-0.00125
-9.3249e-008	-0.0025
-9.2749e-008	-0.0025
-9.2249e-008	-0.001875
-9.1749e-008	0.000625
-9.1249e-008	0
-9.0749e-008	-0.00125
-9.0249e-008	0.000625
-8.9749e-008	0
-8.9249e-008	-0.000625
-8.8749e-008	0.00125
-8.8249e-008	0.000625
-8.7749e-008	0
-8.7249e-008	0
-8.6749e-008	0.000625
-8.6249e-008	0.000625
-8.5749e-008	0
-8.5249e-008	0
-8.4749e-008	0
-8.4249e-008	0.000625
-8.3749e-008	-0.001875
-8.3249e-008	-0.00125
-8.2749e-008	0.000625
-8.2249e-008	-0.000625
-8.1749e-008	-0.00125
-8.1249e-008	-0.000625
-8.0749e-008	-0.000625
-8.0249e-008	0
-7.9749e-008	0.000625
-7.9249e-008	-0.000625
-7.8749e-008	-0.00125
-7.8249e-008	-0.000625
-7.7749e-008	0
-7.7249e-008	0
-7.6749e-008	0.00125
-7.6249e-008	0
-7.5749e-008	-0.00125
-7.5249e-008	-0.000625
-7.4749e-008	0
-7.4249e-008	0
-7.3749e-008	0
-7.3249e-008	-0.000625
-7.2749e-008	0
-7.2249e-008	-0.000625
-7.1749e-008	-0.000625
-7.1249e-008	0
-7.0749e-008	-0.00125
-7.0249e-008	0
-6.9749e-008	-0.00125
-6.9249e-008	-0.000625
-6.8749e-008	0.000625
-6.8249e-008	0.000625
-6.7749e-008	0
-6.7249e-008	0
-6.6749e-008	0.000625
-6.6249e-008	-0.000625
-6.5749e-008	0
-6.5249e-008	0
-6.4749e-008	0.000625
-6.4249e-008	-0.000625
-6.3749e-008	-0.000625
-6.3249e-008	0
-6.2749e-008	0
-6.2249e-008	-0.000625
-6.1749e-008	-0.000625
-6.1249e-008	-0.000625
-6.0749e-008	-0.001875
-6.0249e-008	-0.000625
-5.9749e-008	-0.000625
-5.9249e-008	-0.000625
-5.8749e-008	0.000625
-5.8249e-008	-0.00125
-5.7749e-008	0
-5.7249e-008	0.000625
-5.6749e-008	-0.00125
-5.6249e-008	0
-5.5749e-008	0
-5.5249e-008	0.000625
-5.4749e-008	-0.000625
-5.4249e-008	-0.00125
-5.3749e-008	-0.000625
-5.3249e-008	0.000625
-5.2749e-008	0.000625
-5.2249e-008	0.000625
-5.1749e-008	-0.000625
-5.1249e-008	0.000625
-5.0749e-008	0
-5.0249e-008	0.000625
-4.9749e-008	0.000625
-4.9249e-008	0.000625
-4.8749e-008	-0.000625
-4.8249e-008	0
-4.7749e-008	0
-4.7249e-008	-0.00125
-4.6749e-008	-0.001875
-4.6249e-008	0
-4.5749e-008	-0.000625
-4.5249e-008	-0.00125
-4.4749e-008	-0.000625
-4.4249e-008	-0.000625
-4.3749e-008	0.00125
-4.3249e-008	-0.000625
-4.2749e-008	-0.000625
-4.2249e-008	0
-4.1749e-008	0.000625
-4.1249e-008	0.000625
-4.0749e-008	0.00125
-4.0249e-008	0.001875
-3.9749e-008	0.001875
-3.9249e-008	-0.000625
-3.8749e-008	-0.000625
-3.8249e-008	-0.000625
-3.7749e-008	-0.00125
-3.7249e-008	-0.00125
-3.6749e-008	0.000625
-3.6249e-008	0
-3.5749e-008	-0.00125
-3.5249e-008	-0.001875
-3.4749e-008	-0.000625
-3.4249e-008	-0.000625
-3.3749e-008	-0.000625
-3.3249e-008	-0.00125
-3.2749e-008	-0.00125
-3.2249e-008	0
-3.1749e-008	0.000625
-3.1249e-008	0.000625
-3.0749e-008	0
-3.0249e-008	0
-2.9749e-008	-0.000625
-2.9249e-008	0.000625
-2.8749e-008	0.000625
-2.8249e-008	-0.000625
-2.7749e-008	0
-2.7249e-008	0.000625
-2.6749e-008	-0.000625
-2.6249e-008	-0.001875
-2.5749e-008	-0.001875
-2.5249e-008	-0.001875
-2.4749e-008	-0.00125
-2.4249e-008	-0.000625
-2.3749e-008	-0.000625
-2.3249e-008	-0.00125
-2.2749e-008	-0.00125
-2.2249e-008	0.000625
-2.1749e-008	0
-2.1249e-008	0
-2.0749e-008	0.000625
-2.0249e-008	0
-1.9749e-008	0.000625
-1.9249e-008	-0.000625
-1.8749e-008	0.000625
-1.8249e-008	0.00125
-1.7749e-008	0
-1.7249e-008	-0.00125
-1.6749e-008	0.000625
-1.6249e-008	-0.00125
-1.5749e-008	-0.000625
-1.5249e-008	0
-1.4749e-008	-0.001875
-1.4249e-008	-0.000625
-1.3749e-008	-0.000625
-1.3249e-008	-0.00125
-1.2749e-008	0
-1.2249e-008	0
-1.1749e-008	-0.000625
-1.1249e-008	-0.000625
-1.0749e-008	-0.00125
-1.0249e-008	0.00125
-9.749e-009	0.00125
-9.249e-009	0
-8.749e-009	0
-8.249e-009	-0.000625
-7.749e-009	0.000625
-7.249e-009	0.001875
-6.749e-009	0.00125
-6.249e-009	0.000625
-5.749e-009	0.000625
-5.249e-009	-0.00125
-4.749e-009	-0.003125
-4.249e-009	-0.004375
-3.749e-009	-0.008125
-3.249e-009	-0.0125
-2.749e-009	-0.02
-2.249e-009	-0.02875
-1.749e-009	-0.036875
-1.249e-009	-0.04375
-7.49e-010	-0.048125
-2.49e-010	-0.055
2.51e-010	-0.06125
7.51e-010	-0.06375
1.251e-009	-0.0675
1.751e-009	-0.074375
2.251e-009	-0.079375
2.751e-009	-0.079375
3.251e-009	-0.08125
3.751e-009	-0.085
4.251e-009	-0.08625
4.751e-009	-0.0875
5.251e-009	-0.09
5.751e-009	-0.094375
6.251e-009	-0.0975
6.751e-009	-0.09875
7.251e-009	-0.101875
7.751e-009	-0.104375
8.251e-009	-0.1075
8.751e-009	-0.11
9.251e-009	-0.111875
9.751e-009	-0.113125
1.0251e-008	-0.115
1.0751e-008	-0.115625
1.1251e-008	-0.11625
1.1751e-008	-0.11875
1.2251e-008	-0.118125
1.2751e-008	-0.1175
1.3251e-008	-0.1175
1.3751e-008	-0.116875
1.4251e-008	-0.1175
1.4751e-008	-0.1175
1.5251e-008	-0.1175
1.5751e-008	-0.11625
1.6251e-008	-0.115
1.6751e-008	-0.115
1.7251e-008	-0.1175
1.7751e-008	-0.1175
1.8251e-008	-0.118125
1.8751e-008	-0.118125
1.9251e-008	-0.118125
1.9751e-008	-0.12
2.0251e-008	-0.12
2.0751e-008	-0.12
2.1251e-008	-0.12375
2.1751e-008	-0.12375
2.2251e-008	-0.125
2.2751e-008	-0.125
2.3251e-008	-0.12625
2.3751e-008	-0.12625
2.4251e-008	-0.125625
2.4751e-008	-0.12625
2.5251e-008	-0.1275
2.5751e-008	-0.12875
2.6251e-008	-0.130625
2.6751e-008	-0.13125
2.7251e-008	-0.1325
2.7751e-008	-0.135
2.8251e-008	-0.135625
2.8751e-008	-0.135
2.9251e-008	-0.136875
2.9751e-008	-0.13875
3.0251e-008	-0.136875
3.0751e-008	-0.1375
3.1251e-008	-0.13875
3.1751e-008	-0.140625
3.2251e-008	-0.1425
3.2751e-008	-0.14375
3.3251e-008	-0.144375
3.3751e-008	-0.145
3.4251e-008	-0.145
3.4751e-008	-0.145
3.5251e-008	-0.145
3.5751e-008	-0.145
3.6251e-008	-0.145
3.6751e-008	-0.145
3.7251e-008	-0.145
3.7751e-008	-0.145
3.8251e-008	-0.145
3.8751e-008	-0.145
3.9251e-008	-0.14375
3.9751e-008	-0.145
4.0251e-008	-0.145
4.0751e-008	-0.145
4.1251e-008	-0.145
4.1751e-008	-0.145
4.2251e-008	-0.145
4.2751e-008	-0.145
4.3251e-008	-0.145
4.3751e-008	-0.145
4.4251e-008	-0.145
4.4751e-008	-0.145
4.5251e-008	-0.145
4.5751e-008	-0.145
4.6251e-008	-0.145
4.6751e-008	-0.145
4.7251e-008	-0.145
4.7751e-008	-0.145
4.8251e-008	-0.145
4.8751e-008	-0.145
4.9251e-008	-0.145
4.9751e-008	-0.145
5.0251e-008	-0.145
5.0751e-008	-0.145
5.1251e-008	-0.145
5.1751e-008	-0.145
5.2251e-008	-0.145
5.2751e-008	-0.145
5.3251e-008	-0.145
5.3751e-008	-0.145
5.4251e-008	-0.145
5.4751e-008	-0.145
5.5251e-008	-0.145
5.5751e-008	-0.145
5.6251e-008	-0.145
5.6751e-008	-0.145
5.7251e-008	-0.145
5.7751e-008	-0.145
5.8251e-008	-0.145
5.8751e-008	-0.145
5.9251e-008	-0.145
5.9751e-008	-0.145
6.0251e-008	-0.145
6.0751e-008	-0.145
6.1251e-008	-0.145
6.1751e-008	-0.145
6.2251e-008	-0.145
6.2751e-008	-0.145
6.3251e-008	-0.145
6.3751e-008	-0.145
6.4251e-008	-0.145
6.4751e-008	-0.145
6.5251e-008	-0.145
6.5751e-008	-0.145
6.6251e-008	-0.145
6.6751e-008	-0.145
6.7251e-008	-0.145
6.7751e-008	-0.145
6.8251e-008	-0.145
6.8751e-008	-0.145
6.9251e-008	-0.145
6.9751e-008	-0.145
7.0251e-008	-0.145
7.0751e-008	-0.145
7.1251e-008	-0.145
7.1751e-008	-0.145
7.2251e-008	-0.145
7.2751e-008	-0.145
7.3251e-008	-0.145
7.3751e-008	-0.145
7.4251e-008	-0.145
7.4751e-008	-0.145
7.5251e-008	-0.145
7.5751e-008	-0.145
7.6251e-008	-0.145
7.6751e-008	-0.145
7.7251e-008	-0.145
7.7751e-008	-0.145
7.8251e-008	-0.145
7.8751e-008	-0.145
7.9251e-008	-0.145
7.9751e-008	-0.145
8.0251e-008	-0.145
8.0751e-008	-0.145
8.1251e-008	-0.145
8.1751e-008	-0.145
8.2251e-008	-0.145
8.2751e-008	-0.145
8.3251e-008	-0.145
8.3751e-008	-0.145
8.4251e-008	-0.145
8.4751e-008	-0.145
8.5251e-008	-0.145
8.5751e-008	-0.145
8.6251e-008	-0.145
8.6751e-008	-0.145
8.7251e-008	-0.145
8.7751e-008	-0.145
8.8251e-008	-0.145
8.8751e-008	-0.145
8.9251e-008	-0.145
8.9751e-008	-0.145
9.0251e-008	-0.145
9.0751e-008	-0.145
9.1251e-008	-0.145
9.1751e-008	-0.145
9.2251e-008	-0.145
9.2751e-008	-0.145
9.3251e-008	-0.145
9.3751e-008	-0.145
9.4251e-008	-0.145
9.4751e-008	-0.145
9.5251e-008	-0.145
9.5751e-008	-0.145
9.6251e-008	-0.145
9.6751e-008	-0.145
9.7251e-008	-0.145
9.7751e-008	-0.145
9.8251e-008	-0.145
9.8751e-008	-0.145
9.9251e-008	-0.145
9.9751e-008	-0.145
1.00251e-007	-0.145
1.00751e-007	-0.145
1.01251e-007	-0.145
1.01751e-007	-0.145
1.02251e-007	-0.145
1.02751e-007	-0.145
1.03251e-007	-0.145
1.03751e-007	-0.145
1.04251e-007	-0.145
1.04751e-007	-0.145
1.05251e-007	-0.145
1.05751e-007	-0.145
1.06251e-007	-0.145
1.06751e-007	-0.145
1.07251e-007	-0.145
1.07751e-007	-0.145
1.08251e-007	-0.145
1.08751e-007	-0.145
1.09251e-007	-0.145
1.09751e-007	-0.145
1.10251e-007	-0.145
1.10751e-007	-0.145
1.11251e-007	-0.145
1.11751e-007	-0.145
1.12251e-007	-0.145
1.12751e-007	-0.145
1.13251e-007	-0.145
1.13751e-007	-0.145
1.14251e-007	-0.145
1.14751e-007	-0.145
1.15251e-007	-0.145
1.15751e-007	-0.145
1.16251e-007	-0.145
1.16751e-007	-0.145
1.17251e-007	-0.145
1.17751e-007	-0.145
1.18251e-007	-0.145
1.18751e-007	-0.145
1.19251e-007	-0.145
1.19751e-007	-0.145
1.20251e-007	-0.145
1.20751e-007	-0.145
1.21251e-007	-0.145
1.21751e-007	-0.145
1.22251e-007	-0.145
1.22751e-007	-0.145
1.23251e-007	-0.145
1.23751e-007	-0.145
1.24251e-007	-0.145
1.24751e-007	-0.145
1.25251e-007	-0.145
1.25751e-007	-0.145
1.26251e-007	-0.145
1.26751e-007	-0.145
1.27251e-007	-0.145
1.27751e-007	-0.145
1.28251e-007	-0.145
1.28751e-007	-0.144375
1.29251e-007	-0.14375
1.29751e-007	-0.145
1.30251e-007	-0.145
1.30751e-007	-0.145
1.31251e-007	-0.145
1.31751e-007	-0.145
1.32251e-007	-0.145
1.32751e-007	-0.145
1.33251e-007	-0.145
1.33751e-007	-0.144375
1.34251e-007	-0.143125
1.34751e-007	-0.14375
1.35251e-007	-0.144375
1.35751e-007	-0.14375
1.36251e-007	-0.14375
1.36751e-007	-0.1425
1.37251e-007	-0.14125
1.37751e-007	-0.14125
1.38251e-007	-0.1425
1.38751e-007	-0.1425
1.39251e-007	-0.1425
1.39751e-007	-0.141875
1.40251e-007	-0.141875
1.40751e-007	-0.14
1.41251e-007	-0.141875
1.41751e-007	-0.14375
1.42251e-007	-0.1425
1.42751e-007	-0.141875
1.43251e-007	-0.14
1.43751e-007	-0.14
1.44251e-007	-0.14125
1.44751e-007	-0.14
1.45251e-007	-0.14125
1.45751e-007	-0.14
1.46251e-007	-0.139375
1.46751e-007	-0.1375
1.47251e-007	-0.1375
1.47751e-007	-0.139375
1.48251e-007	-0.13875
1.48751e-007	-0.1375
1.49251e-007	-0.13625
1.49751e-007	-0.1375
1.50251e-007	-0.13875
1.50751e-007	-0.1375
1.51251e-007	-0.1375
1.51751e-007	-0.138125
1.52251e-007	-0.13875
1.52751e-007	-0.138125
1.53251e-007	-0.136875
1.53751e-007	-0.136875
1.54251e-007	-0.1375
1.54751e-007	-0.1375
1.55251e-007	-0.1375
1.55751e-007	-0.135625
1.56251e-007	-0.1375
1.56751e-007	-0.1375
1.57251e-007	-0.1375
1.57751e-007	-0.13625
1.58251e-007	-0.135625
1.58751e-007	-0.134375
1.59251e-007	-0.135
1.59751e-007	-0.13375
1.60251e-007	-0.134375
1.60751e-007	-0.134375
1.61251e-007	-0.135
1.61751e-007	-0.135
1.62251e-007	-0.135
1.62751e-007	-0.13375
1.63251e-007	-0.13375
1.63751e-007	-0.135
1.64251e-007	-0.13625
1.64751e-007	-0.135
1.65251e-007	-0.13375
1.65751e-007	-0.135
1.66251e-007	-0.13625
1.66751e-007	-0.135
1.67251e-007	-0.13375
1.67751e-007	-0.134375
1.68251e-007	-0.13375
1.68751e-007	-0.1325
1.69251e-007	-0.131875
1.69751e-007	-0.131875
1.70251e-007	-0.131875
1.70751e-007	-0.13
1.71251e-007	-0.1325
1.71751e-007	-0.1325
1.72251e-007	-0.1325
1.72751e-007	-0.1325
1.73251e-007	-0.13125
1.73751e-007	-0.131875
1.74251e-007	-0.13125
1.74751e-007	-0.13
1.75251e-007	-0.13125
1.75751e-007	-0.130625
1.76251e-007	-0.13125
1.76751e-007	-0.130625
1.77251e-007	-0.13
1.77751e-007	-0.13125
1.78251e-007	-0.13
1.78751e-007	-0.131875
1.79251e-007	-0.13125
1.79751e-007	-0.13
1.80251e-007	-0.12875
1.80751e-007	-0.12875
1.81251e-007	-0.12875
1.81751e-007	-0.12875
1.82251e-007	-0.1275
1.82751e-007	-0.1275
1.83251e-007	-0.12875
1.83751e-007	-0.1275
1.84251e-007	-0.126875
1.84751e-007	-0.128125
1.85251e-007	-0.128125
1.85751e-007	-0.1275
1.86251e-007	-0.128125
1.86751e-007	-0.126875
1.87251e-007	-0.12625
1.87751e-007	-0.12875
1.88251e-007	-0.126875
1.88751e-007	-0.12625
1.89251e-007	-0.126875
1.89751e-007	-0.12625
1.90251e-007	-0.126875
1.90751e-007	-0.125625
1.91251e-007	-0.12625
1.91751e-007	-0.125
1.92251e-007	-0.124375
1.92751e-007	-0.12375
1.93251e-007	-0.125
1.93751e-007	-0.124375
1.94251e-007	-0.12375
1.94751e-007	-0.124375
1.95251e-007	-0.124375
1.95751e-007	-0.124375
1.96251e-007	-0.124375
1.96751e-007	-0.1225
1.97251e-007	-0.12375
1.97751e-007	-0.125
1.98251e-007	-0.123125
1.98751e-007	-0.1225
1.99251e-007	-0.124375
1.99751e-007	-0.124375
2.00251e-007	-0.1225
2.00751e-007	-0.121875
2.01251e-007	-0.12375
2.01751e-007	-0.123125
2.02251e-007	-0.121875
2.02751e-007	-0.12125
2.03251e-007	-0.12
2.03751e-007	-0.11875
2.04251e-007	-0.120625
2.04751e-007	-0.12125
2.05251e-007	-0.120625
2.05751e-007	-0.12
2.06251e-007	-0.12
2.06751e-007	-0.12
2.07251e-007	-0.12
2.07751e-007	-0.118125
2.08251e-007	-0.12
2.08751e-007	-0.12
2.09251e-007	-0.11875
2.09751e-007	-0.11875
2.10251e-007	-0.12
2.10751e-007	-0.119375
2.11251e-007	-0.11875
2.11751e-007	-0.11875
2.12251e-007	-0.11875
2.12751e-007	-0.1175
2.13251e-007	-0.11875
2.13751e-007	-0.1175
2.14251e-007	-0.116875
2.14751e-007	-0.115625
2.15251e-007	-0.1175
2.15751e-007	-0.115625
2.16251e-007	-0.116875
2.16751e-007	-0.11625
2.17251e-007	-0.11625
2.17751e-007	-0.1175
2.18251e-007	-0.1175
2.18751e-007	-0.116875
2.19251e-007	-0.1175
2.19751e-007	-0.11625
2.20251e-007	-0.1175
2.20751e-007	-0.1175
2.21251e-007	-0.116875
2.21751e-007	-0.115
2.22251e-007	-0.11625
2.22751e-007	-0.115
2.23251e-007	-0.114375
2.23751e-007	-0.114375
2.24251e-007	-0.11375
2.24751e-007	-0.11375
2.25251e-007	-0.115
2.25751e-007	-0.114375
2.26251e-007	-0.11375
2.26751e-007	-0.1125
2.27251e-007	-0.11375
2.27751e-007	-0.11375
2.28251e-007	-0.1125
2.28751e-007	-0.1125
2.29251e-007	-0.11375
2.29751e-007	-0.11375
2.30251e-007	-0.11375
2.30751e-007	-0.111875
2.31251e-007	-0.114375
2.31751e-007	-0.113125
2.32251e-007	-0.1125
2.32751e-007	-0.1125
2.33251e-007	-0.11125
2.33751e-007	-0.11
2.34251e-007	-0.11125
2.34751e-007	-0.110625
2.35251e-007	-0.11125
2.35751e-007	-0.11
2.36251e-007	-0.11
2.36751e-007	-0.11
2.37251e-007	-0.11
2.37751e-007	-0.109375
2.38251e-007	-0.10875
2.38751e-007	-0.11
2.39251e-007	-0.11
2.39751e-007	-0.11
2.40251e-007	-0.11
2.40751e-007	-0.10875
2.41251e-007	-0.109375
2.41751e-007	-0.10875
2.42251e-007	-0.10875
2.42751e-007	-0.108125
2.43251e-007	-0.106875
2.43751e-007	-0.10875
2.44251e-007	-0.108125
2.44751e-007	-0.1075
2.45251e-007	-0.1075
2.45751e-007	-0.1075
2.46251e-007	-0.1075
2.46751e-007	-0.106875
2.47251e-007	-0.106875
2.47751e-007	-0.1075
2.48251e-007	-0.10625
2.48751e-007	-0.1075
2.49251e-007	-0.1075
2.49751e-007	-0.10625
2.50251e-007	-0.10625
2.50751e-007	-0.1075
2.51251e-007	-0.1075
2.51751e-007	-0.106875
2.52251e-007	-0.105
2.52751e-007	-0.105625
2.53251e-007	-0.106875
2.53751e-007	-0.1075
2.54251e-007	-0.105625
2.54751e-007	-0.105
2.55251e-007	-0.10375
2.55751e-007	-0.103125
2.56251e-007	-0.1025
2.56751e-007	-0.1025
2.57251e-007	-0.10375
2.57751e-007	-0.105
2.58251e-007	-0.105
2.58751e-007	-0.1025
2.59251e-007	-0.1025
2.59751e-007	-0.105
2.60251e-007	-0.104375
2.60751e-007	-0.101875
2.61251e-007	-0.1025
2.61751e-007	-0.105
2.62251e-007	-0.105
2.62751e-007	-0.103125
2.63251e-007	-0.103125
2.63751e-007	-0.10375
2.64251e-007	-0.1025
2.64751e-007	-0.10125
2.65251e-007	-0.1
2.65751e-007	-0.1
2.66251e-007	-0.10125
2.66751e-007	-0.099375
2.67251e-007	-0.10125
2.67751e-007	-0.1025
2.68251e-007	-0.10125
2.68751e-007	-0.1
2.69251e-007	-0.1
2.69751e-007	-0.10125
2.70251e-007	-0.101875
2.70751e-007	-0.10125
2.71251e-007	-0.1
2.71751e-007	-0.100625
2.72251e-007	-0.10125
2.72751e-007	-0.09875
2.73251e-007	-0.099375
2.73751e-007	-0.099375
2.74251e-007	-0.099375
2.74751e-007	-0.09875
2.75251e-007	-0.09875
2.75751e-007	-0.098125
2.76251e-007	-0.0975
2.76751e-007	-0.09625
2.77251e-007	-0.09625
2.77751e-007	-0.0975
2.78251e-007	-0.09875
2.78751e-007	-0.0975
2.79251e-007	-0.0975
2.79751e-007	-0.09875
2.80251e-007	-0.098125
2.80751e-007	-0.096875
2.81251e-007	-0.096875
2.81751e-007	-0.096875
2.82251e-007	-0.096875
2.82751e-007	-0.096875
2.83251e-007	-0.0975
2.83751e-007	-0.09625
2.84251e-007	-0.095625
2.84751e-007	-0.09625
2.85251e-007	-0.09625
2.85751e-007	-0.095
2.86251e-007	-0.09625
2.86751e-007	-0.095625
2.87251e-007	-0.095
2.87751e-007	-0.09625
2.88251e-007	-0.095
2.88751e-007	-0.094375
2.89251e-007	-0.09625
2.89751e-007	-0.094375
2.90251e-007	-0.09625
2.90751e-007	-0.094375
2.91251e-007	-0.094375
2.91751e-007	-0.095
2.92251e-007	-0.09375
2.92751e-007	-0.094375
2.93251e-007	-0.09375
2.93751e-007	-0.093125
2.94251e-007	-0.095625
2.94751e-007	-0.095
2.95251e-007	-0.0925
2.95751e-007	-0.0925
2.96251e-007	-0.09375
2.96751e-007	-0.093125
2.97251e-007	-0.09375
2.97751e-007	-0.093125
2.98251e-007	-0.094375
2.98751e-007	-0.0925
2.99251e-007	-0.0925
2.99751e-007	-0.091875
3.00251e-007	-0.0925
3.00751e-007	-0.09125
3.01251e-007	-0.09375
3.01751e-007	-0.093125
3.02251e-007	-0.091875
3.02751e-007	-0.090625
3.03251e-007	-0.090625
3.03751e-007	-0.091875
3.04251e-007	-0.0925
3.04751e-007	-0.091875
3.05251e-007	-0.0925
3.05751e-007	-0.090625
3.06251e-007	-0.09
3.06751e-007	-0.09
3.07251e-007	-0.09
3.07751e-007	-0.089375
3.08251e-007	-0.08875
3.08751e-007	-0.089375
3.09251e-007	-0.09
3.09751e-007	-0.09125
3.10251e-007	-0.089375
3.10751e-007	-0.0875
3.11251e-007	-0.089375
3.11751e-007	-0.090625
3.12251e-007	-0.089375
3.12751e-007	-0.08875
3.13251e-007	-0.08875
3.13751e-007	-0.0875
3.14251e-007	-0.088125
3.14751e-007	-0.08875
3.15251e-007	-0.08875
3.15751e-007	-0.08875
3.16251e-007	-0.09
3.16751e-007	-0.089375
3.17251e-007	-0.086875
3.17751e-007	-0.086875
3.18251e-007	-0.0875
3.18751e-007	-0.086875
3.19251e-007	-0.08625
3.19751e-007	-0.0875
3.20251e-007	-0.0875
3.20751e-007	-0.085
3.21251e-007	-0.085
3.21751e-007	-0.08625
3.22251e-007	-0.08625
3.22751e-007	-0.085625
3.23251e-007	-0.08625
3.23751e-007	-0.086875
3.24251e-007	-0.086875
3.24751e-007	-0.084375
3.25251e-007	-0.085
3.25751e-007	-0.086875
3.26251e-007	-0.0875
3.26751e-007	-0.08625
3.27251e-007	-0.08625
3.27751e-007	-0.084375
3.28251e-007	-0.085
3.28751e-007	-0.085625
3.29251e-007	-0.085
3.29751e-007	-0.08375
3.30251e-007	-0.084375
3.30751e-007	-0.0825
3.31251e-007	-0.08375
3.31751e-007	-0.0825
3.32251e-007	-0.083125
3.32751e-007	-0.0825
3.33251e-007	-0.08375
3.33751e-007	-0.085625
3.34251e-007	-0.084375
3.34751e-007	-0.08375
3.35251e-007	-0.085625
3.35751e-007	-0.08375
3.36251e-007	-0.0825
3.36751e-007	-0.08375
3.37251e-007	-0.085
3.37751e-007	-0.083125
3.38251e-007	-0.083125
3.38751e-007	-0.083125
3.39251e-007	-0.083125
3.39751e-007	-0.083125
3.40251e-007	-0.0825
3.40751e-007	-0.081875
3.41251e-007	-0.081875
3.41751e-007	-0.079375
3.42251e-007	-0.08125
3.42751e-007	-0.0825
3.43251e-007	-0.081875
3.43751e-007	-0.08125
3.44251e-007	-0.08125
3.44751e-007	-0.08125
3.45251e-007	-0.081875
3.45751e-007	-0.080625
3.46251e-007	-0.080625
3.46751e-007	-0.0825
3.47251e-007	-0.0825
3.47751e-007	-0.08125
3.48251e-007	-0.080625
3.48751e-007	-0.079375
3.49251e-007	-0.079375
3.49751e-007	-0.08
3.50251e-007	-0.080625
3.50751e-007	-0.080625
3.51251e-007	-0.07875
3.51751e-007	-0.0775
3.52251e-007	-0.07875
3.52751e-007	-0.079375
3.53251e-007	-0.08
3.53751e-007	-0.0775
3.54251e-007	-0.078125
3.54751e-007	-0.078125
3.55251e-007	-0.0775
3.55751e-007	-0.07875
3.56251e-007	-0.079375
3.56751e-007	-0.07875
3.57251e-007	-0.079375
3.57751e-007	-0.078125
3.58251e-007	-0.0775
3.58751e-007	-0.0775
3.59251e-007	-0.0775
3.59751e-007	-0.078125
3.60251e-007	-0.078125
3.60751e-007	-0.076875
3.61251e-007	-0.07625
3.61751e-007	-0.076875
3.62251e-007	-0.076875
3.62751e-007	-0.07625
3.63251e-007	-0.07625
3.63751e-007	-0.07625
3.64251e-007	-0.0775
3.64751e-007	-0.075
3.65251e-007	-0.075
3.65751e-007	-0.07625
3.66251e-007	-0.07625
3.66751e-007	-0.07625
3.67251e-007	-0.076875
3.67751e-007	-0.076875
3.68251e-007	-0.07625
3.68751e-007	-0.074375
3.69251e-007	-0.075
3.69751e-007	-0.075625
3.70251e-007	-0.074375
3.70751e-007	-0.075
3.71251e-007	-0.07625
3.71751e-007	-0.074375
3.72251e-007	-0.074375
3.72751e-007	-0.074375
3.73251e-007	-0.07375
3.73751e-007	-0.073125
3.74251e-007	-0.074375
3.74751e-007	-0.074375
3.75251e-007	-0.075
3.75751e-007	-0.07375
3.76251e-007	-0.074375
3.76751e-007	-0.074375
3.77251e-007	-0.075
3.77751e-007	-0.074375
3.78251e-007	-0.074375
3.78751e-007	-0.07375
3.79251e-007	-0.07375
3.79751e-007	-0.073125
3.80251e-007	-0.074375
3.80751e-007	-0.0725
3.81251e-007	-0.07125
3.81751e-007	-0.073125
3.82251e-007	-0.074375
3.82751e-007	-0.0725
3.83251e-007	-0.0725
3.83751e-007	-0.071875
3.84251e-007	-0.071875
3.84751e-007	-0.0725
3.85251e-007	-0.0725
3.85751e-007	-0.07125
3.86251e-007	-0.0725
3.86751e-007	-0.071875
3.87251e-007	-0.070625
3.87751e-007	-0.07125
3.88251e-007	-0.07125
3.88751e-007	-0.071875
3.89251e-007	-0.07125
3.89751e-007	-0.070625
3.90251e-007	-0.07125
3.90751e-007	-0.07125
3.91251e-007	-0.07125
3.91751e-007	-0.070625
3.92251e-007	-0.070625
3.92751e-007	-0.07
3.93251e-007	-0.070625
3.93751e-007	-0.07125
3.94251e-007	-0.07125
3.94751e-007	-0.070625
3.95251e-007	-0.069375
3.95751e-007	-0.06875
3.96251e-007	-0.069375
3.96751e-007	-0.069375
3.97251e-007	-0.07
3.97751e-007	-0.069375
3.98251e-007	-0.07
3.98751e-007	-0.07
3.99251e-007	-0.069375
3.99751e-007	-0.06875
4.00251e-007	-0.068125
4.00751e-007	-0.0675
4.01251e-007	-0.07
4.01751e-007	-0.069375
4.02251e-007	-0.07
4.02751e-007	-0.069375
4.03251e-007	-0.06875
4.03751e-007	-0.06875
4.04251e-007	-0.069375
4.04751e-007	-0.068125
4.05251e-007	-0.06875
4.05751e-007	-0.0675
4.06251e-007	-0.0675
4.06751e-007	-0.068125
4.07251e-007	-0.0675
4.07751e-007	-0.0675
4.08251e-007	-0.068125
4.08751e-007	-0.066875
4.09251e-007	-0.066875
4.09751e-007	-0.068125
4.10251e-007	-0.06625
4.10751e-007	-0.06875
4.11251e-007	-0.06625
4.11751e-007	-0.065625
4.12251e-007	-0.068125
4.12751e-007	-0.06875
4.13251e-007	-0.0675
4.13751e-007	-0.066875
4.14251e-007	-0.06625
4.14751e-007	-0.0675
4.15251e-007	-0.066875
4.15751e-007	-0.06625
4.16251e-007	-0.065625
4.16751e-007	-0.0675
4.17251e-007	-0.0675
4.17751e-007	-0.0675
4.18251e-007	-0.065
4.18751e-007	-0.065625
4.19251e-007	-0.065625
4.19751e-007	-0.064375
4.20251e-007	-0.065
4.20751e-007	-0.064375
4.21251e-007	-0.064375
4.21751e-007	-0.065625
4.22251e-007	-0.065
4.22751e-007	-0.065
4.23251e-007	-0.064375
4.23751e-007	-0.064375
4.24251e-007	-0.065
4.24751e-007	-0.064375
4.25251e-007	-0.065
4.25751e-007	-0.06625
4.26251e-007	-0.06375
4.26751e-007	-0.06375
4.27251e-007	-0.064375
4.27751e-007	-0.064375
4.28251e-007	-0.065625
4.28751e-007	-0.065
4.29251e-007	-0.065
4.29751e-007	-0.065625
4.30251e-007	-0.064375
4.30751e-007	-0.0625
4.31251e-007	-0.063125
4.31751e-007	-0.063125
4.32251e-007	-0.06375
4.32751e-007	-0.06375
4.33251e-007	-0.0625
4.33751e-007	-0.06125
4.34251e-007	-0.0625
4.34751e-007	-0.063125
4.35251e-007	-0.06375
4.35751e-007	-0.063125
4.36251e-007	-0.0625
4.36751e-007	-0.063125
4.37251e-007	-0.0625
4.37751e-007	-0.061875
4.38251e-007	-0.06125
4.38751e-007	-0.061875
4.39251e-007	-0.061875
4.39751e-007	-0.061875
4.40251e-007	-0.06125
4.40751e-007	-0.0625
4.41251e-007	-0.061875
4.41751e-007	-0.0625
4.42251e-007	-0.06375
4.42751e-007	-0.0625
4.43251e-007	-0.061875
4.43751e-007	-0.06125
4.44251e-007	-0.061875
4.44751e-007	-0.061875
4.45251e-007	-0.061875
4.45751e-007	-0.06
4.46251e-007	-0.0625
4.46751e-007	-0.061875
4.47251e-007	-0.060625
4.47751e-007	-0.06125
4.48251e-007	-0.06125
4.48751e-007	-0.06125
4.49251e-007	-0.06125
4.49751e-007	-0.06
4.50251e-007	-0.06125
4.50751e-007	-0.06
4.51251e-007	-0.059375
4.51751e-007	-0.060625
4.52251e-007	-0.061875
4.52751e-007	-0.05875
4.53251e-007	-0.058125
4.53751e-007	-0.06
4.54251e-007	-0.060625
4.54751e-007	-0.05875
4.55251e-007	-0.05875
4.55751e-007	-0.059375
4.56251e-007	-0.060625
4.56751e-007	-0.059375
4.57251e-007	-0.058125
4.57751e-007	-0.05875
4.58251e-007	-0.05875
4.58751e-007	-0.05875
4.59251e-007	-0.06
4.59751e-007	-0.06
4.60251e-007	-0.0575
4.60751e-007	-0.058125
4.61251e-007	-0.059375
4.61751e-007	-0.05875
4.62251e-007	-0.058125
4.62751e-007	-0.056875
4.63251e-007	-0.056875
4.63751e-007	-0.0575
4.64251e-007	-0.0575
4.64751e-007	-0.056875
4.65251e-007	-0.056875
4.65751e-007	-0.0575
4.66251e-007	-0.05875
4.66751e-007	-0.058125
4.67251e-007	-0.0575
4.67751e-007	-0.055
4.68251e-007	-0.056875
4.68751e-007	-0.0575
4.69251e-007	-0.05625
4.69751e-007	-0.056875
4.70251e-007	-0.058125
4.70751e-007	-0.058125
4.71251e-007	-0.0575
4.71751e-007	-0.056875
4.72251e-007	-0.056875
4.72751e-007	-0.055625
4.73251e-007	-0.056875
4.73751e-007	-0.056875
4.74251e-007	-0.05625
4.74751e-007	-0.055625
4.75251e-007	-0.055625
4.75751e-007	-0.05625
4.76251e-007	-0.0575
4.76751e-007	-0.05625
4.77251e-007	-0.055625
4.77751e-007	-0.05625
4.78251e-007	-0.05625
4.78751e-007	-0.0575
4.79251e-007	-0.056875
4.79751e-007	-0.055625
4.80251e-007	-0.055625
4.80751e-007	-0.05625
4.81251e-007	-0.05625
4.81751e-007	-0.05625
4.82251e-007	-0.055625
4.82751e-007	-0.05375
4.83251e-007	-0.054375
4.83751e-007	-0.054375
4.84251e-007	-0.055
4.84751e-007	-0.054375
4.85251e-007	-0.05375
4.85751e-007	-0.05375
4.86251e-007	-0.0525
4.86751e-007	-0.05375
4.87251e-007	-0.055
4.87751e-007	-0.054375
4.88251e-007	-0.055
4.88751e-007	-0.055
4.89251e-007	-0.054375
4.89751e-007	-0.055625
4.90251e-007	-0.055625
4.90751e-007	-0.05375
4.91251e-007	-0.053125
4.91751e-007	-0.054375
4.92251e-007	-0.055625
4.92751e-007	-0.053125
4.93251e-007	-0.0525
4.93751e-007	-0.0525
4.94251e-007	-0.053125
4.94751e-007	-0.053125
4.95251e-007	-0.051875
4.95751e-007	-0.0525
4.96251e-007	-0.051875
4.96751e-007	-0.051875
4.97251e-007	-0.053125
4.97751e-007	-0.05375
4.98251e-007	-0.053125
4.98751e-007	-0.0525
4.99251e-007	-0.0525
4.99751e-007	-0.05375
5.00251e-007	-0.05375
5.00751e-007	-0.0525
5.01251e-007	-0.053125
5.01751e-007	-0.051875
5.02251e-007	-0.05125
5.02751e-007	-0.05125
5.03251e-007	-0.05125
5.03751e-007	-0.0525
5.04251e-007	-0.0525
5.04751e-007	-0.051875
5.05251e-007	-0.05125
5.05751e-007	-0.05125
5.06251e-007	-0.05125
5.06751e-007	-0.05125
5.07251e-007	-0.050625
5.07751e-007	-0.051875
5.08251e-007	-0.05125
5.08751e-007	-0.051875
5.09251e-007	-0.05125
5.09751e-007	-0.05125
5.10251e-007	-0.051875
5.10751e-007	-0.0525
5.11251e-007	-0.050625
5.11751e-007	-0.05
5.12251e-007	-0.05
5.12751e-007	-0.05
5.13251e-007	-0.05
5.13751e-007	-0.050625
5.14251e-007	-0.049375
5.14751e-007	-0.049375
5.15251e-007	-0.049375
5.15751e-007	-0.049375
5.16251e-007	-0.05
5.16751e-007	-0.049375
5.17251e-007	-0.049375
5.17751e-007	-0.049375
5.18251e-007	-0.049375
5.18751e-007	-0.050625
5.19251e-007	-0.050625
5.19751e-007	-0.05
5.20251e-007	-0.049375
5.20751e-007	-0.048125
5.21251e-007	-0.05
5.21751e-007	-0.05
5.22251e-007	-0.049375
5.22751e-007	-0.049375
5.23251e-007	-0.049375
5.23751e-007	-0.0475
5.24251e-007	-0.0475
5.24751e-007	-0.046875
5.25251e-007	-0.0475
5.25751e-007	-0.04875
5.26251e-007	-0.04875
5.26751e-007	-0.048125
5.27251e-007	-0.046875
5.27751e-007	-0.0475
5.28251e-007	-0.04875
5.28751e-007	-0.049375
5.29251e-007	-0.04875
5.29751e-007	-0.049375
5.30251e-007	-0.049375
5.30751e-007	-0.049375
5.31251e-007	-0.04875
5.31751e-007	-0.0475
5.32251e-007	-0.0475
5.32751e-007	-0.049375
5.33251e-007	-0.0475
5.33751e-007	-0.048125
5.34251e-007	-0.0475
5.34751e-007	-0.048125
5.35251e-007	-0.04875
5.35751e-007	-0.046875
5.36251e-007	-0.0475
5.36751e-007	-0.04625
5.37251e-007	-0.04625
5.37751e-007	-0.046875
5.38251e-007	-0.046875
5.38751e-007	-0.0475
5.39251e-007	-0.046875
5.39751e-007	-0.045625
5.40251e-007	-0.04625
5.40751e-007	-0.045625
5.41251e-007	-0.046875
5.41751e-007	-0.046875
5.42251e-007	-0.046875
5.42751e-007	-0.045625
5.43251e-007	-0.045625
5.43751e-007	-0.04625
5.44251e-007	-0.04625
5.44751e-007	-0.045
5.45251e-007	-0.045625
5.45751e-007	-0.04625
5.46251e-007	-0.04625
5.46751e-007	-0.045
5.47251e-007	-0.04625
5.47751e-007	-0.044375
5.48251e-007	-0.043125
5.48751e-007	-0.045
5.49251e-007	-0.045625
5.49751e-007	-0.044375
5.50251e-007	-0.04625
5.50751e-007	-0.045
5.51251e-007	-0.045
5.51751e-007	-0.045
5.52251e-007	-0.044375
5.52751e-007	-0.046875
5.53251e-007	-0.046875
5.53751e-007	-0.044375
5.54251e-007	-0.045
5.54751e-007	-0.045
5.55251e-007	-0.045
5.55751e-007	-0.044375
5.56251e-007	-0.04375
5.56751e-007	-0.044375
5.57251e-007	-0.044375
5.57751e-007	-0.044375
5.58251e-007	-0.044375
5.58751e-007	-0.043125
5.59251e-007	-0.0425
5.59751e-007	-0.04375
5.60251e-007	-0.044375
5.60751e-007	-0.043125
5.61251e-007	-0.04375
5.61751e-007	-0.043125
5.62251e-007	-0.044375
5.62751e-007	-0.04375
5.63251e-007	-0.0425
5.63751e-007	-0.04375
5.64251e-007	-0.044375
5.64751e-007	-0.043125
5.65251e-007	-0.04375
5.65751e-007	-0.043125
5.66251e-007	-0.04375
5.66751e-007	-0.0425
5.67251e-007	-0.0425
5.67751e-007	-0.04375
5.68251e-007	-0.0425
5.68751e-007	-0.04
5.69251e-007	-0.041875
5.69751e-007	-0.04125
5.70251e-007	-0.039375
5.70751e-007	-0.04125
5.71251e-007	-0.0425
5.71751e-007	-0.041875
5.72251e-007	-0.0425
5.72751e-007	-0.041875
5.73251e-007	-0.041875
5.73751e-007	-0.0425
5.74251e-007	-0.0425
5.74751e-007	-0.04125
5.75251e-007	-0.043125
5.75751e-007	-0.04375
5.76251e-007	-0.0425
5.76751e-007	-0.041875
5.77251e-007	-0.041875
5.77751e-007	-0.041875
5.78251e-007	-0.041875
5.78751e-007	-0.04125
5.79251e-007	-0.04125
5.79751e-007	-0.04
5.80251e-007	-0.04
5.80751e-007	-0.040625
5.81251e-007	-0.039375
5.81751e-007	-0.039375
5.82251e-007	-0.039375
5.82751e-007	-0.04
5.83251e-007	-0.040625
5.83751e-007	-0.04
5.84251e-007	-0.04
5.84751e-007	-0.040625
5.85251e-007	-0.041875
5.85751e-007	-0.041875
5.86251e-007	-0.041875
5.86751e-007	-0.041875
5.87251e-007	-0.0425
5.87751e-007	-0.04125
5.88251e-007	-0.04
5.88751e-007	-0.039375
5.89251e-007	-0.039375
5.89751e-007	-0.03875
5.90251e-007	-0.039375
5.90751e-007	-0.039375
5.91251e-007	-0.039375
5.91751e-007	-0.038125
5.92251e-007	-0.038125
5.92751e-007	-0.03875
5.93251e-007	-0.039375
5.93751e-007	-0.039375
5.94251e-007	-0.039375
5.94751e-007	-0.038125
5.95251e-007	-0.039375
5.95751e-007	-0.03875
5.96251e-007	-0.03875
5.96751e-007	-0.04
5.97251e-007	-0.04125
5.97751e-007	-0.04
5.98251e-007	-0.04
5.98751e-007	-0.04
5.99251e-007	-0.039375
5.99751e-007	-0.038125
6.00251e-007	-0.039375
6.00751e-007	-0.04
6.01251e-007	-0.0375
6.01751e-007	-0.038125
6.02251e-007	-0.0375
6.02751e-007	-0.036875
6.03251e-007	-0.038125
6.03751e-007	-0.039375
6.04251e-007	-0.038125
6.04751e-007	-0.0375
6.05251e-007	-0.0375
6.05751e-007	-0.03875
6.06251e-007	-0.04
6.06751e-007	-0.038125
6.07251e-007	-0.0375
6.07751e-007	-0.039375
6.08251e-007	-0.039375
6.08751e-007	-0.039375
6.09251e-007	-0.039375
6.09751e-007	-0.0375
6.10251e-007	-0.0375
6.10751e-007	-0.0375
6.11251e-007	-0.0375
6.11751e-007	-0.0375
6.12251e-007	-0.036875
6.12751e-007	-0.0375
6.13251e-007	-0.03625
6.13751e-007	-0.035
6.14251e-007	-0.036875
6.14751e-007	-0.036875
6.15251e-007	-0.0375
6.15751e-007	-0.0375
6.16251e-007	-0.0375
6.16751e-007	-0.038125
6.17251e-007	-0.0375
6.17751e-007	-0.038125
6.18251e-007	-0.038125
6.18751e-007	-0.036875
6.19251e-007	-0.0375
6.19751e-007	-0.036875
6.20251e-007	-0.036875
6.20751e-007	-0.03625
6.21251e-007	-0.036875
6.21751e-007	-0.036875
6.22251e-007	-0.035
6.22751e-007	-0.035625
6.23251e-007	-0.036875
6.23751e-007	-0.0375
6.24251e-007	-0.035
6.24751e-007	-0.035
6.25251e-007	-0.036875
6.25751e-007	-0.036875
6.26251e-007	-0.035625
6.26751e-007	-0.035625
6.27251e-007	-0.03625
6.27751e-007	-0.036875
6.28251e-007	-0.038125
6.28751e-007	-0.03625
6.29251e-007	-0.034375
6.29751e-007	-0.035625
6.30251e-007	-0.036875
6.30751e-007	-0.03625
6.31251e-007	-0.03625
6.31751e-007	-0.03625
6.32251e-007	-0.034375
6.32751e-007	-0.03625
6.33251e-007	-0.036875
6.33751e-007	-0.035
6.34251e-007	-0.035
6.34751e-007	-0.035625
6.35251e-007	-0.034375
6.35751e-007	-0.034375
6.36251e-007	-0.035
6.36751e-007	-0.035
6.37251e-007	-0.034375
6.37751e-007	-0.033125
6.38251e-007	-0.035
6.38751e-007	-0.03625
6.39251e-007	-0.035625
6.39751e-007	-0.033125
6.40251e-007	-0.03625
6.40751e-007	-0.035625
6.41251e-007	-0.03375
6.41751e-007	-0.035
6.42251e-007	-0.03625
6.42751e-007	-0.03375
6.43251e-007	-0.03375
6.43751e-007	-0.035
6.44251e-007	-0.035
6.44751e-007	-0.033125
6.45251e-007	-0.0325
6.45751e-007	-0.03375
6.46251e-007	-0.034375
6.46751e-007	-0.03375
6.47251e-007	-0.0325
6.47751e-007	-0.033125
6.48251e-007	-0.03375
6.48751e-007	-0.03375
6.49251e-007	-0.034375
6.49751e-007	-0.03375
6.50251e-007	-0.03375
6.50751e-007	-0.035
6.51251e-007	-0.034375
6.51751e-007	-0.03375
6.52251e-007	-0.034375
6.52751e-007	-0.03375
6.53251e-007	-0.0325
6.53751e-007	-0.0325
6.54251e-007	-0.0325
6.54751e-007	-0.034375
6.55251e-007	-0.03375
6.55751e-007	-0.033125
6.56251e-007	-0.0325
6.56751e-007	-0.033125
6.57251e-007	-0.033125
6.57751e-007	-0.031875
6.58251e-007	-0.03375
6.58751e-007	-0.0325
6.59251e-007	-0.0325
6.59751e-007	-0.0325
6.60251e-007	-0.0325
6.60751e-007	-0.03375
6.61251e-007	-0.03375
6.61751e-007	-0.031875
6.62251e-007	-0.033125
6.62751e-007	-0.03375
6.63251e-007	-0.033125
6.63751e-007	-0.033125
6.64251e-007	-0.033125
6.64751e-007	-0.0325
6.65251e-007	-0.033125
6.65751e-007	-0.033125
6.66251e-007	-0.034375
6.66751e-007	-0.033125
6.67251e-007	-0.03125
6.67751e-007	-0.033125
6.68251e-007	-0.033125
6.68751e-007	-0.03125
6.69251e-007	-0.031875
6.69751e-007	-0.031875
6.70251e-007	-0.031875
6.70751e-007	-0.031875
6.71251e-007	-0.03125
6.71751e-007	-0.033125
6.72251e-007	-0.03375
6.72751e-007	-0.03125
6.73251e-007	-0.0325
6.73751e-007	-0.033125
6.74251e-007	-0.030625
6.74751e-007	-0.03125
6.75251e-007	-0.0325
6.75751e-007	-0.031875
6.76251e-007	-0.03125
6.76751e-007	-0.030625
6.77251e-007	-0.0325
6.77751e-007	-0.0325
6.78251e-007	-0.03125
6.78751e-007	-0.03125
6.79251e-007	-0.031875
6.79751e-007	-0.03
6.80251e-007	-0.03
6.80751e-007	-0.030625
6.81251e-007	-0.030625
6.81751e-007	-0.03
6.82251e-007	-0.029375
6.82751e-007	-0.030625
6.83251e-007	-0.03
6.83751e-007	-0.029375
6.84251e-007	-0.029375
6.84751e-007	-0.029375
6.85251e-007	-0.03125
6.85751e-007	-0.03125
6.86251e-007	-0.030625
6.86751e-007	-0.031875
6.87251e-007	-0.031875
6.87751e-007	-0.03
6.88251e-007	-0.029375
6.88751e-007	-0.02875
6.89251e-007	-0.030625
6.89751e-007	-0.031875
6.90251e-007	-0.029375
6.90751e-007	-0.02875
6.91251e-007	-0.03
6.91751e-007	-0.03
6.92251e-007	-0.03
6.92751e-007	-0.029375
6.93251e-007	-0.030625
6.93751e-007	-0.029375
6.94251e-007	-0.03
6.94751e-007	-0.03
6.95251e-007	-0.029375
6.95751e-007	-0.03
6.96251e-007	-0.03125
6.96751e-007	-0.029375
6.97251e-007	-0.030625
6.97751e-007	-0.031875
6.98251e-007	-0.03
6.98751e-007	-0.02875
6.99251e-007	-0.030625
6.99751e-007	-0.03125
7.00251e-007	-0.029375
7.00751e-007	-0.03
7.01251e-007	-0.02875
7.01751e-007	-0.028125
7.02251e-007	-0.028125
7.02751e-007	-0.029375
7.03251e-007	-0.02875
7.03751e-007	-0.02875
7.04251e-007	-0.028125
7.04751e-007	-0.02875
7.05251e-007	-0.02875
7.05751e-007	-0.02875
7.06251e-007	-0.02875
7.06751e-007	-0.02875
7.07251e-007	-0.029375
7.07751e-007	-0.03
7.08251e-007	-0.02875
7.08751e-007	-0.028125
7.09251e-007	-0.029375
7.09751e-007	-0.029375
7.10251e-007	-0.028125
7.10751e-007	-0.029375
7.11251e-007	-0.029375
7.11751e-007	-0.029375
7.12251e-007	-0.0275
7.12751e-007	-0.028125
7.13251e-007	-0.02875
7.13751e-007	-0.028125
7.14251e-007	-0.02875
7.14751e-007	-0.028125
7.15251e-007	-0.026875
7.15751e-007	-0.025625
7.16251e-007	-0.026875
7.16751e-007	-0.0275
7.17251e-007	-0.0275
7.17751e-007	-0.026875
7.18251e-007	-0.026875
7.18751e-007	-0.02875
7.19251e-007	-0.02875
7.19751e-007	-0.0275
7.20251e-007	-0.02875
7.20751e-007	-0.028125
7.21251e-007	-0.0275
7.21751e-007	-0.028125
7.22251e-007	-0.0275
7.22751e-007	-0.028125
7.23251e-007	-0.026875
7.23751e-007	-0.026875
7.24251e-007	-0.026875
7.24751e-007	-0.0275
7.25251e-007	-0.026875
7.25751e-007	-0.026875
7.26251e-007	-0.02625
7.26751e-007	-0.026875
7.27251e-007	-0.026875
7.27751e-007	-0.026875
7.28251e-007	-0.026875
7.28751e-007	-0.02625
7.29251e-007	-0.028125
7.29751e-007	-0.0275
7.30251e-007	-0.026875
7.30751e-007	-0.0275
7.31251e-007	-0.026875
7.31751e-007	-0.026875
7.32251e-007	-0.026875
7.32751e-007	-0.0275
7.33251e-007	-0.0275
7.33751e-007	-0.026875
7.34251e-007	-0.02625
7.34751e-007	-0.026875
7.35251e-007	-0.026875
7.35751e-007	-0.025625
7.36251e-007	-0.025
7.36751e-007	-0.02625
7.37251e-007	-0.02625
7.37751e-007	-0.02625
7.38251e-007	-0.025
7.38751e-007	-0.025
7.39251e-007	-0.025625
7.39751e-007	-0.026875
7.40251e-007	-0.02625
7.40751e-007	-0.026875
7.41251e-007	-0.026875
7.41751e-007	-0.026875
7.42251e-007	-0.025625
7.42751e-007	-0.026875
7.43251e-007	-0.0275
7.43751e-007	-0.02625
7.44251e-007	-0.02625
7.44751e-007	-0.02625
7.45251e-007	-0.025625
7.45751e-007	-0.02625
7.46251e-007	-0.02625
7.46751e-007	-0.025625
7.47251e-007	-0.024375
7.47751e-007	-0.02625
7.48251e-007	-0.025
7.48751e-007	-0.025625
7.49251e-007	-0.024375
7.49751e-007	-0.025
7.50251e-007	-0.025
7.50751e-007	-0.02625
7.51251e-007	-0.026875
7.51751e-007	-0.02625
7.52251e-007	-0.025625
7.52751e-007	-0.02625
7.53251e-007	-0.025625
7.53751e-007	-0.025
7.54251e-007	-0.025625
7.54751e-007	-0.026875
7.55251e-007	-0.025
7.55751e-007	-0.02375
7.56251e-007	-0.025
7.56751e-007	-0.024375
7.57251e-007	-0.024375
7.57751e-007	-0.025
7.58251e-007	-0.02375
7.58751e-007	-0.02375
7.59251e-007	-0.02375
7.59751e-007	-0.02375
7.60251e-007	-0.02375
7.60751e-007	-0.024375
7.61251e-007	-0.025
7.61751e-007	-0.025625
7.62251e-007	-0.025
7.62751e-007	-0.025
7.63251e-007	-0.024375
7.63751e-007	-0.025625
7.64251e-007	-0.025
7.64751e-007	-0.025
7.65251e-007	-0.025
7.65751e-007	-0.024375
7.66251e-007	-0.024375
7.66751e-007	-0.024375
7.67251e-007	-0.023125
7.67751e-007	-0.023125
7.68251e-007	-0.02375
7.68751e-007	-0.023125
7.69251e-007	-0.0225
7.69751e-007	-0.021875
7.70251e-007	-0.023125
7.70751e-007	-0.025
7.71251e-007	-0.0225
7.71751e-007	-0.023125
7.72251e-007	-0.02375
7.72751e-007	-0.025
7.73251e-007	-0.024375
7.73751e-007	-0.024375
7.74251e-007	-0.025
7.74751e-007	-0.024375
7.75251e-007	-0.0225
7.75751e-007	-0.02375
7.76251e-007	-0.023125
7.76751e-007	-0.02375
7.77251e-007	-0.024375
7.77751e-007	-0.025
7.78251e-007	-0.0225
7.78751e-007	-0.020625
7.79251e-007	-0.02375
7.79751e-007	-0.024375
7.80251e-007	-0.023125
7.80751e-007	-0.023125
7.81251e-007	-0.02375
7.81751e-007	-0.025
7.82251e-007	-0.02375
7.82751e-007	-0.0225
7.83251e-007	-0.024375
7.83751e-007	-0.024375
7.84251e-007	-0.02375
7.84751e-007	-0.0225
7.85251e-007	-0.02375
7.85751e-007	-0.02375
7.86251e-007	-0.02375
7.86751e-007	-0.02375
7.87251e-007	-0.021875
7.87751e-007	-0.02125
7.88251e-007	-0.021875
7.88751e-007	-0.021875
7.89251e-007	-0.023125
7.89751e-007	-0.0225
7.90251e-007	-0.020625
7.90751e-007	-0.021875
7.91251e-007	-0.023125
7.91751e-007	-0.02375
7.92251e-007	-0.0225
7.92751e-007	-0.023125
7.93251e-007	-0.023125
7.93751e-007	-0.0225
7.94251e-007	-0.023125
7.94751e-007	-0.021875
7.95251e-007	-0.021875
7.95751e-007	-0.02375
7.96251e-007	-0.021875
7.96751e-007	-0.020625
7.97251e-007	-0.021875
7.97751e-007	-0.0225
7.98251e-007	-0.021875
7.98751e-007	-0.02
7.99251e-007	-0.02125
7.99751e-007	-0.021875
8.00251e-007	-0.02125
8.00751e-007	-0.02125
8.01251e-007	-0.021875
8.01751e-007	-0.021875
8.02251e-007	-0.0225
8.02751e-007	-0.021875
8.03251e-007	-0.0225
8.03751e-007	-0.0225
8.04251e-007	-0.0225
8.04751e-007	-0.021875
8.05251e-007	-0.02125
8.05751e-007	-0.020625
8.06251e-007	-0.023125
8.06751e-007	-0.021875
8.07251e-007	-0.020625
8.07751e-007	-0.019375
8.08251e-007	-0.02125
8.08751e-007	-0.020625
8.09251e-007	-0.021875
8.09751e-007	-0.020625
8.10251e-007	-0.02
8.10751e-007	-0.02
8.11251e-007	-0.02
8.11751e-007	-0.02125
8.12251e-007	-0.021875
8.12751e-007	-0.02125
8.13251e-007	-0.02125
8.13751e-007	-0.02125
8.14251e-007	-0.021875
8.14751e-007	-0.02125
8.15251e-007	-0.021875
8.15751e-007	-0.02125
8.16251e-007	-0.02
8.16751e-007	-0.019375
8.17251e-007	-0.020625
8.17751e-007	-0.02
8.18251e-007	-0.019375
8.18751e-007	-0.01875
8.19251e-007	-0.02
8.19751e-007	-0.020625
8.20251e-007	-0.01875
8.20751e-007	-0.018125
8.21251e-007	-0.019375
8.21751e-007	-0.019375
8.22251e-007	-0.02
8.22751e-007	-0.019375
8.23251e-007	-0.02
8.23751e-007	-0.02
8.24251e-007	-0.020625
8.24751e-007	-0.019375
8.25251e-007	-0.02
8.25751e-007	-0.02125
8.26251e-007	-0.020625
8.26751e-007	-0.02
8.27251e-007	-0.02
8.27751e-007	-0.01875
8.28251e-007	-0.019375
8.28751e-007	-0.01875
8.29251e-007	-0.01875
8.29751e-007	-0.019375
8.30251e-007	-0.019375
8.30751e-007	-0.019375
8.31251e-007	-0.019375
8.31751e-007	-0.018125
8.32251e-007	-0.019375
8.32751e-007	-0.0175
8.33251e-007	-0.02125
8.33751e-007	-0.020625
8.34251e-007	-0.02
8.34751e-007	-0.020625
8.35251e-007	-0.019375
8.35751e-007	-0.02
8.36251e-007	-0.02
8.36751e-007	-0.01875
8.37251e-007	-0.01875
8.37751e-007	-0.019375
8.38251e-007	-0.02
8.38751e-007	-0.019375
8.39251e-007	-0.019375
8.39751e-007	-0.01875
8.40251e-007	-0.01875
8.40751e-007	-0.01875
8.41251e-007	-0.019375
8.41751e-007	-0.019375
8.42251e-007	-0.02
8.42751e-007	-0.018125
8.43251e-007	-0.018125
8.43751e-007	-0.02
8.44251e-007	-0.019375
8.44751e-007	-0.02
8.45251e-007	-0.020625
8.45751e-007	-0.02
8.46251e-007	-0.018125
8.46751e-007	-0.02
8.47251e-007	-0.021875
8.47751e-007	-0.01875
8.48251e-007	-0.018125
8.48751e-007	-0.018125
8.49251e-007	-0.01875
8.49751e-007	-0.01875
8.50251e-007	-0.0175
8.50751e-007	-0.018125
8.51251e-007	-0.01875
8.51751e-007	-0.01875
8.52251e-007	-0.019375
8.52751e-007	-0.018125
8.53251e-007	-0.01875
8.53751e-007	-0.01875
8.54251e-007	-0.018125
8.54751e-007	-0.018125
8.55251e-007	-0.02
8.55751e-007	-0.01875
8.56251e-007	-0.018125
8.56751e-007	-0.018125
8.57251e-007	-0.018125
8.57751e-007	-0.01875
8.58251e-007	-0.019375
8.58751e-007	-0.018125
8.59251e-007	-0.0175
8.59751e-007	-0.018125
8.60251e-007	-0.01875
8.60751e-007	-0.018125
8.61251e-007	-0.01875
8.61751e-007	-0.01875
8.62251e-007	-0.019375
8.62751e-007	-0.016875
8.63251e-007	-0.016875
8.63751e-007	-0.018125
8.64251e-007	-0.016875
8.64751e-007	-0.0175
8.65251e-007	-0.018125
8.65751e-007	-0.01875
8.66251e-007	-0.02
8.66751e-007	-0.018125
8.67251e-007	-0.01875
8.67751e-007	-0.01875
8.68251e-007	-0.018125
8.68751e-007	-0.018125
8.69251e-007	-0.0175
8.69751e-007	-0.016875
8.70251e-007	-0.01875
8.70751e-007	-0.018125
8.71251e-007	-0.0175
8.71751e-007	-0.01875
8.72251e-007	-0.01875
8.72751e-007	-0.0175
8.73251e-007	-0.016875
8.73751e-007	-0.0175
8.74251e-007	-0.018125
8.74751e-007	-0.01875
8.75251e-007	-0.0175
8.75751e-007	-0.0175
8.76251e-007	-0.01875
8.76751e-007	-0.0175
8.77251e-007	-0.0175
8.77751e-007	-0.016875
8.78251e-007	-0.0175
8.78751e-007	-0.0175
8.79251e-007	-0.018125
8.79751e-007	-0.018125
8.80251e-007	-0.016875
8.80751e-007	-0.016875
8.81251e-007	-0.018125
8.81751e-007	-0.0175
8.82251e-007	-0.019375
8.82751e-007	-0.01875
8.83251e-007	-0.018125
8.83751e-007	-0.016875
8.84251e-007	-0.018125
8.84751e-007	-0.018125
8.85251e-007	-0.0175
8.85751e-007	-0.016875
8.86251e-007	-0.016875
8.86751e-007	-0.016875
8.87251e-007	-0.018125
8.87751e-007	-0.0175
8.88251e-007	-0.01625
8.88751e-007	-0.016875
8.89251e-007	-0.016875
8.89751e-007	-0.01625
8.90251e-007	-0.0175
8.90751e-007	-0.016875
8.91251e-007	-0.0175
8.91751e-007	-0.018125
8.92251e-007	-0.018125
8.92751e-007	-0.01875
8.93251e-007	-0.01875
8.93751e-007	-0.01875
8.94251e-007	-0.01625
8.94751e-007	-0.01625
8.95251e-007	-0.018125
8.95751e-007	-0.016875
8.96251e-007	-0.016875
8.96751e-007	-0.015625
8.97251e-007	-0.01625
8.97751e-007	-0.01625
8.98251e-007	-0.0175
8.98751e-007	-0.0175
8.99251e-007	-0.016875
8.99751e-007	-0.01625
9.00251e-007	-0.0175
9.00751e-007	-0.0175
9.01251e-007	-0.016875
9.01751e-007	-0.0175
9.02251e-007	-0.018125
9.02751e-007	-0.0175
9.03251e-007	-0.01875
9.03751e-007	-0.01875
9.04251e-007	-0.01625
9.04751e-007	-0.016875
9.05251e-007	-0.0175
9.05751e-007	-0.018125
9.06251e-007	-0.0175
9.06751e-007	-0.0175
9.07251e-007	-0.01625
9.07751e-007	-0.01375
9.08251e-007	-0.015
9.08751e-007	-0.016875
9.09251e-007	-0.016875
9.09751e-007	-0.016875
9.10251e-007	-0.0175
9.10751e-007	-0.016875
9.11251e-007	-0.0175
9.11751e-007	-0.016875
9.12251e-007	-0.0175
9.12751e-007	-0.0175
9.13251e-007	-0.016875
9.13751e-007	-0.015625
9.14251e-007	-0.01625
9.14751e-007	-0.01625
9.15251e-007	-0.016875
9.15751e-007	-0.016875
9.16251e-007	-0.016875
9.16751e-007	-0.016875
9.17251e-007	-0.01625
9.17751e-007	-0.015625
9.18251e-007	-0.01625
9.18751e-007	-0.016875
9.19251e-007	-0.016875
9.19751e-007	-0.016875
9.20251e-007	-0.016875
9.20751e-007	-0.014375
9.21251e-007	-0.014375
9.21751e-007	-0.016875
9.22251e-007	-0.0175
9.22751e-007	-0.015
9.23251e-007	-0.01625
9.23751e-007	-0.0175
9.24251e-007	-0.018125
9.24751e-007	-0.016875
9.25251e-007	-0.018125
9.25751e-007	-0.01625
9.26251e-007	-0.015625
9.26751e-007	-0.01625
9.27251e-007	-0.01625
9.27751e-007	-0.015625
9.28251e-007	-0.015
9.28751e-007	-0.015625
9.29251e-007	-0.0175
9.29751e-007	-0.014375
9.30251e-007	-0.014375
9.30751e-007	-0.015
9.31251e-007	-0.01625
9.31751e-007	-0.01625
9.32251e-007	-0.015
9.32751e-007	-0.014375
9.33251e-007	-0.01625
9.33751e-007	-0.01625
9.34251e-007	-0.01625
9.34751e-007	-0.015625
9.35251e-007	-0.015625
9.35751e-007	-0.01625
9.36251e-007	-0.016875
9.36751e-007	-0.01625
9.37251e-007	-0.016875
9.37751e-007	-0.015
9.38251e-007	-0.014375
9.38751e-007	-0.015625
9.39251e-007	-0.01625
9.39751e-007	-0.015
9.40251e-007	-0.014375
9.40751e-007	-0.015
9.41251e-007	-0.015
9.41751e-007	-0.015
9.42251e-007	-0.015
9.42751e-007	-0.014375
9.43251e-007	-0.014375
9.43751e-007	-0.015
9.44251e-007	-0.01625
9.44751e-007	-0.015625
9.45251e-007	-0.01625
9.45751e-007	-0.015625
9.46251e-007	-0.014375
9.46751e-007	-0.015625
9.47251e-007	-0.015625
9.47751e-007	-0.014375
9.48251e-007	-0.01625
9.48751e-007	-0.015
9.49251e-007	-0.01625
9.49751e-007	-0.015625
9.50251e-007	-0.015
9.50751e-007	-0.01375
9.51251e-007	-0.01625
9.51751e-007	-0.015625
9.52251e-007	-0.015
9.52751e-007	-0.015
9.53251e-007	-0.015
9.53751e-007	-0.014375
9.54251e-007	-0.015625
9.54751e-007	-0.015625
9.55251e-007	-0.015625
9.55751e-007	-0.014375
9.56251e-007	-0.015625
9.56751e-007	-0.015
9.57251e-007	-0.01375
9.57751e-007	-0.014375
9.58251e-007	-0.016875
9.58751e-007	-0.015625
9.59251e-007	-0.01625
9.59751e-007	-0.015
9.60251e-007	-0.01375
9.60751e-007	-0.014375
9.61251e-007	-0.015
9.61751e-007	-0.014375
9.62251e-007	-0.015625
9.62751e-007	-0.014375
9.63251e-007	-0.01375
9.63751e-007	-0.015
9.64251e-007	-0.015
9.64751e-007	-0.01375
9.65251e-007	-0.013125
9.65751e-007	-0.01375
9.66251e-007	-0.015625
9.66751e-007	-0.014375
9.67251e-007	-0.013125
9.67751e-007	-0.01375
9.68251e-007	-0.014375
9.68751e-007	-0.013125
9.69251e-007	-0.01375
9.69751e-007	-0.01375
9.70251e-007	-0.0125
9.70751e-007	-0.014375
9.71251e-007	-0.014375
9.71751e-007	-0.013125
9.72251e-007	-0.01375
9.72751e-007	-0.015
9.73251e-007	-0.014375
9.73751e-007	-0.013125
9.74251e-007	-0.01375
9.74751e-007	-0.0125
9.75251e-007	-0.013125
9.75751e-007	-0.014375
9.76251e-007	-0.015
9.76751e-007	-0.014375
9.77251e-007	-0.014375
9.77751e-007	-0.01375
9.78251e-007	-0.01375
9.78751e-007	-0.01375
9.79251e-007	-0.014375
9.79751e-007	-0.014375
9.80251e-007	-0.014375
9.80751e-007	-0.014375
9.81251e-007	-0.01375
9.81751e-007	-0.013125
9.82251e-007	-0.014375
9.82751e-007	-0.014375
9.83251e-007	-0.013125
9.83751e-007	-0.014375
9.84251e-007	-0.01375
9.84751e-007	-0.013125
9.85251e-007	-0.014375
9.85751e-007	-0.01375
9.86251e-007	-0.015625
9.86751e-007	-0.015625
9.87251e-007	-0.0125
9.87751e-007	-0.0125
9.88251e-007	-0.014375
9.88751e-007	-0.01375
9.89251e-007	-0.013125
9.89751e-007	-0.014375
9.90251e-007	-0.014375
9.90751e-007	-0.013125
9.91251e-007	-0.014375
9.91751e-007	-0.015
9.92251e-007	-0.013125
9.92751e-007	-0.0125
9.93251e-007	-0.014375
9.93751e-007	-0.013125
9.94251e-007	-0.011875
9.94751e-007	-0.01375
9.95251e-007	-0.015
9.95751e-007	-0.01375
9.96251e-007	-0.014375
9.96751e-007	-0.014375
9.97251e-007	-0.015625
9.97751e-007	-0.014375
9.98251e-007	-0.01375
9.98751e-007	-0.013125
9.99251e-007	-0.013125
9.99751e-007	-0.01375
1.000251e-006	-0.013125
1.000751e-006	-0.011875
1.001251e-006	-0.0125
1.001751e-006	-0.013125
1.002251e-006	-0.0125
1.002751e-006	-0.0125
1.003251e-006	-0.01375
1.003751e-006	-0.013125
1.004251e-006	-0.0125
