LECROYWS454	16215	Waveform
Segments	1	SegmentSize	4002
Segment	TrigTime	TimeSinceSegment1
#1	29-Apr-2024 21:08:35	0                 
Time	Ampl
-9.96409e-007	-0.000625
-9.95909e-007	-0.00125
-9.95409e-007	-0.000625
-9.94909e-007	-0.000625
-9.94409e-007	0.000625
-9.93909e-007	0.000625
-9.93409e-007	-0.000625
-9.92909e-007	-0.00125
-9.92409e-007	-0.000625
-9.91909e-007	-0.000625
-9.91409e-007	0
-9.90909e-007	0.000625
-9.90409e-007	0.000625
-9.89909e-007	-0.001875
-9.89409e-007	-0.00125
-9.88909e-007	-0.000625
-9.88409e-007	0
-9.87909e-007	0
-9.87409e-007	0
-9.86909e-007	0.000625
-9.86409e-007	-0.00125
-9.85909e-007	-0.00125
-9.85409e-007	-0.000625
-9.84909e-007	0.000625
-9.84409e-007	0.000625
-9.83909e-007	-0.000625
-9.83409e-007	-0.000625
-9.82909e-007	0
-9.82409e-007	0
-9.81909e-007	0.000625
-9.81409e-007	0
-9.80909e-007	-0.000625
-9.80409e-007	0
-9.79909e-007	-0.000625
-9.79409e-007	-0.000625
-9.78909e-007	-0.00125
-9.78409e-007	-0.001875
-9.77909e-007	0.000625
-9.77409e-007	0.000625
-9.76909e-007	-0.00125
-9.76409e-007	0
-9.75909e-007	0
-9.75409e-007	-0.000625
-9.74909e-007	0
-9.74409e-007	0.000625
-9.73909e-007	-0.000625
-9.73409e-007	0.000625
-9.72909e-007	0.000625
-9.72409e-007	0.000625
-9.71909e-007	0
-9.71409e-007	0.00125
-9.70909e-007	0
-9.70409e-007	-0.00125
-9.69909e-007	-0.00125
-9.69409e-007	-0.000625
-9.68909e-007	-0.000625
-9.68409e-007	0
-9.67909e-007	-0.000625
-9.67409e-007	-0.000625
-9.66909e-007	0
-9.66409e-007	0
-9.65909e-007	-0.000625
-9.65409e-007	0
-9.64909e-007	0.000625
-9.64409e-007	0.000625
-9.63909e-007	0
-9.63409e-007	-0.00125
-9.62909e-007	0
-9.62409e-007	-0.00125
-9.61909e-007	-0.000625
-9.61409e-007	0
-9.60909e-007	0
-9.60409e-007	0
-9.59909e-007	-0.003125
-9.59409e-007	-0.001875
-9.58909e-007	0.00125
-9.58409e-007	-0.000625
-9.57909e-007	-0.000625
-9.57409e-007	-0.00125
-9.56909e-007	-0.000625
-9.56409e-007	-0.00125
-9.55909e-007	-0.000625
-9.55409e-007	0.00125
-9.54909e-007	0.00125
-9.54409e-007	0.000625
-9.53909e-007	0.000625
-9.53409e-007	0.000625
-9.52909e-007	0
-9.52409e-007	0.000625
-9.51909e-007	0
-9.51409e-007	0
-9.50909e-007	0
-9.50409e-007	-0.00125
-9.49909e-007	-0.0025
-9.49409e-007	0
-9.48909e-007	0.00125
-9.48409e-007	-0.000625
-9.47909e-007	-0.001875
-9.47409e-007	-0.00125
-9.46909e-007	-0.00125
-9.46409e-007	-0.000625
-9.45909e-007	0.000625
-9.45409e-007	0
-9.44909e-007	0.00125
-9.44409e-007	0.00125
-9.43909e-007	0
-9.43409e-007	0
-9.42909e-007	-0.000625
-9.42409e-007	-0.000625
-9.41909e-007	0
-9.41409e-007	-0.000625
-9.40909e-007	-0.000625
-9.40409e-007	0
-9.39909e-007	-0.000625
-9.39409e-007	-0.00125
-9.38909e-007	-0.000625
-9.38409e-007	0
-9.37909e-007	-0.000625
-9.37409e-007	0
-9.36909e-007	0.00125
-9.36409e-007	0.000625
-9.35909e-007	0
-9.35409e-007	-0.000625
-9.34909e-007	-0.00125
-9.34409e-007	0
-9.33909e-007	0
-9.33409e-007	-0.000625
-9.32909e-007	-0.00125
-9.32409e-007	0
-9.31909e-007	0
-9.31409e-007	0.00125
-9.30909e-007	-0.000625
-9.30409e-007	-0.000625
-9.29909e-007	-0.001875
-9.29409e-007	-0.00125
-9.28909e-007	0.000625
-9.28409e-007	0
-9.27909e-007	-0.001875
-9.27409e-007	-0.00125
-9.26909e-007	0.000625
-9.26409e-007	0.00125
-9.25909e-007	-0.000625
-9.25409e-007	0
-9.24909e-007	0.000625
-9.24409e-007	0
-9.23909e-007	-0.000625
-9.23409e-007	0
-9.22909e-007	0.000625
-9.22409e-007	0.000625
-9.21909e-007	-0.000625
-9.21409e-007	0
-9.20909e-007	0
-9.20409e-007	-0.000625
-9.19909e-007	-0.001875
-9.19409e-007	-0.000625
-9.18909e-007	0
-9.18409e-007	-0.000625
-9.17909e-007	0.000625
-9.17409e-007	-0.00125
-9.16909e-007	-0.000625
-9.16409e-007	0
-9.15909e-007	0
-9.15409e-007	0
-9.14909e-007	0.000625
-9.14409e-007	-0.000625
-9.13909e-007	0
-9.13409e-007	0.001875
-9.12909e-007	0
-9.12409e-007	-0.001875
-9.11909e-007	0
-9.11409e-007	0
-9.10909e-007	0
-9.10409e-007	-0.000625
-9.09909e-007	0.000625
-9.09409e-007	0.00125
-9.08909e-007	0.000625
-9.08409e-007	0.000625
-9.07909e-007	-0.000625
-9.07409e-007	-0.000625
-9.06909e-007	-0.000625
-9.06409e-007	0.000625
-9.05909e-007	0.000625
-9.05409e-007	-0.00125
-9.04909e-007	-0.00125
-9.04409e-007	0.000625
-9.03909e-007	0.000625
-9.03409e-007	0
-9.02909e-007	0
-9.02409e-007	-0.000625
-9.01909e-007	0
-9.01409e-007	0
-9.00909e-007	-0.000625
-9.00409e-007	0.00125
-8.99909e-007	-0.00125
-8.99409e-007	-0.000625
-8.98909e-007	0.001875
-8.98409e-007	0.000625
-8.97909e-007	-0.00125
-8.97409e-007	-0.000625
-8.96909e-007	-0.000625
-8.96409e-007	-0.00125
-8.95909e-007	-0.000625
-8.95409e-007	-0.001875
-8.94909e-007	-0.000625
-8.94409e-007	0.000625
-8.93909e-007	-0.000625
-8.93409e-007	0
-8.92909e-007	0
-8.92409e-007	-0.000625
-8.91909e-007	-0.00125
-8.91409e-007	0
-8.90909e-007	-0.000625
-8.90409e-007	-0.000625
-8.89909e-007	0
-8.89409e-007	0
-8.88909e-007	0
-8.88409e-007	-0.00125
-8.87909e-007	-0.00125
-8.87409e-007	-0.00125
-8.86909e-007	0
-8.86409e-007	0.000625
-8.85909e-007	-0.001875
-8.85409e-007	-0.001875
-8.84909e-007	0.001875
-8.84409e-007	0.000625
-8.83909e-007	-0.001875
-8.83409e-007	-0.000625
-8.82909e-007	0
-8.82409e-007	-0.000625
-8.81909e-007	-0.000625
-8.81409e-007	0.00125
-8.80909e-007	0
-8.80409e-007	0
-8.79909e-007	0.000625
-8.79409e-007	0
-8.78909e-007	-0.000625
-8.78409e-007	0
-8.77909e-007	0.000625
-8.77409e-007	-0.000625
-8.76909e-007	-0.00125
-8.76409e-007	-0.00125
-8.75909e-007	0
-8.75409e-007	-0.000625
-8.74909e-007	-0.00125
-8.74409e-007	-0.00125
-8.73909e-007	-0.00125
-8.73409e-007	-0.0025
-8.72909e-007	-0.00125
-8.72409e-007	-0.00125
-8.71909e-007	-0.000625
-8.71409e-007	0.000625
-8.70909e-007	0.000625
-8.70409e-007	0.000625
-8.69909e-007	0
-8.69409e-007	-0.00125
-8.68909e-007	-0.000625
-8.68409e-007	0.000625
-8.67909e-007	0
-8.67409e-007	-0.000625
-8.66909e-007	-0.000625
-8.66409e-007	0
-8.65909e-007	0.000625
-8.65409e-007	0
-8.64909e-007	-0.00125
-8.64409e-007	0.000625
-8.63909e-007	0
-8.63409e-007	-0.000625
-8.62909e-007	-0.000625
-8.62409e-007	-0.000625
-8.61909e-007	-0.001875
-8.61409e-007	0
-8.60909e-007	0
-8.60409e-007	0
-8.59909e-007	-0.000625
-8.59409e-007	0.00125
-8.58909e-007	0.000625
-8.58409e-007	-0.00125
-8.57909e-007	-0.00125
-8.57409e-007	-0.000625
-8.56909e-007	-0.000625
-8.56409e-007	0
-8.55909e-007	-0.000625
-8.55409e-007	-0.000625
-8.54909e-007	0.000625
-8.54409e-007	0.000625
-8.53909e-007	-0.000625
-8.53409e-007	0
-8.52909e-007	0
-8.52409e-007	0
-8.51909e-007	-0.00125
-8.51409e-007	-0.00125
-8.50909e-007	0
-8.50409e-007	-0.000625
-8.49909e-007	-0.00125
-8.49409e-007	0
-8.48909e-007	0.000625
-8.48409e-007	0.000625
-8.47909e-007	-0.000625
-8.47409e-007	-0.000625
-8.46909e-007	0
-8.46409e-007	-0.000625
-8.45909e-007	-0.000625
-8.45409e-007	-0.000625
-8.44909e-007	-0.001875
-8.44409e-007	0
-8.43909e-007	0.000625
-8.43409e-007	-0.000625
-8.42909e-007	0.000625
-8.42409e-007	-0.000625
-8.41909e-007	-0.00125
-8.41409e-007	0.00125
-8.40909e-007	0
-8.40409e-007	0
-8.39909e-007	0
-8.39409e-007	-0.000625
-8.38909e-007	-0.000625
-8.38409e-007	0
-8.37909e-007	-0.000625
-8.37409e-007	-0.00125
-8.36909e-007	0.00125
-8.36409e-007	0.00125
-8.35909e-007	-0.001875
-8.35409e-007	-0.00125
-8.34909e-007	0.000625
-8.34409e-007	0.001875
-8.33909e-007	-0.000625
-8.33409e-007	-0.00125
-8.32909e-007	-0.000625
-8.32409e-007	0
-8.31909e-007	-0.000625
-8.31409e-007	0.00125
-8.30909e-007	0.000625
-8.30409e-007	-0.00125
-8.29909e-007	-0.0025
-8.29409e-007	-0.001875
-8.28909e-007	0.000625
-8.28409e-007	-0.000625
-8.27909e-007	-0.000625
-8.27409e-007	-0.000625
-8.26909e-007	-0.000625
-8.26409e-007	-0.000625
-8.25909e-007	0
-8.25409e-007	0.000625
-8.24909e-007	0.000625
-8.24409e-007	0.000625
-8.23909e-007	0
-8.23409e-007	0
-8.22909e-007	0.000625
-8.22409e-007	-0.000625
-8.21909e-007	-0.001875
-8.21409e-007	0
-8.20909e-007	0.001875
-8.20409e-007	0.000625
-8.19909e-007	-0.001875
-8.19409e-007	-0.00125
-8.18909e-007	-0.000625
-8.18409e-007	0.000625
-8.17909e-007	0.000625
-8.17409e-007	-0.00125
-8.16909e-007	-0.001875
-8.16409e-007	-0.00125
-8.15909e-007	0.000625
-8.15409e-007	0
-8.14909e-007	-0.00125
-8.14409e-007	0.000625
-8.13909e-007	0.00125
-8.13409e-007	0
-8.12909e-007	-0.000625
-8.12409e-007	0
-8.11909e-007	-0.000625
-8.11409e-007	0
-8.10909e-007	-0.000625
-8.10409e-007	0
-8.09909e-007	0
-8.09409e-007	0
-8.08909e-007	0
-8.08409e-007	-0.000625
-8.07909e-007	-0.00125
-8.07409e-007	-0.000625
-8.06909e-007	-0.000625
-8.06409e-007	-0.000625
-8.05909e-007	-0.000625
-8.05409e-007	0.000625
-8.04909e-007	-0.000625
-8.04409e-007	0
-8.03909e-007	0.000625
-8.03409e-007	0
-8.02909e-007	-0.000625
-8.02409e-007	-0.000625
-8.01909e-007	-0.000625
-8.01409e-007	-0.000625
-8.00909e-007	-0.000625
-8.00409e-007	-0.00125
-7.99909e-007	0
-7.99409e-007	0.00125
-7.98909e-007	0
-7.98409e-007	-0.0025
-7.97909e-007	-0.000625
-7.97409e-007	-0.000625
-7.96909e-007	-0.00125
-7.96409e-007	-0.000625
-7.95909e-007	-0.00125
-7.95409e-007	-0.000625
-7.94909e-007	0.000625
-7.94409e-007	0
-7.93909e-007	-0.000625
-7.93409e-007	0
-7.92909e-007	-0.000625
-7.92409e-007	0
-7.91909e-007	0.001875
-7.91409e-007	0.00125
-7.90909e-007	0.000625
-7.90409e-007	-0.000625
-7.89909e-007	-0.000625
-7.89409e-007	0.000625
-7.88909e-007	0
-7.88409e-007	0
-7.87909e-007	-0.000625
-7.87409e-007	0
-7.86909e-007	-0.000625
-7.86409e-007	-0.00125
-7.85909e-007	-0.00125
-7.85409e-007	0
-7.84909e-007	0
-7.84409e-007	0.000625
-7.83909e-007	0
-7.83409e-007	-0.000625
-7.82909e-007	-0.000625
-7.82409e-007	0.000625
-7.81909e-007	0.00125
-7.81409e-007	0.000625
-7.80909e-007	-0.000625
-7.80409e-007	0.000625
-7.79909e-007	0.000625
-7.79409e-007	-0.000625
-7.78909e-007	0
-7.78409e-007	0
-7.77909e-007	-0.000625
-7.77409e-007	-0.000625
-7.76909e-007	0
-7.76409e-007	-0.000625
-7.75909e-007	-0.001875
-7.75409e-007	-0.00125
-7.74909e-007	0.00125
-7.74409e-007	0
-7.73909e-007	-0.000625
-7.73409e-007	-0.00125
-7.72909e-007	-0.001875
-7.72409e-007	-0.000625
-7.71909e-007	0
-7.71409e-007	0
-7.70909e-007	0
-7.70409e-007	0
-7.69909e-007	0
-7.69409e-007	-0.000625
-7.68909e-007	0
-7.68409e-007	-0.000625
-7.67909e-007	0
-7.67409e-007	0.00125
-7.66909e-007	0.000625
-7.66409e-007	0.000625
-7.65909e-007	-0.000625
-7.65409e-007	-0.001875
-7.64909e-007	-0.00125
-7.64409e-007	0
-7.63909e-007	0.000625
-7.63409e-007	0
-7.62909e-007	-0.00125
-7.62409e-007	0
-7.61909e-007	0
-7.61409e-007	0.000625
-7.60909e-007	0
-7.60409e-007	-0.000625
-7.59909e-007	-0.000625
-7.59409e-007	0.001875
-7.58909e-007	0.000625
-7.58409e-007	-0.000625
-7.57909e-007	0
-7.57409e-007	-0.000625
-7.56909e-007	-0.000625
-7.56409e-007	0.000625
-7.55909e-007	-0.00125
-7.55409e-007	-0.001875
-7.54909e-007	-0.001875
-7.54409e-007	-0.000625
-7.53909e-007	0
-7.53409e-007	-0.000625
-7.52909e-007	-0.001875
-7.52409e-007	-0.000625
-7.51909e-007	0
-7.51409e-007	-0.000625
-7.50909e-007	-0.000625
-7.50409e-007	0.001875
-7.49909e-007	0
-7.49409e-007	-0.00125
-7.48909e-007	0
-7.48409e-007	0.001875
-7.47909e-007	0.000625
-7.47409e-007	-0.000625
-7.46909e-007	-0.000625
-7.46409e-007	-0.00125
-7.45909e-007	-0.00125
-7.45409e-007	-0.000625
-7.44909e-007	0
-7.44409e-007	0.000625
-7.43909e-007	-0.000625
-7.43409e-007	0
-7.42909e-007	0.000625
-7.42409e-007	0.000625
-7.41909e-007	0
-7.41409e-007	-0.00125
-7.40909e-007	-0.000625
-7.40409e-007	0.000625
-7.39909e-007	-0.000625
-7.39409e-007	0
-7.38909e-007	0.000625
-7.38409e-007	0
-7.37909e-007	0
-7.37409e-007	-0.00125
-7.36909e-007	-0.00125
-7.36409e-007	0.000625
-7.35909e-007	-0.00125
-7.35409e-007	-0.00125
-7.34909e-007	0
-7.34409e-007	-0.00125
-7.33909e-007	-0.00125
-7.33409e-007	-0.000625
-7.32909e-007	-0.000625
-7.32409e-007	-0.000625
-7.31909e-007	0
-7.31409e-007	0
-7.30909e-007	-0.000625
-7.30409e-007	0
-7.29909e-007	0
-7.29409e-007	0
-7.28909e-007	0
-7.28409e-007	0
-7.27909e-007	-0.000625
-7.27409e-007	-0.000625
-7.26909e-007	0.000625
-7.26409e-007	0.000625
-7.25909e-007	-0.000625
-7.25409e-007	-0.0025
-7.24909e-007	-0.001875
-7.24409e-007	-0.000625
-7.23909e-007	-0.000625
-7.23409e-007	-0.001875
-7.22909e-007	-0.000625
-7.22409e-007	0
-7.21909e-007	0
-7.21409e-007	0.000625
-7.20909e-007	0.000625
-7.20409e-007	0.000625
-7.19909e-007	-0.000625
-7.19409e-007	0.000625
-7.18909e-007	0.00125
-7.18409e-007	-0.000625
-7.17909e-007	-0.000625
-7.17409e-007	0.000625
-7.16909e-007	0.000625
-7.16409e-007	0
-7.15909e-007	-0.000625
-7.15409e-007	-0.000625
-7.14909e-007	0.00125
-7.14409e-007	0.00125
-7.13909e-007	-0.00125
-7.13409e-007	-0.000625
-7.12909e-007	-0.000625
-7.12409e-007	-0.00125
-7.11909e-007	0
-7.11409e-007	0.001875
-7.10909e-007	0
-7.10409e-007	-0.000625
-7.09909e-007	0
-7.09409e-007	-0.000625
-7.08909e-007	-0.00125
-7.08409e-007	-0.000625
-7.07909e-007	0.00125
-7.07409e-007	0
-7.06909e-007	0
-7.06409e-007	0.001875
-7.05909e-007	0.000625
-7.05409e-007	0.000625
-7.04909e-007	-0.000625
-7.04409e-007	0.00125
-7.03909e-007	0.001875
-7.03409e-007	-0.000625
-7.02909e-007	-0.000625
-7.02409e-007	-0.000625
-7.01909e-007	-0.000625
-7.01409e-007	-0.00125
-7.00909e-007	-0.000625
-7.00409e-007	-0.000625
-6.99909e-007	0
-6.99409e-007	0.000625
-6.98909e-007	0
-6.98409e-007	0.000625
-6.97909e-007	0.0025
-6.97409e-007	0.000625
-6.96909e-007	0
-6.96409e-007	0
-6.95909e-007	0.000625
-6.95409e-007	0.00125
-6.94909e-007	-0.000625
-6.94409e-007	-0.00125
-6.93909e-007	0.000625
-6.93409e-007	-0.000625
-6.92909e-007	0
-6.92409e-007	0.000625
-6.91909e-007	-0.00125
-6.91409e-007	-0.003125
-6.90909e-007	-0.001875
-6.90409e-007	0.000625
-6.89909e-007	0.000625
-6.89409e-007	0.000625
-6.88909e-007	0
-6.88409e-007	0.000625
-6.87909e-007	0.00125
-6.87409e-007	0.00125
-6.86909e-007	0.00125
-6.86409e-007	0.000625
-6.85909e-007	-0.000625
-6.85409e-007	0
-6.84909e-007	0.000625
-6.84409e-007	0.000625
-6.83909e-007	0
-6.83409e-007	0
-6.82909e-007	-0.000625
-6.82409e-007	-0.001875
-6.81909e-007	-0.000625
-6.81409e-007	0.000625
-6.80909e-007	0.000625
-6.80409e-007	0
-6.79909e-007	-0.000625
-6.79409e-007	0
-6.78909e-007	0.000625
-6.78409e-007	-0.001875
-6.77909e-007	-0.00125
-6.77409e-007	0.001875
-6.76909e-007	0.0025
-6.76409e-007	0.000625
-6.75909e-007	-0.000625
-6.75409e-007	0.000625
-6.74909e-007	0.000625
-6.74409e-007	0
-6.73909e-007	0.000625
-6.73409e-007	0.00125
-6.72909e-007	0.000625
-6.72409e-007	-0.000625
-6.71909e-007	0.000625
-6.71409e-007	0.00125
-6.70909e-007	-0.000625
-6.70409e-007	-0.001875
-6.69909e-007	-0.00125
-6.69409e-007	0
-6.68909e-007	0
-6.68409e-007	0.000625
-6.67909e-007	0.00125
-6.67409e-007	-0.000625
-6.66909e-007	-0.000625
-6.66409e-007	-0.000625
-6.65909e-007	0.000625
-6.65409e-007	0.00125
-6.64909e-007	0.000625
-6.64409e-007	0.000625
-6.63909e-007	0
-6.63409e-007	0.00125
-6.62909e-007	0.000625
-6.62409e-007	0
-6.61909e-007	-0.000625
-6.61409e-007	0.000625
-6.60909e-007	-0.00125
-6.60409e-007	-0.00125
-6.59909e-007	0
-6.59409e-007	0.000625
-6.58909e-007	-0.001875
-6.58409e-007	-0.00125
-6.57909e-007	0.00125
-6.57409e-007	0.00125
-6.56909e-007	0
-6.56409e-007	0.000625
-6.55909e-007	0.00125
-6.55409e-007	-0.000625
-6.54909e-007	-0.000625
-6.54409e-007	-0.000625
-6.53909e-007	-0.000625
-6.53409e-007	0.00125
-6.52909e-007	0.00125
-6.52409e-007	-0.000625
-6.51909e-007	-0.000625
-6.51409e-007	0.00125
-6.50909e-007	0.000625
-6.50409e-007	-0.000625
-6.49909e-007	-0.000625
-6.49409e-007	0
-6.48909e-007	0.00125
-6.48409e-007	0.00125
-6.47909e-007	0.000625
-6.47409e-007	0
-6.46909e-007	0
-6.46409e-007	0.000625
-6.45909e-007	0.000625
-6.45409e-007	0.000625
-6.44909e-007	-0.000625
-6.44409e-007	-0.00125
-6.43909e-007	0
-6.43409e-007	0.00125
-6.42909e-007	0
-6.42409e-007	0.000625
-6.41909e-007	0
-6.41409e-007	-0.00125
-6.40909e-007	-0.000625
-6.40409e-007	0.000625
-6.39909e-007	0.000625
-6.39409e-007	0.00125
-6.38909e-007	0.000625
-6.38409e-007	-0.00125
-6.37909e-007	0
-6.37409e-007	0.001875
-6.36909e-007	0.00125
-6.36409e-007	0
-6.35909e-007	-0.000625
-6.35409e-007	-0.000625
-6.34909e-007	-0.000625
-6.34409e-007	0.000625
-6.33909e-007	0
-6.33409e-007	-0.000625
-6.32909e-007	0
-6.32409e-007	0
-6.31909e-007	0
-6.31409e-007	-0.000625
-6.30909e-007	0
-6.30409e-007	0.000625
-6.29909e-007	0
-6.29409e-007	0
-6.28909e-007	0.001875
-6.28409e-007	0.00125
-6.27909e-007	-0.000625
-6.27409e-007	0.000625
-6.26909e-007	0
-6.26409e-007	-0.000625
-6.25909e-007	0
-6.25409e-007	0
-6.24909e-007	0.000625
-6.24409e-007	-0.000625
-6.23909e-007	-0.001875
-6.23409e-007	0
-6.22909e-007	0.000625
-6.22409e-007	0.000625
-6.21909e-007	0.000625
-6.21409e-007	0.000625
-6.20909e-007	0.000625
-6.20409e-007	0
-6.19909e-007	0
-6.19409e-007	0.00125
-6.18909e-007	0.000625
-6.18409e-007	0.000625
-6.17909e-007	0.000625
-6.17409e-007	0.000625
-6.16909e-007	0.000625
-6.16409e-007	0.000625
-6.15909e-007	-0.001875
-6.15409e-007	-0.000625
-6.14909e-007	0.000625
-6.14409e-007	0.000625
-6.13909e-007	0.00125
-6.13409e-007	0
-6.12909e-007	-0.000625
-6.12409e-007	0.00125
-6.11909e-007	0.00125
-6.11409e-007	0.000625
-6.10909e-007	0.000625
-6.10409e-007	0.000625
-6.09909e-007	0.00125
-6.09409e-007	0.000625
-6.08909e-007	-0.000625
-6.08409e-007	0
-6.07909e-007	0.000625
-6.07409e-007	0.000625
-6.06909e-007	0
-6.06409e-007	0
-6.05909e-007	0
-6.05409e-007	-0.000625
-6.04909e-007	-0.000625
-6.04409e-007	0
-6.03909e-007	-0.000625
-6.03409e-007	0
-6.02909e-007	-0.000625
-6.02409e-007	-0.00125
-6.01909e-007	0
-6.01409e-007	0
-6.00909e-007	-0.00125
-6.00409e-007	0
-5.99909e-007	0.00125
-5.99409e-007	0.00125
-5.98909e-007	0
-5.98409e-007	-0.00125
-5.97909e-007	-0.000625
-5.97409e-007	0.00125
-5.96909e-007	0.000625
-5.96409e-007	0
-5.95909e-007	0.00125
-5.95409e-007	0.000625
-5.94909e-007	0.000625
-5.94409e-007	0.00125
-5.93909e-007	0.00125
-5.93409e-007	-0.000625
-5.92909e-007	-0.000625
-5.92409e-007	0.000625
-5.91909e-007	-0.000625
-5.91409e-007	-0.00125
-5.90909e-007	0.000625
-5.90409e-007	0.001875
-5.89909e-007	0.000625
-5.89409e-007	0.00125
-5.88909e-007	0.000625
-5.88409e-007	0
-5.87909e-007	-0.000625
-5.87409e-007	0.000625
-5.86909e-007	0.00125
-5.86409e-007	0.000625
-5.85909e-007	0.000625
-5.85409e-007	0.00125
-5.84909e-007	0.000625
-5.84409e-007	0.000625
-5.83909e-007	0.000625
-5.83409e-007	0
-5.82909e-007	0
-5.82409e-007	0
-5.81909e-007	0
-5.81409e-007	0
-5.80909e-007	-0.000625
-5.80409e-007	-0.000625
-5.79909e-007	-0.000625
-5.79409e-007	-0.000625
-5.78909e-007	-0.00125
-5.78409e-007	0
-5.77909e-007	0.000625
-5.77409e-007	-0.000625
-5.76909e-007	0.00125
-5.76409e-007	0.001875
-5.75909e-007	0.00125
-5.75409e-007	0
-5.74909e-007	0.000625
-5.74409e-007	0.00125
-5.73909e-007	0.001875
-5.73409e-007	0.000625
-5.72909e-007	-0.000625
-5.72409e-007	0
-5.71909e-007	0.00125
-5.71409e-007	0
-5.70909e-007	-0.000625
-5.70409e-007	-0.000625
-5.69909e-007	-0.000625
-5.69409e-007	-0.000625
-5.68909e-007	-0.001875
-5.68409e-007	0
-5.67909e-007	-0.000625
-5.67409e-007	-0.00125
-5.66909e-007	0.000625
-5.66409e-007	0.000625
-5.65909e-007	0.00125
-5.65409e-007	0.000625
-5.64909e-007	0.00125
-5.64409e-007	0
-5.63909e-007	-0.000625
-5.63409e-007	0.000625
-5.62909e-007	0.00125
-5.62409e-007	0.00125
-5.61909e-007	-0.000625
-5.61409e-007	-0.000625
-5.60909e-007	0
-5.60409e-007	0.000625
-5.59909e-007	-0.00125
-5.59409e-007	-0.00125
-5.58909e-007	-0.000625
-5.58409e-007	-0.00125
-5.57909e-007	-0.00125
-5.57409e-007	0
-5.56909e-007	0.000625
-5.56409e-007	0.000625
-5.55909e-007	0
-5.55409e-007	0
-5.54909e-007	0.001875
-5.54409e-007	0.000625
-5.53909e-007	0
-5.53409e-007	0.00125
-5.52909e-007	0.0025
-5.52409e-007	0.0025
-5.51909e-007	-0.000625
-5.51409e-007	-0.000625
-5.50909e-007	0.000625
-5.50409e-007	0
-5.49909e-007	-0.000625
-5.49409e-007	0
-5.48909e-007	0.000625
-5.48409e-007	-0.000625
-5.47909e-007	-0.000625
-5.47409e-007	0
-5.46909e-007	0.00125
-5.46409e-007	0.00125
-5.45909e-007	-0.000625
-5.45409e-007	0
-5.44909e-007	0
-5.44409e-007	0.000625
-5.43909e-007	0.00125
-5.43409e-007	0
-5.42909e-007	0.000625
-5.42409e-007	0.001875
-5.41909e-007	0
-5.41409e-007	0
-5.40909e-007	-0.000625
-5.40409e-007	0
-5.39909e-007	0
-5.39409e-007	-0.001875
-5.38909e-007	-0.000625
-5.38409e-007	0.000625
-5.37909e-007	0.000625
-5.37409e-007	0.000625
-5.36909e-007	-0.000625
-5.36409e-007	0.000625
-5.35909e-007	0.000625
-5.35409e-007	0
-5.34909e-007	0
-5.34409e-007	-0.000625
-5.33909e-007	0.000625
-5.33409e-007	0.000625
-5.32909e-007	-0.00125
-5.32409e-007	-0.000625
-5.31909e-007	0
-5.31409e-007	0
-5.30909e-007	0
-5.30409e-007	-0.000625
-5.29909e-007	0
-5.29409e-007	0.000625
-5.28909e-007	0.001875
-5.28409e-007	0
-5.27909e-007	0
-5.27409e-007	0.000625
-5.26909e-007	0.00125
-5.26409e-007	0.00125
-5.25909e-007	-0.000625
-5.25409e-007	-0.001875
-5.24909e-007	-0.000625
-5.24409e-007	-0.00125
-5.23909e-007	-0.00125
-5.23409e-007	0
-5.22909e-007	0
-5.22409e-007	-0.000625
-5.21909e-007	-0.000625
-5.21409e-007	0.000625
-5.20909e-007	0.000625
-5.20409e-007	0
-5.19909e-007	-0.000625
-5.19409e-007	0.00125
-5.18909e-007	0.00125
-5.18409e-007	0.00125
-5.17909e-007	0.001875
-5.17409e-007	0.00125
-5.16909e-007	0
-5.16409e-007	0.00125
-5.15909e-007	0
-5.15409e-007	-0.000625
-5.14909e-007	-0.000625
-5.14409e-007	0.000625
-5.13909e-007	-0.000625
-5.13409e-007	-0.000625
-5.12909e-007	0.000625
-5.12409e-007	0.000625
-5.11909e-007	-0.000625
-5.11409e-007	0
-5.10909e-007	-0.00125
-5.10409e-007	-0.001875
-5.09909e-007	0
-5.09409e-007	0.00125
-5.08909e-007	0.00125
-5.08409e-007	0.000625
-5.07909e-007	0
-5.07409e-007	0.000625
-5.06909e-007	0.00125
-5.06409e-007	0.000625
-5.05909e-007	-0.000625
-5.05409e-007	0.000625
-5.04909e-007	0.000625
-5.04409e-007	-0.00125
-5.03909e-007	-0.00125
-5.03409e-007	-0.000625
-5.02909e-007	0.000625
-5.02409e-007	0.000625
-5.01909e-007	-0.00125
-5.01409e-007	-0.00125
-5.00909e-007	0.000625
-5.00409e-007	0.00125
-4.99909e-007	-0.000625
-4.99409e-007	0.000625
-4.98909e-007	0.000625
-4.98409e-007	-0.000625
-4.97909e-007	0
-4.97409e-007	0.000625
-4.96909e-007	0
-4.96409e-007	-0.000625
-4.95909e-007	-0.00125
-4.95409e-007	0.00125
-4.94909e-007	0.001875
-4.94409e-007	0.000625
-4.93909e-007	0
-4.93409e-007	-0.000625
-4.92909e-007	-0.001875
-4.92409e-007	-0.000625
-4.91909e-007	-0.00125
-4.91409e-007	0
-4.90909e-007	0
-4.90409e-007	-0.000625
-4.89909e-007	-0.000625
-4.89409e-007	-0.000625
-4.88909e-007	0.000625
-4.88409e-007	0
-4.87909e-007	0.00125
-4.87409e-007	0.00125
-4.86909e-007	-0.000625
-4.86409e-007	-0.000625
-4.85909e-007	0.000625
-4.85409e-007	0.000625
-4.84909e-007	-0.000625
-4.84409e-007	-0.00125
-4.83909e-007	-0.000625
-4.83409e-007	0
-4.82909e-007	-0.000625
-4.82409e-007	-0.001875
-4.81909e-007	-0.000625
-4.81409e-007	0.000625
-4.80909e-007	-0.000625
-4.80409e-007	0.000625
-4.79909e-007	0
-4.79409e-007	-0.000625
-4.78909e-007	0
-4.78409e-007	0
-4.77909e-007	0.000625
-4.77409e-007	0.000625
-4.76909e-007	0.001875
-4.76409e-007	0.000625
-4.75909e-007	-0.000625
-4.75409e-007	0.000625
-4.74909e-007	-0.000625
-4.74409e-007	0
-4.73909e-007	-0.000625
-4.73409e-007	-0.00125
-4.72909e-007	0
-4.72409e-007	0.000625
-4.71909e-007	0
-4.71409e-007	0
-4.70909e-007	-0.00125
-4.70409e-007	0
-4.69909e-007	-0.00125
-4.69409e-007	-0.000625
-4.68909e-007	0
-4.68409e-007	-0.000625
-4.67909e-007	0.000625
-4.67409e-007	-0.000625
-4.66909e-007	0.00125
-4.66409e-007	0.00125
-4.65909e-007	0
-4.65409e-007	-0.000625
-4.64909e-007	-0.000625
-4.64409e-007	-0.000625
-4.63909e-007	0
-4.63409e-007	0.000625
-4.62909e-007	0
-4.62409e-007	-0.000625
-4.61909e-007	0
-4.61409e-007	-0.000625
-4.60909e-007	-0.000625
-4.60409e-007	-0.001875
-4.59909e-007	-0.001875
-4.59409e-007	0
-4.58909e-007	0
-4.58409e-007	0.00125
-4.57909e-007	0
-4.57409e-007	-0.001875
-4.56909e-007	-0.000625
-4.56409e-007	0.000625
-4.55909e-007	0.001875
-4.55409e-007	0
-4.54909e-007	-0.000625
-4.54409e-007	0
-4.53909e-007	-0.001875
-4.53409e-007	-0.00125
-4.52909e-007	-0.000625
-4.52409e-007	0
-4.51909e-007	0.000625
-4.51409e-007	0
-4.50909e-007	-0.001875
-4.50409e-007	-0.001875
-4.49909e-007	-0.000625
-4.49409e-007	-0.000625
-4.48909e-007	-0.001875
-4.48409e-007	-0.00125
-4.47909e-007	-0.000625
-4.47409e-007	0
-4.46909e-007	0.000625
-4.46409e-007	-0.000625
-4.45909e-007	0.000625
-4.45409e-007	0.000625
-4.44909e-007	0.000625
-4.44409e-007	0.00125
-4.43909e-007	-0.00125
-4.43409e-007	-0.000625
-4.42909e-007	0.000625
-4.42409e-007	-0.000625
-4.41909e-007	-0.00125
-4.41409e-007	-0.000625
-4.40909e-007	0.000625
-4.40409e-007	-0.000625
-4.39909e-007	-0.001875
-4.39409e-007	-0.00125
-4.38909e-007	-0.000625
-4.38409e-007	-0.00125
-4.37909e-007	-0.00125
-4.37409e-007	-0.000625
-4.36909e-007	0
-4.36409e-007	0
-4.35909e-007	0.00125
-4.35409e-007	0.00125
-4.34909e-007	0.000625
-4.34409e-007	0
-4.33909e-007	-0.000625
-4.33409e-007	0.000625
-4.32909e-007	-0.00125
-4.32409e-007	-0.00125
-4.31909e-007	0.000625
-4.31409e-007	0
-4.30909e-007	-0.000625
-4.30409e-007	-0.001875
-4.29909e-007	-0.00125
-4.29409e-007	-0.00125
-4.28909e-007	-0.00125
-4.28409e-007	0
-4.27909e-007	-0.00125
-4.27409e-007	-0.001875
-4.26909e-007	-0.00125
-4.26409e-007	-0.00125
-4.25909e-007	0
-4.25409e-007	0.000625
-4.24909e-007	0.00125
-4.24409e-007	0.000625
-4.23909e-007	0
-4.23409e-007	-0.000625
-4.22909e-007	0
-4.22409e-007	0
-4.21909e-007	-0.001875
-4.21409e-007	-0.00125
-4.20909e-007	0.000625
-4.20409e-007	0.001875
-4.19909e-007	-0.000625
-4.19409e-007	-0.003125
-4.18909e-007	-0.0025
-4.18409e-007	0
-4.17909e-007	-0.000625
-4.17409e-007	-0.000625
-4.16909e-007	0
-4.16409e-007	0.000625
-4.15909e-007	0.00125
-4.15409e-007	0
-4.14909e-007	0.000625
-4.14409e-007	0.000625
-4.13909e-007	0
-4.13409e-007	0.000625
-4.12909e-007	0.00125
-4.12409e-007	-0.00125
-4.11909e-007	-0.00125
-4.11409e-007	0
-4.10909e-007	0
-4.10409e-007	-0.00125
-4.09909e-007	-0.00125
-4.09409e-007	-0.000625
-4.08909e-007	0.000625
-4.08409e-007	0.000625
-4.07909e-007	-0.00125
-4.07409e-007	-0.00125
-4.06909e-007	-0.000625
-4.06409e-007	-0.001875
-4.05909e-007	-0.0025
-4.05409e-007	0
-4.04909e-007	0.00125
-4.04409e-007	0.000625
-4.03909e-007	0.000625
-4.03409e-007	0
-4.02909e-007	-0.000625
-4.02409e-007	-0.00125
-4.01909e-007	-0.000625
-4.01409e-007	-0.000625
-4.00909e-007	0.000625
-4.00409e-007	0.000625
-3.99909e-007	0
-3.99409e-007	0
-3.98909e-007	-0.00125
-3.98409e-007	-0.00125
-3.97909e-007	-0.000625
-3.97409e-007	-0.000625
-3.96909e-007	-0.00125
-3.96409e-007	-0.000625
-3.95909e-007	-0.000625
-3.95409e-007	-0.000625
-3.94909e-007	0
-3.94409e-007	0
-3.93909e-007	0
-3.93409e-007	0
-3.92909e-007	-0.000625
-3.92409e-007	-0.00125
-3.91909e-007	-0.000625
-3.91409e-007	0.000625
-3.90909e-007	0.000625
-3.90409e-007	-0.000625
-3.89909e-007	-0.000625
-3.89409e-007	0
-3.88909e-007	0.000625
-3.88409e-007	-0.000625
-3.87909e-007	-0.00125
-3.87409e-007	0
-3.86909e-007	0
-3.86409e-007	-0.000625
-3.85909e-007	-0.00125
-3.85409e-007	-0.00125
-3.84909e-007	0
-3.84409e-007	0
-3.83909e-007	-0.000625
-3.83409e-007	-0.000625
-3.82909e-007	-0.001875
-3.82409e-007	0
-3.81909e-007	0.000625
-3.81409e-007	-0.000625
-3.80909e-007	0
-3.80409e-007	0.00125
-3.79909e-007	-0.00125
-3.79409e-007	0
-3.78909e-007	0.000625
-3.78409e-007	-0.000625
-3.77909e-007	-0.000625
-3.77409e-007	0
-3.76909e-007	-0.000625
-3.76409e-007	0.000625
-3.75909e-007	0
-3.75409e-007	-0.001875
-3.74909e-007	-0.001875
-3.74409e-007	-0.00125
-3.73909e-007	0
-3.73409e-007	-0.000625
-3.72909e-007	-0.00125
-3.72409e-007	0
-3.71909e-007	0
-3.71409e-007	-0.000625
-3.70909e-007	0
-3.70409e-007	0
-3.69909e-007	0
-3.69409e-007	0.000625
-3.68909e-007	0
-3.68409e-007	0.00125
-3.67909e-007	0.00125
-3.67409e-007	0
-3.66909e-007	-0.00125
-3.66409e-007	-0.000625
-3.65909e-007	0.000625
-3.65409e-007	0.000625
-3.64909e-007	0
-3.64409e-007	0.000625
-3.63909e-007	0
-3.63409e-007	0
-3.62909e-007	0.000625
-3.62409e-007	0
-3.61909e-007	-0.000625
-3.61409e-007	0
-3.60909e-007	0
-3.60409e-007	0.000625
-3.59909e-007	-0.000625
-3.59409e-007	0
-3.58909e-007	0.000625
-3.58409e-007	0.000625
-3.57909e-007	-0.000625
-3.57409e-007	-0.000625
-3.56909e-007	0
-3.56409e-007	0.000625
-3.55909e-007	-0.000625
-3.55409e-007	-0.00125
-3.54909e-007	0.000625
-3.54409e-007	0.000625
-3.53909e-007	-0.00125
-3.53409e-007	0
-3.52909e-007	0
-3.52409e-007	-0.000625
-3.51909e-007	0.000625
-3.51409e-007	0.001875
-3.50909e-007	0.00125
-3.50409e-007	-0.000625
-3.49909e-007	0
-3.49409e-007	0.00125
-3.48909e-007	0.000625
-3.48409e-007	-0.00125
-3.47909e-007	-0.000625
-3.47409e-007	-0.000625
-3.46909e-007	0
-3.46409e-007	-0.000625
-3.45909e-007	0
-3.45409e-007	-0.00125
-3.44909e-007	-0.000625
-3.44409e-007	0.00125
-3.43909e-007	-0.000625
-3.43409e-007	-0.00125
-3.42909e-007	0.000625
-3.42409e-007	0.00125
-3.41909e-007	-0.000625
-3.41409e-007	-0.00125
-3.40909e-007	-0.000625
-3.40409e-007	0
-3.39909e-007	0.000625
-3.39409e-007	0
-3.38909e-007	0.000625
-3.38409e-007	0.000625
-3.37909e-007	0
-3.37409e-007	0
-3.36909e-007	0
-3.36409e-007	0
-3.35909e-007	-0.000625
-3.35409e-007	-0.000625
-3.34909e-007	-0.000625
-3.34409e-007	0.000625
-3.33909e-007	0.000625
-3.33409e-007	-0.001875
-3.32909e-007	-0.00125
-3.32409e-007	0.001875
-3.31909e-007	0.000625
-3.31409e-007	0.00125
-3.30909e-007	0.00125
-3.30409e-007	0.00125
-3.29909e-007	0
-3.29409e-007	0
-3.28909e-007	0.000625
-3.28409e-007	0
-3.27909e-007	-0.000625
-3.27409e-007	0
-3.26909e-007	-0.00125
-3.26409e-007	-0.001875
-3.25909e-007	0
-3.25409e-007	-0.00125
-3.24909e-007	0.000625
-3.24409e-007	0.000625
-3.23909e-007	-0.000625
-3.23409e-007	0.00125
-3.22909e-007	0.00125
-3.22409e-007	-0.00125
-3.21909e-007	0
-3.21409e-007	0.001875
-3.20909e-007	0.000625
-3.20409e-007	0.000625
-3.19909e-007	0.000625
-3.19409e-007	0.000625
-3.18909e-007	0
-3.18409e-007	-0.00125
-3.17909e-007	-0.000625
-3.17409e-007	-0.000625
-3.16909e-007	0.000625
-3.16409e-007	0.000625
-3.15909e-007	-0.00125
-3.15409e-007	-0.001875
-3.14909e-007	-0.000625
-3.14409e-007	0
-3.13909e-007	0.00125
-3.13409e-007	0.00125
-3.12909e-007	0.000625
-3.12409e-007	0.000625
-3.11909e-007	-0.00125
-3.11409e-007	0.001875
-3.10909e-007	0.001875
-3.10409e-007	0.000625
-3.09909e-007	-0.00125
-3.09409e-007	0.000625
-3.08909e-007	0.001875
-3.08409e-007	0
-3.07909e-007	-0.000625
-3.07409e-007	0
-3.06909e-007	-0.000625
-3.06409e-007	-0.000625
-3.05909e-007	-0.000625
-3.05409e-007	-0.000625
-3.04909e-007	-0.000625
-3.04409e-007	-0.000625
-3.03909e-007	-0.000625
-3.03409e-007	-0.00125
-3.02909e-007	0
-3.02409e-007	0
-3.01909e-007	-0.000625
-3.01409e-007	0.000625
-3.00909e-007	0.00125
-3.00409e-007	0.00125
-2.99909e-007	0.00125
-2.99409e-007	0.001875
-2.98909e-007	0.000625
-2.98409e-007	0.000625
-2.97909e-007	0.00125
-2.97409e-007	0.00125
-2.96909e-007	0.000625
-2.96409e-007	0
-2.95909e-007	0
-2.95409e-007	-0.000625
-2.94909e-007	-0.000625
-2.94409e-007	0.000625
-2.93909e-007	-0.000625
-2.93409e-007	-0.000625
-2.92909e-007	-0.00125
-2.92409e-007	-0.000625
-2.91909e-007	-0.000625
-2.91409e-007	0.000625
-2.90909e-007	0
-2.90409e-007	0.000625
-2.89909e-007	0
-2.89409e-007	0.003125
-2.88909e-007	0.001875
-2.88409e-007	-0.000625
-2.87909e-007	0.00125
-2.87409e-007	0.00125
-2.86909e-007	0
-2.86409e-007	0
-2.85909e-007	-0.000625
-2.85409e-007	0
-2.84909e-007	-0.000625
-2.84409e-007	-0.000625
-2.83909e-007	-0.00125
-2.83409e-007	-0.001875
-2.82909e-007	-0.00125
-2.82409e-007	0
-2.81909e-007	-0.00125
-2.81409e-007	-0.00125
-2.80909e-007	0.000625
-2.80409e-007	0.000625
-2.79909e-007	0.000625
-2.79409e-007	0
-2.78909e-007	0.000625
-2.78409e-007	0.003125
-2.77909e-007	0.001875
-2.77409e-007	0
-2.76909e-007	0.000625
-2.76409e-007	0.000625
-2.75909e-007	0.000625
-2.75409e-007	-0.000625
-2.74909e-007	-0.000625
-2.74409e-007	-0.000625
-2.73909e-007	-0.000625
-2.73409e-007	-0.001875
-2.72909e-007	-0.001875
-2.72409e-007	-0.00125
-2.71909e-007	-0.00125
-2.71409e-007	-0.000625
-2.70909e-007	0
-2.70409e-007	-0.000625
-2.69909e-007	-0.000625
-2.69409e-007	0.00125
-2.68909e-007	0.000625
-2.68409e-007	0.000625
-2.67909e-007	-0.000625
-2.67409e-007	0.0025
-2.66909e-007	0.003125
-2.66409e-007	0
-2.65909e-007	-0.001875
-2.65409e-007	0
-2.64909e-007	0
-2.64409e-007	0
-2.63909e-007	-0.00125
-2.63409e-007	-0.00125
-2.62909e-007	-0.000625
-2.62409e-007	-0.00125
-2.61909e-007	-0.001875
-2.61409e-007	-0.0025
-2.60909e-007	-0.000625
-2.60409e-007	0.00125
-2.59909e-007	-0.000625
-2.59409e-007	-0.000625
-2.58909e-007	-0.000625
-2.58409e-007	0.000625
-2.57909e-007	0.00125
-2.57409e-007	0
-2.56909e-007	-0.000625
-2.56409e-007	0.000625
-2.55909e-007	0.000625
-2.55409e-007	0.00125
-2.54909e-007	0
-2.54409e-007	-0.00125
-2.53909e-007	0
-2.53409e-007	-0.000625
-2.52909e-007	-0.000625
-2.52409e-007	-0.00125
-2.51909e-007	-0.00125
-2.51409e-007	-0.00125
-2.50909e-007	-0.000625
-2.50409e-007	0.000625
-2.49909e-007	0
-2.49409e-007	0
-2.48909e-007	0
-2.48409e-007	0.000625
-2.47909e-007	0
-2.47409e-007	-0.000625
-2.46909e-007	0.000625
-2.46409e-007	0.00125
-2.45909e-007	0.000625
-2.45409e-007	0
-2.44909e-007	-0.00125
-2.44409e-007	0.000625
-2.43909e-007	0.000625
-2.43409e-007	-0.00125
-2.42909e-007	-0.00125
-2.42409e-007	-0.00125
-2.41909e-007	-0.00125
-2.41409e-007	-0.001875
-2.40909e-007	-0.000625
-2.40409e-007	0
-2.39909e-007	-0.001875
-2.39409e-007	-0.001875
-2.38909e-007	-0.00125
-2.38409e-007	-0.000625
-2.37909e-007	0
-2.37409e-007	-0.00125
-2.36909e-007	0.000625
-2.36409e-007	0.00125
-2.35909e-007	0
-2.35409e-007	-0.00125
-2.34909e-007	0
-2.34409e-007	0.00125
-2.33909e-007	0.00125
-2.33409e-007	-0.000625
-2.32909e-007	0.000625
-2.32409e-007	0.00125
-2.31909e-007	0
-2.31409e-007	-0.001875
-2.30909e-007	0
-2.30409e-007	-0.00125
-2.29909e-007	-0.001875
-2.29409e-007	0
-2.28909e-007	-0.00125
-2.28409e-007	-0.00125
-2.27909e-007	-0.000625
-2.27409e-007	-0.001875
-2.26909e-007	-0.00125
-2.26409e-007	0
-2.25909e-007	-0.00125
-2.25409e-007	-0.000625
-2.24909e-007	0.000625
-2.24409e-007	0.00125
-2.23909e-007	0
-2.23409e-007	0.000625
-2.22909e-007	0.000625
-2.22409e-007	0.000625
-2.21909e-007	0.00125
-2.21409e-007	-0.000625
-2.20909e-007	0.00125
-2.20409e-007	0.000625
-2.19909e-007	-0.00125
-2.19409e-007	-0.00125
-2.18909e-007	-0.001875
-2.18409e-007	-0.00125
-2.17909e-007	-0.001875
-2.17409e-007	-0.001875
-2.16909e-007	0
-2.16409e-007	-0.00125
-2.15909e-007	-0.00125
-2.15409e-007	-0.001875
-2.14909e-007	-0.000625
-2.14409e-007	-0.000625
-2.13909e-007	-0.001875
-2.13409e-007	-0.001875
-2.12909e-007	-0.000625
-2.12409e-007	0.001875
-2.11909e-007	0.00125
-2.11409e-007	-0.00125
-2.10909e-007	-0.000625
-2.10409e-007	0.00125
-2.09909e-007	0
-2.09409e-007	-0.00125
-2.08909e-007	-0.000625
-2.08409e-007	0.000625
-2.07909e-007	-0.00125
-2.07409e-007	-0.00125
-2.06909e-007	0
-2.06409e-007	-0.00125
-2.05909e-007	-0.00125
-2.05409e-007	-0.00125
-2.04909e-007	-0.001875
-2.04409e-007	-0.000625
-2.03909e-007	-0.000625
-2.03409e-007	-0.000625
-2.02909e-007	-0.000625
-2.02409e-007	-0.000625
-2.01909e-007	0
-2.01409e-007	0.000625
-2.00909e-007	-0.000625
-2.00409e-007	-0.000625
-1.99909e-007	-0.000625
-1.99409e-007	-0.000625
-1.98909e-007	0.00125
-1.98409e-007	0
-1.97909e-007	-0.00125
-1.97409e-007	-0.00125
-1.96909e-007	-0.000625
-1.96409e-007	0
-1.95909e-007	-0.000625
-1.95409e-007	-0.00125
-1.94909e-007	-0.00125
-1.94409e-007	-0.00125
-1.93909e-007	-0.001875
-1.93409e-007	-0.00125
-1.92909e-007	-0.000625
-1.92409e-007	0
-1.91909e-007	0.000625
-1.91409e-007	-0.000625
-1.90909e-007	-0.000625
-1.90409e-007	0
-1.89909e-007	0.000625
-1.89409e-007	-0.000625
-1.88909e-007	-0.000625
-1.88409e-007	0
-1.87909e-007	-0.00125
-1.87409e-007	-0.00125
-1.86909e-007	-0.000625
-1.86409e-007	-0.000625
-1.85909e-007	-0.001875
-1.85409e-007	-0.001875
-1.84909e-007	-0.000625
-1.84409e-007	0.000625
-1.83909e-007	-0.000625
-1.83409e-007	-0.001875
-1.82909e-007	-0.001875
-1.82409e-007	0
-1.81909e-007	0.000625
-1.81409e-007	0
-1.80909e-007	-0.0025
-1.80409e-007	0
-1.79909e-007	0.000625
-1.79409e-007	0.000625
-1.78909e-007	-0.000625
-1.78409e-007	-0.000625
-1.77909e-007	-0.00125
-1.77409e-007	-0.00125
-1.76909e-007	-0.000625
-1.76409e-007	0.000625
-1.75909e-007	-0.00125
-1.75409e-007	-0.001875
-1.74909e-007	-0.000625
-1.74409e-007	-0.000625
-1.73909e-007	-0.001875
-1.73409e-007	-0.001875
-1.72909e-007	-0.00125
-1.72409e-007	-0.00125
-1.71909e-007	-0.001875
-1.71409e-007	-0.00125
-1.70909e-007	-0.000625
-1.70409e-007	-0.001875
-1.69909e-007	-0.00125
-1.69409e-007	0.000625
-1.68909e-007	-0.000625
-1.68409e-007	-0.001875
-1.67909e-007	-0.000625
-1.67409e-007	-0.000625
-1.66909e-007	0.000625
-1.66409e-007	0
-1.65909e-007	-0.000625
-1.65409e-007	-0.000625
-1.64909e-007	-0.000625
-1.64409e-007	-0.000625
-1.63909e-007	-0.00125
-1.63409e-007	-0.000625
-1.62909e-007	0
-1.62409e-007	-0.00125
-1.61909e-007	-0.00125
-1.61409e-007	-0.001875
-1.60909e-007	-0.00125
-1.60409e-007	-0.001875
-1.59909e-007	-0.00375
-1.59409e-007	-0.00125
-1.58909e-007	-0.000625
-1.58409e-007	-0.00125
-1.57909e-007	-0.000625
-1.57409e-007	0.000625
-1.56909e-007	0
-1.56409e-007	0
-1.55909e-007	0
-1.55409e-007	0
-1.54909e-007	-0.000625
-1.54409e-007	-0.00125
-1.53909e-007	0.000625
-1.53409e-007	0
-1.52909e-007	-0.000625
-1.52409e-007	-0.00125
-1.51909e-007	-0.00125
-1.51409e-007	-0.000625
-1.50909e-007	-0.000625
-1.50409e-007	-0.00125
-1.49909e-007	-0.000625
-1.49409e-007	-0.00125
-1.48909e-007	-0.00125
-1.48409e-007	-0.000625
-1.47909e-007	-0.000625
-1.47409e-007	0.000625
-1.46909e-007	0
-1.46409e-007	-0.000625
-1.45909e-007	0
-1.45409e-007	-0.000625
-1.44909e-007	0.000625
-1.44409e-007	0.000625
-1.43909e-007	0
-1.43409e-007	0.000625
-1.42909e-007	0.00125
-1.42409e-007	0
-1.41909e-007	-0.00125
-1.41409e-007	-0.00125
-1.40909e-007	-0.000625
-1.40409e-007	-0.000625
-1.39909e-007	-0.001875
-1.39409e-007	-0.00125
-1.38909e-007	-0.001875
-1.38409e-007	-0.00125
-1.37909e-007	0
-1.37409e-007	-0.000625
-1.36909e-007	-0.00125
-1.36409e-007	0.00125
-1.35909e-007	0
-1.35409e-007	-0.000625
-1.34909e-007	0
-1.34409e-007	0.000625
-1.33909e-007	0.000625
-1.33409e-007	0
-1.32909e-007	-0.000625
-1.32409e-007	-0.000625
-1.31909e-007	-0.000625
-1.31409e-007	0
-1.30909e-007	0
-1.30409e-007	-0.000625
-1.29909e-007	0
-1.29409e-007	0
-1.28909e-007	0
-1.28409e-007	-0.001875
-1.27909e-007	-0.001875
-1.27409e-007	0
-1.26909e-007	-0.000625
-1.26409e-007	-0.001875
-1.25909e-007	-0.00125
-1.25409e-007	-0.00125
-1.24909e-007	-0.000625
-1.24409e-007	0
-1.23909e-007	0.000625
-1.23409e-007	0
-1.22909e-007	0.000625
-1.22409e-007	0
-1.21909e-007	0
-1.21409e-007	-0.000625
-1.20909e-007	-0.000625
-1.20409e-007	0.000625
-1.19909e-007	0.000625
-1.19409e-007	-0.000625
-1.18909e-007	-0.000625
-1.18409e-007	-0.000625
-1.17909e-007	-0.000625
-1.17409e-007	-0.00125
-1.16909e-007	-0.00125
-1.16409e-007	-0.000625
-1.15909e-007	-0.00125
-1.15409e-007	-0.000625
-1.14909e-007	-0.000625
-1.14409e-007	-0.000625
-1.13909e-007	-0.001875
-1.13409e-007	-0.000625
-1.12909e-007	0.00125
-1.12409e-007	0
-1.11909e-007	-0.00125
-1.11409e-007	0
-1.10909e-007	0
-1.10409e-007	0.000625
-1.09909e-007	-0.000625
-1.09409e-007	-0.000625
-1.08909e-007	-0.000625
-1.08409e-007	-0.00125
-1.07909e-007	0.000625
-1.07409e-007	-0.000625
-1.06909e-007	-0.001875
-1.06409e-007	-0.000625
-1.05909e-007	-0.000625
-1.05409e-007	0.00125
-1.04909e-007	0
-1.04409e-007	-0.001875
-1.03909e-007	-0.000625
-1.03409e-007	0
-1.02909e-007	-0.000625
-1.02409e-007	-0.00125
-1.01909e-007	0.00125
-1.01409e-007	0.000625
-1.00909e-007	-0.000625
-1.00409e-007	-0.000625
-9.9909e-008	-0.000625
-9.9409e-008	0.000625
-9.8909e-008	0.00125
-9.8409e-008	0
-9.7909e-008	0.000625
-9.7409e-008	-0.000625
-9.6909e-008	-0.00125
-9.6409e-008	0.000625
-9.5909e-008	-0.000625
-9.5409e-008	-0.001875
-9.4909e-008	-0.000625
-9.4409e-008	-0.000625
-9.3909e-008	-0.00125
-9.3409e-008	-0.000625
-9.2909e-008	-0.000625
-9.2409e-008	0
-9.1909e-008	-0.00125
-9.1409e-008	0
-9.0909e-008	-0.000625
-9.0409e-008	0.000625
-8.9909e-008	0.000625
-8.9409e-008	0.000625
-8.8909e-008	-0.000625
-8.8409e-008	-0.000625
-8.7909e-008	0
-8.7409e-008	0.000625
-8.6909e-008	0.00125
-8.6409e-008	0.000625
-8.5909e-008	0.000625
-8.5409e-008	0
-8.4909e-008	-0.000625
-8.4409e-008	-0.000625
-8.3909e-008	0
-8.3409e-008	-0.00125
-8.2909e-008	-0.00125
-8.2409e-008	-0.001875
-8.1909e-008	-0.000625
-8.1409e-008	0
-8.0909e-008	-0.000625
-8.0409e-008	-0.00125
-7.9909e-008	-0.001875
-7.9409e-008	0.000625
-7.8909e-008	0
-7.8409e-008	-0.00125
-7.7909e-008	0.000625
-7.7409e-008	0.000625
-7.6909e-008	0.000625
-7.6409e-008	0.000625
-7.5909e-008	0
-7.5409e-008	-0.000625
-7.4909e-008	0.000625
-7.4409e-008	0.000625
-7.3909e-008	-0.000625
-7.3409e-008	-0.00125
-7.2909e-008	-0.00125
-7.2409e-008	-0.000625
-7.1909e-008	-0.000625
-7.1409e-008	-0.00125
-7.0909e-008	-0.001875
-7.0409e-008	-0.001875
-6.9909e-008	-0.001875
-6.9409e-008	-0.000625
-6.8909e-008	0.000625
-6.8409e-008	-0.000625
-6.7909e-008	-0.001875
-6.7409e-008	0
-6.6909e-008	0.000625
-6.6409e-008	0
-6.5909e-008	0
-6.5409e-008	0.000625
-6.4909e-008	0.00125
-6.4409e-008	0.00125
-6.3909e-008	0.00125
-6.3409e-008	0.000625
-6.2909e-008	0
-6.2409e-008	-0.00125
-6.1909e-008	-0.001875
-6.1409e-008	-0.001875
-6.0909e-008	-0.003125
-6.0409e-008	-0.000625
-5.9909e-008	-0.000625
-5.9409e-008	-0.00125
-5.8909e-008	-0.000625
-5.8409e-008	-0.00125
-5.7909e-008	-0.00125
-5.7409e-008	-0.001875
-5.6909e-008	-0.00125
-5.6409e-008	-0.00125
-5.5909e-008	-0.001875
-5.5409e-008	0
-5.4909e-008	0.001875
-5.4409e-008	0.000625
-5.3909e-008	-0.000625
-5.3409e-008	0
-5.2909e-008	0
-5.2409e-008	0
-5.1909e-008	-0.0025
-5.1409e-008	-0.00125
-5.0909e-008	-0.00125
-5.0409e-008	-0.001875
-4.9909e-008	-0.00125
-4.9409e-008	0.000625
-4.8909e-008	-0.0025
-4.8409e-008	-0.001875
-4.7909e-008	0
-4.7409e-008	-0.00125
-4.6909e-008	-0.00125
-4.6409e-008	-0.000625
-4.5909e-008	-0.001875
-4.5409e-008	-0.000625
-4.4909e-008	-0.000625
-4.4409e-008	-0.000625
-4.3909e-008	0
-4.3409e-008	0
-4.2909e-008	0
-4.2409e-008	0.000625
-4.1909e-008	0.000625
-4.1409e-008	-0.000625
-4.0909e-008	-0.000625
-4.0409e-008	-0.00125
-3.9909e-008	-0.001875
-3.9409e-008	-0.00125
-3.8909e-008	-0.00125
-3.8409e-008	-0.00125
-3.7909e-008	-0.000625
-3.7409e-008	-0.000625
-3.6909e-008	-0.00125
-3.6409e-008	-0.000625
-3.5909e-008	-0.000625
-3.5409e-008	-0.000625
-3.4909e-008	0.00125
-3.4409e-008	0.00125
-3.3909e-008	0.000625
-3.3409e-008	-0.000625
-3.2909e-008	-0.00125
-3.2409e-008	-0.00125
-3.1909e-008	-0.00125
-3.1409e-008	-0.000625
-3.0909e-008	0.000625
-3.0409e-008	-0.000625
-2.9909e-008	-0.00125
-2.9409e-008	-0.001875
-2.8909e-008	-0.001875
-2.8409e-008	-0.000625
-2.7909e-008	-0.00125
-2.7409e-008	-0.00125
-2.6909e-008	-0.001875
-2.6409e-008	-0.00125
-2.5909e-008	0.000625
-2.5409e-008	-0.000625
-2.4909e-008	0.000625
-2.4409e-008	0.00125
-2.3909e-008	-0.000625
-2.3409e-008	0
-2.2909e-008	0.000625
-2.2409e-008	-0.000625
-2.1909e-008	-0.003125
-2.1409e-008	-0.00125
-2.0909e-008	0
-2.0409e-008	-0.001875
-1.9909e-008	-0.00125
-1.9409e-008	0.000625
-1.8909e-008	-0.000625
-1.8409e-008	-0.000625
-1.7909e-008	-0.000625
-1.7409e-008	-0.000625
-1.6909e-008	0
-1.6409e-008	0
-1.5909e-008	-0.00125
-1.5409e-008	-0.000625
-1.4909e-008	0
-1.4409e-008	-0.000625
-1.3909e-008	0.000625
-1.3409e-008	-0.00125
-1.2909e-008	-0.000625
-1.2409e-008	0
-1.1909e-008	-0.00125
-1.1409e-008	-0.000625
-1.0909e-008	0
-1.0409e-008	-0.00125
-9.909e-009	-0.00125
-9.409e-009	-0.000625
-8.909e-009	-0.00125
-8.409e-009	0
-7.909e-009	0.00125
-7.409e-009	-0.00125
-6.909e-009	-0.00125
-6.409e-009	-0.00125
-5.909e-009	-0.005
-5.409e-009	-0.01375
-4.909e-009	-0.020625
-4.409e-009	-0.02625
-3.909e-009	-0.03375
-3.409e-009	-0.03875
-2.909e-009	-0.04
-2.409e-009	-0.0425
-1.909e-009	-0.044375
-1.409e-009	-0.04625
-9.09e-010	-0.049375
-4.09e-010	-0.05375
9.1e-011	-0.0575
5.91e-010	-0.06
1.091e-009	-0.06125
1.591e-009	-0.0625
2.091e-009	-0.061875
2.591e-009	-0.0625
3.091e-009	-0.06125
3.591e-009	-0.06
4.091e-009	-0.061875
4.591e-009	-0.06375
5.091e-009	-0.065625
5.591e-009	-0.066875
6.091e-009	-0.069375
6.591e-009	-0.07125
7.091e-009	-0.07125
7.591e-009	-0.07
8.091e-009	-0.07
8.591e-009	-0.070625
9.091e-009	-0.073125
9.591e-009	-0.07625
1.0091e-008	-0.07625
1.0591e-008	-0.075
1.1091e-008	-0.074375
1.1591e-008	-0.071875
1.2091e-008	-0.068125
1.2591e-008	-0.0675
1.3091e-008	-0.066875
1.3591e-008	-0.068125
1.4091e-008	-0.069375
1.4591e-008	-0.0675
1.5091e-008	-0.069375
1.5591e-008	-0.06875
1.6091e-008	-0.0675
1.6591e-008	-0.065625
1.7091e-008	-0.064375
1.7591e-008	-0.063125
1.8091e-008	-0.0625
1.8591e-008	-0.063125
1.9091e-008	-0.065625
1.9591e-008	-0.064375
2.0091e-008	-0.066875
2.0591e-008	-0.0675
2.1091e-008	-0.066875
2.1591e-008	-0.06625
2.2091e-008	-0.066875
2.2591e-008	-0.066875
2.3091e-008	-0.06625
2.3591e-008	-0.065625
2.4091e-008	-0.0675
2.4591e-008	-0.06875
2.5091e-008	-0.06875
2.5591e-008	-0.066875
2.6091e-008	-0.065625
2.6591e-008	-0.064375
2.7091e-008	-0.065
2.7591e-008	-0.06625
2.8091e-008	-0.068125
2.8591e-008	-0.06875
2.9091e-008	-0.06875
2.9591e-008	-0.069375
3.0091e-008	-0.07
3.0591e-008	-0.0675
3.1091e-008	-0.06875
3.1591e-008	-0.069375
3.2091e-008	-0.07
3.2591e-008	-0.07
3.3091e-008	-0.070625
3.3591e-008	-0.0725
3.4091e-008	-0.0725
3.4591e-008	-0.073125
3.5091e-008	-0.071875
3.5591e-008	-0.069375
3.6091e-008	-0.068125
3.6591e-008	-0.0675
3.7091e-008	-0.0675
3.7591e-008	-0.066875
3.8091e-008	-0.065625
3.8591e-008	-0.065625
3.9091e-008	-0.066875
3.9591e-008	-0.06625
4.0091e-008	-0.065625
4.0591e-008	-0.0625
4.1091e-008	-0.063125
4.1591e-008	-0.065
4.2091e-008	-0.065625
4.2591e-008	-0.065625
4.3091e-008	-0.066875
4.3591e-008	-0.0675
4.4091e-008	-0.066875
4.4591e-008	-0.065625
4.5091e-008	-0.0675
4.5591e-008	-0.06625
4.6091e-008	-0.063125
4.6591e-008	-0.06375
4.7091e-008	-0.064375
4.7591e-008	-0.065
4.8091e-008	-0.065
4.8591e-008	-0.06375
4.9091e-008	-0.064375
4.9591e-008	-0.063125
5.0091e-008	-0.0625
5.0591e-008	-0.063125
5.1091e-008	-0.063125
5.1591e-008	-0.0625
5.2091e-008	-0.065
5.2591e-008	-0.065
5.3091e-008	-0.064375
5.3591e-008	-0.06375
5.4091e-008	-0.065
5.4591e-008	-0.06625
5.5091e-008	-0.065625
5.5591e-008	-0.0625
5.6091e-008	-0.0625
5.6591e-008	-0.064375
5.7091e-008	-0.064375
5.7591e-008	-0.064375
5.8091e-008	-0.06375
5.8591e-008	-0.0625
5.9091e-008	-0.064375
5.9591e-008	-0.063125
6.0091e-008	-0.0625
6.0591e-008	-0.06375
6.1091e-008	-0.065625
6.1591e-008	-0.065
6.2091e-008	-0.06375
6.2591e-008	-0.065
6.3091e-008	-0.065625
6.3591e-008	-0.06375
6.4091e-008	-0.065
6.4591e-008	-0.064375
6.5091e-008	-0.064375
6.5591e-008	-0.064375
6.6091e-008	-0.064375
6.6591e-008	-0.06375
6.7091e-008	-0.065625
6.7591e-008	-0.065625
6.8091e-008	-0.06375
6.8591e-008	-0.06375
6.9091e-008	-0.065
6.9591e-008	-0.06375
7.0091e-008	-0.063125
7.0591e-008	-0.0625
7.1091e-008	-0.064375
7.1591e-008	-0.06375
7.2091e-008	-0.0625
7.2591e-008	-0.063125
7.3091e-008	-0.061875
7.3591e-008	-0.061875
7.4091e-008	-0.0625
7.4591e-008	-0.0625
7.5091e-008	-0.0625
7.5591e-008	-0.06125
7.6091e-008	-0.0625
7.6591e-008	-0.06375
7.7091e-008	-0.061875
7.7591e-008	-0.061875
7.8091e-008	-0.061875
7.8591e-008	-0.06125
7.9091e-008	-0.061875
7.9591e-008	-0.0625
8.0091e-008	-0.0625
8.0591e-008	-0.06125
8.1091e-008	-0.06375
8.1591e-008	-0.063125
8.2091e-008	-0.06125
8.2591e-008	-0.061875
8.3091e-008	-0.0625
8.3591e-008	-0.06375
8.4091e-008	-0.06375
8.4591e-008	-0.063125
8.5091e-008	-0.061875
8.5591e-008	-0.06125
8.6091e-008	-0.0625
8.6591e-008	-0.0625
8.7091e-008	-0.063125
8.7591e-008	-0.065
8.8091e-008	-0.063125
8.8591e-008	-0.063125
8.9091e-008	-0.063125
8.9591e-008	-0.06125
9.0091e-008	-0.06125
9.0591e-008	-0.063125
9.1091e-008	-0.063125
9.1591e-008	-0.0625
9.2091e-008	-0.063125
9.2591e-008	-0.063125
9.3091e-008	-0.0625
9.3591e-008	-0.0625
9.4091e-008	-0.0625
9.4591e-008	-0.06125
9.5091e-008	-0.061875
9.5591e-008	-0.0625
9.6091e-008	-0.06375
9.6591e-008	-0.06375
9.7091e-008	-0.063125
9.7591e-008	-0.06125
9.8091e-008	-0.06125
9.8591e-008	-0.0625
9.9091e-008	-0.061875
9.9591e-008	-0.06125
1.00091e-007	-0.061875
1.00591e-007	-0.061875
1.01091e-007	-0.063125
1.01591e-007	-0.061875
1.02091e-007	-0.061875
1.02591e-007	-0.064375
1.03091e-007	-0.06375
1.03591e-007	-0.060625
1.04091e-007	-0.06
1.04591e-007	-0.061875
1.05091e-007	-0.063125
1.05591e-007	-0.063125
1.06091e-007	-0.0625
1.06591e-007	-0.0625
1.07091e-007	-0.060625
1.07591e-007	-0.06125
1.08091e-007	-0.06125
1.08591e-007	-0.060625
1.09091e-007	-0.06
1.09591e-007	-0.061875
1.10091e-007	-0.063125
1.10591e-007	-0.06375
1.11091e-007	-0.061875
1.11591e-007	-0.0625
1.12091e-007	-0.06375
1.12591e-007	-0.06375
1.13091e-007	-0.061875
1.13591e-007	-0.06125
1.14091e-007	-0.063125
1.14591e-007	-0.06375
1.15091e-007	-0.0625
1.15591e-007	-0.06125
1.16091e-007	-0.06125
1.16591e-007	-0.060625
1.17091e-007	-0.06125
1.17591e-007	-0.061875
1.18091e-007	-0.06125
1.18591e-007	-0.06125
1.19091e-007	-0.06
1.19591e-007	-0.06
1.20091e-007	-0.061875
1.20591e-007	-0.06375
1.21091e-007	-0.0625
1.21591e-007	-0.061875
1.22091e-007	-0.06125
1.22591e-007	-0.06
1.23091e-007	-0.061875
1.23591e-007	-0.0625
1.24091e-007	-0.0625
1.24591e-007	-0.061875
1.25091e-007	-0.06125
1.25591e-007	-0.060625
1.26091e-007	-0.061875
1.26591e-007	-0.060625
1.27091e-007	-0.060625
1.27591e-007	-0.06125
1.28091e-007	-0.059375
1.28591e-007	-0.05875
1.29091e-007	-0.06125
1.29591e-007	-0.061875
1.30091e-007	-0.059375
1.30591e-007	-0.06
1.31091e-007	-0.06125
1.31591e-007	-0.061875
1.32091e-007	-0.061875
1.32591e-007	-0.06125
1.33091e-007	-0.06125
1.33591e-007	-0.06125
1.34091e-007	-0.061875
1.34591e-007	-0.0625
1.35091e-007	-0.0625
1.35591e-007	-0.061875
1.36091e-007	-0.06125
1.36591e-007	-0.0625
1.37091e-007	-0.06125
1.37591e-007	-0.059375
1.38091e-007	-0.06
1.38591e-007	-0.06125
1.39091e-007	-0.06125
1.39591e-007	-0.059375
1.40091e-007	-0.05875
1.40591e-007	-0.059375
1.41091e-007	-0.060625
1.41591e-007	-0.06
1.42091e-007	-0.060625
1.42591e-007	-0.06125
1.43091e-007	-0.06
1.43591e-007	-0.060625
1.44091e-007	-0.0625
1.44591e-007	-0.06375
1.45091e-007	-0.061875
1.45591e-007	-0.06
1.46091e-007	-0.06125
1.46591e-007	-0.061875
1.47091e-007	-0.06
1.47591e-007	-0.05875
1.48091e-007	-0.05875
1.48591e-007	-0.060625
1.49091e-007	-0.058125
1.49591e-007	-0.0575
1.50091e-007	-0.058125
1.50591e-007	-0.058125
1.51091e-007	-0.058125
1.51591e-007	-0.05875
1.52091e-007	-0.059375
1.52591e-007	-0.05875
1.53091e-007	-0.058125
1.53591e-007	-0.05875
1.54091e-007	-0.05875
1.54591e-007	-0.06
1.55091e-007	-0.06
1.55591e-007	-0.059375
1.56091e-007	-0.060625
1.56591e-007	-0.06
1.57091e-007	-0.058125
1.57591e-007	-0.059375
1.58091e-007	-0.058125
1.58591e-007	-0.058125
1.59091e-007	-0.056875
1.59591e-007	-0.058125
1.60091e-007	-0.058125
1.60591e-007	-0.056875
1.61091e-007	-0.056875
1.61591e-007	-0.056875
1.62091e-007	-0.058125
1.62591e-007	-0.0575
1.63091e-007	-0.055625
1.63591e-007	-0.058125
1.64091e-007	-0.0575
1.64591e-007	-0.058125
1.65091e-007	-0.058125
1.65591e-007	-0.05875
1.66091e-007	-0.05875
1.66591e-007	-0.0575
1.67091e-007	-0.0575
1.67591e-007	-0.0575
1.68091e-007	-0.05625
1.68591e-007	-0.05625
1.69091e-007	-0.058125
1.69591e-007	-0.058125
1.70091e-007	-0.055625
1.70591e-007	-0.055
1.71091e-007	-0.055625
1.71591e-007	-0.055625
1.72091e-007	-0.055625
1.72591e-007	-0.055625
1.73091e-007	-0.054375
1.73591e-007	-0.054375
1.74091e-007	-0.055625
1.74591e-007	-0.056875
1.75091e-007	-0.056875
1.75591e-007	-0.056875
1.76091e-007	-0.055625
1.76591e-007	-0.055625
1.77091e-007	-0.0575
1.77591e-007	-0.0575
1.78091e-007	-0.055625
1.78591e-007	-0.05625
1.79091e-007	-0.055625
1.79591e-007	-0.055
1.80091e-007	-0.055625
1.80591e-007	-0.056875
1.81091e-007	-0.055625
1.81591e-007	-0.055
1.82091e-007	-0.054375
1.82591e-007	-0.05375
1.83091e-007	-0.055625
1.83591e-007	-0.054375
1.84091e-007	-0.054375
1.84591e-007	-0.054375
1.85091e-007	-0.05375
1.85591e-007	-0.055625
1.86091e-007	-0.055
1.86591e-007	-0.05375
1.87091e-007	-0.055
1.87591e-007	-0.05625
1.88091e-007	-0.055625
1.88591e-007	-0.055625
1.89091e-007	-0.05625
1.89591e-007	-0.056875
1.90091e-007	-0.055625
1.90591e-007	-0.055625
1.91091e-007	-0.055
1.91591e-007	-0.05375
1.92091e-007	-0.05375
1.92591e-007	-0.05375
1.93091e-007	-0.054375
1.93591e-007	-0.05375
1.94091e-007	-0.05375
1.94591e-007	-0.0525
1.95091e-007	-0.0525
1.95591e-007	-0.053125
1.96091e-007	-0.051875
1.96591e-007	-0.05375
1.97091e-007	-0.053125
1.97591e-007	-0.0525
1.98091e-007	-0.0525
1.98591e-007	-0.05375
1.99091e-007	-0.055
1.99591e-007	-0.0525
2.00091e-007	-0.051875
2.00591e-007	-0.0525
2.01091e-007	-0.0525
2.01591e-007	-0.0525
2.02091e-007	-0.053125
2.02591e-007	-0.0525
2.03091e-007	-0.051875
2.03591e-007	-0.0525
2.04091e-007	-0.0525
2.04591e-007	-0.05125
2.05091e-007	-0.051875
2.05591e-007	-0.0525
2.06091e-007	-0.05125
2.06591e-007	-0.05
2.07091e-007	-0.050625
2.07591e-007	-0.051875
2.08091e-007	-0.051875
2.08591e-007	-0.050625
2.09091e-007	-0.051875
2.09591e-007	-0.051875
2.10091e-007	-0.051875
2.10591e-007	-0.051875
2.11091e-007	-0.05125
2.11591e-007	-0.051875
2.12091e-007	-0.050625
2.12591e-007	-0.049375
2.13091e-007	-0.050625
2.13591e-007	-0.0525
2.14091e-007	-0.051875
2.14591e-007	-0.04875
2.15091e-007	-0.049375
2.15591e-007	-0.050625
2.16091e-007	-0.050625
2.16591e-007	-0.051875
2.17091e-007	-0.051875
2.17591e-007	-0.050625
2.18091e-007	-0.05
2.18591e-007	-0.05
2.19091e-007	-0.05
2.19591e-007	-0.05
2.20091e-007	-0.050625
2.20591e-007	-0.05
2.21091e-007	-0.0525
2.21591e-007	-0.05125
2.22091e-007	-0.050625
2.22591e-007	-0.051875
2.23091e-007	-0.050625
2.23591e-007	-0.05125
2.24091e-007	-0.051875
2.24591e-007	-0.049375
2.25091e-007	-0.04875
2.25591e-007	-0.050625
2.26091e-007	-0.051875
2.26591e-007	-0.050625
2.27091e-007	-0.049375
2.27591e-007	-0.05
2.28091e-007	-0.05
2.28591e-007	-0.04875
2.29091e-007	-0.048125
2.29591e-007	-0.05
2.30091e-007	-0.05
2.30591e-007	-0.050625
2.31091e-007	-0.05
2.31591e-007	-0.0475
2.32091e-007	-0.048125
2.32591e-007	-0.05
2.33091e-007	-0.05
2.33591e-007	-0.04875
2.34091e-007	-0.04875
2.34591e-007	-0.0475
2.35091e-007	-0.04875
2.35591e-007	-0.04875
2.36091e-007	-0.05
2.36591e-007	-0.04875
2.37091e-007	-0.04875
2.37591e-007	-0.04875
2.38091e-007	-0.046875
2.38591e-007	-0.04875
2.39091e-007	-0.0475
2.39591e-007	-0.046875
2.40091e-007	-0.04875
2.40591e-007	-0.0475
2.41091e-007	-0.04625
2.41591e-007	-0.0475
2.42091e-007	-0.046875
2.42591e-007	-0.046875
2.43091e-007	-0.0475
2.43591e-007	-0.048125
2.44091e-007	-0.04875
2.44591e-007	-0.046875
2.45091e-007	-0.046875
2.45591e-007	-0.0475
2.46091e-007	-0.046875
2.46591e-007	-0.0475
2.47091e-007	-0.0475
2.47591e-007	-0.046875
2.48091e-007	-0.04625
2.48591e-007	-0.04625
2.49091e-007	-0.0475
2.49591e-007	-0.04625
2.50091e-007	-0.045625
2.50591e-007	-0.04625
2.51091e-007	-0.04625
2.51591e-007	-0.045625
2.52091e-007	-0.044375
2.52591e-007	-0.045
2.53091e-007	-0.045625
2.53591e-007	-0.04625
2.54091e-007	-0.0475
2.54591e-007	-0.0475
2.55091e-007	-0.045625
2.55591e-007	-0.046875
2.56091e-007	-0.0475
2.56591e-007	-0.045625
2.57091e-007	-0.045
2.57591e-007	-0.046875
2.58091e-007	-0.045625
2.58591e-007	-0.044375
2.59091e-007	-0.045625
2.59591e-007	-0.045625
2.60091e-007	-0.044375
2.60591e-007	-0.044375
2.61091e-007	-0.04375
2.61591e-007	-0.045
2.62091e-007	-0.044375
2.62591e-007	-0.04375
2.63091e-007	-0.04375
2.63591e-007	-0.044375
2.64091e-007	-0.04375
2.64591e-007	-0.045
2.65091e-007	-0.044375
2.65591e-007	-0.044375
2.66091e-007	-0.04375
2.66591e-007	-0.04375
2.67091e-007	-0.045
2.67591e-007	-0.045625
2.68091e-007	-0.045
2.68591e-007	-0.044375
2.69091e-007	-0.04375
2.69591e-007	-0.043125
2.70091e-007	-0.044375
2.70591e-007	-0.045625
2.71091e-007	-0.04375
2.71591e-007	-0.0425
2.72091e-007	-0.0425
2.72591e-007	-0.044375
2.73091e-007	-0.045625
2.73591e-007	-0.043125
2.74091e-007	-0.041875
2.74591e-007	-0.043125
2.75091e-007	-0.0425
2.75591e-007	-0.0425
2.76091e-007	-0.0425
2.76591e-007	-0.0425
2.77091e-007	-0.043125
2.77591e-007	-0.043125
2.78091e-007	-0.043125
2.78591e-007	-0.0425
2.79091e-007	-0.0425
2.79591e-007	-0.044375
2.80091e-007	-0.043125
2.80591e-007	-0.041875
2.81091e-007	-0.043125
2.81591e-007	-0.0425
2.82091e-007	-0.043125
2.82591e-007	-0.04375
2.83091e-007	-0.0425
2.83591e-007	-0.04125
2.84091e-007	-0.041875
2.84591e-007	-0.043125
2.85091e-007	-0.04125
2.85591e-007	-0.04125
2.86091e-007	-0.04125
2.86591e-007	-0.041875
2.87091e-007	-0.0425
2.87591e-007	-0.041875
2.88091e-007	-0.04125
2.88591e-007	-0.04125
2.89091e-007	-0.041875
2.89591e-007	-0.0425
2.90091e-007	-0.040625
2.90591e-007	-0.04
2.91091e-007	-0.040625
2.91591e-007	-0.04125
2.92091e-007	-0.041875
2.92591e-007	-0.04
2.93091e-007	-0.040625
2.93591e-007	-0.04125
2.94091e-007	-0.04125
2.94591e-007	-0.04125
2.95091e-007	-0.039375
2.95591e-007	-0.03875
2.96091e-007	-0.039375
2.96591e-007	-0.03875
2.97091e-007	-0.04
2.97591e-007	-0.040625
2.98091e-007	-0.04
2.98591e-007	-0.04
2.99091e-007	-0.04
2.99591e-007	-0.04
3.00091e-007	-0.04
3.00591e-007	-0.039375
3.01091e-007	-0.04
3.01591e-007	-0.04
3.02091e-007	-0.039375
3.02591e-007	-0.039375
3.03091e-007	-0.040625
3.03591e-007	-0.039375
3.04091e-007	-0.039375
3.04591e-007	-0.039375
3.05091e-007	-0.0375
3.05591e-007	-0.03875
3.06091e-007	-0.039375
3.06591e-007	-0.038125
3.07091e-007	-0.03875
3.07591e-007	-0.03875
3.08091e-007	-0.039375
3.08591e-007	-0.039375
3.09091e-007	-0.038125
3.09591e-007	-0.039375
3.10091e-007	-0.038125
3.10591e-007	-0.0375
3.11091e-007	-0.036875
3.11591e-007	-0.038125
3.12091e-007	-0.039375
3.12591e-007	-0.03875
3.13091e-007	-0.038125
3.13591e-007	-0.039375
3.14091e-007	-0.039375
3.14591e-007	-0.038125
3.15091e-007	-0.036875
3.15591e-007	-0.0375
3.16091e-007	-0.03875
3.16591e-007	-0.03875
3.17091e-007	-0.038125
3.17591e-007	-0.0375
3.18091e-007	-0.036875
3.18591e-007	-0.036875
3.19091e-007	-0.0375
3.19591e-007	-0.03875
3.20091e-007	-0.036875
3.20591e-007	-0.036875
3.21091e-007	-0.0375
3.21591e-007	-0.0375
3.22091e-007	-0.038125
3.22591e-007	-0.036875
3.23091e-007	-0.0375
3.23591e-007	-0.036875
3.24091e-007	-0.038125
3.24591e-007	-0.0375
3.25091e-007	-0.036875
3.25591e-007	-0.0375
3.26091e-007	-0.036875
3.26591e-007	-0.036875
3.27091e-007	-0.03625
3.27591e-007	-0.03625
3.28091e-007	-0.036875
3.28591e-007	-0.036875
3.29091e-007	-0.035625
3.29591e-007	-0.035
3.30091e-007	-0.03375
3.30591e-007	-0.036875
3.31091e-007	-0.036875
3.31591e-007	-0.035
3.32091e-007	-0.035625
3.32591e-007	-0.035
3.33091e-007	-0.03625
3.33591e-007	-0.03625
3.34091e-007	-0.036875
3.34591e-007	-0.03625
3.35091e-007	-0.035
3.35591e-007	-0.03625
3.36091e-007	-0.036875
3.36591e-007	-0.036875
3.37091e-007	-0.03625
3.37591e-007	-0.034375
3.38091e-007	-0.035
3.38591e-007	-0.035625
3.39091e-007	-0.035625
3.39591e-007	-0.03625
3.40091e-007	-0.035625
3.40591e-007	-0.03375
3.41091e-007	-0.034375
3.41591e-007	-0.034375
3.42091e-007	-0.034375
3.42591e-007	-0.035
3.43091e-007	-0.0375
3.43591e-007	-0.036875
3.44091e-007	-0.035
3.44591e-007	-0.035
3.45091e-007	-0.034375
3.45591e-007	-0.035
3.46091e-007	-0.035
3.46591e-007	-0.03625
3.47091e-007	-0.0375
3.47591e-007	-0.035
3.48091e-007	-0.034375
3.48591e-007	-0.035625
3.49091e-007	-0.03625
3.49591e-007	-0.035
3.50091e-007	-0.0325
3.50591e-007	-0.03375
3.51091e-007	-0.034375
3.51591e-007	-0.03375
3.52091e-007	-0.034375
3.52591e-007	-0.03375
3.53091e-007	-0.033125
3.53591e-007	-0.03375
3.54091e-007	-0.03375
3.54591e-007	-0.03375
3.55091e-007	-0.03375
3.55591e-007	-0.03375
3.56091e-007	-0.03375
3.56591e-007	-0.034375
3.57091e-007	-0.035625
3.57591e-007	-0.03375
3.58091e-007	-0.0325
3.58591e-007	-0.03375
3.59091e-007	-0.033125
3.59591e-007	-0.03375
3.60091e-007	-0.034375
3.60591e-007	-0.033125
3.61091e-007	-0.0325
3.61591e-007	-0.03375
3.62091e-007	-0.0325
3.62591e-007	-0.031875
3.63091e-007	-0.033125
3.63591e-007	-0.03125
3.64091e-007	-0.031875
3.64591e-007	-0.033125
3.65091e-007	-0.0325
3.65591e-007	-0.034375
3.66091e-007	-0.03375
3.66591e-007	-0.03375
3.67091e-007	-0.03375
3.67591e-007	-0.03375
3.68091e-007	-0.03375
3.68591e-007	-0.033125
3.69091e-007	-0.0325
3.69591e-007	-0.0325
3.70091e-007	-0.0325
3.70591e-007	-0.033125
3.71091e-007	-0.03375
3.71591e-007	-0.03125
3.72091e-007	-0.030625
3.72591e-007	-0.033125
3.73091e-007	-0.030625
3.73591e-007	-0.029375
3.74091e-007	-0.03125
3.74591e-007	-0.030625
3.75091e-007	-0.0325
3.75591e-007	-0.033125
3.76091e-007	-0.03
3.76591e-007	-0.03125
3.77091e-007	-0.0325
3.77591e-007	-0.03375
3.78091e-007	-0.0325
3.78591e-007	-0.03125
3.79091e-007	-0.03125
3.79591e-007	-0.031875
3.80091e-007	-0.030625
3.80591e-007	-0.03
3.81091e-007	-0.03125
3.81591e-007	-0.03125
3.82091e-007	-0.030625
3.82591e-007	-0.03
3.83091e-007	-0.029375
3.83591e-007	-0.02875
3.84091e-007	-0.031875
3.84591e-007	-0.033125
3.85091e-007	-0.03125
3.85591e-007	-0.03
3.86091e-007	-0.0325
3.86591e-007	-0.033125
3.87091e-007	-0.03125
3.87591e-007	-0.03125
3.88091e-007	-0.0325
3.88591e-007	-0.031875
3.89091e-007	-0.03125
3.89591e-007	-0.031875
3.90091e-007	-0.03125
3.90591e-007	-0.03
3.91091e-007	-0.03125
3.91591e-007	-0.03125
3.92091e-007	-0.03
3.92591e-007	-0.02875
3.93091e-007	-0.029375
3.93591e-007	-0.03
3.94091e-007	-0.03125
3.94591e-007	-0.030625
3.95091e-007	-0.029375
3.95591e-007	-0.02875
3.96091e-007	-0.030625
3.96591e-007	-0.031875
3.97091e-007	-0.031875
3.97591e-007	-0.030625
3.98091e-007	-0.030625
3.98591e-007	-0.030625
3.99091e-007	-0.030625
3.99591e-007	-0.031875
4.00091e-007	-0.029375
4.00591e-007	-0.028125
4.01091e-007	-0.029375
4.01591e-007	-0.03
4.02091e-007	-0.029375
4.02591e-007	-0.0275
4.03091e-007	-0.0275
4.03591e-007	-0.02875
4.04091e-007	-0.02875
4.04591e-007	-0.028125
4.05091e-007	-0.02875
4.05591e-007	-0.02875
4.06091e-007	-0.029375
4.06591e-007	-0.03
4.07091e-007	-0.029375
4.07591e-007	-0.02875
4.08091e-007	-0.028125
4.08591e-007	-0.03
4.09091e-007	-0.02875
4.09591e-007	-0.028125
4.10091e-007	-0.029375
4.10591e-007	-0.029375
4.11091e-007	-0.02875
4.11591e-007	-0.03
4.12091e-007	-0.030625
4.12591e-007	-0.02875
4.13091e-007	-0.028125
4.13591e-007	-0.028125
4.14091e-007	-0.02875
4.14591e-007	-0.02875
4.15091e-007	-0.028125
4.15591e-007	-0.0275
4.16091e-007	-0.028125
4.16591e-007	-0.028125
4.17091e-007	-0.029375
4.17591e-007	-0.028125
4.18091e-007	-0.028125
4.18591e-007	-0.028125
4.19091e-007	-0.02875
4.19591e-007	-0.028125
4.20091e-007	-0.029375
4.20591e-007	-0.02875
4.21091e-007	-0.028125
4.21591e-007	-0.02875
4.22091e-007	-0.029375
4.22591e-007	-0.02875
4.23091e-007	-0.0275
4.23591e-007	-0.0275
4.24091e-007	-0.028125
4.24591e-007	-0.02625
4.25091e-007	-0.0275
4.25591e-007	-0.029375
4.26091e-007	-0.028125
4.26591e-007	-0.025625
4.27091e-007	-0.0275
4.27591e-007	-0.0275
4.28091e-007	-0.026875
4.28591e-007	-0.0275
4.29091e-007	-0.028125
4.29591e-007	-0.02875
4.30091e-007	-0.0275
4.30591e-007	-0.026875
4.31091e-007	-0.028125
4.31591e-007	-0.026875
4.32091e-007	-0.028125
4.32591e-007	-0.028125
4.33091e-007	-0.028125
4.33591e-007	-0.029375
4.34091e-007	-0.028125
4.34591e-007	-0.025
4.35091e-007	-0.025625
4.35591e-007	-0.02625
4.36091e-007	-0.025625
4.36591e-007	-0.026875
4.37091e-007	-0.026875
4.37591e-007	-0.024375
4.38091e-007	-0.02625
4.38591e-007	-0.025625
4.39091e-007	-0.02625
4.39591e-007	-0.0275
4.40091e-007	-0.0275
4.40591e-007	-0.02625
4.41091e-007	-0.02625
4.41591e-007	-0.026875
4.42091e-007	-0.026875
4.42591e-007	-0.026875
4.43091e-007	-0.026875
4.43591e-007	-0.02625
4.44091e-007	-0.0275
4.44591e-007	-0.0275
4.45091e-007	-0.025625
4.45591e-007	-0.026875
4.46091e-007	-0.02625
4.46591e-007	-0.024375
4.47091e-007	-0.024375
4.47591e-007	-0.02625
4.48091e-007	-0.026875
4.48591e-007	-0.02625
4.49091e-007	-0.02625
4.49591e-007	-0.025625
4.50091e-007	-0.025
4.50591e-007	-0.025
4.51091e-007	-0.026875
4.51591e-007	-0.025
4.52091e-007	-0.026875
4.52591e-007	-0.028125
4.53091e-007	-0.02625
4.53591e-007	-0.025
4.54091e-007	-0.02625
4.54591e-007	-0.025625
4.55091e-007	-0.025625
4.55591e-007	-0.025
4.56091e-007	-0.02625
4.56591e-007	-0.025625
4.57091e-007	-0.025
4.57591e-007	-0.025
4.58091e-007	-0.025
4.58591e-007	-0.025625
4.59091e-007	-0.025
4.59591e-007	-0.025625
4.60091e-007	-0.026875
4.60591e-007	-0.025
4.61091e-007	-0.024375
4.61591e-007	-0.025625
4.62091e-007	-0.02625
4.62591e-007	-0.024375
4.63091e-007	-0.025
4.63591e-007	-0.025
4.64091e-007	-0.026875
4.64591e-007	-0.025625
4.65091e-007	-0.025625
4.65591e-007	-0.025
4.66091e-007	-0.025625
4.66591e-007	-0.025
4.67091e-007	-0.025
4.67591e-007	-0.024375
4.68091e-007	-0.025
4.68591e-007	-0.025625
4.69091e-007	-0.025
4.69591e-007	-0.025625
4.70091e-007	-0.024375
4.70591e-007	-0.02375
4.71091e-007	-0.025
4.71591e-007	-0.024375
4.72091e-007	-0.025
4.72591e-007	-0.02375
4.73091e-007	-0.02375
4.73591e-007	-0.024375
4.74091e-007	-0.025
4.74591e-007	-0.025625
4.75091e-007	-0.02375
4.75591e-007	-0.02375
4.76091e-007	-0.025625
4.76591e-007	-0.024375
4.77091e-007	-0.024375
4.77591e-007	-0.02375
4.78091e-007	-0.025625
4.78591e-007	-0.025
4.79091e-007	-0.02375
4.79591e-007	-0.025
4.80091e-007	-0.024375
4.80591e-007	-0.023125
4.81091e-007	-0.021875
4.81591e-007	-0.0225
4.82091e-007	-0.023125
4.82591e-007	-0.023125
4.83091e-007	-0.023125
4.83591e-007	-0.02375
4.84091e-007	-0.024375
4.84591e-007	-0.023125
4.85091e-007	-0.0225
4.85591e-007	-0.02375
4.86091e-007	-0.024375
4.86591e-007	-0.02375
4.87091e-007	-0.025
4.87591e-007	-0.02375
4.88091e-007	-0.024375
4.88591e-007	-0.024375
4.89091e-007	-0.02375
4.89591e-007	-0.02375
4.90091e-007	-0.023125
4.90591e-007	-0.023125
4.91091e-007	-0.021875
4.91591e-007	-0.0225
4.92091e-007	-0.0225
4.92591e-007	-0.02375
4.93091e-007	-0.023125
4.93591e-007	-0.02375
4.94091e-007	-0.023125
4.94591e-007	-0.023125
4.95091e-007	-0.021875
4.95591e-007	-0.0225
4.96091e-007	-0.024375
4.96591e-007	-0.023125
4.97091e-007	-0.021875
4.97591e-007	-0.023125
4.98091e-007	-0.025625
4.98591e-007	-0.02375
4.99091e-007	-0.023125
4.99591e-007	-0.02375
5.00091e-007	-0.023125
5.00591e-007	-0.020625
5.01091e-007	-0.02125
5.01591e-007	-0.024375
5.02091e-007	-0.024375
5.02591e-007	-0.02125
5.03091e-007	-0.020625
5.03591e-007	-0.020625
5.04091e-007	-0.02375
5.04591e-007	-0.02375
5.05091e-007	-0.02
5.05591e-007	-0.020625
5.06091e-007	-0.021875
5.06591e-007	-0.02375
5.07091e-007	-0.024375
5.07591e-007	-0.021875
5.08091e-007	-0.021875
5.08591e-007	-0.024375
5.09091e-007	-0.025
5.09591e-007	-0.02375
5.10091e-007	-0.02375
5.10591e-007	-0.02375
5.11091e-007	-0.023125
5.11591e-007	-0.023125
5.12091e-007	-0.0225
5.12591e-007	-0.020625
5.13091e-007	-0.019375
5.13591e-007	-0.02
5.14091e-007	-0.02
5.14591e-007	-0.020625
5.15091e-007	-0.02125
5.15591e-007	-0.02125
5.16091e-007	-0.020625
5.16591e-007	-0.02125
5.17091e-007	-0.021875
5.17591e-007	-0.021875
5.18091e-007	-0.02125
5.18591e-007	-0.023125
5.19091e-007	-0.023125
5.19591e-007	-0.023125
5.20091e-007	-0.023125
5.20591e-007	-0.0225
5.21091e-007	-0.02375
5.21591e-007	-0.023125
5.22091e-007	-0.0225
5.22591e-007	-0.021875
5.23091e-007	-0.02125
5.23591e-007	-0.021875
5.24091e-007	-0.02125
5.24591e-007	-0.02
5.25091e-007	-0.02
5.25591e-007	-0.020625
5.26091e-007	-0.019375
5.26591e-007	-0.02
5.27091e-007	-0.020625
5.27591e-007	-0.02
5.28091e-007	-0.02
5.28591e-007	-0.020625
5.29091e-007	-0.020625
5.29591e-007	-0.023125
5.30091e-007	-0.02375
5.30591e-007	-0.0225
5.31091e-007	-0.021875
5.31591e-007	-0.0225
5.32091e-007	-0.02375
5.32591e-007	-0.0225
5.33091e-007	-0.0225
5.33591e-007	-0.020625
5.34091e-007	-0.02
5.34591e-007	-0.02
5.35091e-007	-0.019375
5.35591e-007	-0.020625
5.36091e-007	-0.019375
5.36591e-007	-0.018125
5.37091e-007	-0.01875
5.37591e-007	-0.019375
5.38091e-007	-0.018125
5.38591e-007	-0.02
5.39091e-007	-0.02
5.39591e-007	-0.021875
5.40091e-007	-0.02125
5.40591e-007	-0.021875
5.41091e-007	-0.021875
5.41591e-007	-0.0225
5.42091e-007	-0.020625
5.42591e-007	-0.019375
5.43091e-007	-0.02
5.43591e-007	-0.020625
5.44091e-007	-0.02125
5.44591e-007	-0.020625
5.45091e-007	-0.019375
5.45591e-007	-0.01875
5.46091e-007	-0.018125
5.46591e-007	-0.01875
5.47091e-007	-0.0175
5.47591e-007	-0.016875
5.48091e-007	-0.018125
5.48591e-007	-0.01875
5.49091e-007	-0.0175
5.49591e-007	-0.019375
5.50091e-007	-0.019375
5.50591e-007	-0.02
5.51091e-007	-0.02125
5.51591e-007	-0.021875
5.52091e-007	-0.0225
5.52591e-007	-0.02125
5.53091e-007	-0.02
5.53591e-007	-0.019375
5.54091e-007	-0.020625
5.54591e-007	-0.02
5.55091e-007	-0.02
5.55591e-007	-0.020625
5.56091e-007	-0.018125
5.56591e-007	-0.01875
5.57091e-007	-0.01625
5.57591e-007	-0.0175
5.58091e-007	-0.01875
5.58591e-007	-0.018125
5.59091e-007	-0.018125
5.59591e-007	-0.018125
5.60091e-007	-0.01875
5.60591e-007	-0.01875
5.61091e-007	-0.018125
5.61591e-007	-0.020625
5.62091e-007	-0.02
5.62591e-007	-0.02
5.63091e-007	-0.019375
5.63591e-007	-0.019375
5.64091e-007	-0.019375
5.64591e-007	-0.019375
5.65091e-007	-0.018125
5.65591e-007	-0.01875
5.66091e-007	-0.018125
5.66591e-007	-0.018125
5.67091e-007	-0.018125
5.67591e-007	-0.01875
5.68091e-007	-0.0175
5.68591e-007	-0.01625
5.69091e-007	-0.01625
5.69591e-007	-0.016875
5.70091e-007	-0.018125
5.70591e-007	-0.018125
5.71091e-007	-0.018125
5.71591e-007	-0.019375
5.72091e-007	-0.019375
5.72591e-007	-0.01875
5.73091e-007	-0.019375
5.73591e-007	-0.01875
5.74091e-007	-0.0175
5.74591e-007	-0.01875
5.75091e-007	-0.018125
5.75591e-007	-0.01875
5.76091e-007	-0.018125
5.76591e-007	-0.018125
5.77091e-007	-0.016875
5.77591e-007	-0.015625
5.78091e-007	-0.015625
5.78591e-007	-0.016875
5.79091e-007	-0.016875
5.79591e-007	-0.01625
5.80091e-007	-0.015625
5.80591e-007	-0.01625
5.81091e-007	-0.018125
5.81591e-007	-0.0175
5.82091e-007	-0.01625
5.82591e-007	-0.016875
5.83091e-007	-0.016875
5.83591e-007	-0.018125
5.84091e-007	-0.018125
5.84591e-007	-0.0175
5.85091e-007	-0.0175
5.85591e-007	-0.0175
5.86091e-007	-0.01875
5.86591e-007	-0.019375
5.87091e-007	-0.016875
5.87591e-007	-0.018125
5.88091e-007	-0.0175
5.88591e-007	-0.0175
5.89091e-007	-0.016875
5.89591e-007	-0.0175
5.90091e-007	-0.0175
5.90591e-007	-0.016875
5.91091e-007	-0.0175
5.91591e-007	-0.0175
5.92091e-007	-0.01625
5.92591e-007	-0.01625
5.93091e-007	-0.016875
5.93591e-007	-0.0175
5.94091e-007	-0.015625
5.94591e-007	-0.0175
5.95091e-007	-0.016875
5.95591e-007	-0.01625
5.96091e-007	-0.016875
5.96591e-007	-0.0175
5.97091e-007	-0.01875
5.97591e-007	-0.018125
5.98091e-007	-0.016875
5.98591e-007	-0.0175
5.99091e-007	-0.0175
5.99591e-007	-0.016875
6.00091e-007	-0.01625
6.00591e-007	-0.016875
6.01091e-007	-0.01625
6.01591e-007	-0.01625
6.02091e-007	-0.015625
6.02591e-007	-0.015
6.03091e-007	-0.015625
6.03591e-007	-0.016875
6.04091e-007	-0.015625
6.04591e-007	-0.014375
6.05091e-007	-0.014375
6.05591e-007	-0.01625
6.06091e-007	-0.016875
6.06591e-007	-0.016875
6.07091e-007	-0.01625
6.07591e-007	-0.016875
6.08091e-007	-0.0175
6.08591e-007	-0.018125
6.09091e-007	-0.016875
6.09591e-007	-0.016875
6.10091e-007	-0.015625
6.10591e-007	-0.015625
6.11091e-007	-0.016875
6.11591e-007	-0.016875
6.12091e-007	-0.015625
6.12591e-007	-0.014375
6.13091e-007	-0.015
6.13591e-007	-0.015625
6.14091e-007	-0.015
6.14591e-007	-0.015625
6.15091e-007	-0.016875
6.15591e-007	-0.015
6.16091e-007	-0.015625
6.16591e-007	-0.01625
6.17091e-007	-0.015625
6.17591e-007	-0.016875
6.18091e-007	-0.016875
6.18591e-007	-0.016875
6.19091e-007	-0.01625
6.19591e-007	-0.015625
6.20091e-007	-0.014375
6.20591e-007	-0.01625
6.21091e-007	-0.01625
6.21591e-007	-0.01625
6.22091e-007	-0.015625
6.22591e-007	-0.015
6.23091e-007	-0.014375
6.23591e-007	-0.015
6.24091e-007	-0.014375
6.24591e-007	-0.01625
6.25091e-007	-0.014375
6.25591e-007	-0.014375
6.26091e-007	-0.015625
6.26591e-007	-0.015625
6.27091e-007	-0.014375
6.27591e-007	-0.015
6.28091e-007	-0.01625
6.28591e-007	-0.016875
6.29091e-007	-0.015
6.29591e-007	-0.016875
6.30091e-007	-0.016875
6.30591e-007	-0.015625
6.31091e-007	-0.015625
6.31591e-007	-0.015
6.32091e-007	-0.015625
6.32591e-007	-0.015625
6.33091e-007	-0.014375
6.33591e-007	-0.014375
6.34091e-007	-0.01375
6.34591e-007	-0.014375
6.35091e-007	-0.015
6.35591e-007	-0.014375
6.36091e-007	-0.014375
6.36591e-007	-0.01375
6.37091e-007	-0.01375
6.37591e-007	-0.015
6.38091e-007	-0.015
6.38591e-007	-0.01625
6.39091e-007	-0.014375
6.39591e-007	-0.014375
6.40091e-007	-0.015625
6.40591e-007	-0.015625
6.41091e-007	-0.015625
6.41591e-007	-0.01625
6.42091e-007	-0.016875
6.42591e-007	-0.015625
6.43091e-007	-0.015
6.43591e-007	-0.015625
6.44091e-007	-0.01375
6.44591e-007	-0.014375
6.45091e-007	-0.015625
6.45591e-007	-0.015
6.46091e-007	-0.01375
6.46591e-007	-0.014375
6.47091e-007	-0.015
6.47591e-007	-0.015625
6.48091e-007	-0.015625
6.48591e-007	-0.014375
6.49091e-007	-0.014375
6.49591e-007	-0.015625
6.50091e-007	-0.015625
6.50591e-007	-0.015625
6.51091e-007	-0.01625
6.51591e-007	-0.015625
6.52091e-007	-0.015
6.52591e-007	-0.01625
6.53091e-007	-0.015625
6.53591e-007	-0.016875
6.54091e-007	-0.01625
6.54591e-007	-0.01625
6.55091e-007	-0.016875
6.55591e-007	-0.015
6.56091e-007	-0.014375
6.56591e-007	-0.015
6.57091e-007	-0.01375
6.57591e-007	-0.0125
6.58091e-007	-0.015
6.58591e-007	-0.015625
6.59091e-007	-0.0125
6.59591e-007	-0.01375
6.60091e-007	-0.015625
6.60591e-007	-0.014375
6.61091e-007	-0.015
6.61591e-007	-0.014375
6.62091e-007	-0.014375
6.62591e-007	-0.016875
6.63091e-007	-0.015625
6.63591e-007	-0.015
6.64091e-007	-0.015
6.64591e-007	-0.015625
6.65091e-007	-0.015625
6.65591e-007	-0.015
6.66091e-007	-0.01375
6.66591e-007	-0.014375
6.67091e-007	-0.01375
6.67591e-007	-0.013125
6.68091e-007	-0.0125
6.68591e-007	-0.014375
6.69091e-007	-0.015625
6.69591e-007	-0.01625
6.70091e-007	-0.014375
6.70591e-007	-0.011875
6.71091e-007	-0.0125
6.71591e-007	-0.013125
6.72091e-007	-0.014375
6.72591e-007	-0.015625
6.73091e-007	-0.014375
6.73591e-007	-0.015
6.74091e-007	-0.014375
6.74591e-007	-0.013125
6.75091e-007	-0.014375
6.75591e-007	-0.013125
6.76091e-007	-0.01375
6.76591e-007	-0.01375
6.77091e-007	-0.01375
6.77591e-007	-0.01375
6.78091e-007	-0.0125
6.78591e-007	-0.01125
6.79091e-007	-0.011875
6.79591e-007	-0.0125
6.80091e-007	-0.0125
6.80591e-007	-0.0125
6.81091e-007	-0.0125
6.81591e-007	-0.0125
6.82091e-007	-0.01375
6.82591e-007	-0.01375
6.83091e-007	-0.014375
6.83591e-007	-0.013125
6.84091e-007	-0.014375
6.84591e-007	-0.015
6.85091e-007	-0.013125
6.85591e-007	-0.01375
6.86091e-007	-0.01375
6.86591e-007	-0.01375
6.87091e-007	-0.014375
6.87591e-007	-0.0125
6.88091e-007	-0.01125
6.88591e-007	-0.01375
6.89091e-007	-0.013125
6.89591e-007	-0.011875
6.90091e-007	-0.013125
6.90591e-007	-0.01375
6.91091e-007	-0.013125
6.91591e-007	-0.0125
6.92091e-007	-0.0125
6.92591e-007	-0.01125
6.93091e-007	-0.011875
6.93591e-007	-0.014375
6.94091e-007	-0.0125
6.94591e-007	-0.013125
6.95091e-007	-0.0125
6.95591e-007	-0.0125
6.96091e-007	-0.01375
6.96591e-007	-0.014375
6.97091e-007	-0.013125
6.97591e-007	-0.0125
6.98091e-007	-0.013125
6.98591e-007	-0.01375
6.99091e-007	-0.013125
6.99591e-007	-0.013125
7.00091e-007	-0.0125
7.00591e-007	-0.0125
7.01091e-007	-0.0125
7.01591e-007	-0.01125
7.02091e-007	-0.011875
7.02591e-007	-0.011875
7.03091e-007	-0.013125
7.03591e-007	-0.01375
7.04091e-007	-0.0125
7.04591e-007	-0.01125
7.05091e-007	-0.011875
7.05591e-007	-0.01375
7.06091e-007	-0.013125
7.06591e-007	-0.011875
7.07091e-007	-0.011875
7.07591e-007	-0.01125
7.08091e-007	-0.013125
7.08591e-007	-0.0125
7.09091e-007	-0.0125
7.09591e-007	-0.0125
7.10091e-007	-0.011875
7.10591e-007	-0.0125
7.11091e-007	-0.010625
7.11591e-007	-0.010625
7.12091e-007	-0.011875
7.12591e-007	-0.011875
7.13091e-007	-0.01125
7.13591e-007	-0.01125
7.14091e-007	-0.011875
7.14591e-007	-0.014375
7.15091e-007	-0.0125
7.15591e-007	-0.01125
7.16091e-007	-0.011875
7.16591e-007	-0.0125
7.17091e-007	-0.011875
7.17591e-007	-0.0125
7.18091e-007	-0.01375
7.18591e-007	-0.0125
7.19091e-007	-0.011875
7.19591e-007	-0.011875
7.20091e-007	-0.0125
7.20591e-007	-0.0125
7.21091e-007	-0.0125
7.21591e-007	-0.01125
7.22091e-007	-0.011875
7.22591e-007	-0.011875
7.23091e-007	-0.011875
7.23591e-007	-0.01125
7.24091e-007	-0.0125
7.24591e-007	-0.01125
7.25091e-007	-0.011875
7.25591e-007	-0.011875
7.26091e-007	-0.013125
7.26591e-007	-0.0125
7.27091e-007	-0.0125
7.27591e-007	-0.011875
7.28091e-007	-0.011875
7.28591e-007	-0.0125
7.29091e-007	-0.01125
7.29591e-007	-0.010625
7.30091e-007	-0.010625
7.30591e-007	-0.01125
7.31091e-007	-0.011875
7.31591e-007	-0.010625
7.32091e-007	-0.01125
7.32591e-007	-0.01125
7.33091e-007	-0.010625
7.33591e-007	-0.010625
7.34091e-007	-0.010625
7.34591e-007	-0.011875
7.35091e-007	-0.011875
7.35591e-007	-0.013125
7.36091e-007	-0.013125
7.36591e-007	-0.011875
7.37091e-007	-0.011875
7.37591e-007	-0.0125
7.38091e-007	-0.013125
7.38591e-007	-0.013125
7.39091e-007	-0.0125
7.39591e-007	-0.01125
7.40091e-007	-0.010625
7.40591e-007	-0.01
7.41091e-007	-0.01125
7.41591e-007	-0.011875
7.42091e-007	-0.01125
7.42591e-007	-0.010625
7.43091e-007	-0.01
7.43591e-007	-0.009375
7.44091e-007	-0.01
7.44591e-007	-0.010625
7.45091e-007	-0.010625
7.45591e-007	-0.01125
7.46091e-007	-0.01125
7.46591e-007	-0.011875
7.47091e-007	-0.013125
7.47591e-007	-0.011875
7.48091e-007	-0.01125
7.48591e-007	-0.0125
7.49091e-007	-0.0125
7.49591e-007	-0.010625
7.50091e-007	-0.009375
7.50591e-007	-0.010625
7.51091e-007	-0.013125
7.51591e-007	-0.010625
7.52091e-007	-0.009375
7.52591e-007	-0.009375
7.53091e-007	-0.010625
7.53591e-007	-0.01
7.54091e-007	-0.01
7.54591e-007	-0.010625
7.55091e-007	-0.01
7.55591e-007	-0.009375
7.56091e-007	-0.01125
7.56591e-007	-0.013125
7.57091e-007	-0.011875
7.57591e-007	-0.011875
7.58091e-007	-0.010625
7.58591e-007	-0.011875
7.59091e-007	-0.011875
7.59591e-007	-0.011875
7.60091e-007	-0.010625
7.60591e-007	-0.01
7.61091e-007	-0.01
7.61591e-007	-0.01
7.62091e-007	-0.01125
7.62591e-007	-0.01125
7.63091e-007	-0.01
7.63591e-007	-0.01
7.64091e-007	-0.01
7.64591e-007	-0.01
7.65091e-007	-0.010625
7.65591e-007	-0.01125
7.66091e-007	-0.011875
7.66591e-007	-0.010625
7.67091e-007	-0.010625
7.67591e-007	-0.011875
7.68091e-007	-0.011875
7.68591e-007	-0.011875
7.69091e-007	-0.011875
7.69591e-007	-0.010625
7.70091e-007	-0.01
7.70591e-007	-0.009375
7.71091e-007	-0.01
7.71591e-007	-0.010625
7.72091e-007	-0.010625
7.72591e-007	-0.009375
7.73091e-007	-0.010625
7.73591e-007	-0.009375
7.74091e-007	-0.00875
7.74591e-007	-0.01125
7.75091e-007	-0.010625
7.75591e-007	-0.009375
7.76091e-007	-0.010625
7.76591e-007	-0.01125
7.77091e-007	-0.01125
7.77591e-007	-0.009375
7.78091e-007	-0.009375
7.78591e-007	-0.009375
7.79091e-007	-0.00875
7.79591e-007	-0.01
7.80091e-007	-0.01
7.80591e-007	-0.009375
7.81091e-007	-0.009375
7.81591e-007	-0.01
7.82091e-007	-0.009375
7.82591e-007	-0.009375
7.83091e-007	-0.01
7.83591e-007	-0.010625
7.84091e-007	-0.009375
7.84591e-007	-0.009375
7.85091e-007	-0.01
7.85591e-007	-0.009375
7.86091e-007	-0.009375
7.86591e-007	-0.01
7.87091e-007	-0.01
7.87591e-007	-0.009375
7.88091e-007	-0.00875
7.88591e-007	-0.009375
7.89091e-007	-0.010625
7.89591e-007	-0.01125
7.90091e-007	-0.00875
7.90591e-007	-0.00875
7.91091e-007	-0.010625
7.91591e-007	-0.009375
7.92091e-007	-0.01
7.92591e-007	-0.010625
7.93091e-007	-0.01125
7.93591e-007	-0.010625
7.94091e-007	-0.00875
7.94591e-007	-0.009375
7.95091e-007	-0.010625
7.95591e-007	-0.00875
7.96091e-007	-0.01
7.96591e-007	-0.010625
7.97091e-007	-0.009375
7.97591e-007	-0.0075
7.98091e-007	-0.008125
7.98591e-007	-0.009375
7.99091e-007	-0.00875
7.99591e-007	-0.009375
8.00091e-007	-0.009375
8.00591e-007	-0.009375
8.01091e-007	-0.009375
8.01591e-007	-0.009375
8.02091e-007	-0.009375
8.02591e-007	-0.00875
8.03091e-007	-0.00875
8.03591e-007	-0.009375
8.04091e-007	-0.01125
8.04591e-007	-0.010625
8.05091e-007	-0.00875
8.05591e-007	-0.00875
8.06091e-007	-0.010625
8.06591e-007	-0.01
8.07091e-007	-0.009375
8.07591e-007	-0.00875
8.08091e-007	-0.0075
8.08591e-007	-0.008125
8.09091e-007	-0.01
8.09591e-007	-0.01
8.10091e-007	-0.008125
8.10591e-007	-0.009375
8.11091e-007	-0.00875
8.11591e-007	-0.008125
8.12091e-007	-0.00875
8.12591e-007	-0.009375
8.13091e-007	-0.009375
8.13591e-007	-0.009375
8.14091e-007	-0.01
8.14591e-007	-0.01125
8.15091e-007	-0.010625
8.15591e-007	-0.00875
8.16091e-007	-0.010625
8.16591e-007	-0.010625
8.17091e-007	-0.00875
8.17591e-007	-0.006875
8.18091e-007	-0.0075
8.18591e-007	-0.009375
8.19091e-007	-0.01125
8.19591e-007	-0.009375
8.20091e-007	-0.0075
8.20591e-007	-0.008125
8.21091e-007	-0.009375
8.21591e-007	-0.00875
8.22091e-007	-0.009375
8.22591e-007	-0.009375
8.23091e-007	-0.010625
8.23591e-007	-0.00875
8.24091e-007	-0.008125
8.24591e-007	-0.01
8.25091e-007	-0.01125
8.25591e-007	-0.009375
8.26091e-007	-0.009375
8.26591e-007	-0.010625
8.27091e-007	-0.010625
8.27591e-007	-0.01
8.28091e-007	-0.00875
8.28591e-007	-0.00875
8.29091e-007	-0.00875
8.29591e-007	-0.00875
8.30091e-007	-0.0075
8.30591e-007	-0.008125
8.31091e-007	-0.00875
8.31591e-007	-0.009375
8.32091e-007	-0.00875
8.32591e-007	-0.009375
8.33091e-007	-0.00875
8.33591e-007	-0.0075
8.34091e-007	-0.00875
8.34591e-007	-0.009375
8.35091e-007	-0.0075
8.35591e-007	-0.008125
8.36091e-007	-0.00875
8.36591e-007	-0.00875
8.37091e-007	-0.009375
8.37591e-007	-0.009375
8.38091e-007	-0.01
8.38591e-007	-0.00875
8.39091e-007	-0.008125
8.39591e-007	-0.00875
8.40091e-007	-0.00875
8.40591e-007	-0.008125
8.41091e-007	-0.008125
8.41591e-007	-0.008125
8.42091e-007	-0.009375
8.42591e-007	-0.00875
8.43091e-007	-0.009375
8.43591e-007	-0.006875
8.44091e-007	-0.006875
8.44591e-007	-0.0075
8.45091e-007	-0.00875
8.45591e-007	-0.008125
8.46091e-007	-0.006875
8.46591e-007	-0.009375
8.47091e-007	-0.01
8.47591e-007	-0.01
8.48091e-007	-0.00875
8.48591e-007	-0.006875
8.49091e-007	-0.008125
8.49591e-007	-0.009375
8.50091e-007	-0.009375
8.50591e-007	-0.009375
8.51091e-007	-0.008125
8.51591e-007	-0.0075
8.52091e-007	-0.008125
8.52591e-007	-0.008125
8.53091e-007	-0.0075
8.53591e-007	-0.006875
8.54091e-007	-0.008125
8.54591e-007	-0.0075
8.55091e-007	-0.008125
8.55591e-007	-0.0075
8.56091e-007	-0.008125
8.56591e-007	-0.00875
8.57091e-007	-0.00875
8.57591e-007	-0.00875
8.58091e-007	-0.00875
8.58591e-007	-0.00875
8.59091e-007	-0.00875
8.59591e-007	-0.00875
8.60091e-007	-0.0075
8.60591e-007	-0.0075
8.61091e-007	-0.008125
8.61591e-007	-0.00875
8.62091e-007	-0.0075
8.62591e-007	-0.006875
8.63091e-007	-0.0075
8.63591e-007	-0.006875
8.64091e-007	-0.008125
8.64591e-007	-0.008125
8.65091e-007	-0.0075
8.65591e-007	-0.0075
8.66091e-007	-0.0075
8.66591e-007	-0.006875
8.67091e-007	-0.006875
8.67591e-007	-0.008125
8.68091e-007	-0.00875
8.68591e-007	-0.00875
8.69091e-007	-0.008125
8.69591e-007	-0.008125
8.70091e-007	-0.008125
8.70591e-007	-0.008125
8.71091e-007	-0.00875
8.71591e-007	-0.008125
8.72091e-007	-0.006875
8.72591e-007	-0.0075
8.73091e-007	-0.008125
8.73591e-007	-0.0075
8.74091e-007	-0.0075
8.74591e-007	-0.006875
8.75091e-007	-0.006875
8.75591e-007	-0.008125
8.76091e-007	-0.0075
8.76591e-007	-0.0075
8.77091e-007	-0.008125
8.77591e-007	-0.008125
8.78091e-007	-0.006875
8.78591e-007	-0.008125
8.79091e-007	-0.009375
8.79591e-007	-0.0075
8.80091e-007	-0.005625
8.80591e-007	-0.0075
8.81091e-007	-0.00875
8.81591e-007	-0.0075
8.82091e-007	-0.005625
8.82591e-007	-0.006875
8.83091e-007	-0.00875
8.83591e-007	-0.008125
8.84091e-007	-0.006875
8.84591e-007	-0.00625
8.85091e-007	-0.006875
8.85591e-007	-0.0075
8.86091e-007	-0.006875
8.86591e-007	-0.008125
8.87091e-007	-0.0075
8.87591e-007	-0.00625
8.88091e-007	-0.0075
8.88591e-007	-0.008125
8.89091e-007	-0.00875
8.89591e-007	-0.0075
8.90091e-007	-0.0075
8.90591e-007	-0.0075
8.91091e-007	-0.0075
8.91591e-007	-0.00875
8.92091e-007	-0.0075
8.92591e-007	-0.0075
8.93091e-007	-0.00875
8.93591e-007	-0.00875
8.94091e-007	-0.008125
8.94591e-007	-0.00625
8.95091e-007	-0.0075
8.95591e-007	-0.008125
8.96091e-007	-0.006875
8.96591e-007	-0.0075
8.97091e-007	-0.008125
8.97591e-007	-0.006875
8.98091e-007	-0.006875
8.98591e-007	-0.00875
8.99091e-007	-0.0075
8.99591e-007	-0.006875
9.00091e-007	-0.0075
9.00591e-007	-0.006875
9.01091e-007	-0.008125
9.01591e-007	-0.008125
9.02091e-007	-0.006875
9.02591e-007	-0.008125
9.03091e-007	-0.00875
9.03591e-007	-0.008125
9.04091e-007	-0.00875
9.04591e-007	-0.008125
9.05091e-007	-0.008125
9.05591e-007	-0.0075
9.06091e-007	-0.0075
9.06591e-007	-0.008125
9.07091e-007	-0.0075
9.07591e-007	-0.006875
9.08091e-007	-0.005625
9.08591e-007	-0.00625
9.09091e-007	-0.006875
9.09591e-007	-0.006875
9.10091e-007	-0.005625
9.10591e-007	-0.006875
9.11091e-007	-0.006875
9.11591e-007	-0.006875
9.12091e-007	-0.0075
9.12591e-007	-0.006875
9.13091e-007	-0.006875
9.13591e-007	-0.006875
9.14091e-007	-0.006875
9.14591e-007	-0.008125
9.15091e-007	-0.008125
9.15591e-007	-0.006875
9.16091e-007	-0.0075
9.16591e-007	-0.006875
9.17091e-007	-0.006875
9.17591e-007	-0.008125
9.18091e-007	-0.0075
9.18591e-007	-0.006875
9.19091e-007	-0.00625
9.19591e-007	-0.00625
9.20091e-007	-0.0075
9.20591e-007	-0.0075
9.21091e-007	-0.006875
9.21591e-007	-0.0075
9.22091e-007	-0.006875
9.22591e-007	-0.0075
9.23091e-007	-0.00625
9.23591e-007	-0.00625
9.24091e-007	-0.008125
9.24591e-007	-0.0075
9.25091e-007	-0.006875
9.25591e-007	-0.006875
9.26091e-007	-0.0075
9.26591e-007	-0.0075
9.27091e-007	-0.005625
9.27591e-007	-0.005625
9.28091e-007	-0.0075
9.28591e-007	-0.0075
9.29091e-007	-0.00625
9.29591e-007	-0.006875
9.30091e-007	-0.006875
9.30591e-007	-0.006875
9.31091e-007	-0.00625
9.31591e-007	-0.00625
9.32091e-007	-0.0075
9.32591e-007	-0.005625
9.33091e-007	-0.005
9.33591e-007	-0.0075
9.34091e-007	-0.008125
9.34591e-007	-0.005625
9.35091e-007	-0.00625
9.35591e-007	-0.006875
9.36091e-007	-0.006875
9.36591e-007	-0.005
9.37091e-007	-0.005625
9.37591e-007	-0.006875
9.38091e-007	-0.006875
9.38591e-007	-0.006875
9.39091e-007	-0.006875
9.39591e-007	-0.006875
9.40091e-007	-0.005625
9.40591e-007	-0.00625
9.41091e-007	-0.006875
9.41591e-007	-0.00625
9.42091e-007	-0.004375
9.42591e-007	-0.004375
9.43091e-007	-0.005625
9.43591e-007	-0.006875
9.44091e-007	-0.00625
9.44591e-007	-0.005
9.45091e-007	-0.00625
9.45591e-007	-0.006875
9.46091e-007	-0.005
9.46591e-007	-0.005625
9.47091e-007	-0.0075
9.47591e-007	-0.006875
9.48091e-007	-0.005625
9.48591e-007	-0.005625
9.49091e-007	-0.005625
9.49591e-007	-0.006875
9.50091e-007	-0.00625
9.50591e-007	-0.0075
9.51091e-007	-0.008125
9.51591e-007	-0.008125
9.52091e-007	-0.0075
9.52591e-007	-0.006875
9.53091e-007	-0.006875
9.53591e-007	-0.00625
9.54091e-007	-0.005625
9.54591e-007	-0.005
9.55091e-007	-0.003125
9.55591e-007	-0.005625
9.56091e-007	-0.0075
9.56591e-007	-0.00625
9.57091e-007	-0.004375
9.57591e-007	-0.00375
9.58091e-007	-0.00625
9.58591e-007	-0.005625
9.59091e-007	-0.005625
9.59591e-007	-0.00625
9.60091e-007	-0.00625
9.60591e-007	-0.006875
9.61091e-007	-0.00625
9.61591e-007	-0.006875
9.62091e-007	-0.0075
9.62591e-007	-0.006875
9.63091e-007	-0.005
9.63591e-007	-0.005
9.64091e-007	-0.006875
9.64591e-007	-0.005
9.65091e-007	-0.00375
9.65591e-007	-0.005
9.66091e-007	-0.004375
9.66591e-007	-0.004375
9.67091e-007	-0.005
9.67591e-007	-0.005625
9.68091e-007	-0.004375
9.68591e-007	-0.00375
9.69091e-007	-0.005625
9.69591e-007	-0.006875
9.70091e-007	-0.005625
9.70591e-007	-0.006875
9.71091e-007	-0.00625
9.71591e-007	-0.0075
9.72091e-007	-0.0075
9.72591e-007	-0.005625
9.73091e-007	-0.00625
9.73591e-007	-0.0075
9.74091e-007	-0.00625
9.74591e-007	-0.004375
9.75091e-007	-0.005
9.75591e-007	-0.006875
9.76091e-007	-0.005625
9.76591e-007	-0.005625
9.77091e-007	-0.00375
9.77591e-007	-0.004375
9.78091e-007	-0.005625
9.78591e-007	-0.005625
9.79091e-007	-0.004375
9.79591e-007	-0.004375
9.80091e-007	-0.005625
9.80591e-007	-0.00625
9.81091e-007	-0.00625
9.81591e-007	-0.00625
9.82091e-007	-0.005
9.82591e-007	-0.0075
9.83091e-007	-0.006875
9.83591e-007	-0.005625
9.84091e-007	-0.00625
9.84591e-007	-0.00625
9.85091e-007	-0.005
9.85591e-007	-0.005
9.86091e-007	-0.005625
9.86591e-007	-0.00625
9.87091e-007	-0.00625
9.87591e-007	-0.004375
9.88091e-007	-0.004375
9.88591e-007	-0.00625
9.89091e-007	-0.005625
9.89591e-007	-0.00625
9.90091e-007	-0.004375
9.90591e-007	-0.00375
9.91091e-007	-0.005
9.91591e-007	-0.004375
9.92091e-007	-0.004375
9.92591e-007	-0.00625
9.93091e-007	-0.00625
9.93591e-007	-0.00625
9.94091e-007	-0.005625
9.94591e-007	-0.005
9.95091e-007	-0.004375
9.95591e-007	-0.005
9.96091e-007	-0.00625
9.96591e-007	-0.00625
9.97091e-007	-0.00625
9.97591e-007	-0.00625
9.98091e-007	-0.005
9.98591e-007	-0.005
9.99091e-007	-0.005
9.99591e-007	-0.005
1.000091e-006	-0.004375
1.000591e-006	-0.005625
1.001091e-006	-0.005625
1.001591e-006	-0.005625
1.002091e-006	-0.005
1.002591e-006	-0.005
1.003091e-006	-0.00625
1.003591e-006	-0.00625
1.004091e-006	-0.004375
