LECROYWS454	16215	Waveform
Segments	1	SegmentSize	4002
Segment	TrigTime	TimeSinceSegment1
#1	29-Apr-2024 21:10:19	0                 
Time	Ampl
-9.96454e-007	0
-9.95954e-007	-0.000625
-9.95454e-007	0
-9.94954e-007	0.000625
-9.94454e-007	0.00125
-9.93954e-007	0.000625
-9.93454e-007	0.000625
-9.92954e-007	0.00125
-9.92454e-007	0
-9.91954e-007	0
-9.91454e-007	0.001875
-9.90954e-007	0.00125
-9.90454e-007	-0.000625
-9.89954e-007	-0.000625
-9.89454e-007	0
-9.88954e-007	0
-9.88454e-007	-0.00125
-9.87954e-007	-0.00125
-9.87454e-007	-0.000625
-9.86954e-007	-0.00125
-9.86454e-007	-0.000625
-9.85954e-007	0
-9.85454e-007	-0.001875
-9.84954e-007	-0.000625
-9.84454e-007	0.00125
-9.83954e-007	0.000625
-9.83454e-007	-0.00125
-9.82954e-007	-0.000625
-9.82454e-007	0
-9.81954e-007	0
-9.81454e-007	0.000625
-9.80954e-007	0.001875
-9.80454e-007	0.00125
-9.79954e-007	-0.00125
-9.79454e-007	-0.001875
-9.78954e-007	-0.00125
-9.78454e-007	-0.00125
-9.77954e-007	-0.000625
-9.77454e-007	-0.00125
-9.76954e-007	-0.001875
-9.76454e-007	-0.000625
-9.75954e-007	-0.00125
-9.75454e-007	0
-9.74954e-007	-0.000625
-9.74454e-007	0
-9.73954e-007	-0.000625
-9.73454e-007	0
-9.72954e-007	0.000625
-9.72454e-007	0.000625
-9.71954e-007	0
-9.71454e-007	0.00125
-9.70954e-007	0.000625
-9.70454e-007	0
-9.69954e-007	0
-9.69454e-007	0.000625
-9.68954e-007	-0.00125
-9.68454e-007	-0.00125
-9.67954e-007	0
-9.67454e-007	-0.00125
-9.66954e-007	-0.000625
-9.66454e-007	-0.000625
-9.65954e-007	-0.000625
-9.65454e-007	0
-9.64954e-007	-0.000625
-9.64454e-007	0
-9.63954e-007	0.000625
-9.63454e-007	-0.000625
-9.62954e-007	-0.001875
-9.62454e-007	-0.000625
-9.61954e-007	0.000625
-9.61454e-007	0
-9.60954e-007	0.00125
-9.60454e-007	0
-9.59954e-007	0
-9.59454e-007	-0.000625
-9.58954e-007	-0.001875
-9.58454e-007	-0.000625
-9.57954e-007	0.00125
-9.57454e-007	0
-9.56954e-007	0.000625
-9.56454e-007	0.000625
-9.55954e-007	-0.000625
-9.55454e-007	-0.00125
-9.54954e-007	-0.00125
-9.54454e-007	0
-9.53954e-007	-0.000625
-9.53454e-007	-0.001875
-9.52954e-007	0
-9.52454e-007	0.00125
-9.51954e-007	-0.000625
-9.51454e-007	-0.00125
-9.50954e-007	-0.00125
-9.50454e-007	0
-9.49954e-007	-0.000625
-9.49454e-007	0.000625
-9.48954e-007	0.00125
-9.48454e-007	0.001875
-9.47954e-007	-0.000625
-9.47454e-007	0
-9.46954e-007	0
-9.46454e-007	0.000625
-9.45954e-007	0.000625
-9.45454e-007	-0.000625
-9.44954e-007	0
-9.44454e-007	-0.000625
-9.43954e-007	-0.00125
-9.43454e-007	-0.00125
-9.42954e-007	-0.00125
-9.42454e-007	-0.00125
-9.41954e-007	-0.000625
-9.41454e-007	0.000625
-9.40954e-007	-0.000625
-9.40454e-007	-0.00125
-9.39954e-007	-0.000625
-9.39454e-007	0.000625
-9.38954e-007	0.000625
-9.38454e-007	-0.000625
-9.37954e-007	0
-9.37454e-007	-0.000625
-9.36954e-007	0.000625
-9.36454e-007	0.000625
-9.35954e-007	0
-9.35454e-007	0
-9.34954e-007	0.000625
-9.34454e-007	0.000625
-9.33954e-007	0
-9.33454e-007	-0.00125
-9.32954e-007	0.00125
-9.32454e-007	0
-9.31954e-007	0
-9.31454e-007	0
-9.30954e-007	0
-9.30454e-007	0.00125
-9.29954e-007	-0.001875
-9.29454e-007	-0.00125
-9.28954e-007	-0.000625
-9.28454e-007	0
-9.27954e-007	0.00125
-9.27454e-007	0.000625
-9.26954e-007	0
-9.26454e-007	0.00125
-9.25954e-007	0
-9.25454e-007	-0.00125
-9.24954e-007	-0.00125
-9.24454e-007	0.001875
-9.23954e-007	0.000625
-9.23454e-007	-0.0025
-9.22954e-007	0
-9.22454e-007	0
-9.21954e-007	-0.000625
-9.21454e-007	0.000625
-9.20954e-007	0.00125
-9.20454e-007	0.000625
-9.19954e-007	-0.00125
-9.19454e-007	-0.00125
-9.18954e-007	0.000625
-9.18454e-007	0.000625
-9.17954e-007	-0.000625
-9.17454e-007	-0.00125
-9.16954e-007	0.00125
-9.16454e-007	0.000625
-9.15954e-007	-0.00125
-9.15454e-007	-0.000625
-9.14954e-007	0.000625
-9.14454e-007	0
-9.13954e-007	-0.000625
-9.13454e-007	-0.000625
-9.12954e-007	0
-9.12454e-007	0
-9.11954e-007	0
-9.11454e-007	0.000625
-9.10954e-007	-0.00125
-9.10454e-007	-0.0025
-9.09954e-007	0
-9.09454e-007	0.00125
-9.08954e-007	-0.000625
-9.08454e-007	-0.00125
-9.07954e-007	0.000625
-9.07454e-007	0.00125
-9.06954e-007	-0.000625
-9.06454e-007	-0.000625
-9.05954e-007	-0.000625
-9.05454e-007	0.000625
-9.04954e-007	-0.000625
-9.04454e-007	0.000625
-9.03954e-007	0
-9.03454e-007	-0.000625
-9.02954e-007	-0.000625
-9.02454e-007	0.000625
-9.01954e-007	0.001875
-9.01454e-007	0.001875
-9.00954e-007	0.001875
-9.00454e-007	0.000625
-8.99954e-007	-0.00125
-8.99454e-007	0
-8.98954e-007	0
-8.98454e-007	-0.000625
-8.97954e-007	0
-8.97454e-007	0
-8.96954e-007	-0.000625
-8.96454e-007	-0.000625
-8.95954e-007	0.000625
-8.95454e-007	-0.000625
-8.94954e-007	-0.000625
-8.94454e-007	0
-8.93954e-007	-0.000625
-8.93454e-007	0
-8.92954e-007	0.00125
-8.92454e-007	0
-8.91954e-007	0.000625
-8.91454e-007	-0.000625
-8.90954e-007	0
-8.90454e-007	0.000625
-8.89954e-007	0.000625
-8.89454e-007	0
-8.88954e-007	0
-8.88454e-007	0
-8.87954e-007	-0.000625
-8.87454e-007	0
-8.86954e-007	-0.00125
-8.86454e-007	-0.00125
-8.85954e-007	-0.00125
-8.85454e-007	-0.00125
-8.84954e-007	-0.000625
-8.84454e-007	-0.000625
-8.83954e-007	0.000625
-8.83454e-007	0.000625
-8.82954e-007	0.000625
-8.82454e-007	0.0025
-8.81954e-007	0.000625
-8.81454e-007	0.000625
-8.80954e-007	0.000625
-8.80454e-007	0.00125
-8.79954e-007	0.00125
-8.79454e-007	0.00125
-8.78954e-007	0
-8.78454e-007	-0.000625
-8.77954e-007	-0.001875
-8.77454e-007	-0.000625
-8.76954e-007	0.000625
-8.76454e-007	-0.00125
-8.75954e-007	-0.001875
-8.75454e-007	-0.000625
-8.74954e-007	-0.000625
-8.74454e-007	0
-8.73954e-007	-0.000625
-8.73454e-007	-0.001875
-8.72954e-007	0.000625
-8.72454e-007	0.000625
-8.71954e-007	-0.000625
-8.71454e-007	0.001875
-8.70954e-007	0.003125
-8.70454e-007	0
-8.69954e-007	0.000625
-8.69454e-007	0.000625
-8.68954e-007	0
-8.68454e-007	-0.00125
-8.67954e-007	-0.000625
-8.67454e-007	0
-8.66954e-007	0
-8.66454e-007	-0.00125
-8.65954e-007	-0.000625
-8.65454e-007	-0.001875
-8.64954e-007	-0.000625
-8.64454e-007	0.00125
-8.63954e-007	-0.000625
-8.63454e-007	-0.000625
-8.62954e-007	0.00125
-8.62454e-007	0.001875
-8.61954e-007	0.001875
-8.61454e-007	0.00125
-8.60954e-007	0
-8.60454e-007	-0.00125
-8.59954e-007	-0.00125
-8.59454e-007	-0.000625
-8.58954e-007	-0.00125
-8.58454e-007	-0.000625
-8.57954e-007	0
-8.57454e-007	-0.000625
-8.56954e-007	-0.003125
-8.56454e-007	-0.00125
-8.55954e-007	-0.000625
-8.55454e-007	-0.00125
-8.54954e-007	0.000625
-8.54454e-007	0.000625
-8.53954e-007	-0.00125
-8.53454e-007	0.000625
-8.52954e-007	0.000625
-8.52454e-007	0.000625
-8.51954e-007	0.000625
-8.51454e-007	-0.000625
-8.50954e-007	-0.000625
-8.50454e-007	-0.00125
-8.49954e-007	0
-8.49454e-007	-0.000625
-8.48954e-007	-0.00125
-8.48454e-007	-0.00125
-8.47954e-007	-0.00125
-8.47454e-007	-0.00125
-8.46954e-007	0.000625
-8.46454e-007	-0.000625
-8.45954e-007	-0.00125
-8.45454e-007	-0.00125
-8.44954e-007	0
-8.44454e-007	0
-8.43954e-007	0
-8.43454e-007	0.00125
-8.42954e-007	0.00125
-8.42454e-007	0.001875
-8.41954e-007	0
-8.41454e-007	0.000625
-8.40954e-007	0.000625
-8.40454e-007	0
-8.39954e-007	-0.00125
-8.39454e-007	-0.00125
-8.38954e-007	0
-8.38454e-007	0.000625
-8.37954e-007	-0.000625
-8.37454e-007	0
-8.36954e-007	0
-8.36454e-007	0.00125
-8.35954e-007	-0.000625
-8.35454e-007	-0.00125
-8.34954e-007	-0.000625
-8.34454e-007	0.000625
-8.33954e-007	0.000625
-8.33454e-007	0.000625
-8.32954e-007	0.000625
-8.32454e-007	-0.000625
-8.31954e-007	-0.00125
-8.31454e-007	-0.00125
-8.30954e-007	0.000625
-8.30454e-007	0.000625
-8.29954e-007	0
-8.29454e-007	0.000625
-8.28954e-007	0
-8.28454e-007	0
-8.27954e-007	0
-8.27454e-007	0
-8.26954e-007	0
-8.26454e-007	0.000625
-8.25954e-007	0.000625
-8.25454e-007	-0.001875
-8.24954e-007	0.000625
-8.24454e-007	0.001875
-8.23954e-007	0.00125
-8.23454e-007	-0.000625
-8.22954e-007	-0.00125
-8.22454e-007	0.000625
-8.21954e-007	0.00125
-8.21454e-007	0
-8.20954e-007	0
-8.20454e-007	0
-8.19954e-007	-0.000625
-8.19454e-007	-0.000625
-8.18954e-007	-0.000625
-8.18454e-007	-0.000625
-8.17954e-007	0
-8.17454e-007	0.000625
-8.16954e-007	0
-8.16454e-007	-0.000625
-8.15954e-007	0
-8.15454e-007	0
-8.14954e-007	0
-8.14454e-007	0
-8.13954e-007	0
-8.13454e-007	-0.00125
-8.12954e-007	-0.000625
-8.12454e-007	0.00125
-8.11954e-007	0.000625
-8.11454e-007	0.000625
-8.10954e-007	-0.000625
-8.10454e-007	-0.000625
-8.09954e-007	0.000625
-8.09454e-007	0.000625
-8.08954e-007	0.000625
-8.08454e-007	0.000625
-8.07954e-007	-0.000625
-8.07454e-007	0.000625
-8.06954e-007	0.00125
-8.06454e-007	0.000625
-8.05954e-007	-0.000625
-8.05454e-007	-0.000625
-8.04954e-007	0.000625
-8.04454e-007	0.000625
-8.03954e-007	-0.00125
-8.03454e-007	0.000625
-8.02954e-007	0
-8.02454e-007	-0.000625
-8.01954e-007	-0.000625
-8.01454e-007	-0.000625
-8.00954e-007	0
-8.00454e-007	0.00125
-7.99954e-007	-0.000625
-7.99454e-007	-0.000625
-7.98954e-007	0.000625
-7.98454e-007	-0.00125
-7.97954e-007	0
-7.97454e-007	0.000625
-7.96954e-007	-0.000625
-7.96454e-007	0
-7.95954e-007	0.000625
-7.95454e-007	0
-7.94954e-007	-0.000625
-7.94454e-007	0
-7.93954e-007	0.000625
-7.93454e-007	-0.00125
-7.92954e-007	0.000625
-7.92454e-007	0.00125
-7.91954e-007	-0.000625
-7.91454e-007	0.000625
-7.90954e-007	-0.000625
-7.90454e-007	-0.00125
-7.89954e-007	-0.000625
-7.89454e-007	0.000625
-7.88954e-007	0.000625
-7.88454e-007	0
-7.87954e-007	-0.000625
-7.87454e-007	0.000625
-7.86954e-007	-0.000625
-7.86454e-007	0.000625
-7.85954e-007	0
-7.85454e-007	-0.000625
-7.84954e-007	-0.00125
-7.84454e-007	0.000625
-7.83954e-007	0.00125
-7.83454e-007	-0.00125
-7.82954e-007	0.000625
-7.82454e-007	0.000625
-7.81954e-007	-0.000625
-7.81454e-007	-0.000625
-7.80954e-007	-0.000625
-7.80454e-007	0.000625
-7.79954e-007	0.000625
-7.79454e-007	0.000625
-7.78954e-007	0.00125
-7.78454e-007	-0.000625
-7.77954e-007	-0.000625
-7.77454e-007	0.00125
-7.76954e-007	0.00125
-7.76454e-007	0.000625
-7.75954e-007	0.000625
-7.75454e-007	-0.000625
-7.74954e-007	-0.00125
-7.74454e-007	0
-7.73954e-007	0.00125
-7.73454e-007	-0.000625
-7.72954e-007	-0.000625
-7.72454e-007	-0.000625
-7.71954e-007	0.00125
-7.71454e-007	0.00125
-7.70954e-007	0.000625
-7.70454e-007	0.000625
-7.69954e-007	0
-7.69454e-007	-0.00125
-7.68954e-007	-0.00125
-7.68454e-007	-0.000625
-7.67954e-007	0.001875
-7.67454e-007	0.000625
-7.66954e-007	-0.000625
-7.66454e-007	0
-7.65954e-007	0
-7.65454e-007	-0.000625
-7.64954e-007	-0.000625
-7.64454e-007	-0.000625
-7.63954e-007	-0.000625
-7.63454e-007	-0.001875
-7.62954e-007	0
-7.62454e-007	0.000625
-7.61954e-007	0.000625
-7.61454e-007	0.000625
-7.60954e-007	0.000625
-7.60454e-007	0.001875
-7.59954e-007	0.000625
-7.59454e-007	0
-7.58954e-007	0
-7.58454e-007	0
-7.57954e-007	-0.00125
-7.57454e-007	0
-7.56954e-007	0
-7.56454e-007	-0.000625
-7.55954e-007	-0.000625
-7.55454e-007	0.000625
-7.54954e-007	0.000625
-7.54454e-007	0
-7.53954e-007	-0.000625
-7.53454e-007	-0.000625
-7.52954e-007	0.000625
-7.52454e-007	0.001875
-7.51954e-007	0.001875
-7.51454e-007	0.003125
-7.50954e-007	-0.000625
-7.50454e-007	0.000625
-7.49954e-007	0.00125
-7.49454e-007	0.00125
-7.48954e-007	0.000625
-7.48454e-007	0
-7.47954e-007	0
-7.47454e-007	-0.00125
-7.46954e-007	-0.000625
-7.46454e-007	-0.000625
-7.45954e-007	-0.00125
-7.45454e-007	-0.000625
-7.44954e-007	0.000625
-7.44454e-007	-0.001875
-7.43954e-007	-0.001875
-7.43454e-007	0
-7.42954e-007	-0.000625
-7.42454e-007	0
-7.41954e-007	-0.000625
-7.41454e-007	-0.000625
-7.40954e-007	0.000625
-7.40454e-007	0.001875
-7.39954e-007	0.000625
-7.39454e-007	0.001875
-7.38954e-007	0.00125
-7.38454e-007	0.000625
-7.37954e-007	0.000625
-7.37454e-007	0
-7.36954e-007	-0.000625
-7.36454e-007	0.000625
-7.35954e-007	-0.000625
-7.35454e-007	-0.00125
-7.34954e-007	-0.000625
-7.34454e-007	0
-7.33954e-007	-0.000625
-7.33454e-007	-0.00125
-7.32954e-007	-0.001875
-7.32454e-007	0.000625
-7.31954e-007	0.000625
-7.31454e-007	-0.00125
-7.30954e-007	-0.000625
-7.30454e-007	0
-7.29954e-007	0.00125
-7.29454e-007	0.00125
-7.28954e-007	0.00125
-7.28454e-007	0.000625
-7.27954e-007	0
-7.27454e-007	0.00125
-7.26954e-007	0.000625
-7.26454e-007	-0.00125
-7.25954e-007	-0.00125
-7.25454e-007	-0.000625
-7.24954e-007	0.000625
-7.24454e-007	-0.00125
-7.23954e-007	-0.00125
-7.23454e-007	0.000625
-7.22954e-007	0
-7.22454e-007	-0.000625
-7.21954e-007	-0.000625
-7.21454e-007	-0.00125
-7.20954e-007	-0.000625
-7.20454e-007	0.000625
-7.19954e-007	0
-7.19454e-007	0.000625
-7.18954e-007	0.000625
-7.18454e-007	0
-7.17954e-007	-0.000625
-7.17454e-007	-0.000625
-7.16954e-007	-0.000625
-7.16454e-007	0
-7.15954e-007	0.000625
-7.15454e-007	0.00125
-7.14954e-007	0.00125
-7.14454e-007	0.000625
-7.13954e-007	0.000625
-7.13454e-007	0.000625
-7.12954e-007	-0.000625
-7.12454e-007	-0.00125
-7.11954e-007	-0.000625
-7.11454e-007	-0.000625
-7.10954e-007	-0.000625
-7.10454e-007	0
-7.09954e-007	-0.000625
-7.09454e-007	0.000625
-7.08954e-007	0.000625
-7.08454e-007	0.00125
-7.07954e-007	0
-7.07454e-007	0
-7.06954e-007	0.000625
-7.06454e-007	0.000625
-7.05954e-007	0
-7.05454e-007	0
-7.04954e-007	0
-7.04454e-007	0.00125
-7.03954e-007	0.00125
-7.03454e-007	0.000625
-7.02954e-007	-0.001875
-7.02454e-007	-0.001875
-7.01954e-007	0
-7.01454e-007	-0.00125
-7.00954e-007	-0.001875
-7.00454e-007	-0.00125
-6.99954e-007	0.000625
-6.99454e-007	0
-6.98954e-007	-0.000625
-6.98454e-007	-0.001875
-6.97954e-007	0
-6.97454e-007	0.00125
-6.96954e-007	0.00125
-6.96454e-007	-0.000625
-6.95954e-007	-0.000625
-6.95454e-007	0
-6.94954e-007	0.000625
-6.94454e-007	0.000625
-6.93954e-007	0.00125
-6.93454e-007	0
-6.92954e-007	-0.001875
-6.92454e-007	-0.000625
-6.91954e-007	-0.000625
-6.91454e-007	-0.001875
-6.90954e-007	-0.001875
-6.90454e-007	-0.000625
-6.89954e-007	0.00125
-6.89454e-007	-0.00125
-6.88954e-007	-0.0025
-6.88454e-007	-0.000625
-6.87954e-007	0.00125
-6.87454e-007	0.000625
-6.86954e-007	-0.000625
-6.86454e-007	0.000625
-6.85954e-007	0
-6.85454e-007	-0.000625
-6.84954e-007	0.001875
-6.84454e-007	0.001875
-6.83954e-007	0.001875
-6.83454e-007	0.000625
-6.82954e-007	-0.000625
-6.82454e-007	0.000625
-6.81954e-007	-0.001875
-6.81454e-007	-0.001875
-6.80954e-007	0
-6.80454e-007	-0.000625
-6.79954e-007	-0.00125
-6.79454e-007	-0.00125
-6.78954e-007	-0.000625
-6.78454e-007	0.000625
-6.77954e-007	-0.000625
-6.77454e-007	0
-6.76954e-007	0
-6.76454e-007	-0.000625
-6.75954e-007	0
-6.75454e-007	0
-6.74954e-007	0.00125
-6.74454e-007	0.000625
-6.73954e-007	0.00125
-6.73454e-007	0.00125
-6.72954e-007	0.000625
-6.72454e-007	0.000625
-6.71954e-007	0.000625
-6.71454e-007	-0.000625
-6.70954e-007	0.000625
-6.70454e-007	0
-6.69954e-007	-0.00125
-6.69454e-007	-0.000625
-6.68954e-007	0.000625
-6.68454e-007	0.000625
-6.67954e-007	-0.000625
-6.67454e-007	0
-6.66954e-007	-0.00125
-6.66454e-007	0.000625
-6.65954e-007	0.000625
-6.65454e-007	0
-6.64954e-007	0.000625
-6.64454e-007	0.000625
-6.63954e-007	0
-6.63454e-007	0.000625
-6.62954e-007	0.000625
-6.62454e-007	0.000625
-6.61954e-007	0.000625
-6.61454e-007	0.000625
-6.60954e-007	0
-6.60454e-007	0.000625
-6.59954e-007	0.000625
-6.59454e-007	0
-6.58954e-007	0
-6.58454e-007	-0.000625
-6.57954e-007	-0.000625
-6.57454e-007	0.00125
-6.56954e-007	0.000625
-6.56454e-007	0
-6.55954e-007	0
-6.55454e-007	0
-6.54954e-007	0.000625
-6.54454e-007	-0.000625
-6.53954e-007	-0.00125
-6.53454e-007	-0.000625
-6.52954e-007	0.000625
-6.52454e-007	-0.000625
-6.51954e-007	0.000625
-6.51454e-007	0.001875
-6.50954e-007	0.00125
-6.50454e-007	0.000625
-6.49954e-007	0.000625
-6.49454e-007	0.00125
-6.48954e-007	0.000625
-6.48454e-007	0.000625
-6.47954e-007	0.000625
-6.47454e-007	0.00125
-6.46954e-007	-0.000625
-6.46454e-007	-0.001875
-6.45954e-007	-0.000625
-6.45454e-007	0.001875
-6.44954e-007	-0.00125
-6.44454e-007	-0.001875
-6.43954e-007	-0.000625
-6.43454e-007	0
-6.42954e-007	0.000625
-6.42454e-007	0
-6.41954e-007	-0.000625
-6.41454e-007	-0.000625
-6.40954e-007	-0.000625
-6.40454e-007	0.000625
-6.39954e-007	0.00125
-6.39454e-007	0.001875
-6.38954e-007	0.000625
-6.38454e-007	0.000625
-6.37954e-007	0.00125
-6.37454e-007	0.000625
-6.36954e-007	0
-6.36454e-007	-0.000625
-6.35954e-007	0
-6.35454e-007	-0.000625
-6.34954e-007	-0.00125
-6.34454e-007	-0.001875
-6.33954e-007	-0.001875
-6.33454e-007	-0.001875
-6.32954e-007	0
-6.32454e-007	0
-6.31954e-007	-0.00125
-6.31454e-007	0
-6.30954e-007	0.00125
-6.30454e-007	0.000625
-6.29954e-007	-0.000625
-6.29454e-007	0
-6.28954e-007	0.001875
-6.28454e-007	0.0025
-6.27954e-007	0.00125
-6.27454e-007	0.001875
-6.26954e-007	0.001875
-6.26454e-007	0.00125
-6.25954e-007	0.000625
-6.25454e-007	0.000625
-6.24954e-007	-0.000625
-6.24454e-007	-0.00125
-6.23954e-007	-0.000625
-6.23454e-007	-0.001875
-6.22954e-007	-0.001875
-6.22454e-007	0
-6.21954e-007	0
-6.21454e-007	-0.000625
-6.20954e-007	0
-6.20454e-007	-0.000625
-6.19954e-007	0
-6.19454e-007	0.000625
-6.18954e-007	0.000625
-6.18454e-007	0.001875
-6.17954e-007	0.000625
-6.17454e-007	0.000625
-6.16954e-007	0.00125
-6.16454e-007	0.000625
-6.15954e-007	0.000625
-6.15454e-007	0.00125
-6.14954e-007	0.000625
-6.14454e-007	0
-6.13954e-007	-0.000625
-6.13454e-007	-0.001875
-6.12954e-007	-0.001875
-6.12454e-007	-0.000625
-6.11954e-007	-0.000625
-6.11454e-007	-0.001875
-6.10954e-007	-0.000625
-6.10454e-007	0.000625
-6.09954e-007	-0.000625
-6.09454e-007	-0.000625
-6.08954e-007	-0.00125
-6.08454e-007	0
-6.07954e-007	0.001875
-6.07454e-007	0.00125
-6.06954e-007	0.000625
-6.06454e-007	0
-6.05954e-007	0.000625
-6.05454e-007	0.001875
-6.04954e-007	0.001875
-6.04454e-007	0.000625
-6.03954e-007	-0.000625
-6.03454e-007	0.000625
-6.02954e-007	0.000625
-6.02454e-007	-0.000625
-6.01954e-007	-0.00125
-6.01454e-007	-0.00125
-6.00954e-007	-0.00125
-6.00454e-007	-0.00125
-5.99954e-007	-0.000625
-5.99454e-007	-0.00125
-5.98954e-007	-0.001875
-5.98454e-007	0
-5.97954e-007	0
-5.97454e-007	-0.000625
-5.96954e-007	0.00125
-5.96454e-007	0.001875
-5.95954e-007	0.000625
-5.95454e-007	0.001875
-5.94954e-007	0.001875
-5.94454e-007	0
-5.93954e-007	0
-5.93454e-007	0
-5.92954e-007	0.000625
-5.92454e-007	0
-5.91954e-007	0
-5.91454e-007	-0.00125
-5.90954e-007	0.000625
-5.90454e-007	-0.001875
-5.89954e-007	-0.00125
-5.89454e-007	-0.00125
-5.88954e-007	-0.001875
-5.88454e-007	-0.00125
-5.87954e-007	-0.001875
-5.87454e-007	0
-5.86954e-007	0.001875
-5.86454e-007	0
-5.85954e-007	-0.000625
-5.85454e-007	0.000625
-5.84954e-007	0.001875
-5.84454e-007	0.00125
-5.83954e-007	0
-5.83454e-007	0.001875
-5.82954e-007	0.00125
-5.82454e-007	0
-5.81954e-007	0.000625
-5.81454e-007	0.000625
-5.80954e-007	-0.000625
-5.80454e-007	-0.00125
-5.79954e-007	-0.00125
-5.79454e-007	0
-5.78954e-007	-0.003125
-5.78454e-007	-0.00125
-5.77954e-007	-0.000625
-5.77454e-007	-0.000625
-5.76954e-007	-0.00125
-5.76454e-007	-0.000625
-5.75954e-007	0
-5.75454e-007	0.000625
-5.74954e-007	0.000625
-5.74454e-007	0.000625
-5.73954e-007	0.0025
-5.73454e-007	0.0025
-5.72954e-007	0.001875
-5.72454e-007	0.001875
-5.71954e-007	-0.00125
-5.71454e-007	-0.00125
-5.70954e-007	0.001875
-5.70454e-007	-0.000625
-5.69954e-007	-0.000625
-5.69454e-007	-0.00125
-5.68954e-007	-0.001875
-5.68454e-007	-0.000625
-5.67954e-007	-0.001875
-5.67454e-007	-0.000625
-5.66954e-007	-0.000625
-5.66454e-007	-0.001875
-5.65954e-007	-0.00125
-5.65454e-007	0.000625
-5.64954e-007	0.00125
-5.64454e-007	0.000625
-5.63954e-007	0.00125
-5.63454e-007	0.0025
-5.62954e-007	0.000625
-5.62454e-007	0.00125
-5.61954e-007	0.00125
-5.61454e-007	0.000625
-5.60954e-007	0.000625
-5.60454e-007	0
-5.59954e-007	0.001875
-5.59454e-007	-0.000625
-5.58954e-007	-0.00125
-5.58454e-007	-0.000625
-5.57954e-007	-0.001875
-5.57454e-007	-0.00125
-5.56954e-007	-0.001875
-5.56454e-007	-0.00125
-5.55954e-007	0
-5.55454e-007	-0.00125
-5.54954e-007	0
-5.54454e-007	0
-5.53954e-007	-0.000625
-5.53454e-007	0.00125
-5.52954e-007	0.000625
-5.52454e-007	0.001875
-5.51954e-007	0.00125
-5.51454e-007	0
-5.50954e-007	0.00125
-5.50454e-007	0
-5.49954e-007	0.00125
-5.49454e-007	0.00125
-5.48954e-007	0
-5.48454e-007	-0.000625
-5.47954e-007	-0.00125
-5.47454e-007	-0.003125
-5.46954e-007	-0.001875
-5.46454e-007	-0.000625
-5.45954e-007	0
-5.45454e-007	-0.00125
-5.44954e-007	-0.001875
-5.44454e-007	-0.000625
-5.43954e-007	0.00125
-5.43454e-007	0.001875
-5.42954e-007	0.000625
-5.42454e-007	0.001875
-5.41954e-007	0.000625
-5.41454e-007	0
-5.40954e-007	0.00125
-5.40454e-007	0.000625
-5.39954e-007	0.000625
-5.39454e-007	0.001875
-5.38954e-007	0.00125
-5.38454e-007	0.000625
-5.37954e-007	-0.000625
-5.37454e-007	0
-5.36954e-007	-0.000625
-5.36454e-007	-0.000625
-5.35954e-007	-0.001875
-5.35454e-007	-0.001875
-5.34954e-007	-0.000625
-5.34454e-007	0
-5.33954e-007	0
-5.33454e-007	-0.00125
-5.32954e-007	-0.001875
-5.32454e-007	0
-5.31954e-007	0.000625
-5.31454e-007	0.00125
-5.30954e-007	0.000625
-5.30454e-007	0.000625
-5.29954e-007	0.00125
-5.29454e-007	0
-5.28954e-007	0
-5.28454e-007	-0.000625
-5.27954e-007	0
-5.27454e-007	-0.000625
-5.26954e-007	-0.001875
-5.26454e-007	-0.001875
-5.25954e-007	-0.000625
-5.25454e-007	0
-5.24954e-007	-0.000625
-5.24454e-007	-0.003125
-5.23954e-007	-0.00125
-5.23454e-007	0.00125
-5.22954e-007	-0.000625
-5.22454e-007	0.000625
-5.21954e-007	0
-5.21454e-007	-0.000625
-5.20954e-007	0.00125
-5.20454e-007	0.000625
-5.19954e-007	-0.000625
-5.19454e-007	0
-5.18954e-007	0.000625
-5.18454e-007	0.000625
-5.17954e-007	-0.000625
-5.17454e-007	-0.00125
-5.16954e-007	-0.000625
-5.16454e-007	0.000625
-5.15954e-007	-0.00125
-5.15454e-007	-0.000625
-5.14954e-007	0.000625
-5.14454e-007	-0.000625
-5.13954e-007	-0.001875
-5.13454e-007	0
-5.12954e-007	0.00125
-5.12454e-007	0
-5.11954e-007	-0.000625
-5.11454e-007	0.000625
-5.10954e-007	0.000625
-5.10454e-007	-0.000625
-5.09954e-007	0.000625
-5.09454e-007	0.000625
-5.08954e-007	0.001875
-5.08454e-007	0.000625
-5.07954e-007	0.00125
-5.07454e-007	0.001875
-5.06954e-007	0.000625
-5.06454e-007	-0.000625
-5.05954e-007	-0.000625
-5.05454e-007	0
-5.04954e-007	0
-5.04454e-007	-0.000625
-5.03954e-007	-0.000625
-5.03454e-007	0
-5.02954e-007	0.000625
-5.02454e-007	0.000625
-5.01954e-007	0
-5.01454e-007	0
-5.00954e-007	-0.000625
-5.00454e-007	-0.000625
-4.99954e-007	0
-4.99454e-007	-0.000625
-4.98954e-007	-0.000625
-4.98454e-007	0.000625
-4.97954e-007	0.00125
-4.97454e-007	0
-4.96954e-007	-0.000625
-4.96454e-007	0.00125
-4.95954e-007	0.000625
-4.95454e-007	-0.000625
-4.94954e-007	-0.000625
-4.94454e-007	0
-4.93954e-007	-0.000625
-4.93454e-007	0
-4.92954e-007	0
-4.92454e-007	0
-4.91954e-007	-0.00125
-4.91454e-007	0.000625
-4.90954e-007	-0.00125
-4.90454e-007	-0.00125
-4.89954e-007	0.000625
-4.89454e-007	0.000625
-4.88954e-007	0
-4.88454e-007	-0.000625
-4.87954e-007	-0.000625
-4.87454e-007	-0.000625
-4.86954e-007	0
-4.86454e-007	0.00125
-4.85954e-007	0
-4.85454e-007	-0.000625
-4.84954e-007	0
-4.84454e-007	0
-4.83954e-007	0
-4.83454e-007	-0.000625
-4.82954e-007	-0.00125
-4.82454e-007	0
-4.81954e-007	0
-4.81454e-007	-0.00125
-4.80954e-007	-0.00125
-4.80454e-007	-0.000625
-4.79954e-007	0.00125
-4.79454e-007	0.000625
-4.78954e-007	0
-4.78454e-007	-0.000625
-4.77954e-007	0.000625
-4.77454e-007	0.00125
-4.76954e-007	0.000625
-4.76454e-007	-0.000625
-4.75954e-007	0
-4.75454e-007	0.00125
-4.74954e-007	-0.00125
-4.74454e-007	-0.000625
-4.73954e-007	0
-4.73454e-007	0.000625
-4.72954e-007	0.000625
-4.72454e-007	0.001875
-4.71954e-007	0.001875
-4.71454e-007	0.000625
-4.70954e-007	-0.000625
-4.70454e-007	0.000625
-4.69954e-007	-0.000625
-4.69454e-007	-0.000625
-4.68954e-007	0.00125
-4.68454e-007	0.000625
-4.67954e-007	-0.00125
-4.67454e-007	0.000625
-4.66954e-007	0.000625
-4.66454e-007	0
-4.65954e-007	0.00125
-4.65454e-007	0.00125
-4.64954e-007	-0.000625
-4.64454e-007	-0.000625
-4.63954e-007	0
-4.63454e-007	0
-4.62954e-007	-0.000625
-4.62454e-007	0
-4.61954e-007	0.00125
-4.61454e-007	0.00125
-4.60954e-007	-0.000625
-4.60454e-007	-0.00125
-4.59954e-007	0
-4.59454e-007	-0.000625
-4.58954e-007	-0.000625
-4.58454e-007	-0.000625
-4.57954e-007	-0.000625
-4.57454e-007	0
-4.56954e-007	0.000625
-4.56454e-007	0.000625
-4.55954e-007	0
-4.55454e-007	-0.000625
-4.54954e-007	0
-4.54454e-007	-0.000625
-4.53954e-007	-0.000625
-4.53454e-007	0
-4.52954e-007	0
-4.52454e-007	-0.000625
-4.51954e-007	0
-4.51454e-007	0.00125
-4.50954e-007	-0.000625
-4.50454e-007	0.000625
-4.49954e-007	0.000625
-4.49454e-007	0.000625
-4.48954e-007	-0.00125
-4.48454e-007	-0.00125
-4.47954e-007	0
-4.47454e-007	-0.000625
-4.46954e-007	-0.00125
-4.46454e-007	-0.00125
-4.45954e-007	0
-4.45454e-007	0.00125
-4.44954e-007	0.000625
-4.44454e-007	-0.000625
-4.43954e-007	-0.00125
-4.43454e-007	-0.000625
-4.42954e-007	0
-4.42454e-007	0
-4.41954e-007	0.001875
-4.41454e-007	0.00125
-4.40954e-007	-0.000625
-4.40454e-007	0
-4.39954e-007	-0.000625
-4.39454e-007	-0.000625
-4.38954e-007	0
-4.38454e-007	-0.00125
-4.37954e-007	0.000625
-4.37454e-007	0
-4.36954e-007	0.000625
-4.36454e-007	-0.000625
-4.35954e-007	0.000625
-4.35454e-007	0.000625
-4.34954e-007	-0.000625
-4.34454e-007	0.000625
-4.33954e-007	0.000625
-4.33454e-007	0
-4.32954e-007	-0.00125
-4.32454e-007	-0.001875
-4.31954e-007	0
-4.31454e-007	0.001875
-4.30954e-007	0.001875
-4.30454e-007	0.00125
-4.29954e-007	-0.000625
-4.29454e-007	0
-4.28954e-007	-0.00125
-4.28454e-007	0.000625
-4.27954e-007	0.000625
-4.27454e-007	-0.001875
-4.26954e-007	0
-4.26454e-007	0.000625
-4.25954e-007	0
-4.25454e-007	0
-4.24954e-007	-0.000625
-4.24454e-007	-0.00125
-4.23954e-007	-0.00125
-4.23454e-007	0.000625
-4.22954e-007	0
-4.22454e-007	0.000625
-4.21954e-007	0.000625
-4.21454e-007	0
-4.20954e-007	0.00125
-4.20454e-007	0.000625
-4.19954e-007	-0.000625
-4.19454e-007	0.00125
-4.18954e-007	0
-4.18454e-007	0
-4.17954e-007	0.000625
-4.17454e-007	-0.000625
-4.16954e-007	-0.00125
-4.16454e-007	-0.001875
-4.15954e-007	0
-4.15454e-007	-0.000625
-4.14954e-007	-0.001875
-4.14454e-007	-0.000625
-4.13954e-007	-0.000625
-4.13454e-007	0
-4.12954e-007	0
-4.12454e-007	0
-4.11954e-007	0.00125
-4.11454e-007	-0.000625
-4.10954e-007	0
-4.10454e-007	0.000625
-4.09954e-007	0.000625
-4.09454e-007	0.000625
-4.08954e-007	0
-4.08454e-007	0.00125
-4.07954e-007	0.001875
-4.07454e-007	0.000625
-4.06954e-007	-0.000625
-4.06454e-007	-0.001875
-4.05954e-007	-0.00125
-4.05454e-007	-0.000625
-4.04954e-007	0
-4.04454e-007	0.000625
-4.03954e-007	-0.001875
-4.03454e-007	0
-4.02954e-007	0.001875
-4.02454e-007	0.000625
-4.01954e-007	-0.00125
-4.01454e-007	0.000625
-4.00954e-007	0.000625
-4.00454e-007	0
-3.99954e-007	0
-3.99454e-007	0.00125
-3.98954e-007	0.000625
-3.98454e-007	0.00125
-3.97954e-007	0.00125
-3.97454e-007	0
-3.96954e-007	-0.000625
-3.96454e-007	-0.00125
-3.95954e-007	-0.000625
-3.95454e-007	0.000625
-3.94954e-007	-0.000625
-3.94454e-007	-0.00125
-3.93954e-007	0.000625
-3.93454e-007	-0.000625
-3.92954e-007	0
-3.92454e-007	0
-3.91954e-007	-0.000625
-3.91454e-007	-0.00125
-3.90954e-007	0
-3.90454e-007	0.000625
-3.89954e-007	0.00125
-3.89454e-007	0.000625
-3.88954e-007	-0.000625
-3.88454e-007	-0.000625
-3.87954e-007	0.000625
-3.87454e-007	0
-3.86954e-007	-0.001875
-3.86454e-007	-0.000625
-3.85954e-007	0.001875
-3.85454e-007	0.000625
-3.84954e-007	-0.001875
-3.84454e-007	-0.00125
-3.83954e-007	-0.000625
-3.83454e-007	0
-3.82954e-007	-0.000625
-3.82454e-007	-0.000625
-3.81954e-007	-0.000625
-3.81454e-007	0
-3.80954e-007	0
-3.80454e-007	0.00125
-3.79954e-007	0
-3.79454e-007	0
-3.78954e-007	-0.000625
-3.78454e-007	0.00125
-3.77954e-007	0.001875
-3.77454e-007	0.00125
-3.76954e-007	0.000625
-3.76454e-007	0.000625
-3.75954e-007	0.000625
-3.75454e-007	-0.000625
-3.74954e-007	-0.00125
-3.74454e-007	0
-3.73954e-007	0.000625
-3.73454e-007	-0.00125
-3.72954e-007	-0.000625
-3.72454e-007	-0.00125
-3.71954e-007	-0.001875
-3.71454e-007	-0.000625
-3.70954e-007	0.000625
-3.70454e-007	-0.000625
-3.69954e-007	-0.00125
-3.69454e-007	-0.000625
-3.68954e-007	0.000625
-3.68454e-007	0.000625
-3.67954e-007	0.000625
-3.67454e-007	0.000625
-3.66954e-007	0
-3.66454e-007	-0.000625
-3.65954e-007	0.000625
-3.65454e-007	0.001875
-3.64954e-007	0.00125
-3.64454e-007	-0.000625
-3.63954e-007	-0.00125
-3.63454e-007	0
-3.62954e-007	-0.000625
-3.62454e-007	-0.000625
-3.61954e-007	-0.001875
-3.61454e-007	-0.003125
-3.60954e-007	-0.00125
-3.60454e-007	-0.00125
-3.59954e-007	-0.001875
-3.59454e-007	0
-3.58954e-007	0.000625
-3.58454e-007	0.00125
-3.57954e-007	-0.00125
-3.57454e-007	-0.000625
-3.56954e-007	-0.000625
-3.56454e-007	0.000625
-3.55954e-007	0.000625
-3.55454e-007	0.000625
-3.54954e-007	0.000625
-3.54454e-007	0.000625
-3.53954e-007	0
-3.53454e-007	0.000625
-3.52954e-007	0
-3.52454e-007	-0.001875
-3.51954e-007	-0.000625
-3.51454e-007	-0.000625
-3.50954e-007	-0.00125
-3.50454e-007	-0.000625
-3.49954e-007	-0.000625
-3.49454e-007	-0.001875
-3.48954e-007	-0.000625
-3.48454e-007	0
-3.47954e-007	0
-3.47454e-007	-0.000625
-3.46954e-007	0
-3.46454e-007	0.000625
-3.45954e-007	0.00125
-3.45454e-007	0.000625
-3.44954e-007	0.00125
-3.44454e-007	0.00125
-3.43954e-007	0.00125
-3.43454e-007	0.00125
-3.42954e-007	0.00125
-3.42454e-007	0
-3.41954e-007	-0.000625
-3.41454e-007	0
-3.40954e-007	-0.000625
-3.40454e-007	-0.001875
-3.39954e-007	-0.000625
-3.39454e-007	-0.000625
-3.38954e-007	-0.003125
-3.38454e-007	-0.00125
-3.37954e-007	-0.0025
-3.37454e-007	-0.000625
-3.36954e-007	0.00125
-3.36454e-007	0
-3.35954e-007	-0.00125
-3.35454e-007	0.000625
-3.34954e-007	0.000625
-3.34454e-007	0.001875
-3.33954e-007	0.001875
-3.33454e-007	0.00125
-3.32954e-007	-0.000625
-3.32454e-007	-0.000625
-3.31954e-007	0.001875
-3.31454e-007	0.000625
-3.30954e-007	-0.000625
-3.30454e-007	0
-3.29954e-007	-0.000625
-3.29454e-007	-0.001875
-3.28954e-007	-0.003125
-3.28454e-007	-0.00125
-3.27954e-007	-0.000625
-3.27454e-007	-0.00125
-3.26954e-007	-0.00125
-3.26454e-007	0.000625
-3.25954e-007	0.00125
-3.25454e-007	0
-3.24954e-007	0.000625
-3.24454e-007	0.000625
-3.23954e-007	0.00125
-3.23454e-007	0.0025
-3.22954e-007	0.000625
-3.22454e-007	0
-3.21954e-007	0.000625
-3.21454e-007	0
-3.20954e-007	-0.00125
-3.20454e-007	-0.000625
-3.19954e-007	0
-3.19454e-007	-0.000625
-3.18954e-007	-0.001875
-3.18454e-007	-0.00125
-3.17954e-007	0
-3.17454e-007	-0.00125
-3.16954e-007	0
-3.16454e-007	0.000625
-3.15954e-007	-0.000625
-3.15454e-007	0.000625
-3.14954e-007	0
-3.14454e-007	0.00125
-3.13954e-007	0.000625
-3.13454e-007	-0.000625
-3.12954e-007	0
-3.12454e-007	-0.000625
-3.11954e-007	0
-3.11454e-007	0
-3.10954e-007	-0.000625
-3.10454e-007	0.000625
-3.09954e-007	0.000625
-3.09454e-007	-0.00125
-3.08954e-007	0
-3.08454e-007	0.00125
-3.07954e-007	0
-3.07454e-007	0
-3.06954e-007	0.000625
-3.06454e-007	0
-3.05954e-007	0
-3.05454e-007	-0.00125
-3.04954e-007	-0.000625
-3.04454e-007	-0.000625
-3.03954e-007	0
-3.03454e-007	0.000625
-3.02954e-007	0
-3.02454e-007	-0.00125
-3.01954e-007	0
-3.01454e-007	0.000625
-3.00954e-007	-0.000625
-3.00454e-007	0.000625
-2.99954e-007	0.00125
-2.99454e-007	0.001875
-2.98954e-007	0.00125
-2.98454e-007	0
-2.97954e-007	0
-2.97454e-007	0.00125
-2.96954e-007	-0.000625
-2.96454e-007	-0.000625
-2.95954e-007	-0.000625
-2.95454e-007	-0.00125
-2.94954e-007	-0.00125
-2.94454e-007	-0.00125
-2.93954e-007	-0.000625
-2.93454e-007	0.000625
-2.92954e-007	-0.000625
-2.92454e-007	-0.000625
-2.91954e-007	-0.000625
-2.91454e-007	0
-2.90954e-007	0.000625
-2.90454e-007	0
-2.89954e-007	0
-2.89454e-007	0.000625
-2.88954e-007	0.00125
-2.88454e-007	0.001875
-2.87954e-007	0.00125
-2.87454e-007	0.000625
-2.86954e-007	0.000625
-2.86454e-007	0
-2.85954e-007	-0.000625
-2.85454e-007	-0.000625
-2.84954e-007	-0.000625
-2.84454e-007	-0.0025
-2.83954e-007	-0.001875
-2.83454e-007	-0.00125
-2.82954e-007	-0.000625
-2.82454e-007	-0.00125
-2.81954e-007	-0.00125
-2.81454e-007	-0.00125
-2.80954e-007	0.000625
-2.80454e-007	0.001875
-2.79954e-007	0.00125
-2.79454e-007	0.001875
-2.78954e-007	0.001875
-2.78454e-007	0.00125
-2.77954e-007	0.001875
-2.77454e-007	0.00125
-2.76954e-007	0.000625
-2.76454e-007	-0.000625
-2.75954e-007	0.000625
-2.75454e-007	0.00125
-2.74954e-007	-0.000625
-2.74454e-007	-0.00125
-2.73954e-007	-0.000625
-2.73454e-007	-0.00125
-2.72954e-007	-0.001875
-2.72454e-007	-0.00125
-2.71954e-007	-0.00125
-2.71454e-007	0
-2.70954e-007	-0.000625
-2.70454e-007	0
-2.69954e-007	0.001875
-2.69454e-007	0.001875
-2.68954e-007	0.00125
-2.68454e-007	0.000625
-2.67954e-007	0.00125
-2.67454e-007	0.00125
-2.66954e-007	0.000625
-2.66454e-007	0.000625
-2.65954e-007	0.0025
-2.65454e-007	0.000625
-2.64954e-007	0
-2.64454e-007	-0.00125
-2.63954e-007	-0.00125
-2.63454e-007	-0.00125
-2.62954e-007	-0.00125
-2.62454e-007	-0.00125
-2.61954e-007	-0.000625
-2.61454e-007	-0.000625
-2.60954e-007	0.001875
-2.60454e-007	0.00125
-2.59954e-007	0
-2.59454e-007	0.000625
-2.58954e-007	0.000625
-2.58454e-007	-0.000625
-2.57954e-007	0.000625
-2.57454e-007	0.00125
-2.56954e-007	0.00125
-2.56454e-007	0.00125
-2.55954e-007	0.000625
-2.55454e-007	0.00125
-2.54954e-007	-0.000625
-2.54454e-007	0
-2.53954e-007	0.00125
-2.53454e-007	0.000625
-2.52954e-007	-0.001875
-2.52454e-007	-0.00125
-2.51954e-007	-0.00125
-2.51454e-007	0.000625
-2.50954e-007	-0.000625
-2.50454e-007	0.000625
-2.49954e-007	0.000625
-2.49454e-007	0
-2.48954e-007	0.001875
-2.48454e-007	0.00125
-2.47954e-007	-0.000625
-2.47454e-007	0.000625
-2.46954e-007	0.000625
-2.46454e-007	0.000625
-2.45954e-007	0.0025
-2.45454e-007	0.00125
-2.44954e-007	-0.000625
-2.44454e-007	-0.00125
-2.43954e-007	0.000625
-2.43454e-007	0.001875
-2.42954e-007	0.00125
-2.42454e-007	0
-2.41954e-007	0
-2.41454e-007	-0.000625
-2.40954e-007	-0.000625
-2.40454e-007	-0.000625
-2.39954e-007	0.000625
-2.39454e-007	-0.001875
-2.38954e-007	-0.00125
-2.38454e-007	0.00125
-2.37954e-007	0
-2.37454e-007	-0.00125
-2.36954e-007	0
-2.36454e-007	0.000625
-2.35954e-007	0.000625
-2.35454e-007	-0.000625
-2.34954e-007	-0.000625
-2.34454e-007	0.000625
-2.33954e-007	0.000625
-2.33454e-007	0
-2.32954e-007	-0.001875
-2.32454e-007	0.000625
-2.31954e-007	-0.000625
-2.31454e-007	0.000625
-2.30954e-007	0.00125
-2.30454e-007	0
-2.29954e-007	0
-2.29454e-007	0.00125
-2.28954e-007	0
-2.28454e-007	-0.000625
-2.27954e-007	0
-2.27454e-007	0.000625
-2.26954e-007	-0.000625
-2.26454e-007	-0.00125
-2.25954e-007	-0.000625
-2.25454e-007	0.000625
-2.24954e-007	-0.000625
-2.24454e-007	-0.000625
-2.23954e-007	0.00125
-2.23454e-007	0.00125
-2.22954e-007	-0.000625
-2.22454e-007	-0.000625
-2.21954e-007	0.00125
-2.21454e-007	0.000625
-2.20954e-007	0
-2.20454e-007	0
-2.19954e-007	-0.000625
-2.19454e-007	-0.000625
-2.18954e-007	-0.000625
-2.18454e-007	0
-2.17954e-007	0.000625
-2.17454e-007	0
-2.16954e-007	-0.00125
-2.16454e-007	0
-2.15954e-007	0.000625
-2.15454e-007	-0.00125
-2.14954e-007	0
-2.14454e-007	0.00125
-2.13954e-007	0
-2.13454e-007	-0.001875
-2.12954e-007	-0.003125
-2.12454e-007	-0.000625
-2.11954e-007	0.00125
-2.11454e-007	0.00125
-2.10954e-007	-0.000625
-2.10454e-007	0
-2.09954e-007	0
-2.09454e-007	-0.000625
-2.08954e-007	0
-2.08454e-007	0
-2.07954e-007	-0.001875
-2.07454e-007	-0.000625
-2.06954e-007	0
-2.06454e-007	0.00125
-2.05954e-007	-0.00125
-2.05454e-007	-0.001875
-2.04954e-007	0.001875
-2.04454e-007	0.000625
-2.03954e-007	0
-2.03454e-007	0
-2.02954e-007	-0.000625
-2.02454e-007	-0.001875
-2.01954e-007	-0.000625
-2.01454e-007	0.000625
-2.00954e-007	0.000625
-2.00454e-007	-0.000625
-1.99954e-007	-0.000625
-1.99454e-007	0.000625
-1.98954e-007	0.00125
-1.98454e-007	0.00125
-1.97954e-007	0
-1.97454e-007	-0.000625
-1.96954e-007	0.000625
-1.96454e-007	0
-1.95954e-007	0
-1.95454e-007	-0.00125
-1.94954e-007	-0.00125
-1.94454e-007	-0.00125
-1.93954e-007	0
-1.93454e-007	0.000625
-1.92954e-007	-0.001875
-1.92454e-007	-0.00125
-1.91954e-007	0.000625
-1.91454e-007	0
-1.90954e-007	-0.00125
-1.90454e-007	0
-1.89954e-007	-0.000625
-1.89454e-007	-0.001875
-1.88954e-007	0
-1.88454e-007	0
-1.87954e-007	-0.000625
-1.87454e-007	0.001875
-1.86954e-007	0.000625
-1.86454e-007	0.000625
-1.85954e-007	0.001875
-1.85454e-007	0.001875
-1.84954e-007	0.000625
-1.84454e-007	-0.000625
-1.83954e-007	0
-1.83454e-007	-0.000625
-1.82954e-007	-0.000625
-1.82454e-007	-0.000625
-1.81954e-007	-0.000625
-1.81454e-007	0
-1.80954e-007	0
-1.80454e-007	0
-1.79954e-007	0
-1.79454e-007	-0.000625
-1.78954e-007	-0.00125
-1.78454e-007	0.00125
-1.77954e-007	0.0025
-1.77454e-007	0.00125
-1.76954e-007	0.000625
-1.76454e-007	0.00125
-1.75954e-007	0.000625
-1.75454e-007	0.00125
-1.74954e-007	0.000625
-1.74454e-007	0
-1.73954e-007	0.000625
-1.73454e-007	0
-1.72954e-007	0
-1.72454e-007	0.000625
-1.71954e-007	-0.00125
-1.71454e-007	-0.00125
-1.70954e-007	0
-1.70454e-007	-0.000625
-1.69954e-007	-0.001875
-1.69454e-007	0
-1.68954e-007	0.00125
-1.68454e-007	-0.000625
-1.67954e-007	-0.000625
-1.67454e-007	-0.000625
-1.66954e-007	0.000625
-1.66454e-007	0.001875
-1.65954e-007	0.000625
-1.65454e-007	0
-1.64954e-007	-0.000625
-1.64454e-007	0
-1.63954e-007	0
-1.63454e-007	0
-1.62954e-007	-0.00125
-1.62454e-007	-0.00125
-1.61954e-007	0
-1.61454e-007	0
-1.60954e-007	-0.001875
-1.60454e-007	-0.00125
-1.59954e-007	-0.000625
-1.59454e-007	-0.000625
-1.58954e-007	0.000625
-1.58454e-007	-0.000625
-1.57954e-007	-0.000625
-1.57454e-007	0.000625
-1.56954e-007	0
-1.56454e-007	0
-1.55954e-007	0.000625
-1.55454e-007	0.00125
-1.54954e-007	0.000625
-1.54454e-007	0
-1.53954e-007	0.000625
-1.53454e-007	0
-1.52954e-007	-0.000625
-1.52454e-007	0.000625
-1.51954e-007	0.00125
-1.51454e-007	-0.000625
-1.50954e-007	-0.000625
-1.50454e-007	0.00125
-1.49954e-007	0.000625
-1.49454e-007	0.000625
-1.48954e-007	0.00125
-1.48454e-007	-0.000625
-1.47954e-007	-0.00125
-1.47454e-007	-0.000625
-1.46954e-007	0.000625
-1.46454e-007	0
-1.45954e-007	-0.000625
-1.45454e-007	0
-1.44954e-007	0
-1.44454e-007	-0.00125
-1.43954e-007	0
-1.43454e-007	0.000625
-1.42954e-007	0.000625
-1.42454e-007	0.00125
-1.41954e-007	0
-1.41454e-007	-0.00125
-1.40954e-007	0.000625
-1.40454e-007	0.00125
-1.39954e-007	0.00125
-1.39454e-007	0
-1.38954e-007	-0.00125
-1.38454e-007	-0.00125
-1.37954e-007	-0.000625
-1.37454e-007	-0.000625
-1.36954e-007	-0.000625
-1.36454e-007	-0.00125
-1.35954e-007	-0.001875
-1.35454e-007	-0.000625
-1.34954e-007	-0.000625
-1.34454e-007	0
-1.33954e-007	0.000625
-1.33454e-007	0.000625
-1.32954e-007	0
-1.32454e-007	-0.000625
-1.31954e-007	0.00125
-1.31454e-007	0.00125
-1.30954e-007	-0.00125
-1.30454e-007	0.00125
-1.29954e-007	0.000625
-1.29454e-007	-0.00125
-1.28954e-007	-0.00125
-1.28454e-007	-0.000625
-1.27954e-007	0
-1.27454e-007	0
-1.26954e-007	-0.000625
-1.26454e-007	0
-1.25954e-007	-0.000625
-1.25454e-007	-0.00125
-1.24954e-007	0
-1.24454e-007	0.000625
-1.23954e-007	0.000625
-1.23454e-007	-0.000625
-1.22954e-007	-0.000625
-1.22454e-007	-0.000625
-1.21954e-007	0.00125
-1.21454e-007	0.00125
-1.20954e-007	-0.000625
-1.20454e-007	-0.000625
-1.19954e-007	0.00125
-1.19454e-007	0.00125
-1.18954e-007	0
-1.18454e-007	-0.00125
-1.17954e-007	-0.000625
-1.17454e-007	0
-1.16954e-007	-0.000625
-1.16454e-007	0.000625
-1.15954e-007	-0.001875
-1.15454e-007	-0.001875
-1.14954e-007	0.000625
-1.14454e-007	-0.000625
-1.13954e-007	0
-1.13454e-007	0
-1.12954e-007	0.000625
-1.12454e-007	0.000625
-1.11954e-007	-0.00125
-1.11454e-007	0.000625
-1.10954e-007	0.000625
-1.10454e-007	0.000625
-1.09954e-007	-0.000625
-1.09454e-007	0.001875
-1.08954e-007	0.001875
-1.08454e-007	-0.000625
-1.07954e-007	-0.00125
-1.07454e-007	-0.00125
-1.06954e-007	0.000625
-1.06454e-007	0.00125
-1.05954e-007	-0.000625
-1.05454e-007	0
-1.04954e-007	0.000625
-1.04454e-007	0.000625
-1.03954e-007	0.000625
-1.03454e-007	0
-1.02954e-007	-0.000625
-1.02454e-007	0
-1.01954e-007	0.00125
-1.01454e-007	0
-1.00954e-007	-0.000625
-1.00454e-007	0.000625
-9.9954e-008	0.000625
-9.9454e-008	0.000625
-9.8954e-008	0.000625
-9.8454e-008	0
-9.7954e-008	0.000625
-9.7454e-008	-0.000625
-9.6954e-008	-0.000625
-9.6454e-008	-0.00125
-9.5954e-008	-0.000625
-9.5454e-008	0.000625
-9.4954e-008	0
-9.4454e-008	0
-9.3954e-008	0
-9.3454e-008	-0.00125
-9.2954e-008	-0.000625
-9.2454e-008	0
-9.1954e-008	0.00125
-9.1454e-008	0.000625
-9.0954e-008	0.000625
-9.0454e-008	-0.00125
-8.9954e-008	-0.000625
-8.9454e-008	0.000625
-8.8954e-008	-0.00125
-8.8454e-008	0
-8.7954e-008	-0.00125
-8.7454e-008	-0.001875
-8.6954e-008	-0.000625
-8.6454e-008	-0.000625
-8.5954e-008	0
-8.5454e-008	0.00125
-8.4954e-008	-0.00125
-8.4454e-008	-0.000625
-8.3954e-008	-0.000625
-8.3454e-008	0
-8.2954e-008	0.00125
-8.2454e-008	-0.000625
-8.1954e-008	-0.000625
-8.1454e-008	0
-8.0954e-008	0.000625
-8.0454e-008	-0.00125
-7.9954e-008	-0.00125
-7.9454e-008	-0.00125
-7.8954e-008	-0.0025
-7.8454e-008	-0.00125
-7.7954e-008	-0.00125
-7.7454e-008	-0.0025
-7.6954e-008	0.000625
-7.6454e-008	0
-7.5954e-008	-0.000625
-7.5454e-008	0
-7.4954e-008	0.000625
-7.4454e-008	0
-7.3954e-008	0
-7.3454e-008	0.000625
-7.2954e-008	0.000625
-7.2454e-008	-0.00125
-7.1954e-008	0.000625
-7.1454e-008	0.00125
-7.0954e-008	-0.00125
-7.0454e-008	-0.001875
-6.9954e-008	-0.001875
-6.9454e-008	-0.001875
-6.8954e-008	-0.00125
-6.8454e-008	-0.00125
-6.7954e-008	-0.00125
-6.7454e-008	-0.000625
-6.6954e-008	-0.00125
-6.6454e-008	-0.00125
-6.5954e-008	-0.000625
-6.5454e-008	-0.000625
-6.4954e-008	0
-6.4454e-008	0
-6.3954e-008	-0.00125
-6.3454e-008	-0.000625
-6.2954e-008	0.000625
-6.2454e-008	0
-6.1954e-008	-0.00125
-6.1454e-008	-0.000625
-6.0954e-008	0
-6.0454e-008	-0.000625
-5.9954e-008	-0.000625
-5.9454e-008	-0.000625
-5.8954e-008	-0.000625
-5.8454e-008	-0.000625
-5.7954e-008	-0.00125
-5.7454e-008	-0.00125
-5.6954e-008	-0.000625
-5.6454e-008	0
-5.5954e-008	0
-5.5454e-008	-0.00125
-5.4954e-008	-0.000625
-5.4454e-008	0
-5.3954e-008	0.00125
-5.3454e-008	0.000625
-5.2954e-008	0.000625
-5.2454e-008	0
-5.1954e-008	0.000625
-5.1454e-008	0
-5.0954e-008	0.000625
-5.0454e-008	-0.000625
-4.9954e-008	-0.000625
-4.9454e-008	0
-4.8954e-008	-0.00125
-4.8454e-008	0
-4.7954e-008	-0.000625
-4.7454e-008	-0.001875
-4.6954e-008	-0.00125
-4.6454e-008	0
-4.5954e-008	0.00125
-4.5454e-008	0.000625
-4.4954e-008	0
-4.4454e-008	0.00125
-4.3954e-008	0.00125
-4.3454e-008	-0.000625
-4.2954e-008	-0.001875
-4.2454e-008	0
-4.1954e-008	0.00125
-4.1454e-008	0.00125
-4.0954e-008	-0.00125
-4.0454e-008	-0.0025
-3.9954e-008	-0.000625
-3.9454e-008	0.001875
-3.8954e-008	-0.000625
-3.8454e-008	-0.000625
-3.7954e-008	0
-3.7454e-008	0.000625
-3.6954e-008	0
-3.6454e-008	-0.001875
-3.5954e-008	0
-3.5454e-008	0.000625
-3.4954e-008	0
-3.4454e-008	0.00125
-3.3954e-008	0.000625
-3.3454e-008	0
-3.2954e-008	-0.000625
-3.2454e-008	-0.000625
-3.1954e-008	0.000625
-3.1454e-008	0.000625
-3.0954e-008	0
-3.0454e-008	-0.000625
-2.9954e-008	0
-2.9454e-008	0.000625
-2.8954e-008	0.000625
-2.8454e-008	0.000625
-2.7954e-008	-0.00125
-2.7454e-008	-0.001875
-2.6954e-008	0.00125
-2.6454e-008	0.000625
-2.5954e-008	0.000625
-2.5454e-008	-0.00125
-2.4954e-008	-0.000625
-2.4454e-008	0
-2.3954e-008	-0.003125
-2.3454e-008	-0.005
-2.2954e-008	-0.006875
-2.2454e-008	-0.009375
-2.1954e-008	-0.013125
-2.1454e-008	-0.014375
-2.0954e-008	-0.015625
-2.0454e-008	-0.020625
-1.9954e-008	-0.023125
-1.9454e-008	-0.025
-1.8954e-008	-0.029375
-1.8454e-008	-0.031875
-1.7954e-008	-0.03625
-1.7454e-008	-0.036875
-1.6954e-008	-0.0375
-1.6454e-008	-0.040625
-1.5954e-008	-0.04375
-1.5454e-008	-0.04625
-1.4954e-008	-0.0475
-1.4454e-008	-0.04875
-1.3954e-008	-0.05
-1.3454e-008	-0.04875
-1.2954e-008	-0.050625
-1.2454e-008	-0.05125
-1.1954e-008	-0.05125
-1.1454e-008	-0.05125
-1.0954e-008	-0.051875
-1.0454e-008	-0.053125
-9.954e-009	-0.0525
-9.454e-009	-0.0525
-8.954e-009	-0.053125
-8.454e-009	-0.053125
-7.954e-009	-0.05375
-7.454e-009	-0.055
-6.954e-009	-0.054375
-6.454e-009	-0.053125
-5.954e-009	-0.051875
-5.454e-009	-0.05375
-4.954e-009	-0.05375
-4.454e-009	-0.053125
-3.954e-009	-0.051875
-3.454e-009	-0.054375
-2.954e-009	-0.055
-2.454e-009	-0.054375
-1.954e-009	-0.05375
-1.454e-009	-0.05375
-9.54e-010	-0.054375
-4.54e-010	-0.055
4.6e-011	-0.05625
5.46e-010	-0.05625
1.046e-009	-0.055625
1.546e-009	-0.05625
2.046e-009	-0.056875
2.546e-009	-0.05625
3.046e-009	-0.055625
3.546e-009	-0.0575
4.046e-009	-0.059375
4.546e-009	-0.060625
5.046e-009	-0.060625
5.546e-009	-0.06
6.046e-009	-0.061875
6.546e-009	-0.064375
7.046e-009	-0.064375
7.546e-009	-0.06375
8.046e-009	-0.065
8.546e-009	-0.064375
9.046e-009	-0.065
9.546e-009	-0.065
1.0046e-008	-0.0675
1.0546e-008	-0.06875
1.1046e-008	-0.06625
1.1546e-008	-0.0675
1.2046e-008	-0.07
1.2546e-008	-0.069375
1.3046e-008	-0.07
1.3546e-008	-0.07125
1.4046e-008	-0.07125
1.4546e-008	-0.073125
1.5046e-008	-0.073125
1.5546e-008	-0.0725
1.6046e-008	-0.071875
1.6546e-008	-0.0725
1.7046e-008	-0.0725
1.7546e-008	-0.073125
1.8046e-008	-0.0725
1.8546e-008	-0.075
1.9046e-008	-0.074375
1.9546e-008	-0.07375
2.0046e-008	-0.073125
2.0546e-008	-0.07375
2.1046e-008	-0.075
2.1546e-008	-0.075625
2.2046e-008	-0.075
2.2546e-008	-0.07625
2.3046e-008	-0.0775
2.3546e-008	-0.076875
2.4046e-008	-0.07625
2.4546e-008	-0.075
2.5046e-008	-0.076875
2.5546e-008	-0.078125
2.6046e-008	-0.0775
2.6546e-008	-0.0775
2.7046e-008	-0.0775
2.7546e-008	-0.07625
2.8046e-008	-0.075625
2.8546e-008	-0.074375
2.9046e-008	-0.075
2.9546e-008	-0.075625
3.0046e-008	-0.075
3.0546e-008	-0.075625
3.1046e-008	-0.076875
3.1546e-008	-0.076875
3.2046e-008	-0.076875
3.2546e-008	-0.07625
3.3046e-008	-0.0775
3.3546e-008	-0.0775
3.4046e-008	-0.076875
3.4546e-008	-0.07875
3.5046e-008	-0.076875
3.5546e-008	-0.07625
3.6046e-008	-0.0775
3.6546e-008	-0.078125
3.7046e-008	-0.078125
3.7546e-008	-0.079375
3.8046e-008	-0.079375
3.8546e-008	-0.07875
3.9046e-008	-0.078125
3.9546e-008	-0.07875
4.0046e-008	-0.078125
4.0546e-008	-0.08
4.1046e-008	-0.08
4.1546e-008	-0.07875
4.2046e-008	-0.07875
4.2546e-008	-0.079375
4.3046e-008	-0.079375
4.3546e-008	-0.079375
4.4046e-008	-0.080625
4.4546e-008	-0.079375
4.5046e-008	-0.078125
4.5546e-008	-0.078125
4.6046e-008	-0.07875
4.6546e-008	-0.08
4.7046e-008	-0.08
4.7546e-008	-0.07875
4.8046e-008	-0.078125
4.8546e-008	-0.07875
4.9046e-008	-0.079375
4.9546e-008	-0.080625
5.0046e-008	-0.079375
5.0546e-008	-0.078125
5.1046e-008	-0.07875
5.1546e-008	-0.07875
5.2046e-008	-0.0775
5.2546e-008	-0.0775
5.3046e-008	-0.078125
5.3546e-008	-0.079375
5.4046e-008	-0.07875
5.4546e-008	-0.078125
5.5046e-008	-0.078125
5.5546e-008	-0.08
5.6046e-008	-0.07875
5.6546e-008	-0.079375
5.7046e-008	-0.079375
5.7546e-008	-0.08
5.8046e-008	-0.079375
5.8546e-008	-0.07875
5.9046e-008	-0.07875
5.9546e-008	-0.079375
6.0046e-008	-0.07875
6.0546e-008	-0.07875
6.1046e-008	-0.07875
6.1546e-008	-0.079375
6.2046e-008	-0.079375
6.2546e-008	-0.0775
6.3046e-008	-0.078125
6.3546e-008	-0.07875
6.4046e-008	-0.0775
6.4546e-008	-0.0775
6.5046e-008	-0.07875
6.5546e-008	-0.07875
6.6046e-008	-0.078125
6.6546e-008	-0.0775
6.7046e-008	-0.0775
6.7546e-008	-0.0775
6.8046e-008	-0.076875
6.8546e-008	-0.07875
6.9046e-008	-0.079375
6.9546e-008	-0.07875
7.0046e-008	-0.07875
7.0546e-008	-0.07875
7.1046e-008	-0.0775
7.1546e-008	-0.0775
7.2046e-008	-0.07875
7.2546e-008	-0.0775
7.3046e-008	-0.0775
7.3546e-008	-0.076875
7.4046e-008	-0.075625
7.4546e-008	-0.07625
7.5046e-008	-0.0775
7.5546e-008	-0.0775
7.6046e-008	-0.076875
7.6546e-008	-0.0775
7.7046e-008	-0.0775
7.7546e-008	-0.0775
7.8046e-008	-0.076875
7.8546e-008	-0.0775
7.9046e-008	-0.076875
7.9546e-008	-0.078125
8.0046e-008	-0.0775
8.0546e-008	-0.078125
8.1046e-008	-0.078125
8.1546e-008	-0.076875
8.2046e-008	-0.074375
8.2546e-008	-0.075625
8.3046e-008	-0.075625
8.3546e-008	-0.075
8.4046e-008	-0.07375
8.4546e-008	-0.075625
8.5046e-008	-0.07625
8.5546e-008	-0.07625
8.6046e-008	-0.076875
8.6546e-008	-0.07625
8.7046e-008	-0.07625
8.7546e-008	-0.07625
8.8046e-008	-0.075625
8.8546e-008	-0.075
8.9046e-008	-0.07625
8.9546e-008	-0.078125
9.0046e-008	-0.076875
9.0546e-008	-0.075
9.1046e-008	-0.075
9.1546e-008	-0.076875
9.2046e-008	-0.076875
9.2546e-008	-0.075
9.3046e-008	-0.076875
9.3546e-008	-0.07625
9.4046e-008	-0.074375
9.4546e-008	-0.075
9.5046e-008	-0.075625
9.5546e-008	-0.075
9.6046e-008	-0.07375
9.6546e-008	-0.073125
9.7046e-008	-0.073125
9.7546e-008	-0.074375
9.8046e-008	-0.073125
9.8546e-008	-0.07375
9.9046e-008	-0.07375
9.9546e-008	-0.075
1.00046e-007	-0.07375
1.00546e-007	-0.074375
1.01046e-007	-0.07375
1.01546e-007	-0.075
1.02046e-007	-0.074375
1.02546e-007	-0.074375
1.03046e-007	-0.07375
1.03546e-007	-0.075
1.04046e-007	-0.073125
1.04546e-007	-0.07375
1.05046e-007	-0.0725
1.05546e-007	-0.073125
1.06046e-007	-0.0725
1.06546e-007	-0.073125
1.07046e-007	-0.0725
1.07546e-007	-0.070625
1.08046e-007	-0.07125
1.08546e-007	-0.07125
1.09046e-007	-0.07125
1.09546e-007	-0.07125
1.10046e-007	-0.071875
1.10546e-007	-0.0725
1.11046e-007	-0.071875
1.11546e-007	-0.07125
1.12046e-007	-0.0725
1.12546e-007	-0.071875
1.13046e-007	-0.071875
1.13546e-007	-0.07375
1.14046e-007	-0.0725
1.14546e-007	-0.07125
1.15046e-007	-0.07125
1.15546e-007	-0.071875
1.16046e-007	-0.07
1.16546e-007	-0.07
1.17046e-007	-0.06875
1.17546e-007	-0.07
1.18046e-007	-0.07
1.18546e-007	-0.07
1.19046e-007	-0.07
1.19546e-007	-0.07
1.20046e-007	-0.069375
1.20546e-007	-0.06875
1.21046e-007	-0.069375
1.21546e-007	-0.071875
1.22046e-007	-0.07125
1.22546e-007	-0.07
1.23046e-007	-0.069375
1.23546e-007	-0.070625
1.24046e-007	-0.0725
1.24546e-007	-0.071875
1.25046e-007	-0.069375
1.25546e-007	-0.07125
1.26046e-007	-0.070625
1.26546e-007	-0.069375
1.27046e-007	-0.068125
1.27546e-007	-0.0675
1.28046e-007	-0.069375
1.28546e-007	-0.06875
1.29046e-007	-0.068125
1.29546e-007	-0.069375
1.30046e-007	-0.0675
1.30546e-007	-0.0675
1.31046e-007	-0.069375
1.31546e-007	-0.06875
1.32046e-007	-0.066875
1.32546e-007	-0.0675
1.33046e-007	-0.070625
1.33546e-007	-0.069375
1.34046e-007	-0.06875
1.34546e-007	-0.06875
1.35046e-007	-0.069375
1.35546e-007	-0.07
1.36046e-007	-0.06875
1.36546e-007	-0.069375
1.37046e-007	-0.068125
1.37546e-007	-0.0675
1.38046e-007	-0.068125
1.38546e-007	-0.0675
1.39046e-007	-0.0675
1.39546e-007	-0.066875
1.40046e-007	-0.065625
1.40546e-007	-0.065625
1.41046e-007	-0.066875
1.41546e-007	-0.066875
1.42046e-007	-0.065625
1.42546e-007	-0.06625
1.43046e-007	-0.0675
1.43546e-007	-0.066875
1.44046e-007	-0.06625
1.44546e-007	-0.065625
1.45046e-007	-0.066875
1.45546e-007	-0.066875
1.46046e-007	-0.065
1.46546e-007	-0.065625
1.47046e-007	-0.06625
1.47546e-007	-0.065625
1.48046e-007	-0.06625
1.48546e-007	-0.064375
1.49046e-007	-0.06375
1.49546e-007	-0.06375
1.50046e-007	-0.0625
1.50546e-007	-0.061875
1.51046e-007	-0.064375
1.51546e-007	-0.065625
1.52046e-007	-0.064375
1.52546e-007	-0.0625
1.53046e-007	-0.064375
1.53546e-007	-0.06375
1.54046e-007	-0.064375
1.54546e-007	-0.06375
1.55046e-007	-0.06375
1.55546e-007	-0.064375
1.56046e-007	-0.06375
1.56546e-007	-0.063125
1.57046e-007	-0.064375
1.57546e-007	-0.06375
1.58046e-007	-0.064375
1.58546e-007	-0.06375
1.59046e-007	-0.06125
1.59546e-007	-0.061875
1.60046e-007	-0.063125
1.60546e-007	-0.06125
1.61046e-007	-0.0625
1.61546e-007	-0.06375
1.62046e-007	-0.06
1.62546e-007	-0.060625
1.63046e-007	-0.06125
1.63546e-007	-0.061875
1.64046e-007	-0.0625
1.64546e-007	-0.0625
1.65046e-007	-0.06125
1.65546e-007	-0.061875
1.66046e-007	-0.063125
1.66546e-007	-0.063125
1.67046e-007	-0.060625
1.67546e-007	-0.061875
1.68046e-007	-0.061875
1.68546e-007	-0.061875
1.69046e-007	-0.06125
1.69546e-007	-0.060625
1.70046e-007	-0.060625
1.70546e-007	-0.060625
1.71046e-007	-0.059375
1.71546e-007	-0.059375
1.72046e-007	-0.06125
1.72546e-007	-0.06125
1.73046e-007	-0.059375
1.73546e-007	-0.059375
1.74046e-007	-0.059375
1.74546e-007	-0.06
1.75046e-007	-0.059375
1.75546e-007	-0.05875
1.76046e-007	-0.06
1.76546e-007	-0.06
1.77046e-007	-0.05875
1.77546e-007	-0.05875
1.78046e-007	-0.059375
1.78546e-007	-0.06
1.79046e-007	-0.058125
1.79546e-007	-0.058125
1.80046e-007	-0.058125
1.80546e-007	-0.05875
1.81046e-007	-0.05875
1.81546e-007	-0.06
1.82046e-007	-0.06
1.82546e-007	-0.05875
1.83046e-007	-0.058125
1.83546e-007	-0.059375
1.84046e-007	-0.0575
1.84546e-007	-0.0575
1.85046e-007	-0.0575
1.85546e-007	-0.059375
1.86046e-007	-0.058125
1.86546e-007	-0.056875
1.87046e-007	-0.056875
1.87546e-007	-0.056875
1.88046e-007	-0.0575
1.88546e-007	-0.0575
1.89046e-007	-0.055625
1.89546e-007	-0.0575
1.90046e-007	-0.0575
1.90546e-007	-0.056875
1.91046e-007	-0.0575
1.91546e-007	-0.0575
1.92046e-007	-0.056875
1.92546e-007	-0.05625
1.93046e-007	-0.0575
1.93546e-007	-0.056875
1.94046e-007	-0.055625
1.94546e-007	-0.0575
1.95046e-007	-0.056875
1.95546e-007	-0.055625
1.96046e-007	-0.055625
1.96546e-007	-0.055625
1.97046e-007	-0.055625
1.97546e-007	-0.055
1.98046e-007	-0.05625
1.98546e-007	-0.05625
1.99046e-007	-0.05625
1.99546e-007	-0.05625
2.00046e-007	-0.054375
2.00546e-007	-0.055625
2.01046e-007	-0.055625
2.01546e-007	-0.055
2.02046e-007	-0.05625
2.02546e-007	-0.05625
2.03046e-007	-0.055625
2.03546e-007	-0.05625
2.04046e-007	-0.055625
2.04546e-007	-0.056875
2.05046e-007	-0.05625
2.05546e-007	-0.055625
2.06046e-007	-0.054375
2.06546e-007	-0.053125
2.07046e-007	-0.053125
2.07546e-007	-0.054375
2.08046e-007	-0.053125
2.08546e-007	-0.05375
2.09046e-007	-0.05375
2.09546e-007	-0.055
2.10046e-007	-0.05125
2.10546e-007	-0.0525
2.11046e-007	-0.05375
2.11546e-007	-0.054375
2.12046e-007	-0.0525
2.12546e-007	-0.05375
2.13046e-007	-0.055625
2.13546e-007	-0.05625
2.14046e-007	-0.054375
2.14546e-007	-0.05375
2.15046e-007	-0.05375
2.15546e-007	-0.0525
2.16046e-007	-0.053125
2.16546e-007	-0.05375
2.17046e-007	-0.05375
2.17546e-007	-0.0525
2.18046e-007	-0.053125
2.18546e-007	-0.053125
2.19046e-007	-0.051875
2.19546e-007	-0.05125
2.20046e-007	-0.05125
2.20546e-007	-0.0525
2.21046e-007	-0.05375
2.21546e-007	-0.0525
2.22046e-007	-0.051875
2.22546e-007	-0.0525
2.23046e-007	-0.0525
2.23546e-007	-0.05375
2.24046e-007	-0.0525
2.24546e-007	-0.054375
2.25046e-007	-0.05375
2.25546e-007	-0.0525
2.26046e-007	-0.053125
2.26546e-007	-0.0525
2.27046e-007	-0.051875
2.27546e-007	-0.05125
2.28046e-007	-0.05
2.28546e-007	-0.049375
2.29046e-007	-0.05
2.29546e-007	-0.05
2.30046e-007	-0.050625
2.30546e-007	-0.05
2.31046e-007	-0.050625
2.31546e-007	-0.050625
2.32046e-007	-0.050625
2.32546e-007	-0.05125
2.33046e-007	-0.05
2.33546e-007	-0.04875
2.34046e-007	-0.049375
2.34546e-007	-0.05125
2.35046e-007	-0.05125
2.35546e-007	-0.050625
2.36046e-007	-0.051875
2.36546e-007	-0.05
2.37046e-007	-0.049375
2.37546e-007	-0.050625
2.38046e-007	-0.05
2.38546e-007	-0.05
2.39046e-007	-0.049375
2.39546e-007	-0.05
2.40046e-007	-0.049375
2.40546e-007	-0.049375
2.41046e-007	-0.049375
2.41546e-007	-0.049375
2.42046e-007	-0.04875
2.42546e-007	-0.04875
2.43046e-007	-0.049375
2.43546e-007	-0.05
2.44046e-007	-0.050625
2.44546e-007	-0.05
2.45046e-007	-0.04875
2.45546e-007	-0.05
2.46046e-007	-0.05
2.46546e-007	-0.04875
2.47046e-007	-0.05
2.47546e-007	-0.05
2.48046e-007	-0.04875
2.48546e-007	-0.048125
2.49046e-007	-0.04875
2.49546e-007	-0.04875
2.50046e-007	-0.04875
2.50546e-007	-0.049375
2.51046e-007	-0.048125
2.51546e-007	-0.04875
2.52046e-007	-0.0475
2.52546e-007	-0.04625
2.53046e-007	-0.046875
2.53546e-007	-0.0475
2.54046e-007	-0.048125
2.54546e-007	-0.048125
2.55046e-007	-0.04875
2.55546e-007	-0.048125
2.56046e-007	-0.048125
2.56546e-007	-0.048125
2.57046e-007	-0.04875
2.57546e-007	-0.048125
2.58046e-007	-0.0475
2.58546e-007	-0.048125
2.59046e-007	-0.048125
2.59546e-007	-0.04625
2.60046e-007	-0.04625
2.60546e-007	-0.0475
2.61046e-007	-0.04625
2.61546e-007	-0.0475
2.62046e-007	-0.046875
2.62546e-007	-0.045625
2.63046e-007	-0.046875
2.63546e-007	-0.04875
2.64046e-007	-0.0475
2.64546e-007	-0.046875
2.65046e-007	-0.046875
2.65546e-007	-0.04625
2.66046e-007	-0.045625
2.66546e-007	-0.0475
2.67046e-007	-0.048125
2.67546e-007	-0.046875
2.68046e-007	-0.0475
2.68546e-007	-0.0475
2.69046e-007	-0.04625
2.69546e-007	-0.045
2.70046e-007	-0.045
2.70546e-007	-0.044375
2.71046e-007	-0.045625
2.71546e-007	-0.046875
2.72046e-007	-0.044375
2.72546e-007	-0.04625
2.73046e-007	-0.045625
2.73546e-007	-0.044375
2.74046e-007	-0.044375
2.74546e-007	-0.04625
2.75046e-007	-0.04625
2.75546e-007	-0.045
2.76046e-007	-0.04625
2.76546e-007	-0.046875
2.77046e-007	-0.045625
2.77546e-007	-0.045
2.78046e-007	-0.045
2.78546e-007	-0.045625
2.79046e-007	-0.045625
2.79546e-007	-0.045
2.80046e-007	-0.04375
2.80546e-007	-0.044375
2.81046e-007	-0.044375
2.81546e-007	-0.045
2.82046e-007	-0.04375
2.82546e-007	-0.0425
2.83046e-007	-0.043125
2.83546e-007	-0.044375
2.84046e-007	-0.04375
2.84546e-007	-0.0425
2.85046e-007	-0.0425
2.85546e-007	-0.044375
2.86046e-007	-0.044375
2.86546e-007	-0.045625
2.87046e-007	-0.045625
2.87546e-007	-0.045625
2.88046e-007	-0.045
2.88546e-007	-0.045
2.89046e-007	-0.045
2.89546e-007	-0.04375
2.90046e-007	-0.044375
2.90546e-007	-0.044375
2.91046e-007	-0.044375
2.91546e-007	-0.044375
2.92046e-007	-0.0425
2.92546e-007	-0.0425
2.93046e-007	-0.0425
2.93546e-007	-0.043125
2.94046e-007	-0.04375
2.94546e-007	-0.041875
2.95046e-007	-0.041875
2.95546e-007	-0.043125
2.96046e-007	-0.04375
2.96546e-007	-0.043125
2.97046e-007	-0.043125
2.97546e-007	-0.04375
2.98046e-007	-0.043125
2.98546e-007	-0.043125
2.99046e-007	-0.044375
2.99546e-007	-0.04375
3.00046e-007	-0.043125
3.00546e-007	-0.043125
3.01046e-007	-0.0425
3.01546e-007	-0.041875
3.02046e-007	-0.040625
3.02546e-007	-0.04125
3.03046e-007	-0.040625
3.03546e-007	-0.04125
3.04046e-007	-0.040625
3.04546e-007	-0.039375
3.05046e-007	-0.041875
3.05546e-007	-0.041875
3.06046e-007	-0.041875
3.06546e-007	-0.04125
3.07046e-007	-0.04
3.07546e-007	-0.040625
3.08046e-007	-0.041875
3.08546e-007	-0.041875
3.09046e-007	-0.043125
3.09546e-007	-0.0425
3.10046e-007	-0.04
3.10546e-007	-0.040625
3.11046e-007	-0.04125
3.11546e-007	-0.04125
3.12046e-007	-0.040625
3.12546e-007	-0.039375
3.13046e-007	-0.040625
3.13546e-007	-0.04
3.14046e-007	-0.039375
3.14546e-007	-0.04
3.15046e-007	-0.03875
3.15546e-007	-0.03875
3.16046e-007	-0.03875
3.16546e-007	-0.039375
3.17046e-007	-0.040625
3.17546e-007	-0.040625
3.18046e-007	-0.039375
3.18546e-007	-0.04
3.19046e-007	-0.041875
3.19546e-007	-0.04125
3.20046e-007	-0.04125
3.20546e-007	-0.039375
3.21046e-007	-0.04
3.21546e-007	-0.039375
3.22046e-007	-0.039375
3.22546e-007	-0.04
3.23046e-007	-0.03875
3.23546e-007	-0.03875
3.24046e-007	-0.039375
3.24546e-007	-0.03875
3.25046e-007	-0.039375
3.25546e-007	-0.039375
3.26046e-007	-0.038125
3.26546e-007	-0.03875
3.27046e-007	-0.03875
3.27546e-007	-0.03875
3.28046e-007	-0.0375
3.28546e-007	-0.039375
3.29046e-007	-0.04
3.29546e-007	-0.038125
3.30046e-007	-0.03875
3.30546e-007	-0.04
3.31046e-007	-0.038125
3.31546e-007	-0.04
3.32046e-007	-0.040625
3.32546e-007	-0.039375
3.33046e-007	-0.0375
3.33546e-007	-0.038125
3.34046e-007	-0.038125
3.34546e-007	-0.0375
3.35046e-007	-0.039375
3.35546e-007	-0.0375
3.36046e-007	-0.03625
3.36546e-007	-0.03625
3.37046e-007	-0.036875
3.37546e-007	-0.0375
3.38046e-007	-0.038125
3.38546e-007	-0.036875
3.39046e-007	-0.038125
3.39546e-007	-0.036875
3.40046e-007	-0.038125
3.40546e-007	-0.0375
3.41046e-007	-0.0375
3.41546e-007	-0.0375
3.42046e-007	-0.038125
3.42546e-007	-0.03875
3.43046e-007	-0.0375
3.43546e-007	-0.036875
3.44046e-007	-0.0375
3.44546e-007	-0.035625
3.45046e-007	-0.036875
3.45546e-007	-0.0375
3.46046e-007	-0.036875
3.46546e-007	-0.036875
3.47046e-007	-0.035
3.47546e-007	-0.03625
3.48046e-007	-0.035625
3.48546e-007	-0.035
3.49046e-007	-0.035625
3.49546e-007	-0.03625
3.50046e-007	-0.03625
3.50546e-007	-0.0375
3.51046e-007	-0.0375
3.51546e-007	-0.03625
3.52046e-007	-0.035625
3.52546e-007	-0.036875
3.53046e-007	-0.036875
3.53546e-007	-0.036875
3.54046e-007	-0.035
3.54546e-007	-0.035
3.55046e-007	-0.036875
3.55546e-007	-0.03625
3.56046e-007	-0.035625
3.56546e-007	-0.034375
3.57046e-007	-0.03375
3.57546e-007	-0.035
3.58046e-007	-0.035
3.58546e-007	-0.034375
3.59046e-007	-0.034375
3.59546e-007	-0.035
3.60046e-007	-0.035
3.60546e-007	-0.035625
3.61046e-007	-0.0375
3.61546e-007	-0.035
3.62046e-007	-0.034375
3.62546e-007	-0.035
3.63046e-007	-0.03375
3.63546e-007	-0.03625
3.64046e-007	-0.036875
3.64546e-007	-0.035
3.65046e-007	-0.035625
3.65546e-007	-0.035
3.66046e-007	-0.034375
3.66546e-007	-0.035
3.67046e-007	-0.034375
3.67546e-007	-0.0325
3.68046e-007	-0.033125
3.68546e-007	-0.035
3.69046e-007	-0.035
3.69546e-007	-0.033125
3.70046e-007	-0.033125
3.70546e-007	-0.033125
3.71046e-007	-0.034375
3.71546e-007	-0.034375
3.72046e-007	-0.03375
3.72546e-007	-0.03375
3.73046e-007	-0.033125
3.73546e-007	-0.034375
3.74046e-007	-0.03375
3.74546e-007	-0.034375
3.75046e-007	-0.035
3.75546e-007	-0.03375
3.76046e-007	-0.033125
3.76546e-007	-0.0325
3.77046e-007	-0.03375
3.77546e-007	-0.035
3.78046e-007	-0.0325
3.78546e-007	-0.0325
3.79046e-007	-0.0325
3.79546e-007	-0.03375
3.80046e-007	-0.03375
3.80546e-007	-0.03125
3.81046e-007	-0.0325
3.81546e-007	-0.034375
3.82046e-007	-0.033125
3.82546e-007	-0.033125
3.83046e-007	-0.0325
3.83546e-007	-0.0325
3.84046e-007	-0.0325
3.84546e-007	-0.031875
3.85046e-007	-0.0325
3.85546e-007	-0.03375
3.86046e-007	-0.03375
3.86546e-007	-0.033125
3.87046e-007	-0.033125
3.87546e-007	-0.0325
3.88046e-007	-0.0325
3.88546e-007	-0.031875
3.89046e-007	-0.03125
3.89546e-007	-0.03125
3.90046e-007	-0.0325
3.90546e-007	-0.0325
3.91046e-007	-0.0325
3.91546e-007	-0.030625
3.92046e-007	-0.03
3.92546e-007	-0.030625
3.93046e-007	-0.030625
3.93546e-007	-0.031875
3.94046e-007	-0.031875
3.94546e-007	-0.030625
3.95046e-007	-0.031875
3.95546e-007	-0.03125
3.96046e-007	-0.031875
3.96546e-007	-0.0325
3.97046e-007	-0.031875
3.97546e-007	-0.0325
3.98046e-007	-0.031875
3.98546e-007	-0.0325
3.99046e-007	-0.03125
3.99546e-007	-0.030625
4.00046e-007	-0.031875
4.00546e-007	-0.03
4.01046e-007	-0.03125
4.01546e-007	-0.0325
4.02046e-007	-0.0325
4.02546e-007	-0.030625
4.03046e-007	-0.029375
4.03546e-007	-0.03
4.04046e-007	-0.029375
4.04546e-007	-0.030625
4.05046e-007	-0.030625
4.05546e-007	-0.029375
4.06046e-007	-0.030625
4.06546e-007	-0.02875
4.07046e-007	-0.028125
4.07546e-007	-0.03
4.08046e-007	-0.03125
4.08546e-007	-0.03125
4.09046e-007	-0.029375
4.09546e-007	-0.03
4.10046e-007	-0.030625
4.10546e-007	-0.030625
4.11046e-007	-0.03125
4.11546e-007	-0.02875
4.12046e-007	-0.03
4.12546e-007	-0.03
4.13046e-007	-0.03
4.13546e-007	-0.029375
4.14046e-007	-0.029375
4.14546e-007	-0.029375
4.15046e-007	-0.030625
4.15546e-007	-0.029375
4.16046e-007	-0.028125
4.16546e-007	-0.0275
4.17046e-007	-0.02875
4.17546e-007	-0.02875
4.18046e-007	-0.029375
4.18546e-007	-0.030625
4.19046e-007	-0.03
4.19546e-007	-0.02875
4.20046e-007	-0.028125
4.20546e-007	-0.02875
4.21046e-007	-0.03
4.21546e-007	-0.029375
4.22046e-007	-0.03
4.22546e-007	-0.028125
4.23046e-007	-0.02875
4.23546e-007	-0.029375
4.24046e-007	-0.028125
4.24546e-007	-0.029375
4.25046e-007	-0.02875
4.25546e-007	-0.028125
4.26046e-007	-0.0275
4.26546e-007	-0.0275
4.27046e-007	-0.028125
4.27546e-007	-0.0275
4.28046e-007	-0.026875
4.28546e-007	-0.0275
4.29046e-007	-0.02875
4.29546e-007	-0.02875
4.30046e-007	-0.028125
4.30546e-007	-0.02875
4.31046e-007	-0.029375
4.31546e-007	-0.0275
4.32046e-007	-0.028125
4.32546e-007	-0.029375
4.33046e-007	-0.03
4.33546e-007	-0.0275
4.34046e-007	-0.026875
4.34546e-007	-0.028125
4.35046e-007	-0.028125
4.35546e-007	-0.0275
4.36046e-007	-0.0275
4.36546e-007	-0.02625
4.37046e-007	-0.0275
4.37546e-007	-0.026875
4.38046e-007	-0.0275
4.38546e-007	-0.028125
4.39046e-007	-0.0275
4.39546e-007	-0.02625
4.40046e-007	-0.02625
4.40546e-007	-0.02625
4.41046e-007	-0.02625
4.41546e-007	-0.02625
4.42046e-007	-0.0275
4.42546e-007	-0.0275
4.43046e-007	-0.028125
4.43546e-007	-0.028125
4.44046e-007	-0.0275
4.44546e-007	-0.02625
4.45046e-007	-0.0275
4.45546e-007	-0.028125
4.46046e-007	-0.02625
4.46546e-007	-0.026875
4.47046e-007	-0.028125
4.47546e-007	-0.026875
4.48046e-007	-0.025625
4.48546e-007	-0.025625
4.49046e-007	-0.025625
4.49546e-007	-0.026875
4.50046e-007	-0.0275
4.50546e-007	-0.026875
4.51046e-007	-0.026875
4.51546e-007	-0.026875
4.52046e-007	-0.026875
4.52546e-007	-0.025625
4.53046e-007	-0.0275
4.53546e-007	-0.0275
4.54046e-007	-0.028125
4.54546e-007	-0.028125
4.55046e-007	-0.026875
4.55546e-007	-0.02625
4.56046e-007	-0.0275
4.56546e-007	-0.02625
4.57046e-007	-0.02625
4.57546e-007	-0.025
4.58046e-007	-0.025625
4.58546e-007	-0.025
4.59046e-007	-0.025
4.59546e-007	-0.025625
4.60046e-007	-0.026875
4.60546e-007	-0.025625
4.61046e-007	-0.02625
4.61546e-007	-0.025
4.62046e-007	-0.025
4.62546e-007	-0.02625
4.63046e-007	-0.028125
4.63546e-007	-0.025625
4.64046e-007	-0.024375
4.64546e-007	-0.025625
4.65046e-007	-0.0275
4.65546e-007	-0.026875
4.66046e-007	-0.025625
4.66546e-007	-0.025
4.67046e-007	-0.025625
4.67546e-007	-0.025625
4.68046e-007	-0.025
4.68546e-007	-0.025
4.69046e-007	-0.024375
4.69546e-007	-0.024375
4.70046e-007	-0.02375
4.70546e-007	-0.024375
4.71046e-007	-0.02375
4.71546e-007	-0.025
4.72046e-007	-0.025625
4.72546e-007	-0.025625
4.73046e-007	-0.025625
4.73546e-007	-0.025625
4.74046e-007	-0.02625
4.74546e-007	-0.025625
4.75046e-007	-0.026875
4.75546e-007	-0.02625
4.76046e-007	-0.024375
4.76546e-007	-0.025
4.77046e-007	-0.024375
4.77546e-007	-0.025
4.78046e-007	-0.025625
4.78546e-007	-0.024375
4.79046e-007	-0.024375
4.79546e-007	-0.02375
4.80046e-007	-0.02375
4.80546e-007	-0.024375
4.81046e-007	-0.023125
4.81546e-007	-0.021875
4.82046e-007	-0.02375
4.82546e-007	-0.02375
4.83046e-007	-0.024375
4.83546e-007	-0.024375
4.84046e-007	-0.02375
4.84546e-007	-0.02375
4.85046e-007	-0.024375
4.85546e-007	-0.02375
4.86046e-007	-0.024375
4.86546e-007	-0.025625
4.87046e-007	-0.026875
4.87546e-007	-0.025625
4.88046e-007	-0.025
4.88546e-007	-0.024375
4.89046e-007	-0.024375
4.89546e-007	-0.02375
4.90046e-007	-0.023125
4.90546e-007	-0.024375
4.91046e-007	-0.023125
4.91546e-007	-0.021875
4.92046e-007	-0.021875
4.92546e-007	-0.02375
4.93046e-007	-0.02375
4.93546e-007	-0.02375
4.94046e-007	-0.02375
4.94546e-007	-0.023125
4.95046e-007	-0.025
4.95546e-007	-0.024375
4.96046e-007	-0.02375
4.96546e-007	-0.0225
4.97046e-007	-0.023125
4.97546e-007	-0.024375
4.98046e-007	-0.023125
4.98546e-007	-0.02375
4.99046e-007	-0.02375
4.99546e-007	-0.025
5.00046e-007	-0.02375
5.00546e-007	-0.021875
5.01046e-007	-0.024375
5.01546e-007	-0.023125
5.02046e-007	-0.023125
5.02546e-007	-0.02375
5.03046e-007	-0.023125
5.03546e-007	-0.02375
5.04046e-007	-0.024375
5.04546e-007	-0.02375
5.05046e-007	-0.024375
5.05546e-007	-0.021875
5.06046e-007	-0.02125
5.06546e-007	-0.021875
5.07046e-007	-0.023125
5.07546e-007	-0.025
5.08046e-007	-0.02375
5.08546e-007	-0.023125
5.09046e-007	-0.023125
5.09546e-007	-0.02375
5.10046e-007	-0.0225
5.10546e-007	-0.0225
5.11046e-007	-0.02375
5.11546e-007	-0.02375
5.12046e-007	-0.021875
5.12546e-007	-0.021875
5.13046e-007	-0.0225
5.13546e-007	-0.0225
5.14046e-007	-0.02125
5.14546e-007	-0.02125
5.15046e-007	-0.02125
5.15546e-007	-0.021875
5.16046e-007	-0.02125
5.16546e-007	-0.02125
5.17046e-007	-0.020625
5.17546e-007	-0.02125
5.18046e-007	-0.020625
5.18546e-007	-0.0225
5.19046e-007	-0.0225
5.19546e-007	-0.023125
5.20046e-007	-0.0225
5.20546e-007	-0.02125
5.21046e-007	-0.0225
5.21546e-007	-0.0225
5.22046e-007	-0.021875
5.22546e-007	-0.021875
5.23046e-007	-0.021875
5.23546e-007	-0.0225
5.24046e-007	-0.02125
5.24546e-007	-0.020625
5.25046e-007	-0.021875
5.25546e-007	-0.0225
5.26046e-007	-0.0225
5.26546e-007	-0.02
5.27046e-007	-0.02
5.27546e-007	-0.020625
5.28046e-007	-0.020625
5.28546e-007	-0.02125
5.29046e-007	-0.02
5.29546e-007	-0.021875
5.30046e-007	-0.020625
5.30546e-007	-0.020625
5.31046e-007	-0.021875
5.31546e-007	-0.02125
5.32046e-007	-0.021875
5.32546e-007	-0.02125
5.33046e-007	-0.020625
5.33546e-007	-0.02
5.34046e-007	-0.019375
5.34546e-007	-0.020625
5.35046e-007	-0.02
5.35546e-007	-0.020625
5.36046e-007	-0.020625
5.36546e-007	-0.020625
5.37046e-007	-0.019375
5.37546e-007	-0.02
5.38046e-007	-0.01875
5.38546e-007	-0.02
5.39046e-007	-0.020625
5.39546e-007	-0.02125
5.40046e-007	-0.020625
5.40546e-007	-0.021875
5.41046e-007	-0.020625
5.41546e-007	-0.020625
5.42046e-007	-0.02125
5.42546e-007	-0.019375
5.43046e-007	-0.020625
5.43546e-007	-0.020625
5.44046e-007	-0.019375
5.44546e-007	-0.019375
5.45046e-007	-0.02
5.45546e-007	-0.02
5.46046e-007	-0.018125
5.46546e-007	-0.01875
5.47046e-007	-0.019375
5.47546e-007	-0.019375
5.48046e-007	-0.019375
5.48546e-007	-0.019375
5.49046e-007	-0.01875
5.49546e-007	-0.019375
5.50046e-007	-0.01875
5.50546e-007	-0.01875
5.51046e-007	-0.01875
5.51546e-007	-0.02
5.52046e-007	-0.02
5.52546e-007	-0.02
5.53046e-007	-0.01875
5.53546e-007	-0.019375
5.54046e-007	-0.019375
5.54546e-007	-0.01875
5.55046e-007	-0.01875
5.55546e-007	-0.02
5.56046e-007	-0.019375
5.56546e-007	-0.020625
5.57046e-007	-0.01875
5.57546e-007	-0.01875
5.58046e-007	-0.02
5.58546e-007	-0.019375
5.59046e-007	-0.018125
5.59546e-007	-0.019375
5.60046e-007	-0.01875
5.60546e-007	-0.019375
5.61046e-007	-0.019375
5.61546e-007	-0.020625
5.62046e-007	-0.019375
5.62546e-007	-0.01875
5.63046e-007	-0.01875
5.63546e-007	-0.01875
5.64046e-007	-0.016875
5.64546e-007	-0.01875
5.65046e-007	-0.01875
5.65546e-007	-0.01875
5.66046e-007	-0.018125
5.66546e-007	-0.02
5.67046e-007	-0.019375
5.67546e-007	-0.019375
5.68046e-007	-0.019375
5.68546e-007	-0.019375
5.69046e-007	-0.018125
5.69546e-007	-0.0175
5.70046e-007	-0.018125
5.70546e-007	-0.01875
5.71046e-007	-0.016875
5.71546e-007	-0.01875
5.72046e-007	-0.0175
5.72546e-007	-0.0175
5.73046e-007	-0.016875
5.73546e-007	-0.0175
5.74046e-007	-0.018125
5.74546e-007	-0.018125
5.75046e-007	-0.015625
5.75546e-007	-0.0175
5.76046e-007	-0.02
5.76546e-007	-0.01875
5.77046e-007	-0.0175
5.77546e-007	-0.016875
5.78046e-007	-0.01875
5.78546e-007	-0.01875
5.79046e-007	-0.01625
5.79546e-007	-0.018125
5.80046e-007	-0.0175
5.80546e-007	-0.0175
5.81046e-007	-0.01625
5.81546e-007	-0.0175
5.82046e-007	-0.019375
5.82546e-007	-0.016875
5.83046e-007	-0.016875
5.83546e-007	-0.0175
5.84046e-007	-0.016875
5.84546e-007	-0.01625
5.85046e-007	-0.01625
5.85546e-007	-0.01625
5.86046e-007	-0.018125
5.86546e-007	-0.019375
5.87046e-007	-0.016875
5.87546e-007	-0.016875
5.88046e-007	-0.01875
5.88546e-007	-0.0175
5.89046e-007	-0.016875
5.89546e-007	-0.0175
5.90046e-007	-0.016875
5.90546e-007	-0.018125
5.91046e-007	-0.01875
5.91546e-007	-0.018125
5.92046e-007	-0.018125
5.92546e-007	-0.018125
5.93046e-007	-0.018125
5.93546e-007	-0.01625
5.94046e-007	-0.015
5.94546e-007	-0.016875
5.95046e-007	-0.0175
5.95546e-007	-0.016875
5.96046e-007	-0.0175
5.96546e-007	-0.01875
5.97046e-007	-0.016875
5.97546e-007	-0.01625
5.98046e-007	-0.016875
5.98546e-007	-0.018125
5.99046e-007	-0.018125
5.99546e-007	-0.018125
6.00046e-007	-0.016875
6.00546e-007	-0.01625
6.01046e-007	-0.014375
6.01546e-007	-0.016875
6.02046e-007	-0.0175
6.02546e-007	-0.018125
6.03046e-007	-0.016875
6.03546e-007	-0.015625
6.04046e-007	-0.016875
6.04546e-007	-0.01625
6.05046e-007	-0.015625
6.05546e-007	-0.01625
6.06046e-007	-0.01625
6.06546e-007	-0.016875
6.07046e-007	-0.016875
6.07546e-007	-0.015
6.08046e-007	-0.015625
6.08546e-007	-0.016875
6.09046e-007	-0.016875
6.09546e-007	-0.015625
6.10046e-007	-0.015625
6.10546e-007	-0.01625
6.11046e-007	-0.014375
6.11546e-007	-0.016875
6.12046e-007	-0.0175
6.12546e-007	-0.01625
6.13046e-007	-0.016875
6.13546e-007	-0.016875
6.14046e-007	-0.015625
6.14546e-007	-0.016875
6.15046e-007	-0.01625
6.15546e-007	-0.016875
6.16046e-007	-0.01625
6.16546e-007	-0.015625
6.17046e-007	-0.014375
6.17546e-007	-0.015625
6.18046e-007	-0.015625
6.18546e-007	-0.015
6.19046e-007	-0.015625
6.19546e-007	-0.016875
6.20046e-007	-0.015
6.20546e-007	-0.015625
6.21046e-007	-0.015625
6.21546e-007	-0.014375
6.22046e-007	-0.01625
6.22546e-007	-0.0175
6.23046e-007	-0.01625
6.23546e-007	-0.016875
6.24046e-007	-0.016875
6.24546e-007	-0.01625
6.25046e-007	-0.01625
6.25546e-007	-0.015
6.26046e-007	-0.014375
6.26546e-007	-0.015
6.27046e-007	-0.014375
6.27546e-007	-0.015
6.28046e-007	-0.015
6.28546e-007	-0.013125
6.29046e-007	-0.015
6.29546e-007	-0.01625
6.30046e-007	-0.015
6.30546e-007	-0.014375
6.31046e-007	-0.015
6.31546e-007	-0.015625
6.32046e-007	-0.014375
6.32546e-007	-0.015
6.33046e-007	-0.01625
6.33546e-007	-0.015625
6.34046e-007	-0.016875
6.34546e-007	-0.01625
6.35046e-007	-0.014375
6.35546e-007	-0.016875
6.36046e-007	-0.015625
6.36546e-007	-0.014375
6.37046e-007	-0.015625
6.37546e-007	-0.01625
6.38046e-007	-0.015
6.38546e-007	-0.014375
6.39046e-007	-0.014375
6.39546e-007	-0.01375
6.40046e-007	-0.0125
6.40546e-007	-0.01375
6.41046e-007	-0.01375
6.41546e-007	-0.014375
6.42046e-007	-0.015
6.42546e-007	-0.015
6.43046e-007	-0.014375
6.43546e-007	-0.015
6.44046e-007	-0.015
6.44546e-007	-0.015
6.45046e-007	-0.01375
6.45546e-007	-0.015
6.46046e-007	-0.014375
6.46546e-007	-0.015
6.47046e-007	-0.015
6.47546e-007	-0.015
6.48046e-007	-0.014375
6.48546e-007	-0.013125
6.49046e-007	-0.015
6.49546e-007	-0.01375
6.50046e-007	-0.013125
6.50546e-007	-0.013125
6.51046e-007	-0.01375
6.51546e-007	-0.015
6.52046e-007	-0.014375
6.52546e-007	-0.01375
6.53046e-007	-0.013125
6.53546e-007	-0.01375
6.54046e-007	-0.014375
6.54546e-007	-0.014375
6.55046e-007	-0.014375
6.55546e-007	-0.01375
6.56046e-007	-0.01375
6.56546e-007	-0.015625
6.57046e-007	-0.015625
6.57546e-007	-0.014375
6.58046e-007	-0.013125
6.58546e-007	-0.014375
6.59046e-007	-0.015
6.59546e-007	-0.015
6.60046e-007	-0.014375
6.60546e-007	-0.013125
6.61046e-007	-0.0125
6.61546e-007	-0.01375
6.62046e-007	-0.0125
6.62546e-007	-0.0125
6.63046e-007	-0.011875
6.63546e-007	-0.013125
6.64046e-007	-0.014375
6.64546e-007	-0.01375
6.65046e-007	-0.013125
6.65546e-007	-0.01375
6.66046e-007	-0.0125
6.66546e-007	-0.013125
6.67046e-007	-0.014375
6.67546e-007	-0.015625
6.68046e-007	-0.014375
6.68546e-007	-0.014375
6.69046e-007	-0.015
6.69546e-007	-0.01375
6.70046e-007	-0.01375
6.70546e-007	-0.014375
6.71046e-007	-0.01375
6.71546e-007	-0.01375
6.72046e-007	-0.0125
6.72546e-007	-0.0125
6.73046e-007	-0.0125
6.73546e-007	-0.010625
6.74046e-007	-0.011875
6.74546e-007	-0.014375
6.75046e-007	-0.01375
6.75546e-007	-0.01125
6.76046e-007	-0.01125
6.76546e-007	-0.0125
6.77046e-007	-0.01375
6.77546e-007	-0.015
6.78046e-007	-0.014375
6.78546e-007	-0.015
6.79046e-007	-0.014375
6.79546e-007	-0.013125
6.80046e-007	-0.0125
6.80546e-007	-0.014375
6.81046e-007	-0.01375
6.81546e-007	-0.013125
6.82046e-007	-0.0125
6.82546e-007	-0.0125
6.83046e-007	-0.01125
6.83546e-007	-0.010625
6.84046e-007	-0.011875
6.84546e-007	-0.011875
6.85046e-007	-0.013125
6.85546e-007	-0.013125
6.86046e-007	-0.013125
6.86546e-007	-0.0125
6.87046e-007	-0.011875
6.87546e-007	-0.013125
6.88046e-007	-0.014375
6.88546e-007	-0.013125
6.89046e-007	-0.014375
6.89546e-007	-0.015625
6.90046e-007	-0.014375
6.90546e-007	-0.013125
6.91046e-007	-0.01125
6.91546e-007	-0.011875
6.92046e-007	-0.013125
6.92546e-007	-0.011875
6.93046e-007	-0.01125
6.93546e-007	-0.011875
6.94046e-007	-0.011875
6.94546e-007	-0.01
6.95046e-007	-0.009375
6.95546e-007	-0.011875
6.96046e-007	-0.011875
6.96546e-007	-0.011875
6.97046e-007	-0.013125
6.97546e-007	-0.0125
6.98046e-007	-0.011875
6.98546e-007	-0.0125
6.99046e-007	-0.011875
6.99546e-007	-0.01375
7.00046e-007	-0.01375
7.00546e-007	-0.010625
7.01046e-007	-0.0125
7.01546e-007	-0.013125
7.02046e-007	-0.011875
7.02546e-007	-0.013125
7.03046e-007	-0.011875
7.03546e-007	-0.010625
7.04046e-007	-0.01125
7.04546e-007	-0.011875
7.05046e-007	-0.0125
7.05546e-007	-0.011875
7.06046e-007	-0.01125
7.06546e-007	-0.011875
7.07046e-007	-0.011875
7.07546e-007	-0.013125
7.08046e-007	-0.0125
7.08546e-007	-0.01125
7.09046e-007	-0.011875
7.09546e-007	-0.011875
7.10046e-007	-0.011875
7.10546e-007	-0.0125
7.11046e-007	-0.013125
7.11546e-007	-0.013125
7.12046e-007	-0.0125
7.12546e-007	-0.010625
7.13046e-007	-0.010625
7.13546e-007	-0.011875
7.14046e-007	-0.010625
7.14546e-007	-0.0125
7.15046e-007	-0.013125
7.15546e-007	-0.011875
7.16046e-007	-0.010625
7.16546e-007	-0.011875
7.17046e-007	-0.01125
7.17546e-007	-0.01125
7.18046e-007	-0.0125
7.18546e-007	-0.0125
7.19046e-007	-0.01125
7.19546e-007	-0.011875
7.20046e-007	-0.013125
7.20546e-007	-0.011875
7.21046e-007	-0.013125
7.21546e-007	-0.01375
7.22046e-007	-0.01125
7.22546e-007	-0.01125
7.23046e-007	-0.011875
7.23546e-007	-0.0125
7.24046e-007	-0.011875
7.24546e-007	-0.010625
7.25046e-007	-0.010625
7.25546e-007	-0.01125
7.26046e-007	-0.01125
7.26546e-007	-0.011875
7.27046e-007	-0.01125
7.27546e-007	-0.010625
7.28046e-007	-0.0125
7.28546e-007	-0.011875
7.29046e-007	-0.01125
7.29546e-007	-0.01125
7.30046e-007	-0.011875
7.30546e-007	-0.01
7.31046e-007	-0.01125
7.31546e-007	-0.011875
7.32046e-007	-0.0125
7.32546e-007	-0.01
7.33046e-007	-0.010625
7.33546e-007	-0.01125
7.34046e-007	-0.011875
7.34546e-007	-0.0125
7.35046e-007	-0.01
7.35546e-007	-0.01125
7.36046e-007	-0.0125
7.36546e-007	-0.011875
7.37046e-007	-0.01125
7.37546e-007	-0.01125
7.38046e-007	-0.010625
7.38546e-007	-0.011875
7.39046e-007	-0.01125
7.39546e-007	-0.010625
7.40046e-007	-0.009375
7.40546e-007	-0.010625
7.41046e-007	-0.010625
7.41546e-007	-0.01125
7.42046e-007	-0.010625
7.42546e-007	-0.01125
7.43046e-007	-0.010625
7.43546e-007	-0.01
7.44046e-007	-0.01125
7.44546e-007	-0.011875
7.45046e-007	-0.011875
7.45546e-007	-0.010625
7.46046e-007	-0.010625
7.46546e-007	-0.011875
7.47046e-007	-0.010625
7.47546e-007	-0.010625
7.48046e-007	-0.01125
7.48546e-007	-0.011875
7.49046e-007	-0.01125
7.49546e-007	-0.01
7.50046e-007	-0.010625
7.50546e-007	-0.01
7.51046e-007	-0.01125
7.51546e-007	-0.010625
7.52046e-007	-0.009375
7.52546e-007	-0.01
7.53046e-007	-0.01125
7.53546e-007	-0.010625
7.54046e-007	-0.01
7.54546e-007	-0.010625
7.55046e-007	-0.01125
7.55546e-007	-0.01125
7.56046e-007	-0.01
7.56546e-007	-0.01
7.57046e-007	-0.009375
7.57546e-007	-0.01
7.58046e-007	-0.009375
7.58546e-007	-0.009375
7.59046e-007	-0.01
7.59546e-007	-0.011875
7.60046e-007	-0.010625
7.60546e-007	-0.009375
7.61046e-007	-0.00875
7.61546e-007	-0.009375
7.62046e-007	-0.009375
7.62546e-007	-0.009375
7.63046e-007	-0.01
7.63546e-007	-0.009375
7.64046e-007	-0.01
7.64546e-007	-0.01125
7.65046e-007	-0.009375
7.65546e-007	-0.01
7.66046e-007	-0.01125
7.66546e-007	-0.01
7.67046e-007	-0.009375
7.67546e-007	-0.010625
7.68046e-007	-0.01
7.68546e-007	-0.009375
7.69046e-007	-0.01
7.69546e-007	-0.009375
7.70046e-007	-0.009375
7.70546e-007	-0.009375
7.71046e-007	-0.011875
7.71546e-007	-0.010625
7.72046e-007	-0.008125
7.72546e-007	-0.009375
7.73046e-007	-0.01125
7.73546e-007	-0.01
7.74046e-007	-0.009375
7.74546e-007	-0.00875
7.75046e-007	-0.00875
7.75546e-007	-0.00875
7.76046e-007	-0.009375
7.76546e-007	-0.009375
7.77046e-007	-0.009375
7.77546e-007	-0.009375
7.78046e-007	-0.00875
7.78546e-007	-0.01
7.79046e-007	-0.01125
7.79546e-007	-0.010625
7.80046e-007	-0.009375
7.80546e-007	-0.009375
7.81046e-007	-0.011875
7.81546e-007	-0.01125
7.82046e-007	-0.008125
7.82546e-007	-0.009375
7.83046e-007	-0.01
7.83546e-007	-0.009375
7.84046e-007	-0.009375
7.84546e-007	-0.00875
7.85046e-007	-0.01
7.85546e-007	-0.01
7.86046e-007	-0.00875
7.86546e-007	-0.011875
7.87046e-007	-0.009375
7.87546e-007	-0.008125
7.88046e-007	-0.01
7.88546e-007	-0.008125
7.89046e-007	-0.00875
7.89546e-007	-0.009375
7.90046e-007	-0.01
7.90546e-007	-0.0075
7.91046e-007	-0.008125
7.91546e-007	-0.01
7.92046e-007	-0.01
7.92546e-007	-0.01
7.93046e-007	-0.00875
7.93546e-007	-0.008125
7.94046e-007	-0.010625
7.94546e-007	-0.009375
7.95046e-007	-0.00875
7.95546e-007	-0.00875
7.96046e-007	-0.00875
7.96546e-007	-0.00875
7.97046e-007	-0.008125
7.97546e-007	-0.008125
7.98046e-007	-0.008125
7.98546e-007	-0.009375
7.99046e-007	-0.009375
7.99546e-007	-0.0075
8.00046e-007	-0.00875
8.00546e-007	-0.008125
8.01046e-007	-0.0075
8.01546e-007	-0.00875
8.02046e-007	-0.01
8.02546e-007	-0.009375
8.03046e-007	-0.009375
8.03546e-007	-0.009375
8.04046e-007	-0.00875
8.04546e-007	-0.008125
8.05046e-007	-0.008125
8.05546e-007	-0.00875
8.06046e-007	-0.00875
8.06546e-007	-0.00875
8.07046e-007	-0.006875
8.07546e-007	-0.009375
8.08046e-007	-0.00875
8.08546e-007	-0.008125
8.09046e-007	-0.008125
8.09546e-007	-0.00875
8.10046e-007	-0.00875
8.10546e-007	-0.010625
8.11046e-007	-0.01125
8.11546e-007	-0.009375
8.12046e-007	-0.009375
8.12546e-007	-0.008125
8.13046e-007	-0.00875
8.13546e-007	-0.009375
8.14046e-007	-0.009375
8.14546e-007	-0.00875
8.15046e-007	-0.010625
8.15546e-007	-0.00875
8.16046e-007	-0.0075
8.16546e-007	-0.006875
8.17046e-007	-0.00875
8.17546e-007	-0.00875
8.18046e-007	-0.01
8.18546e-007	-0.00875
8.19046e-007	-0.009375
8.19546e-007	-0.009375
8.20046e-007	-0.01
8.20546e-007	-0.009375
8.21046e-007	-0.008125
8.21546e-007	-0.008125
8.22046e-007	-0.01
8.22546e-007	-0.009375
8.23046e-007	-0.0075
8.23546e-007	-0.006875
8.24046e-007	-0.008125
8.24546e-007	-0.009375
8.25046e-007	-0.00875
8.25546e-007	-0.00875
8.26046e-007	-0.00875
8.26546e-007	-0.008125
8.27046e-007	-0.006875
8.27546e-007	-0.008125
8.28046e-007	-0.0075
8.28546e-007	-0.008125
8.29046e-007	-0.00875
8.29546e-007	-0.010625
8.30046e-007	-0.010625
8.30546e-007	-0.00875
8.31046e-007	-0.0075
8.31546e-007	-0.0075
8.32046e-007	-0.0075
8.32546e-007	-0.008125
8.33046e-007	-0.008125
8.33546e-007	-0.0075
8.34046e-007	-0.009375
8.34546e-007	-0.008125
8.35046e-007	-0.006875
8.35546e-007	-0.006875
8.36046e-007	-0.008125
8.36546e-007	-0.006875
8.37046e-007	-0.00875
8.37546e-007	-0.009375
8.38046e-007	-0.010625
8.38546e-007	-0.00875
8.39046e-007	-0.00875
8.39546e-007	-0.01
8.40046e-007	-0.00875
8.40546e-007	-0.00875
8.41046e-007	-0.00875
8.41546e-007	-0.006875
8.42046e-007	-0.0075
8.42546e-007	-0.008125
8.43046e-007	-0.00875
8.43546e-007	-0.00875
8.44046e-007	-0.006875
8.44546e-007	-0.0075
8.45046e-007	-0.00875
8.45546e-007	-0.008125
8.46046e-007	-0.006875
8.46546e-007	-0.0075
8.47046e-007	-0.006875
8.47546e-007	-0.008125
8.48046e-007	-0.008125
8.48546e-007	-0.00875
8.49046e-007	-0.009375
8.49546e-007	-0.009375
8.50046e-007	-0.008125
8.50546e-007	-0.00875
8.51046e-007	-0.00875
8.51546e-007	-0.008125
8.52046e-007	-0.006875
8.52546e-007	-0.006875
8.53046e-007	-0.006875
8.53546e-007	-0.0075
8.54046e-007	-0.00875
8.54546e-007	-0.006875
8.55046e-007	-0.006875
8.55546e-007	-0.0075
8.56046e-007	-0.006875
8.56546e-007	-0.006875
8.57046e-007	-0.0075
8.57546e-007	-0.008125
8.58046e-007	-0.0075
8.58546e-007	-0.00875
8.59046e-007	-0.008125
8.59546e-007	-0.00875
8.60046e-007	-0.009375
8.60546e-007	-0.00875
8.61046e-007	-0.008125
8.61546e-007	-0.006875
8.62046e-007	-0.0075
8.62546e-007	-0.00875
8.63046e-007	-0.008125
8.63546e-007	-0.006875
8.64046e-007	-0.00625
8.64546e-007	-0.00625
8.65046e-007	-0.00625
8.65546e-007	-0.006875
8.66046e-007	-0.0075
8.66546e-007	-0.006875
8.67046e-007	-0.006875
8.67546e-007	-0.0075
8.68046e-007	-0.006875
8.68546e-007	-0.0075
8.69046e-007	-0.009375
8.69546e-007	-0.010625
8.70046e-007	-0.006875
8.70546e-007	-0.0075
8.71046e-007	-0.00875
8.71546e-007	-0.00875
8.72046e-007	-0.0075
8.72546e-007	-0.008125
8.73046e-007	-0.008125
8.73546e-007	-0.006875
8.74046e-007	-0.00625
8.74546e-007	-0.0075
8.75046e-007	-0.006875
8.75546e-007	-0.006875
8.76046e-007	-0.005625
8.76546e-007	-0.00625
8.77046e-007	-0.008125
8.77546e-007	-0.0075
8.78046e-007	-0.0075
8.78546e-007	-0.006875
8.79046e-007	-0.006875
8.79546e-007	-0.0075
8.80046e-007	-0.0075
8.80546e-007	-0.0075
8.81046e-007	-0.008125
8.81546e-007	-0.006875
8.82046e-007	-0.00625
8.82546e-007	-0.008125
8.83046e-007	-0.00875
8.83546e-007	-0.0075
8.84046e-007	-0.008125
8.84546e-007	-0.0075
8.85046e-007	-0.005625
8.85546e-007	-0.0075
8.86046e-007	-0.006875
8.86546e-007	-0.00625
8.87046e-007	-0.0075
8.87546e-007	-0.006875
8.88046e-007	-0.00625
8.88546e-007	-0.006875
8.89046e-007	-0.0075
8.89546e-007	-0.008125
8.90046e-007	-0.0075
8.90546e-007	-0.008125
8.91046e-007	-0.0075
8.91546e-007	-0.008125
8.92046e-007	-0.00625
8.92546e-007	-0.0075
8.93046e-007	-0.008125
8.93546e-007	-0.0075
8.94046e-007	-0.008125
8.94546e-007	-0.006875
8.95046e-007	-0.006875
8.95546e-007	-0.0075
8.96046e-007	-0.006875
8.96546e-007	-0.0075
8.97046e-007	-0.008125
8.97546e-007	-0.006875
8.98046e-007	-0.006875
8.98546e-007	-0.006875
8.99046e-007	-0.006875
8.99546e-007	-0.006875
9.00046e-007	-0.00625
9.00546e-007	-0.0075
9.01046e-007	-0.006875
9.01546e-007	-0.008125
9.02046e-007	-0.008125
9.02546e-007	-0.0075
9.03046e-007	-0.0075
9.03546e-007	-0.008125
9.04046e-007	-0.0075
9.04546e-007	-0.00625
9.05046e-007	-0.006875
9.05546e-007	-0.006875
9.06046e-007	-0.0075
9.06546e-007	-0.006875
9.07046e-007	-0.006875
9.07546e-007	-0.008125
9.08046e-007	-0.00625
9.08546e-007	-0.006875
9.09046e-007	-0.006875
9.09546e-007	-0.00625
9.10046e-007	-0.006875
9.10546e-007	-0.006875
9.11046e-007	-0.00625
9.11546e-007	-0.006875
9.12046e-007	-0.0075
9.12546e-007	-0.008125
9.13046e-007	-0.00625
9.13546e-007	-0.00625
9.14046e-007	-0.006875
9.14546e-007	-0.006875
9.15046e-007	-0.006875
9.15546e-007	-0.0075
9.16046e-007	-0.006875
9.16546e-007	-0.006875
9.17046e-007	-0.0075
9.17546e-007	-0.006875
9.18046e-007	-0.0075
9.18546e-007	-0.0075
9.19046e-007	-0.00625
9.19546e-007	-0.00625
9.20046e-007	-0.00625
9.20546e-007	-0.0075
9.21046e-007	-0.006875
9.21546e-007	-0.006875
9.22046e-007	-0.00625
9.22546e-007	-0.006875
9.23046e-007	-0.005625
9.23546e-007	-0.00625
9.24046e-007	-0.00625
9.24546e-007	-0.005625
9.25046e-007	-0.006875
9.25546e-007	-0.006875
9.26046e-007	-0.006875
9.26546e-007	-0.0075
9.27046e-007	-0.006875
9.27546e-007	-0.006875
9.28046e-007	-0.006875
9.28546e-007	-0.0075
9.29046e-007	-0.008125
9.29546e-007	-0.006875
9.30046e-007	-0.004375
9.30546e-007	-0.006875
9.31046e-007	-0.006875
9.31546e-007	-0.00625
9.32046e-007	-0.004375
9.32546e-007	-0.005
9.33046e-007	-0.006875
9.33546e-007	-0.00625
9.34046e-007	-0.006875
9.34546e-007	-0.006875
9.35046e-007	-0.005625
9.35546e-007	-0.005625
9.36046e-007	-0.006875
9.36546e-007	-0.005625
9.37046e-007	-0.005
9.37546e-007	-0.00625
9.38046e-007	-0.0075
9.38546e-007	-0.008125
9.39046e-007	-0.006875
9.39546e-007	-0.00625
9.40046e-007	-0.004375
9.40546e-007	-0.006875
9.41046e-007	-0.008125
9.41546e-007	-0.006875
9.42046e-007	-0.006875
9.42546e-007	-0.00625
9.43046e-007	-0.00625
9.43546e-007	-0.006875
9.44046e-007	-0.0075
9.44546e-007	-0.006875
9.45046e-007	-0.005625
9.45546e-007	-0.006875
9.46046e-007	-0.005625
9.46546e-007	-0.00625
9.47046e-007	-0.00625
9.47546e-007	-0.00625
9.48046e-007	-0.006875
9.48546e-007	-0.005
9.49046e-007	-0.005
9.49546e-007	-0.006875
9.50046e-007	-0.0075
9.50546e-007	-0.006875
9.51046e-007	-0.005
9.51546e-007	-0.005625
9.52046e-007	-0.00625
9.52546e-007	-0.005
9.53046e-007	-0.005625
9.53546e-007	-0.006875
9.54046e-007	-0.005
9.54546e-007	-0.005625
9.55046e-007	-0.00625
9.55546e-007	-0.00625
9.56046e-007	-0.005
9.56546e-007	-0.005625
9.57046e-007	-0.005
9.57546e-007	-0.005
9.58046e-007	-0.005625
9.58546e-007	-0.005625
9.59046e-007	-0.005625
9.59546e-007	-0.005625
9.60046e-007	-0.005
9.60546e-007	-0.00625
9.61046e-007	-0.005625
9.61546e-007	-0.005625
9.62046e-007	-0.005
9.62546e-007	-0.00625
9.63046e-007	-0.006875
9.63546e-007	-0.005625
9.64046e-007	-0.00625
9.64546e-007	-0.00625
9.65046e-007	-0.005
9.65546e-007	-0.005
9.66046e-007	-0.00625
9.66546e-007	-0.00625
9.67046e-007	-0.004375
9.67546e-007	-0.005625
9.68046e-007	-0.006875
9.68546e-007	-0.00625
9.69046e-007	-0.004375
9.69546e-007	-0.005625
9.70046e-007	-0.004375
9.70546e-007	-0.005
9.71046e-007	-0.00625
9.71546e-007	-0.006875
9.72046e-007	-0.005625
9.72546e-007	-0.005625
9.73046e-007	-0.00625
9.73546e-007	-0.0075
9.74046e-007	-0.005625
9.74546e-007	-0.005
9.75046e-007	-0.00625
9.75546e-007	-0.00625
9.76046e-007	-0.004375
9.76546e-007	-0.00625
9.77046e-007	-0.00625
9.77546e-007	-0.00625
9.78046e-007	-0.00625
9.78546e-007	-0.005625
9.79046e-007	-0.005625
9.79546e-007	-0.00625
9.80046e-007	-0.004375
9.80546e-007	-0.005625
9.81046e-007	-0.005625
9.81546e-007	-0.005
9.82046e-007	-0.005
9.82546e-007	-0.005
9.83046e-007	-0.005
9.83546e-007	-0.005625
9.84046e-007	-0.006875
9.84546e-007	-0.005
9.85046e-007	-0.005
9.85546e-007	-0.005625
9.86046e-007	-0.005625
9.86546e-007	-0.006875
9.87046e-007	-0.00625
9.87546e-007	-0.00625
9.88046e-007	-0.006875
9.88546e-007	-0.00625
9.89046e-007	-0.005
9.89546e-007	-0.005
9.90046e-007	-0.004375
9.90546e-007	-0.005625
9.91046e-007	-0.005
9.91546e-007	-0.005
9.92046e-007	-0.004375
9.92546e-007	-0.004375
9.93046e-007	-0.00625
9.93546e-007	-0.005
9.94046e-007	-0.004375
9.94546e-007	-0.00625
9.95046e-007	-0.005625
9.95546e-007	-0.005625
9.96046e-007	-0.005625
9.96546e-007	-0.00625
9.97046e-007	-0.00625
9.97546e-007	-0.006875
9.98046e-007	-0.005625
9.98546e-007	-0.005
9.99046e-007	-0.004375
9.99546e-007	-0.004375
1.000046e-006	-0.004375
1.000546e-006	-0.00375
1.001046e-006	-0.00375
1.001546e-006	-0.005
1.002046e-006	-0.004375
1.002546e-006	-0.004375
1.003046e-006	-0.004375
1.003546e-006	-0.00625
1.004046e-006	-0.005625
