LECROYWS454	16215	Waveform
Segments	1	SegmentSize	4002
Segment	TrigTime	TimeSinceSegment1
#1	02-May-2024 19:05:44	0                 
Time	Ampl
-2.12159e-007	-0.000875
-2.11659e-007	-0.00025
-2.11159e-007	0.000375
-2.10659e-007	6.25e-005
-2.10159e-007	0.0006875
-2.09659e-007	0.0006875
-2.09159e-007	0.001
-2.08659e-007	0.001625
-2.08159e-007	0.0019375
-2.07659e-007	0.0006875
-2.07159e-007	-0.0005625
-2.06659e-007	6.25e-005
-2.06159e-007	-0.000875
-2.05659e-007	-0.0018125
-2.05159e-007	-0.0018125
-2.04659e-007	-0.0018125
-2.04159e-007	-0.002125
-2.03659e-007	-0.002125
-2.03159e-007	-0.002125
-2.02659e-007	-0.0011875
-2.02159e-007	-0.000875
-2.01659e-007	-0.0005625
-2.01159e-007	-0.00025
-2.00659e-007	-0.00025
-2.00159e-007	0.0006875
-1.99659e-007	0.001
-1.99159e-007	0.0013125
-1.98659e-007	0.0006875
-1.98159e-007	-0.00025
-1.97659e-007	6.25e-005
-1.97159e-007	6.25e-005
-1.96659e-007	-0.0005625
-1.96159e-007	-0.0015
-1.95659e-007	-0.0015
-1.95159e-007	-0.002125
-1.94659e-007	-0.0018125
-1.94159e-007	-0.0018125
-1.93659e-007	-0.0018125
-1.93159e-007	-0.0011875
-1.92659e-007	-0.0005625
-1.92159e-007	-0.0005625
-1.91659e-007	6.25e-005
-1.91159e-007	0.0006875
-1.90659e-007	0.000375
-1.90159e-007	0.000375
-1.89659e-007	0.001
-1.89159e-007	6.25e-005
-1.88659e-007	-0.0005625
-1.88159e-007	-0.00025
-1.87659e-007	6.25e-005
-1.87159e-007	-0.000875
-1.86659e-007	-0.0018125
-1.86159e-007	-0.0015
-1.85659e-007	-0.000875
-1.85159e-007	-0.0015
-1.84659e-007	-0.0011875
-1.84159e-007	-0.0011875
-1.83659e-007	-0.000875
-1.83159e-007	-0.00025
-1.82659e-007	0.000375
-1.82159e-007	6.25e-005
-1.81659e-007	0.0006875
-1.81159e-007	0.001
-1.80659e-007	0.001
-1.80159e-007	0.000375
-1.79659e-007	0.000375
-1.79159e-007	6.25e-005
-1.78659e-007	0.000375
-1.78159e-007	-0.00025
-1.77659e-007	-0.0015
-1.77159e-007	-0.002125
-1.76659e-007	-0.002125
-1.76159e-007	-0.002125
-1.75659e-007	-0.002125
-1.75159e-007	-0.0018125
-1.74659e-007	-0.000875
-1.74159e-007	-0.000875
-1.73659e-007	-0.0005625
-1.73159e-007	-0.00025
-1.72659e-007	6.25e-005
-1.72159e-007	0.000375
-1.71659e-007	6.25e-005
-1.71159e-007	6.25e-005
-1.70659e-007	0.000375
-1.70159e-007	0.0006875
-1.69659e-007	0.000375
-1.69159e-007	6.25e-005
-1.68659e-007	-0.0005625
-1.68159e-007	-0.000875
-1.67659e-007	-0.0011875
-1.67159e-007	-0.0015
-1.66659e-007	-0.0015
-1.66159e-007	-0.0024375
-1.65659e-007	-0.002125
-1.65159e-007	-0.0015
-1.64659e-007	-0.0011875
-1.64159e-007	-0.0011875
-1.63659e-007	-0.0005625
-1.63159e-007	6.25e-005
-1.62659e-007	0.0006875
-1.62159e-007	6.25e-005
-1.61659e-007	0.0006875
-1.61159e-007	0.001625
-1.60659e-007	0.0013125
-1.60159e-007	0.0006875
-1.59659e-007	0.0006875
-1.59159e-007	6.25e-005
-1.58659e-007	6.25e-005
-1.58159e-007	-0.0005625
-1.57659e-007	-0.0011875
-1.57159e-007	-0.0018125
-1.56659e-007	-0.0018125
-1.56159e-007	-0.0018125
-1.55659e-007	-0.0018125
-1.55159e-007	-0.0015
-1.54659e-007	-0.000875
-1.54159e-007	-0.0005625
-1.53659e-007	6.25e-005
-1.53159e-007	6.25e-005
-1.52659e-007	6.25e-005
-1.52159e-007	6.25e-005
-1.51659e-007	0.000375
-1.51159e-007	0.0006875
-1.50659e-007	0.000375
-1.50159e-007	0.000375
-1.49659e-007	0.000375
-1.49159e-007	6.25e-005
-1.48659e-007	-0.000875
-1.48159e-007	-0.0005625
-1.47659e-007	-0.000875
-1.47159e-007	-0.0011875
-1.46659e-007	-0.0015
-1.46159e-007	-0.0018125
-1.45659e-007	-0.0011875
-1.45159e-007	-0.0011875
-1.44659e-007	-0.000875
-1.44159e-007	-0.0005625
-1.43659e-007	-0.000875
-1.43159e-007	-0.0005625
-1.42659e-007	-0.0005625
-1.42159e-007	-0.0005625
-1.41659e-007	6.25e-005
-1.41159e-007	6.25e-005
-1.40659e-007	-0.00025
-1.40159e-007	0.000375
-1.39659e-007	6.25e-005
-1.39159e-007	-0.0005625
-1.38659e-007	-0.000875
-1.38159e-007	-0.0011875
-1.37659e-007	-0.0005625
-1.37159e-007	-0.000875
-1.36659e-007	-0.0005625
-1.36159e-007	-0.00025
-1.35659e-007	-0.0005625
-1.35159e-007	-0.000875
-1.34659e-007	-0.0011875
-1.34159e-007	-0.0015
-1.33659e-007	-0.0018125
-1.33159e-007	-0.000875
-1.32659e-007	-0.00025
-1.32159e-007	-0.0005625
-1.31659e-007	-0.0005625
-1.31159e-007	-0.00025
-1.30659e-007	-0.00025
-1.30159e-007	-0.0005625
-1.29659e-007	-0.000875
-1.29159e-007	-0.000875
-1.28659e-007	-0.0005625
-1.28159e-007	6.25e-005
-1.27659e-007	6.25e-005
-1.27159e-007	6.25e-005
-1.26659e-007	0.000375
-1.26159e-007	-0.0005625
-1.25659e-007	-0.000875
-1.25159e-007	-0.000875
-1.24659e-007	-0.0005625
-1.24159e-007	-0.00025
-1.23659e-007	-0.0005625
-1.23159e-007	-0.0011875
-1.22659e-007	-0.0011875
-1.22159e-007	-0.0018125
-1.21659e-007	-0.0018125
-1.21159e-007	-0.0015
-1.20659e-007	-0.0005625
-1.20159e-007	-0.000875
-1.19659e-007	-0.0005625
-1.19159e-007	-0.000875
-1.18659e-007	-0.00025
-1.18159e-007	6.25e-005
-1.17659e-007	6.25e-005
-1.17159e-007	6.25e-005
-1.16659e-007	0.0013125
-1.16159e-007	0.0006875
-1.15659e-007	6.25e-005
-1.15159e-007	6.25e-005
-1.14659e-007	6.25e-005
-1.14159e-007	-0.00025
-1.13659e-007	-0.000875
-1.13159e-007	-0.0011875
-1.12659e-007	-0.0011875
-1.12159e-007	-0.0015
-1.11659e-007	-0.0018125
-1.11159e-007	-0.002125
-1.10659e-007	-0.0018125
-1.10159e-007	-0.0018125
-1.09659e-007	-0.0015
-1.09159e-007	-0.00025
-1.08659e-007	-0.00025
-1.08159e-007	6.25e-005
-1.07659e-007	0.0006875
-1.07159e-007	0.0013125
-1.06659e-007	0.0006875
-1.06159e-007	0.000375
-1.05659e-007	0.0013125
-1.05159e-007	0.001625
-1.04659e-007	0.001
-1.04159e-007	-0.00025
-1.03659e-007	-0.0011875
-1.03159e-007	-0.0005625
-1.02659e-007	-0.0018125
-1.02159e-007	-0.0024375
-1.01659e-007	-0.002125
-1.01159e-007	-0.002125
-1.00659e-007	-0.0018125
-1.00159e-007	-0.0015
-9.9659e-008	-0.0011875
-9.9159e-008	-0.0011875
-9.8659e-008	-0.000875
-9.8159e-008	-0.0005625
-9.7659e-008	0.001
-9.7159e-008	0.0006875
-9.6659e-008	0.0013125
-9.6159e-008	0.0013125
-9.5659e-008	0.0006875
-9.5159e-008	0.0006875
-9.4659e-008	6.25e-005
-9.4159e-008	6.25e-005
-9.3659e-008	-0.0005625
-9.3159e-008	-0.0011875
-9.2659e-008	-0.0015
-9.2159e-008	-0.002125
-9.1659e-008	-0.0011875
-9.1159e-008	-0.002125
-9.0659e-008	-0.0018125
-9.0159e-008	-0.0015
-8.9659e-008	-0.0011875
-8.9159e-008	-0.0005625
-8.8659e-008	-0.0005625
-8.8159e-008	-0.0005625
-8.7659e-008	0.000375
-8.7159e-008	0.0006875
-8.6659e-008	0.001
-8.6159e-008	0.001
-8.5659e-008	0.000375
-8.5159e-008	0.001
-8.4659e-008	6.25e-005
-8.4159e-008	-0.0005625
-8.3659e-008	-0.0005625
-8.3159e-008	-0.0015
-8.2659e-008	-0.0011875
-8.2159e-008	-0.0015
-8.1659e-008	-0.0011875
-8.1159e-008	-0.0015
-8.0659e-008	-0.002125
-8.0159e-008	-0.0011875
-7.9659e-008	-0.0005625
-7.9159e-008	-0.00025
-7.8659e-008	-0.00025
-7.8159e-008	0.000375
-7.7659e-008	0.0013125
-7.7159e-008	0.001
-7.6659e-008	0.0006875
-7.6159e-008	0.000375
-7.5659e-008	0.000375
-7.5159e-008	-0.0005625
-7.4659e-008	-0.00025
-7.4159e-008	6.25e-005
-7.3659e-008	-0.000875
-7.3159e-008	-0.000875
-7.2659e-008	-0.0005625
-7.2159e-008	-0.000875
-7.1659e-008	-0.000875
-7.1159e-008	-0.002125
-7.0659e-008	-0.000875
-7.0159e-008	-0.00025
-6.9659e-008	-0.0005625
-6.9159e-008	6.25e-005
-6.8659e-008	0.000375
-6.8159e-008	0.000375
-6.7659e-008	0.0006875
-6.7159e-008	-0.00025
-6.6659e-008	6.25e-005
-6.6159e-008	6.25e-005
-6.5659e-008	-0.0005625
-6.5159e-008	-0.0018125
-6.4659e-008	-0.0024375
-6.4159e-008	-0.0024375
-6.3659e-008	-0.0043125
-6.3159e-008	-0.004625
-6.2659e-008	-0.0055625
-6.2159e-008	-0.005875
-6.1659e-008	-0.005875
-6.1159e-008	-0.0061875
-6.0659e-008	-0.005875
-6.0159e-008	-0.0055625
-5.9659e-008	-0.0061875
-5.9159e-008	-0.00525
-5.8659e-008	-0.0055625
-5.8159e-008	-0.0055625
-5.7659e-008	-0.005875
-5.7159e-008	-0.0065
-5.6659e-008	-0.0061875
-5.6159e-008	-0.00775
-5.5659e-008	-0.0080625
-5.5159e-008	-0.0074375
-5.4659e-008	-0.0074375
-5.4159e-008	-0.009
-5.3659e-008	-0.009625
-5.3159e-008	-0.0099375
-5.2659e-008	-0.009
-5.2159e-008	-0.0099375
-5.1659e-008	-0.009625
-5.1159e-008	-0.0099375
-5.0659e-008	-0.0086875
-5.0159e-008	-0.008375
-4.9659e-008	-0.0086875
-4.9159e-008	-0.0080625
-4.8659e-008	-0.0080625
-4.8159e-008	-0.009
-4.7659e-008	-0.0074375
-4.7159e-008	-0.007125
-4.6659e-008	-0.00775
-4.6159e-008	-0.009
-4.5659e-008	-0.009
-4.5159e-008	-0.0099375
-4.4659e-008	-0.0099375
-4.4159e-008	-0.0099375
-4.3659e-008	-0.0099375
-4.3159e-008	-0.009625
-4.2659e-008	-0.01025
-4.2159e-008	-0.0099375
-4.1659e-008	-0.0093125
-4.1159e-008	-0.009625
-4.0659e-008	-0.0086875
-4.0159e-008	-0.00775
-3.9659e-008	-0.008375
-3.9159e-008	-0.0080625
-3.8659e-008	-0.008375
-3.8159e-008	-0.00775
-3.7659e-008	-0.00775
-3.7159e-008	-0.0086875
-3.6659e-008	-0.00775
-3.6159e-008	-0.009
-3.5659e-008	-0.0086875
-3.5159e-008	-0.009
-3.4659e-008	-0.0093125
-3.4159e-008	-0.0093125
-3.3659e-008	-0.009625
-3.3159e-008	-0.0099375
-3.2659e-008	-0.01025
-3.2159e-008	-0.01025
-3.1659e-008	-0.0099375
-3.1159e-008	-0.0105625
-3.0659e-008	-0.01025
-3.0159e-008	-0.009625
-2.9659e-008	-0.009625
-2.9159e-008	-0.009625
-2.8659e-008	-0.009625
-2.8159e-008	-0.009625
-2.7659e-008	-0.009625
-2.7159e-008	-0.0099375
-2.6659e-008	-0.009
-2.6159e-008	-0.0093125
-2.5659e-008	-0.0093125
-2.5159e-008	-0.01025
-2.4659e-008	-0.0099375
-2.4159e-008	-0.0099375
-2.3659e-008	-0.009625
-2.3159e-008	-0.0105625
-2.2659e-008	-0.0111875
-2.2159e-008	-0.010875
-2.1659e-008	-0.010875
-2.1159e-008	-0.0111875
-2.0659e-008	-0.010875
-2.0159e-008	-0.010875
-1.9659e-008	-0.01025
-1.9159e-008	-0.0105625
-1.8659e-008	-0.0111875
-1.8159e-008	-0.0105625
-1.7659e-008	-0.0105625
-1.7159e-008	-0.01025
-1.6659e-008	-0.0099375
-1.6159e-008	-0.009625
-1.5659e-008	-0.009625
-1.5159e-008	-0.0105625
-1.4659e-008	-0.0105625
-1.4159e-008	-0.01025
-1.3659e-008	-0.0105625
-1.3159e-008	-0.0105625
-1.2659e-008	-0.0115
-1.2159e-008	-0.010875
-1.1659e-008	-0.010875
-1.1159e-008	-0.0111875
-1.0659e-008	-0.0118125
-1.0159e-008	-0.012125
-9.659e-009	-0.012125
-9.159e-009	-0.0115
-8.659e-009	-0.0115
-8.159e-009	-0.0115
-7.659e-009	-0.010875
-7.159e-009	-0.01025
-6.659e-009	-0.0105625
-6.159e-009	-0.0099375
-5.659e-009	-0.009
-5.159e-009	-0.0099375
-4.659e-009	-0.009625
-4.159e-009	-0.009
-3.659e-009	-0.0093125
-3.159e-009	-0.01025
-2.659e-009	-0.01025
-2.159e-009	-0.0105625
-1.659e-009	-0.0115
-1.159e-009	-0.0118125
-6.59e-010	-0.0115
-1.59e-010	-0.0118125
3.41e-010	-0.01275
8.41e-010	-0.0124375
1.341e-009	-0.0124375
1.841e-009	-0.0118125
2.341e-009	-0.012125
2.841e-009	-0.0115
3.341e-009	-0.010875
3.841e-009	-0.01025
4.341e-009	-0.009
4.841e-009	-0.009625
5.341e-009	-0.009625
5.841e-009	-0.0093125
6.341e-009	-0.0093125
6.841e-009	-0.0099375
7.341e-009	-0.010875
7.841e-009	-0.010875
8.341e-009	-0.0115
8.841e-009	-0.0118125
9.341e-009	-0.012125
9.841e-009	-0.0124375
1.0341e-008	-0.0130625
1.0841e-008	-0.0124375
1.1341e-008	-0.01275
1.1841e-008	-0.012125
1.2341e-008	-0.0124375
1.2841e-008	-0.012125
1.3341e-008	-0.0118125
1.3841e-008	-0.0111875
1.4341e-008	-0.0105625
1.4841e-008	-0.0093125
1.5341e-008	-0.009
1.5841e-008	-0.009
1.6341e-008	-0.0080625
1.6841e-008	-0.0086875
1.7341e-008	-0.0105625
1.7841e-008	-0.0105625
1.8341e-008	-0.01025
1.8841e-008	-0.010875
1.9341e-008	-0.012125
1.9841e-008	-0.01275
2.0341e-008	-0.01275
2.0841e-008	-0.01275
2.1341e-008	-0.0130625
2.1841e-008	-0.0118125
2.2341e-008	-0.0118125
2.2841e-008	-0.0111875
2.3341e-008	-0.0105625
2.3841e-008	-0.0099375
2.4341e-008	-0.0093125
2.4841e-008	-0.0093125
2.5341e-008	-0.0086875
2.5841e-008	-0.0080625
2.6341e-008	-0.0086875
2.6841e-008	-0.009
2.7341e-008	-0.0093125
2.7841e-008	-0.0099375
2.8341e-008	-0.010875
2.8841e-008	-0.0115
2.9341e-008	-0.0118125
2.9841e-008	-0.012125
3.0341e-008	-0.01275
3.0841e-008	-0.0118125
3.1341e-008	-0.0124375
3.1841e-008	-0.0118125
3.2341e-008	-0.0111875
3.2841e-008	-0.010875
3.3341e-008	-0.009625
3.3841e-008	-0.01025
3.4341e-008	-0.01025
3.4841e-008	-0.009625
3.5341e-008	-0.0093125
3.5841e-008	-0.0086875
3.6341e-008	-0.0093125
3.6841e-008	-0.009
3.7341e-008	-0.0093125
3.7841e-008	-0.009625
3.8341e-008	-0.0099375
3.8841e-008	-0.0111875
3.9341e-008	-0.0118125
3.9841e-008	-0.0118125
4.0341e-008	-0.0118125
4.0841e-008	-0.0118125
4.1341e-008	-0.0124375
4.1841e-008	-0.0118125
4.2341e-008	-0.0111875
4.2841e-008	-0.0111875
4.3341e-008	-0.0105625
4.3841e-008	-0.009625
4.4341e-008	-0.0093125
4.4841e-008	-0.0093125
4.5341e-008	-0.008375
4.5841e-008	-0.00775
4.6341e-008	-0.009
4.6841e-008	-0.01025
4.7341e-008	-0.0099375
4.7841e-008	-0.0093125
4.8341e-008	-0.0093125
4.8841e-008	-0.010875
4.9341e-008	-0.0118125
4.9841e-008	-0.0111875
5.0341e-008	-0.0115
5.0841e-008	-0.0118125
5.1341e-008	-0.012125
5.1841e-008	-0.0111875
5.2341e-008	-0.010875
5.2841e-008	-0.0105625
5.3341e-008	-0.0099375
5.3841e-008	-0.0093125
5.4341e-008	-0.009
5.4841e-008	-0.0086875
5.5341e-008	-0.0086875
5.5841e-008	-0.0086875
5.6341e-008	-0.009
5.6841e-008	-0.009
5.7341e-008	-0.0086875
5.7841e-008	-0.0099375
5.8341e-008	-0.0105625
5.8841e-008	-0.01025
5.9341e-008	-0.0111875
5.9841e-008	-0.0111875
6.0341e-008	-0.0111875
6.0841e-008	-0.0111875
6.1341e-008	-0.0115
6.1841e-008	-0.0105625
6.2341e-008	-0.010875
6.2841e-008	-0.0105625
6.3341e-008	-0.0099375
6.3841e-008	-0.009
6.4341e-008	-0.009
6.4841e-008	-0.0093125
6.5341e-008	-0.009
6.5841e-008	-0.009
6.6341e-008	-0.0086875
6.6841e-008	-0.0086875
6.7341e-008	-0.009
6.7841e-008	-0.0093125
6.8341e-008	-0.009
6.8841e-008	-0.0099375
6.9341e-008	-0.0105625
6.9841e-008	-0.0111875
7.0341e-008	-0.010875
7.0841e-008	-0.01025
7.1341e-008	-0.01025
7.1841e-008	-0.01025
7.2341e-008	-0.0099375
7.2841e-008	-0.0105625
7.3341e-008	-0.0099375
7.3841e-008	-0.009625
7.4341e-008	-0.009625
7.4841e-008	-0.0093125
7.5341e-008	-0.009
7.5841e-008	-0.0093125
7.6341e-008	-0.0086875
7.6841e-008	-0.009
7.7341e-008	-0.008375
7.7841e-008	-0.009
7.8341e-008	-0.009625
7.8841e-008	-0.009
7.9341e-008	-0.008375
7.9841e-008	-0.009625
8.0341e-008	-0.01025
8.0841e-008	-0.009625
8.1341e-008	-0.0099375
8.1841e-008	-0.0099375
8.2341e-008	-0.01025
8.2841e-008	-0.0099375
8.3341e-008	-0.0105625
8.3841e-008	-0.0099375
8.4341e-008	-0.0093125
8.4841e-008	-0.0093125
8.5341e-008	-0.0093125
8.5841e-008	-0.009
8.6341e-008	-0.009
8.6841e-008	-0.0086875
8.7341e-008	-0.008375
8.7841e-008	-0.0086875
8.8341e-008	-0.0093125
8.8841e-008	-0.009625
8.9341e-008	-0.009
8.9841e-008	-0.009625
9.0341e-008	-0.0086875
9.0841e-008	-0.009625
9.1341e-008	-0.009625
9.1841e-008	-0.0093125
9.2341e-008	-0.0093125
9.2841e-008	-0.01025
9.3341e-008	-0.0099375
9.3841e-008	-0.01025
9.4341e-008	-0.0093125
9.4841e-008	-0.009
9.5341e-008	-0.0086875
9.5841e-008	-0.0093125
9.6341e-008	-0.009
9.6841e-008	-0.0086875
9.7341e-008	-0.0086875
9.7841e-008	-0.009
9.8341e-008	-0.008375
9.8841e-008	-0.0080625
9.9341e-008	-0.008375
9.9841e-008	-0.009
1.00341e-007	-0.0086875
1.00841e-007	-0.0086875
1.01341e-007	-0.009
1.01841e-007	-0.0093125
1.02341e-007	-0.009625
1.02841e-007	-0.0093125
1.03341e-007	-0.0099375
1.03841e-007	-0.01025
1.04341e-007	-0.0093125
1.04841e-007	-0.009
1.05341e-007	-0.0086875
1.05841e-007	-0.0086875
1.06341e-007	-0.0086875
1.06841e-007	-0.009
1.07341e-007	-0.008375
1.07841e-007	-0.0080625
1.08341e-007	-0.00775
1.08841e-007	-0.0080625
1.09341e-007	-0.008375
1.09841e-007	-0.0086875
1.10341e-007	-0.008375
1.10841e-007	-0.008375
1.11341e-007	-0.0086875
1.11841e-007	-0.009
1.12341e-007	-0.009625
1.12841e-007	-0.0093125
1.13341e-007	-0.009625
1.13841e-007	-0.01025
1.14341e-007	-0.0093125
1.14841e-007	-0.0099375
1.15341e-007	-0.0086875
1.15841e-007	-0.0080625
1.16341e-007	-0.008375
1.16841e-007	-0.008375
1.17341e-007	-0.008375
1.17841e-007	-0.00775
1.18341e-007	-0.00775
1.18841e-007	-0.0080625
1.19341e-007	-0.0080625
1.19841e-007	-0.008375
1.20341e-007	-0.008375
1.20841e-007	-0.0086875
1.21341e-007	-0.0093125
1.21841e-007	-0.009
1.22341e-007	-0.0093125
1.22841e-007	-0.009
1.23341e-007	-0.0086875
1.23841e-007	-0.0093125
1.24341e-007	-0.0086875
1.24841e-007	-0.008375
1.25341e-007	-0.008375
1.25841e-007	-0.009
1.26341e-007	-0.008375
1.26841e-007	-0.008375
1.27341e-007	-0.008375
1.27841e-007	-0.0080625
1.28341e-007	-0.0080625
1.28841e-007	-0.0086875
1.29341e-007	-0.0080625
1.29841e-007	-0.008375
1.30341e-007	-0.008375
1.30841e-007	-0.0086875
1.31341e-007	-0.009
1.31841e-007	-0.009
1.32341e-007	-0.0080625
1.32841e-007	-0.0080625
1.33341e-007	-0.008375
1.33841e-007	-0.008375
1.34341e-007	-0.00775
1.34841e-007	-0.0074375
1.35341e-007	-0.008375
1.35841e-007	-0.0086875
1.36341e-007	-0.0074375
1.36841e-007	-0.00775
1.37341e-007	-0.0080625
1.37841e-007	-0.0080625
1.38341e-007	-0.0080625
1.38841e-007	-0.008375
1.39341e-007	-0.0080625
1.39841e-007	-0.008375
1.40341e-007	-0.008375
1.40841e-007	-0.0093125
1.41341e-007	-0.009625
1.41841e-007	-0.0086875
1.42341e-007	-0.008375
1.42841e-007	-0.0080625
1.43341e-007	-0.00775
1.43841e-007	-0.00775
1.44341e-007	-0.0074375
1.44841e-007	-0.00775
1.45341e-007	-0.0074375
1.45841e-007	-0.007125
1.46341e-007	-0.0068125
1.46841e-007	-0.00775
1.47341e-007	-0.008375
1.47841e-007	-0.0080625
1.48341e-007	-0.0080625
1.48841e-007	-0.0086875
1.49341e-007	-0.0086875
1.49841e-007	-0.009
1.50341e-007	-0.009
1.50841e-007	-0.009
1.51341e-007	-0.0086875
1.51841e-007	-0.0080625
1.52341e-007	-0.0080625
1.52841e-007	-0.008375
1.53341e-007	-0.0074375
1.53841e-007	-0.0074375
1.54341e-007	-0.007125
1.54841e-007	-0.007125
1.55341e-007	-0.0074375
1.55841e-007	-0.007125
1.56341e-007	-0.007125
1.56841e-007	-0.007125
1.57341e-007	-0.007125
1.57841e-007	-0.00775
1.58341e-007	-0.00775
1.58841e-007	-0.008375
1.59341e-007	-0.0086875
1.59841e-007	-0.0086875
1.60341e-007	-0.009
1.60841e-007	-0.0093125
1.61341e-007	-0.0086875
1.61841e-007	-0.009
1.62341e-007	-0.00775
1.62841e-007	-0.0074375
1.63341e-007	-0.0074375
1.63841e-007	-0.007125
1.64341e-007	-0.0068125
1.64841e-007	-0.0074375
1.65341e-007	-0.0068125
1.65841e-007	-0.005875
1.66341e-007	-0.0068125
1.66841e-007	-0.0068125
1.67341e-007	-0.0068125
1.67841e-007	-0.00775
1.68341e-007	-0.0074375
1.68841e-007	-0.0086875
1.69341e-007	-0.0086875
1.69841e-007	-0.0080625
1.70341e-007	-0.008375
1.70841e-007	-0.0086875
1.71341e-007	-0.0086875
1.71841e-007	-0.009
1.72341e-007	-0.007125
1.72841e-007	-0.0061875
1.73341e-007	-0.0065
1.73841e-007	-0.0068125
1.74341e-007	-0.0065
1.74841e-007	-0.0065
1.75341e-007	-0.005875
1.75841e-007	-0.005875
1.76341e-007	-0.007125
1.76841e-007	-0.00775
1.77341e-007	-0.0068125
1.77841e-007	-0.0074375
1.78341e-007	-0.0074375
1.78841e-007	-0.0080625
1.79341e-007	-0.008375
1.79841e-007	-0.008375
1.80341e-007	-0.008375
1.80841e-007	-0.008375
1.81341e-007	-0.00775
1.81841e-007	-0.0074375
1.82341e-007	-0.0068125
1.82841e-007	-0.007125
1.83341e-007	-0.0068125
1.83841e-007	-0.005875
1.84341e-007	-0.005875
1.84841e-007	-0.005875
1.85341e-007	-0.0068125
1.85841e-007	-0.007125
1.86341e-007	-0.007125
1.86841e-007	-0.0074375
1.87341e-007	-0.0074375
1.87841e-007	-0.0074375
1.88341e-007	-0.0074375
1.88841e-007	-0.008375
1.89341e-007	-0.0080625
1.89841e-007	-0.008375
1.90341e-007	-0.0086875
1.90841e-007	-0.0080625
1.91341e-007	-0.0068125
1.91841e-007	-0.0065
1.92341e-007	-0.0065
1.92841e-007	-0.0061875
1.93341e-007	-0.0055625
1.93841e-007	-0.0061875
1.94341e-007	-0.0061875
1.94841e-007	-0.005875
1.95341e-007	-0.0065
1.95841e-007	-0.007125
1.96341e-007	-0.0065
1.96841e-007	-0.00775
1.97341e-007	-0.007125
1.97841e-007	-0.0080625
1.98341e-007	-0.008375
1.98841e-007	-0.008375
1.99341e-007	-0.0080625
1.99841e-007	-0.0080625
2.00341e-007	-0.007125
2.00841e-007	-0.0068125
2.01341e-007	-0.0068125
2.01841e-007	-0.0065
2.02341e-007	-0.00525
2.02841e-007	-0.004625
2.03341e-007	-0.0055625
2.03841e-007	-0.0061875
2.04341e-007	-0.005875
2.04841e-007	-0.00525
2.05341e-007	-0.005875
2.05841e-007	-0.0068125
2.06341e-007	-0.0074375
2.06841e-007	-0.0074375
2.07341e-007	-0.0074375
2.07841e-007	-0.00775
2.08341e-007	-0.0080625
2.08841e-007	-0.008375
2.09341e-007	-0.0080625
2.09841e-007	-0.0074375
2.10341e-007	-0.0061875
2.10841e-007	-0.0065
2.11341e-007	-0.005875
2.11841e-007	-0.005875
2.12341e-007	-0.00525
2.12841e-007	-0.00525
2.13341e-007	-0.0049375
2.13841e-007	-0.0049375
2.14341e-007	-0.00525
2.14841e-007	-0.0049375
2.15341e-007	-0.0055625
2.15841e-007	-0.0068125
2.16341e-007	-0.0065
2.16841e-007	-0.0074375
2.17341e-007	-0.0074375
2.17841e-007	-0.00775
2.18341e-007	-0.0086875
2.18841e-007	-0.0080625
2.19341e-007	-0.0074375
2.19841e-007	-0.0074375
2.20341e-007	-0.0065
2.20841e-007	-0.0065
2.21341e-007	-0.0061875
2.21841e-007	-0.0061875
2.22341e-007	-0.0049375
2.22841e-007	-0.0049375
2.23341e-007	-0.0049375
2.23841e-007	-0.0049375
2.24341e-007	-0.0055625
2.24841e-007	-0.00525
2.25341e-007	-0.005875
2.25841e-007	-0.0068125
2.26341e-007	-0.0068125
2.26841e-007	-0.007125
2.27341e-007	-0.0074375
2.27841e-007	-0.0080625
2.28341e-007	-0.0080625
2.28841e-007	-0.00775
2.29341e-007	-0.00775
2.29841e-007	-0.007125
2.30341e-007	-0.0068125
2.30841e-007	-0.0068125
2.31341e-007	-0.0061875
2.31841e-007	-0.0061875
2.32341e-007	-0.00525
2.32841e-007	-0.0043125
2.33341e-007	-0.004625
2.33841e-007	-0.0043125
2.34341e-007	-0.0055625
2.34841e-007	-0.0055625
2.35341e-007	-0.00525
2.35841e-007	-0.005875
2.36341e-007	-0.005875
2.36841e-007	-0.0068125
2.37341e-007	-0.007125
2.37841e-007	-0.0074375
2.38341e-007	-0.0080625
2.38841e-007	-0.00775
2.39341e-007	-0.0074375
2.39841e-007	-0.0065
2.40341e-007	-0.005875
2.40841e-007	-0.0065
2.41341e-007	-0.0055625
2.41841e-007	-0.00525
2.42341e-007	-0.00525
2.42841e-007	-0.0049375
2.43341e-007	-0.0049375
2.43841e-007	-0.0049375
2.44341e-007	-0.0049375
2.44841e-007	-0.00525
2.45341e-007	-0.005875
2.45841e-007	-0.0061875
2.46341e-007	-0.005875
2.46841e-007	-0.0065
2.47341e-007	-0.0068125
2.47841e-007	-0.0065
2.48341e-007	-0.0068125
2.48841e-007	-0.0074375
2.49341e-007	-0.0074375
2.49841e-007	-0.0061875
2.50341e-007	-0.005875
2.50841e-007	-0.005875
2.51341e-007	-0.0055625
2.51841e-007	-0.0049375
2.52341e-007	-0.0049375
2.52841e-007	-0.0049375
2.53341e-007	-0.00525
2.53841e-007	-0.00525
2.54341e-007	-0.00525
2.54841e-007	-0.0049375
2.55341e-007	-0.0055625
2.55841e-007	-0.0055625
2.56341e-007	-0.00525
2.56841e-007	-0.0065
2.57341e-007	-0.0068125
2.57841e-007	-0.0061875
2.58341e-007	-0.005875
2.58841e-007	-0.0061875
2.59341e-007	-0.005875
2.59841e-007	-0.0061875
2.60341e-007	-0.0065
2.60841e-007	-0.0061875
2.61341e-007	-0.004625
2.61841e-007	-0.00525
2.62341e-007	-0.00525
2.62841e-007	-0.00525
2.63341e-007	-0.005875
2.63841e-007	-0.0055625
2.64341e-007	-0.0055625
2.64841e-007	-0.0055625
2.65341e-007	-0.0049375
2.65841e-007	-0.005875
2.66341e-007	-0.0068125
2.66841e-007	-0.0065
2.67341e-007	-0.0055625
2.67841e-007	-0.0065
2.68341e-007	-0.0065
2.68841e-007	-0.0055625
2.69341e-007	-0.0055625
2.69841e-007	-0.005875
2.70341e-007	-0.0055625
2.70841e-007	-0.0049375
2.71341e-007	-0.00525
2.71841e-007	-0.0055625
2.72341e-007	-0.00525
2.72841e-007	-0.0049375
2.73341e-007	-0.00525
2.73841e-007	-0.0055625
2.74341e-007	-0.0055625
2.74841e-007	-0.005875
2.75341e-007	-0.0061875
2.75841e-007	-0.0065
2.76341e-007	-0.0065
2.76841e-007	-0.0061875
2.77341e-007	-0.0061875
2.77841e-007	-0.005875
2.78341e-007	-0.0055625
2.78841e-007	-0.0065
2.79341e-007	-0.0055625
2.79841e-007	-0.0043125
2.80341e-007	-0.0049375
2.80841e-007	-0.0049375
2.81341e-007	-0.0043125
2.81841e-007	-0.004
2.82341e-007	-0.004625
2.82841e-007	-0.004625
2.83341e-007	-0.0049375
2.83841e-007	-0.0055625
2.84341e-007	-0.0055625
2.84841e-007	-0.005875
2.85341e-007	-0.0065
2.85841e-007	-0.005875
2.86341e-007	-0.0061875
2.86841e-007	-0.0065
2.87341e-007	-0.005875
2.87841e-007	-0.005875
2.88341e-007	-0.0061875
2.88841e-007	-0.00525
2.89341e-007	-0.0049375
2.89841e-007	-0.004
2.90341e-007	-0.004625
2.90841e-007	-0.004625
2.91341e-007	-0.0036875
2.91841e-007	-0.0030625
2.92341e-007	-0.0036875
2.92841e-007	-0.004625
2.93341e-007	-0.004625
2.93841e-007	-0.00525
2.94341e-007	-0.00525
2.94841e-007	-0.0049375
2.95341e-007	-0.005875
2.95841e-007	-0.0065
2.96341e-007	-0.0061875
2.96841e-007	-0.0068125
2.97341e-007	-0.0065
2.97841e-007	-0.0065
2.98341e-007	-0.005875
2.98841e-007	-0.00525
2.99341e-007	-0.00525
2.99841e-007	-0.0043125
3.00341e-007	-0.0043125
3.00841e-007	-0.004
3.01341e-007	-0.003375
3.01841e-007	-0.0036875
3.02341e-007	-0.0030625
3.02841e-007	-0.004
3.03341e-007	-0.0049375
3.03841e-007	-0.004625
3.04341e-007	-0.0049375
3.04841e-007	-0.004625
3.05341e-007	-0.005875
3.05841e-007	-0.0061875
3.06341e-007	-0.0061875
3.06841e-007	-0.0065
3.07341e-007	-0.005875
3.07841e-007	-0.0065
3.08341e-007	-0.0061875
3.08841e-007	-0.005875
3.09341e-007	-0.005875
3.09841e-007	-0.00525
3.10341e-007	-0.0049375
3.10841e-007	-0.0036875
3.11341e-007	-0.0030625
3.11841e-007	-0.0036875
3.12341e-007	-0.00275
3.12841e-007	-0.0036875
3.13341e-007	-0.003375
3.13841e-007	-0.004
3.14341e-007	-0.0043125
3.14841e-007	-0.004625
3.15341e-007	-0.0055625
3.15841e-007	-0.005875
3.16341e-007	-0.005875
3.16841e-007	-0.0061875
3.17341e-007	-0.0055625
3.17841e-007	-0.0061875
3.18341e-007	-0.0061875
3.18841e-007	-0.005875
3.19341e-007	-0.00525
3.19841e-007	-0.004625
3.20341e-007	-0.0043125
3.20841e-007	-0.0036875
3.21341e-007	-0.0043125
3.21841e-007	-0.0036875
3.22341e-007	-0.0030625
3.22841e-007	-0.00275
3.23341e-007	-0.003375
3.23841e-007	-0.004
3.24341e-007	-0.004
3.24841e-007	-0.003375
3.25341e-007	-0.0049375
3.25841e-007	-0.0055625
3.26341e-007	-0.005875
3.26841e-007	-0.0061875
3.27341e-007	-0.0055625
3.27841e-007	-0.0061875
3.28341e-007	-0.0061875
3.28841e-007	-0.005875
3.29341e-007	-0.005875
3.29841e-007	-0.0049375
3.30341e-007	-0.004625
3.30841e-007	-0.004
3.31341e-007	-0.003375
3.31841e-007	-0.0036875
3.32341e-007	-0.003375
3.32841e-007	-0.0030625
3.33341e-007	-0.0030625
3.33841e-007	-0.003375
3.34341e-007	-0.0043125
3.34841e-007	-0.003375
3.35341e-007	-0.004
3.35841e-007	-0.0049375
3.36341e-007	-0.0049375
3.36841e-007	-0.0055625
3.37341e-007	-0.00525
3.37841e-007	-0.00525
3.38341e-007	-0.0055625
3.38841e-007	-0.005875
3.39341e-007	-0.00525
3.39841e-007	-0.0036875
3.40341e-007	-0.0043125
3.40841e-007	-0.0043125
3.41341e-007	-0.0036875
3.41841e-007	-0.0036875
3.42341e-007	-0.004
3.42841e-007	-0.0043125
3.43341e-007	-0.0036875
3.43841e-007	-0.0030625
3.44341e-007	-0.0043125
3.44841e-007	-0.0043125
3.45341e-007	-0.004625
3.45841e-007	-0.00525
3.46341e-007	-0.0055625
3.46841e-007	-0.0055625
3.47341e-007	-0.0055625
3.47841e-007	-0.0055625
3.48341e-007	-0.0049375
3.48841e-007	-0.004625
3.49341e-007	-0.0049375
3.49841e-007	-0.0036875
3.50341e-007	-0.004625
3.50841e-007	-0.0049375
3.51341e-007	-0.0043125
3.51841e-007	-0.0036875
3.52341e-007	-0.0030625
3.52841e-007	-0.003375
3.53341e-007	-0.0036875
3.53841e-007	-0.003375
3.54341e-007	-0.004
3.54841e-007	-0.004
3.55341e-007	-0.004625
3.55841e-007	-0.0049375
3.56341e-007	-0.00525
3.56841e-007	-0.0055625
3.57341e-007	-0.0049375
3.57841e-007	-0.0055625
3.58341e-007	-0.0049375
3.58841e-007	-0.004625
3.59341e-007	-0.004625
3.59841e-007	-0.004
3.60341e-007	-0.0036875
3.60841e-007	-0.004
3.61341e-007	-0.0036875
3.61841e-007	-0.0036875
3.62341e-007	-0.0030625
3.62841e-007	-0.0030625
3.63341e-007	-0.003375
3.63841e-007	-0.0036875
3.64341e-007	-0.0043125
3.64841e-007	-0.0043125
3.65341e-007	-0.004625
3.65841e-007	-0.004
3.66341e-007	-0.004625
3.66841e-007	-0.0055625
3.67341e-007	-0.00525
3.67841e-007	-0.004
3.68341e-007	-0.0043125
3.68841e-007	-0.0043125
3.69341e-007	-0.0043125
3.69841e-007	-0.003375
3.70341e-007	-0.0036875
3.70841e-007	-0.003375
3.71341e-007	-0.0030625
3.71841e-007	-0.003375
3.72341e-007	-0.003375
3.72841e-007	-0.0036875
3.73341e-007	-0.00275
3.73841e-007	-0.0030625
3.74341e-007	-0.0043125
3.74841e-007	-0.0036875
3.75341e-007	-0.0049375
3.75841e-007	-0.0049375
3.76341e-007	-0.004625
3.76841e-007	-0.0049375
3.77341e-007	-0.004625
3.77841e-007	-0.0049375
3.78341e-007	-0.0049375
3.78841e-007	-0.004
3.79341e-007	-0.0036875
3.79841e-007	-0.0036875
3.80341e-007	-0.003375
3.80841e-007	-0.0030625
3.81341e-007	-0.003375
3.81841e-007	-0.003375
3.82341e-007	-0.00275
3.82841e-007	-0.0036875
3.83341e-007	-0.003375
3.83841e-007	-0.003375
3.84341e-007	-0.0043125
3.84841e-007	-0.0043125
3.85341e-007	-0.0043125
3.85841e-007	-0.0043125
3.86341e-007	-0.004625
3.86841e-007	-0.0049375
3.87341e-007	-0.0049375
3.87841e-007	-0.004625
3.88341e-007	-0.00525
3.88841e-007	-0.0043125
3.89341e-007	-0.003375
3.89841e-007	-0.004
3.90341e-007	-0.0036875
3.90841e-007	-0.0030625
3.91341e-007	-0.003375
3.91841e-007	-0.0030625
3.92341e-007	-0.0030625
3.92841e-007	-0.0030625
3.93341e-007	-0.0030625
3.93841e-007	-0.003375
3.94341e-007	-0.0036875
3.94841e-007	-0.0036875
3.95341e-007	-0.0043125
3.95841e-007	-0.0043125
3.96341e-007	-0.0049375
3.96841e-007	-0.0049375
3.97341e-007	-0.004625
3.97841e-007	-0.0043125
3.98341e-007	-0.004
3.98841e-007	-0.0043125
3.99341e-007	-0.0043125
3.99841e-007	-0.004625
4.00341e-007	-0.0036875
4.00841e-007	-0.0030625
4.01341e-007	-0.003375
4.01841e-007	-0.0030625
4.02341e-007	-0.0030625
4.02841e-007	-0.0036875
4.03341e-007	-0.003375
4.03841e-007	-0.003375
4.04341e-007	-0.003375
4.04841e-007	-0.004625
4.05341e-007	-0.0043125
4.05841e-007	-0.0036875
4.06341e-007	-0.0036875
4.06841e-007	-0.0036875
4.07341e-007	-0.0043125
4.07841e-007	-0.0049375
4.08341e-007	-0.0043125
4.08841e-007	-0.004
4.09341e-007	-0.0036875
4.09841e-007	-0.0036875
4.10341e-007	-0.0036875
4.10841e-007	-0.0030625
4.11341e-007	-0.004
4.11841e-007	-0.0036875
4.12341e-007	-0.0030625
4.12841e-007	-0.00275
4.13341e-007	-0.0030625
4.13841e-007	-0.0036875
4.14341e-007	-0.0036875
4.14841e-007	-0.0043125
4.15341e-007	-0.004
4.15841e-007	-0.0036875
4.16341e-007	-0.0043125
4.16841e-007	-0.004
4.17341e-007	-0.003375
4.17841e-007	-0.0036875
4.18341e-007	-0.0043125
4.18841e-007	-0.004
4.19341e-007	-0.004
4.19841e-007	-0.0043125
4.20341e-007	-0.0036875
4.20841e-007	-0.003375
4.21341e-007	-0.0036875
4.21841e-007	-0.0036875
4.22341e-007	-0.0036875
4.22841e-007	-0.0030625
4.23341e-007	-0.0030625
4.23841e-007	-0.003375
4.24341e-007	-0.003375
4.24841e-007	-0.0030625
4.25341e-007	-0.0030625
4.25841e-007	-0.003375
4.26341e-007	-0.0043125
4.26841e-007	-0.0030625
4.27341e-007	-0.0024375
4.27841e-007	-0.0030625
4.28341e-007	-0.003375
4.28841e-007	-0.0036875
4.29341e-007	-0.003375
4.29841e-007	-0.004
4.30341e-007	-0.004625
4.30841e-007	-0.0036875
4.31341e-007	-0.0043125
4.31841e-007	-0.0043125
4.32341e-007	-0.0036875
4.32841e-007	-0.0036875
4.33341e-007	-0.0030625
4.33841e-007	-0.0030625
4.34341e-007	-0.0030625
4.34841e-007	-0.0036875
4.35341e-007	-0.003375
4.35841e-007	-0.0030625
4.36341e-007	-0.0030625
4.36841e-007	-0.00275
4.37341e-007	-0.00275
4.37841e-007	-0.0024375
4.38341e-007	-0.0024375
4.38841e-007	-0.003375
4.39341e-007	-0.0030625
4.39841e-007	-0.00275
4.40341e-007	-0.0030625
4.40841e-007	-0.004
4.41341e-007	-0.004
4.41841e-007	-0.0036875
4.42341e-007	-0.004625
4.42841e-007	-0.0036875
4.43341e-007	-0.0036875
4.43841e-007	-0.0036875
4.44341e-007	-0.0030625
4.44841e-007	-0.0030625
4.45341e-007	-0.002125
4.45841e-007	-0.002125
4.46341e-007	-0.0030625
4.46841e-007	-0.0018125
4.47341e-007	-0.0018125
4.47841e-007	-0.0024375
4.48341e-007	-0.002125
4.48841e-007	-0.0024375
4.49341e-007	-0.0024375
4.49841e-007	-0.003375
4.50341e-007	-0.0043125
4.50841e-007	-0.004
4.51341e-007	-0.004
4.51841e-007	-0.004625
4.52341e-007	-0.00525
4.52841e-007	-0.0043125
4.53341e-007	-0.0043125
4.53841e-007	-0.0043125
4.54341e-007	-0.0030625
4.54841e-007	-0.003375
4.55341e-007	-0.00275
4.55841e-007	-0.002125
4.56341e-007	-0.0024375
4.56841e-007	-0.002125
4.57341e-007	-0.002125
4.57841e-007	-0.0024375
4.58341e-007	-0.0024375
4.58841e-007	-0.00275
4.59341e-007	-0.00275
4.59841e-007	-0.0030625
4.60341e-007	-0.00275
4.60841e-007	-0.003375
4.61341e-007	-0.004625
4.61841e-007	-0.004
4.62341e-007	-0.004625
4.62841e-007	-0.004625
4.63341e-007	-0.004
4.63841e-007	-0.0036875
4.64341e-007	-0.003375
4.64841e-007	-0.003375
4.65341e-007	-0.00275
4.65841e-007	-0.00275
4.66341e-007	-0.0024375
4.66841e-007	-0.0018125
4.67341e-007	-0.0024375
4.67841e-007	-0.002125
4.68341e-007	-0.0018125
4.68841e-007	-0.0030625
4.69341e-007	-0.0030625
4.69841e-007	-0.003375
4.70341e-007	-0.0036875
4.70841e-007	-0.004
4.71341e-007	-0.004625
4.71841e-007	-0.0043125
4.72341e-007	-0.004625
4.72841e-007	-0.004
4.73341e-007	-0.0036875
4.73841e-007	-0.0049375
4.74341e-007	-0.0036875
4.74841e-007	-0.0036875
4.75341e-007	-0.0030625
4.75841e-007	-0.002125
4.76341e-007	-0.002125
4.76841e-007	-0.0018125
4.77341e-007	-0.002125
4.77841e-007	-0.0015
4.78341e-007	-0.0018125
4.78841e-007	-0.0024375
4.79341e-007	-0.00275
4.79841e-007	-0.0036875
4.80341e-007	-0.0036875
4.80841e-007	-0.0036875
4.81341e-007	-0.004625
4.81841e-007	-0.0043125
4.82341e-007	-0.00525
4.82841e-007	-0.0049375
4.83341e-007	-0.0043125
4.83841e-007	-0.003375
4.84341e-007	-0.0030625
4.84841e-007	-0.003375
4.85341e-007	-0.0024375
4.85841e-007	-0.0015
4.86341e-007	-0.0018125
4.86841e-007	-0.0015
4.87341e-007	-0.0018125
4.87841e-007	-0.0011875
4.88341e-007	-0.0011875
4.88841e-007	-0.002125
4.89341e-007	-0.002125
4.89841e-007	-0.0024375
4.90341e-007	-0.0030625
4.90841e-007	-0.0036875
4.91341e-007	-0.0043125
4.91841e-007	-0.0043125
4.92341e-007	-0.0043125
4.92841e-007	-0.004
4.93341e-007	-0.004
4.93841e-007	-0.0036875
4.94341e-007	-0.0036875
4.94841e-007	-0.0036875
4.95341e-007	-0.00275
4.95841e-007	-0.0018125
4.96341e-007	-0.0024375
4.96841e-007	-0.0018125
4.97341e-007	-0.0018125
4.97841e-007	-0.0015
4.98341e-007	-0.0011875
4.98841e-007	-0.0018125
4.99341e-007	-0.0018125
4.99841e-007	-0.0024375
5.00341e-007	-0.003375
5.00841e-007	-0.003375
5.01341e-007	-0.004
5.01841e-007	-0.0043125
5.02341e-007	-0.0043125
5.02841e-007	-0.0036875
5.03341e-007	-0.0043125
5.03841e-007	-0.004
5.04341e-007	-0.003375
5.04841e-007	-0.0030625
5.05341e-007	-0.002125
5.05841e-007	-0.002125
5.06341e-007	-0.0024375
5.06841e-007	-0.000875
5.07341e-007	-0.000875
5.07841e-007	-0.0011875
5.08341e-007	-0.0005625
5.08841e-007	-0.0011875
5.09341e-007	-0.002125
5.09841e-007	-0.0024375
5.10341e-007	-0.002125
5.10841e-007	-0.003375
5.11341e-007	-0.0043125
5.11841e-007	-0.003375
5.12341e-007	-0.0043125
5.12841e-007	-0.0049375
5.13341e-007	-0.0036875
5.13841e-007	-0.004
5.14341e-007	-0.004
5.14841e-007	-0.0030625
5.15341e-007	-0.0024375
5.15841e-007	-0.0018125
5.16341e-007	-0.0018125
5.16841e-007	-0.000875
5.17341e-007	-0.0011875
5.17841e-007	-0.0015
5.18341e-007	-0.000875
5.18841e-007	-0.0011875
5.19341e-007	-0.0015
5.19841e-007	-0.002125
5.20341e-007	-0.002125
5.20841e-007	-0.0024375
5.21341e-007	-0.0030625
5.21841e-007	-0.0043125
5.22341e-007	-0.004625
5.22841e-007	-0.0043125
5.23341e-007	-0.004625
5.23841e-007	-0.0043125
5.24341e-007	-0.0036875
5.24841e-007	-0.003375
5.25341e-007	-0.0030625
5.25841e-007	-0.002125
5.26341e-007	-0.002125
5.26841e-007	-0.0011875
5.27341e-007	-0.000875
5.27841e-007	-0.0011875
5.28341e-007	-0.0018125
5.28841e-007	-0.0011875
5.29341e-007	-0.0011875
5.29841e-007	-0.0018125
5.30341e-007	-0.002125
5.30841e-007	-0.002125
5.31341e-007	-0.0030625
5.31841e-007	-0.0036875
5.32341e-007	-0.004625
5.32841e-007	-0.004625
5.33341e-007	-0.004625
5.33841e-007	-0.0043125
5.34341e-007	-0.0030625
5.34841e-007	-0.0030625
5.35341e-007	-0.003375
5.35841e-007	-0.0024375
5.36341e-007	-0.0024375
5.36841e-007	-0.0024375
5.37341e-007	-0.0011875
5.37841e-007	-0.000875
5.38341e-007	-0.000875
5.38841e-007	-0.0015
5.39341e-007	-0.0011875
5.39841e-007	-0.0018125
5.40341e-007	-0.002125
5.40841e-007	-0.0024375
5.41341e-007	-0.00275
5.41841e-007	-0.003375
5.42341e-007	-0.0036875
5.42841e-007	-0.003375
5.43341e-007	-0.004
5.43841e-007	-0.003375
5.44341e-007	-0.0030625
5.44841e-007	-0.003375
5.45341e-007	-0.0030625
5.45841e-007	-0.00275
5.46341e-007	-0.002125
5.46841e-007	-0.0011875
5.47341e-007	-0.0011875
5.47841e-007	-0.0011875
5.48341e-007	-0.0018125
5.48841e-007	-0.002125
5.49341e-007	-0.000875
5.49841e-007	-0.0015
5.50341e-007	-0.002125
5.50841e-007	-0.0030625
5.51341e-007	-0.0030625
5.51841e-007	-0.003375
5.52341e-007	-0.003375
5.52841e-007	-0.004
5.53341e-007	-0.003375
5.53841e-007	-0.003375
5.54341e-007	-0.0036875
5.54841e-007	-0.0030625
5.55341e-007	-0.0024375
5.55841e-007	-0.002125
5.56341e-007	-0.002125
5.56841e-007	-0.0015
5.57341e-007	-0.0011875
5.57841e-007	-0.0018125
5.58341e-007	-0.0015
5.58841e-007	-0.0015
5.59341e-007	-0.0018125
5.59841e-007	-0.002125
5.60341e-007	-0.0018125
5.60841e-007	-0.002125
5.61341e-007	-0.00275
5.61841e-007	-0.0036875
5.62341e-007	-0.003375
5.62841e-007	-0.0030625
5.63341e-007	-0.0036875
5.63841e-007	-0.003375
5.64341e-007	-0.0030625
5.64841e-007	-0.0024375
5.65341e-007	-0.0018125
5.65841e-007	-0.002125
5.66341e-007	-0.0015
5.66841e-007	-0.0015
5.67341e-007	-0.0015
5.67841e-007	-0.0011875
5.68341e-007	-0.0015
5.68841e-007	-0.0018125
5.69341e-007	-0.0015
5.69841e-007	-0.0015
5.70341e-007	-0.0015
5.70841e-007	-0.0024375
5.71341e-007	-0.0036875
5.71841e-007	-0.003375
5.72341e-007	-0.0030625
5.72841e-007	-0.003375
5.73341e-007	-0.0036875
5.73841e-007	-0.0030625
5.74341e-007	-0.0030625
5.74841e-007	-0.00275
5.75341e-007	-0.0018125
5.75841e-007	-0.0015
5.76341e-007	-0.0011875
5.76841e-007	-0.0018125
5.77341e-007	-0.0011875
5.77841e-007	-0.000875
5.78341e-007	-0.0011875
5.78841e-007	-0.0015
5.79341e-007	-0.0011875
5.79841e-007	-0.0018125
5.80341e-007	-0.002125
5.80841e-007	-0.0030625
5.81341e-007	-0.0030625
5.81841e-007	-0.003375
5.82341e-007	-0.0030625
5.82841e-007	-0.00275
5.83341e-007	-0.0030625
5.83841e-007	-0.0024375
5.84341e-007	-0.0024375
5.84841e-007	-0.0024375
5.85341e-007	-0.0018125
5.85841e-007	-0.0015
5.86341e-007	-0.000875
5.86841e-007	-0.000875
5.87341e-007	-0.000875
5.87841e-007	-0.0005625
5.88341e-007	-0.0011875
5.88841e-007	-0.0015
5.89341e-007	-0.0018125
5.89841e-007	-0.0024375
5.90341e-007	-0.0030625
5.90841e-007	-0.0024375
5.91341e-007	-0.0030625
5.91841e-007	-0.0036875
5.92341e-007	-0.003375
5.92841e-007	-0.00275
5.93341e-007	-0.0024375
5.93841e-007	-0.0024375
5.94341e-007	-0.0024375
5.94841e-007	-0.0018125
5.95341e-007	-0.0018125
5.95841e-007	-0.0015
5.96341e-007	-0.000875
5.96841e-007	-0.0011875
5.97341e-007	-0.0011875
5.97841e-007	-0.0005625
5.98341e-007	-0.000875
5.98841e-007	-0.0015
5.99341e-007	-0.0024375
5.99841e-007	-0.0024375
6.00341e-007	-0.0018125
6.00841e-007	-0.002125
6.01341e-007	-0.00275
6.01841e-007	-0.00275
6.02341e-007	-0.0024375
6.02841e-007	-0.00275
6.03341e-007	-0.00275
6.03841e-007	-0.00275
6.04341e-007	-0.0024375
6.04841e-007	-0.0024375
6.05341e-007	-0.0018125
6.05841e-007	-0.0015
6.06341e-007	-0.0015
6.06841e-007	-0.0015
6.07341e-007	-0.0015
6.07841e-007	-0.0011875
6.08341e-007	-0.0005625
6.08841e-007	-0.0011875
6.09341e-007	-0.0011875
6.09841e-007	-0.0015
6.10341e-007	-0.0018125
6.10841e-007	-0.002125
6.11341e-007	-0.0030625
6.11841e-007	-0.00275
6.12341e-007	-0.00275
6.12841e-007	-0.0030625
6.13341e-007	-0.002125
6.13841e-007	-0.00275
6.14341e-007	-0.0030625
6.14841e-007	-0.0024375
6.15341e-007	-0.002125
6.15841e-007	-0.0018125
6.16341e-007	-0.0015
6.16841e-007	-0.0015
6.17341e-007	-0.0015
6.17841e-007	-0.0011875
6.18341e-007	-0.0011875
6.18841e-007	-0.0018125
6.19341e-007	-0.0011875
6.19841e-007	-0.0011875
6.20341e-007	-0.0011875
6.20841e-007	-0.000875
6.21341e-007	-0.0015
6.21841e-007	-0.0024375
6.22341e-007	-0.0018125
6.22841e-007	-0.0018125
6.23341e-007	-0.0018125
6.23841e-007	-0.0030625
6.24341e-007	-0.0030625
6.24841e-007	-0.00275
6.25341e-007	-0.00275
6.25841e-007	-0.0024375
6.26341e-007	-0.002125
6.26841e-007	-0.002125
6.27341e-007	-0.0018125
6.27841e-007	-0.0018125
6.28341e-007	-0.0011875
6.28841e-007	-0.0015
6.29341e-007	-0.0011875
6.29841e-007	-0.0005625
6.30341e-007	-0.000875
6.30841e-007	-0.0005625
6.31341e-007	-0.0015
6.31841e-007	-0.0011875
6.32341e-007	-0.0015
6.32841e-007	-0.0024375
6.33341e-007	-0.0018125
6.33841e-007	-0.0024375
6.34341e-007	-0.00275
6.34841e-007	-0.0030625
6.35341e-007	-0.0036875
6.35841e-007	-0.0030625
6.36341e-007	-0.00275
6.36841e-007	-0.0024375
6.37341e-007	-0.0024375
6.37841e-007	-0.0024375
6.38341e-007	-0.0011875
6.38841e-007	-0.0015
6.39341e-007	-0.000875
6.39841e-007	-0.0005625
6.40341e-007	-0.0011875
6.40841e-007	-0.0005625
6.41341e-007	-0.00025
6.41841e-007	-0.0011875
6.42341e-007	-0.0011875
6.42841e-007	-0.0015
6.43341e-007	-0.0015
6.43841e-007	-0.00275
6.44341e-007	-0.0030625
6.44841e-007	-0.0030625
6.45341e-007	-0.0030625
6.45841e-007	-0.0024375
6.46341e-007	-0.0030625
6.46841e-007	-0.00275
6.47341e-007	-0.0024375
6.47841e-007	-0.0024375
6.48341e-007	-0.0011875
6.48841e-007	-0.0011875
6.49341e-007	-0.0011875
6.49841e-007	-0.0005625
6.50341e-007	-0.0005625
6.50841e-007	-0.00025
6.51341e-007	-0.0005625
6.51841e-007	-0.0005625
6.52341e-007	-0.000875
6.52841e-007	-0.0011875
6.53341e-007	-0.0011875
6.53841e-007	-0.002125
6.54341e-007	-0.003375
6.54841e-007	-0.0030625
6.55341e-007	-0.0030625
6.55841e-007	-0.003375
6.56341e-007	-0.003375
6.56841e-007	-0.00275
6.57341e-007	-0.0024375
6.57841e-007	-0.0024375
6.58341e-007	-0.0015
6.58841e-007	-0.0011875
6.59341e-007	-0.0005625
6.59841e-007	-0.00025
6.60341e-007	-0.00025
6.60841e-007	6.25e-005
6.61341e-007	6.25e-005
6.61841e-007	-0.0005625
6.62341e-007	-0.000875
6.62841e-007	-0.0015
6.63341e-007	-0.0018125
6.63841e-007	-0.002125
6.64341e-007	-0.00275
6.64841e-007	-0.0030625
6.65341e-007	-0.003375
6.65841e-007	-0.0030625
6.66341e-007	-0.003375
6.66841e-007	-0.0030625
6.67341e-007	-0.002125
6.67841e-007	-0.0024375
6.68341e-007	-0.000875
6.68841e-007	6.25e-005
6.69341e-007	-0.00025
6.69841e-007	6.25e-005
6.70341e-007	6.25e-005
6.70841e-007	0.000375
6.71341e-007	-0.00025
6.71841e-007	-0.0005625
6.72341e-007	-0.000875
6.72841e-007	-0.002125
6.73341e-007	-0.0018125
6.73841e-007	-0.002125
6.74341e-007	-0.0030625
6.74841e-007	-0.0030625
6.75341e-007	-0.0024375
6.75841e-007	-0.00275
6.76341e-007	-0.0030625
6.76841e-007	-0.00275
6.77341e-007	-0.002125
6.77841e-007	-0.0015
6.78341e-007	-0.000875
6.78841e-007	-0.0005625
6.79341e-007	6.25e-005
6.79841e-007	0.000375
6.80341e-007	0.0013125
6.80841e-007	0.001
6.81341e-007	-0.00025
6.81841e-007	-0.000875
6.82341e-007	-0.0005625
6.82841e-007	-0.0018125
6.83341e-007	-0.0024375
6.83841e-007	-0.0024375
6.84341e-007	-0.003375
6.84841e-007	-0.003375
6.85341e-007	-0.0030625
6.85841e-007	-0.0030625
6.86341e-007	-0.00275
6.86841e-007	-0.0018125
6.87341e-007	-0.0015
6.87841e-007	-0.000875
6.88341e-007	-0.0005625
6.88841e-007	-0.00025
6.89341e-007	0.0006875
6.89841e-007	0.000375
6.90341e-007	6.25e-005
6.90841e-007	0.000375
6.91341e-007	-0.00025
6.91841e-007	-0.000875
6.92341e-007	-0.0015
6.92841e-007	-0.002125
6.93341e-007	-0.0024375
6.93841e-007	-0.003375
6.94341e-007	-0.0036875
6.94841e-007	-0.0036875
6.95341e-007	-0.0030625
6.95841e-007	-0.0018125
6.96341e-007	-0.00275
6.96841e-007	-0.0024375
6.97341e-007	-0.0015
6.97841e-007	-0.0011875
6.98341e-007	-0.0005625
6.98841e-007	-0.00025
6.99341e-007	0.0006875
6.99841e-007	0.000375
7.00341e-007	0.0006875
7.00841e-007	0.000375
7.01341e-007	-0.0005625
7.01841e-007	-0.00025
7.02341e-007	-0.000875
7.02841e-007	-0.002125
7.03341e-007	-0.0024375
7.03841e-007	-0.0030625
7.04341e-007	-0.0030625
7.04841e-007	-0.0030625
7.05341e-007	-0.0030625
7.05841e-007	-0.0030625
7.06341e-007	-0.003375
7.06841e-007	-0.0015
7.07341e-007	-0.0011875
7.07841e-007	-0.000875
7.08341e-007	6.25e-005
7.08841e-007	-0.00025
7.09341e-007	0.0006875
7.09841e-007	0.0006875
7.10341e-007	0.000375
7.10841e-007	0.000375
7.11341e-007	-0.0005625
7.11841e-007	-0.0005625
7.12341e-007	-0.0015
7.12841e-007	-0.0015
7.13341e-007	-0.0011875
7.13841e-007	-0.00275
7.14341e-007	-0.003375
7.14841e-007	-0.003375
7.15341e-007	-0.0024375
7.15841e-007	-0.0030625
7.16341e-007	-0.003375
7.16841e-007	-0.0018125
7.17341e-007	-0.0015
7.17841e-007	-0.0011875
7.18341e-007	-0.0005625
7.18841e-007	-0.0005625
7.19341e-007	0.0006875
7.19841e-007	0.000375
7.20341e-007	-0.00025
7.20841e-007	6.25e-005
7.21341e-007	-0.0005625
7.21841e-007	-0.0005625
7.22341e-007	-0.000875
7.22841e-007	-0.0011875
7.23341e-007	-0.0011875
7.23841e-007	-0.00275
7.24341e-007	-0.00275
7.24841e-007	-0.00275
7.25341e-007	-0.0024375
7.25841e-007	-0.00275
7.26341e-007	-0.00275
7.26841e-007	-0.0018125
7.27341e-007	-0.0015
7.27841e-007	-0.0015
7.28341e-007	-0.0011875
7.28841e-007	-0.0015
7.29341e-007	6.25e-005
7.29841e-007	-0.00025
7.30341e-007	-0.0005625
7.30841e-007	6.25e-005
7.31341e-007	-0.0005625
7.31841e-007	-0.0005625
7.32341e-007	-0.0011875
7.32841e-007	-0.0011875
7.33341e-007	-0.0011875
7.33841e-007	-0.0018125
7.34341e-007	-0.000875
7.34841e-007	-0.002125
7.35341e-007	-0.0030625
7.35841e-007	-0.002125
7.36341e-007	-0.0018125
7.36841e-007	-0.0011875
7.37341e-007	-0.0018125
7.37841e-007	-0.0018125
7.38341e-007	-0.0011875
7.38841e-007	-0.0018125
7.39341e-007	-0.0005625
7.39841e-007	-0.000875
7.40341e-007	-0.0005625
7.40841e-007	6.25e-005
7.41341e-007	-0.00025
7.41841e-007	6.25e-005
7.42341e-007	-0.000875
7.42841e-007	-0.00025
7.43341e-007	-0.00025
7.43841e-007	-0.0015
7.44341e-007	-0.000875
7.44841e-007	-0.0015
7.45341e-007	-0.002125
7.45841e-007	-0.002125
7.46341e-007	-0.0024375
7.46841e-007	-0.0018125
7.47341e-007	-0.002125
7.47841e-007	-0.0018125
7.48341e-007	-0.0005625
7.48841e-007	-0.0015
7.49341e-007	-0.0011875
7.49841e-007	-0.002125
7.50341e-007	-0.0015
7.50841e-007	-0.0005625
7.51341e-007	-0.000875
7.51841e-007	-0.0005625
7.52341e-007	-0.00025
7.52841e-007	-0.0005625
7.53341e-007	-0.00025
7.53841e-007	-0.0005625
7.54341e-007	6.25e-005
7.54841e-007	-0.0011875
7.55341e-007	-0.0018125
7.55841e-007	-0.000875
7.56341e-007	-0.0015
7.56841e-007	-0.0011875
7.57341e-007	-0.002125
7.57841e-007	-0.002125
7.58341e-007	-0.0018125
7.58841e-007	-0.002125
7.59341e-007	-0.0018125
7.59841e-007	-0.0015
7.60341e-007	-0.000875
7.60841e-007	-0.0005625
7.61341e-007	-0.0015
7.61841e-007	-0.0015
7.62341e-007	-0.000875
7.62841e-007	-0.00025
7.63341e-007	6.25e-005
7.63841e-007	-0.0011875
7.64341e-007	-0.0005625
7.64841e-007	-0.0005625
7.65341e-007	-0.0011875
7.65841e-007	-0.0011875
7.66341e-007	-0.0011875
7.66841e-007	-0.0015
7.67341e-007	-0.0011875
7.67841e-007	-0.002125
7.68341e-007	-0.0018125
7.68841e-007	-0.0024375
7.69341e-007	-0.0018125
7.69841e-007	-0.0015
7.70341e-007	-0.000875
7.70841e-007	-0.0005625
7.71341e-007	-0.0005625
7.71841e-007	-0.000875
7.72341e-007	-0.0005625
7.72841e-007	-0.0005625
7.73341e-007	6.25e-005
7.73841e-007	0.000375
7.74341e-007	0.000375
7.74841e-007	-0.0005625
7.75341e-007	-0.0011875
7.75841e-007	-0.0011875
7.76341e-007	-0.002125
7.76841e-007	-0.00275
7.77341e-007	-0.002125
7.77841e-007	-0.0018125
7.78341e-007	-0.002125
7.78841e-007	-0.0011875
7.79341e-007	-0.0011875
7.79841e-007	-0.0015
7.80341e-007	-0.000875
7.80841e-007	6.25e-005
7.81341e-007	-0.0005625
7.81841e-007	-0.00025
7.82341e-007	0.000375
7.82841e-007	6.25e-005
7.83341e-007	-0.0005625
7.83841e-007	-0.0005625
7.84341e-007	-0.000875
7.84841e-007	-0.0011875
7.85341e-007	-0.0015
7.85841e-007	-0.0024375
7.86341e-007	-0.0024375
7.86841e-007	-0.0024375
7.87341e-007	-0.002125
7.87841e-007	-0.0024375
7.88341e-007	-0.0024375
7.88841e-007	-0.0015
7.89341e-007	-0.0005625
7.89841e-007	-0.00025
7.90341e-007	6.25e-005
7.90841e-007	-0.000875
7.91341e-007	6.25e-005
7.91841e-007	6.25e-005
7.92341e-007	6.25e-005
7.92841e-007	0.000375
7.93341e-007	6.25e-005
7.93841e-007	-0.000875
7.94341e-007	-0.0015
7.94841e-007	-0.0011875
7.95341e-007	-0.0011875
7.95841e-007	-0.00275
7.96341e-007	-0.0030625
7.96841e-007	-0.00275
7.97341e-007	-0.002125
7.97841e-007	-0.002125
7.98341e-007	-0.00275
7.98841e-007	-0.0011875
7.99341e-007	-0.00025
7.99841e-007	0.000375
8.00341e-007	0.0006875
8.00841e-007	-0.00025
8.01341e-007	0.000375
8.01841e-007	6.25e-005
8.02341e-007	0.001
8.02841e-007	0.0013125
8.03341e-007	-0.000875
8.03841e-007	-0.0011875
8.04341e-007	-0.0015
8.04841e-007	-0.0011875
8.05341e-007	-0.0015
8.05841e-007	-0.0030625
8.06341e-007	-0.00275
8.06841e-007	-0.0030625
8.07341e-007	-0.00275
8.07841e-007	-0.0018125
8.08341e-007	-0.000875
8.08841e-007	-0.0011875
8.09341e-007	-0.0011875
8.09841e-007	6.25e-005
8.10341e-007	0.0013125
8.10841e-007	0.0006875
8.11341e-007	0.001
8.11841e-007	0.0013125
8.12341e-007	6.25e-005
8.12841e-007	6.25e-005
8.13341e-007	-0.0005625
8.13841e-007	-0.0005625
8.14341e-007	-0.0011875
8.14841e-007	-0.0015
8.15341e-007	-0.0011875
8.15841e-007	-0.00275
8.16341e-007	-0.0024375
8.16841e-007	-0.0030625
8.17341e-007	-0.0024375
8.17841e-007	-0.0011875
8.18341e-007	-0.0015
8.18841e-007	-0.000875
8.19341e-007	-0.00025
8.19841e-007	-0.00025
8.20341e-007	-0.00025
8.20841e-007	-0.00025
8.21341e-007	0.001
8.21841e-007	0.000375
8.22341e-007	6.25e-005
8.22841e-007	0.000375
8.23341e-007	-0.000875
8.23841e-007	-0.0005625
8.24341e-007	-0.0018125
8.24841e-007	-0.0024375
8.25341e-007	-0.0018125
8.25841e-007	-0.0024375
8.26341e-007	-0.0024375
8.26841e-007	-0.00275
8.27341e-007	-0.0011875
8.27841e-007	-0.000875
8.28341e-007	-0.0015
8.28841e-007	6.25e-005
8.29341e-007	-0.000875
8.29841e-007	-0.000875
8.30341e-007	6.25e-005
8.30841e-007	6.25e-005
8.31341e-007	-0.00025
8.31841e-007	-0.0005625
8.32341e-007	6.25e-005
8.32841e-007	-0.0005625
8.33341e-007	-0.0018125
8.33841e-007	-0.000875
8.34341e-007	-0.0011875
8.34841e-007	-0.002125
8.35341e-007	-0.0015
8.35841e-007	-0.002125
8.36341e-007	-0.0015
8.36841e-007	-0.0018125
8.37341e-007	-0.0018125
8.37841e-007	-0.000875
8.38341e-007	-0.000875
8.38841e-007	6.25e-005
8.39341e-007	0.000375
8.39841e-007	6.25e-005
8.40341e-007	-0.00025
8.40841e-007	-0.0005625
8.41341e-007	6.25e-005
8.41841e-007	-0.000875
8.42341e-007	-0.0011875
8.42841e-007	-0.0005625
8.43341e-007	-0.0011875
8.43841e-007	-0.0011875
8.44341e-007	-0.0018125
8.44841e-007	-0.002125
8.45341e-007	-0.000875
8.45841e-007	-0.000875
8.46341e-007	-0.000875
8.46841e-007	-0.0011875
8.47341e-007	-0.0011875
8.47841e-007	6.25e-005
8.48341e-007	-0.0005625
8.48841e-007	-0.000875
8.49341e-007	-0.0005625
8.49841e-007	-0.00025
8.50341e-007	-0.0005625
8.50841e-007	-0.000875
8.51341e-007	-0.0005625
8.51841e-007	-0.0015
8.52341e-007	-0.0018125
8.52841e-007	-0.000875
8.53341e-007	-0.000875
8.53841e-007	-0.0015
8.54341e-007	-0.0015
8.54841e-007	-0.0011875
8.55341e-007	-0.000875
8.55841e-007	-0.00025
8.56341e-007	6.25e-005
8.56841e-007	-0.000875
8.57341e-007	-0.0005625
8.57841e-007	-0.0005625
8.58341e-007	-0.0005625
8.58841e-007	-0.0005625
8.59341e-007	-0.0005625
8.59841e-007	-0.0005625
8.60341e-007	-0.0015
8.60841e-007	-0.0015
8.61341e-007	-0.0011875
8.61841e-007	-0.0024375
8.62341e-007	-0.0018125
8.62841e-007	-0.0018125
8.63341e-007	-0.0015
8.63841e-007	-0.0011875
8.64341e-007	-0.0011875
8.64841e-007	-0.000875
8.65341e-007	-0.00025
8.65841e-007	-0.00025
8.66341e-007	0.000375
8.66841e-007	6.25e-005
8.67341e-007	-0.00025
8.67841e-007	6.25e-005
8.68341e-007	0.0006875
8.68841e-007	6.25e-005
8.69341e-007	-0.0011875
8.69841e-007	-0.0011875
8.70341e-007	-0.0011875
8.70841e-007	-0.0011875
8.71341e-007	-0.002125
8.71841e-007	-0.0024375
8.72341e-007	-0.0018125
8.72841e-007	-0.0015
8.73341e-007	-0.000875
8.73841e-007	-0.0005625
8.74341e-007	-0.0005625
8.74841e-007	6.25e-005
8.75341e-007	0.000375
8.75841e-007	0.0006875
8.76341e-007	0.0006875
8.76841e-007	6.25e-005
8.77341e-007	6.25e-005
8.77841e-007	6.25e-005
8.78341e-007	-0.00025
8.78841e-007	-0.000875
8.79341e-007	-0.0011875
8.79841e-007	-0.0011875
8.80341e-007	-0.0018125
8.80841e-007	-0.002125
8.81341e-007	-0.002125
8.81841e-007	-0.0024375
8.82341e-007	-0.002125
8.82841e-007	-0.0018125
8.83341e-007	-0.000875
8.83841e-007	-0.000875
8.84341e-007	6.25e-005
8.84841e-007	0.0006875
8.85341e-007	0.000375
8.85841e-007	0.001
8.86341e-007	0.0013125
8.86841e-007	0.001625
8.87341e-007	0.000375
8.87841e-007	-0.00025
8.88341e-007	-0.00025
8.88841e-007	-0.0011875
8.89341e-007	-0.0015
8.89841e-007	-0.002125
8.90341e-007	-0.00275
8.90841e-007	-0.0024375
8.91341e-007	-0.0018125
8.91841e-007	-0.0024375
8.92341e-007	-0.002125
8.92841e-007	-0.0018125
8.93341e-007	6.25e-005
8.93841e-007	0.000375
8.94341e-007	6.25e-005
8.94841e-007	0.0013125
8.95341e-007	0.0013125
8.95841e-007	0.001625
8.96341e-007	0.0013125
8.96841e-007	0.0006875
8.97341e-007	0.000375
8.97841e-007	-0.0005625
8.98341e-007	-0.0011875
8.98841e-007	-0.0024375
8.99341e-007	-0.0018125
8.99841e-007	-0.002125
9.00341e-007	-0.0036875
9.00841e-007	-0.0030625
9.01341e-007	-0.0024375
9.01841e-007	-0.002125
9.02341e-007	-0.0018125
9.02841e-007	-0.0011875
9.03341e-007	6.25e-005
9.03841e-007	0.0006875
9.04341e-007	0.0013125
9.04841e-007	0.001625
9.05341e-007	0.0013125
9.05841e-007	0.0013125
9.06341e-007	0.0006875
9.06841e-007	0.001
9.07341e-007	6.25e-005
9.07841e-007	-0.0018125
9.08341e-007	-0.0018125
9.08841e-007	-0.0024375
9.09341e-007	-0.003375
9.09841e-007	-0.0030625
9.10341e-007	-0.0030625
9.10841e-007	-0.0024375
9.11341e-007	-0.002125
9.11841e-007	-0.002125
9.12341e-007	-0.0005625
9.12841e-007	6.25e-005
9.13341e-007	0.000375
9.13841e-007	0.0006875
9.14341e-007	0.0013125
9.14841e-007	0.0019375
9.15341e-007	0.0019375
9.15841e-007	0.001625
9.16341e-007	0.001
9.16841e-007	6.25e-005
9.17341e-007	0.000375
9.17841e-007	-0.000875
9.18341e-007	-0.002125
9.18841e-007	-0.003375
9.19341e-007	-0.0036875
9.19841e-007	-0.00275
9.20341e-007	-0.0030625
9.20841e-007	-0.0030625
9.21341e-007	-0.0018125
9.21841e-007	-0.0011875
9.22341e-007	-0.000875
9.22841e-007	-0.00025
9.23341e-007	0.0006875
9.23841e-007	0.001
9.24341e-007	0.001625
9.24841e-007	0.0019375
9.25341e-007	0.0019375
9.25841e-007	0.001625
9.26341e-007	0.001
9.26841e-007	0.000375
9.27341e-007	-0.00025
9.27841e-007	-0.0015
9.28341e-007	-0.0024375
9.28841e-007	-0.00275
9.29341e-007	-0.003375
9.29841e-007	-0.0036875
9.30341e-007	-0.0036875
9.30841e-007	-0.0024375
9.31341e-007	-0.0015
9.31841e-007	-0.000875
9.32341e-007	6.25e-005
9.32841e-007	0.0006875
9.33341e-007	0.001
9.33841e-007	0.001625
9.34341e-007	0.001625
9.34841e-007	0.001625
9.35341e-007	0.001625
9.35841e-007	0.001625
9.36341e-007	0.0013125
9.36841e-007	-0.00025
9.37341e-007	-0.0015
9.37841e-007	-0.00275
9.38341e-007	-0.00275
9.38841e-007	-0.00275
9.39341e-007	-0.0030625
9.39841e-007	-0.003375
9.40341e-007	-0.00275
9.40841e-007	-0.0018125
9.41341e-007	-0.0011875
9.41841e-007	-0.0015
9.42341e-007	-0.0005625
9.42841e-007	0.0006875
9.43341e-007	0.0006875
9.43841e-007	0.001625
9.44341e-007	0.001625
9.44841e-007	0.001625
9.45341e-007	0.0013125
9.45841e-007	0.0006875
9.46341e-007	0.0006875
9.46841e-007	-0.000875
9.47341e-007	-0.0015
9.47841e-007	-0.0018125
9.48341e-007	-0.00275
9.48841e-007	-0.0030625
9.49341e-007	-0.0030625
9.49841e-007	-0.0024375
9.50341e-007	-0.002125
9.50841e-007	-0.0024375
9.51341e-007	-0.0015
9.51841e-007	-0.000875
9.52341e-007	-0.0005625
9.52841e-007	0.001
9.53341e-007	0.0013125
9.53841e-007	0.001
9.54341e-007	0.0019375
9.54841e-007	0.001625
9.55341e-007	0.001
9.55841e-007	-0.00025
9.56341e-007	-0.0005625
9.56841e-007	-0.0015
9.57341e-007	-0.0018125
9.57841e-007	-0.0015
9.58341e-007	-0.002125
9.58841e-007	-0.0024375
9.59341e-007	-0.00275
9.59841e-007	-0.003375
9.60341e-007	-0.002125
9.60841e-007	-0.0015
9.61341e-007	-0.0005625
9.61841e-007	-0.00025
9.62341e-007	6.25e-005
9.62841e-007	0.0013125
9.63341e-007	0.0013125
9.63841e-007	0.0019375
9.64341e-007	0.0013125
9.64841e-007	0.000375
9.65341e-007	0.000375
9.65841e-007	6.25e-005
9.66341e-007	-0.0005625
9.66841e-007	-0.0015
9.67341e-007	-0.002125
9.67841e-007	-0.0018125
9.68341e-007	-0.00275
9.68841e-007	-0.0030625
9.69341e-007	-0.00275
9.69841e-007	-0.0024375
9.70341e-007	-0.0015
9.70841e-007	-0.0015
9.71341e-007	-0.000875
9.71841e-007	-0.00025
9.72341e-007	6.25e-005
9.72841e-007	0.001625
9.73341e-007	0.001
9.73841e-007	0.001
9.74341e-007	0.0006875
9.74841e-007	0.0006875
9.75341e-007	0.001
9.75841e-007	0.000375
9.76341e-007	-0.000875
9.76841e-007	-0.0011875
9.77341e-007	-0.0018125
9.77841e-007	-0.002125
9.78341e-007	-0.0024375
9.78841e-007	-0.0030625
9.79341e-007	-0.002125
9.79841e-007	-0.0024375
9.80341e-007	-0.002125
9.80841e-007	-0.0018125
9.81341e-007	-0.0005625
9.81841e-007	-0.00025
9.82341e-007	-0.0005625
9.82841e-007	0.001
9.83341e-007	0.001
9.83841e-007	0.001
9.84341e-007	0.0013125
9.84841e-007	0.0006875
9.85341e-007	0.0013125
9.85841e-007	0.000375
9.86341e-007	-0.00025
9.86841e-007	-0.0011875
9.87341e-007	-0.002125
9.87841e-007	-0.002125
9.88341e-007	-0.0018125
9.88841e-007	-0.002125
9.89341e-007	-0.0018125
9.89841e-007	-0.002125
9.90341e-007	-0.0015
9.90841e-007	-0.0018125
9.91341e-007	-0.0015
9.91841e-007	-0.0005625
9.92341e-007	6.25e-005
9.92841e-007	0.0006875
9.93341e-007	0.0006875
9.93841e-007	0.0013125
9.94341e-007	0.0019375
9.94841e-007	0.0013125
9.95341e-007	0.001625
9.95841e-007	6.25e-005
9.96341e-007	-0.0005625
9.96841e-007	-0.0005625
9.97341e-007	-0.0015
9.97841e-007	-0.0015
9.98341e-007	-0.0015
9.98841e-007	-0.0018125
9.99341e-007	-0.0024375
9.99841e-007	-0.00275
1.000341e-006	-0.0018125
1.000841e-006	-0.002125
1.001341e-006	-0.002125
1.001841e-006	-0.000875
1.002341e-006	-0.0005625
1.002841e-006	6.25e-005
1.003341e-006	0.0006875
1.003841e-006	0.001
1.004341e-006	0.0013125
1.004841e-006	0.0013125
1.005341e-006	0.0013125
1.005841e-006	0.0006875
1.006341e-006	6.25e-005
1.006841e-006	0.000375
1.007341e-006	-0.0005625
1.007841e-006	-0.000875
1.008341e-006	-0.0005625
1.008841e-006	-0.000875
1.009341e-006	-0.0018125
1.009841e-006	-0.0030625
1.010341e-006	-0.0024375
1.010841e-006	-0.0015
1.011341e-006	-0.0011875
1.011841e-006	-0.0015
1.012341e-006	-0.0018125
1.012841e-006	-0.0005625
1.013341e-006	0.000375
1.013841e-006	0.001
1.014341e-006	0.0013125
1.014841e-006	0.001625
1.015341e-006	0.0006875
1.015841e-006	0.001625
1.016341e-006	0.0013125
1.016841e-006	0.0006875
1.017341e-006	6.25e-005
1.017841e-006	-0.00025
1.018341e-006	-0.0005625
1.018841e-006	-0.0011875
1.019341e-006	-0.0015
1.019841e-006	-0.002125
1.020341e-006	-0.0024375
1.020841e-006	-0.002125
1.021341e-006	-0.0024375
1.021841e-006	-0.0015
1.022341e-006	-0.0005625
1.022841e-006	-0.000875
1.023341e-006	-0.00025
1.023841e-006	0.0006875
1.024341e-006	0.0013125
1.024841e-006	0.0006875
1.025341e-006	0.001
1.025841e-006	0.0019375
1.026341e-006	0.0013125
1.026841e-006	0.000375
1.027341e-006	0.0006875
1.027841e-006	6.25e-005
1.028341e-006	-0.0011875
1.028841e-006	-0.0011875
1.029341e-006	-0.0011875
1.029841e-006	-0.002125
1.030341e-006	-0.0024375
1.030841e-006	-0.00275
1.031341e-006	-0.0024375
1.031841e-006	-0.0018125
1.032341e-006	-0.0018125
1.032841e-006	-0.0005625
1.033341e-006	6.25e-005
1.033841e-006	6.25e-005
1.034341e-006	6.25e-005
1.034841e-006	0.0013125
1.035341e-006	0.001625
1.035841e-006	0.0013125
1.036341e-006	0.000375
1.036841e-006	0.0006875
1.037341e-006	6.25e-005
1.037841e-006	-0.000875
1.038341e-006	-0.0005625
1.038841e-006	-0.0011875
1.039341e-006	-0.0018125
1.039841e-006	-0.0018125
1.040341e-006	-0.0018125
1.040841e-006	-0.0018125
1.041341e-006	-0.0018125
1.041841e-006	-0.0018125
1.042341e-006	-0.0011875
1.042841e-006	-0.00025
1.043341e-006	0.0006875
1.043841e-006	0.0013125
1.044341e-006	0.0006875
1.044841e-006	0.0006875
1.045341e-006	0.0006875
1.045841e-006	0.000375
1.046341e-006	6.25e-005
1.046841e-006	0.000375
1.047341e-006	6.25e-005
1.047841e-006	-0.000875
1.048341e-006	-0.000875
1.048841e-006	-0.0018125
1.049341e-006	-0.0018125
1.049841e-006	-0.0015
1.050341e-006	-0.0018125
1.050841e-006	-0.0018125
1.051341e-006	-0.0011875
1.051841e-006	-0.000875
1.052341e-006	-0.00025
1.052841e-006	-0.00025
1.053341e-006	0.0006875
1.053841e-006	0.0013125
1.054341e-006	0.000375
1.054841e-006	0.0006875
1.055341e-006	0.0013125
1.055841e-006	0.0006875
1.056341e-006	-0.0005625
1.056841e-006	-0.000875
1.057341e-006	-0.000875
1.057841e-006	-0.0015
1.058341e-006	-0.0018125
1.058841e-006	-0.002125
1.059341e-006	-0.0018125
1.059841e-006	-0.0018125
1.060341e-006	-0.0011875
1.060841e-006	-0.0005625
1.061341e-006	-0.0005625
1.061841e-006	-0.0005625
1.062341e-006	6.25e-005
1.062841e-006	0.001
1.063341e-006	0.0013125
1.063841e-006	0.0006875
1.064341e-006	0.0006875
1.064841e-006	0.0013125
1.065341e-006	0.0006875
1.065841e-006	0.0006875
1.066341e-006	-0.0005625
1.066841e-006	-0.0011875
1.067341e-006	-0.0015
1.067841e-006	-0.0024375
1.068341e-006	-0.0024375
1.068841e-006	-0.002125
1.069341e-006	-0.002125
1.069841e-006	-0.002125
1.070341e-006	-0.0018125
1.070841e-006	-0.0005625
1.071341e-006	6.25e-005
1.071841e-006	-0.00025
1.072341e-006	6.25e-005
1.072841e-006	0.001
1.073341e-006	0.0019375
1.073841e-006	0.001625
1.074341e-006	0.0013125
1.074841e-006	0.001625
1.075341e-006	0.000375
1.075841e-006	-0.000875
1.076341e-006	-0.0015
1.076841e-006	-0.000875
1.077341e-006	-0.0018125
1.077841e-006	-0.0030625
1.078341e-006	-0.002125
1.078841e-006	-0.0024375
1.079341e-006	-0.0024375
1.079841e-006	-0.0015
1.080341e-006	-0.0015
1.080841e-006	-0.0011875
1.081341e-006	6.25e-005
1.081841e-006	0.0006875
1.082341e-006	0.0006875
1.082841e-006	0.001625
1.083341e-006	0.0019375
1.083841e-006	0.001625
1.084341e-006	0.0019375
1.084841e-006	0.0019375
1.085341e-006	0.000375
1.085841e-006	-0.0005625
1.086341e-006	-0.0005625
1.086841e-006	-0.0011875
1.087341e-006	-0.0024375
1.087841e-006	-0.00275
1.088341e-006	-0.002125
1.088841e-006	-0.00275
1.089341e-006	-0.0024375
1.089841e-006	-0.002125
1.090341e-006	-0.0018125
1.090841e-006	-0.000875
1.091341e-006	0.000375
1.091841e-006	0.000375
1.092341e-006	6.25e-005
1.092841e-006	0.0019375
1.093341e-006	0.002875
1.093841e-006	0.00225
1.094341e-006	0.001625
1.094841e-006	0.0013125
1.095341e-006	0.000375
1.095841e-006	6.25e-005
1.096341e-006	-0.0005625
1.096841e-006	-0.0015
1.097341e-006	-0.0018125
1.097841e-006	-0.002125
1.098341e-006	-0.002125
1.098841e-006	-0.00275
1.099341e-006	-0.00275
1.099841e-006	-0.002125
1.100341e-006	-0.0011875
1.100841e-006	-0.00025
1.101341e-006	-0.00025
1.101841e-006	6.25e-005
1.102341e-006	0.0013125
1.102841e-006	0.0019375
1.103341e-006	0.0019375
1.103841e-006	0.0019375
1.104341e-006	0.0013125
1.104841e-006	0.0013125
1.105341e-006	0.000375
1.105841e-006	-0.0005625
1.106341e-006	-0.000875
1.106841e-006	-0.000875
1.107341e-006	-0.0015
1.107841e-006	-0.0024375
1.108341e-006	-0.0024375
1.108841e-006	-0.00275
1.109341e-006	-0.0024375
1.109841e-006	-0.0018125
1.110341e-006	-0.0011875
1.110841e-006	-0.00025
1.111341e-006	-0.0005625
1.111841e-006	6.25e-005
1.112341e-006	0.001625
1.112841e-006	0.0019375
1.113341e-006	0.001625
1.113841e-006	0.0013125
1.114341e-006	0.0006875
1.114841e-006	0.0006875
1.115341e-006	-0.00025
1.115841e-006	-0.00025
1.116341e-006	-0.0005625
1.116841e-006	-0.000875
1.117341e-006	-0.0015
1.117841e-006	-0.0015
1.118341e-006	-0.0011875
1.118841e-006	-0.0015
1.119341e-006	-0.0015
1.119841e-006	-0.000875
1.120341e-006	-0.0011875
1.120841e-006	-0.0005625
1.121341e-006	0.000375
1.121841e-006	0.0006875
1.122341e-006	0.000375
1.122841e-006	0.0006875
1.123341e-006	0.001
1.123841e-006	0.001
1.124341e-006	0.0006875
1.124841e-006	6.25e-005
1.125341e-006	-0.00025
1.125841e-006	6.25e-005
1.126341e-006	-0.0005625
1.126841e-006	-0.0011875
1.127341e-006	-0.0011875
1.127841e-006	-0.0011875
1.128341e-006	-0.000875
1.128841e-006	-0.000875
1.129341e-006	-0.000875
1.129841e-006	-0.000875
1.130341e-006	-0.0005625
1.130841e-006	-0.00025
1.131341e-006	-0.0005625
1.131841e-006	6.25e-005
1.132341e-006	0.0006875
1.132841e-006	-0.00025
1.133341e-006	-0.00025
1.133841e-006	0.000375
1.134341e-006	-0.00025
1.134841e-006	-0.0005625
1.135341e-006	-0.0011875
1.135841e-006	-0.0011875
1.136341e-006	-0.000875
1.136841e-006	-0.000875
1.137341e-006	-0.000875
1.137841e-006	-0.0011875
1.138341e-006	-0.0005625
1.138841e-006	-0.0005625
1.139341e-006	-0.0005625
1.139841e-006	0.000375
1.140341e-006	0.000375
1.140841e-006	0.000375
1.141341e-006	0.0006875
1.141841e-006	0.001
1.142341e-006	0.0006875
1.142841e-006	-0.00025
1.143341e-006	-0.00025
1.143841e-006	-0.00025
1.144341e-006	-0.000875
1.144841e-006	-0.0011875
1.145341e-006	-0.0005625
1.145841e-006	-0.000875
1.146341e-006	-0.000875
1.146841e-006	-0.0011875
1.147341e-006	-0.0005625
1.147841e-006	-0.000875
1.148341e-006	6.25e-005
1.148841e-006	-0.00025
1.149341e-006	-0.000875
1.149841e-006	6.25e-005
1.150341e-006	0.001
1.150841e-006	0.0006875
1.151341e-006	0.001
1.151841e-006	0.0006875
1.152341e-006	0.000375
1.152841e-006	-0.00025
1.153341e-006	6.25e-005
1.153841e-006	-0.0005625
1.154341e-006	-0.000875
1.154841e-006	-0.0011875
1.155341e-006	-0.0011875
1.155841e-006	-0.0011875
1.156341e-006	-0.0011875
1.156841e-006	-0.0005625
1.157341e-006	6.25e-005
1.157841e-006	-0.00025
1.158341e-006	-0.00025
1.158841e-006	-0.0005625
1.159341e-006	-0.00025
1.159841e-006	0.0006875
1.160341e-006	0.000375
1.160841e-006	0.000375
1.161341e-006	6.25e-005
1.161841e-006	0.000375
1.162341e-006	0.000375
1.162841e-006	-0.000875
1.163341e-006	-0.000875
1.163841e-006	-0.0005625
1.164341e-006	-0.000875
1.164841e-006	-0.0011875
1.165341e-006	-0.000875
1.165841e-006	-0.0011875
1.166341e-006	-0.0011875
1.166841e-006	-0.000875
1.167341e-006	-0.0005625
1.167841e-006	-0.0005625
1.168341e-006	0.000375
1.168841e-006	0.000375
1.169341e-006	0.000375
1.169841e-006	0.000375
1.170341e-006	-0.00025
1.170841e-006	6.25e-005
1.171341e-006	6.25e-005
1.171841e-006	-0.00025
1.172341e-006	-0.00025
1.172841e-006	-0.000875
1.173341e-006	-0.00025
1.173841e-006	-0.000875
1.174341e-006	-0.000875
1.174841e-006	-0.0011875
1.175341e-006	-0.0018125
1.175841e-006	-0.0011875
1.176341e-006	-0.000875
1.176841e-006	-0.0005625
1.177341e-006	0.000375
1.177841e-006	0.000375
1.178341e-006	6.25e-005
1.178841e-006	6.25e-005
1.179341e-006	-0.0005625
1.179841e-006	-0.0005625
1.180341e-006	6.25e-005
1.180841e-006	0.000375
1.181341e-006	6.25e-005
1.181841e-006	-0.0005625
1.182341e-006	-0.0005625
1.182841e-006	-0.0005625
1.183341e-006	-0.0005625
1.183841e-006	-0.000875
1.184341e-006	-0.0015
1.184841e-006	-0.0011875
1.185341e-006	-0.0011875
1.185841e-006	-0.000875
1.186341e-006	-0.00025
1.186841e-006	-0.00025
1.187341e-006	0.000375
1.187841e-006	0.000375
1.188341e-006	6.25e-005
1.188841e-006	-0.0005625
1.189341e-006	-0.00025
1.189841e-006	6.25e-005
1.190341e-006	6.25e-005
1.190841e-006	6.25e-005
1.191341e-006	-0.000875
1.191841e-006	-0.0005625
1.192341e-006	-0.0005625
1.192841e-006	-0.000875
1.193341e-006	-0.0011875
1.193841e-006	-0.0011875
1.194341e-006	-0.0005625
1.194841e-006	-0.0011875
1.195341e-006	-0.000875
1.195841e-006	-0.0005625
1.196341e-006	-0.00025
1.196841e-006	6.25e-005
1.197341e-006	-0.0005625
1.197841e-006	-0.000875
1.198341e-006	6.25e-005
1.198841e-006	-0.00025
1.199341e-006	-0.00025
1.199841e-006	-0.00025
1.200341e-006	-0.0005625
1.200841e-006	-0.00025
1.201341e-006	-0.0005625
1.201841e-006	-0.000875
1.202341e-006	-0.000875
1.202841e-006	-0.000875
1.203341e-006	-0.0005625
1.203841e-006	-0.00025
1.204341e-006	-0.0005625
1.204841e-006	-0.0005625
1.205341e-006	-0.00025
1.205841e-006	6.25e-005
1.206341e-006	6.25e-005
1.206841e-006	6.25e-005
1.207341e-006	-0.00025
1.207841e-006	6.25e-005
1.208341e-006	0.001
1.208841e-006	0.000375
1.209341e-006	-0.0005625
1.209841e-006	-0.0005625
1.210341e-006	-0.00025
1.210841e-006	-0.00025
1.211341e-006	-0.0011875
1.211841e-006	-0.0011875
1.212341e-006	-0.000875
1.212841e-006	-0.0011875
1.213341e-006	-0.0005625
1.213841e-006	-0.00025
1.214341e-006	-0.000875
1.214841e-006	-0.000875
1.215341e-006	-0.0005625
1.215841e-006	-0.00025
1.216341e-006	6.25e-005
1.216841e-006	0.000375
1.217341e-006	0.000375
1.217841e-006	0.000375
1.218341e-006	6.25e-005
1.218841e-006	-0.0005625
1.219341e-006	-0.000875
1.219841e-006	6.25e-005
1.220341e-006	-0.0005625
1.220841e-006	-0.000875
1.221341e-006	-0.000875
1.221841e-006	-0.000875
1.222341e-006	-0.000875
1.222841e-006	-0.0005625
1.223341e-006	-0.00025
1.223841e-006	-0.000875
1.224341e-006	-0.000875
1.224841e-006	-0.0005625
1.225341e-006	6.25e-005
1.225841e-006	0.001
1.226341e-006	0.000375
1.226841e-006	6.25e-005
1.227341e-006	6.25e-005
1.227841e-006	-0.00025
1.228341e-006	-0.00025
1.228841e-006	6.25e-005
1.229341e-006	-0.0005625
1.229841e-006	-0.0015
1.230341e-006	-0.00025
1.230841e-006	-0.00025
1.231341e-006	-0.000875
1.231841e-006	-0.0015
1.232341e-006	-0.000875
1.232841e-006	-0.0005625
1.233341e-006	-0.00025
1.233841e-006	-0.0005625
1.234341e-006	-0.00025
1.234841e-006	0.000375
1.235341e-006	6.25e-005
1.235841e-006	-0.00025
1.236341e-006	6.25e-005
1.236841e-006	-0.00025
1.237341e-006	0.000375
1.237841e-006	-0.00025
1.238341e-006	-0.0005625
1.238841e-006	-0.00025
1.239341e-006	-0.0005625
1.239841e-006	-0.0011875
1.240341e-006	-0.0011875
1.240841e-006	-0.0011875
1.241341e-006	-0.000875
1.241841e-006	-0.0015
1.242341e-006	-0.000875
1.242841e-006	-0.00025
1.243341e-006	-0.0005625
1.243841e-006	0.000375
1.244341e-006	6.25e-005
1.244841e-006	0.000375
1.245341e-006	0.0006875
1.245841e-006	6.25e-005
1.246341e-006	6.25e-005
1.246841e-006	6.25e-005
1.247341e-006	-0.00025
1.247841e-006	0.000375
1.248341e-006	-0.00025
1.248841e-006	-0.000875
1.249341e-006	-0.0005625
1.249841e-006	-0.0005625
1.250341e-006	-0.0005625
1.250841e-006	-0.0015
1.251341e-006	-0.0011875
1.251841e-006	-0.000875
1.252341e-006	-0.000875
1.252841e-006	-0.0005625
1.253341e-006	-0.0005625
1.253841e-006	-0.00025
1.254341e-006	-0.00025
1.254841e-006	-0.00025
1.255341e-006	0.000375
1.255841e-006	0.000375
1.256341e-006	0.0006875
1.256841e-006	0.0006875
1.257341e-006	0.000375
1.257841e-006	0.000375
1.258341e-006	-0.0005625
1.258841e-006	-0.00025
1.259341e-006	-0.0005625
1.259841e-006	-0.0011875
1.260341e-006	-0.0005625
1.260841e-006	-0.0005625
1.261341e-006	-0.000875
1.261841e-006	-0.0015
1.262341e-006	-0.000875
1.262841e-006	6.25e-005
1.263341e-006	-0.00025
1.263841e-006	-0.0005625
1.264341e-006	-0.00025
1.264841e-006	0.000375
1.265341e-006	0.001
1.265841e-006	0.000375
1.266341e-006	6.25e-005
1.266841e-006	-0.00025
1.267341e-006	6.25e-005
1.267841e-006	6.25e-005
1.268341e-006	-0.00025
1.268841e-006	6.25e-005
1.269341e-006	-0.00025
1.269841e-006	-0.000875
1.270341e-006	-0.000875
1.270841e-006	-0.0005625
1.271341e-006	6.25e-005
1.271841e-006	-0.0011875
1.272341e-006	-0.0015
1.272841e-006	6.25e-005
1.273341e-006	-0.0005625
1.273841e-006	-0.0005625
1.274341e-006	-0.0005625
1.274841e-006	-0.00025
1.275341e-006	0.000375
1.275841e-006	-0.000875
1.276341e-006	-0.00025
1.276841e-006	0.0006875
1.277341e-006	0.0006875
1.277841e-006	0.000375
1.278341e-006	-0.000875
1.278841e-006	-0.00025
1.279341e-006	6.25e-005
1.279841e-006	-0.00025
1.280341e-006	6.25e-005
1.280841e-006	-0.000875
1.281341e-006	-0.00025
1.281841e-006	6.25e-005
1.282341e-006	-0.0005625
1.282841e-006	-0.0005625
1.283341e-006	-0.0011875
1.283841e-006	-0.0005625
1.284341e-006	-0.00025
1.284841e-006	-0.0005625
1.285341e-006	-0.00025
1.285841e-006	-0.00025
1.286341e-006	-0.00025
1.286841e-006	-0.0005625
1.287341e-006	-0.00025
1.287841e-006	0.0013125
1.288341e-006	6.25e-005
1.288841e-006	-0.00025
1.289341e-006	-0.00025
1.289841e-006	-0.00025
1.290341e-006	0.0006875
1.290841e-006	6.25e-005
1.291341e-006	6.25e-005
1.291841e-006	6.25e-005
1.292341e-006	-0.000875
1.292841e-006	-0.00025
1.293341e-006	-0.0005625
1.293841e-006	-0.0005625
1.294341e-006	-0.0005625
1.294841e-006	-0.000875
1.295341e-006	6.25e-005
1.295841e-006	-0.0005625
1.296341e-006	6.25e-005
1.296841e-006	6.25e-005
1.297341e-006	6.25e-005
1.297841e-006	-0.00025
1.298341e-006	-0.0005625
1.298841e-006	0.0006875
1.299341e-006	6.25e-005
1.299841e-006	-0.00025
1.300341e-006	0.000375
1.300841e-006	-0.0005625
1.301341e-006	0.0006875
1.301841e-006	6.25e-005
1.302341e-006	-0.0005625
1.302841e-006	-0.00025
1.303341e-006	-0.0011875
1.303841e-006	-0.00025
1.304341e-006	6.25e-005
1.304841e-006	-0.0005625
1.305341e-006	6.25e-005
1.305841e-006	-0.00025
1.306341e-006	0.000375
1.306841e-006	6.25e-005
1.307341e-006	-0.0005625
1.307841e-006	0.000375
1.308341e-006	-0.00025
1.308841e-006	0.000375
1.309341e-006	6.25e-005
1.309841e-006	6.25e-005
1.310341e-006	0.0006875
1.310841e-006	6.25e-005
1.311341e-006	-0.0005625
1.311841e-006	6.25e-005
1.312341e-006	6.25e-005
1.312841e-006	0.000375
1.313341e-006	-0.00025
1.313841e-006	-0.0005625
1.314341e-006	-0.0005625
1.314841e-006	-0.0015
1.315341e-006	-0.0011875
1.315841e-006	-0.00025
1.316341e-006	6.25e-005
1.316841e-006	-0.00025
1.317341e-006	-0.0005625
1.317841e-006	-0.000875
1.318341e-006	-0.00025
1.318841e-006	6.25e-005
1.319341e-006	0.0006875
1.319841e-006	6.25e-005
1.320341e-006	0.000375
1.320841e-006	6.25e-005
1.321341e-006	6.25e-005
1.321841e-006	6.25e-005
1.322341e-006	-0.0005625
1.322841e-006	-0.0015
1.323341e-006	-0.000875
1.323841e-006	-0.000875
1.324341e-006	-0.000875
1.324841e-006	-0.0005625
1.325341e-006	6.25e-005
1.325841e-006	6.25e-005
1.326341e-006	6.25e-005
1.326841e-006	-0.0005625
1.327341e-006	-0.0005625
1.327841e-006	6.25e-005
1.328341e-006	6.25e-005
1.328841e-006	-0.00025
1.329341e-006	6.25e-005
1.329841e-006	-0.00025
1.330341e-006	-0.00025
1.330841e-006	6.25e-005
1.331341e-006	6.25e-005
1.331841e-006	-0.00025
1.332341e-006	-0.0005625
1.332841e-006	6.25e-005
1.333341e-006	-0.00025
1.333841e-006	-0.0005625
1.334341e-006	-0.0005625
1.334841e-006	6.25e-005
1.335341e-006	6.25e-005
1.335841e-006	6.25e-005
1.336341e-006	-0.00025
1.336841e-006	-0.0005625
1.337341e-006	0.000375
1.337841e-006	0.001
1.338341e-006	0.001
1.338841e-006	-0.00025
1.339341e-006	-0.000875
1.339841e-006	-0.000875
1.340341e-006	-0.00025
1.340841e-006	-0.00025
1.341341e-006	-0.00025
1.341841e-006	-0.0005625
1.342341e-006	-0.000875
1.342841e-006	-0.0011875
1.343341e-006	6.25e-005
1.343841e-006	6.25e-005
1.344341e-006	0.000375
1.344841e-006	6.25e-005
1.345341e-006	6.25e-005
1.345841e-006	0.001
1.346341e-006	0.000375
1.346841e-006	0.000375
1.347341e-006	0.001
1.347841e-006	0.0006875
1.348341e-006	-0.00025
1.348841e-006	-0.000875
1.349341e-006	-0.0005625
1.349841e-006	-0.0005625
1.350341e-006	-0.000875
1.350841e-006	6.25e-005
1.351341e-006	-0.0005625
1.351841e-006	-0.0011875
1.352341e-006	-0.000875
1.352841e-006	-0.00025
1.353341e-006	-0.000875
1.353841e-006	-0.000875
1.354341e-006	0.000375
1.354841e-006	0.001
1.355341e-006	0.000375
1.355841e-006	0.0006875
1.356341e-006	0.001
1.356841e-006	0.000375
1.357341e-006	0.0013125
1.357841e-006	0.0006875
1.358341e-006	0.0006875
1.358841e-006	0.001
1.359341e-006	0.000375
1.359841e-006	-0.0005625
1.360341e-006	-0.0011875
1.360841e-006	-0.0018125
1.361341e-006	-0.0011875
1.361841e-006	-0.0005625
1.362341e-006	-0.0011875
1.362841e-006	-0.0015
1.363341e-006	-0.00025
1.363841e-006	6.25e-005
1.364341e-006	6.25e-005
1.364841e-006	6.25e-005
1.365341e-006	6.25e-005
1.365841e-006	6.25e-005
1.366341e-006	0.0013125
1.366841e-006	0.0013125
1.367341e-006	0.0013125
1.367841e-006	0.0006875
1.368341e-006	0.000375
1.368841e-006	6.25e-005
1.369341e-006	-0.00025
1.369841e-006	-0.000875
1.370341e-006	-0.0011875
1.370841e-006	-0.0011875
1.371341e-006	-0.0011875
1.371841e-006	-0.0011875
1.372341e-006	-0.000875
1.372841e-006	-0.0011875
1.373341e-006	-0.000875
1.373841e-006	6.25e-005
1.374341e-006	0.0006875
1.374841e-006	0.0006875
1.375341e-006	6.25e-005
1.375841e-006	0.0013125
1.376341e-006	0.0006875
1.376841e-006	0.0006875
1.377341e-006	0.0013125
1.377841e-006	0.001
1.378341e-006	0.0006875
1.378841e-006	6.25e-005
1.379341e-006	6.25e-005
1.379841e-006	0.000375
1.380341e-006	-0.000875
1.380841e-006	-0.0018125
1.381341e-006	-0.0015
1.381841e-006	-0.0015
1.382341e-006	-0.000875
1.382841e-006	-0.0015
1.383341e-006	-0.000875
1.383841e-006	-0.00025
1.384341e-006	6.25e-005
1.384841e-006	0.000375
1.385341e-006	0.000375
1.385841e-006	0.000375
1.386341e-006	0.0006875
1.386841e-006	0.000375
1.387341e-006	0.001
1.387841e-006	0.000375
1.388341e-006	0.0006875
1.388841e-006	0.001
1.389341e-006	6.25e-005
1.389841e-006	-0.00025
1.390341e-006	-0.0005625
1.390841e-006	-0.0005625
1.391341e-006	-0.0005625
1.391841e-006	-0.0015
1.392341e-006	-0.0011875
1.392841e-006	-0.00025
1.393341e-006	6.25e-005
1.393841e-006	-0.00025
1.394341e-006	-0.00025
1.394841e-006	6.25e-005
1.395341e-006	6.25e-005
1.395841e-006	0.000375
1.396341e-006	6.25e-005
1.396841e-006	6.25e-005
1.397341e-006	0.0006875
1.397841e-006	0.000375
1.398341e-006	6.25e-005
1.398841e-006	6.25e-005
1.399341e-006	6.25e-005
1.399841e-006	0.000375
1.400341e-006	-0.0005625
1.400841e-006	-0.000875
1.401341e-006	-0.00025
1.401841e-006	6.25e-005
1.402341e-006	-0.0005625
1.402841e-006	-0.000875
1.403341e-006	-0.00025
1.403841e-006	6.25e-005
1.404341e-006	0.000375
1.404841e-006	0.000375
1.405341e-006	6.25e-005
1.405841e-006	-0.00025
1.406341e-006	6.25e-005
1.406841e-006	6.25e-005
1.407341e-006	0.0013125
1.407841e-006	0.0006875
1.408341e-006	6.25e-005
1.408841e-006	-0.00025
1.409341e-006	6.25e-005
1.409841e-006	-0.0005625
1.410341e-006	-0.000875
1.410841e-006	-0.0005625
1.411341e-006	0.0006875
1.411841e-006	6.25e-005
1.412341e-006	-0.0005625
1.412841e-006	-0.00025
1.413341e-006	6.25e-005
1.413841e-006	-0.00025
1.414341e-006	6.25e-005
1.414841e-006	0.0006875
1.415341e-006	0.000375
1.415841e-006	6.25e-005
1.416341e-006	-0.0005625
1.416841e-006	-0.0005625
1.417341e-006	-0.0005625
1.417841e-006	-0.0005625
1.418341e-006	6.25e-005
1.418841e-006	6.25e-005
1.419341e-006	6.25e-005
1.419841e-006	6.25e-005
1.420341e-006	-0.00025
1.420841e-006	-0.00025
1.421341e-006	-0.0005625
1.421841e-006	-0.0005625
1.422341e-006	-0.0005625
1.422841e-006	-0.0005625
1.423341e-006	0.000375
1.423841e-006	6.25e-005
1.424341e-006	0.000375
1.424841e-006	6.25e-005
1.425341e-006	-0.0005625
1.425841e-006	-0.00025
1.426341e-006	6.25e-005
1.426841e-006	6.25e-005
1.427341e-006	0.000375
1.427841e-006	0.000375
1.428341e-006	-0.0005625
1.428841e-006	-0.000875
1.429341e-006	6.25e-005
1.429841e-006	0.000375
1.430341e-006	6.25e-005
1.430841e-006	-0.00025
1.431341e-006	6.25e-005
1.431841e-006	-0.00025
1.432341e-006	-0.00025
1.432841e-006	6.25e-005
1.433341e-006	6.25e-005
1.433841e-006	-0.00025
1.434341e-006	6.25e-005
1.434841e-006	-0.00025
1.435341e-006	-0.00025
1.435841e-006	-0.00025
1.436341e-006	6.25e-005
1.436841e-006	0.000375
1.437341e-006	6.25e-005
1.437841e-006	6.25e-005
1.438341e-006	0.0006875
1.438841e-006	0.001
1.439341e-006	6.25e-005
1.439841e-006	-0.0005625
1.440341e-006	-0.00025
1.440841e-006	0.0006875
1.441341e-006	0.000375
1.441841e-006	6.25e-005
1.442341e-006	-0.000875
1.442841e-006	-0.000875
1.443341e-006	-0.0005625
1.443841e-006	-0.0005625
1.444341e-006	-0.000875
1.444841e-006	-0.0011875
1.445341e-006	-0.0005625
1.445841e-006	-0.000875
1.446341e-006	-0.00025
1.446841e-006	0.000375
1.447341e-006	6.25e-005
1.447841e-006	0.000375
1.448341e-006	0.0006875
1.448841e-006	0.001
1.449341e-006	0.0006875
1.449841e-006	0.0006875
1.450341e-006	0.000375
1.450841e-006	6.25e-005
1.451341e-006	0.000375
1.451841e-006	6.25e-005
1.452341e-006	-0.000875
1.452841e-006	-0.000875
1.453341e-006	-0.0011875
1.453841e-006	-0.000875
1.454341e-006	-0.00025
1.454841e-006	-0.000875
1.455341e-006	-0.0015
1.455841e-006	-0.0015
1.456341e-006	-0.0005625
1.456841e-006	6.25e-005
1.457341e-006	0.0006875
1.457841e-006	0.0013125
1.458341e-006	0.001
1.458841e-006	0.0013125
1.459341e-006	0.0013125
1.459841e-006	0.0013125
1.460341e-006	0.0013125
1.460841e-006	0.000375
1.461341e-006	0.000375
1.461841e-006	6.25e-005
1.462341e-006	-0.0005625
1.462841e-006	-0.0005625
1.463341e-006	-0.000875
1.463841e-006	-0.0011875
1.464341e-006	-0.0011875
1.464841e-006	-0.0015
1.465341e-006	-0.000875
1.465841e-006	-0.0011875
1.466341e-006	6.25e-005
1.466841e-006	0.0006875
1.467341e-006	6.25e-005
1.467841e-006	0.001
1.468341e-006	0.0019375
1.468841e-006	0.0019375
1.469341e-006	0.0019375
1.469841e-006	0.001625
1.470341e-006	0.0013125
1.470841e-006	0.001625
1.471341e-006	0.001625
1.471841e-006	6.25e-005
1.472341e-006	-0.0005625
1.472841e-006	-0.0011875
1.473341e-006	-0.002125
1.473841e-006	-0.002125
1.474341e-006	-0.0018125
1.474841e-006	-0.002125
1.475341e-006	-0.0018125
1.475841e-006	-0.0015
1.476341e-006	-0.0005625
1.476841e-006	-0.0005625
1.477341e-006	0.000375
1.477841e-006	0.001
1.478341e-006	0.0013125
1.478841e-006	0.0019375
1.479341e-006	0.0019375
1.479841e-006	0.001625
1.480341e-006	0.00225
1.480841e-006	0.001625
1.481341e-006	0.0013125
1.481841e-006	0.001
1.482341e-006	-0.0005625
1.482841e-006	-0.0011875
1.483341e-006	-0.0018125
1.483841e-006	-0.002125
1.484341e-006	-0.0030625
1.484841e-006	-0.002125
1.485341e-006	-0.000875
1.485841e-006	-0.0015
1.486341e-006	-0.000875
1.486841e-006	-0.00025
1.487341e-006	0.0006875
1.487841e-006	0.001625
1.488341e-006	0.001625
1.488841e-006	0.00225
1.489341e-006	0.001625
1.489841e-006	0.0019375
1.490341e-006	0.00225
1.490841e-006	0.001625
1.491341e-006	0.0013125
1.491841e-006	6.25e-005
1.492341e-006	-0.0005625
1.492841e-006	-0.0015
1.493341e-006	-0.0018125
1.493841e-006	-0.0018125
1.494341e-006	-0.0018125
1.494841e-006	-0.0015
1.495341e-006	-0.0018125
1.495841e-006	-0.002125
1.496341e-006	-0.00025
1.496841e-006	-0.000875
1.497341e-006	0.000375
1.497841e-006	0.0019375
1.498341e-006	0.0019375
1.498841e-006	0.00225
1.499341e-006	0.001
1.499841e-006	0.001625
1.500341e-006	0.001625
1.500841e-006	0.0006875
1.501341e-006	0.0013125
1.501841e-006	0.000375
1.502341e-006	-0.0005625
1.502841e-006	-0.000875
1.503341e-006	-0.002125
1.503841e-006	-0.002125
1.504341e-006	-0.002125
1.504841e-006	-0.0015
1.505341e-006	-0.0015
1.505841e-006	-0.0015
1.506341e-006	-0.0011875
1.506841e-006	-0.000875
1.507341e-006	0.0006875
1.507841e-006	0.0013125
1.508341e-006	0.0013125
1.508841e-006	0.0019375
1.509341e-006	0.001
1.509841e-006	0.001625
1.510341e-006	0.001625
1.510841e-006	0.000375
1.511341e-006	0.000375
1.511841e-006	6.25e-005
1.512341e-006	-0.00025
1.512841e-006	-0.0011875
1.513341e-006	-0.002125
1.513841e-006	-0.002125
1.514341e-006	-0.0018125
1.514841e-006	-0.0015
1.515341e-006	-0.000875
1.515841e-006	-0.0011875
1.516341e-006	-0.0005625
1.516841e-006	-0.00025
1.517341e-006	0.000375
1.517841e-006	0.001625
1.518341e-006	0.001
1.518841e-006	0.001
1.519341e-006	0.001
1.519841e-006	0.001625
1.520341e-006	0.0019375
1.520841e-006	0.0006875
1.521341e-006	0.0006875
1.521841e-006	-0.00025
1.522341e-006	-0.000875
1.522841e-006	-0.0011875
1.523341e-006	-0.002125
1.523841e-006	-0.0015
1.524341e-006	-0.002125
1.524841e-006	-0.002125
1.525341e-006	-0.000875
1.525841e-006	-0.0005625
1.526341e-006	-0.0005625
1.526841e-006	6.25e-005
1.527341e-006	0.0006875
1.527841e-006	0.0013125
1.528341e-006	0.0013125
1.528841e-006	0.001625
1.529341e-006	0.001625
1.529841e-006	0.00225
1.530341e-006	0.0019375
1.530841e-006	0.0006875
1.531341e-006	6.25e-005
1.531841e-006	-0.000875
1.532341e-006	-0.0011875
1.532841e-006	-0.0011875
1.533341e-006	-0.0018125
1.533841e-006	-0.0015
1.534341e-006	-0.002125
1.534841e-006	-0.0024375
1.535341e-006	-0.000875
1.535841e-006	-0.000875
1.536341e-006	0.000375
1.536841e-006	0.0006875
1.537341e-006	0.001
1.537841e-006	0.001625
1.538341e-006	0.0019375
1.538841e-006	0.0025625
1.539341e-006	0.001625
1.539841e-006	0.0013125
1.540341e-006	0.0013125
1.540841e-006	0.001
1.541341e-006	6.25e-005
1.541841e-006	-0.000875
1.542341e-006	-0.0011875
1.542841e-006	-0.0011875
1.543341e-006	-0.0011875
1.543841e-006	-0.0018125
1.544341e-006	-0.0018125
1.544841e-006	-0.002125
1.545341e-006	-0.0011875
1.545841e-006	-0.0005625
1.546341e-006	6.25e-005
1.546841e-006	0.0006875
1.547341e-006	0.001
1.547841e-006	0.001625
1.548341e-006	0.001625
1.548841e-006	0.0025625
1.549341e-006	0.0025625
1.549841e-006	0.0019375
1.550341e-006	0.001
1.550841e-006	0.001
1.551341e-006	0.000375
1.551841e-006	-0.0005625
1.552341e-006	-0.0015
1.552841e-006	-0.0015
1.553341e-006	-0.0011875
1.553841e-006	-0.002125
1.554341e-006	-0.002125
1.554841e-006	-0.002125
1.555341e-006	-0.0015
1.555841e-006	-0.0011875
1.556341e-006	-0.0005625
1.556841e-006	6.25e-005
1.557341e-006	0.000375
1.557841e-006	0.0013125
1.558341e-006	0.0019375
1.558841e-006	0.0019375
1.559341e-006	0.0019375
1.559841e-006	0.0019375
1.560341e-006	0.0019375
1.560841e-006	0.0013125
1.561341e-006	6.25e-005
1.561841e-006	-0.00025
1.562341e-006	-0.0005625
1.562841e-006	-0.0015
1.563341e-006	-0.0015
1.563841e-006	-0.0024375
1.564341e-006	-0.002125
1.564841e-006	-0.0024375
1.565341e-006	-0.0018125
1.565841e-006	-0.0005625
1.566341e-006	-0.0005625
1.566841e-006	6.25e-005
1.567341e-006	0.000375
1.567841e-006	6.25e-005
1.568341e-006	0.0013125
1.568841e-006	0.0025625
1.569341e-006	0.00225
1.569841e-006	0.001625
1.570341e-006	0.0013125
1.570841e-006	0.0013125
1.571341e-006	0.000375
1.571841e-006	0.0006875
1.572341e-006	6.25e-005
1.572841e-006	-0.0011875
1.573341e-006	-0.0018125
1.573841e-006	-0.002125
1.574341e-006	-0.0015
1.574841e-006	-0.0011875
1.575341e-006	-0.0018125
1.575841e-006	-0.002125
1.576341e-006	-0.0011875
1.576841e-006	-0.00025
1.577341e-006	6.25e-005
1.577841e-006	6.25e-005
1.578341e-006	0.0006875
1.578841e-006	0.0013125
1.579341e-006	0.0019375
1.579841e-006	0.001625
1.580341e-006	0.0013125
1.580841e-006	0.0006875
1.581341e-006	0.0013125
1.581841e-006	0.0006875
1.582341e-006	-0.0005625
1.582841e-006	-0.0005625
1.583341e-006	-0.000875
1.583841e-006	-0.0015
1.584341e-006	-0.000875
1.584841e-006	-0.002125
1.585341e-006	-0.0018125
1.585841e-006	-0.000875
1.586341e-006	-0.0015
1.586841e-006	-0.000875
1.587341e-006	6.25e-005
1.587841e-006	0.0006875
1.588341e-006	0.001
1.588841e-006	0.0006875
1.589341e-006	0.0013125
1.589841e-006	0.001625
1.590341e-006	0.001625
1.590841e-006	0.0013125
1.591341e-006	0.001
1.591841e-006	0.001
1.592341e-006	0.0006875
1.592841e-006	0.000375
1.593341e-006	-0.0005625
1.593841e-006	-0.0005625
1.594341e-006	-0.000875
1.594841e-006	-0.0015
1.595341e-006	-0.0015
1.595841e-006	-0.0015
1.596341e-006	-0.0011875
1.596841e-006	-0.0011875
1.597341e-006	-0.000875
1.597841e-006	6.25e-005
1.598341e-006	0.0006875
1.598841e-006	0.001
1.599341e-006	0.001
1.599841e-006	0.0013125
1.600341e-006	0.0013125
1.600841e-006	0.0006875
1.601341e-006	0.0013125
1.601841e-006	0.0013125
1.602341e-006	0.000375
1.602841e-006	-0.00025
1.603341e-006	-0.0005625
1.603841e-006	-0.000875
1.604341e-006	-0.0005625
1.604841e-006	-0.0005625
1.605341e-006	-0.0011875
1.605841e-006	-0.0011875
1.606341e-006	-0.00025
1.606841e-006	-0.00025
1.607341e-006	-0.00025
1.607841e-006	6.25e-005
1.608341e-006	0.000375
1.608841e-006	0.0006875
1.609341e-006	0.0006875
1.609841e-006	0.0013125
1.610341e-006	0.001625
1.610841e-006	0.001
1.611341e-006	0.0006875
1.611841e-006	0.0006875
1.612341e-006	0.000375
1.612841e-006	-0.00025
1.613341e-006	-0.0005625
1.613841e-006	-0.00025
1.614341e-006	-0.0005625
1.614841e-006	-0.0005625
1.615341e-006	-0.0005625
1.615841e-006	-0.0005625
1.616341e-006	-0.0005625
1.616841e-006	-0.00025
1.617341e-006	0.000375
1.617841e-006	0.000375
1.618341e-006	6.25e-005
1.618841e-006	0.0006875
1.619341e-006	0.001
1.619841e-006	0.0013125
1.620341e-006	0.000375
1.620841e-006	0.000375
1.621341e-006	0.001
1.621841e-006	6.25e-005
1.622341e-006	6.25e-005
1.622841e-006	6.25e-005
1.623341e-006	-0.0005625
1.623841e-006	-0.0005625
1.624341e-006	-0.00025
1.624841e-006	-0.0005625
1.625341e-006	-0.00025
1.625841e-006	-0.0005625
1.626341e-006	-0.0005625
1.626841e-006	-0.000875
1.627341e-006	-0.00025
1.627841e-006	6.25e-005
1.628341e-006	0.0013125
1.628841e-006	0.0006875
1.629341e-006	0.0006875
1.629841e-006	0.001
1.630341e-006	0.000375
1.630841e-006	0.000375
1.631341e-006	0.000375
1.631841e-006	0.0006875
1.632341e-006	6.25e-005
1.632841e-006	-0.0011875
1.633341e-006	-0.0005625
1.633841e-006	-0.0005625
1.634341e-006	-0.0005625
1.634841e-006	-0.00025
1.635341e-006	-0.000875
1.635841e-006	-0.000875
1.636341e-006	-0.0005625
1.636841e-006	0.000375
1.637341e-006	0.0006875
1.637841e-006	0.000375
1.638341e-006	6.25e-005
1.638841e-006	0.0006875
1.639341e-006	0.000375
1.639841e-006	0.000375
1.640341e-006	0.0006875
1.640841e-006	0.000375
1.641341e-006	6.25e-005
1.641841e-006	6.25e-005
1.642341e-006	6.25e-005
1.642841e-006	-0.0005625
1.643341e-006	-0.0005625
1.643841e-006	0.000375
1.644341e-006	6.25e-005
1.644841e-006	-0.00025
1.645341e-006	-0.00025
1.645841e-006	-0.0011875
1.646341e-006	-0.0005625
1.646841e-006	0.000375
1.647341e-006	0.000375
1.647841e-006	-0.0011875
1.648341e-006	-0.00025
1.648841e-006	0.0006875
1.649341e-006	0.001
1.649841e-006	0.0006875
1.650341e-006	0.0006875
1.650841e-006	0.0006875
1.651341e-006	0.000375
1.651841e-006	6.25e-005
1.652341e-006	0.000375
1.652841e-006	6.25e-005
1.653341e-006	-0.00025
1.653841e-006	-0.0005625
1.654341e-006	-0.000875
1.654841e-006	-0.0005625
1.655341e-006	6.25e-005
1.655841e-006	6.25e-005
1.656341e-006	-0.00025
1.656841e-006	0.000375
1.657341e-006	-0.0005625
1.657841e-006	-0.000875
1.658341e-006	-0.000875
1.658841e-006	-0.00025
1.659341e-006	0.000375
1.659841e-006	0.001
1.660341e-006	0.0006875
1.660841e-006	6.25e-005
1.661341e-006	0.000375
1.661841e-006	0.000375
1.662341e-006	6.25e-005
1.662841e-006	6.25e-005
1.663341e-006	0.000375
1.663841e-006	0.000375
1.664341e-006	-0.0005625
1.664841e-006	-0.000875
1.665341e-006	-0.000875
1.665841e-006	-0.000875
1.666341e-006	-0.0011875
1.666841e-006	-0.0015
1.667341e-006	-0.0005625
1.667841e-006	-0.0005625
1.668341e-006	-0.000875
1.668841e-006	-0.0005625
1.669341e-006	6.25e-005
1.669841e-006	6.25e-005
1.670341e-006	-0.00025
1.670841e-006	6.25e-005
1.671341e-006	0.0006875
1.671841e-006	6.25e-005
1.672341e-006	0.000375
1.672841e-006	0.0006875
1.673341e-006	0.0006875
1.673841e-006	0.000375
1.674341e-006	-0.000875
1.674841e-006	-0.0005625
1.675341e-006	-0.00025
1.675841e-006	6.25e-005
1.676341e-006	-0.00025
1.676841e-006	-0.0011875
1.677341e-006	-0.000875
1.677841e-006	-0.0005625
1.678341e-006	-0.000875
1.678841e-006	-0.00025
1.679341e-006	6.25e-005
1.679841e-006	-0.0005625
1.680341e-006	0.000375
1.680841e-006	0.000375
1.681341e-006	6.25e-005
1.681841e-006	6.25e-005
1.682341e-006	0.000375
1.682841e-006	0.001
1.683341e-006	0.0006875
1.683841e-006	0.000375
1.684341e-006	6.25e-005
1.684841e-006	-0.0005625
1.685341e-006	6.25e-005
1.685841e-006	-0.00025
1.686341e-006	-0.0005625
1.686841e-006	-0.000875
1.687341e-006	-0.000875
1.687841e-006	-0.000875
1.688341e-006	-0.000875
1.688841e-006	-0.000875
1.689341e-006	6.25e-005
1.689841e-006	0.000375
1.690341e-006	6.25e-005
1.690841e-006	6.25e-005
1.691341e-006	-0.00025
1.691841e-006	0.000375
1.692341e-006	0.001625
1.692841e-006	0.000375
1.693341e-006	0.000375
1.693841e-006	0.0013125
1.694341e-006	-0.0005625
1.694841e-006	-0.0005625
1.695341e-006	-0.0005625
1.695841e-006	0.000375
1.696341e-006	6.25e-005
1.696841e-006	-0.0005625
1.697341e-006	-0.0005625
1.697841e-006	-0.0005625
1.698341e-006	-0.0005625
1.698841e-006	6.25e-005
1.699341e-006	-0.0005625
1.699841e-006	-0.0005625
1.700341e-006	6.25e-005
1.700841e-006	-0.00025
1.701341e-006	6.25e-005
1.701841e-006	-0.00025
1.702341e-006	0.000375
1.702841e-006	0.001
1.703341e-006	0.001
1.703841e-006	0.0006875
1.704341e-006	6.25e-005
1.704841e-006	-0.00025
1.705341e-006	-0.00025
1.705841e-006	6.25e-005
1.706341e-006	0.000375
1.706841e-006	-0.0005625
1.707341e-006	6.25e-005
1.707841e-006	6.25e-005
1.708341e-006	-0.0005625
1.708841e-006	-0.000875
1.709341e-006	-0.00025
1.709841e-006	6.25e-005
1.710341e-006	6.25e-005
1.710841e-006	6.25e-005
1.711341e-006	0.000375
1.711841e-006	-0.00025
1.712341e-006	0.000375
1.712841e-006	0.0006875
1.713341e-006	0.000375
1.713841e-006	0.0006875
1.714341e-006	0.0006875
1.714841e-006	0.000375
1.715341e-006	6.25e-005
1.715841e-006	6.25e-005
1.716341e-006	-0.00025
1.716841e-006	-0.0011875
1.717341e-006	-0.0011875
1.717841e-006	-0.000875
1.718341e-006	-0.0011875
1.718841e-006	-0.000875
1.719341e-006	-0.0011875
1.719841e-006	-0.000875
1.720341e-006	-0.0005625
1.720841e-006	6.25e-005
1.721341e-006	0.000375
1.721841e-006	0.000375
1.722341e-006	0.001
1.722841e-006	6.25e-005
1.723341e-006	0.000375
1.723841e-006	0.0019375
1.724341e-006	0.0013125
1.724841e-006	0.0006875
1.725341e-006	0.000375
1.725841e-006	0.000375
1.726341e-006	6.25e-005
1.726841e-006	-0.0011875
1.727341e-006	-0.0011875
1.727841e-006	-0.0011875
1.728341e-006	-0.0011875
1.728841e-006	-0.0011875
1.729341e-006	-0.0011875
1.729841e-006	-0.0005625
1.730341e-006	-0.00025
1.730841e-006	-0.0005625
1.731341e-006	0.0006875
1.731841e-006	0.000375
1.732341e-006	0.001
1.732841e-006	0.001
1.733341e-006	0.001
1.733841e-006	0.001
1.734341e-006	0.0006875
1.734841e-006	0.0013125
1.735341e-006	0.000375
1.735841e-006	-0.00025
1.736341e-006	-0.00025
1.736841e-006	-0.0005625
1.737341e-006	-0.0011875
1.737841e-006	-0.0011875
1.738341e-006	-0.0011875
1.738841e-006	-0.0011875
1.739341e-006	-0.000875
1.739841e-006	-0.0005625
1.740341e-006	-0.000875
1.740841e-006	-0.00025
1.741341e-006	0.000375
1.741841e-006	0.001
1.742341e-006	0.001
1.742841e-006	0.0019375
1.743341e-006	0.0019375
1.743841e-006	0.001625
1.744341e-006	0.0013125
1.744841e-006	0.001625
1.745341e-006	0.000375
1.745841e-006	0.000375
1.746341e-006	-0.00025
1.746841e-006	-0.0015
1.747341e-006	-0.0011875
1.747841e-006	-0.0018125
1.748341e-006	-0.0011875
1.748841e-006	-0.0018125
1.749341e-006	-0.0018125
1.749841e-006	-0.000875
1.750341e-006	-0.0005625
1.750841e-006	-0.0005625
1.751341e-006	6.25e-005
1.751841e-006	0.0006875
1.752341e-006	0.001625
1.752841e-006	0.001625
1.753341e-006	0.002875
1.753841e-006	0.00225
1.754341e-006	0.0019375
1.754841e-006	0.0019375
1.755341e-006	0.001625
1.755841e-006	0.0006875
1.756341e-006	-0.00025
1.756841e-006	-0.0011875
1.757341e-006	-0.0018125
1.757841e-006	-0.0015
1.758341e-006	-0.0015
1.758841e-006	-0.002125
1.759341e-006	-0.002125
1.759841e-006	-0.0018125
1.760341e-006	-0.0015
1.760841e-006	-0.0005625
1.761341e-006	6.25e-005
1.761841e-006	0.001
1.762341e-006	0.001625
1.762841e-006	0.0025625
1.763341e-006	0.0025625
1.763841e-006	0.0025625
1.764341e-006	0.0019375
1.764841e-006	0.0019375
1.765341e-006	0.0013125
1.765841e-006	0.001
1.766341e-006	-0.00025
1.766841e-006	-0.0011875
1.767341e-006	-0.0015
1.767841e-006	-0.0015
1.768341e-006	-0.0015
1.768841e-006	-0.0024375
1.769341e-006	-0.0024375
1.769841e-006	-0.0015
1.770341e-006	-0.0011875
1.770841e-006	-0.0011875
1.771341e-006	6.25e-005
1.771841e-006	0.0013125
1.772341e-006	0.001625
1.772841e-006	0.001625
1.773341e-006	0.002875
1.773841e-006	0.0025625
1.774341e-006	0.0019375
1.774841e-006	0.001625
1.775341e-006	0.000375
1.775841e-006	0.000375
1.776341e-006	6.25e-005
1.776841e-006	-0.000875
1.777341e-006	-0.0018125
1.777841e-006	-0.0024375
1.778341e-006	-0.0030625
1.778841e-006	-0.0030625
1.779341e-006	-0.0018125
1.779841e-006	-0.0015
1.780341e-006	-0.0018125
1.780841e-006	-0.000875
1.781341e-006	0.000375
1.781841e-006	0.0019375
1.782341e-006	0.001
1.782841e-006	0.001625
1.783341e-006	0.0025625
1.783841e-006	0.0025625
1.784341e-006	0.0019375
1.784841e-006	0.0019375
1.785341e-006	0.001
1.785841e-006	-0.00025
1.786341e-006	-0.000875
1.786841e-006	-0.0011875
1.787341e-006	-0.0018125
1.787841e-006	-0.002125
1.788341e-006	-0.0024375
