LECROYWS454	16215	Waveform
Segments	1	SegmentSize	4002
Segment	TrigTime	TimeSinceSegment1
#1	02-May-2024 19:35:13	0                 
Time	Ampl
-2.12319e-007	-0.0011875
-2.11819e-007	-0.0018125
-2.11319e-007	-0.0018125
-2.10819e-007	-0.0018125
-2.10319e-007	-0.000875
-2.09819e-007	-0.000875
-2.09319e-007	-0.0005625
-2.08819e-007	6.25e-005
-2.08319e-007	0.0006875
-2.07819e-007	0.000375
-2.07319e-007	0.0013125
-2.06819e-007	0.0013125
-2.06319e-007	0.0013125
-2.05819e-007	0.0006875
-2.05319e-007	0.0006875
-2.04819e-007	0.000375
-2.04319e-007	-0.00025
-2.03819e-007	-0.00025
-2.03319e-007	-0.000875
-2.02819e-007	-0.0011875
-2.02319e-007	-0.0018125
-2.01819e-007	-0.0015
-2.01319e-007	-0.0015
-2.00819e-007	-0.000875
-2.00319e-007	-0.0011875
-1.99819e-007	-0.000875
-1.99319e-007	6.25e-005
-1.98819e-007	0.001
-1.98319e-007	0.0006875
-1.97819e-007	0.001
-1.97319e-007	0.0019375
-1.96819e-007	0.0019375
-1.96319e-007	0.001
-1.95819e-007	0.001
-1.95319e-007	6.25e-005
-1.94819e-007	-0.00025
-1.94319e-007	-0.0011875
-1.93819e-007	-0.0011875
-1.93319e-007	-0.000875
-1.92819e-007	-0.0005625
-1.92319e-007	-0.0018125
-1.91819e-007	-0.0018125
-1.91319e-007	-0.0011875
-1.90819e-007	-0.0018125
-1.90319e-007	-0.0011875
-1.89819e-007	6.25e-005
-1.89319e-007	0.0006875
-1.88819e-007	0.001
-1.88319e-007	0.0013125
-1.87819e-007	0.0013125
-1.87319e-007	0.0019375
-1.86819e-007	0.001
-1.86319e-007	0.001625
-1.85819e-007	6.25e-005
-1.85319e-007	6.25e-005
-1.84819e-007	0.0006875
-1.84319e-007	-0.000875
-1.83819e-007	-0.0015
-1.83319e-007	-0.0011875
-1.82819e-007	-0.0015
-1.82319e-007	-0.0018125
-1.81819e-007	-0.0018125
-1.81319e-007	-0.00025
-1.80819e-007	-0.0005625
-1.80319e-007	-0.0005625
-1.79819e-007	6.25e-005
-1.79319e-007	6.25e-005
-1.78819e-007	0.0013125
-1.78319e-007	0.001
-1.77819e-007	0.0013125
-1.77319e-007	0.0013125
-1.76819e-007	0.0013125
-1.76319e-007	0.0013125
-1.75819e-007	0.0013125
-1.75319e-007	6.25e-005
-1.74819e-007	6.25e-005
-1.74319e-007	-0.000875
-1.73819e-007	-0.0005625
-1.73319e-007	-0.000875
-1.72819e-007	-0.000875
-1.72319e-007	-0.000875
-1.71819e-007	-0.0015
-1.71319e-007	-0.0018125
-1.70819e-007	-0.000875
-1.70319e-007	0.000375
-1.69819e-007	6.25e-005
-1.69319e-007	6.25e-005
-1.68819e-007	0.0013125
-1.68319e-007	0.001
-1.67819e-007	0.0013125
-1.67319e-007	0.0013125
-1.66819e-007	0.0006875
-1.66319e-007	0.0006875
-1.65819e-007	-0.00025
-1.65319e-007	6.25e-005
-1.64819e-007	-0.00025
-1.64319e-007	-0.0005625
-1.63819e-007	-0.000875
-1.63319e-007	-0.0015
-1.62819e-007	-0.000875
-1.62319e-007	-0.0005625
-1.61819e-007	-0.000875
-1.61319e-007	-0.00025
-1.60819e-007	-0.00025
-1.60319e-007	0.000375
-1.59819e-007	0.000375
-1.59319e-007	0.0006875
-1.58819e-007	0.001
-1.58319e-007	6.25e-005
-1.57819e-007	0.0006875
-1.57319e-007	0.000375
-1.56819e-007	0.0006875
-1.56319e-007	0.0006875
-1.55819e-007	6.25e-005
-1.55319e-007	-0.00025
-1.54819e-007	-0.0005625
-1.54319e-007	-0.000875
-1.53819e-007	-0.00025
-1.53319e-007	-0.000875
-1.52819e-007	-0.00025
-1.52319e-007	-0.0005625
-1.51819e-007	-0.0005625
-1.51319e-007	6.25e-005
-1.50819e-007	6.25e-005
-1.50319e-007	0.000375
-1.49819e-007	0.001625
-1.49319e-007	0.001
-1.48819e-007	0.0006875
-1.48319e-007	6.25e-005
-1.47819e-007	-0.00025
-1.47319e-007	6.25e-005
-1.46819e-007	0.000375
-1.46319e-007	0.000375
-1.45819e-007	-0.00025
-1.45319e-007	-0.00025
-1.44819e-007	-0.0011875
-1.44319e-007	-0.0015
-1.43819e-007	-0.0015
-1.43319e-007	-0.0005625
-1.42819e-007	-0.0005625
-1.42319e-007	-0.0005625
-1.41819e-007	-0.0005625
-1.41319e-007	0.000375
-1.40819e-007	0.0006875
-1.40319e-007	0.001
-1.39819e-007	0.000375
-1.39319e-007	0.000375
-1.38819e-007	0.001
-1.38319e-007	0.0006875
-1.37819e-007	0.000375
-1.37319e-007	-0.00025
-1.36819e-007	-0.00025
-1.36319e-007	6.25e-005
-1.35819e-007	-0.0005625
-1.35319e-007	-0.000875
-1.34819e-007	-0.0005625
-1.34319e-007	-0.000875
-1.33819e-007	6.25e-005
-1.33319e-007	-0.000875
-1.32819e-007	6.25e-005
-1.32319e-007	-0.0005625
-1.31819e-007	-0.0005625
-1.31319e-007	0.000375
-1.30819e-007	0.001
-1.30319e-007	0.0013125
-1.29819e-007	0.0006875
-1.29319e-007	6.25e-005
-1.28819e-007	0.0013125
-1.28319e-007	0.001
-1.27819e-007	0.000375
-1.27319e-007	-0.00025
-1.26819e-007	-0.0005625
-1.26319e-007	0.000375
-1.25819e-007	-0.0005625
-1.25319e-007	-0.0005625
-1.24819e-007	-0.000875
-1.24319e-007	-0.0011875
-1.23819e-007	-0.0005625
-1.23319e-007	-0.000875
-1.22819e-007	-0.0005625
-1.22319e-007	0.0006875
-1.21819e-007	6.25e-005
-1.21319e-007	0.0006875
-1.20819e-007	-0.00025
-1.20319e-007	0.0013125
-1.19819e-007	0.0019375
-1.19319e-007	0.0013125
-1.18819e-007	0.001
-1.18319e-007	6.25e-005
-1.17819e-007	6.25e-005
-1.17319e-007	6.25e-005
-1.16819e-007	-0.00025
-1.16319e-007	6.25e-005
-1.15819e-007	-0.000875
-1.15319e-007	-0.000875
-1.14819e-007	-0.0015
-1.14319e-007	-0.0011875
-1.13819e-007	-0.0005625
-1.13319e-007	-0.0011875
-1.12819e-007	-0.00025
-1.12319e-007	-0.0005625
-1.11819e-007	-0.00025
-1.11319e-007	0.000375
-1.10819e-007	6.25e-005
-1.10319e-007	0.0006875
-1.09819e-007	0.000375
-1.09319e-007	0.001
-1.08819e-007	0.0013125
-1.08319e-007	-0.00025
-1.07819e-007	0.000375
-1.07319e-007	0.000375
-1.06819e-007	6.25e-005
-1.06319e-007	6.25e-005
-1.05819e-007	-0.0005625
-1.05319e-007	6.25e-005
-1.04819e-007	-0.0005625
-1.04319e-007	-0.00025
-1.03819e-007	-0.00025
-1.03319e-007	-0.000875
-1.02819e-007	-0.0005625
-1.02319e-007	-0.0015
-1.01819e-007	-0.0005625
-1.01319e-007	6.25e-005
-1.00819e-007	-0.00025
-1.00319e-007	0.000375
-9.9819e-008	0.000375
-9.9319e-008	0.0013125
-9.8819e-008	0.001
-9.8319e-008	0.0006875
-9.7819e-008	0.0006875
-9.7319e-008	0.000375
-9.6819e-008	0.000375
-9.6319e-008	-0.0005625
-9.5819e-008	-0.0005625
-9.5319e-008	6.25e-005
-9.4819e-008	-0.00025
-9.4319e-008	-0.00025
-9.3819e-008	-0.00025
-9.3319e-008	-0.0005625
-9.2819e-008	-0.00025
-9.2319e-008	-0.0005625
-9.1819e-008	0.000375
-9.1319e-008	-0.00025
-9.0819e-008	-0.0005625
-9.0319e-008	-0.0005625
-8.9819e-008	6.25e-005
-8.9319e-008	0.0006875
-8.8819e-008	0.000375
-8.8319e-008	0.0006875
-8.7819e-008	0.0013125
-8.7319e-008	6.25e-005
-8.6819e-008	6.25e-005
-8.6319e-008	-0.0005625
-8.5819e-008	-0.0005625
-8.5319e-008	6.25e-005
-8.4819e-008	6.25e-005
-8.4319e-008	-0.00025
-8.3819e-008	-0.0011875
-8.3319e-008	-0.000875
-8.2819e-008	6.25e-005
-8.2319e-008	-0.00025
-8.1819e-008	-0.0005625
-8.1319e-008	-0.0015
-8.0819e-008	-0.0005625
-8.0319e-008	0.000375
-7.9819e-008	6.25e-005
-7.9319e-008	0.001
-7.8819e-008	0.0006875
-7.8319e-008	0.001
-7.7819e-008	0.0006875
-7.7319e-008	-0.000875
-7.6819e-008	-0.00025
-7.6319e-008	6.25e-005
-7.5819e-008	-0.0005625
-7.5319e-008	-0.00025
-7.4819e-008	-0.000875
-7.4319e-008	-0.0005625
-7.3819e-008	-0.0005625
-7.3319e-008	-0.0005625
-7.2819e-008	-0.00025
-7.2319e-008	6.25e-005
-7.1819e-008	-0.00025
-7.1319e-008	-0.000875
-7.0819e-008	-0.0005625
-7.0319e-008	6.25e-005
-6.9819e-008	6.25e-005
-6.9319e-008	0.0006875
-6.8819e-008	0.001
-6.8319e-008	0.001
-6.7819e-008	0.000375
-6.7319e-008	-0.00025
-6.6819e-008	-0.00025
-6.6319e-008	-0.0005625
-6.5819e-008	6.25e-005
-6.5319e-008	-0.0005625
-6.4819e-008	-0.000875
-6.4319e-008	-0.000875
-6.3819e-008	-0.000875
-6.3319e-008	-0.0011875
-6.2819e-008	-0.000875
-6.2319e-008	-0.0005625
-6.1819e-008	6.25e-005
-6.1319e-008	-0.0005625
-6.0819e-008	-0.00025
-6.0319e-008	0.001
-5.9819e-008	0.0013125
-5.9319e-008	0.0013125
-5.8819e-008	0.000375
-5.8319e-008	0.000375
-5.7819e-008	0.000375
-5.7319e-008	-0.00025
-5.6819e-008	6.25e-005
-5.6319e-008	6.25e-005
-5.5819e-008	-0.000875
-5.5319e-008	-0.0011875
-5.4819e-008	-0.0018125
-5.4319e-008	-0.0011875
-5.3819e-008	-0.0005625
-5.3319e-008	-0.000875
-5.2819e-008	-0.000875
-5.2319e-008	-0.00025
-5.1819e-008	6.25e-005
-5.1319e-008	6.25e-005
-5.0819e-008	6.25e-005
-5.0319e-008	0.001625
-4.9819e-008	0.001
-4.9319e-008	0.001
-4.8819e-008	0.0013125
-4.8319e-008	0.0006875
-4.7819e-008	6.25e-005
-4.7319e-008	0.000375
-4.6819e-008	0.000375
-4.6319e-008	-0.0011875
-4.5819e-008	-0.0011875
-4.5319e-008	-0.000875
-4.4819e-008	-0.0015
-4.4319e-008	-0.0011875
-4.3819e-008	-0.0011875
-4.3319e-008	-0.0011875
-4.2819e-008	-0.000875
-4.2319e-008	-0.00025
-4.1819e-008	0.000375
-4.1319e-008	6.25e-005
-4.0819e-008	0.0006875
-4.0319e-008	0.001
-3.9819e-008	0.001
-3.9319e-008	0.001625
-3.8819e-008	0.001
-3.8319e-008	0.001
-3.7819e-008	0.0013125
-3.7319e-008	6.25e-005
-3.6819e-008	6.25e-005
-3.6319e-008	-0.000875
-3.5819e-008	-0.0011875
-3.5319e-008	-0.0011875
-3.4819e-008	-0.0018125
-3.4319e-008	-0.0011875
-3.3819e-008	-0.0015
-3.3319e-008	-0.0015
-3.2819e-008	-0.0005625
-3.2319e-008	-0.0005625
-3.1819e-008	6.25e-005
-3.1319e-008	0.0006875
-3.0819e-008	0.001
-3.0319e-008	0.0013125
-2.9819e-008	0.0013125
-2.9319e-008	0.001625
-2.8819e-008	0.0006875
-2.8319e-008	0.0013125
-2.7819e-008	0.001
-2.7319e-008	6.25e-005
-2.6819e-008	6.25e-005
-2.6319e-008	-0.000875
-2.5819e-008	-0.000875
-2.5319e-008	-0.0015
-2.4819e-008	-0.0018125
-2.4319e-008	-0.0011875
-2.3819e-008	-0.0015
-2.3319e-008	-0.0015
-2.2819e-008	-0.0005625
-2.2319e-008	-0.0005625
-2.1819e-008	6.25e-005
-2.1319e-008	0.0006875
-2.0819e-008	0.0006875
-2.0319e-008	0.001625
-1.9819e-008	0.001625
-1.9319e-008	0.0013125
-1.8819e-008	0.0006875
-1.8319e-008	0.0006875
-1.7819e-008	0.000375
-1.7319e-008	6.25e-005
-1.6819e-008	6.25e-005
-1.6319e-008	-0.00025
-1.5819e-008	-0.000875
-1.5319e-008	-0.000875
-1.4819e-008	-0.0011875
-1.4319e-008	-0.0024375
-1.3819e-008	-0.0018125
-1.3319e-008	-0.00025
-1.2819e-008	-0.0005625
-1.2319e-008	-0.000875
-1.1819e-008	0.000375
-1.1319e-008	0.0025625
-1.0819e-008	-0.0011875
-1.0319e-008	-0.0065
-9.819e-009	0.0013125
-9.319e-009	0.00225
-8.819e-009	0.00225
-8.319e-009	-0.0061875
-7.819e-009	0.0069375
-7.319e-009	0.0081875
-6.819e-009	0.00225
-6.319e-009	-0.0065
-5.819e-009	-0.0011875
-5.319e-009	0.0081875
-4.819e-009	-0.0018125
-4.319e-009	0.0050625
-3.819e-009	-0.0086875
-3.319e-009	-0.0105625
-2.819e-009	-0.0105625
-2.319e-009	-0.014
-1.819e-009	6.25e-005
-1.319e-009	0.0081875
-8.19e-010	0.0081875
-3.19e-010	0.0013125
1.81e-010	-0.030875
6.81e-010	-0.0255625
1.181e-009	0.0081875
1.681e-009	0.0081875
2.181e-009	-0.005875
2.681e-009	-0.0715
3.181e-009	-0.0205625
3.681e-009	0.0081875
4.181e-009	-0.00775
4.681e-009	-0.02275
5.181e-009	0.0081875
5.681e-009	0.0081875
6.181e-009	-0.0130625
6.681e-009	0.0081875
7.181e-009	0.0081875
7.681e-009	0.0081875
8.181e-009	-0.0680625
8.681e-009	-0.05525
9.181e-009	0.0081875
9.681e-009	0.0081875
1.0181e-008	-0.04525
1.0681e-008	0.0081875
1.1181e-008	0.0081875
1.1681e-008	-0.0111875
1.2181e-008	0.0081875
1.2681e-008	-0.0186875
1.3181e-008	-0.0155625
1.3681e-008	0.0081875
1.4181e-008	-0.01025
1.4681e-008	-0.01525
1.5181e-008	0.0081875
1.5681e-008	0.0081875
1.6181e-008	0.0081875
1.6681e-008	-0.0024375
1.7181e-008	-0.049
1.7681e-008	-0.0011875
1.8181e-008	0.0081875
1.8681e-008	-0.0299375
1.9181e-008	-0.0715
1.9681e-008	0.0056875
2.0181e-008	0.0081875
2.0681e-008	0.0081875
2.1181e-008	-0.044
2.1681e-008	-0.0565
2.2181e-008	0.0081875
2.2681e-008	0.0081875
2.3181e-008	0.0081875
2.3681e-008	-0.0715
2.4181e-008	-0.0715
2.4681e-008	0.0081875
2.5181e-008	0.0081875
2.5681e-008	0.0081875
2.6181e-008	-0.0715
2.6681e-008	-0.0715
2.7181e-008	-0.0361875
2.7681e-008	0.0081875
2.8181e-008	0.0081875
2.8681e-008	-0.01025
2.9181e-008	-0.044
2.9681e-008	-0.0061875
3.0181e-008	0.0081875
3.0681e-008	0.0081875
3.1181e-008	0.0081875
3.1681e-008	-0.057125
3.2181e-008	-0.055875
3.2681e-008	0.0025625
3.3181e-008	0.0044375
3.3681e-008	0.0081875
3.4181e-008	-0.0024375
3.4681e-008	-0.02775
3.5181e-008	-0.0268125
3.5681e-008	-0.0030625
3.6181e-008	0.0081875
3.6681e-008	0.0081875
3.7181e-008	0.0081875
3.7681e-008	-0.012125
3.8181e-008	-0.054625
3.8681e-008	-0.04025
3.9181e-008	0.0081875
3.9681e-008	0.0081875
4.0181e-008	0.0081875
4.0681e-008	-0.040875
4.1181e-008	-0.06275
4.1681e-008	0.0050625
4.2181e-008	0.0081875
4.2681e-008	0.0081875
4.3181e-008	-0.0211875
4.3681e-008	-0.02775
4.4181e-008	-0.0380625
4.4681e-008	-0.013375
4.5181e-008	0.0081875
4.5681e-008	0.0081875
4.6181e-008	-0.0180625
4.6681e-008	-0.06525
4.7181e-008	-0.049
4.7681e-008	-0.0030625
4.8181e-008	0.0081875
4.8681e-008	0.0081875
4.9181e-008	0.0081875
4.9681e-008	-0.00525
5.0181e-008	-0.057125
5.0681e-008	-0.02275
5.1181e-008	0.0081875
5.1681e-008	0.0081875
5.2181e-008	0.0031875
5.2681e-008	-0.059625
5.3181e-008	-0.057125
5.3681e-008	0.0081875
5.4181e-008	0.0081875
5.4681e-008	0.0081875
5.5181e-008	-0.0068125
5.5681e-008	-0.0536875
5.6181e-008	-0.032125
5.6681e-008	0.0081875
5.7181e-008	0.0081875
5.7681e-008	0.0081875
5.8181e-008	0.0031875
5.8681e-008	-0.0268125
5.9181e-008	-0.022125
5.9681e-008	-0.000875
6.0181e-008	0.0081875
6.0681e-008	0.0081875
6.1181e-008	-0.008375
6.1681e-008	-0.045875
6.2181e-008	-0.0261875
6.2681e-008	0.0081875
6.3181e-008	0.0081875
6.3681e-008	0.0081875
6.4181e-008	-0.014
6.4681e-008	-0.0315
6.5181e-008	0.0019375
6.5681e-008	0.0081875
6.6181e-008	0.0081875
6.6681e-008	0.0035
6.7181e-008	-0.0124375
6.7681e-008	-0.0186875
6.8181e-008	-0.0043125
6.8681e-008	-0.0024375
6.9181e-008	-0.004
6.9681e-008	0.0069375
7.0181e-008	-0.0015
7.0681e-008	-0.018375
7.1181e-008	-0.014625
7.1681e-008	0.0081875
7.2181e-008	0.0081875
7.2681e-008	0.0081875
7.3181e-008	-0.01525
7.3681e-008	-0.0149375
7.4181e-008	-0.0149375
7.4681e-008	0.0038125
7.5181e-008	0.0081875
7.5681e-008	0.0006875
7.6181e-008	-0.0255625
7.6681e-008	-0.022125
7.7181e-008	-0.0061875
7.7681e-008	0.0081875
7.8181e-008	0.0081875
7.8681e-008	0.0013125
7.9181e-008	-0.0015
7.9681e-008	0.001
8.0181e-008	-0.0005625
8.0681e-008	0.0081875
8.1181e-008	0.0081875
8.1681e-008	0.004125
8.2181e-008	-0.024625
8.2681e-008	-0.0061875
8.3181e-008	0.0081875
8.3681e-008	0.000375
8.4181e-008	-0.005875
8.4681e-008	-0.0030625
8.5181e-008	-0.02275
8.5681e-008	-0.0305625
8.6181e-008	0.00475
8.6681e-008	0.0081875
8.7181e-008	0.0081875
8.7681e-008	-0.01275
8.8181e-008	-0.0180625
8.8681e-008	-0.01275
8.9181e-008	0.0081875
8.9681e-008	0.0081875
9.0181e-008	0.0081875
9.0681e-008	-0.0224375
9.1181e-008	-0.032125
9.1681e-008	-0.0030625
9.2181e-008	0.0081875
9.2681e-008	0.0081875
9.3181e-008	-0.0130625
9.3681e-008	-0.019625
9.4181e-008	-0.01025
9.4681e-008	0.001625
9.5181e-008	0.0081875
9.5681e-008	0.0081875
9.6181e-008	-0.0043125
9.6681e-008	-0.0180625
9.7181e-008	-0.01025
9.7681e-008	0.0035
9.8181e-008	0.0081875
9.8681e-008	0.0081875
9.9181e-008	-0.0011875
9.9681e-008	-0.01775
1.00181e-007	-0.0080625
1.00681e-007	0.0081875
1.01181e-007	0.0081875
1.01681e-007	0.0081875
1.02181e-007	0.0050625
1.02681e-007	-0.0118125
1.03181e-007	-0.0161875
1.03681e-007	-0.000875
1.04181e-007	0.0063125
1.04681e-007	-0.0005625
1.05181e-007	-0.0030625
1.05681e-007	-0.0080625
1.06181e-007	-0.008375
1.06681e-007	0.0050625
1.07181e-007	0.0081875
1.07681e-007	0.0044375
1.08181e-007	-0.0030625
1.08681e-007	-0.0074375
1.09181e-007	-0.0024375
1.09681e-007	0.0081875
1.10181e-007	0.0081875
1.10681e-007	-0.0005625
1.11181e-007	-0.007125
1.11681e-007	-0.0080625
1.12181e-007	-0.012125
1.12681e-007	-0.0068125
1.13181e-007	0.0050625
1.13681e-007	0.0069375
1.14181e-007	-0.0011875
1.14681e-007	-0.009
1.15181e-007	-0.01275
1.15681e-007	-0.0005625
1.16181e-007	0.0081875
1.16681e-007	0.0081875
1.17181e-007	-0.0036875
1.17681e-007	-0.0055625
1.18181e-007	6.25e-005
1.18681e-007	0.0044375
1.19181e-007	0.006625
1.19681e-007	0.004125
1.20181e-007	-0.00525
1.20681e-007	-0.0111875
1.21181e-007	-0.007125
1.21681e-007	0.0013125
1.22181e-007	0.005375
1.22681e-007	-0.0011875
1.23181e-007	-0.0080625
1.23681e-007	-0.0036875
1.24181e-007	0.0069375
1.24681e-007	0.0081875
1.25181e-007	0.0081875
1.25681e-007	0.000375
1.26181e-007	-0.0168125
1.26681e-007	-0.0165
1.27181e-007	0.0013125
1.27681e-007	0.0069375
1.28181e-007	0.001
1.28681e-007	0.000375
1.29181e-007	-0.0005625
1.29681e-007	-0.0036875
1.30181e-007	0.00225
1.30681e-007	0.0081875
1.31181e-007	0.0056875
1.31681e-007	-0.0018125
1.32181e-007	-0.0055625
1.32681e-007	-0.0115
1.33181e-007	-0.0043125
1.33681e-007	0.0081875
1.34181e-007	0.0081875
1.34681e-007	0.00225
1.35181e-007	-0.0143125
1.35681e-007	-0.013375
1.36181e-007	0.0044375
1.36681e-007	0.0081875
1.37181e-007	0.0019375
1.37681e-007	-0.0080625
1.38181e-007	-0.0111875
1.38681e-007	-0.0030625
1.39181e-007	0.0081875
1.39681e-007	0.0081875
1.40181e-007	0.0038125
1.40681e-007	-0.0155625
1.41181e-007	-0.0165
1.41681e-007	-0.00275
1.42181e-007	0.0081875
1.42681e-007	0.0075625
1.43181e-007	6.25e-005
1.43681e-007	-0.004625
1.44181e-007	-0.0036875
1.44681e-007	0.0038125
1.45181e-007	0.0075625
1.45681e-007	0.0081875
1.46181e-007	0.0063125
1.46681e-007	-0.007125
1.47181e-007	-0.01275
1.47681e-007	-0.0036875
1.48181e-007	0.002875
1.48681e-007	0.0035
1.49181e-007	0.0044375
1.49681e-007	-0.0005625
1.50181e-007	-0.0124375
1.50681e-007	-0.01275
1.51181e-007	0.0019375
1.51681e-007	0.0081875
1.52181e-007	0.0081875
1.52681e-007	-0.00025
1.53181e-007	-0.0018125
1.53681e-007	0.0038125
1.54181e-007	0.0069375
1.54681e-007	0.006625
1.55181e-007	0.0025625
1.55681e-007	-0.0115
1.56181e-007	-0.0161875
1.56681e-007	-0.0030625
1.57181e-007	0.0081875
1.57681e-007	0.0081875
1.58181e-007	0.0013125
1.58681e-007	-0.007125
1.59181e-007	-0.0068125
1.59681e-007	0.001625
1.60181e-007	0.0081875
1.60681e-007	0.0081875
1.61181e-007	0.000375
1.61681e-007	-0.002125
1.62181e-007	-0.0061875
1.62681e-007	-0.0086875
1.63181e-007	-0.0011875
1.63681e-007	0.0069375
1.64181e-007	0.0031875
1.64681e-007	-0.0036875
1.65181e-007	-0.003375
1.65681e-007	0.0013125
1.66181e-007	0.00475
1.66681e-007	0.0069375
1.67181e-007	0.002875
1.67681e-007	-0.003375
1.68181e-007	-0.003375
1.68681e-007	0.0035
1.69181e-007	0.0063125
1.69681e-007	0.0025625
1.70181e-007	-0.003375
1.70681e-007	-0.0074375
1.71181e-007	-0.00525
1.71681e-007	-0.0030625
1.72181e-007	-0.0018125
1.72681e-007	0.0013125
1.73181e-007	-0.0018125
1.73681e-007	-0.0093125
1.74181e-007	-0.0018125
1.74681e-007	0.0081875
1.75181e-007	0.0081875
1.75681e-007	0.001
1.76181e-007	-0.004625
1.76681e-007	-0.0024375
1.77181e-007	0.0013125
1.77681e-007	0.0038125
1.78181e-007	-0.0018125
1.78681e-007	-0.0105625
1.79181e-007	-0.0086875
1.79681e-007	0.001625
1.80181e-007	0.0069375
1.80681e-007	0.002875
1.81181e-007	-0.0005625
1.81681e-007	-0.005875
1.82181e-007	-0.0080625
1.82681e-007	0.002875
1.83181e-007	0.0081875
1.83681e-007	0.006
1.84181e-007	-0.000875
1.84681e-007	-0.002125
1.85181e-007	-0.0018125
1.85681e-007	0.000375
1.86181e-007	0.0019375
1.86681e-007	0.000375
1.87181e-007	-0.004
1.87681e-007	-0.00525
1.88181e-007	-0.004
1.88681e-007	6.25e-005
1.89181e-007	0.0050625
1.89681e-007	0.00475
1.90181e-007	0.0031875
1.90681e-007	0.0025625
1.91181e-007	-0.0011875
1.91681e-007	-0.0015
1.92181e-007	0.0038125
1.92681e-007	0.0035
1.93181e-007	-0.002125
1.93681e-007	-0.0065
1.94181e-007	-0.0080625
1.94681e-007	-0.00525
1.95181e-007	0.0006875
1.95681e-007	0.001625
1.96181e-007	6.25e-005
1.96681e-007	-0.0005625
1.97181e-007	-0.0005625
1.97681e-007	0.0013125
1.98181e-007	0.006
1.98681e-007	0.0081875
1.99181e-007	0.00225
1.99681e-007	-0.004625
2.00181e-007	-0.0036875
2.00681e-007	0.000375
2.01181e-007	0.0044375
2.01681e-007	0.005375
2.02181e-007	0.0013125
2.02681e-007	-0.0065
2.03181e-007	-0.0118125
2.03681e-007	-0.0074375
2.04181e-007	0.0013125
2.04681e-007	0.0038125
2.05181e-007	6.25e-005
2.05681e-007	-0.0011875
2.06181e-007	0.0019375
2.06681e-007	0.0044375
2.07181e-007	0.002875
2.07681e-007	0.002875
2.08181e-007	0.0013125
2.08681e-007	-0.00275
2.09181e-007	-0.004
2.09681e-007	-0.0005625
2.10181e-007	0.001625
2.10681e-007	0.0025625
2.11181e-007	0.001625
2.11681e-007	-0.0024375
2.12181e-007	-0.004
2.12681e-007	6.25e-005
2.13181e-007	0.0025625
2.13681e-007	0.0025625
2.14181e-007	-0.0005625
2.14681e-007	-0.004625
2.15181e-007	-0.00775
2.15681e-007	-0.002125
2.16181e-007	0.0075625
2.16681e-007	0.006625
2.17181e-007	-0.00025
2.17681e-007	-0.0024375
2.18181e-007	-0.0024375
2.18681e-007	0.0006875
2.19181e-007	0.0038125
2.19681e-007	0.00225
2.20181e-007	-0.0011875
2.20681e-007	-0.0024375
2.21181e-007	-0.0011875
2.21681e-007	-0.000875
2.22181e-007	0.0025625
2.22681e-007	0.00225
2.23181e-007	-0.0018125
2.23681e-007	-0.0030625
2.24181e-007	-0.00275
2.24681e-007	-0.0011875
2.25181e-007	0.0031875
2.25681e-007	0.0031875
2.26181e-007	-0.0018125
2.26681e-007	-0.003375
2.27181e-007	0.0013125
2.27681e-007	0.00475
2.28181e-007	0.0044375
2.28681e-007	0.0013125
2.29181e-007	-0.0036875
2.29681e-007	-0.004
2.30181e-007	-0.0018125
2.30681e-007	-0.0005625
2.31181e-007	0.0006875
2.31681e-007	0.0013125
2.32181e-007	-0.00025
2.32681e-007	-0.003375
2.33181e-007	-0.0030625
2.33681e-007	0.002875
2.34181e-007	0.004125
2.34681e-007	0.001625
2.35181e-007	-0.0011875
2.35681e-007	6.25e-005
2.36181e-007	0.001625
2.36681e-007	0.0035
2.37181e-007	0.0038125
2.37681e-007	0.000375
2.38181e-007	-0.0036875
2.38681e-007	-0.004
2.39181e-007	-0.00275
2.39681e-007	-0.00025
2.40181e-007	-0.0005625
2.40681e-007	-0.002125
2.41181e-007	-0.0018125
2.41681e-007	-0.0018125
2.42181e-007	-0.000875
2.42681e-007	0.00225
2.43181e-007	0.0050625
2.43681e-007	0.00225
2.44181e-007	-0.0005625
2.44681e-007	-0.00025
2.45181e-007	0.000375
2.45681e-007	0.0019375
2.46181e-007	0.0031875
2.46681e-007	0.0006875
2.47181e-007	6.25e-005
2.47681e-007	-0.0011875
2.48181e-007	-0.0015
2.48681e-007	-0.002125
2.49181e-007	-0.0018125
2.49681e-007	-0.002125
2.50181e-007	-0.0043125
2.50681e-007	-0.0030625
2.51181e-007	-0.00025
2.51681e-007	0.00225
2.52181e-007	0.0019375
2.52681e-007	0.0006875
2.53181e-007	0.0013125
2.53681e-007	0.000375
2.54181e-007	-0.00025
2.54681e-007	0.00225
2.55181e-007	0.0019375
2.55681e-007	0.0019375
2.56181e-007	0.000375
2.56681e-007	6.25e-005
2.57181e-007	0.000375
2.57681e-007	6.25e-005
2.58181e-007	-0.0005625
2.58681e-007	-0.0011875
2.59181e-007	-0.0036875
2.59681e-007	-0.005875
2.60181e-007	-0.004
2.60681e-007	-0.0015
2.61181e-007	-0.000875
2.61681e-007	-0.0005625
2.62181e-007	-0.0005625
2.62681e-007	-0.0005625
2.63181e-007	0.0013125
2.63681e-007	0.0035
2.64181e-007	0.004125
2.64681e-007	0.00225
2.65181e-007	0.0019375
2.65681e-007	0.0013125
2.66181e-007	0.001
2.66681e-007	0.001
2.67181e-007	6.25e-005
2.67681e-007	-0.0015
2.68181e-007	-0.0011875
2.68681e-007	-0.0011875
2.69181e-007	-0.002125
2.69681e-007	-0.00275
2.70181e-007	-0.002125
2.70681e-007	-0.0015
2.71181e-007	-0.0015
2.71681e-007	-0.0011875
2.72181e-007	-0.0011875
2.72681e-007	0.0013125
2.73181e-007	0.004125
2.73681e-007	0.0035
2.74181e-007	0.0025625
2.74681e-007	0.001625
2.75181e-007	-0.0005625
2.75681e-007	0.001
2.76181e-007	0.0019375
2.76681e-007	0.0013125
2.77181e-007	-0.0005625
2.77681e-007	-0.0005625
2.78181e-007	-0.0011875
2.78681e-007	-0.0018125
2.79181e-007	-0.0011875
2.79681e-007	-0.0015
2.80181e-007	-0.0024375
2.80681e-007	-0.0011875
2.81181e-007	-0.0011875
2.81681e-007	-0.0011875
2.82181e-007	0.001
2.82681e-007	0.001
2.83181e-007	-0.0005625
2.83681e-007	-0.00025
2.84181e-007	0.0013125
2.84681e-007	0.001625
2.85181e-007	0.000375
2.85681e-007	6.25e-005
2.86181e-007	-0.00025
2.86681e-007	6.25e-005
2.87181e-007	6.25e-005
2.87681e-007	0.0013125
2.88181e-007	0.0025625
2.88681e-007	6.25e-005
2.89181e-007	-0.0024375
2.89681e-007	-0.00275
2.90181e-007	-0.000875
2.90681e-007	6.25e-005
2.91181e-007	-0.000875
2.91681e-007	-0.0018125
2.92181e-007	-0.0018125
2.92681e-007	-0.0011875
2.93181e-007	-0.00025
2.93681e-007	0.0013125
2.94181e-007	0.001625
2.94681e-007	0.0013125
2.95181e-007	0.000375
2.95681e-007	-0.0005625
2.96181e-007	-0.0005625
2.96681e-007	0.001
2.97181e-007	0.0006875
2.97681e-007	-0.0011875
2.98181e-007	-0.0005625
2.98681e-007	-0.000875
2.99181e-007	6.25e-005
2.99681e-007	0.000375
3.00181e-007	-0.0005625
3.00681e-007	-0.0015
3.01181e-007	-0.0011875
3.01681e-007	-0.00025
3.02181e-007	0.0006875
3.02681e-007	0.0006875
3.03181e-007	0.0006875
3.03681e-007	0.000375
3.04181e-007	-0.00025
3.04681e-007	-0.000875
3.05181e-007	-0.0005625
3.05681e-007	6.25e-005
3.06181e-007	0.000375
3.06681e-007	0.0006875
3.07181e-007	-0.0005625
3.07681e-007	-0.0005625
3.08181e-007	6.25e-005
3.08681e-007	-0.0005625
3.09181e-007	-0.000875
3.09681e-007	-0.0005625
3.10181e-007	6.25e-005
3.10681e-007	0.001
3.11181e-007	0.0013125
3.11681e-007	0.001625
3.12181e-007	0.0013125
3.12681e-007	0.0013125
3.13181e-007	0.0013125
3.13681e-007	-0.00025
3.14181e-007	0.000375
3.14681e-007	-0.0011875
3.15181e-007	-0.0018125
3.15681e-007	-0.0011875
3.16181e-007	-0.0011875
3.16681e-007	-0.000875
3.17181e-007	-0.000875
3.17681e-007	6.25e-005
3.18181e-007	0.0006875
3.18681e-007	0.0006875
3.19181e-007	0.0013125
3.19681e-007	0.0013125
3.20181e-007	0.0013125
3.20681e-007	0.000375
3.21181e-007	0.000375
3.21681e-007	0.0006875
3.22181e-007	-0.00025
3.22681e-007	0.0006875
3.23181e-007	-0.0005625
3.23681e-007	-0.002125
3.24181e-007	-0.0018125
3.24681e-007	-0.000875
3.25181e-007	0.000375
3.25681e-007	6.25e-005
3.26181e-007	-0.00025
3.26681e-007	-0.0005625
3.27181e-007	-0.000875
3.27681e-007	-0.00025
3.28181e-007	-0.0005625
3.28681e-007	-0.0005625
3.29181e-007	0.0006875
3.29681e-007	0.0006875
3.30181e-007	0.001
3.30681e-007	0.0006875
3.31181e-007	0.001
3.31681e-007	0.0013125
3.32181e-007	0.000375
3.32681e-007	-0.0005625
3.33181e-007	-0.000875
3.33681e-007	0.000375
3.34181e-007	0.000375
3.34681e-007	-0.0005625
3.35181e-007	-0.0005625
3.35681e-007	-0.0005625
3.36181e-007	-0.00025
3.36681e-007	-0.0015
3.37181e-007	-0.0018125
3.37681e-007	6.25e-005
3.38181e-007	-0.000875
3.38681e-007	-0.0005625
3.39181e-007	6.25e-005
3.39681e-007	0.0006875
3.40181e-007	0.001625
3.40681e-007	0.0006875
3.41181e-007	6.25e-005
3.41681e-007	6.25e-005
3.42181e-007	0.001
3.42681e-007	0.001
3.43181e-007	0.000375
3.43681e-007	6.25e-005
3.44181e-007	-0.00025
3.44681e-007	6.25e-005
3.45181e-007	-0.0005625
3.45681e-007	-0.002125
3.46181e-007	-0.0011875
3.46681e-007	-0.0011875
3.47181e-007	-0.00025
3.47681e-007	0.000375
3.48181e-007	0.000375
3.48681e-007	0.000375
3.49181e-007	0.000375
3.49681e-007	6.25e-005
3.50181e-007	6.25e-005
3.50681e-007	-0.0005625
3.51181e-007	0.000375
3.51681e-007	0.000375
3.52181e-007	6.25e-005
3.52681e-007	6.25e-005
3.53181e-007	0.000375
3.53681e-007	-0.00025
3.54181e-007	-0.000875
3.54681e-007	-0.00025
3.55181e-007	-0.00025
3.55681e-007	0.000375
3.56181e-007	6.25e-005
3.56681e-007	-0.00025
3.57181e-007	6.25e-005
3.57681e-007	0.000375
3.58181e-007	0.001
3.58681e-007	0.0013125
3.59181e-007	6.25e-005
3.59681e-007	6.25e-005
3.60181e-007	-0.00025
3.60681e-007	6.25e-005
3.61181e-007	-0.0005625
3.61681e-007	-0.000875
3.62181e-007	-0.0011875
3.62681e-007	-0.000875
3.63181e-007	-0.000875
3.63681e-007	-0.0005625
3.64181e-007	6.25e-005
3.64681e-007	0.001
3.65181e-007	0.0006875
3.65681e-007	-0.00025
3.66181e-007	0.0006875
3.66681e-007	0.0013125
3.67181e-007	0.001
3.67681e-007	0.000375
3.68181e-007	0.000375
3.68681e-007	-0.00025
3.69181e-007	0.0006875
3.69681e-007	-0.000875
3.70181e-007	-0.0005625
3.70681e-007	-0.0011875
3.71181e-007	-0.0005625
3.71681e-007	-0.000875
3.72181e-007	-0.0011875
3.72681e-007	-0.0005625
3.73181e-007	6.25e-005
3.73681e-007	-0.00025
3.74181e-007	-0.0011875
3.74681e-007	-0.000875
3.75181e-007	0.0006875
3.75681e-007	0.0013125
3.76181e-007	0.001
3.76681e-007	0.0013125
3.77181e-007	0.000375
3.77681e-007	0.001
3.78181e-007	6.25e-005
3.78681e-007	0.000375
3.79181e-007	6.25e-005
3.79681e-007	-0.00025
3.80181e-007	-0.0005625
3.80681e-007	-0.0011875
3.81181e-007	-0.0018125
3.81681e-007	-0.0011875
3.82181e-007	-0.0011875
3.82681e-007	-0.00025
3.83181e-007	-0.000875
3.83681e-007	-0.00025
3.84181e-007	0.0006875
3.84681e-007	0.001
3.85181e-007	0.0006875
3.85681e-007	-0.000875
3.86181e-007	0.001
3.86681e-007	0.0019375
3.87181e-007	0.001
3.87681e-007	0.001
3.88181e-007	0.001
3.88681e-007	0.0006875
3.89181e-007	6.25e-005
3.89681e-007	-0.0005625
3.90181e-007	6.25e-005
3.90681e-007	-0.0018125
3.91181e-007	-0.0005625
3.91681e-007	-0.0011875
3.92181e-007	-0.0015
3.92681e-007	-0.0011875
3.93181e-007	6.25e-005
3.93681e-007	0.001
3.94181e-007	0.0006875
3.94681e-007	0.001
3.95181e-007	0.0019375
3.95681e-007	6.25e-005
3.96181e-007	0.001
3.96681e-007	0.001
3.97181e-007	0.000375
3.97681e-007	0.0013125
3.98181e-007	0.000375
3.98681e-007	0.001625
3.99181e-007	6.25e-005
3.99681e-007	-0.0005625
4.00181e-007	-0.0005625
4.00681e-007	-0.0018125
4.01181e-007	-0.0018125
4.01681e-007	-0.000875
4.02181e-007	-0.0005625
4.02681e-007	-0.0015
4.03181e-007	-0.0015
4.03681e-007	0.0013125
4.04181e-007	0.000375
4.04681e-007	0.000375
4.05181e-007	0.0013125
4.05681e-007	0.0006875
4.06181e-007	0.000375
4.06681e-007	6.25e-005
4.07181e-007	0.0006875
4.07681e-007	0.0006875
4.08181e-007	6.25e-005
4.08681e-007	0.0006875
4.09181e-007	6.25e-005
4.09681e-007	-0.00025
4.10181e-007	0.0006875
4.10681e-007	-0.0005625
4.11181e-007	-0.000875
4.11681e-007	-0.0015
4.12181e-007	-0.0005625
4.12681e-007	-0.0005625
4.13181e-007	6.25e-005
4.13681e-007	0.0006875
4.14181e-007	0.000375
4.14681e-007	0.001
4.15181e-007	0.001625
4.15681e-007	0.0006875
4.16181e-007	0.0013125
4.16681e-007	0.000375
4.17181e-007	0.0006875
4.17681e-007	6.25e-005
4.18181e-007	6.25e-005
4.18681e-007	6.25e-005
4.19181e-007	-0.0011875
4.19681e-007	-0.00025
4.20181e-007	-0.00025
4.20681e-007	-0.0015
4.21181e-007	-0.000875
4.21681e-007	-0.0005625
4.22181e-007	-0.0005625
4.22681e-007	0.000375
4.23181e-007	6.25e-005
4.23681e-007	0.0013125
4.24181e-007	0.000375
4.24681e-007	0.001
4.25181e-007	0.0006875
4.25681e-007	0.001
4.26181e-007	0.000375
4.26681e-007	6.25e-005
4.27181e-007	6.25e-005
4.27681e-007	-0.0005625
4.28181e-007	-0.0011875
4.28681e-007	-0.00025
4.29181e-007	-0.000875
4.29681e-007	-0.0005625
4.30181e-007	-0.000875
4.30681e-007	-0.0011875
4.31181e-007	-0.000875
4.31681e-007	-0.0005625
4.32181e-007	0.0006875
4.32681e-007	0.000375
4.33181e-007	6.25e-005
4.33681e-007	0.0006875
4.34181e-007	6.25e-005
4.34681e-007	0.000375
4.35181e-007	0.001625
4.35681e-007	0.0006875
4.36181e-007	0.0006875
4.36681e-007	-0.00025
4.37181e-007	0.000375
4.37681e-007	-0.0005625
4.38181e-007	-0.000875
4.38681e-007	-0.0005625
4.39181e-007	-0.0005625
4.39681e-007	-0.000875
4.40181e-007	-0.0005625
4.40681e-007	-0.000875
4.41181e-007	-0.00025
4.41681e-007	0.000375
4.42181e-007	6.25e-005
4.42681e-007	-0.0005625
4.43181e-007	-0.0005625
4.43681e-007	0.0013125
4.44181e-007	0.000375
4.44681e-007	0.0006875
4.45181e-007	-0.00025
4.45681e-007	-0.00025
4.46181e-007	6.25e-005
4.46681e-007	0.001
4.47181e-007	6.25e-005
4.47681e-007	-0.0005625
4.48181e-007	-0.0011875
4.48681e-007	-0.000875
4.49181e-007	-0.0011875
4.49681e-007	-0.0005625
4.50181e-007	-0.00025
4.50681e-007	-0.0005625
4.51181e-007	-0.0005625
4.51681e-007	-0.00025
4.52181e-007	0.000375
4.52681e-007	0.000375
4.53181e-007	0.000375
4.53681e-007	0.0013125
4.54181e-007	0.001625
4.54681e-007	0.0013125
4.55181e-007	0.000375
4.55681e-007	0.000375
4.56181e-007	0.0006875
4.56681e-007	-0.0005625
4.57181e-007	6.25e-005
4.57681e-007	-0.0005625
4.58181e-007	-0.0005625
4.58681e-007	-0.0005625
4.59181e-007	-0.0005625
4.59681e-007	-0.000875
4.60181e-007	-0.0005625
4.60681e-007	-0.000875
4.61181e-007	6.25e-005
4.61681e-007	0.0006875
4.62181e-007	0.0013125
4.62681e-007	0.001
4.63181e-007	0.0006875
4.63681e-007	0.001
4.64181e-007	0.0006875
4.64681e-007	0.001
4.65181e-007	-0.00025
4.65681e-007	-0.0005625
4.66181e-007	-0.00025
4.66681e-007	-0.0005625
4.67181e-007	-0.0005625
4.67681e-007	6.25e-005
4.68181e-007	-0.00025
4.68681e-007	-0.00025
4.69181e-007	-0.000875
4.69681e-007	6.25e-005
4.70181e-007	6.25e-005
4.70681e-007	-0.00025
4.71181e-007	6.25e-005
4.71681e-007	-0.00025
4.72181e-007	0.001
4.72681e-007	0.0013125
4.73181e-007	0.000375
4.73681e-007	0.0013125
4.74181e-007	0.000375
4.74681e-007	-0.00025
4.75181e-007	-0.0005625
4.75681e-007	-0.0005625
4.76181e-007	6.25e-005
4.76681e-007	-0.0005625
4.77181e-007	-0.0005625
4.77681e-007	-0.0005625
4.78181e-007	-0.00025
4.78681e-007	-0.0005625
4.79181e-007	-0.00025
4.79681e-007	6.25e-005
4.80181e-007	-0.00025
4.80681e-007	-0.00025
4.81181e-007	6.25e-005
4.81681e-007	6.25e-005
4.82181e-007	0.0013125
4.82681e-007	0.0006875
4.83181e-007	0.001
4.83681e-007	0.001
4.84181e-007	0.000375
4.84681e-007	0.0006875
4.85181e-007	0.000375
4.85681e-007	6.25e-005
4.86181e-007	-0.0005625
4.86681e-007	-0.0011875
4.87181e-007	-0.0005625
4.87681e-007	-0.0005625
4.88181e-007	-0.00025
4.88681e-007	-0.00025
4.89181e-007	6.25e-005
4.89681e-007	6.25e-005
4.90181e-007	-0.0015
4.90681e-007	-0.0011875
4.91181e-007	-0.0005625
4.91681e-007	0.000375
4.92181e-007	0.0013125
4.92681e-007	0.0006875
4.93181e-007	0.0006875
4.93681e-007	0.000375
4.94181e-007	6.25e-005
4.94681e-007	0.001
4.95181e-007	-0.00025
4.95681e-007	6.25e-005
4.96181e-007	-0.0005625
4.96681e-007	-0.00025
4.97181e-007	6.25e-005
4.97681e-007	-0.0005625
4.98181e-007	-0.0005625
4.98681e-007	6.25e-005
4.99181e-007	-0.00025
4.99681e-007	-0.0005625
5.00181e-007	-0.0005625
5.00681e-007	6.25e-005
5.01181e-007	-0.0005625
5.01681e-007	0.000375
5.02181e-007	0.001625
5.02681e-007	0.000375
5.03181e-007	6.25e-005
5.03681e-007	0.0006875
5.04181e-007	0.0006875
5.04681e-007	0.000375
5.05181e-007	0.0006875
5.05681e-007	6.25e-005
5.06181e-007	-0.0005625
5.06681e-007	-0.0005625
5.07181e-007	6.25e-005
5.07681e-007	6.25e-005
5.08181e-007	-0.00025
5.08681e-007	-0.000875
5.09181e-007	-0.0005625
5.09681e-007	-0.00025
5.10181e-007	-0.0005625
5.10681e-007	-0.00025
5.11181e-007	6.25e-005
5.11681e-007	0.0006875
5.12181e-007	0.000375
5.12681e-007	0.000375
5.13181e-007	6.25e-005
5.13681e-007	6.25e-005
5.14181e-007	0.001
5.14681e-007	0.001
5.15181e-007	6.25e-005
5.15681e-007	6.25e-005
5.16181e-007	6.25e-005
5.16681e-007	6.25e-005
5.17181e-007	-0.0005625
5.17681e-007	-0.0005625
5.18181e-007	-0.0005625
5.18681e-007	-0.00025
5.19181e-007	-0.0005625
5.19681e-007	-0.00025
5.20181e-007	0.000375
5.20681e-007	6.25e-005
5.21181e-007	6.25e-005
5.21681e-007	0.000375
5.22181e-007	0.000375
5.22681e-007	6.25e-005
5.23181e-007	0.0006875
5.23681e-007	0.000375
5.24181e-007	0.0013125
5.24681e-007	0.0013125
5.25181e-007	6.25e-005
5.25681e-007	-0.00025
5.26181e-007	6.25e-005
5.26681e-007	-0.000875
5.27181e-007	-0.000875
5.27681e-007	6.25e-005
5.28181e-007	-0.0005625
5.28681e-007	-0.000875
5.29181e-007	-0.0005625
5.29681e-007	-0.0005625
5.30181e-007	-0.00025
5.30681e-007	6.25e-005
5.31181e-007	0.0006875
5.31681e-007	0.000375
5.32181e-007	0.0006875
5.32681e-007	0.001
5.33181e-007	0.000375
5.33681e-007	0.000375
5.34181e-007	6.25e-005
5.34681e-007	0.000375
5.35181e-007	0.0006875
5.35681e-007	0.0006875
5.36181e-007	-0.00025
5.36681e-007	-0.000875
5.37181e-007	-0.00025
5.37681e-007	6.25e-005
5.38181e-007	-0.0005625
5.38681e-007	6.25e-005
5.39181e-007	0.000375
5.39681e-007	6.25e-005
5.40181e-007	6.25e-005
5.40681e-007	0.001
5.41181e-007	0.001
5.41681e-007	0.000375
5.42181e-007	0.0006875
5.42681e-007	0.000375
5.43181e-007	0.000375
5.43681e-007	0.0006875
5.44181e-007	0.0006875
5.44681e-007	0.000375
5.45181e-007	-0.0005625
5.45681e-007	-0.0011875
5.46181e-007	-0.000875
5.46681e-007	-0.00025
5.47181e-007	-0.0005625
5.47681e-007	-0.0015
5.48181e-007	-0.0011875
5.48681e-007	0.000375
5.49181e-007	0.0006875
5.49681e-007	0.000375
5.50181e-007	0.0006875
5.50681e-007	0.0013125
5.51181e-007	0.0013125
5.51681e-007	0.0006875
5.52181e-007	0.001
5.52681e-007	0.000375
5.53181e-007	0.000375
5.53681e-007	0.001
5.54181e-007	6.25e-005
5.54681e-007	6.25e-005
5.55181e-007	6.25e-005
5.55681e-007	-0.00025
5.56181e-007	-0.000875
5.56681e-007	-0.0011875
5.57181e-007	-0.000875
5.57681e-007	-0.0015
5.58181e-007	-0.0005625
5.58681e-007	0.000375
5.59181e-007	0.0006875
5.59681e-007	0.000375
5.60181e-007	6.25e-005
5.60681e-007	0.001
5.61181e-007	0.001625
5.61681e-007	0.001625
5.62181e-007	0.0013125
5.62681e-007	0.001
5.63181e-007	0.000375
5.63681e-007	6.25e-005
5.64181e-007	6.25e-005
5.64681e-007	-0.00025
5.65181e-007	-0.0005625
5.65681e-007	-0.000875
5.66181e-007	-0.0011875
5.66681e-007	-0.0011875
5.67181e-007	-0.0015
5.67681e-007	-0.0011875
5.68181e-007	-0.000875
5.68681e-007	-0.0005625
5.69181e-007	6.25e-005
5.69681e-007	0.0006875
5.70181e-007	0.001625
5.70681e-007	0.0019375
5.71181e-007	0.0006875
5.71681e-007	0.001
5.72181e-007	0.0013125
5.72681e-007	0.0006875
5.73181e-007	0.0006875
5.73681e-007	0.000375
5.74181e-007	0.000375
5.74681e-007	0.000375
5.75181e-007	-0.00025
5.75681e-007	-0.000875
5.76181e-007	-0.0011875
5.76681e-007	-0.0015
5.77181e-007	-0.000875
5.77681e-007	-0.0005625
5.78181e-007	-0.000875
5.78681e-007	-0.0005625
5.79181e-007	0.0006875
5.79681e-007	0.001
5.80181e-007	0.0006875
5.80681e-007	0.0013125
5.81181e-007	0.001625
5.81681e-007	0.0013125
5.82181e-007	0.001
5.82681e-007	0.0013125
5.83181e-007	0.0006875
5.83681e-007	0.000375
5.84181e-007	6.25e-005
5.84681e-007	6.25e-005
5.85181e-007	-0.00025
5.85681e-007	-0.000875
5.86181e-007	-0.0005625
5.86681e-007	-0.000875
5.87181e-007	-0.000875
5.87681e-007	-0.0005625
5.88181e-007	-0.0005625
5.88681e-007	6.25e-005
5.89181e-007	0.001
5.89681e-007	0.001
5.90181e-007	0.001
5.90681e-007	0.0006875
5.91181e-007	0.001
5.91681e-007	0.001
5.92181e-007	0.000375
5.92681e-007	0.0006875
5.93181e-007	0.000375
5.93681e-007	-0.00025
5.94181e-007	0.000375
5.94681e-007	6.25e-005
5.95181e-007	-0.00025
5.95681e-007	-0.000875
5.96181e-007	-0.0005625
5.96681e-007	6.25e-005
5.97181e-007	-0.0005625
5.97681e-007	-0.00025
5.98181e-007	0.000375
5.98681e-007	0.001
5.99181e-007	0.000375
5.99681e-007	-0.00025
6.00181e-007	0.001
6.00681e-007	0.001625
6.01181e-007	0.000375
6.01681e-007	-0.00025
6.02181e-007	6.25e-005
6.02681e-007	0.0006875
6.03181e-007	6.25e-005
6.03681e-007	-0.0005625
6.04181e-007	6.25e-005
6.04681e-007	-0.00025
6.05181e-007	-0.0005625
6.05681e-007	-0.000875
6.06181e-007	-0.00025
6.06681e-007	-0.00025
6.07181e-007	6.25e-005
6.07681e-007	6.25e-005
6.08181e-007	0.000375
6.08681e-007	0.000375
6.09181e-007	0.0013125
6.09681e-007	0.0013125
6.10181e-007	0.0013125
6.10681e-007	0.001
6.11181e-007	0.0006875
6.11681e-007	0.0006875
6.12181e-007	6.25e-005
6.12681e-007	0.000375
6.13181e-007	-0.0005625
6.13681e-007	-0.0005625
6.14181e-007	-0.0005625
6.14681e-007	-0.000875
6.15181e-007	-0.0005625
6.15681e-007	-0.00025
6.16181e-007	-0.0005625
6.16681e-007	0.0006875
6.17181e-007	0.000375
6.17681e-007	0.0006875
6.18181e-007	6.25e-005
6.18681e-007	0.0013125
6.19181e-007	0.0013125
6.19681e-007	0.001
6.20181e-007	0.001
6.20681e-007	0.001
6.21181e-007	0.0006875
6.21681e-007	6.25e-005
6.22181e-007	-0.0005625
6.22681e-007	-0.00025
6.23181e-007	-0.0005625
6.23681e-007	-0.0011875
6.24181e-007	-0.0005625
6.24681e-007	-0.000875
6.25181e-007	-0.0005625
6.25681e-007	-0.0005625
6.26181e-007	0.000375
6.26681e-007	0.000375
6.27181e-007	0.0006875
6.27681e-007	0.0013125
6.28181e-007	0.0013125
6.28681e-007	0.001
6.29181e-007	0.0013125
6.29681e-007	0.001
6.30181e-007	0.001625
6.30681e-007	0.0006875
6.31181e-007	0.000375
6.31681e-007	0.000375
6.32181e-007	6.25e-005
6.32681e-007	-0.000875
6.33181e-007	-0.000875
6.33681e-007	-0.0005625
6.34181e-007	-0.00025
6.34681e-007	-0.000875
6.35181e-007	-0.000875
6.35681e-007	-0.0005625
6.36181e-007	-0.00025
6.36681e-007	6.25e-005
6.37181e-007	-0.0005625
6.37681e-007	0.0006875
6.38181e-007	0.001
6.38681e-007	0.0019375
6.39181e-007	0.0013125
6.39681e-007	0.001625
6.40181e-007	0.001625
6.40681e-007	0.0013125
6.41181e-007	0.0006875
6.41681e-007	0.000375
6.42181e-007	-0.00025
6.42681e-007	-0.00025
6.43181e-007	-0.0005625
6.43681e-007	-0.0005625
6.44181e-007	-0.000875
6.44681e-007	-0.000875
6.45181e-007	-0.0005625
6.45681e-007	-0.0011875
6.46181e-007	-0.0005625
6.46681e-007	-0.0005625
6.47181e-007	-0.00025
6.47681e-007	0.0006875
6.48181e-007	0.001
6.48681e-007	0.001
6.49181e-007	0.00225
6.49681e-007	0.001625
6.50181e-007	0.001625
6.50681e-007	0.001
6.51181e-007	0.000375
6.51681e-007	0.000375
6.52181e-007	0.001625
6.52681e-007	0.001
6.53181e-007	6.25e-005
6.53681e-007	-0.000875
6.54181e-007	-0.0005625
6.54681e-007	-0.000875
6.55181e-007	-0.0011875
6.55681e-007	-0.0018125
6.56181e-007	-0.0018125
6.56681e-007	-0.0011875
6.57181e-007	6.25e-005
6.57681e-007	0.000375
6.58181e-007	6.25e-005
6.58681e-007	0.000375
6.59181e-007	0.0006875
6.59681e-007	0.0013125
6.60181e-007	0.0013125
6.60681e-007	0.001625
6.61181e-007	0.001
6.61681e-007	0.001625
6.62181e-007	0.000375
6.62681e-007	0.0006875
6.63181e-007	0.000375
6.63681e-007	-0.00025
6.64181e-007	-0.0005625
6.64681e-007	-0.0011875
6.65181e-007	-0.0015
6.65681e-007	-0.0011875
6.66181e-007	-0.0011875
6.66681e-007	-0.0005625
6.67181e-007	-0.0005625
6.67681e-007	-0.0005625
6.68181e-007	-0.0005625
6.68681e-007	-0.00025
6.69181e-007	0.001
6.69681e-007	0.001
6.70181e-007	0.001
6.70681e-007	0.001
6.71181e-007	0.0019375
6.71681e-007	0.001625
6.72181e-007	0.0013125
6.72681e-007	0.001625
6.73181e-007	0.0006875
6.73681e-007	6.25e-005
6.74181e-007	6.25e-005
6.74681e-007	-0.000875
6.75181e-007	-0.00025
6.75681e-007	-0.0011875
6.76181e-007	-0.0011875
6.76681e-007	-0.0011875
6.77181e-007	-0.0011875
6.77681e-007	-0.000875
6.78181e-007	-0.0005625
6.78681e-007	-0.00025
6.79181e-007	6.25e-005
6.79681e-007	0.001
6.80181e-007	0.0013125
6.80681e-007	0.0013125
6.81181e-007	0.0013125
6.81681e-007	0.0013125
6.82181e-007	0.001
6.82681e-007	0.001
6.83181e-007	0.000375
6.83681e-007	6.25e-005
6.84181e-007	-0.0005625
6.84681e-007	6.25e-005
6.85181e-007	-0.000875
6.85681e-007	-0.0011875
6.86181e-007	-0.0011875
6.86681e-007	-0.000875
6.87181e-007	-0.000875
6.87681e-007	-0.000875
6.88181e-007	-0.00025
6.88681e-007	0.000375
6.89181e-007	-0.0005625
6.89681e-007	0.0006875
6.90181e-007	0.001625
6.90681e-007	0.001
6.91181e-007	0.0013125
6.91681e-007	0.0013125
6.92181e-007	0.0013125
6.92681e-007	0.000375
6.93181e-007	0.0006875
6.93681e-007	6.25e-005
6.94181e-007	-0.0005625
6.94681e-007	-0.000875
6.95181e-007	-0.000875
6.95681e-007	-0.0011875
6.96181e-007	-0.0005625
6.96681e-007	-0.000875
6.97181e-007	-0.0005625
6.97681e-007	-0.0005625
6.98181e-007	-0.00025
6.98681e-007	6.25e-005
6.99181e-007	0.0006875
6.99681e-007	0.0006875
7.00181e-007	0.001
7.00681e-007	0.001625
7.01181e-007	0.001625
7.01681e-007	0.0006875
7.02181e-007	0.0006875
7.02681e-007	6.25e-005
7.03181e-007	6.25e-005
7.03681e-007	0.000375
7.04181e-007	-0.0005625
7.04681e-007	-0.0011875
7.05181e-007	-0.0011875
7.05681e-007	-0.0011875
7.06181e-007	-0.0011875
7.06681e-007	-0.000875
7.07181e-007	-0.0005625
7.07681e-007	6.25e-005
7.08181e-007	6.25e-005
7.08681e-007	0.0006875
7.09181e-007	0.001
7.09681e-007	0.0013125
7.10181e-007	0.001
7.10681e-007	0.0019375
7.11181e-007	0.001625
7.11681e-007	0.001
7.12181e-007	0.0006875
7.12681e-007	6.25e-005
7.13181e-007	-0.0005625
7.13681e-007	-0.000875
7.14181e-007	-0.0005625
7.14681e-007	-0.0011875
7.15181e-007	-0.002125
7.15681e-007	-0.0015
7.16181e-007	-0.0005625
7.16681e-007	-0.000875
7.17181e-007	-0.0005625
7.17681e-007	-0.00025
7.18181e-007	0.000375
7.18681e-007	0.0013125
7.19181e-007	0.0019375
7.19681e-007	0.001625
7.20181e-007	0.0019375
7.20681e-007	0.0019375
7.21181e-007	0.001625
7.21681e-007	0.001625
7.22181e-007	0.0006875
7.22681e-007	-0.000875
7.23181e-007	-0.0005625
7.23681e-007	-0.000875
7.24181e-007	-0.0015
7.24681e-007	-0.0018125
7.25181e-007	-0.0018125
7.25681e-007	-0.0024375
7.26181e-007	-0.0018125
7.26681e-007	-0.0005625
7.27181e-007	-0.0005625
7.27681e-007	0.000375
7.28181e-007	6.25e-005
7.28681e-007	0.0006875
7.29181e-007	0.00225
7.29681e-007	0.0025625
7.30181e-007	0.00225
7.30681e-007	0.0013125
7.31181e-007	0.000375
7.31681e-007	0.0013125
7.32181e-007	0.000375
7.32681e-007	-0.00025
7.33181e-007	-0.0011875
7.33681e-007	-0.0018125
7.34181e-007	-0.0018125
7.34681e-007	-0.0015
7.35181e-007	-0.0018125
7.35681e-007	-0.0018125
7.36181e-007	-0.0011875
7.36681e-007	6.25e-005
7.37181e-007	-0.0005625
7.37681e-007	0.0006875
7.38181e-007	0.0013125
7.38681e-007	0.0019375
7.39181e-007	0.0019375
7.39681e-007	0.0019375
7.40181e-007	0.0025625
7.40681e-007	0.001625
7.41181e-007	0.001
7.41681e-007	0.0013125
7.42181e-007	0.000375
7.42681e-007	-0.0005625
7.43181e-007	-0.0011875
7.43681e-007	-0.0018125
7.44181e-007	-0.0015
7.44681e-007	-0.0024375
7.45181e-007	-0.0011875
7.45681e-007	-0.000875
7.46181e-007	-0.0005625
7.46681e-007	-0.000875
7.47181e-007	-0.00025
7.47681e-007	0.000375
7.48181e-007	0.000375
7.48681e-007	0.0013125
7.49181e-007	0.00225
7.49681e-007	0.0019375
7.50181e-007	0.0013125
7.50681e-007	0.0013125
7.51181e-007	0.001625
7.51681e-007	0.001
7.52181e-007	-0.00025
7.52681e-007	-0.0005625
7.53181e-007	-0.000875
7.53681e-007	-0.000875
7.54181e-007	-0.002125
7.54681e-007	-0.0018125
7.55181e-007	-0.0011875
7.55681e-007	-0.000875
7.56181e-007	-0.0011875
7.56681e-007	-0.000875
7.57181e-007	-0.00025
7.57681e-007	0.001
7.58181e-007	0.0006875
7.58681e-007	0.0013125
7.59181e-007	0.001625
7.59681e-007	0.0019375
7.60181e-007	0.0013125
7.60681e-007	0.0019375
7.61181e-007	0.001625
7.61681e-007	0.001
7.62181e-007	6.25e-005
7.62681e-007	0.000375
7.63181e-007	-0.0005625
7.63681e-007	-0.0015
7.64181e-007	-0.0015
7.64681e-007	-0.000875
7.65181e-007	-0.0005625
7.65681e-007	-0.0011875
7.66181e-007	-0.0005625
7.66681e-007	0.0006875
7.67181e-007	6.25e-005
7.67681e-007	6.25e-005
7.68181e-007	0.0006875
7.68681e-007	0.0006875
7.69181e-007	0.0013125
7.69681e-007	0.001
7.70181e-007	0.0013125
7.70681e-007	0.0006875
7.71181e-007	0.0006875
7.71681e-007	6.25e-005
7.72181e-007	-0.0005625
7.72681e-007	-0.0005625
7.73181e-007	-0.0005625
7.73681e-007	-0.00025
7.74181e-007	-0.0005625
7.74681e-007	-0.0011875
7.75181e-007	-0.0005625
7.75681e-007	-0.00025
7.76181e-007	-0.000875
7.76681e-007	0.000375
7.77181e-007	0.0006875
7.77681e-007	0.0006875
7.78181e-007	0.001
7.78681e-007	0.0013125
7.79181e-007	6.25e-005
7.79681e-007	6.25e-005
7.80181e-007	0.001
7.80681e-007	0.0019375
7.81181e-007	0.0006875
7.81681e-007	0.000375
7.82181e-007	-0.0005625
7.82681e-007	6.25e-005
7.83181e-007	-0.0005625
7.83681e-007	-0.0011875
7.84181e-007	-0.0005625
7.84681e-007	-0.000875
7.85181e-007	-0.0005625
7.85681e-007	6.25e-005
7.86181e-007	6.25e-005
7.86681e-007	0.0006875
7.87181e-007	0.000375
7.87681e-007	6.25e-005
7.88181e-007	6.25e-005
7.88681e-007	6.25e-005
7.89181e-007	0.001625
7.89681e-007	0.001
7.90181e-007	0.000375
7.90681e-007	-0.00025
7.91181e-007	-0.00025
7.91681e-007	6.25e-005
7.92181e-007	6.25e-005
7.92681e-007	-0.00025
7.93181e-007	-0.000875
7.93681e-007	-0.0015
7.94181e-007	-0.0005625
7.94681e-007	-0.0005625
7.95181e-007	6.25e-005
7.95681e-007	6.25e-005
7.96181e-007	0.0006875
7.96681e-007	0.000375
7.97181e-007	6.25e-005
7.97681e-007	6.25e-005
7.98181e-007	0.000375
7.98681e-007	0.0006875
7.99181e-007	0.0013125
7.99681e-007	6.25e-005
8.00181e-007	6.25e-005
8.00681e-007	0.000375
8.01181e-007	6.25e-005
8.01681e-007	6.25e-005
8.02181e-007	-0.000875
8.02681e-007	-0.00025
8.03181e-007	-0.0005625
8.03681e-007	-0.0005625
8.04181e-007	6.25e-005
8.04681e-007	6.25e-005
8.05181e-007	-0.00025
8.05681e-007	6.25e-005
8.06181e-007	6.25e-005
8.06681e-007	6.25e-005
8.07181e-007	-0.000875
8.07681e-007	6.25e-005
8.08181e-007	0.000375
8.08681e-007	0.0013125
8.09181e-007	0.0006875
8.09681e-007	0.000375
8.10181e-007	6.25e-005
8.10681e-007	6.25e-005
8.11181e-007	0.0006875
8.11681e-007	6.25e-005
8.12181e-007	-0.0005625
8.12681e-007	-0.0005625
8.13181e-007	-0.00025
8.13681e-007	-0.00025
8.14181e-007	0.000375
8.14681e-007	6.25e-005
8.15181e-007	-0.00025
8.15681e-007	-0.0005625
8.16181e-007	0.000375
8.16681e-007	6.25e-005
8.17181e-007	0.0006875
8.17681e-007	0.000375
8.18181e-007	0.0006875
8.18681e-007	0.001
8.19181e-007	6.25e-005
8.19681e-007	-0.00025
8.20181e-007	0.001
8.20681e-007	-0.00025
8.21181e-007	-0.0005625
8.21681e-007	-0.00025
8.22181e-007	0.000375
8.22681e-007	0.000375
8.23181e-007	-0.000875
8.23681e-007	-0.0005625
8.24181e-007	0.000375
8.24681e-007	0.000375
8.25181e-007	-0.00025
8.25681e-007	-0.00025
8.26181e-007	0.000375
8.26681e-007	6.25e-005
8.27181e-007	0.000375
8.27681e-007	0.0006875
8.28181e-007	6.25e-005
8.28681e-007	0.001
8.29181e-007	6.25e-005
8.29681e-007	6.25e-005
8.30181e-007	6.25e-005
8.30681e-007	0.0006875
8.31181e-007	0.000375
8.31681e-007	-0.00025
8.32181e-007	6.25e-005
8.32681e-007	-0.000875
8.33181e-007	-0.0011875
8.33681e-007	-0.00025
8.34181e-007	-0.0005625
8.34681e-007	-0.00025
8.35181e-007	6.25e-005
8.35681e-007	-0.0005625
8.36181e-007	-0.00025
8.36681e-007	6.25e-005
8.37181e-007	6.25e-005
8.37681e-007	6.25e-005
8.38181e-007	6.25e-005
8.38681e-007	6.25e-005
8.39181e-007	6.25e-005
8.39681e-007	6.25e-005
8.40181e-007	6.25e-005
8.40681e-007	0.000375
8.41181e-007	-0.00025
8.41681e-007	-0.000875
8.42181e-007	-0.00025
8.42681e-007	-0.0005625
8.43181e-007	-0.0005625
8.43681e-007	-0.0005625
8.44181e-007	-0.0005625
8.44681e-007	0.0006875
8.45181e-007	6.25e-005
8.45681e-007	-0.00025
8.46181e-007	0.000375
8.46681e-007	0.000375
8.47181e-007	6.25e-005
8.47681e-007	0.001
8.48181e-007	0.000375
8.48681e-007	-0.00025
8.49181e-007	0.0006875
8.49681e-007	0.0006875
8.50181e-007	0.0006875
8.50681e-007	0.000375
8.51181e-007	-0.0005625
8.51681e-007	-0.0005625
8.52181e-007	-0.00025
8.52681e-007	-0.0005625
8.53181e-007	-0.0005625
8.53681e-007	6.25e-005
8.54181e-007	-0.00025
8.54681e-007	6.25e-005
8.55181e-007	6.25e-005
8.55681e-007	0.000375
8.56181e-007	6.25e-005
8.56681e-007	-0.0005625
8.57181e-007	-0.00025
8.57681e-007	0.000375
8.58181e-007	0.0006875
8.58681e-007	0.000375
8.59181e-007	0.0006875
8.59681e-007	6.25e-005
8.60181e-007	6.25e-005
8.60681e-007	-0.00025
8.61181e-007	-0.00025
8.61681e-007	-0.0005625
8.62181e-007	-0.000875
8.62681e-007	-0.000875
8.63181e-007	-0.0005625
8.63681e-007	6.25e-005
8.64181e-007	0.000375
8.64681e-007	-0.000875
8.65181e-007	6.25e-005
8.65681e-007	6.25e-005
8.66181e-007	6.25e-005
8.66681e-007	0.000375
8.67181e-007	0.0006875
8.67681e-007	0.001
8.68181e-007	0.0006875
8.68681e-007	0.0006875
8.69181e-007	0.0006875
8.69681e-007	0.0006875
8.70181e-007	0.0006875
8.70681e-007	-0.0005625
8.71181e-007	-0.0005625
8.71681e-007	6.25e-005
8.72181e-007	-0.0005625
8.72681e-007	-0.00025
8.73181e-007	-0.0005625
8.73681e-007	-0.00025
8.74181e-007	0.000375
8.74681e-007	-0.0005625
8.75181e-007	-0.0011875
8.75681e-007	-0.000875
8.76181e-007	-0.0005625
8.76681e-007	0.000375
8.77181e-007	0.000375
8.77681e-007	0.001
8.78181e-007	0.0006875
8.78681e-007	0.0013125
8.79181e-007	0.001
8.79681e-007	6.25e-005
8.80181e-007	-0.00025
8.80681e-007	-0.0005625
8.81181e-007	6.25e-005
8.81681e-007	0.000375
8.82181e-007	6.25e-005
8.82681e-007	-0.0005625
8.83181e-007	-0.0005625
8.83681e-007	0.000375
8.84181e-007	-0.0005625
8.84681e-007	-0.000875
8.85181e-007	6.25e-005
8.85681e-007	-0.0005625
8.86181e-007	-0.00025
8.86681e-007	0.000375
8.87181e-007	6.25e-005
8.87681e-007	6.25e-005
8.88181e-007	-0.0005625
8.88681e-007	0.000375
8.89181e-007	0.0006875
8.89681e-007	6.25e-005
8.90181e-007	6.25e-005
8.90681e-007	-0.00025
8.91181e-007	-0.00025
8.91681e-007	0.0006875
8.92181e-007	0.0006875
8.92681e-007	-0.0005625
8.93181e-007	-0.0005625
8.93681e-007	6.25e-005
8.94181e-007	6.25e-005
8.94681e-007	-0.00025
8.95181e-007	-0.00025
8.95681e-007	-0.0005625
8.96181e-007	-0.0005625
8.96681e-007	-0.00025
8.97181e-007	0.000375
8.97681e-007	0.001
8.98181e-007	6.25e-005
8.98681e-007	6.25e-005
8.99181e-007	6.25e-005
8.99681e-007	0.000375
9.00181e-007	0.000375
9.00681e-007	6.25e-005
9.01181e-007	-0.00025
9.01681e-007	6.25e-005
9.02181e-007	6.25e-005
9.02681e-007	0.000375
9.03181e-007	-0.00025
9.03681e-007	0.000375
9.04181e-007	6.25e-005
9.04681e-007	0.000375
9.05181e-007	0.001
9.05681e-007	0.000375
9.06181e-007	6.25e-005
9.06681e-007	-0.0005625
9.07181e-007	-0.00025
9.07681e-007	6.25e-005
9.08181e-007	-0.0005625
9.08681e-007	-0.0005625
9.09181e-007	-0.00025
9.09681e-007	-0.00025
9.10181e-007	6.25e-005
9.10681e-007	-0.0005625
9.11181e-007	0.0006875
9.11681e-007	0.0006875
9.12181e-007	6.25e-005
9.12681e-007	6.25e-005
9.13181e-007	0.0006875
9.13681e-007	0.001
9.14181e-007	0.000375
9.14681e-007	0.000375
9.15181e-007	0.000375
9.15681e-007	-0.0005625
9.16181e-007	0.0006875
9.16681e-007	0.000375
9.17181e-007	-0.00025
9.17681e-007	-0.00025
9.18181e-007	-0.000875
9.18681e-007	-0.00025
9.19181e-007	-0.00025
9.19681e-007	-0.0005625
9.20181e-007	-0.0005625
9.20681e-007	-0.00025
9.21181e-007	6.25e-005
9.21681e-007	6.25e-005
9.22181e-007	0.0006875
9.22681e-007	0.0013125
9.23181e-007	6.25e-005
9.23681e-007	0.001
9.24181e-007	0.001
9.24681e-007	0.001625
9.25181e-007	0.000375
9.25681e-007	0.000375
9.26181e-007	0.000375
9.26681e-007	6.25e-005
9.27181e-007	-0.000875
9.27681e-007	-0.000875
9.28181e-007	-0.000875
9.28681e-007	-0.00025
9.29181e-007	-0.000875
9.29681e-007	-0.000875
9.30181e-007	-0.0005625
9.30681e-007	-0.0005625
9.31181e-007	-0.000875
9.31681e-007	-0.0011875
9.32181e-007	6.25e-005
9.32681e-007	0.0013125
9.33181e-007	0.0013125
9.33681e-007	0.0006875
9.34181e-007	0.001
9.34681e-007	0.001625
9.35181e-007	0.0006875
9.35681e-007	6.25e-005
9.36181e-007	6.25e-005
9.36681e-007	6.25e-005
9.37181e-007	0.0006875
9.37681e-007	6.25e-005
9.38181e-007	-0.0005625
9.38681e-007	-0.000875
9.39181e-007	-0.0005625
9.39681e-007	-0.000875
9.40181e-007	-0.0011875
9.40681e-007	-0.000875
9.41181e-007	6.25e-005
9.41681e-007	-0.0005625
9.42181e-007	-0.0005625
9.42681e-007	6.25e-005
9.43181e-007	-0.00025
9.43681e-007	0.000375
9.44181e-007	0.001
9.44681e-007	0.001
9.45181e-007	0.000375
9.45681e-007	0.0006875
9.46181e-007	0.001
9.46681e-007	0.001625
9.47181e-007	0.000375
9.47681e-007	-0.0005625
9.48181e-007	-0.00025
9.48681e-007	-0.00025
9.49181e-007	-0.000875
9.49681e-007	-0.0011875
9.50181e-007	-0.0011875
9.50681e-007	-0.000875
9.51181e-007	-0.000875
9.51681e-007	-0.0005625
9.52181e-007	6.25e-005
9.52681e-007	-0.00025
9.53181e-007	6.25e-005
9.53681e-007	0.000375
9.54181e-007	0.0013125
9.54681e-007	0.0006875
9.55181e-007	0.001
9.55681e-007	0.0013125
9.56181e-007	0.000375
9.56681e-007	6.25e-005
9.57181e-007	0.000375
9.57681e-007	0.000375
9.58181e-007	0.0006875
9.58681e-007	-0.0005625
9.59181e-007	-0.0005625
9.59681e-007	-0.000875
9.60181e-007	-0.000875
9.60681e-007	-0.000875
9.61181e-007	-0.000875
9.61681e-007	-0.000875
9.62181e-007	-0.00025
9.62681e-007	-0.00025
9.63181e-007	6.25e-005
9.63681e-007	6.25e-005
9.64181e-007	0.0006875
9.64681e-007	0.001
9.65181e-007	0.0006875
9.65681e-007	6.25e-005
9.66181e-007	6.25e-005
9.66681e-007	0.0013125
9.67181e-007	0.000375
9.67681e-007	0.0006875
9.68181e-007	-0.00025
9.68681e-007	6.25e-005
9.69181e-007	-0.00025
9.69681e-007	-0.0011875
9.70181e-007	-0.000875
9.70681e-007	-0.0005625
9.71181e-007	-0.0005625
9.71681e-007	-0.0005625
9.72181e-007	-0.0005625
9.72681e-007	0.000375
9.73181e-007	-0.00025
9.73681e-007	6.25e-005
9.74181e-007	0.000375
9.74681e-007	0.000375
9.75181e-007	6.25e-005
9.75681e-007	-0.0005625
9.76181e-007	0.001
9.76681e-007	0.0006875
9.77181e-007	0.000375
9.77681e-007	0.0006875
9.78181e-007	-0.0005625
9.78681e-007	-0.0005625
9.79181e-007	6.25e-005
9.79681e-007	6.25e-005
9.80181e-007	6.25e-005
9.80681e-007	-0.0015
9.81181e-007	-0.00025
9.81681e-007	6.25e-005
9.82181e-007	6.25e-005
9.82681e-007	6.25e-005
9.83181e-007	6.25e-005
9.83681e-007	-0.00025
9.84181e-007	-0.00025
9.84681e-007	0.000375
9.85181e-007	0.001
9.85681e-007	0.0006875
9.86181e-007	0.0006875
9.86681e-007	0.0006875
9.87181e-007	6.25e-005
9.87681e-007	6.25e-005
9.88181e-007	6.25e-005
9.88681e-007	0.001
9.89181e-007	-0.00025
9.89681e-007	-0.0005625
9.90181e-007	-0.00025
9.90681e-007	-0.000875
9.91181e-007	-0.0005625
9.91681e-007	0.000375
9.92181e-007	0.001
9.92681e-007	0.0006875
9.93181e-007	-0.00025
9.93681e-007	0.000375
9.94181e-007	6.25e-005
9.94681e-007	0.0006875
9.95181e-007	0.0006875
9.95681e-007	6.25e-005
9.96181e-007	0.0006875
9.96681e-007	0.0006875
9.97181e-007	-0.00025
9.97681e-007	-0.00025
9.98181e-007	-0.0005625
9.98681e-007	-0.0005625
9.99181e-007	-0.0005625
9.99681e-007	-0.0005625
1.000181e-006	-0.0005625
1.000681e-006	-0.0011875
1.001181e-006	6.25e-005
1.001681e-006	0.0006875
1.002181e-006	0.001
1.002681e-006	0.000375
1.003181e-006	0.0006875
1.003681e-006	0.001
1.004181e-006	0.0006875
1.004681e-006	0.0006875
1.005181e-006	0.0006875
1.005681e-006	0.000375
1.006181e-006	0.000375
1.006681e-006	6.25e-005
1.007181e-006	-0.00025
1.007681e-006	-0.0005625
1.008181e-006	-0.0005625
1.008681e-006	-0.000875
1.009181e-006	-0.000875
1.009681e-006	-0.0005625
1.010181e-006	-0.0015
1.010681e-006	-0.0011875
1.011181e-006	-0.0005625
1.011681e-006	0.000375
1.012181e-006	0.0006875
1.012681e-006	0.0006875
1.013181e-006	0.0006875
1.013681e-006	0.001
1.014181e-006	0.001
1.014681e-006	0.0013125
1.015181e-006	0.0006875
1.015681e-006	0.001
1.016181e-006	6.25e-005
1.016681e-006	0.000375
1.017181e-006	0.0006875
1.017681e-006	-0.00025
1.018181e-006	-0.0005625
1.018681e-006	-0.000875
1.019181e-006	-0.0011875
1.019681e-006	-0.000875
1.020181e-006	-0.0015
1.020681e-006	-0.0015
1.021181e-006	-0.00025
1.021681e-006	6.25e-005
1.022181e-006	6.25e-005
1.022681e-006	0.000375
1.023181e-006	0.001
1.023681e-006	0.0006875
1.024181e-006	0.0013125
1.024681e-006	0.001625
1.025181e-006	0.001
1.025681e-006	0.001
1.026181e-006	0.001
1.026681e-006	0.001
1.027181e-006	0.0006875
1.027681e-006	6.25e-005
1.028181e-006	-0.000875
1.028681e-006	-0.000875
1.029181e-006	-0.000875
1.029681e-006	-0.0005625
1.030181e-006	-0.000875
1.030681e-006	-0.000875
1.031181e-006	-0.0005625
1.031681e-006	-0.000875
1.032181e-006	-0.0005625
1.032681e-006	6.25e-005
1.033181e-006	6.25e-005
1.033681e-006	0.000375
1.034181e-006	0.0013125
1.034681e-006	0.001625
1.035181e-006	0.0006875
1.035681e-006	0.000375
1.036181e-006	0.0006875
1.036681e-006	0.001
1.037181e-006	0.001
1.037681e-006	0.000375
1.038181e-006	0.0006875
1.038681e-006	6.25e-005
1.039181e-006	-0.0005625
1.039681e-006	-0.0005625
1.040181e-006	-0.00025
1.040681e-006	-0.0005625
1.041181e-006	-0.000875
1.041681e-006	-0.000875
1.042181e-006	-0.0011875
1.042681e-006	-0.0005625
1.043181e-006	0.0006875
1.043681e-006	-0.00025
1.044181e-006	0.000375
1.044681e-006	0.001
1.045181e-006	6.25e-005
1.045681e-006	0.0006875
1.046181e-006	0.000375
1.046681e-006	0.001
1.047181e-006	0.0006875
1.047681e-006	0.000375
1.048181e-006	0.000375
1.048681e-006	6.25e-005
1.049181e-006	0.000375
1.049681e-006	-0.00025
1.050181e-006	-0.0011875
1.050681e-006	-0.0005625
1.051181e-006	6.25e-005
1.051681e-006	-0.00025
1.052181e-006	-0.000875
1.052681e-006	-0.000875
1.053181e-006	-0.0005625
1.053681e-006	-0.0005625
1.054181e-006	6.25e-005
1.054681e-006	6.25e-005
1.055181e-006	0.000375
1.055681e-006	0.0006875
1.056181e-006	0.001
1.056681e-006	0.000375
1.057181e-006	0.001
1.057681e-006	0.001625
1.058181e-006	0.0013125
1.058681e-006	6.25e-005
1.059181e-006	6.25e-005
1.059681e-006	6.25e-005
1.060181e-006	0.0006875
1.060681e-006	-0.0005625
1.061181e-006	-0.0011875
1.061681e-006	-0.0005625
1.062181e-006	6.25e-005
1.062681e-006	-0.0005625
1.063181e-006	-0.0005625
1.063681e-006	-0.000875
1.064181e-006	6.25e-005
1.064681e-006	0.000375
1.065181e-006	0.000375
1.065681e-006	6.25e-005
1.066181e-006	-0.00025
1.066681e-006	0.001
1.067181e-006	0.0006875
1.067681e-006	0.001
1.068181e-006	0.000375
1.068681e-006	0.0006875
1.069181e-006	0.001
1.069681e-006	0.001
1.070181e-006	0.0006875
1.070681e-006	0.000375
1.071181e-006	-0.0005625
1.071681e-006	-0.0005625
1.072181e-006	-0.000875
1.072681e-006	-0.00025
1.073181e-006	-0.000875
1.073681e-006	-0.000875
1.074181e-006	0.000375
1.074681e-006	0.000375
1.075181e-006	0.000375
1.075681e-006	-0.00025
1.076181e-006	0.000375
1.076681e-006	0.001
1.077181e-006	0.0013125
1.077681e-006	0.001625
1.078181e-006	0.0013125
1.078681e-006	0.000375
1.079181e-006	0.000375
1.079681e-006	-0.0005625
1.080181e-006	6.25e-005
1.080681e-006	-0.00025
1.081181e-006	-0.00025
1.081681e-006	-0.00025
1.082181e-006	-0.0005625
1.082681e-006	-0.0005625
1.083181e-006	-0.00025
1.083681e-006	0.000375
1.084181e-006	0.000375
1.084681e-006	-0.00025
1.085181e-006	0.001
1.085681e-006	0.001
1.086181e-006	0.0006875
1.086681e-006	0.000375
1.087181e-006	0.000375
1.087681e-006	0.0013125
1.088181e-006	0.000375
1.088681e-006	0.0006875
1.089181e-006	-0.00025
1.089681e-006	-0.00025
1.090181e-006	-0.00025
1.090681e-006	-0.0005625
1.091181e-006	-0.000875
1.091681e-006	-0.000875
1.092181e-006	-0.000875
1.092681e-006	0.000375
1.093181e-006	6.25e-005
1.093681e-006	-0.00025
1.094181e-006	-0.00025
1.094681e-006	0.000375
1.095181e-006	0.0013125
1.095681e-006	0.0013125
1.096181e-006	0.001625
1.096681e-006	0.001
1.097181e-006	0.000375
1.097681e-006	0.0006875
1.098181e-006	6.25e-005
1.098681e-006	6.25e-005
1.099181e-006	6.25e-005
1.099681e-006	-0.0005625
1.100181e-006	-0.0005625
1.100681e-006	-0.0011875
1.101181e-006	-0.00025
1.101681e-006	-0.0005625
1.102181e-006	-0.000875
1.102681e-006	-0.0005625
1.103181e-006	6.25e-005
1.103681e-006	6.25e-005
1.104181e-006	0.000375
1.104681e-006	0.0013125
1.105181e-006	0.0019375
1.105681e-006	0.0006875
1.106181e-006	0.0013125
1.106681e-006	0.0019375
1.107181e-006	0.001
1.107681e-006	-0.00025
1.108181e-006	0.000375
1.108681e-006	6.25e-005
1.109181e-006	-0.000875
1.109681e-006	-0.0011875
1.110181e-006	-0.0011875
1.110681e-006	-0.0015
1.111181e-006	-0.0011875
1.111681e-006	-0.000875
1.112181e-006	-0.000875
1.112681e-006	6.25e-005
1.113181e-006	6.25e-005
1.113681e-006	0.000375
1.114181e-006	0.0006875
1.114681e-006	0.0019375
1.115181e-006	0.001625
1.115681e-006	0.00225
1.116181e-006	0.0025625
1.116681e-006	0.00225
1.117181e-006	0.0013125
1.117681e-006	0.0013125
1.118181e-006	6.25e-005
1.118681e-006	-0.0011875
1.119181e-006	-0.0015
1.119681e-006	-0.0015
1.120181e-006	-0.0015
1.120681e-006	-0.0015
1.121181e-006	-0.000875
1.121681e-006	-0.0011875
1.122181e-006	-0.000875
1.122681e-006	6.25e-005
1.123181e-006	0.000375
1.123681e-006	0.000375
1.124181e-006	0.0013125
1.124681e-006	0.0019375
1.125181e-006	0.0025625
1.125681e-006	0.001625
1.126181e-006	0.0025625
1.126681e-006	0.0019375
1.127181e-006	0.0013125
1.127681e-006	0.000375
1.128181e-006	-0.0005625
1.128681e-006	-0.000875
1.129181e-006	-0.000875
1.129681e-006	-0.0011875
1.130181e-006	-0.0018125
1.130681e-006	-0.0024375
1.131181e-006	-0.0011875
1.131681e-006	-0.00025
1.132181e-006	-0.0005625
1.132681e-006	-0.00025
1.133181e-006	6.25e-005
1.133681e-006	0.0013125
1.134181e-006	0.001625
1.134681e-006	0.0013125
1.135181e-006	0.001625
1.135681e-006	0.00225
1.136181e-006	0.0019375
1.136681e-006	0.001625
1.137181e-006	0.000375
1.137681e-006	-0.00025
1.138181e-006	-0.00025
1.138681e-006	0.000375
1.139181e-006	-0.0011875
1.139681e-006	-0.002125
1.140181e-006	-0.0015
1.140681e-006	-0.0015
1.141181e-006	-0.0011875
1.141681e-006	-0.0005625
1.142181e-006	-0.00025
1.142681e-006	6.25e-005
1.143181e-006	0.000375
1.143681e-006	0.001
1.144181e-006	0.001625
1.144681e-006	0.0013125
1.145181e-006	0.0013125
1.145681e-006	0.001
1.146181e-006	0.0013125
1.146681e-006	0.0006875
1.147181e-006	0.000375
1.147681e-006	0.000375
1.148181e-006	-0.000875
1.148681e-006	-0.0011875
1.149181e-006	-0.0011875
1.149681e-006	-0.0011875
1.150181e-006	-0.000875
1.150681e-006	-0.0015
1.151181e-006	-0.0005625
1.151681e-006	-0.0011875
1.152181e-006	-0.00025
1.152681e-006	0.000375
1.153181e-006	0.0006875
1.153681e-006	0.0019375
1.154181e-006	0.0013125
1.154681e-006	0.000375
1.155181e-006	0.000375
1.155681e-006	0.001
1.156181e-006	0.0013125
1.156681e-006	0.001
1.157181e-006	-0.00025
1.157681e-006	6.25e-005
1.158181e-006	-0.0011875
1.158681e-006	-0.0011875
1.159181e-006	-0.0015
1.159681e-006	-0.0005625
1.160181e-006	-0.0011875
1.160681e-006	-0.0011875
1.161181e-006	-0.0005625
1.161681e-006	6.25e-005
1.162181e-006	0.0006875
1.162681e-006	0.000375
1.163181e-006	0.0006875
1.163681e-006	0.0013125
1.164181e-006	0.001625
1.164681e-006	0.0019375
1.165181e-006	0.0006875
1.165681e-006	0.001
1.166181e-006	0.000375
1.166681e-006	-0.0015
1.167181e-006	-0.000875
1.167681e-006	-0.0005625
1.168181e-006	6.25e-005
1.168681e-006	-0.000875
1.169181e-006	-0.0011875
1.169681e-006	-0.0005625
1.170181e-006	-0.0005625
1.170681e-006	-0.000875
1.171181e-006	6.25e-005
1.171681e-006	0.001
1.172181e-006	0.0013125
1.172681e-006	0.001
1.173181e-006	0.0006875
1.173681e-006	0.0013125
1.174181e-006	0.0013125
1.174681e-006	0.001625
1.175181e-006	0.0006875
1.175681e-006	0.000375
1.176181e-006	-0.00025
1.176681e-006	-0.0011875
1.177181e-006	-0.0005625
1.177681e-006	-0.000875
1.178181e-006	-0.000875
1.178681e-006	-0.0011875
1.179181e-006	-0.000875
1.179681e-006	0.000375
1.180181e-006	0.000375
1.180681e-006	6.25e-005
1.181181e-006	-0.00025
1.181681e-006	0.000375
1.182181e-006	0.001
1.182681e-006	0.001625
1.183181e-006	0.0013125
1.183681e-006	0.0006875
1.184181e-006	0.0006875
1.184681e-006	0.0006875
1.185181e-006	6.25e-005
1.185681e-006	-0.00025
1.186181e-006	-0.0005625
1.186681e-006	-0.000875
1.187181e-006	-0.000875
1.187681e-006	-0.000875
1.188181e-006	-0.0005625
1.188681e-006	-0.000875
1.189181e-006	-0.00025
1.189681e-006	6.25e-005
1.190181e-006	6.25e-005
1.190681e-006	0.000375
1.191181e-006	0.000375
1.191681e-006	0.000375
1.192181e-006	0.0006875
1.192681e-006	6.25e-005
1.193181e-006	6.25e-005
1.193681e-006	6.25e-005
1.194181e-006	0.0006875
1.194681e-006	6.25e-005
1.195181e-006	0.0006875
1.195681e-006	0.000375
1.196181e-006	-0.0005625
1.196681e-006	-0.000875
1.197181e-006	-0.0005625
1.197681e-006	-0.0005625
1.198181e-006	6.25e-005
1.198681e-006	6.25e-005
1.199181e-006	6.25e-005
1.199681e-006	0.000375
1.200181e-006	0.000375
1.200681e-006	6.25e-005
1.201181e-006	0.000375
1.201681e-006	0.000375
1.202181e-006	6.25e-005
1.202681e-006	0.000375
1.203181e-006	6.25e-005
1.203681e-006	-0.00025
1.204181e-006	-0.0005625
1.204681e-006	6.25e-005
1.205181e-006	6.25e-005
1.205681e-006	6.25e-005
1.206181e-006	-0.00025
1.206681e-006	-0.0005625
1.207181e-006	-0.00025
1.207681e-006	6.25e-005
1.208181e-006	-0.00025
1.208681e-006	0.000375
1.209181e-006	0.000375
1.209681e-006	0.0013125
1.210181e-006	0.0006875
1.210681e-006	6.25e-005
1.211181e-006	6.25e-005
1.211681e-006	-0.0005625
1.212181e-006	-0.00025
1.212681e-006	6.25e-005
1.213181e-006	-0.0005625
1.213681e-006	-0.0005625
1.214181e-006	-0.0005625
1.214681e-006	-0.0005625
1.215181e-006	6.25e-005
1.215681e-006	-0.0005625
1.216181e-006	0.000375
1.216681e-006	0.000375
1.217181e-006	-0.00025
1.217681e-006	6.25e-005
1.218181e-006	6.25e-005
1.218681e-006	0.0006875
1.219181e-006	0.0006875
1.219681e-006	0.000375
1.220181e-006	0.0006875
1.220681e-006	0.000375
1.221181e-006	-0.00025
1.221681e-006	-0.0005625
1.222181e-006	6.25e-005
1.222681e-006	-0.00025
1.223181e-006	-0.0011875
1.223681e-006	-0.0011875
1.224181e-006	-0.000875
1.224681e-006	-0.00025
1.225181e-006	-0.0005625
1.225681e-006	-0.0005625
1.226181e-006	6.25e-005
1.226681e-006	0.0006875
1.227181e-006	0.0013125
1.227681e-006	0.001625
1.228181e-006	0.001
1.228681e-006	0.001
1.229181e-006	0.001
1.229681e-006	0.001
1.230181e-006	0.0006875
1.230681e-006	0.0006875
1.231181e-006	6.25e-005
1.231681e-006	-0.0005625
1.232181e-006	-0.000875
1.232681e-006	-0.000875
1.233181e-006	-0.0005625
1.233681e-006	-0.000875
1.234181e-006	-0.0011875
1.234681e-006	-0.00025
1.235181e-006	0.000375
1.235681e-006	6.25e-005
1.236181e-006	6.25e-005
1.236681e-006	6.25e-005
1.237181e-006	0.0013125
1.237681e-006	0.001
1.238181e-006	0.0006875
1.238681e-006	0.0013125
1.239181e-006	0.0006875
1.239681e-006	0.000375
1.240181e-006	0.000375
1.240681e-006	6.25e-005
1.241181e-006	6.25e-005
1.241681e-006	-0.0005625
1.242181e-006	-0.0015
1.242681e-006	-0.0018125
1.243181e-006	-0.000875
1.243681e-006	-0.0005625
1.244181e-006	-0.0005625
1.244681e-006	-0.0005625
1.245181e-006	-0.00025
1.245681e-006	0.0006875
1.246181e-006	0.0006875
1.246681e-006	0.0006875
1.247181e-006	0.0006875
1.247681e-006	6.25e-005
1.248181e-006	6.25e-005
1.248681e-006	0.000375
1.249181e-006	0.000375
1.249681e-006	-0.00025
1.250181e-006	-0.00025
1.250681e-006	-0.00025
1.251181e-006	-0.0015
1.251681e-006	-0.0011875
1.252181e-006	-0.0011875
1.252681e-006	-0.0018125
1.253181e-006	-0.000875
1.253681e-006	-0.000875
1.254181e-006	-0.0005625
1.254681e-006	-0.00025
1.255181e-006	0.0006875
1.255681e-006	0.0013125
1.256181e-006	6.25e-005
1.256681e-006	0.0006875
1.257181e-006	0.001
1.257681e-006	0.0013125
1.258181e-006	0.0013125
1.258681e-006	6.25e-005
1.259181e-006	-0.0005625
1.259681e-006	-0.0011875
1.260181e-006	-0.0005625
1.260681e-006	-0.0011875
1.261181e-006	-0.0018125
1.261681e-006	-0.0005625
1.262181e-006	-0.000875
1.262681e-006	-0.0015
1.263181e-006	-0.0005625
1.263681e-006	-0.00025
1.264181e-006	0.000375
1.264681e-006	0.0006875
1.265181e-006	0.0013125
1.265681e-006	0.0013125
1.266181e-006	0.001
1.266681e-006	0.0013125
1.267181e-006	0.001
1.267681e-006	0.000375
1.268181e-006	-0.00025
1.268681e-006	-0.000875
1.269181e-006	-0.0005625
1.269681e-006	-0.0015
1.270181e-006	-0.002125
1.270681e-006	-0.0018125
1.271181e-006	-0.002125
1.271681e-006	-0.0015
1.272181e-006	-0.002125
1.272681e-006	-0.000875
1.273181e-006	-0.0005625
1.273681e-006	6.25e-005
1.274181e-006	0.00225
1.274681e-006	0.0013125
1.275181e-006	0.0006875
1.275681e-006	0.001625
1.276181e-006	0.0013125
1.276681e-006	0.0013125
1.277181e-006	0.0006875
1.277681e-006	0.0006875
1.278181e-006	-0.00025
1.278681e-006	-0.0005625
1.279181e-006	-0.0015
1.279681e-006	-0.0018125
1.280181e-006	-0.0018125
1.280681e-006	-0.0015
1.281181e-006	-0.0018125
1.281681e-006	-0.0018125
1.282181e-006	-0.0015
1.282681e-006	-0.000875
1.283181e-006	6.25e-005
1.283681e-006	0.0006875
1.284181e-006	0.0013125
1.284681e-006	0.0006875
1.285181e-006	0.0013125
1.285681e-006	0.0013125
1.286181e-006	0.0013125
1.286681e-006	0.001
1.287181e-006	0.000375
1.287681e-006	0.0006875
1.288181e-006	-0.00025
1.288681e-006	-0.0015
1.289181e-006	-0.0015
1.289681e-006	-0.0015
1.290181e-006	-0.000875
1.290681e-006	-0.0018125
1.291181e-006	-0.0011875
1.291681e-006	-0.000875
1.292181e-006	-0.0005625
1.292681e-006	0.000375
1.293181e-006	-0.00025
1.293681e-006	0.0006875
1.294181e-006	0.0013125
1.294681e-006	0.0013125
1.295181e-006	0.001
1.295681e-006	0.0013125
1.296181e-006	0.001
1.296681e-006	0.000375
1.297181e-006	0.000375
1.297681e-006	6.25e-005
1.298181e-006	-0.000875
1.298681e-006	-0.000875
1.299181e-006	-0.0011875
1.299681e-006	-0.0011875
1.300181e-006	-0.000875
1.300681e-006	-0.0018125
1.301181e-006	-0.000875
1.301681e-006	-0.0005625
1.302181e-006	6.25e-005
1.302681e-006	0.0006875
1.303181e-006	6.25e-005
1.303681e-006	0.0006875
1.304181e-006	0.0013125
1.304681e-006	0.0006875
1.305181e-006	0.000375
1.305681e-006	0.0006875
1.306181e-006	0.001
1.306681e-006	0.000375
1.307181e-006	-0.00025
1.307681e-006	-0.0005625
1.308181e-006	-0.0011875
1.308681e-006	-0.0011875
1.309181e-006	-0.0011875
1.309681e-006	-0.0005625
1.310181e-006	-0.000875
1.310681e-006	-0.000875
1.311181e-006	6.25e-005
1.311681e-006	0.0006875
1.312181e-006	0.001
1.312681e-006	0.001
1.313181e-006	0.0006875
1.313681e-006	0.0013125
1.314181e-006	0.0013125
1.314681e-006	0.0006875
1.315181e-006	6.25e-005
1.315681e-006	-0.00025
1.316181e-006	-0.00025
1.316681e-006	-0.000875
1.317181e-006	-0.0005625
1.317681e-006	-0.0005625
1.318181e-006	-0.0011875
1.318681e-006	-0.0011875
1.319181e-006	-0.000875
1.319681e-006	6.25e-005
1.320181e-006	-0.00025
1.320681e-006	-0.00025
1.321181e-006	0.000375
1.321681e-006	0.001
1.322181e-006	0.001625
1.322681e-006	0.001625
1.323181e-006	0.0019375
1.323681e-006	0.0013125
1.324181e-006	0.0006875
1.324681e-006	0.0006875
1.325181e-006	-0.000875
1.325681e-006	-0.0018125
1.326181e-006	-0.0015
1.326681e-006	-0.0011875
1.327181e-006	-0.0011875
1.327681e-006	-0.0024375
1.328181e-006	-0.002125
1.328681e-006	-0.000875
1.329181e-006	-0.0005625
1.329681e-006	6.25e-005
1.330181e-006	0.0006875
1.330681e-006	0.001
1.331181e-006	0.0013125
1.331681e-006	0.001
1.332181e-006	0.001625
1.332681e-006	0.001625
1.333181e-006	0.001625
1.333681e-006	0.001625
1.334181e-006	6.25e-005
1.334681e-006	-0.00025
1.335181e-006	-0.0005625
1.335681e-006	-0.0015
1.336181e-006	-0.0018125
1.336681e-006	-0.0024375
1.337181e-006	-0.002125
1.337681e-006	-0.002125
1.338181e-006	-0.0011875
1.338681e-006	-0.000875
1.339181e-006	-0.000875
1.339681e-006	-0.0005625
1.340181e-006	0.001
1.340681e-006	0.0013125
1.341181e-006	0.0013125
1.341681e-006	0.001625
1.342181e-006	0.0019375
1.342681e-006	0.001625
1.343181e-006	0.0019375
1.343681e-006	0.0006875
1.344181e-006	6.25e-005
1.344681e-006	6.25e-005
1.345181e-006	-0.000875
1.345681e-006	-0.0015
1.346181e-006	-0.0015
1.346681e-006	-0.002125
1.347181e-006	-0.0018125
1.347681e-006	-0.0018125
1.348181e-006	-0.0011875
1.348681e-006	-0.0011875
1.349181e-006	-0.0005625
1.349681e-006	6.25e-005
1.350181e-006	0.0006875
1.350681e-006	0.0013125
1.351181e-006	0.0013125
1.351681e-006	0.0019375
1.352181e-006	0.001625
1.352681e-006	0.001
1.353181e-006	0.0013125
1.353681e-006	0.001625
1.354181e-006	0.000375
1.354681e-006	0.000375
1.355181e-006	-0.000875
1.355681e-006	-0.000875
1.356181e-006	-0.0011875
1.356681e-006	-0.0015
1.357181e-006	-0.000875
1.357681e-006	-0.0005625
1.358181e-006	-0.000875
1.358681e-006	-0.0011875
1.359181e-006	-0.00025
1.359681e-006	6.25e-005
1.360181e-006	6.25e-005
1.360681e-006	0.001
1.361181e-006	0.001
1.361681e-006	0.0006875
1.362181e-006	0.0013125
1.362681e-006	0.0013125
1.363181e-006	0.000375
1.363681e-006	6.25e-005
1.364181e-006	6.25e-005
1.364681e-006	6.25e-005
1.365181e-006	-0.00025
1.365681e-006	-0.00025
1.366181e-006	-0.0005625
1.366681e-006	-0.0005625
1.367181e-006	-0.0005625
1.367681e-006	-0.0011875
1.368181e-006	-0.00025
1.368681e-006	0.000375
1.369181e-006	6.25e-005
1.369681e-006	0.0006875
1.370181e-006	6.25e-005
1.370681e-006	0.000375
1.371181e-006	6.25e-005
1.371681e-006	-0.00025
1.372181e-006	-0.00025
1.372681e-006	-0.0005625
1.373181e-006	-0.00025
1.373681e-006	-0.00025
1.374181e-006	-0.0005625
1.374681e-006	-0.0005625
1.375181e-006	-0.0005625
1.375681e-006	0.000375
1.376181e-006	0.000375
1.376681e-006	0.000375
1.377181e-006	-0.00025
1.377681e-006	0.0006875
1.378181e-006	0.0013125
1.378681e-006	0.0013125
1.379181e-006	0.000375
1.379681e-006	0.001
1.380181e-006	0.000375
1.380681e-006	6.25e-005
1.381181e-006	-0.0005625
1.381681e-006	-0.000875
1.382181e-006	-0.0005625
1.382681e-006	-0.0011875
1.383181e-006	-0.0011875
1.383681e-006	-0.0011875
1.384181e-006	-0.0005625
1.384681e-006	-0.0005625
1.385181e-006	-0.0005625
1.385681e-006	-0.00025
1.386181e-006	6.25e-005
1.386681e-006	0.000375
1.387181e-006	0.001625
1.387681e-006	0.0013125
1.388181e-006	0.0013125
1.388681e-006	0.001
1.389181e-006	0.001
1.389681e-006	0.001
1.390181e-006	0.000375
1.390681e-006	-0.0005625
1.391181e-006	-0.0005625
1.391681e-006	-0.0005625
1.392181e-006	-0.0011875
1.392681e-006	-0.002125
1.393181e-006	-0.0011875
1.393681e-006	-0.0015
1.394181e-006	-0.0011875
1.394681e-006	-0.000875
1.395181e-006	-0.0005625
1.395681e-006	0.000375
1.396181e-006	6.25e-005
1.396681e-006	0.0013125
1.397181e-006	0.001625
1.397681e-006	0.001625
1.398181e-006	0.001
1.398681e-006	0.0013125
1.399181e-006	0.001625
1.399681e-006	0.0019375
1.400181e-006	0.000375
1.400681e-006	6.25e-005
1.401181e-006	-0.0005625
1.401681e-006	-0.0005625
1.402181e-006	-0.0011875
1.402681e-006	-0.0018125
1.403181e-006	-0.0018125
1.403681e-006	-0.002125
1.404181e-006	-0.0011875
1.404681e-006	-0.002125
1.405181e-006	-0.0005625
1.405681e-006	0.0006875
1.406181e-006	0.0006875
1.406681e-006	0.001
1.407181e-006	0.0013125
1.407681e-006	0.000375
1.408181e-006	0.001625
1.408681e-006	0.0013125
1.409181e-006	0.0019375
1.409681e-006	0.0013125
1.410181e-006	0.0006875
1.410681e-006	-0.0005625
1.411181e-006	-0.0005625
1.411681e-006	-0.00025
1.412181e-006	-0.000875
1.412681e-006	-0.0015
1.413181e-006	-0.0015
1.413681e-006	-0.0015
1.414181e-006	-0.0011875
1.414681e-006	-0.0011875
1.415181e-006	-0.000875
1.415681e-006	-0.00025
1.416181e-006	0.000375
1.416681e-006	0.0013125
1.417181e-006	0.0006875
1.417681e-006	0.0013125
1.418181e-006	0.000375
1.418681e-006	0.000375
1.419181e-006	0.0006875
1.419681e-006	0.0006875
1.420181e-006	0.000375
1.420681e-006	0.000375
1.421181e-006	0.000375
1.421681e-006	0.000375
1.422181e-006	-0.0005625
1.422681e-006	-0.0005625
1.423181e-006	-0.0005625
1.423681e-006	6.25e-005
1.424181e-006	0.000375
1.424681e-006	-0.000875
1.425181e-006	-0.000875
1.425681e-006	-0.00025
1.426181e-006	6.25e-005
1.426681e-006	0.0006875
1.427181e-006	6.25e-005
1.427681e-006	-0.0005625
1.428181e-006	6.25e-005
1.428681e-006	-0.00025
1.429181e-006	0.000375
1.429681e-006	6.25e-005
1.430181e-006	-0.00025
1.430681e-006	6.25e-005
1.431181e-006	0.0006875
1.431681e-006	0.0006875
1.432181e-006	0.000375
1.432681e-006	-0.0005625
1.433181e-006	6.25e-005
1.433681e-006	0.001
1.434181e-006	0.0013125
1.434681e-006	-0.0005625
1.435181e-006	-0.00025
1.435681e-006	0.000375
1.436181e-006	-0.00025
1.436681e-006	0.000375
1.437181e-006	-0.00025
1.437681e-006	-0.0005625
1.438181e-006	-0.00025
1.438681e-006	-0.0005625
1.439181e-006	-0.00025
1.439681e-006	-0.0005625
1.440181e-006	-0.0005625
1.440681e-006	-0.0005625
1.441181e-006	6.25e-005
1.441681e-006	0.001
1.442181e-006	6.25e-005
1.442681e-006	0.0006875
1.443181e-006	0.0013125
1.443681e-006	0.0006875
1.444181e-006	0.001
1.444681e-006	0.001625
1.445181e-006	-0.00025
1.445681e-006	6.25e-005
1.446181e-006	-0.00025
1.446681e-006	6.25e-005
1.447181e-006	-0.00025
1.447681e-006	-0.000875
1.448181e-006	-0.0011875
1.448681e-006	-0.0011875
1.449181e-006	-0.000875
1.449681e-006	-0.0011875
1.450181e-006	-0.0005625
1.450681e-006	-0.000875
1.451181e-006	-0.000875
1.451681e-006	6.25e-005
1.452181e-006	0.001625
1.452681e-006	0.001625
1.453181e-006	0.001
1.453681e-006	0.0013125
1.454181e-006	0.0013125
1.454681e-006	0.0006875
1.455181e-006	0.000375
1.455681e-006	0.0006875
1.456181e-006	0.0006875
1.456681e-006	0.000375
1.457181e-006	-0.000875
1.457681e-006	-0.000875
1.458181e-006	-0.000875
1.458681e-006	-0.0015
1.459181e-006	-0.0015
1.459681e-006	-0.0015
1.460181e-006	-0.000875
1.460681e-006	-0.0005625
1.461181e-006	-0.0005625
1.461681e-006	0.0006875
1.462181e-006	0.001
1.462681e-006	-0.00025
1.463181e-006	6.25e-005
1.463681e-006	0.0019375
1.464181e-006	0.0019375
1.464681e-006	0.0013125
1.465181e-006	0.0006875
1.465681e-006	0.0006875
1.466181e-006	6.25e-005
1.466681e-006	-0.00025
1.467181e-006	-0.0005625
1.467681e-006	6.25e-005
1.468181e-006	-0.0005625
1.468681e-006	-0.000875
1.469181e-006	-0.0011875
1.469681e-006	-0.0018125
1.470181e-006	-0.0015
1.470681e-006	-0.00025
1.471181e-006	-0.00025
1.471681e-006	6.25e-005
1.472181e-006	0.000375
1.472681e-006	0.000375
1.473181e-006	0.0006875
1.473681e-006	0.0013125
1.474181e-006	0.001625
1.474681e-006	0.000375
1.475181e-006	0.0006875
1.475681e-006	0.000375
1.476181e-006	0.001
1.476681e-006	0.0006875
1.477181e-006	-0.00025
1.477681e-006	-0.00025
1.478181e-006	-0.00025
1.478681e-006	-0.0005625
1.479181e-006	-0.00025
1.479681e-006	-0.0005625
1.480181e-006	-0.0005625
1.480681e-006	-0.0005625
1.481181e-006	6.25e-005
1.481681e-006	6.25e-005
1.482181e-006	6.25e-005
1.482681e-006	0.0006875
1.483181e-006	-0.0005625
1.483681e-006	6.25e-005
1.484181e-006	0.001
1.484681e-006	0.0006875
1.485181e-006	0.000375
1.485681e-006	6.25e-005
1.486181e-006	0.000375
1.486681e-006	0.0006875
1.487181e-006	-0.0005625
1.487681e-006	6.25e-005
1.488181e-006	6.25e-005
1.488681e-006	6.25e-005
1.489181e-006	0.000375
1.489681e-006	6.25e-005
1.490181e-006	6.25e-005
1.490681e-006	-0.00025
1.491181e-006	-0.0005625
1.491681e-006	-0.0005625
1.492181e-006	6.25e-005
1.492681e-006	6.25e-005
1.493181e-006	-0.0005625
1.493681e-006	0.000375
1.494181e-006	6.25e-005
1.494681e-006	-0.0005625
1.495181e-006	6.25e-005
1.495681e-006	-0.00025
1.496181e-006	-0.00025
1.496681e-006	0.000375
1.497181e-006	6.25e-005
1.497681e-006	-0.00025
1.498181e-006	6.25e-005
1.498681e-006	0.0006875
1.499181e-006	0.000375
1.499681e-006	0.000375
1.500181e-006	0.000375
1.500681e-006	-0.0005625
1.501181e-006	0.000375
1.501681e-006	0.0006875
1.502181e-006	6.25e-005
1.502681e-006	0.000375
1.503181e-006	-0.00025
1.503681e-006	6.25e-005
1.504181e-006	-0.0005625
1.504681e-006	-0.0005625
1.505181e-006	-0.0005625
1.505681e-006	-0.0011875
1.506181e-006	6.25e-005
1.506681e-006	6.25e-005
1.507181e-006	6.25e-005
1.507681e-006	0.0006875
1.508181e-006	6.25e-005
1.508681e-006	0.0006875
1.509181e-006	6.25e-005
1.509681e-006	0.000375
1.510181e-006	0.0013125
1.510681e-006	0.000375
1.511181e-006	0.0006875
1.511681e-006	0.000375
1.512181e-006	6.25e-005
1.512681e-006	6.25e-005
1.513181e-006	-0.0005625
1.513681e-006	-0.00025
1.514181e-006	-0.000875
1.514681e-006	-0.0005625
1.515181e-006	6.25e-005
1.515681e-006	-0.0005625
1.516181e-006	-0.000875
1.516681e-006	-0.0011875
1.517181e-006	-0.0005625
1.517681e-006	0.001
1.518181e-006	6.25e-005
1.518681e-006	0.000375
1.519181e-006	0.0006875
1.519681e-006	0.001
1.520181e-006	0.0013125
1.520681e-006	0.000375
1.521181e-006	0.001
1.521681e-006	0.000375
1.522181e-006	6.25e-005
1.522681e-006	0.000375
1.523181e-006	-0.00025
1.523681e-006	6.25e-005
1.524181e-006	6.25e-005
1.524681e-006	-0.000875
1.525181e-006	-0.0005625
1.525681e-006	-0.0011875
1.526181e-006	-0.00025
1.526681e-006	-0.0011875
1.527181e-006	-0.0005625
1.527681e-006	6.25e-005
1.528181e-006	6.25e-005
1.528681e-006	0.0006875
1.529181e-006	0.0006875
1.529681e-006	0.0006875
1.530181e-006	0.0013125
1.530681e-006	0.001
1.531181e-006	0.0019375
1.531681e-006	0.000375
1.532181e-006	6.25e-005
1.532681e-006	0.001
1.533181e-006	6.25e-005
1.533681e-006	0.0006875
1.534181e-006	-0.0005625
1.534681e-006	-0.0005625
1.535181e-006	-0.000875
1.535681e-006	-0.000875
1.536181e-006	-0.0005625
1.536681e-006	-0.0011875
1.537181e-006	-0.000875
1.537681e-006	-0.00025
1.538181e-006	6.25e-005
1.538681e-006	0.000375
1.539181e-006	6.25e-005
1.539681e-006	0.001
1.540181e-006	0.001
1.540681e-006	0.001
1.541181e-006	0.0013125
1.541681e-006	0.0013125
1.542181e-006	0.0013125
1.542681e-006	6.25e-005
1.543181e-006	6.25e-005
1.543681e-006	6.25e-005
1.544181e-006	-0.000875
1.544681e-006	-0.00025
1.545181e-006	-0.00025
1.545681e-006	-0.0005625
1.546181e-006	-0.0005625
1.546681e-006	-0.0011875
1.547181e-006	-0.0005625
1.547681e-006	-0.000875
1.548181e-006	-0.0005625
1.548681e-006	6.25e-005
1.549181e-006	0.0006875
1.549681e-006	0.0013125
1.550181e-006	0.0013125
1.550681e-006	0.001
1.551181e-006	0.001
1.551681e-006	0.0006875
1.552181e-006	0.001
1.552681e-006	0.000375
1.553181e-006	6.25e-005
1.553681e-006	6.25e-005
1.554181e-006	-0.0005625
1.554681e-006	6.25e-005
1.555181e-006	-0.0005625
1.555681e-006	-0.0011875
1.556181e-006	-0.0018125
1.556681e-006	-0.0011875
1.557181e-006	-0.00025
1.557681e-006	-0.00025
1.558181e-006	-0.0005625
1.558681e-006	-0.0005625
1.559181e-006	-0.00025
1.559681e-006	0.001
1.560181e-006	6.25e-005
1.560681e-006	0.0006875
1.561181e-006	0.001
1.561681e-006	0.001
1.562181e-006	0.001
1.562681e-006	0.0006875
1.563181e-006	0.000375
1.563681e-006	-0.00025
1.564181e-006	-0.000875
1.564681e-006	-0.0011875
1.565181e-006	-0.0005625
1.565681e-006	-0.000875
1.566181e-006	-0.000875
1.566681e-006	-0.0005625
1.567181e-006	6.25e-005
1.567681e-006	-0.000875
1.568181e-006	6.25e-005
1.568681e-006	6.25e-005
1.569181e-006	6.25e-005
1.569681e-006	0.0006875
1.570181e-006	0.001
1.570681e-006	0.001
1.571181e-006	0.0006875
1.571681e-006	0.0013125
1.572181e-006	0.001625
1.572681e-006	0.001
1.573181e-006	0.001
1.573681e-006	-0.00025
1.574181e-006	-0.000875
1.574681e-006	-0.0005625
1.575181e-006	-0.000875
1.575681e-006	-0.000875
1.576181e-006	-0.0015
1.576681e-006	-0.0015
1.577181e-006	-0.00025
1.577681e-006	-0.00025
1.578181e-006	-0.0005625
1.578681e-006	-0.0005625
1.579181e-006	6.25e-005
1.579681e-006	0.000375
1.580181e-006	0.0006875
1.580681e-006	0.001625
1.581181e-006	0.0013125
1.581681e-006	0.001
1.582181e-006	0.000375
1.582681e-006	0.000375
1.583181e-006	6.25e-005
1.583681e-006	-0.00025
1.584181e-006	-0.00025
1.584681e-006	-0.0005625
1.585181e-006	-0.000875
1.585681e-006	-0.0005625
1.586181e-006	-0.000875
1.586681e-006	-0.000875
1.587181e-006	-0.0011875
1.587681e-006	-0.0011875
1.588181e-006	6.25e-005
1.588681e-006	6.25e-005
1.589181e-006	0.0006875
1.589681e-006	0.000375
1.590181e-006	0.0006875
1.590681e-006	0.001625
1.591181e-006	0.001
1.591681e-006	0.001
1.592181e-006	0.0006875
1.592681e-006	0.0006875
1.593181e-006	6.25e-005
1.593681e-006	-0.000875
1.594181e-006	-0.000875
1.594681e-006	-0.0011875
1.595181e-006	-0.000875
1.595681e-006	-0.000875
1.596181e-006	-0.000875
1.596681e-006	-0.000875
1.597181e-006	-0.0005625
1.597681e-006	-0.000875
1.598181e-006	0.000375
1.598681e-006	6.25e-005
1.599181e-006	0.001
1.599681e-006	0.0013125
1.600181e-006	0.0013125
1.600681e-006	0.001625
1.601181e-006	6.25e-005
1.601681e-006	0.001625
1.602181e-006	0.001625
1.602681e-006	-0.00025
1.603181e-006	-0.0005625
1.603681e-006	-0.00025
1.604181e-006	-0.00025
1.604681e-006	-0.000875
1.605181e-006	-0.000875
1.605681e-006	-0.0011875
1.606181e-006	-0.0011875
1.606681e-006	-0.000875
1.607181e-006	-0.0005625
1.607681e-006	6.25e-005
1.608181e-006	0.000375
1.608681e-006	6.25e-005
1.609181e-006	0.001
1.609681e-006	0.001
1.610181e-006	0.0013125
1.610681e-006	0.000375
1.611181e-006	0.000375
1.611681e-006	0.0006875
1.612181e-006	0.000375
1.612681e-006	6.25e-005
1.613181e-006	-0.0005625
1.613681e-006	-0.00025
1.614181e-006	-0.0005625
1.614681e-006	-0.000875
1.615181e-006	-0.0011875
1.615681e-006	-0.000875
1.616181e-006	-0.0005625
1.616681e-006	-0.00025
1.617181e-006	-0.00025
1.617681e-006	6.25e-005
1.618181e-006	0.001
1.618681e-006	0.001
1.619181e-006	0.0006875
1.619681e-006	0.0013125
1.620181e-006	0.0006875
1.620681e-006	0.000375
1.621181e-006	0.000375
1.621681e-006	0.000375
1.622181e-006	0.000375
1.622681e-006	6.25e-005
1.623181e-006	-0.000875
1.623681e-006	-0.00025
1.624181e-006	6.25e-005
1.624681e-006	-0.000875
1.625181e-006	-0.0018125
1.625681e-006	-0.0011875
1.626181e-006	-0.000875
1.626681e-006	-0.00025
1.627181e-006	0.0006875
1.627681e-006	6.25e-005
1.628181e-006	0.0006875
1.628681e-006	0.001625
1.629181e-006	0.0019375
1.629681e-006	0.0013125
1.630181e-006	0.0006875
1.630681e-006	0.001
1.631181e-006	0.0013125
1.631681e-006	0.0006875
1.632181e-006	6.25e-005
1.632681e-006	-0.000875
1.633181e-006	-0.0005625
1.633681e-006	-0.0011875
1.634181e-006	-0.0011875
1.634681e-006	-0.0005625
1.635181e-006	-0.000875
1.635681e-006	-0.000875
1.636181e-006	-0.0005625
1.636681e-006	0.000375
1.637181e-006	0.000375
1.637681e-006	6.25e-005
1.638181e-006	0.001
1.638681e-006	0.00225
1.639181e-006	0.0019375
1.639681e-006	0.001625
1.640181e-006	0.0013125
1.640681e-006	0.001625
1.641181e-006	0.0006875
1.641681e-006	0.000375
1.642181e-006	6.25e-005
1.642681e-006	-0.000875
1.643181e-006	-0.0011875
1.643681e-006	-0.0011875
1.644181e-006	-0.0011875
1.644681e-006	-0.0018125
1.645181e-006	-0.002125
1.645681e-006	-0.0011875
1.646181e-006	-0.00025
1.646681e-006	-0.0005625
1.647181e-006	-0.0005625
1.647681e-006	0.001
1.648181e-006	0.0019375
1.648681e-006	0.001625
1.649181e-006	0.001625
1.649681e-006	0.001625
1.650181e-006	0.0019375
1.650681e-006	0.001625
1.651181e-006	0.0013125
1.651681e-006	0.000375
1.652181e-006	-0.00025
1.652681e-006	-0.00025
1.653181e-006	-0.00025
1.653681e-006	-0.000875
1.654181e-006	-0.0018125
1.654681e-006	-0.0015
1.655181e-006	-0.0015
1.655681e-006	-0.0011875
1.656181e-006	-0.0005625
1.656681e-006	-0.00025
1.657181e-006	0.000375
1.657681e-006	0.001625
1.658181e-006	0.0006875
1.658681e-006	0.0019375
1.659181e-006	0.0025625
1.659681e-006	0.001625
1.660181e-006	0.0013125
1.660681e-006	0.0013125
1.661181e-006	0.0013125
1.661681e-006	0.001
1.662181e-006	-0.00025
1.662681e-006	-0.00025
1.663181e-006	-0.0015
1.663681e-006	-0.0011875
1.664181e-006	-0.000875
1.664681e-006	-0.0018125
1.665181e-006	-0.0011875
1.665681e-006	-0.0018125
1.666181e-006	-0.000875
1.666681e-006	6.25e-005
1.667181e-006	6.25e-005
1.667681e-006	0.001
1.668181e-006	0.0019375
1.668681e-006	0.001
1.669181e-006	0.0006875
1.669681e-006	0.0019375
1.670181e-006	0.0025625
1.670681e-006	0.001625
1.671181e-006	0.001625
1.671681e-006	0.001
1.672181e-006	6.25e-005
1.672681e-006	-0.00025
1.673181e-006	-0.000875
1.673681e-006	-0.000875
1.674181e-006	-0.0011875
1.674681e-006	-0.0018125
1.675181e-006	-0.0018125
1.675681e-006	-0.002125
1.676181e-006	-0.0005625
1.676681e-006	-0.000875
1.677181e-006	-0.000875
1.677681e-006	0.000375
1.678181e-006	6.25e-005
1.678681e-006	0.001
1.679181e-006	0.0013125
1.679681e-006	0.00225
1.680181e-006	0.001625
1.680681e-006	0.000375
1.681181e-006	0.0013125
1.681681e-006	0.0013125
1.682181e-006	0.000375
1.682681e-006	0.000375
1.683181e-006	-0.000875
1.683681e-006	-0.00025
1.684181e-006	-0.0015
1.684681e-006	-0.0018125
1.685181e-006	-0.000875
1.685681e-006	-0.0011875
1.686181e-006	-0.000875
1.686681e-006	-0.0011875
1.687181e-006	-0.0005625
1.687681e-006	-0.00025
1.688181e-006	-0.0005625
1.688681e-006	0.0013125
1.689181e-006	0.001625
1.689681e-006	0.001
1.690181e-006	0.0006875
1.690681e-006	0.001
1.691181e-006	0.001625
1.691681e-006	0.000375
1.692181e-006	-0.0005625
1.692681e-006	6.25e-005
1.693181e-006	-0.0005625
1.693681e-006	-0.0011875
1.694181e-006	-0.0011875
1.694681e-006	-0.0005625
1.695181e-006	-0.00025
1.695681e-006	-0.0005625
1.696181e-006	6.25e-005
1.696681e-006	-0.00025
1.697181e-006	-0.00025
1.697681e-006	-0.00025
1.698181e-006	6.25e-005
1.698681e-006	0.001
1.699181e-006	0.0013125
1.699681e-006	0.0013125
1.700181e-006	0.001
1.700681e-006	6.25e-005
1.701181e-006	6.25e-005
1.701681e-006	0.000375
1.702181e-006	-0.00025
1.702681e-006	-0.0005625
1.703181e-006	-0.0011875
1.703681e-006	-0.0005625
1.704181e-006	-0.0015
1.704681e-006	-0.0011875
1.705181e-006	-0.0005625
1.705681e-006	0.0006875
1.706181e-006	6.25e-005
1.706681e-006	-0.00025
1.707181e-006	6.25e-005
1.707681e-006	0.001
1.708181e-006	0.0013125
1.708681e-006	0.001
1.709181e-006	0.0006875
1.709681e-006	0.0013125
1.710181e-006	0.0006875
1.710681e-006	6.25e-005
1.711181e-006	0.000375
1.711681e-006	-0.0005625
1.712181e-006	-0.0011875
1.712681e-006	-0.0011875
1.713181e-006	-0.000875
1.713681e-006	-0.0011875
1.714181e-006	-0.0011875
1.714681e-006	-0.000875
1.715181e-006	0.000375
1.715681e-006	6.25e-005
1.716181e-006	0.0006875
1.716681e-006	0.000375
1.717181e-006	0.0006875
1.717681e-006	0.001
1.718181e-006	0.0013125
1.718681e-006	0.0006875
1.719181e-006	0.0013125
1.719681e-006	0.0006875
1.720181e-006	6.25e-005
1.720681e-006	0.000375
1.721181e-006	6.25e-005
1.721681e-006	6.25e-005
1.722181e-006	-0.0005625
1.722681e-006	-0.0015
1.723181e-006	-0.0018125
1.723681e-006	-0.0015
1.724181e-006	-0.0011875
1.724681e-006	-0.000875
1.725181e-006	-0.0005625
1.725681e-006	6.25e-005
1.726181e-006	6.25e-005
1.726681e-006	0.0013125
1.727181e-006	0.001
1.727681e-006	0.001
1.728181e-006	0.001625
1.728681e-006	0.001625
1.729181e-006	0.0013125
1.729681e-006	0.000375
1.730181e-006	0.000375
1.730681e-006	6.25e-005
1.731181e-006	-0.0005625
1.731681e-006	-0.0005625
1.732181e-006	-0.0011875
1.732681e-006	-0.0015
1.733181e-006	-0.000875
1.733681e-006	-0.0011875
1.734181e-006	-0.0015
1.734681e-006	-0.0018125
1.735181e-006	-0.0005625
1.735681e-006	0.0006875
1.736181e-006	0.0006875
1.736681e-006	6.25e-005
1.737181e-006	0.0013125
1.737681e-006	0.0019375
1.738181e-006	0.001625
1.738681e-006	0.001
1.739181e-006	0.001625
1.739681e-006	0.001625
1.740181e-006	0.0006875
1.740681e-006	6.25e-005
1.741181e-006	6.25e-005
1.741681e-006	-0.0005625
1.742181e-006	-0.002125
1.742681e-006	-0.002125
1.743181e-006	-0.0018125
1.743681e-006	-0.0018125
1.744181e-006	-0.0015
1.744681e-006	-0.000875
1.745181e-006	-0.000875
1.745681e-006	0.0006875
1.746181e-006	0.001625
1.746681e-006	0.0025625
1.747181e-006	0.0019375
1.747681e-006	0.0019375
1.748181e-006	0.001625
1.748681e-006	0.0013125
1.749181e-006	0.0019375
1.749681e-006	0.001625
1.750181e-006	0.0006875
1.750681e-006	-0.0005625
1.751181e-006	-0.0011875
1.751681e-006	-0.0011875
1.752181e-006	-0.0011875
1.752681e-006	-0.000875
1.753181e-006	-0.0018125
1.753681e-006	-0.0018125
1.754181e-006	-0.0011875
1.754681e-006	-0.000875
1.755181e-006	-0.00025
1.755681e-006	0.0006875
1.756181e-006	0.001
1.756681e-006	0.001
1.757181e-006	0.001625
1.757681e-006	0.001625
1.758181e-006	0.0013125
1.758681e-006	0.0006875
1.759181e-006	0.001
1.759681e-006	0.0006875
1.760181e-006	6.25e-005
1.760681e-006	-0.0005625
1.761181e-006	-0.0005625
1.761681e-006	-0.000875
1.762181e-006	-0.0015
1.762681e-006	-0.0015
1.763181e-006	-0.00025
1.763681e-006	-0.00025
1.764181e-006	-0.000875
1.764681e-006	-0.0011875
1.765181e-006	-0.00025
1.765681e-006	0.0006875
1.766181e-006	0.0006875
1.766681e-006	0.0013125
1.767181e-006	0.001
1.767681e-006	0.0006875
1.768181e-006	0.0006875
1.768681e-006	0.000375
1.769181e-006	0.0006875
1.769681e-006	6.25e-005
1.770181e-006	-0.0005625
1.770681e-006	-0.0005625
1.771181e-006	-0.0011875
1.771681e-006	-0.000875
1.772181e-006	-0.000875
1.772681e-006	-0.0011875
1.773181e-006	-0.0005625
1.773681e-006	0.000375
1.774181e-006	0.0006875
1.774681e-006	0.000375
1.775181e-006	0.000375
1.775681e-006	0.001625
1.776181e-006	0.001625
1.776681e-006	0.001
1.777181e-006	0.000375
1.777681e-006	0.0006875
1.778181e-006	0.0006875
1.778681e-006	-0.00025
1.779181e-006	-0.000875
1.779681e-006	-0.000875
1.780181e-006	-0.000875
1.780681e-006	-0.0011875
1.781181e-006	-0.0015
1.781681e-006	-0.0011875
1.782181e-006	-0.0005625
1.782681e-006	-0.000875
1.783181e-006	6.25e-005
1.783681e-006	0.0013125
1.784181e-006	0.0006875
1.784681e-006	-0.00025
1.785181e-006	0.0006875
1.785681e-006	0.0013125
1.786181e-006	0.0013125
1.786681e-006	0.001625
1.787181e-006	0.0013125
1.787681e-006	6.25e-005
1.788181e-006	6.25e-005
