LECROYWS454	16215	Waveform
Segments	1	SegmentSize	4002
Segment	TrigTime	TimeSinceSegment1
#1	02-May-2024 19:14:52	0                 
Time	Ampl
-2.12079e-007	0.000375
-2.11579e-007	-0.0005625
-2.11079e-007	-0.000875
-2.10579e-007	6.25e-005
-2.10079e-007	6.25e-005
-2.09579e-007	0.000375
-2.09079e-007	0.0006875
-2.08579e-007	0.0006875
-2.08079e-007	6.25e-005
-2.07579e-007	-0.00025
-2.07079e-007	6.25e-005
-2.06579e-007	-0.0005625
-2.06079e-007	-0.0005625
-2.05579e-007	-0.0005625
-2.05079e-007	6.25e-005
-2.04579e-007	-0.00025
-2.04079e-007	-0.000875
-2.03579e-007	-0.0005625
-2.03079e-007	-0.0005625
-2.02579e-007	-0.00025
-2.02079e-007	-0.0005625
-2.01579e-007	-0.0011875
-2.01079e-007	-0.0005625
-2.00579e-007	-0.0005625
-2.00079e-007	-0.0005625
-1.99579e-007	6.25e-005
-1.99079e-007	-0.00025
-1.98579e-007	0.000375
-1.98079e-007	6.25e-005
-1.97579e-007	6.25e-005
-1.97079e-007	6.25e-005
-1.96579e-007	-0.00025
-1.96079e-007	0.000375
-1.95579e-007	0.000375
-1.95079e-007	-0.00025
-1.94579e-007	-0.00025
-1.94079e-007	6.25e-005
-1.93579e-007	6.25e-005
-1.93079e-007	-0.0005625
-1.92579e-007	-0.0011875
-1.92079e-007	-0.000875
-1.91579e-007	-0.000875
-1.91079e-007	-0.0005625
-1.90579e-007	-0.000875
-1.90079e-007	-0.0005625
-1.89579e-007	-0.000875
-1.89079e-007	-0.0005625
-1.88579e-007	6.25e-005
-1.88079e-007	6.25e-005
-1.87579e-007	0.001
-1.87079e-007	0.0006875
-1.86579e-007	0.0006875
-1.86079e-007	0.0006875
-1.85579e-007	6.25e-005
-1.85079e-007	0.000375
-1.84579e-007	-0.0005625
-1.84079e-007	6.25e-005
-1.83579e-007	6.25e-005
-1.83079e-007	-0.0015
-1.82579e-007	-0.0015
-1.82079e-007	-0.0011875
-1.81579e-007	-0.000875
-1.81079e-007	-0.000875
-1.80579e-007	-0.0018125
-1.80079e-007	-0.000875
-1.79579e-007	-0.0005625
-1.79079e-007	-0.0005625
-1.78579e-007	-0.00025
-1.78079e-007	-0.00025
-1.77579e-007	0.001
-1.77079e-007	0.0013125
-1.76579e-007	0.0013125
-1.76079e-007	0.001625
-1.75579e-007	0.0013125
-1.75079e-007	0.0013125
-1.74579e-007	0.0006875
-1.74079e-007	0.0006875
-1.73579e-007	6.25e-005
-1.73079e-007	-0.0005625
-1.72579e-007	-0.0011875
-1.72079e-007	-0.0015
-1.71579e-007	-0.0011875
-1.71079e-007	-0.0015
-1.70579e-007	-0.0018125
-1.70079e-007	-0.0015
-1.69579e-007	-0.000875
-1.69079e-007	-0.0005625
-1.68579e-007	0.000375
-1.68079e-007	0.0006875
-1.67579e-007	0.0013125
-1.67079e-007	0.0006875
-1.66579e-007	0.001
-1.66079e-007	0.001
-1.65579e-007	0.0006875
-1.65079e-007	0.0006875
-1.64579e-007	0.001
-1.64079e-007	0.000375
-1.63579e-007	6.25e-005
-1.63079e-007	6.25e-005
-1.62579e-007	-0.000875
-1.62079e-007	-0.002125
-1.61579e-007	-0.002125
-1.61079e-007	-0.0011875
-1.60579e-007	-0.0018125
-1.60079e-007	-0.0015
-1.59579e-007	-0.0011875
-1.59079e-007	-0.00025
-1.58579e-007	-0.0005625
-1.58079e-007	-0.0005625
-1.57579e-007	0.0006875
-1.57079e-007	0.001625
-1.56579e-007	0.0013125
-1.56079e-007	0.0006875
-1.55579e-007	0.0006875
-1.55079e-007	6.25e-005
-1.54579e-007	0.001
-1.54079e-007	0.0006875
-1.53579e-007	-0.00025
-1.53079e-007	6.25e-005
-1.52579e-007	-0.00025
-1.52079e-007	-0.0005625
-1.51579e-007	-0.0011875
-1.51079e-007	-0.0011875
-1.50579e-007	-0.0015
-1.50079e-007	-0.002125
-1.49579e-007	-0.0011875
-1.49079e-007	6.25e-005
-1.48579e-007	0.0006875
-1.48079e-007	6.25e-005
-1.47579e-007	6.25e-005
-1.47079e-007	0.000375
-1.46579e-007	0.000375
-1.46079e-007	0.001
-1.45579e-007	0.0019375
-1.45079e-007	0.001
-1.44579e-007	6.25e-005
-1.44079e-007	0.000375
-1.43579e-007	0.0006875
-1.43079e-007	-0.0005625
-1.42579e-007	-0.0011875
-1.42079e-007	-0.0011875
-1.41579e-007	-0.0011875
-1.41079e-007	-0.0005625
-1.40579e-007	-0.000875
-1.40079e-007	-0.000875
-1.39579e-007	-0.00025
-1.39079e-007	-0.000875
-1.38579e-007	6.25e-005
-1.38079e-007	6.25e-005
-1.37579e-007	6.25e-005
-1.37079e-007	0.000375
-1.36579e-007	0.001
-1.36079e-007	0.0013125
-1.35579e-007	0.0013125
-1.35079e-007	6.25e-005
-1.34579e-007	-0.0005625
-1.34079e-007	-0.0005625
-1.33579e-007	6.25e-005
-1.33079e-007	-0.00025
-1.32579e-007	-0.0011875
-1.32079e-007	-0.0011875
-1.31579e-007	-0.0018125
-1.31079e-007	-0.0005625
-1.30579e-007	-0.0005625
-1.30079e-007	-0.000875
-1.29579e-007	-0.00025
-1.29079e-007	6.25e-005
-1.28579e-007	0.001
-1.28079e-007	0.000375
-1.27579e-007	0.001
-1.27079e-007	0.001
-1.26579e-007	0.000375
-1.26079e-007	0.000375
-1.25579e-007	0.0006875
-1.25079e-007	0.000375
-1.24579e-007	-0.0005625
-1.24079e-007	-0.0011875
-1.23579e-007	-0.0011875
-1.23079e-007	-0.0011875
-1.22579e-007	-0.0011875
-1.22079e-007	-0.000875
-1.21579e-007	-0.0011875
-1.21079e-007	-0.000875
-1.20579e-007	-0.0005625
-1.20079e-007	6.25e-005
-1.19579e-007	0.000375
-1.19079e-007	6.25e-005
-1.18579e-007	0.001
-1.18079e-007	0.0013125
-1.17579e-007	0.001
-1.17079e-007	0.0006875
-1.16579e-007	0.0006875
-1.16079e-007	6.25e-005
-1.15579e-007	-0.00025
-1.15079e-007	6.25e-005
-1.14579e-007	6.25e-005
-1.14079e-007	-0.0011875
-1.13579e-007	-0.0015
-1.13079e-007	-0.0018125
-1.12579e-007	-0.002125
-1.12079e-007	-0.0011875
-1.11579e-007	-0.0011875
-1.11079e-007	-0.00025
-1.10579e-007	-0.0005625
-1.10079e-007	-0.00025
-1.09579e-007	-0.00025
-1.09079e-007	0.000375
-1.08579e-007	0.0013125
-1.08079e-007	0.001
-1.07579e-007	0.0006875
-1.07079e-007	0.001
-1.06579e-007	0.001
-1.06079e-007	0.001625
-1.05579e-007	0.000375
-1.05079e-007	-0.00025
-1.04579e-007	-0.00025
-1.04079e-007	-0.000875
-1.03579e-007	-0.0024375
-1.03079e-007	-0.0024375
-1.02579e-007	-0.0015
-1.02079e-007	-0.000875
-1.01579e-007	-0.0015
-1.01079e-007	-0.000875
-1.00579e-007	-0.000875
-1.00079e-007	-0.0005625
-9.9579e-008	6.25e-005
-9.9079e-008	6.25e-005
-9.8579e-008	0.0006875
-9.8079e-008	0.0013125
-9.7579e-008	0.0019375
-9.7079e-008	0.001625
-9.6579e-008	0.001
-9.6079e-008	0.0006875
-9.5579e-008	0.000375
-9.5079e-008	6.25e-005
-9.4579e-008	6.25e-005
-9.4079e-008	-0.0015
-9.3579e-008	-0.0011875
-9.3079e-008	-0.0011875
-9.2579e-008	-0.0015
-9.2079e-008	-0.0018125
-9.1579e-008	-0.0018125
-9.1079e-008	-0.000875
-9.0579e-008	-0.0011875
-9.0079e-008	-0.0011875
-8.9579e-008	-0.00025
-8.9079e-008	0.0013125
-8.8579e-008	0.0013125
-8.8079e-008	0.0013125
-8.7579e-008	0.0013125
-8.7079e-008	0.0013125
-8.6579e-008	0.0006875
-8.6079e-008	0.0013125
-8.5579e-008	0.0013125
-8.5079e-008	0.0006875
-8.4579e-008	-0.0005625
-8.4079e-008	-0.0005625
-8.3579e-008	-0.0005625
-8.3079e-008	-0.0011875
-8.2579e-008	-0.0015
-8.2079e-008	-0.0015
-8.1579e-008	-0.0018125
-8.1079e-008	-0.0015
-8.0579e-008	-0.0005625
-8.0079e-008	-0.0005625
-7.9579e-008	-0.0005625
-7.9079e-008	6.25e-005
-7.8579e-008	0.0006875
-7.8079e-008	0.0006875
-7.7579e-008	0.000375
-7.7079e-008	0.0013125
-7.6579e-008	0.001625
-7.6079e-008	0.001
-7.5579e-008	0.001
-7.5079e-008	0.0006875
-7.4579e-008	0.0006875
-7.4079e-008	-0.0005625
-7.3579e-008	-0.0011875
-7.3079e-008	-0.0011875
-7.2579e-008	-0.0011875
-7.2079e-008	-0.0015
-7.1579e-008	-0.0015
-7.1079e-008	-0.000875
-7.0579e-008	-0.000875
-7.0079e-008	-0.0005625
-6.9579e-008	0.000375
-6.9079e-008	0.000375
-6.8579e-008	0.0006875
-6.8079e-008	0.0006875
-6.7579e-008	0.000375
-6.7079e-008	0.001
-6.6579e-008	0.001
-6.6079e-008	0.001
-6.5579e-008	0.0013125
-6.5079e-008	0.001
-6.4579e-008	6.25e-005
-6.4079e-008	-0.0011875
-6.3579e-008	-0.0005625
-6.3079e-008	-0.0005625
-6.2579e-008	-0.000875
-6.2079e-008	-0.000875
-6.1579e-008	-0.0005625
-6.1079e-008	-0.0005625
-6.0579e-008	-0.000875
-6.0079e-008	-0.0005625
-5.9579e-008	0.000375
-5.9079e-008	0.0006875
-5.8579e-008	0.0006875
-5.8079e-008	0.001
-5.7579e-008	0.0006875
-5.7079e-008	0.000375
-5.6579e-008	0.000375
-5.6079e-008	0.0006875
-5.5579e-008	6.25e-005
-5.5079e-008	-0.00025
-5.4579e-008	0.0006875
-5.4079e-008	-0.00025
-5.3579e-008	-0.00025
-5.3079e-008	-0.0005625
-5.2579e-008	-0.0011875
-5.2079e-008	-0.0011875
-5.1579e-008	-0.0011875
-5.1079e-008	-0.000875
-5.0579e-008	-0.0005625
-5.0079e-008	-0.0005625
-4.9579e-008	0.000375
-4.9079e-008	6.25e-005
-4.8579e-008	0.0006875
-4.8079e-008	0.0006875
-4.7579e-008	0.000375
-4.7079e-008	0.0013125
-4.6579e-008	-0.00025
-4.6079e-008	6.25e-005
-4.5579e-008	0.000375
-4.5079e-008	-0.0005625
-4.4579e-008	-0.00025
-4.4079e-008	-0.000875
-4.3579e-008	-0.0005625
-4.3079e-008	-0.0005625
-4.2579e-008	-0.0018125
-4.2079e-008	-0.000875
-4.1579e-008	-0.000875
-4.1079e-008	-0.0005625
-4.0579e-008	-0.000875
-4.0079e-008	-0.00025
-3.9579e-008	0.0006875
-3.9079e-008	0.001
-3.8579e-008	0.000375
-3.8079e-008	0.000375
-3.7579e-008	0.0006875
-3.7079e-008	0.0006875
-3.6579e-008	0.000375
-3.6079e-008	0.000375
-3.5579e-008	-0.0005625
-3.5079e-008	-0.0011875
-3.4579e-008	-0.0011875
-3.4079e-008	-0.0005625
-3.3579e-008	-0.0005625
-3.3079e-008	-0.0011875
-3.2579e-008	-0.0011875
-3.2079e-008	-0.0005625
-3.1579e-008	-0.0005625
-3.1079e-008	-0.0005625
-3.0579e-008	-0.0005625
-3.0079e-008	-0.0005625
-2.9579e-008	6.25e-005
-2.9079e-008	0.000375
-2.8579e-008	0.001
-2.8079e-008	0.0006875
-2.7579e-008	6.25e-005
-2.7079e-008	0.0006875
-2.6579e-008	0.000375
-2.6079e-008	-0.00025
-2.5579e-008	-0.00025
-2.5079e-008	6.25e-005
-2.4579e-008	6.25e-005
-2.4079e-008	-0.000875
-2.3579e-008	-0.0015
-2.3079e-008	-0.000875
-2.2579e-008	-0.0011875
-2.2079e-008	-0.0018125
-2.1579e-008	-0.0018125
-2.1079e-008	-0.0005625
-2.0579e-008	0.0006875
-2.0079e-008	0.000375
-1.9579e-008	0.0006875
-1.9079e-008	0.000375
-1.8579e-008	0.000375
-1.8079e-008	0.001
-1.7579e-008	0.0013125
-1.7079e-008	0.001
-1.6579e-008	6.25e-005
-1.6079e-008	6.25e-005
-1.5579e-008	0.001
-1.5079e-008	6.25e-005
-1.4579e-008	-0.0005625
-1.4079e-008	-0.00025
-1.3579e-008	-0.000875
-1.3079e-008	-0.000875
-1.2579e-008	-0.000875
-1.2079e-008	-0.0015
-1.1579e-008	-0.000875
-1.1079e-008	-0.0005625
-1.0579e-008	-0.0005625
-1.0079e-008	-0.000875
-9.579e-009	-0.000875
-9.079e-009	0.000375
-8.579e-009	0.000375
-8.079e-009	6.25e-005
-7.579e-009	-0.000875
-7.079e-009	-0.0015
-6.579e-009	-0.0018125
-6.079e-009	-0.00275
-5.579e-009	-0.0043125
-5.079e-009	-0.00525
-4.579e-009	-0.0061875
-4.079e-009	-0.0074375
-3.579e-009	-0.008375
-3.079e-009	-0.008375
-2.579e-009	-0.0093125
-2.079e-009	-0.009625
-1.579e-009	-0.0105625
-1.079e-009	-0.0115
-5.79e-010	-0.0111875
-7.9e-011	-0.0124375
4.21e-010	-0.012125
9.21e-010	-0.0111875
1.421e-009	-0.0111875
1.921e-009	-0.0115
2.421e-009	-0.0118125
2.921e-009	-0.0124375
3.421e-009	-0.0118125
3.921e-009	-0.0124375
4.421e-009	-0.01275
4.921e-009	-0.0136875
5.421e-009	-0.0136875
5.921e-009	-0.0143125
6.421e-009	-0.01525
6.921e-009	-0.0149375
7.421e-009	-0.014
7.921e-009	-0.014
8.421e-009	-0.01525
8.921e-009	-0.0155625
9.421e-009	-0.0149375
9.921e-009	-0.0149375
1.0421e-008	-0.0149375
1.0921e-008	-0.014
1.1421e-008	-0.014625
1.1921e-008	-0.0143125
1.2421e-008	-0.0136875
1.2921e-008	-0.013375
1.3421e-008	-0.0124375
1.3921e-008	-0.0130625
1.4421e-008	-0.013375
1.4921e-008	-0.0130625
1.5421e-008	-0.013375
1.5921e-008	-0.013375
1.6421e-008	-0.0143125
1.6921e-008	-0.014
1.7421e-008	-0.014
1.7921e-008	-0.014
1.8421e-008	-0.014625
1.8921e-008	-0.0149375
1.9421e-008	-0.014625
1.9921e-008	-0.01525
2.0421e-008	-0.0155625
2.0921e-008	-0.0155625
2.1421e-008	-0.01525
2.1921e-008	-0.0155625
2.2421e-008	-0.01525
2.2921e-008	-0.01525
2.3421e-008	-0.01525
2.3921e-008	-0.0155625
2.4421e-008	-0.0149375
2.4921e-008	-0.01525
2.5421e-008	-0.0155625
2.5921e-008	-0.0155625
2.6421e-008	-0.0155625
2.6921e-008	-0.0155625
2.7421e-008	-0.01525
2.7921e-008	-0.015875
2.8421e-008	-0.0161875
2.8921e-008	-0.0161875
2.9421e-008	-0.017125
2.9921e-008	-0.0174375
3.0421e-008	-0.0168125
3.0921e-008	-0.017125
3.1421e-008	-0.01775
3.1921e-008	-0.0174375
3.2421e-008	-0.01775
3.2921e-008	-0.017125
3.3421e-008	-0.0168125
3.3921e-008	-0.0168125
3.4421e-008	-0.017125
3.4921e-008	-0.017125
3.5421e-008	-0.0174375
3.5921e-008	-0.017125
3.6421e-008	-0.0165
3.6921e-008	-0.0168125
3.7421e-008	-0.0165
3.7921e-008	-0.017125
3.8421e-008	-0.0165
3.8921e-008	-0.0161875
3.9421e-008	-0.0161875
3.9921e-008	-0.0165
4.0421e-008	-0.017125
4.0921e-008	-0.0168125
4.1421e-008	-0.0165
4.1921e-008	-0.0168125
4.2421e-008	-0.0165
4.2921e-008	-0.0168125
4.3421e-008	-0.0174375
4.3921e-008	-0.01775
4.4421e-008	-0.01775
4.4921e-008	-0.0174375
4.5421e-008	-0.0174375
4.5921e-008	-0.0168125
4.6421e-008	-0.0168125
4.6921e-008	-0.0168125
4.7421e-008	-0.0165
4.7921e-008	-0.0165
4.8421e-008	-0.0161875
4.8921e-008	-0.0161875
4.9421e-008	-0.0165
4.9921e-008	-0.015875
5.0421e-008	-0.0161875
5.0921e-008	-0.0165
5.1421e-008	-0.0165
5.1921e-008	-0.0174375
5.2421e-008	-0.017125
5.2921e-008	-0.017125
5.3421e-008	-0.0174375
5.3921e-008	-0.0174375
5.4421e-008	-0.0180625
5.4921e-008	-0.01775
5.5421e-008	-0.01775
5.5921e-008	-0.0174375
5.6421e-008	-0.0174375
5.6921e-008	-0.018375
5.7421e-008	-0.0174375
5.7921e-008	-0.0168125
5.8421e-008	-0.01775
5.8921e-008	-0.0174375
5.9421e-008	-0.017125
5.9921e-008	-0.0168125
6.0421e-008	-0.0174375
6.0921e-008	-0.017125
6.1421e-008	-0.0168125
6.1921e-008	-0.0174375
6.2421e-008	-0.0174375
6.2921e-008	-0.017125
6.3421e-008	-0.017125
6.3921e-008	-0.01775
6.4421e-008	-0.018375
6.4921e-008	-0.0174375
6.5421e-008	-0.0180625
6.5921e-008	-0.0180625
6.6421e-008	-0.0174375
6.6921e-008	-0.01775
6.7421e-008	-0.0174375
6.7921e-008	-0.017125
6.8421e-008	-0.0174375
6.8921e-008	-0.017125
6.9421e-008	-0.0165
6.9921e-008	-0.017125
7.0421e-008	-0.0165
7.0921e-008	-0.015875
7.1421e-008	-0.015875
7.1921e-008	-0.0165
7.2421e-008	-0.0165
7.2921e-008	-0.0168125
7.3421e-008	-0.017125
7.3921e-008	-0.0174375
7.4421e-008	-0.0174375
7.4921e-008	-0.0174375
7.5421e-008	-0.018375
7.5921e-008	-0.0180625
7.6421e-008	-0.01775
7.6921e-008	-0.0174375
7.7421e-008	-0.0174375
7.7921e-008	-0.0174375
7.8421e-008	-0.01775
7.8921e-008	-0.017125
7.9421e-008	-0.017125
7.9921e-008	-0.0161875
8.0421e-008	-0.015875
8.0921e-008	-0.0168125
8.1421e-008	-0.0165
8.1921e-008	-0.015875
8.2421e-008	-0.0165
8.2921e-008	-0.0165
8.3421e-008	-0.0161875
8.3921e-008	-0.017125
8.4421e-008	-0.0174375
8.4921e-008	-0.017125
8.5421e-008	-0.0165
8.5921e-008	-0.017125
8.6421e-008	-0.0174375
8.6921e-008	-0.0180625
8.7421e-008	-0.0180625
8.7921e-008	-0.0168125
8.8421e-008	-0.0165
8.8921e-008	-0.0165
8.9421e-008	-0.015875
8.9921e-008	-0.0161875
9.0421e-008	-0.0165
9.0921e-008	-0.0161875
9.1421e-008	-0.0165
9.1921e-008	-0.0161875
9.2421e-008	-0.0165
9.2921e-008	-0.0161875
9.3421e-008	-0.0165
9.3921e-008	-0.0168125
9.4421e-008	-0.0165
9.4921e-008	-0.0168125
9.5421e-008	-0.0174375
9.5921e-008	-0.0180625
9.6421e-008	-0.0174375
9.6921e-008	-0.017125
9.7421e-008	-0.0165
9.7921e-008	-0.017125
9.8421e-008	-0.0165
9.8921e-008	-0.0161875
9.9421e-008	-0.0165
9.9921e-008	-0.015875
1.00421e-007	-0.0155625
1.00921e-007	-0.0165
1.01421e-007	-0.015875
1.01921e-007	-0.0161875
1.02421e-007	-0.0165
1.02921e-007	-0.015875
1.03421e-007	-0.0165
1.03921e-007	-0.015875
1.04421e-007	-0.0168125
1.04921e-007	-0.0174375
1.05421e-007	-0.017125
1.05921e-007	-0.017125
1.06421e-007	-0.0168125
1.06921e-007	-0.0168125
1.07421e-007	-0.017125
1.07921e-007	-0.0161875
1.08421e-007	-0.0161875
1.08921e-007	-0.0155625
1.09421e-007	-0.01525
1.09921e-007	-0.0155625
1.10421e-007	-0.01525
1.10921e-007	-0.015875
1.11421e-007	-0.015875
1.11921e-007	-0.0161875
1.12421e-007	-0.0161875
1.12921e-007	-0.015875
1.13421e-007	-0.0161875
1.13921e-007	-0.0168125
1.14421e-007	-0.0161875
1.14921e-007	-0.0165
1.15421e-007	-0.017125
1.15921e-007	-0.0174375
1.16421e-007	-0.01775
1.16921e-007	-0.0165
1.17421e-007	-0.015875
1.17921e-007	-0.0155625
1.18421e-007	-0.0155625
1.18921e-007	-0.0155625
1.19421e-007	-0.0143125
1.19921e-007	-0.0149375
1.20421e-007	-0.0155625
1.20921e-007	-0.0155625
1.21421e-007	-0.01525
1.21921e-007	-0.01525
1.22421e-007	-0.0155625
1.22921e-007	-0.0155625
1.23421e-007	-0.0165
1.23921e-007	-0.0161875
1.24421e-007	-0.0165
1.24921e-007	-0.0161875
1.25421e-007	-0.0161875
1.25921e-007	-0.0161875
1.26421e-007	-0.0165
1.26921e-007	-0.015875
1.27421e-007	-0.01525
1.27921e-007	-0.01525
1.28421e-007	-0.0149375
1.28921e-007	-0.01525
1.29421e-007	-0.0143125
1.29921e-007	-0.0143125
1.30421e-007	-0.014625
1.30921e-007	-0.0149375
1.31421e-007	-0.0149375
1.31921e-007	-0.01525
1.32421e-007	-0.0155625
1.32921e-007	-0.0155625
1.33421e-007	-0.015875
1.33921e-007	-0.0161875
1.34421e-007	-0.0161875
1.34921e-007	-0.0161875
1.35421e-007	-0.0161875
1.35921e-007	-0.0155625
1.36421e-007	-0.015875
1.36921e-007	-0.0155625
1.37421e-007	-0.0155625
1.37921e-007	-0.01525
1.38421e-007	-0.0149375
1.38921e-007	-0.0149375
1.39421e-007	-0.0143125
1.39921e-007	-0.014625
1.40421e-007	-0.0143125
1.40921e-007	-0.014
1.41421e-007	-0.014625
1.41921e-007	-0.0149375
1.42421e-007	-0.01525
1.42921e-007	-0.0149375
1.43421e-007	-0.0149375
1.43921e-007	-0.015875
1.44421e-007	-0.015875
1.44921e-007	-0.0155625
1.45421e-007	-0.01525
1.45921e-007	-0.01525
1.46421e-007	-0.01525
1.46921e-007	-0.014625
1.47421e-007	-0.014625
1.47921e-007	-0.0149375
1.48421e-007	-0.014625
1.48921e-007	-0.0149375
1.49421e-007	-0.014625
1.49921e-007	-0.0143125
1.50421e-007	-0.014625
1.50921e-007	-0.014
1.51421e-007	-0.014
1.51921e-007	-0.014625
1.52421e-007	-0.0149375
1.52921e-007	-0.0143125
1.53421e-007	-0.0143125
1.53921e-007	-0.014625
1.54421e-007	-0.014625
1.54921e-007	-0.01525
1.55421e-007	-0.01525
1.55921e-007	-0.0149375
1.56421e-007	-0.0155625
1.56921e-007	-0.014625
1.57421e-007	-0.014625
1.57921e-007	-0.014625
1.58421e-007	-0.014
1.58921e-007	-0.014625
1.59421e-007	-0.0149375
1.59921e-007	-0.014625
1.60421e-007	-0.014625
1.60921e-007	-0.0143125
1.61421e-007	-0.014
1.61921e-007	-0.014
1.62421e-007	-0.014
1.62921e-007	-0.0136875
1.63421e-007	-0.013375
1.63921e-007	-0.0136875
1.64421e-007	-0.014625
1.64921e-007	-0.014
1.65421e-007	-0.0136875
1.65921e-007	-0.0136875
1.66421e-007	-0.014
1.66921e-007	-0.0143125
1.67421e-007	-0.014625
1.67921e-007	-0.0149375
1.68421e-007	-0.014
1.68921e-007	-0.0143125
1.69421e-007	-0.0143125
1.69921e-007	-0.014
1.70421e-007	-0.0143125
1.70921e-007	-0.0143125
1.71421e-007	-0.0136875
1.71921e-007	-0.0136875
1.72421e-007	-0.0130625
1.72921e-007	-0.013375
1.73421e-007	-0.013375
1.73921e-007	-0.013375
1.74421e-007	-0.0130625
1.74921e-007	-0.0130625
1.75421e-007	-0.013375
1.75921e-007	-0.0136875
1.76421e-007	-0.014
1.76921e-007	-0.014
1.77421e-007	-0.013375
1.77921e-007	-0.014
1.78421e-007	-0.0136875
1.78921e-007	-0.014
1.79421e-007	-0.014
1.79921e-007	-0.014
1.80421e-007	-0.0143125
1.80921e-007	-0.013375
1.81421e-007	-0.0130625
1.81921e-007	-0.0130625
1.82421e-007	-0.01275
1.82921e-007	-0.0130625
1.83421e-007	-0.013375
1.83921e-007	-0.0130625
1.84421e-007	-0.012125
1.84921e-007	-0.01275
1.85421e-007	-0.0130625
1.85921e-007	-0.013375
1.86421e-007	-0.0136875
1.86921e-007	-0.013375
1.87421e-007	-0.013375
1.87921e-007	-0.0143125
1.88421e-007	-0.014
1.88921e-007	-0.014
1.89421e-007	-0.013375
1.89921e-007	-0.0130625
1.90421e-007	-0.0136875
1.90921e-007	-0.0136875
1.91421e-007	-0.013375
1.91921e-007	-0.01275
1.92421e-007	-0.012125
1.92921e-007	-0.0130625
1.93421e-007	-0.0124375
1.93921e-007	-0.0124375
1.94421e-007	-0.0124375
1.94921e-007	-0.01275
1.95421e-007	-0.01275
1.95921e-007	-0.013375
1.96421e-007	-0.0130625
1.96921e-007	-0.0130625
1.97421e-007	-0.013375
1.97921e-007	-0.013375
1.98421e-007	-0.013375
1.98921e-007	-0.013375
1.99421e-007	-0.01275
1.99921e-007	-0.01275
2.00421e-007	-0.01275
2.00921e-007	-0.0130625
2.01421e-007	-0.0124375
2.01921e-007	-0.0118125
2.02421e-007	-0.0118125
2.02921e-007	-0.012125
2.03421e-007	-0.0118125
2.03921e-007	-0.0118125
2.04421e-007	-0.0124375
2.04921e-007	-0.0124375
2.05421e-007	-0.0124375
2.05921e-007	-0.0130625
2.06421e-007	-0.01275
2.06921e-007	-0.013375
2.07421e-007	-0.013375
2.07921e-007	-0.013375
2.08421e-007	-0.0130625
2.08921e-007	-0.0130625
2.09421e-007	-0.0136875
2.09921e-007	-0.0124375
2.10421e-007	-0.0124375
2.10921e-007	-0.0124375
2.11421e-007	-0.0111875
2.11921e-007	-0.012125
2.12421e-007	-0.012125
2.12921e-007	-0.0111875
2.13421e-007	-0.0111875
2.13921e-007	-0.0118125
2.14421e-007	-0.0115
2.14921e-007	-0.0118125
2.15421e-007	-0.0124375
2.15921e-007	-0.0130625
2.16421e-007	-0.0130625
2.16921e-007	-0.0136875
2.17421e-007	-0.01275
2.17921e-007	-0.013375
2.18421e-007	-0.0130625
2.18921e-007	-0.0124375
2.19421e-007	-0.0124375
2.19921e-007	-0.0130625
2.20421e-007	-0.0118125
2.20921e-007	-0.0115
2.21421e-007	-0.01025
2.21921e-007	-0.010875
2.22421e-007	-0.0105625
2.22921e-007	-0.010875
2.23421e-007	-0.0105625
2.23921e-007	-0.0111875
2.24421e-007	-0.0118125
2.24921e-007	-0.0115
2.25421e-007	-0.0118125
2.25921e-007	-0.01275
2.26421e-007	-0.0130625
2.26921e-007	-0.0130625
2.27421e-007	-0.0130625
2.27921e-007	-0.0130625
2.28421e-007	-0.01275
2.28921e-007	-0.01275
2.29421e-007	-0.01275
2.29921e-007	-0.012125
2.30421e-007	-0.0115
2.30921e-007	-0.010875
2.31421e-007	-0.01025
2.31921e-007	-0.0093125
2.32421e-007	-0.009625
2.32921e-007	-0.01025
2.33421e-007	-0.0099375
2.33921e-007	-0.0099375
2.34421e-007	-0.0105625
2.34921e-007	-0.0105625
2.35421e-007	-0.0111875
2.35921e-007	-0.0124375
2.36421e-007	-0.012125
2.36921e-007	-0.0124375
2.37421e-007	-0.0124375
2.37921e-007	-0.01275
2.38421e-007	-0.0124375
2.38921e-007	-0.01275
2.39421e-007	-0.012125
2.39921e-007	-0.0115
2.40421e-007	-0.010875
2.40921e-007	-0.010875
2.41421e-007	-0.01025
2.41921e-007	-0.0099375
2.42421e-007	-0.0099375
2.42921e-007	-0.01025
2.43421e-007	-0.01025
2.43921e-007	-0.0099375
2.44421e-007	-0.0099375
2.44921e-007	-0.010875
2.45421e-007	-0.0111875
2.45921e-007	-0.0124375
2.46421e-007	-0.0124375
2.46921e-007	-0.012125
2.47421e-007	-0.0124375
2.47921e-007	-0.0124375
2.48421e-007	-0.012125
2.48921e-007	-0.012125
2.49421e-007	-0.0118125
2.49921e-007	-0.0115
2.50421e-007	-0.010875
2.50921e-007	-0.010875
2.51421e-007	-0.0105625
2.51921e-007	-0.0093125
2.52421e-007	-0.0093125
2.52921e-007	-0.0086875
2.53421e-007	-0.01025
2.53921e-007	-0.0105625
2.54421e-007	-0.01025
2.54921e-007	-0.0105625
2.55421e-007	-0.0105625
2.55921e-007	-0.010875
2.56421e-007	-0.0115
2.56921e-007	-0.0118125
2.57421e-007	-0.0118125
2.57921e-007	-0.0118125
2.58421e-007	-0.0118125
2.58921e-007	-0.0115
2.59421e-007	-0.0111875
2.59921e-007	-0.0115
2.60421e-007	-0.0099375
2.60921e-007	-0.0105625
2.61421e-007	-0.01025
2.61921e-007	-0.009625
2.62421e-007	-0.0093125
2.62921e-007	-0.01025
2.63421e-007	-0.01025
2.63921e-007	-0.009625
2.64421e-007	-0.009625
2.64921e-007	-0.0105625
2.65421e-007	-0.010875
2.65921e-007	-0.0111875
2.66421e-007	-0.01025
2.66921e-007	-0.0105625
2.67421e-007	-0.0115
2.67921e-007	-0.0111875
2.68421e-007	-0.010875
2.68921e-007	-0.0111875
2.69421e-007	-0.0115
2.69921e-007	-0.0099375
2.70421e-007	-0.0099375
2.70921e-007	-0.0105625
2.71421e-007	-0.0099375
2.71921e-007	-0.0099375
2.72421e-007	-0.009625
2.72921e-007	-0.0099375
2.73421e-007	-0.01025
2.73921e-007	-0.009
2.74421e-007	-0.009625
2.74921e-007	-0.0105625
2.75421e-007	-0.0105625
2.75921e-007	-0.01025
2.76421e-007	-0.0105625
2.76921e-007	-0.010875
2.77421e-007	-0.0105625
2.77921e-007	-0.01025
2.78421e-007	-0.0105625
2.78921e-007	-0.009625
2.79421e-007	-0.009
2.79921e-007	-0.0099375
2.80421e-007	-0.0099375
2.80921e-007	-0.009625
2.81421e-007	-0.01025
2.81921e-007	-0.01025
2.82421e-007	-0.0099375
2.82921e-007	-0.010875
2.83421e-007	-0.01025
2.83921e-007	-0.0099375
2.84421e-007	-0.01025
2.84921e-007	-0.0105625
2.85421e-007	-0.0105625
2.85921e-007	-0.01025
2.86421e-007	-0.0099375
2.86921e-007	-0.0099375
2.87421e-007	-0.009
2.87921e-007	-0.0093125
2.88421e-007	-0.009
2.88921e-007	-0.0099375
2.89421e-007	-0.01025
2.89921e-007	-0.009625
2.90421e-007	-0.009625
2.90921e-007	-0.009
2.91421e-007	-0.009625
2.91921e-007	-0.0105625
2.92421e-007	-0.01025
2.92921e-007	-0.0111875
2.93421e-007	-0.0111875
2.93921e-007	-0.0111875
2.94421e-007	-0.01025
2.94921e-007	-0.009
2.95421e-007	-0.0099375
2.95921e-007	-0.009625
2.96421e-007	-0.0099375
2.96921e-007	-0.0093125
2.97421e-007	-0.0093125
2.97921e-007	-0.008375
2.98421e-007	-0.0080625
2.98921e-007	-0.0086875
2.99421e-007	-0.009
2.99921e-007	-0.0080625
3.00421e-007	-0.008375
3.00921e-007	-0.0086875
3.01421e-007	-0.009
3.01921e-007	-0.0099375
3.02421e-007	-0.0099375
3.02921e-007	-0.0099375
3.03421e-007	-0.0099375
3.03921e-007	-0.0105625
3.04421e-007	-0.0099375
3.04921e-007	-0.0099375
3.05421e-007	-0.01025
3.05921e-007	-0.009
3.06421e-007	-0.0086875
3.06921e-007	-0.009
3.07421e-007	-0.0086875
3.07921e-007	-0.0086875
3.08421e-007	-0.008375
3.08921e-007	-0.0086875
3.09421e-007	-0.0086875
3.09921e-007	-0.008375
3.10421e-007	-0.008375
3.10921e-007	-0.008375
3.11421e-007	-0.0093125
3.11921e-007	-0.009
3.12421e-007	-0.009625
3.12921e-007	-0.009625
3.13421e-007	-0.0099375
3.13921e-007	-0.0099375
3.14421e-007	-0.009625
3.14921e-007	-0.009
3.15421e-007	-0.009
3.15921e-007	-0.0086875
3.16421e-007	-0.0093125
3.16921e-007	-0.0080625
3.17421e-007	-0.00775
3.17921e-007	-0.0080625
3.18421e-007	-0.0086875
3.18921e-007	-0.0086875
3.19421e-007	-0.008375
3.19921e-007	-0.008375
3.20421e-007	-0.0086875
3.20921e-007	-0.008375
3.21421e-007	-0.009
3.21921e-007	-0.0093125
3.22421e-007	-0.0086875
3.22921e-007	-0.0093125
3.23421e-007	-0.0093125
3.23921e-007	-0.009
3.24421e-007	-0.0086875
3.24921e-007	-0.008375
3.25421e-007	-0.009
3.25921e-007	-0.008375
3.26421e-007	-0.008375
3.26921e-007	-0.008375
3.27421e-007	-0.0080625
3.27921e-007	-0.0080625
3.28421e-007	-0.0086875
3.28921e-007	-0.008375
3.29421e-007	-0.008375
3.29921e-007	-0.0080625
3.30421e-007	-0.009
3.30921e-007	-0.0093125
3.31421e-007	-0.0086875
3.31921e-007	-0.009625
3.32421e-007	-0.009
3.32921e-007	-0.008375
3.33421e-007	-0.009
3.33921e-007	-0.009
3.34421e-007	-0.0086875
3.34921e-007	-0.00775
3.35421e-007	-0.008375
3.35921e-007	-0.0080625
3.36421e-007	-0.0074375
3.36921e-007	-0.00775
3.37421e-007	-0.00775
3.37921e-007	-0.00775
3.38421e-007	-0.008375
3.38921e-007	-0.0080625
3.39421e-007	-0.008375
3.39921e-007	-0.0086875
3.40421e-007	-0.0086875
3.40921e-007	-0.0086875
3.41421e-007	-0.009
3.41921e-007	-0.009
3.42421e-007	-0.009
3.42921e-007	-0.008375
3.43421e-007	-0.0086875
3.43921e-007	-0.00775
3.44421e-007	-0.008375
3.44921e-007	-0.0074375
3.45421e-007	-0.0074375
3.45921e-007	-0.007125
3.46421e-007	-0.007125
3.46921e-007	-0.007125
3.47421e-007	-0.0068125
3.47921e-007	-0.007125
3.48421e-007	-0.00775
3.48921e-007	-0.0080625
3.49421e-007	-0.0080625
3.49921e-007	-0.008375
3.50421e-007	-0.0093125
3.50921e-007	-0.009
3.51421e-007	-0.0086875
3.51921e-007	-0.009
3.52421e-007	-0.0086875
3.52921e-007	-0.0086875
3.53421e-007	-0.009
3.53921e-007	-0.00775
3.54421e-007	-0.007125
3.54921e-007	-0.0068125
3.55421e-007	-0.0068125
3.55921e-007	-0.007125
3.56421e-007	-0.0061875
3.56921e-007	-0.0065
3.57421e-007	-0.0068125
3.57921e-007	-0.007125
3.58421e-007	-0.0074375
3.58921e-007	-0.0074375
3.59421e-007	-0.0086875
3.59921e-007	-0.0080625
3.60421e-007	-0.008375
3.60921e-007	-0.0093125
3.61421e-007	-0.0099375
3.61921e-007	-0.0093125
3.62421e-007	-0.008375
3.62921e-007	-0.0086875
3.63421e-007	-0.008375
3.63921e-007	-0.0074375
3.64421e-007	-0.00775
3.64921e-007	-0.0068125
3.65421e-007	-0.0065
3.65921e-007	-0.0061875
3.66421e-007	-0.0055625
3.66921e-007	-0.0061875
3.67421e-007	-0.0061875
3.67921e-007	-0.0068125
3.68421e-007	-0.0068125
3.68921e-007	-0.0074375
3.69421e-007	-0.0086875
3.69921e-007	-0.008375
3.70421e-007	-0.0086875
3.70921e-007	-0.0093125
3.71421e-007	-0.009625
3.71921e-007	-0.009
3.72421e-007	-0.0086875
3.72921e-007	-0.009
3.73421e-007	-0.008375
3.73921e-007	-0.0074375
3.74421e-007	-0.007125
3.74921e-007	-0.0061875
3.75421e-007	-0.0068125
3.75921e-007	-0.0065
3.76421e-007	-0.0061875
3.76921e-007	-0.005875
3.77421e-007	-0.005875
3.77921e-007	-0.0068125
3.78421e-007	-0.0068125
3.78921e-007	-0.0074375
3.79421e-007	-0.0080625
3.79921e-007	-0.0080625
3.80421e-007	-0.0080625
3.80921e-007	-0.008375
3.81421e-007	-0.0093125
3.81921e-007	-0.0080625
3.82421e-007	-0.0080625
3.82921e-007	-0.0080625
3.83421e-007	-0.0080625
3.83921e-007	-0.0074375
3.84421e-007	-0.007125
3.84921e-007	-0.0061875
3.85421e-007	-0.0061875
3.85921e-007	-0.0061875
3.86421e-007	-0.0061875
3.86921e-007	-0.0061875
3.87421e-007	-0.0061875
3.87921e-007	-0.0065
3.88421e-007	-0.0061875
3.88921e-007	-0.0065
3.89421e-007	-0.007125
3.89921e-007	-0.0074375
3.90421e-007	-0.00775
3.90921e-007	-0.0080625
3.91421e-007	-0.008375
3.91921e-007	-0.008375
3.92421e-007	-0.008375
3.92921e-007	-0.0074375
3.93421e-007	-0.007125
3.93921e-007	-0.0080625
3.94421e-007	-0.0074375
3.94921e-007	-0.0061875
3.95421e-007	-0.0061875
3.95921e-007	-0.0068125
3.96421e-007	-0.0061875
3.96921e-007	-0.0061875
3.97421e-007	-0.0061875
3.97921e-007	-0.0055625
3.98421e-007	-0.0068125
3.98921e-007	-0.0068125
3.99421e-007	-0.007125
3.99921e-007	-0.0074375
4.00421e-007	-0.0074375
4.00921e-007	-0.0080625
4.01421e-007	-0.0086875
4.01921e-007	-0.00775
4.02421e-007	-0.0074375
4.02921e-007	-0.0068125
4.03421e-007	-0.0074375
4.03921e-007	-0.0065
4.04421e-007	-0.0061875
4.04921e-007	-0.0065
4.05421e-007	-0.005875
4.05921e-007	-0.0061875
4.06421e-007	-0.005875
4.06921e-007	-0.005875
4.07421e-007	-0.0065
4.07921e-007	-0.0061875
4.08421e-007	-0.0065
4.08921e-007	-0.0068125
4.09421e-007	-0.0074375
4.09921e-007	-0.0074375
4.10421e-007	-0.007125
4.10921e-007	-0.0074375
4.11421e-007	-0.0074375
4.11921e-007	-0.0074375
4.12421e-007	-0.0065
4.12921e-007	-0.0061875
4.13421e-007	-0.0061875
4.13921e-007	-0.005875
4.14421e-007	-0.0065
4.14921e-007	-0.0061875
4.15421e-007	-0.0061875
4.15921e-007	-0.0061875
4.16421e-007	-0.005875
4.16921e-007	-0.005875
4.17421e-007	-0.0065
4.17921e-007	-0.0065
4.18421e-007	-0.0068125
4.18921e-007	-0.0061875
4.19421e-007	-0.007125
4.19921e-007	-0.00775
4.20421e-007	-0.007125
4.20921e-007	-0.007125
4.21421e-007	-0.007125
4.21921e-007	-0.007125
4.22421e-007	-0.0068125
4.22921e-007	-0.0068125
4.23421e-007	-0.007125
4.23921e-007	-0.0065
4.24421e-007	-0.0061875
4.24921e-007	-0.0055625
4.25421e-007	-0.0055625
4.25921e-007	-0.0055625
4.26421e-007	-0.005875
4.26921e-007	-0.0061875
4.27421e-007	-0.005875
4.27921e-007	-0.005875
4.28421e-007	-0.0061875
4.28921e-007	-0.0068125
4.29421e-007	-0.007125
4.29921e-007	-0.0068125
4.30421e-007	-0.0068125
4.30921e-007	-0.007125
4.31421e-007	-0.0068125
4.31921e-007	-0.0068125
4.32421e-007	-0.0068125
4.32921e-007	-0.0065
4.33421e-007	-0.0065
4.33921e-007	-0.0061875
4.34421e-007	-0.0065
4.34921e-007	-0.0055625
4.35421e-007	-0.0049375
4.35921e-007	-0.005875
4.36421e-007	-0.00525
4.36921e-007	-0.00525
4.37421e-007	-0.0061875
4.37921e-007	-0.0061875
4.38421e-007	-0.00525
4.38921e-007	-0.005875
4.39421e-007	-0.0068125
4.39921e-007	-0.0065
4.40421e-007	-0.007125
4.40921e-007	-0.0074375
4.41421e-007	-0.0068125
4.41921e-007	-0.0068125
4.42421e-007	-0.00775
4.42921e-007	-0.007125
4.43421e-007	-0.007125
4.43921e-007	-0.0068125
4.44421e-007	-0.0065
4.44921e-007	-0.005875
4.45421e-007	-0.0061875
4.45921e-007	-0.0055625
4.46421e-007	-0.005875
4.46921e-007	-0.00525
4.47421e-007	-0.0049375
4.47921e-007	-0.0049375
4.48421e-007	-0.0049375
4.48921e-007	-0.00525
4.49421e-007	-0.005875
4.49921e-007	-0.0055625
4.50421e-007	-0.0065
4.50921e-007	-0.0068125
4.51421e-007	-0.0068125
4.51921e-007	-0.0068125
4.52421e-007	-0.00775
4.52921e-007	-0.007125
4.53421e-007	-0.0061875
4.53921e-007	-0.007125
4.54421e-007	-0.0074375
4.54921e-007	-0.005875
4.55421e-007	-0.0055625
4.55921e-007	-0.005875
4.56421e-007	-0.005875
4.56921e-007	-0.0049375
4.57421e-007	-0.0036875
4.57921e-007	-0.004625
4.58421e-007	-0.004625
4.58921e-007	-0.0049375
4.59421e-007	-0.0055625
4.59921e-007	-0.0061875
4.60421e-007	-0.005875
4.60921e-007	-0.0055625
4.61421e-007	-0.0065
4.61921e-007	-0.007125
4.62421e-007	-0.0074375
4.62921e-007	-0.007125
4.63421e-007	-0.007125
4.63921e-007	-0.0068125
4.64421e-007	-0.0068125
4.64921e-007	-0.0061875
4.65421e-007	-0.0061875
4.65921e-007	-0.00525
4.66421e-007	-0.004625
4.66921e-007	-0.0043125
4.67421e-007	-0.004625
4.67921e-007	-0.004625
4.68421e-007	-0.0043125
4.68921e-007	-0.004625
4.69421e-007	-0.0049375
4.69921e-007	-0.0049375
4.70421e-007	-0.00525
4.70921e-007	-0.005875
4.71421e-007	-0.0065
4.71921e-007	-0.0065
4.72421e-007	-0.0074375
4.72921e-007	-0.0074375
4.73421e-007	-0.0074375
4.73921e-007	-0.0074375
4.74421e-007	-0.0074375
4.74921e-007	-0.0065
4.75421e-007	-0.005875
4.75921e-007	-0.0055625
4.76421e-007	-0.0049375
4.76921e-007	-0.004625
4.77421e-007	-0.0036875
4.77921e-007	-0.0036875
4.78421e-007	-0.004
4.78921e-007	-0.0043125
4.79421e-007	-0.0036875
4.79921e-007	-0.00525
4.80421e-007	-0.0055625
4.80921e-007	-0.005875
4.81421e-007	-0.0065
4.81921e-007	-0.0068125
4.82421e-007	-0.0065
4.82921e-007	-0.007125
4.83421e-007	-0.0074375
4.83921e-007	-0.007125
4.84421e-007	-0.0068125
4.84921e-007	-0.0055625
4.85421e-007	-0.0055625
4.85921e-007	-0.0055625
4.86421e-007	-0.0049375
4.86921e-007	-0.00525
4.87421e-007	-0.0043125
4.87921e-007	-0.003375
4.88421e-007	-0.003375
4.88921e-007	-0.003375
4.89421e-007	-0.004
4.89921e-007	-0.0043125
4.90421e-007	-0.00525
4.90921e-007	-0.0055625
4.91421e-007	-0.0055625
4.91921e-007	-0.0055625
4.92421e-007	-0.0068125
4.92921e-007	-0.0068125
4.93421e-007	-0.007125
4.93921e-007	-0.0068125
4.94421e-007	-0.0061875
4.94921e-007	-0.005875
4.95421e-007	-0.0061875
4.95921e-007	-0.004625
4.96421e-007	-0.0036875
4.96921e-007	-0.0043125
4.97421e-007	-0.004
4.97921e-007	-0.0043125
4.98421e-007	-0.0036875
4.98921e-007	-0.004
4.99421e-007	-0.0049375
4.99921e-007	-0.0043125
5.00421e-007	-0.0043125
5.00921e-007	-0.005875
5.01421e-007	-0.005875
5.01921e-007	-0.0065
5.02421e-007	-0.0068125
5.02921e-007	-0.0065
5.03421e-007	-0.0061875
5.03921e-007	-0.0065
5.04421e-007	-0.0061875
5.04921e-007	-0.0055625
5.05421e-007	-0.0055625
5.05921e-007	-0.0049375
5.06421e-007	-0.0036875
5.06921e-007	-0.004
5.07421e-007	-0.004
5.07921e-007	-0.0036875
5.08421e-007	-0.0043125
5.08921e-007	-0.004625
5.09421e-007	-0.0043125
5.09921e-007	-0.0043125
5.10421e-007	-0.00525
5.10921e-007	-0.0055625
5.11421e-007	-0.0061875
5.11921e-007	-0.0061875
5.12421e-007	-0.0065
5.12921e-007	-0.005875
5.13421e-007	-0.005875
5.13921e-007	-0.005875
5.14421e-007	-0.0061875
5.14921e-007	-0.00525
5.15421e-007	-0.0049375
5.15921e-007	-0.0043125
5.16421e-007	-0.003375
5.16921e-007	-0.003375
5.17421e-007	-0.0036875
5.17921e-007	-0.0036875
5.18421e-007	-0.0036875
5.18921e-007	-0.004
5.19421e-007	-0.004625
5.19921e-007	-0.0049375
5.20421e-007	-0.0049375
5.20921e-007	-0.0049375
5.21421e-007	-0.0055625
5.21921e-007	-0.0068125
5.22421e-007	-0.0065
5.22921e-007	-0.005875
5.23421e-007	-0.00525
5.23921e-007	-0.00525
5.24421e-007	-0.0049375
5.24921e-007	-0.0043125
5.25421e-007	-0.0036875
5.25921e-007	-0.0043125
5.26421e-007	-0.003375
5.26921e-007	-0.0036875
5.27421e-007	-0.003375
5.27921e-007	-0.004
5.28421e-007	-0.0036875
5.28921e-007	-0.0036875
5.29421e-007	-0.0043125
5.29921e-007	-0.0055625
5.30421e-007	-0.005875
5.30921e-007	-0.0055625
5.31421e-007	-0.0055625
5.31921e-007	-0.0061875
5.32421e-007	-0.005875
5.32921e-007	-0.00525
5.33421e-007	-0.0055625
5.33921e-007	-0.0049375
5.34421e-007	-0.0055625
5.34921e-007	-0.004625
5.35421e-007	-0.0036875
5.35921e-007	-0.004
5.36421e-007	-0.0036875
5.36921e-007	-0.003375
5.37421e-007	-0.003375
5.37921e-007	-0.003375
5.38421e-007	-0.004
5.38921e-007	-0.0036875
5.39421e-007	-0.004625
5.39921e-007	-0.0055625
5.40421e-007	-0.0055625
5.40921e-007	-0.0055625
5.41421e-007	-0.0055625
5.41921e-007	-0.0061875
5.42421e-007	-0.0055625
5.42921e-007	-0.0055625
5.43421e-007	-0.005875
5.43921e-007	-0.00525
5.44421e-007	-0.004625
5.44921e-007	-0.004625
5.45421e-007	-0.004
5.45921e-007	-0.0036875
5.46421e-007	-0.0030625
5.46921e-007	-0.00275
5.47421e-007	-0.0030625
5.47921e-007	-0.0036875
5.48421e-007	-0.0043125
5.48921e-007	-0.004
5.49421e-007	-0.0043125
5.49921e-007	-0.0049375
5.50421e-007	-0.0049375
5.50921e-007	-0.0055625
5.51421e-007	-0.00525
5.51921e-007	-0.00525
5.52421e-007	-0.0055625
5.52921e-007	-0.00525
5.53421e-007	-0.00525
5.53921e-007	-0.0049375
5.54421e-007	-0.004625
5.54921e-007	-0.0043125
5.55421e-007	-0.004
5.55921e-007	-0.004
5.56421e-007	-0.0036875
5.56921e-007	-0.004
5.57421e-007	-0.004
5.57921e-007	-0.0036875
5.58421e-007	-0.004
5.58921e-007	-0.004625
5.59421e-007	-0.0043125
5.59921e-007	-0.004
5.60421e-007	-0.0043125
5.60921e-007	-0.0049375
5.61421e-007	-0.0043125
5.61921e-007	-0.004625
5.62421e-007	-0.00525
5.62921e-007	-0.0043125
5.63421e-007	-0.0043125
5.63921e-007	-0.004625
5.64421e-007	-0.0043125
5.64921e-007	-0.00525
5.65421e-007	-0.0049375
5.65921e-007	-0.004
5.66421e-007	-0.003375
5.66921e-007	-0.003375
5.67421e-007	-0.0036875
5.67921e-007	-0.004625
5.68421e-007	-0.0043125
5.68921e-007	-0.003375
5.69421e-007	-0.0030625
5.69921e-007	-0.003375
5.70421e-007	-0.0036875
5.70921e-007	-0.0036875
5.71421e-007	-0.004
5.71921e-007	-0.0043125
5.72421e-007	-0.0043125
5.72921e-007	-0.0043125
5.73421e-007	-0.0036875
5.73921e-007	-0.0043125
5.74421e-007	-0.0043125
5.74921e-007	-0.0043125
5.75421e-007	-0.0043125
5.75921e-007	-0.004625
5.76421e-007	-0.0036875
5.76921e-007	-0.004
5.77421e-007	-0.004
5.77921e-007	-0.0036875
5.78421e-007	-0.004
5.78921e-007	-0.003375
5.79421e-007	-0.0036875
5.79921e-007	-0.0036875
5.80421e-007	-0.0030625
5.80921e-007	-0.0024375
5.81421e-007	-0.0036875
5.81921e-007	-0.004
5.82421e-007	-0.003375
5.82921e-007	-0.0036875
5.83421e-007	-0.004
5.83921e-007	-0.004
5.84421e-007	-0.0049375
5.84921e-007	-0.0049375
5.85421e-007	-0.00525
5.85921e-007	-0.0049375
5.86421e-007	-0.0049375
5.86921e-007	-0.00525
5.87421e-007	-0.004625
5.87921e-007	-0.0043125
5.88421e-007	-0.0036875
5.88921e-007	-0.003375
5.89421e-007	-0.0036875
5.89921e-007	-0.003375
5.90421e-007	-0.00275
5.90921e-007	-0.0030625
5.91421e-007	-0.003375
5.91921e-007	-0.0030625
5.92421e-007	-0.0036875
5.92921e-007	-0.0043125
5.93421e-007	-0.0036875
5.93921e-007	-0.004
5.94421e-007	-0.0049375
5.94921e-007	-0.0049375
5.95421e-007	-0.0049375
5.95921e-007	-0.00525
5.96421e-007	-0.0049375
5.96921e-007	-0.0043125
5.97421e-007	-0.004
5.97921e-007	-0.004
5.98421e-007	-0.0036875
5.98921e-007	-0.003375
5.99421e-007	-0.0024375
5.99921e-007	-0.0024375
6.00421e-007	-0.003375
6.00921e-007	-0.00275
6.01421e-007	-0.0030625
6.01921e-007	-0.0024375
6.02421e-007	-0.00275
6.02921e-007	-0.004
6.03421e-007	-0.0043125
6.03921e-007	-0.00525
6.04421e-007	-0.0043125
6.04921e-007	-0.0043125
6.05421e-007	-0.0049375
6.05921e-007	-0.0049375
6.06421e-007	-0.004625
6.06921e-007	-0.004625
6.07421e-007	-0.0036875
6.07921e-007	-0.0036875
6.08421e-007	-0.003375
6.08921e-007	-0.0024375
6.09421e-007	-0.0018125
6.09921e-007	-0.0024375
6.10421e-007	-0.00275
6.10921e-007	-0.002125
6.11421e-007	-0.00275
6.11921e-007	-0.003375
6.12421e-007	-0.003375
6.12921e-007	-0.0043125
6.13421e-007	-0.004625
6.13921e-007	-0.0043125
6.14421e-007	-0.004625
6.14921e-007	-0.0049375
6.15421e-007	-0.0055625
6.15921e-007	-0.0049375
6.16421e-007	-0.00525
6.16921e-007	-0.0049375
6.17421e-007	-0.0036875
6.17921e-007	-0.0030625
6.18421e-007	-0.00275
6.18921e-007	-0.00275
6.19421e-007	-0.0024375
6.19921e-007	-0.002125
6.20421e-007	-0.002125
6.20921e-007	-0.002125
6.21421e-007	-0.00275
6.21921e-007	-0.0030625
6.22421e-007	-0.004
6.22921e-007	-0.0043125
6.23421e-007	-0.004
6.23921e-007	-0.004625
6.24421e-007	-0.004625
6.24921e-007	-0.00525
6.25421e-007	-0.0043125
6.25921e-007	-0.004
6.26421e-007	-0.0043125
6.26921e-007	-0.0043125
6.27421e-007	-0.00275
6.27921e-007	-0.00275
6.28421e-007	-0.0024375
6.28921e-007	-0.00275
6.29421e-007	-0.002125
6.29921e-007	-0.0018125
6.30421e-007	-0.00275
6.30921e-007	-0.0024375
6.31421e-007	-0.00275
6.31921e-007	-0.0030625
6.32421e-007	-0.003375
6.32921e-007	-0.0043125
6.33421e-007	-0.0043125
6.33921e-007	-0.004625
6.34421e-007	-0.004625
6.34921e-007	-0.0043125
6.35421e-007	-0.0043125
6.35921e-007	-0.004625
6.36421e-007	-0.0043125
6.36921e-007	-0.0030625
6.37421e-007	-0.0024375
6.37921e-007	-0.002125
6.38421e-007	-0.002125
6.38921e-007	-0.0018125
6.39421e-007	-0.0024375
6.39921e-007	-0.0015
6.40421e-007	-0.002125
6.40921e-007	-0.0024375
6.41421e-007	-0.0024375
6.41921e-007	-0.0036875
6.42421e-007	-0.0043125
6.42921e-007	-0.0043125
6.43421e-007	-0.0036875
6.43921e-007	-0.004
6.44421e-007	-0.0043125
6.44921e-007	-0.0043125
6.45421e-007	-0.003375
6.45921e-007	-0.003375
6.46421e-007	-0.00275
6.46921e-007	-0.0024375
6.47421e-007	-0.0024375
6.47921e-007	-0.0030625
6.48421e-007	-0.00275
6.48921e-007	-0.0018125
6.49421e-007	-0.002125
6.49921e-007	-0.0024375
6.50421e-007	-0.002125
6.50921e-007	-0.0030625
6.51421e-007	-0.0036875
6.51921e-007	-0.0036875
6.52421e-007	-0.003375
6.52921e-007	-0.0036875
6.53421e-007	-0.004
6.53921e-007	-0.0043125
6.54421e-007	-0.0043125
6.54921e-007	-0.0036875
6.55421e-007	-0.003375
6.55921e-007	-0.003375
6.56421e-007	-0.003375
6.56921e-007	-0.0030625
6.57421e-007	-0.0030625
6.57921e-007	-0.0024375
6.58421e-007	-0.0024375
6.58921e-007	-0.00275
6.59421e-007	-0.00275
6.59921e-007	-0.0018125
6.60421e-007	-0.00275
6.60921e-007	-0.0036875
6.61421e-007	-0.003375
6.61921e-007	-0.0030625
6.62421e-007	-0.003375
6.62921e-007	-0.0043125
6.63421e-007	-0.004
6.63921e-007	-0.003375
6.64421e-007	-0.003375
6.64921e-007	-0.00275
6.65421e-007	-0.0024375
6.65921e-007	-0.0024375
6.66421e-007	-0.0024375
6.66921e-007	-0.00275
6.67421e-007	-0.00275
6.67921e-007	-0.0024375
6.68421e-007	-0.0024375
6.68921e-007	-0.0030625
6.69421e-007	-0.0030625
6.69921e-007	-0.004
6.70421e-007	-0.0036875
6.70921e-007	-0.003375
6.71421e-007	-0.0036875
6.71921e-007	-0.0030625
6.72421e-007	-0.0024375
6.72921e-007	-0.0036875
6.73421e-007	-0.004
6.73921e-007	-0.00275
6.74421e-007	-0.0024375
6.74921e-007	-0.002125
6.75421e-007	-0.0024375
6.75921e-007	-0.0024375
6.76421e-007	-0.002125
6.76921e-007	-0.0015
6.77421e-007	-0.002125
6.77921e-007	-0.0030625
6.78421e-007	-0.003375
6.78921e-007	-0.003375
6.79421e-007	-0.004
6.79921e-007	-0.004
6.80421e-007	-0.004
6.80921e-007	-0.004
6.81421e-007	-0.004
6.81921e-007	-0.0036875
6.82421e-007	-0.003375
6.82921e-007	-0.003375
6.83421e-007	-0.0024375
6.83921e-007	-0.0018125
6.84421e-007	-0.002125
6.84921e-007	-0.0024375
6.85421e-007	-0.002125
6.85921e-007	-0.0015
6.86421e-007	-0.002125
6.86921e-007	-0.0024375
6.87421e-007	-0.003375
6.87921e-007	-0.0036875
6.88421e-007	-0.0030625
6.88921e-007	-0.004
6.89421e-007	-0.004
6.89921e-007	-0.0036875
6.90421e-007	-0.0043125
6.90921e-007	-0.004
6.91421e-007	-0.0036875
6.91921e-007	-0.0036875
6.92421e-007	-0.0024375
6.92921e-007	-0.003375
6.93421e-007	-0.0024375
6.93921e-007	-0.0011875
6.94421e-007	-0.0015
6.94921e-007	-0.0018125
6.95421e-007	-0.002125
6.95921e-007	-0.0018125
6.96421e-007	-0.0024375
6.96921e-007	-0.0030625
6.97421e-007	-0.00275
6.97921e-007	-0.003375
6.98421e-007	-0.0036875
6.98921e-007	-0.0036875
6.99421e-007	-0.0036875
6.99921e-007	-0.0036875
7.00421e-007	-0.004
7.00921e-007	-0.0036875
7.01421e-007	-0.003375
7.01921e-007	-0.0024375
7.02421e-007	-0.002125
7.02921e-007	-0.002125
7.03421e-007	-0.002125
7.03921e-007	-0.0011875
7.04421e-007	-0.0011875
7.04921e-007	-0.0011875
7.05421e-007	-0.0018125
7.05921e-007	-0.0024375
7.06421e-007	-0.0024375
7.06921e-007	-0.0030625
7.07421e-007	-0.0036875
7.07921e-007	-0.003375
7.08421e-007	-0.00275
7.08921e-007	-0.0036875
7.09421e-007	-0.0036875
7.09921e-007	-0.0036875
7.10421e-007	-0.0036875
7.10921e-007	-0.003375
7.11421e-007	-0.0024375
7.11921e-007	-0.0024375
7.12421e-007	-0.0015
7.12921e-007	-0.0018125
7.13421e-007	-0.0015
7.13921e-007	-0.0015
7.14421e-007	-0.0018125
7.14921e-007	-0.002125
7.15421e-007	-0.0018125
7.15921e-007	-0.0018125
7.16421e-007	-0.0024375
7.16921e-007	-0.0036875
7.17421e-007	-0.0043125
7.17921e-007	-0.0036875
7.18421e-007	-0.0030625
7.18921e-007	-0.004
7.19421e-007	-0.0043125
7.19921e-007	-0.003375
7.20421e-007	-0.0030625
7.20921e-007	-0.0024375
7.21421e-007	-0.0024375
7.21921e-007	-0.002125
7.22421e-007	-0.0015
7.22921e-007	-0.0015
7.23421e-007	-0.0018125
7.23921e-007	-0.0011875
7.24421e-007	-0.0018125
7.24921e-007	-0.0015
7.25421e-007	-0.002125
7.25921e-007	-0.0030625
7.26421e-007	-0.003375
7.26921e-007	-0.0030625
7.27421e-007	-0.0043125
7.27921e-007	-0.004625
7.28421e-007	-0.004
7.28921e-007	-0.0036875
7.29421e-007	-0.003375
7.29921e-007	-0.00275
7.30421e-007	-0.002125
7.30921e-007	-0.0024375
7.31421e-007	-0.0015
7.31921e-007	-0.0011875
7.32421e-007	-0.000875
7.32921e-007	-0.000875
7.33421e-007	-0.000875
7.33921e-007	-0.0015
7.34421e-007	-0.0018125
7.34921e-007	-0.002125
7.35421e-007	-0.003375
7.35921e-007	-0.0036875
7.36421e-007	-0.0030625
7.36921e-007	-0.004
7.37421e-007	-0.0043125
7.37921e-007	-0.0036875
7.38421e-007	-0.004
7.38921e-007	-0.0036875
7.39421e-007	-0.0036875
7.39921e-007	-0.0024375
7.40421e-007	-0.0011875
7.40921e-007	-0.000875
7.41421e-007	-0.000875
7.41921e-007	-0.0005625
7.42421e-007	-0.00025
7.42921e-007	-0.00025
7.43421e-007	-0.0011875
7.43921e-007	-0.0011875
7.44421e-007	-0.0018125
7.44921e-007	-0.0024375
7.45421e-007	-0.003375
7.45921e-007	-0.0043125
7.46421e-007	-0.004625
7.46921e-007	-0.004625
7.47421e-007	-0.0043125
7.47921e-007	-0.004625
7.48421e-007	-0.0043125
7.48921e-007	-0.004
7.49421e-007	-0.00275
7.49921e-007	-0.0015
7.50421e-007	-0.0018125
7.50921e-007	-0.0011875
7.51421e-007	-0.0005625
7.51921e-007	-0.0005625
7.52421e-007	0.000375
7.52921e-007	-0.0005625
7.53421e-007	-0.0005625
7.53921e-007	-0.0011875
7.54421e-007	-0.0024375
7.54921e-007	-0.00275
7.55421e-007	-0.003375
7.55921e-007	-0.004625
7.56421e-007	-0.0043125
7.56921e-007	-0.0043125
7.57421e-007	-0.004625
7.57921e-007	-0.0049375
7.58421e-007	-0.0036875
7.58921e-007	-0.0030625
7.59421e-007	-0.00275
7.59921e-007	-0.0018125
7.60421e-007	-0.0015
7.60921e-007	-0.0005625
7.61421e-007	-0.000875
7.61921e-007	-0.000875
7.62421e-007	-0.0005625
7.62921e-007	6.25e-005
7.63421e-007	-0.000875
7.63921e-007	-0.0018125
7.64421e-007	-0.002125
7.64921e-007	-0.002125
7.65421e-007	-0.00275
7.65921e-007	-0.0036875
7.66421e-007	-0.0043125
7.66921e-007	-0.0043125
7.67421e-007	-0.004
7.67921e-007	-0.0036875
7.68421e-007	-0.003375
7.68921e-007	-0.0030625
7.69421e-007	-0.002125
7.69921e-007	-0.0024375
7.70421e-007	-0.002125
7.70921e-007	-0.000875
7.71421e-007	-0.0011875
7.71921e-007	-0.0011875
7.72421e-007	-0.0005625
7.72921e-007	-0.0005625
7.73421e-007	-0.0005625
7.73921e-007	-0.0018125
7.74421e-007	-0.002125
7.74921e-007	-0.0024375
7.75421e-007	-0.0024375
7.75921e-007	-0.003375
7.76421e-007	-0.0036875
7.76921e-007	-0.0036875
7.77421e-007	-0.0036875
7.77921e-007	-0.004
7.78421e-007	-0.0030625
7.78921e-007	-0.0030625
7.79421e-007	-0.0024375
7.79921e-007	-0.0024375
7.80421e-007	-0.002125
7.80921e-007	-0.0011875
7.81421e-007	-0.0011875
7.81921e-007	-0.0011875
7.82421e-007	-0.0011875
7.82921e-007	-0.0011875
7.83421e-007	-0.0018125
7.83921e-007	-0.0018125
7.84421e-007	-0.002125
7.84921e-007	-0.0018125
7.85421e-007	-0.0024375
7.85921e-007	-0.002125
7.86421e-007	-0.00275
7.86921e-007	-0.00275
7.87421e-007	-0.00275
7.87921e-007	-0.0030625
7.88421e-007	-0.00275
7.88921e-007	-0.0024375
7.89421e-007	-0.0024375
7.89921e-007	-0.0024375
7.90421e-007	-0.0018125
7.90921e-007	-0.0015
7.91421e-007	-0.002125
7.91921e-007	-0.002125
7.92421e-007	-0.0018125
7.92921e-007	-0.0024375
7.93421e-007	-0.0018125
7.93921e-007	-0.0018125
7.94421e-007	-0.0011875
7.94921e-007	-0.002125
7.95421e-007	-0.0024375
7.95921e-007	-0.0030625
7.96421e-007	-0.002125
7.96921e-007	-0.0015
7.97421e-007	-0.00275
7.97921e-007	-0.0024375
7.98421e-007	-0.002125
7.98921e-007	-0.0024375
7.99421e-007	-0.002125
7.99921e-007	-0.002125
8.00421e-007	-0.002125
8.00921e-007	-0.002125
8.01421e-007	-0.0018125
8.01921e-007	-0.0018125
8.02421e-007	-0.0024375
8.02921e-007	-0.0018125
8.03421e-007	-0.0018125
8.03921e-007	-0.0015
8.04421e-007	-0.0018125
8.04921e-007	-0.0018125
8.05421e-007	-0.0018125
8.05921e-007	-0.0011875
8.06421e-007	-0.0015
8.06921e-007	-0.002125
8.07421e-007	-0.0024375
8.07921e-007	-0.0024375
8.08421e-007	-0.002125
8.08921e-007	-0.0018125
8.09421e-007	-0.002125
8.09921e-007	-0.0018125
8.10421e-007	-0.0018125
8.10921e-007	-0.002125
8.11421e-007	-0.0024375
8.11921e-007	-0.003375
8.12421e-007	-0.0024375
8.12921e-007	-0.0024375
8.13421e-007	-0.0015
8.13921e-007	-0.0018125
8.14421e-007	-0.002125
8.14921e-007	-0.0018125
8.15421e-007	-0.0018125
8.15921e-007	-0.0015
8.16421e-007	-0.0011875
8.16921e-007	-0.002125
8.17421e-007	-0.0018125
8.17921e-007	-0.0018125
8.18421e-007	-0.0024375
8.18921e-007	-0.00275
8.19421e-007	-0.0015
8.19921e-007	-0.0015
8.20421e-007	-0.00275
8.20921e-007	-0.0024375
8.21421e-007	-0.0018125
8.21921e-007	-0.0015
8.22421e-007	-0.0015
8.22921e-007	-0.0015
8.23421e-007	-0.0015
8.23921e-007	-0.0015
8.24421e-007	-0.0015
8.24921e-007	-0.0005625
8.25421e-007	-0.002125
8.25921e-007	-0.0018125
8.26421e-007	-0.0024375
8.26921e-007	-0.0018125
8.27421e-007	-0.002125
8.27921e-007	-0.0024375
8.28421e-007	-0.0024375
8.28921e-007	-0.0030625
8.29421e-007	-0.0030625
8.29921e-007	-0.0024375
8.30421e-007	-0.0030625
8.30921e-007	-0.002125
8.31421e-007	-0.002125
8.31921e-007	-0.0018125
8.32421e-007	-0.0011875
8.32921e-007	-0.0018125
8.33421e-007	-0.0015
8.33921e-007	-0.0015
8.34421e-007	-0.0011875
8.34921e-007	-0.0011875
8.35421e-007	-0.0015
8.35921e-007	-0.0018125
8.36421e-007	-0.002125
8.36921e-007	-0.00275
8.37421e-007	-0.002125
8.37921e-007	-0.0030625
8.38421e-007	-0.0030625
8.38921e-007	-0.0030625
8.39421e-007	-0.00275
8.39921e-007	-0.0024375
8.40421e-007	-0.00275
8.40921e-007	-0.0024375
8.41421e-007	-0.0011875
8.41921e-007	-0.0011875
8.42421e-007	-0.0015
8.42921e-007	-0.0011875
8.43421e-007	-0.0005625
8.43921e-007	-0.00025
8.44421e-007	-0.00025
8.44921e-007	-0.0005625
8.45421e-007	-0.002125
8.45921e-007	-0.000875
8.46421e-007	-0.002125
8.46921e-007	-0.0030625
8.47421e-007	-0.0030625
8.47921e-007	-0.0024375
8.48421e-007	-0.003375
8.48921e-007	-0.004
8.49421e-007	-0.00275
8.49921e-007	-0.002125
8.50421e-007	-0.0030625
8.50921e-007	-0.0018125
8.51421e-007	-0.0011875
8.51921e-007	-0.00025
8.52421e-007	0.000375
8.52921e-007	-0.0005625
8.53421e-007	0.000375
8.53921e-007	0.000375
8.54421e-007	-0.0005625
8.54921e-007	-0.0005625
8.55421e-007	-0.000875
8.55921e-007	-0.002125
8.56421e-007	-0.0024375
8.56921e-007	-0.0030625
8.57421e-007	-0.0030625
8.57921e-007	-0.003375
8.58421e-007	-0.0030625
8.58921e-007	-0.004
8.59421e-007	-0.0030625
8.59921e-007	-0.002125
8.60421e-007	-0.0018125
8.60921e-007	-0.0015
8.61421e-007	-0.000875
8.61921e-007	-0.0005625
8.62421e-007	0.000375
8.62921e-007	0.001
8.63421e-007	0.001
8.63921e-007	0.000375
8.64421e-007	-0.0011875
8.64921e-007	-0.0005625
8.65421e-007	-0.0005625
8.65921e-007	-0.0018125
8.66421e-007	-0.00275
8.66921e-007	-0.0030625
8.67421e-007	-0.0036875
8.67921e-007	-0.004
8.68421e-007	-0.003375
8.68921e-007	-0.0036875
8.69421e-007	-0.0036875
8.69921e-007	-0.00275
8.70421e-007	-0.002125
8.70921e-007	-0.000875
8.71421e-007	-0.00025
8.71921e-007	0.000375
8.72421e-007	0.000375
8.72921e-007	0.0006875
8.73421e-007	6.25e-005
8.73921e-007	0.000375
8.74421e-007	6.25e-005
8.74921e-007	-0.000875
8.75421e-007	-0.0015
8.75921e-007	-0.0024375
8.76421e-007	-0.00275
8.76921e-007	-0.0036875
8.77421e-007	-0.004
8.77921e-007	-0.004
8.78421e-007	-0.004
8.78921e-007	-0.003375
8.79421e-007	-0.00275
8.79921e-007	-0.0024375
8.80421e-007	-0.0011875
8.80921e-007	-0.000875
8.81421e-007	6.25e-005
8.81921e-007	6.25e-005
8.82421e-007	6.25e-005
8.82921e-007	0.000375
8.83421e-007	0.000375
8.83921e-007	6.25e-005
8.84421e-007	-0.0005625
8.84921e-007	-0.00025
8.85421e-007	-0.0011875
8.85921e-007	-0.0030625
8.86421e-007	-0.0036875
8.86921e-007	-0.003375
8.87421e-007	-0.0036875
8.87921e-007	-0.004625
8.88421e-007	-0.0043125
8.88921e-007	-0.0030625
8.89421e-007	-0.00275
8.89921e-007	-0.002125
8.90421e-007	-0.0011875
8.90921e-007	6.25e-005
8.91421e-007	0.0006875
8.91921e-007	0.000375
8.92421e-007	0.001
8.92921e-007	0.001
8.93421e-007	6.25e-005
8.93921e-007	6.25e-005
8.94421e-007	-0.000875
8.94921e-007	-0.0015
8.95421e-007	-0.002125
8.95921e-007	-0.0024375
8.96421e-007	-0.0030625
8.96921e-007	-0.004
8.97421e-007	-0.0036875
8.97921e-007	-0.003375
8.98421e-007	-0.0030625
8.98921e-007	-0.0030625
8.99421e-007	-0.0024375
8.99921e-007	-0.0015
9.00421e-007	6.25e-005
9.00921e-007	-0.00025
9.01421e-007	6.25e-005
9.01921e-007	0.001
9.02421e-007	0.0013125
9.02921e-007	0.000375
9.03421e-007	6.25e-005
9.03921e-007	-0.0005625
9.04421e-007	-0.0011875
9.04921e-007	-0.0018125
9.05421e-007	-0.00275
9.05921e-007	-0.00275
9.06421e-007	-0.00275
9.06921e-007	-0.003375
9.07421e-007	-0.0036875
9.07921e-007	-0.0036875
9.08421e-007	-0.0024375
9.08921e-007	-0.002125
9.09421e-007	-0.002125
9.09921e-007	-0.000875
9.10421e-007	-0.0005625
9.10921e-007	6.25e-005
9.11421e-007	6.25e-005
9.11921e-007	0.0006875
9.12421e-007	0.0006875
9.12921e-007	0.000375
9.13421e-007	0.000375
9.13921e-007	-0.0005625
9.14421e-007	-0.002125
9.14921e-007	-0.00275
9.15421e-007	-0.0030625
9.15921e-007	-0.0030625
9.16421e-007	-0.0036875
9.16921e-007	-0.0036875
9.17421e-007	-0.003375
9.17921e-007	-0.00275
9.18421e-007	-0.002125
9.18921e-007	-0.0011875
9.19421e-007	-0.0005625
9.19921e-007	-0.000875
9.20421e-007	-0.00025
9.20921e-007	6.25e-005
9.21421e-007	6.25e-005
9.21921e-007	0.0013125
9.22421e-007	0.0013125
9.22921e-007	6.25e-005
9.23421e-007	-0.000875
9.23921e-007	-0.002125
9.24421e-007	-0.0015
9.24921e-007	-0.00275
9.25421e-007	-0.003375
9.25921e-007	-0.003375
9.26421e-007	-0.003375
9.26921e-007	-0.00275
9.27421e-007	-0.00275
9.27921e-007	-0.0030625
9.28421e-007	-0.0018125
9.28921e-007	-0.0011875
9.29421e-007	-0.00025
9.29921e-007	-0.0005625
9.30421e-007	6.25e-005
9.30921e-007	0.0006875
9.31421e-007	0.000375
9.31921e-007	0.0006875
9.32421e-007	-0.00025
9.32921e-007	6.25e-005
9.33421e-007	-0.00025
9.33921e-007	-0.002125
9.34421e-007	-0.0024375
9.34921e-007	-0.0030625
9.35421e-007	-0.00275
9.35921e-007	-0.00275
9.36421e-007	-0.003375
9.36921e-007	-0.0024375
9.37421e-007	-0.0024375
9.37921e-007	-0.002125
9.38421e-007	-0.0015
9.38921e-007	-0.000875
9.39421e-007	-0.00025
9.39921e-007	-0.00025
9.40421e-007	6.25e-005
9.40921e-007	0.000375
9.41421e-007	6.25e-005
9.41921e-007	-0.0005625
9.42421e-007	-0.0015
9.42921e-007	-0.000875
9.43421e-007	-0.000875
9.43921e-007	-0.002125
9.44421e-007	-0.00275
9.44921e-007	-0.0030625
9.45421e-007	-0.00275
9.45921e-007	-0.0030625
9.46421e-007	-0.00275
9.46921e-007	-0.002125
9.47421e-007	-0.002125
9.47921e-007	-0.0011875
9.48421e-007	-0.0015
9.48921e-007	-0.000875
9.49421e-007	-0.00025
9.49921e-007	-0.00025
9.50421e-007	0.000375
9.50921e-007	6.25e-005
9.51421e-007	-0.000875
9.51921e-007	-0.00025
9.52421e-007	-0.000875
9.52921e-007	-0.0018125
9.53421e-007	-0.0015
9.53921e-007	-0.0018125
9.54421e-007	-0.0024375
9.54921e-007	-0.00275
9.55421e-007	-0.0030625
9.55921e-007	-0.00275
9.56421e-007	-0.00275
9.56921e-007	-0.0015
9.57421e-007	-0.0011875
9.57921e-007	-0.0011875
9.58421e-007	-0.0005625
9.58921e-007	-0.0005625
9.59421e-007	-0.00025
9.59921e-007	-0.00025
9.60421e-007	-0.00025
9.60921e-007	6.25e-005
9.61421e-007	-0.00025
9.61921e-007	-0.0011875
9.62421e-007	-0.0011875
9.62921e-007	-0.0015
9.63421e-007	-0.002125
9.63921e-007	-0.002125
9.64421e-007	-0.0024375
9.64921e-007	-0.00275
9.65421e-007	-0.0024375
9.65921e-007	-0.002125
9.66421e-007	-0.0018125
9.66921e-007	-0.000875
9.67421e-007	-0.0011875
9.67921e-007	-0.0005625
9.68421e-007	6.25e-005
9.68921e-007	0.000375
9.69421e-007	-0.00025
9.69921e-007	-0.00025
9.70421e-007	6.25e-005
9.70921e-007	6.25e-005
9.71421e-007	-0.0011875
9.71921e-007	-0.0011875
9.72421e-007	-0.0005625
9.72921e-007	-0.002125
9.73421e-007	-0.002125
9.73921e-007	-0.002125
9.74421e-007	-0.0024375
9.74921e-007	-0.00275
9.75421e-007	-0.0024375
9.75921e-007	-0.0018125
9.76421e-007	-0.002125
9.76921e-007	-0.0018125
9.77421e-007	-0.0011875
9.77921e-007	-0.0005625
9.78421e-007	-0.00025
9.78921e-007	-0.00025
9.79421e-007	-0.00025
9.79921e-007	6.25e-005
9.80421e-007	-0.000875
9.80921e-007	-0.000875
9.81421e-007	-0.000875
9.81921e-007	-0.0011875
9.82421e-007	-0.0011875
9.82921e-007	-0.0018125
9.83421e-007	-0.0018125
9.83921e-007	-0.0024375
9.84421e-007	-0.00275
9.84921e-007	-0.0015
9.85421e-007	-0.002125
9.85921e-007	-0.0018125
9.86421e-007	-0.002125
9.86921e-007	-0.0015
9.87421e-007	6.25e-005
9.87921e-007	-0.0005625
9.88421e-007	-0.0005625
9.88921e-007	-0.0005625
9.89421e-007	-0.00025
9.89921e-007	0.000375
9.90421e-007	-0.0005625
9.90921e-007	-0.0005625
9.91421e-007	-0.0015
9.91921e-007	-0.0015
9.92421e-007	-0.0015
9.92921e-007	-0.0018125
9.93421e-007	-0.0018125
9.93921e-007	-0.0018125
9.94421e-007	-0.0011875
9.94921e-007	-0.000875
9.95421e-007	-0.0018125
9.95921e-007	-0.0011875
9.96421e-007	-0.0011875
9.96921e-007	-0.0011875
9.97421e-007	-0.000875
9.97921e-007	-0.0011875
9.98421e-007	-0.0005625
9.98921e-007	-0.00025
9.99421e-007	-0.0005625
9.99921e-007	-0.000875
1.000421e-006	-0.0011875
1.000921e-006	-0.0005625
1.001421e-006	-0.000875
1.001921e-006	-0.0018125
1.002421e-006	-0.0018125
1.002921e-006	-0.0015
1.003421e-006	-0.0011875
1.003921e-006	-0.0015
1.004421e-006	-0.0018125
1.004921e-006	-0.000875
1.005421e-006	-0.000875
1.005921e-006	-0.000875
1.006421e-006	-0.0011875
1.006921e-006	-0.0011875
1.007421e-006	-0.0011875
1.007921e-006	-0.000875
1.008421e-006	-0.000875
1.008921e-006	-0.000875
1.009421e-006	-0.0011875
1.009921e-006	-0.0005625
1.010421e-006	-0.000875
1.010921e-006	-0.0011875
1.011421e-006	-0.0011875
1.011921e-006	-0.0005625
1.012421e-006	-0.0011875
1.012921e-006	-0.0024375
1.013421e-006	-0.002125
1.013921e-006	-0.0015
1.014421e-006	-0.000875
1.014921e-006	-0.0005625
1.015421e-006	-0.000875
1.015921e-006	-0.0005625
1.016421e-006	-0.0005625
1.016921e-006	-0.0005625
1.017421e-006	-0.000875
1.017921e-006	-0.0018125
1.018421e-006	-0.0018125
1.018921e-006	-0.0011875
1.019421e-006	-0.0011875
1.019921e-006	-0.0011875
1.020421e-006	-0.000875
1.020921e-006	-0.0005625
1.021421e-006	-0.0015
1.021921e-006	-0.0011875
1.022421e-006	-0.0015
1.022921e-006	-0.0011875
1.023421e-006	-0.000875
1.023921e-006	-0.000875
1.024421e-006	-0.0011875
1.024921e-006	-0.000875
1.025421e-006	-0.000875
1.025921e-006	-0.0005625
1.026421e-006	6.25e-005
1.026921e-006	-0.00025
1.027421e-006	-0.0015
1.027921e-006	-0.0011875
1.028421e-006	-0.0005625
1.028921e-006	-0.0005625
1.029421e-006	-0.0015
1.029921e-006	-0.0018125
1.030421e-006	-0.0015
1.030921e-006	-0.0015
1.031421e-006	-0.0011875
1.031921e-006	-0.000875
1.032421e-006	-0.000875
1.032921e-006	-0.0015
1.033421e-006	-0.0011875
1.033921e-006	-0.0005625
1.034421e-006	-0.0005625
1.034921e-006	-0.000875
1.035421e-006	-0.00025
1.035921e-006	-0.0005625
1.036421e-006	-0.000875
1.036921e-006	-0.0011875
1.037421e-006	6.25e-005
1.037921e-006	-0.0005625
1.038421e-006	-0.0011875
1.038921e-006	-0.000875
1.039421e-006	-0.0011875
1.039921e-006	-0.000875
1.040421e-006	-0.0011875
1.040921e-006	-0.0011875
1.041421e-006	-0.0011875
1.041921e-006	-0.0011875
1.042421e-006	-0.0011875
1.042921e-006	6.25e-005
1.043421e-006	-0.0011875
1.043921e-006	-0.0011875
1.044421e-006	-0.0011875
1.044921e-006	-0.0005625
1.045421e-006	-0.0005625
1.045921e-006	-0.0005625
1.046421e-006	-0.0011875
1.046921e-006	-0.0005625
1.047421e-006	-0.00025
1.047921e-006	-0.000875
1.048421e-006	-0.000875
1.048921e-006	-0.0005625
1.049421e-006	-0.000875
1.049921e-006	-0.0005625
1.050421e-006	-0.0005625
1.050921e-006	-0.000875
1.051421e-006	-0.0015
1.051921e-006	-0.0011875
1.052421e-006	-0.0011875
1.052921e-006	-0.0015
1.053421e-006	-0.0011875
1.053921e-006	-0.000875
1.054421e-006	-0.0015
1.054921e-006	-0.000875
1.055421e-006	-0.0015
1.055921e-006	-0.0011875
1.056421e-006	-0.0005625
1.056921e-006	-0.000875
1.057421e-006	6.25e-005
1.057921e-006	-0.00025
1.058421e-006	-0.0005625
1.058921e-006	-0.0005625
1.059421e-006	-0.000875
1.059921e-006	-0.0005625
1.060421e-006	-0.000875
1.060921e-006	-0.000875
1.061421e-006	-0.0005625
1.061921e-006	-0.0018125
1.062421e-006	-0.0015
1.062921e-006	-0.0011875
1.063421e-006	-0.0015
1.063921e-006	-0.0011875
1.064421e-006	-0.0015
1.064921e-006	-0.0011875
1.065421e-006	-0.0015
1.065921e-006	-0.0005625
1.066421e-006	-0.000875
1.066921e-006	-0.000875
1.067421e-006	-0.000875
1.067921e-006	-0.000875
1.068421e-006	-0.0005625
1.068921e-006	-0.00025
1.069421e-006	-0.0005625
1.069921e-006	6.25e-005
1.070421e-006	-0.0005625
1.070921e-006	-0.0005625
1.071421e-006	-0.000875
1.071921e-006	-0.0005625
1.072421e-006	-0.000875
1.072921e-006	-0.0011875
1.073421e-006	-0.0011875
1.073921e-006	-0.0011875
1.074421e-006	-0.0011875
1.074921e-006	-0.0011875
1.075421e-006	-0.002125
1.075921e-006	-0.0011875
1.076421e-006	-0.0015
1.076921e-006	-0.0015
1.077421e-006	6.25e-005
1.077921e-006	-0.00025
1.078421e-006	-0.0005625
1.078921e-006	-0.0005625
1.079421e-006	-0.00025
1.079921e-006	-0.00025
1.080421e-006	-0.0005625
1.080921e-006	6.25e-005
1.081421e-006	-0.0005625
1.081921e-006	-0.0018125
1.082421e-006	-0.0015
1.082921e-006	-0.0011875
1.083421e-006	-0.000875
1.083921e-006	-0.0005625
1.084421e-006	-0.0011875
1.084921e-006	-0.0011875
1.085421e-006	-0.0015
1.085921e-006	-0.0011875
1.086421e-006	-0.000875
1.086921e-006	-0.0011875
1.087421e-006	-0.0011875
1.087921e-006	-0.00025
1.088421e-006	-0.0005625
1.088921e-006	-0.00025
1.089421e-006	6.25e-005
1.089921e-006	6.25e-005
1.090421e-006	-0.0011875
1.090921e-006	-0.0005625
1.091421e-006	-0.00025
1.091921e-006	-0.00025
1.092421e-006	-0.0011875
1.092921e-006	-0.0011875
1.093421e-006	-0.0011875
1.093921e-006	-0.0018125
1.094421e-006	-0.0011875
1.094921e-006	-0.0011875
1.095421e-006	-0.0011875
1.095921e-006	-0.0011875
1.096421e-006	-0.0005625
1.096921e-006	-0.00025
1.097421e-006	-0.00025
1.097921e-006	-0.00025
1.098421e-006	6.25e-005
1.098921e-006	-0.0005625
1.099421e-006	-0.0005625
1.099921e-006	-0.000875
1.100421e-006	-0.00025
1.100921e-006	-0.0005625
1.101421e-006	-0.0005625
1.101921e-006	-0.0011875
1.102421e-006	-0.0011875
1.102921e-006	-0.000875
1.103421e-006	-0.0011875
1.103921e-006	-0.0018125
1.104421e-006	-0.0018125
1.104921e-006	-0.000875
1.105421e-006	-0.0015
1.105921e-006	-0.0011875
1.106421e-006	-0.0005625
1.106921e-006	-0.0005625
1.107421e-006	-0.00025
1.107921e-006	6.25e-005
1.108421e-006	-0.0005625
1.108921e-006	0.000375
1.109421e-006	-0.000875
1.109921e-006	-0.0018125
1.110421e-006	-0.0011875
1.110921e-006	6.25e-005
1.111421e-006	-0.000875
1.111921e-006	-0.0018125
1.112421e-006	-0.0011875
1.112921e-006	-0.000875
1.113421e-006	-0.002125
1.113921e-006	-0.0011875
1.114421e-006	-0.0011875
1.114921e-006	-0.000875
1.115421e-006	-0.0005625
1.115921e-006	-0.000875
1.116421e-006	6.25e-005
1.116921e-006	6.25e-005
1.117421e-006	-0.00025
1.117921e-006	-0.0005625
1.118421e-006	-0.0005625
1.118921e-006	-0.0005625
1.119421e-006	-0.0005625
1.119921e-006	-0.000875
1.120421e-006	-0.0005625
1.120921e-006	-0.0015
1.121421e-006	-0.000875
1.121921e-006	-0.0011875
1.122421e-006	-0.000875
1.122921e-006	-0.0011875
1.123421e-006	-0.0018125
1.123921e-006	-0.0011875
1.124421e-006	-0.000875
1.124921e-006	6.25e-005
1.125421e-006	-0.00025
1.125921e-006	-0.0005625
1.126421e-006	0.000375
1.126921e-006	0.000375
1.127421e-006	6.25e-005
1.127921e-006	6.25e-005
1.128421e-006	6.25e-005
1.128921e-006	0.000375
1.129421e-006	-0.0005625
1.129921e-006	-0.0005625
1.130421e-006	-0.000875
1.130921e-006	-0.000875
1.131421e-006	-0.0015
1.131921e-006	-0.0018125
1.132421e-006	-0.0018125
1.132921e-006	-0.0018125
1.133421e-006	-0.0015
1.133921e-006	-0.0005625
1.134421e-006	-0.0005625
1.134921e-006	6.25e-005
1.135421e-006	-0.0005625
1.135921e-006	-0.00025
1.136421e-006	6.25e-005
1.136921e-006	6.25e-005
1.137421e-006	0.000375
1.137921e-006	6.25e-005
1.138421e-006	6.25e-005
1.138921e-006	-0.00025
1.139421e-006	-0.000875
1.139921e-006	-0.000875
1.140421e-006	-0.000875
1.140921e-006	-0.0015
1.141421e-006	-0.0015
1.141921e-006	-0.0018125
1.142421e-006	-0.0024375
1.142921e-006	-0.0018125
1.143421e-006	-0.000875
1.143921e-006	-0.000875
1.144421e-006	-0.000875
1.144921e-006	-0.000875
1.145421e-006	6.25e-005
1.145921e-006	0.000375
1.146421e-006	6.25e-005
1.146921e-006	6.25e-005
1.147421e-006	0.0006875
1.147921e-006	0.000375
1.148421e-006	-0.00025
1.148921e-006	-0.0015
1.149421e-006	-0.0015
1.149921e-006	-0.0011875
1.150421e-006	-0.0018125
1.150921e-006	-0.0015
1.151421e-006	-0.002125
1.151921e-006	-0.002125
1.152421e-006	-0.002125
1.152921e-006	-0.002125
1.153421e-006	-0.0015
1.153921e-006	-0.0018125
1.154421e-006	-0.002125
1.154921e-006	-0.0005625
1.155421e-006	6.25e-005
1.155921e-006	-0.00025
1.156421e-006	-0.0005625
1.156921e-006	-0.00025
1.157421e-006	-0.0005625
1.157921e-006	-0.00025
1.158421e-006	-0.0005625
1.158921e-006	-0.0011875
1.159421e-006	-0.0011875
1.159921e-006	-0.0011875
1.160421e-006	-0.002125
1.160921e-006	-0.00275
1.161421e-006	-0.002125
1.161921e-006	-0.0018125
1.162421e-006	-0.0015
1.162921e-006	-0.0011875
1.163421e-006	-0.0015
1.163921e-006	-0.0011875
1.164421e-006	6.25e-005
1.164921e-006	6.25e-005
1.165421e-006	0.000375
1.165921e-006	6.25e-005
1.166421e-006	-0.0005625
1.166921e-006	-0.0005625
1.167421e-006	-0.0005625
1.167921e-006	-0.0005625
1.168421e-006	-0.000875
1.168921e-006	-0.0018125
1.169421e-006	-0.002125
1.169921e-006	-0.0018125
1.170421e-006	-0.002125
1.170921e-006	-0.0018125
1.171421e-006	-0.002125
1.171921e-006	-0.0015
1.172421e-006	-0.0015
1.172921e-006	-0.0018125
1.173421e-006	-0.0011875
1.173921e-006	-0.000875
1.174421e-006	6.25e-005
1.174921e-006	0.0006875
1.175421e-006	0.000375
1.175921e-006	6.25e-005
1.176421e-006	6.25e-005
1.176921e-006	-0.00025
1.177421e-006	-0.000875
1.177921e-006	-0.000875
1.178421e-006	-0.0015
1.178921e-006	-0.0015
1.179421e-006	-0.002125
1.179921e-006	-0.0024375
1.180421e-006	-0.002125
1.180921e-006	-0.002125
1.181421e-006	-0.0018125
1.181921e-006	-0.0011875
1.182421e-006	-0.000875
1.182921e-006	-0.0018125
1.183421e-006	-0.0011875
1.183921e-006	-0.00025
1.184421e-006	0.001
1.184921e-006	0.0006875
1.185421e-006	6.25e-005
1.185921e-006	0.000375
1.186421e-006	6.25e-005
1.186921e-006	-0.0005625
1.187421e-006	-0.0011875
1.187921e-006	-0.0011875
1.188421e-006	-0.0011875
1.188921e-006	-0.0018125
1.189421e-006	-0.0030625
1.189921e-006	-0.0030625
1.190421e-006	-0.0030625
1.190921e-006	-0.0018125
1.191421e-006	-0.0018125
1.191921e-006	-0.002125
1.192421e-006	-0.0018125
1.192921e-006	-0.000875
1.193421e-006	-0.0005625
1.193921e-006	6.25e-005
1.194421e-006	0.000375
1.194921e-006	-0.00025
1.195421e-006	-0.00025
1.195921e-006	0.000375
1.196421e-006	0.000375
1.196921e-006	-0.000875
1.197421e-006	-0.0015
1.197921e-006	-0.0015
1.198421e-006	-0.0015
1.198921e-006	-0.002125
1.199421e-006	-0.0024375
1.199921e-006	-0.0018125
1.200421e-006	-0.002125
1.200921e-006	-0.002125
1.201421e-006	-0.002125
1.201921e-006	-0.0018125
1.202421e-006	-0.000875
1.202921e-006	-0.000875
1.203421e-006	6.25e-005
1.203921e-006	-0.0005625
1.204421e-006	-0.0005625
1.204921e-006	0.0006875
1.205421e-006	0.000375
1.205921e-006	6.25e-005
1.206421e-006	-0.0005625
1.206921e-006	-0.0005625
1.207421e-006	-0.000875
1.207921e-006	-0.0011875
1.208421e-006	-0.0015
1.208921e-006	-0.0018125
1.209421e-006	-0.00275
1.209921e-006	-0.0024375
1.210421e-006	-0.002125
1.210921e-006	-0.0018125
1.211421e-006	-0.00275
1.211921e-006	-0.0024375
1.212421e-006	-0.000875
1.212921e-006	-0.00025
1.213421e-006	-0.0005625
1.213921e-006	-0.000875
1.214421e-006	-0.000875
1.214921e-006	6.25e-005
1.215421e-006	6.25e-005
1.215921e-006	0.0006875
1.216421e-006	0.000375
1.216921e-006	-0.0011875
1.217421e-006	-0.0011875
1.217921e-006	-0.0011875
1.218421e-006	-0.002125
1.218921e-006	-0.0018125
1.219421e-006	-0.0015
1.219921e-006	-0.0018125
1.220421e-006	-0.0024375
1.220921e-006	-0.002125
1.221421e-006	-0.0015
1.221921e-006	-0.002125
1.222421e-006	-0.0011875
1.222921e-006	-0.0011875
1.223421e-006	-0.0011875
1.223921e-006	-0.000875
1.224421e-006	-0.0005625
1.224921e-006	6.25e-005
1.225421e-006	0.000375
1.225921e-006	6.25e-005
1.226421e-006	0.000375
1.226921e-006	-0.0005625
1.227421e-006	-0.0005625
1.227921e-006	-0.000875
1.228421e-006	-0.0011875
1.228921e-006	-0.0011875
1.229421e-006	-0.002125
1.229921e-006	-0.0018125
1.230421e-006	-0.0018125
1.230921e-006	-0.0011875
1.231421e-006	-0.0015
1.231921e-006	-0.002125
1.232421e-006	-0.0011875
1.232921e-006	-0.000875
1.233421e-006	-0.0005625
1.233921e-006	6.25e-005
1.234421e-006	-0.0015
1.234921e-006	-0.0011875
1.235421e-006	-0.0005625
1.235921e-006	-0.00025
1.236421e-006	6.25e-005
1.236921e-006	6.25e-005
1.237421e-006	6.25e-005
1.237921e-006	-0.0011875
1.238421e-006	-0.0018125
1.238921e-006	-0.0011875
1.239421e-006	-0.0011875
1.239921e-006	-0.000875
1.240421e-006	-0.0005625
1.240921e-006	-0.0018125
1.241421e-006	-0.0018125
1.241921e-006	-0.002125
1.242421e-006	-0.0015
1.242921e-006	-0.0011875
1.243421e-006	-0.000875
1.243921e-006	-0.00025
1.244421e-006	-0.000875
1.244921e-006	-0.000875
1.245421e-006	-0.000875
1.245921e-006	-0.000875
1.246421e-006	-0.000875
1.246921e-006	-0.0005625
1.247421e-006	-0.00025
1.247921e-006	-0.0005625
1.248421e-006	-0.0011875
1.248921e-006	-0.0005625
1.249421e-006	-0.00025
1.249921e-006	-0.0005625
1.250421e-006	-0.0015
1.250921e-006	-0.0011875
1.251421e-006	-0.0005625
1.251921e-006	-0.000875
1.252421e-006	-0.0011875
1.252921e-006	-0.0015
1.253421e-006	-0.0018125
1.253921e-006	-0.0005625
1.254421e-006	-0.0015
1.254921e-006	-0.0018125
1.255421e-006	-0.0015
1.255921e-006	-0.000875
1.256421e-006	-0.0005625
1.256921e-006	-0.0005625
1.257421e-006	-0.00025
1.257921e-006	-0.00025
1.258421e-006	6.25e-005
1.258921e-006	-0.00025
1.259421e-006	-0.000875
1.259921e-006	-0.0011875
1.260421e-006	-0.0005625
1.260921e-006	-0.000875
1.261421e-006	-0.0011875
1.261921e-006	-0.0015
1.262421e-006	-0.000875
1.262921e-006	-0.0011875
1.263421e-006	-0.002125
1.263921e-006	-0.002125
1.264421e-006	-0.0015
1.264921e-006	-0.0011875
1.265421e-006	-0.00025
1.265921e-006	-0.0005625
1.266421e-006	-0.000875
1.266921e-006	-0.0005625
1.267421e-006	-0.0005625
1.267921e-006	-0.0005625
1.268421e-006	6.25e-005
1.268921e-006	6.25e-005
1.269421e-006	-0.00025
1.269921e-006	-0.0005625
1.270421e-006	-0.0005625
1.270921e-006	-0.000875
1.271421e-006	-0.0015
1.271921e-006	-0.0011875
1.272421e-006	-0.0015
1.272921e-006	-0.0011875
1.273421e-006	-0.0011875
1.273921e-006	-0.0005625
1.274421e-006	-0.0011875
1.274921e-006	-0.0015
1.275421e-006	-0.0011875
1.275921e-006	-0.0011875
1.276421e-006	-0.0015
1.276921e-006	-0.00025
1.277421e-006	-0.0005625
1.277921e-006	0.000375
1.278421e-006	-0.00025
1.278921e-006	0.000375
1.279421e-006	-0.0005625
1.279921e-006	-0.0005625
1.280421e-006	-0.00025
1.280921e-006	-0.000875
1.281421e-006	-0.0011875
1.281921e-006	-0.000875
1.282421e-006	-0.000875
1.282921e-006	-0.0011875
1.283421e-006	-0.0015
1.283921e-006	-0.0011875
1.284421e-006	-0.0018125
1.284921e-006	-0.0015
1.285421e-006	-0.00025
1.285921e-006	-0.000875
1.286421e-006	6.25e-005
1.286921e-006	-0.0005625
1.287421e-006	6.25e-005
1.287921e-006	0.0013125
1.288421e-006	6.25e-005
1.288921e-006	-0.00025
1.289421e-006	-0.0005625
1.289921e-006	-0.0011875
1.290421e-006	-0.0005625
1.290921e-006	-0.00025
1.291421e-006	-0.000875
1.291921e-006	-0.0018125
1.292421e-006	-0.0018125
1.292921e-006	-0.0015
1.293421e-006	-0.0018125
1.293921e-006	-0.0018125
1.294421e-006	-0.0024375
1.294921e-006	-0.0015
1.295421e-006	-0.000875
1.295921e-006	-0.000875
1.296421e-006	-0.0005625
1.296921e-006	0.000375
1.297421e-006	-0.00025
1.297921e-006	-0.00025
1.298421e-006	-0.00025
1.298921e-006	0.000375
1.299421e-006	-0.00025
1.299921e-006	-0.0005625
1.300421e-006	-0.0005625
1.300921e-006	-0.000875
1.301421e-006	-0.0011875
1.301921e-006	-0.0011875
1.302421e-006	-0.0018125
1.302921e-006	-0.0024375
1.303421e-006	-0.0018125
1.303921e-006	-0.0011875
1.304421e-006	-0.0018125
1.304921e-006	-0.0011875
1.305421e-006	-0.000875
1.305921e-006	-0.0005625
1.306421e-006	0.000375
1.306921e-006	6.25e-005
1.307421e-006	6.25e-005
1.307921e-006	-0.00025
1.308421e-006	0.0013125
1.308921e-006	0.0006875
1.309421e-006	6.25e-005
1.309921e-006	6.25e-005
1.310421e-006	-0.0005625
1.310921e-006	-0.0011875
1.311421e-006	-0.002125
1.311921e-006	-0.0015
1.312421e-006	-0.0015
1.312921e-006	-0.0018125
1.313421e-006	-0.0018125
1.313921e-006	-0.0015
1.314421e-006	-0.0018125
1.314921e-006	-0.0015
1.315421e-006	-0.0011875
1.315921e-006	6.25e-005
1.316421e-006	0.000375
1.316921e-006	0.000375
1.317421e-006	0.000375
1.317921e-006	6.25e-005
1.318421e-006	6.25e-005
1.318921e-006	6.25e-005
1.319421e-006	6.25e-005
1.319921e-006	-0.0005625
1.320421e-006	-0.0011875
1.320921e-006	-0.0005625
1.321421e-006	-0.0015
1.321921e-006	-0.0015
1.322421e-006	-0.0011875
1.322921e-006	-0.0024375
1.323421e-006	-0.0024375
1.323921e-006	-0.002125
1.324421e-006	-0.0011875
1.324921e-006	-0.0011875
1.325421e-006	-0.000875
1.325921e-006	-0.00025
1.326421e-006	6.25e-005
1.326921e-006	6.25e-005
1.327421e-006	6.25e-005
1.327921e-006	0.000375
1.328421e-006	0.000375
1.328921e-006	-0.0005625
1.329421e-006	0.000375
1.329921e-006	6.25e-005
1.330421e-006	-0.0005625
1.330921e-006	-0.000875
1.331421e-006	-0.0018125
1.331921e-006	-0.0018125
1.332421e-006	-0.00275
1.332921e-006	-0.002125
1.333421e-006	-0.0024375
1.333921e-006	-0.0015
1.334421e-006	-0.0015
1.334921e-006	-0.0018125
1.335421e-006	-0.0011875
1.335921e-006	-0.0005625
1.336421e-006	-0.0005625
1.336921e-006	6.25e-005
1.337421e-006	0.0006875
1.337921e-006	0.001
1.338421e-006	0.000375
1.338921e-006	0.000375
1.339421e-006	0.000375
1.339921e-006	6.25e-005
1.340421e-006	6.25e-005
1.340921e-006	-0.0018125
1.341421e-006	-0.0018125
1.341921e-006	-0.0015
1.342421e-006	-0.0024375
1.342921e-006	-0.0018125
1.343421e-006	-0.002125
1.343921e-006	-0.0024375
1.344421e-006	-0.0011875
1.344921e-006	-0.0011875
1.345421e-006	-0.0005625
1.345921e-006	-0.00025
1.346421e-006	-0.00025
1.346921e-006	0.000375
1.347421e-006	0.0013125
1.347921e-006	0.001
1.348421e-006	0.001
1.348921e-006	0.0006875
1.349421e-006	0.0006875
1.349921e-006	0.000375
1.350421e-006	-0.0005625
1.350921e-006	-0.0011875
1.351421e-006	-0.0011875
1.351921e-006	-0.0018125
1.352421e-006	-0.002125
1.352921e-006	-0.0024375
1.353421e-006	-0.0024375
1.353921e-006	-0.0018125
1.354421e-006	-0.002125
1.354921e-006	-0.0011875
1.355421e-006	-0.000875
1.355921e-006	-0.0005625
1.356421e-006	-0.00025
1.356921e-006	0.0006875
1.357421e-006	0.001625
1.357921e-006	0.0013125
1.358421e-006	0.0013125
1.358921e-006	0.001
1.359421e-006	0.000375
1.359921e-006	6.25e-005
1.360421e-006	-0.00025
1.360921e-006	-0.0005625
1.361421e-006	-0.0018125
1.361921e-006	-0.002125
1.362421e-006	-0.0024375
1.362921e-006	-0.00275
1.363421e-006	-0.0024375
1.363921e-006	-0.0024375
1.364421e-006	-0.0024375
1.364921e-006	-0.0015
1.365421e-006	-0.0005625
1.365921e-006	-0.00025
1.366421e-006	0.0006875
1.366921e-006	0.000375
1.367421e-006	0.000375
1.367921e-006	0.0006875
1.368421e-006	0.0019375
1.368921e-006	0.001625
1.369421e-006	0.0013125
1.369921e-006	6.25e-005
1.370421e-006	-0.00025
1.370921e-006	-0.0011875
1.371421e-006	-0.0015
1.371921e-006	-0.0018125
1.372421e-006	-0.0030625
1.372921e-006	-0.0024375
1.373421e-006	-0.0024375
1.373921e-006	-0.0030625
1.374421e-006	-0.0024375
1.374921e-006	-0.0018125
1.375421e-006	-0.0015
1.375921e-006	-0.0005625
1.376421e-006	0.000375
1.376921e-006	0.001625
1.377421e-006	0.001625
1.377921e-006	0.0019375
1.378421e-006	0.0019375
1.378921e-006	0.0019375
1.379421e-006	0.001625
1.379921e-006	0.0006875
1.380421e-006	6.25e-005
1.380921e-006	-0.0005625
1.381421e-006	-0.0015
1.381921e-006	-0.002125
1.382421e-006	-0.00275
1.382921e-006	-0.003375
1.383421e-006	-0.0030625
1.383921e-006	-0.00275
1.384421e-006	-0.0024375
1.384921e-006	-0.002125
1.385421e-006	-0.000875
1.385921e-006	-0.0005625
1.386421e-006	-0.00025
1.386921e-006	0.001
1.387421e-006	0.0019375
1.387921e-006	0.0019375
1.388421e-006	0.002875
1.388921e-006	0.0013125
1.389421e-006	0.001625
1.389921e-006	0.0013125
1.390421e-006	0.000375
1.390921e-006	-0.000875
1.391421e-006	-0.0011875
1.391921e-006	-0.0011875
1.392421e-006	-0.0018125
1.392921e-006	-0.0030625
1.393421e-006	-0.0036875
1.393921e-006	-0.0030625
1.394421e-006	-0.0024375
1.394921e-006	-0.00275
1.395421e-006	-0.0015
1.395921e-006	-0.00025
1.396421e-006	-0.0005625
1.396921e-006	6.25e-005
1.397421e-006	0.000375
1.397921e-006	0.0013125
1.398421e-006	0.001625
1.398921e-006	0.0019375
1.399421e-006	0.001625
1.399921e-006	0.001
1.400421e-006	6.25e-005
1.400921e-006	-0.000875
1.401421e-006	-0.0015
1.401921e-006	-0.0018125
1.402421e-006	-0.00275
1.402921e-006	-0.0030625
1.403421e-006	-0.00275
1.403921e-006	-0.00275
1.404421e-006	-0.0024375
1.404921e-006	-0.0024375
1.405421e-006	-0.0015
1.405921e-006	-0.0005625
1.406421e-006	6.25e-005
1.406921e-006	0.000375
1.407421e-006	0.001
1.407921e-006	0.001
1.408421e-006	0.001625
1.408921e-006	0.001
1.409421e-006	0.0013125
1.409921e-006	0.0006875
1.410421e-006	0.0006875
1.410921e-006	-0.00025
1.411421e-006	-0.0005625
1.411921e-006	-0.0015
1.412421e-006	-0.0024375
1.412921e-006	-0.0024375
1.413421e-006	-0.0024375
1.413921e-006	-0.0024375
1.414421e-006	-0.0024375
1.414921e-006	-0.0024375
1.415421e-006	-0.0018125
1.415921e-006	-0.00025
1.416421e-006	-0.0005625
1.416921e-006	0.000375
1.417421e-006	0.0013125
1.417921e-006	0.0013125
1.418421e-006	0.0013125
1.418921e-006	0.0006875
1.419421e-006	0.000375
1.419921e-006	0.000375
1.420421e-006	6.25e-005
1.420921e-006	0.000375
1.421421e-006	-0.0015
1.421921e-006	-0.0018125
1.422421e-006	-0.0024375
1.422921e-006	-0.002125
1.423421e-006	-0.0018125
1.423921e-006	-0.00275
1.424421e-006	-0.0024375
1.424921e-006	-0.0011875
1.425421e-006	-0.0011875
1.425921e-006	-0.0005625
1.426421e-006	-0.00025
1.426921e-006	0.0006875
1.427421e-006	0.0006875
1.427921e-006	0.0006875
1.428421e-006	0.0013125
1.428921e-006	0.0006875
1.429421e-006	0.0006875
1.429921e-006	6.25e-005
1.430421e-006	0.000375
1.430921e-006	-0.00025
1.431421e-006	-0.0015
1.431921e-006	-0.0018125
1.432421e-006	-0.0015
1.432921e-006	-0.0018125
1.433421e-006	-0.002125
1.433921e-006	-0.0024375
1.434421e-006	-0.0018125
1.434921e-006	-0.0018125
1.435421e-006	-0.0011875
1.435921e-006	-0.00025
1.436421e-006	0.0006875
1.436921e-006	0.0013125
1.437421e-006	0.0006875
1.437921e-006	0.001
1.438421e-006	0.000375
1.438921e-006	0.0006875
1.439421e-006	0.000375
1.439921e-006	-0.0005625
1.440421e-006	-0.0015
1.440921e-006	-0.0005625
1.441421e-006	-0.000875
1.441921e-006	-0.0015
1.442421e-006	-0.002125
1.442921e-006	-0.002125
1.443421e-006	-0.00275
1.443921e-006	-0.0018125
1.444421e-006	-0.0015
1.444921e-006	-0.000875
1.445421e-006	-0.0005625
1.445921e-006	0.000375
1.446421e-006	0.000375
1.446921e-006	0.0006875
1.447421e-006	0.0013125
1.447921e-006	0.0013125
1.448421e-006	0.0013125
1.448921e-006	0.0006875
1.449421e-006	-0.00025
1.449921e-006	6.25e-005
1.450421e-006	6.25e-005
1.450921e-006	-0.0005625
1.451421e-006	-0.0015
1.451921e-006	-0.0030625
1.452421e-006	-0.002125
1.452921e-006	-0.002125
1.453421e-006	-0.0018125
1.453921e-006	-0.0015
1.454421e-006	-0.0018125
1.454921e-006	-0.000875
1.455421e-006	6.25e-005
1.455921e-006	6.25e-005
1.456421e-006	0.000375
1.456921e-006	0.001
1.457421e-006	0.0006875
1.457921e-006	0.0013125
1.458421e-006	0.001625
1.458921e-006	0.0006875
1.459421e-006	6.25e-005
1.459921e-006	-0.0005625
1.460421e-006	-0.000875
1.460921e-006	-0.0011875
1.461421e-006	-0.0018125
1.461921e-006	-0.0011875
1.462421e-006	-0.0011875
1.462921e-006	-0.002125
1.463421e-006	-0.002125
1.463921e-006	-0.0011875
1.464421e-006	-0.0011875
1.464921e-006	-0.0011875
1.465421e-006	-0.000875
1.465921e-006	-0.0005625
1.466421e-006	0.0006875
1.466921e-006	0.001
1.467421e-006	0.0006875
1.467921e-006	0.0013125
1.468421e-006	0.001625
1.468921e-006	0.000375
1.469421e-006	0.000375
1.469921e-006	0.0006875
1.470421e-006	-0.000875
1.470921e-006	-0.000875
1.471421e-006	-0.0015
1.471921e-006	-0.0018125
1.472421e-006	-0.002125
1.472921e-006	-0.0015
1.473421e-006	-0.0018125
1.473921e-006	-0.002125
1.474421e-006	-0.0015
1.474921e-006	-0.000875
1.475421e-006	-0.00025
1.475921e-006	-0.00025
1.476421e-006	6.25e-005
1.476921e-006	0.000375
1.477421e-006	0.001
1.477921e-006	0.001
1.478421e-006	0.0006875
1.478921e-006	0.0013125
1.479421e-006	0.0013125
1.479921e-006	6.25e-005
1.480421e-006	-0.00025
1.480921e-006	6.25e-005
1.481421e-006	-0.000875
1.481921e-006	-0.0011875
1.482421e-006	-0.0015
1.482921e-006	-0.0015
1.483421e-006	-0.002125
1.483921e-006	-0.002125
1.484421e-006	-0.0015
1.484921e-006	-0.0005625
1.485421e-006	-0.000875
1.485921e-006	-0.000875
1.486421e-006	-0.000875
1.486921e-006	0.000375
1.487421e-006	6.25e-005
1.487921e-006	0.000375
1.488421e-006	0.000375
1.488921e-006	0.000375
1.489421e-006	0.001
1.489921e-006	0.0006875
1.490421e-006	0.000375
1.490921e-006	6.25e-005
1.491421e-006	6.25e-005
1.491921e-006	6.25e-005
1.492421e-006	6.25e-005
1.492921e-006	-0.0018125
1.493421e-006	-0.002125
1.493921e-006	-0.0011875
1.494421e-006	-0.0011875
1.494921e-006	-0.0018125
1.495421e-006	-0.000875
1.495921e-006	-0.0005625
1.496421e-006	-0.000875
1.496921e-006	-0.0005625
1.497421e-006	-0.00025
1.497921e-006	6.25e-005
1.498421e-006	0.000375
1.498921e-006	0.0006875
1.499421e-006	0.001
1.499921e-006	0.000375
1.500421e-006	0.000375
1.500921e-006	0.0006875
1.501421e-006	0.0006875
1.501921e-006	6.25e-005
1.502421e-006	-0.0011875
1.502921e-006	-0.000875
1.503421e-006	-0.0011875
1.503921e-006	-0.000875
1.504421e-006	-0.0011875
1.504921e-006	-0.000875
1.505421e-006	-0.000875
1.505921e-006	-0.0015
1.506421e-006	-0.0011875
1.506921e-006	6.25e-005
1.507421e-006	-0.00025
1.507921e-006	-0.00025
1.508421e-006	-0.00025
1.508921e-006	-0.00025
1.509421e-006	0.0006875
1.509921e-006	0.001
1.510421e-006	0.000375
1.510921e-006	6.25e-005
1.511421e-006	0.0006875
1.511921e-006	0.0006875
1.512421e-006	6.25e-005
1.512921e-006	-0.0005625
1.513421e-006	-0.0011875
1.513921e-006	-0.000875
1.514421e-006	-0.000875
1.514921e-006	-0.0015
1.515421e-006	-0.0015
1.515921e-006	-0.0011875
1.516421e-006	-0.0011875
1.516921e-006	-0.000875
1.517421e-006	-0.0011875
1.517921e-006	-0.000875
1.518421e-006	-0.00025
1.518921e-006	6.25e-005
1.519421e-006	-0.00025
1.519921e-006	6.25e-005
1.520421e-006	0.000375
1.520921e-006	0.000375
1.521421e-006	6.25e-005
1.521921e-006	0.001
1.522421e-006	0.000375
1.522921e-006	6.25e-005
1.523421e-006	0.0006875
1.523921e-006	6.25e-005
1.524421e-006	6.25e-005
1.524921e-006	-0.0005625
1.525421e-006	-0.0011875
1.525921e-006	-0.0015
1.526421e-006	-0.0018125
1.526921e-006	-0.000875
1.527421e-006	-0.0011875
1.527921e-006	-0.0015
1.528421e-006	-0.0011875
1.528921e-006	-0.00025
1.529421e-006	-0.00025
1.529921e-006	-0.0005625
1.530421e-006	6.25e-005
1.530921e-006	6.25e-005
1.531421e-006	-0.00025
1.531921e-006	0.0006875
1.532421e-006	0.000375
1.532921e-006	0.000375
1.533421e-006	0.000375
1.533921e-006	-0.0005625
1.534421e-006	6.25e-005
1.534921e-006	0.000375
1.535421e-006	-0.00025
1.535921e-006	-0.0011875
1.536421e-006	-0.0015
1.536921e-006	-0.0011875
1.537421e-006	-0.0015
1.537921e-006	-0.0015
1.538421e-006	-0.0005625
1.538921e-006	-0.000875
1.539421e-006	-0.0011875
1.539921e-006	-0.0005625
1.540421e-006	-0.0005625
1.540921e-006	-0.00025
1.541421e-006	-0.00025
1.541921e-006	0.001
1.542421e-006	0.0006875
1.542921e-006	0.001
1.543421e-006	0.001
1.543921e-006	6.25e-005
1.544421e-006	0.001
1.544921e-006	6.25e-005
1.545421e-006	-0.0005625
1.545921e-006	-0.0005625
1.546421e-006	-0.000875
1.546921e-006	-0.0005625
1.547421e-006	-0.0011875
1.547921e-006	-0.0011875
1.548421e-006	-0.000875
1.548921e-006	-0.0015
1.549421e-006	-0.0011875
1.549921e-006	-0.0005625
1.550421e-006	-0.0005625
1.550921e-006	6.25e-005
1.551421e-006	6.25e-005
1.551921e-006	6.25e-005
1.552421e-006	6.25e-005
1.552921e-006	0.000375
1.553421e-006	0.0013125
1.553921e-006	0.0006875
1.554421e-006	0.000375
1.554921e-006	6.25e-005
1.555421e-006	-0.000875
1.555921e-006	-0.0005625
1.556421e-006	-0.0005625
1.556921e-006	-0.0005625
1.557421e-006	-0.0011875
1.557921e-006	-0.000875
1.558421e-006	6.25e-005
1.558921e-006	-0.0011875
1.559421e-006	-0.0015
1.559921e-006	-0.0005625
1.560421e-006	-0.00025
1.560921e-006	6.25e-005
1.561421e-006	6.25e-005
1.561921e-006	0.0006875
1.562421e-006	0.0006875
1.562921e-006	6.25e-005
1.563421e-006	6.25e-005
1.563921e-006	-0.00025
1.564421e-006	0.000375
1.564921e-006	6.25e-005
1.565421e-006	-0.000875
1.565921e-006	-0.000875
1.566421e-006	-0.0015
1.566921e-006	-0.0011875
1.567421e-006	-0.0011875
1.567921e-006	-0.000875
1.568421e-006	-0.0005625
1.568921e-006	-0.000875
1.569421e-006	-0.0005625
1.569921e-006	-0.00025
1.570421e-006	-0.00025
1.570921e-006	6.25e-005
1.571421e-006	0.000375
1.571921e-006	0.0013125
1.572421e-006	6.25e-005
1.572921e-006	6.25e-005
1.573421e-006	0.0013125
1.573921e-006	6.25e-005
1.574421e-006	-0.000875
1.574921e-006	-0.000875
1.575421e-006	6.25e-005
1.575921e-006	-0.0005625
1.576421e-006	-0.0018125
1.576921e-006	-0.0018125
1.577421e-006	-0.0018125
1.577921e-006	-0.0011875
1.578421e-006	-0.0005625
1.578921e-006	-0.0011875
1.579421e-006	-0.0011875
1.579921e-006	-0.000875
1.580421e-006	-0.00025
1.580921e-006	6.25e-005
1.581421e-006	0.0006875
1.581921e-006	0.0019375
1.582421e-006	0.001
1.582921e-006	6.25e-005
1.583421e-006	0.001
1.583921e-006	0.0006875
1.584421e-006	-0.00025
1.584921e-006	-0.0011875
1.585421e-006	-0.000875
1.585921e-006	-0.000875
1.586421e-006	-0.0024375
1.586921e-006	-0.002125
1.587421e-006	-0.0018125
1.587921e-006	-0.0018125
1.588421e-006	-0.002125
1.588921e-006	-0.000875
1.589421e-006	-0.0005625
1.589921e-006	-0.00025
1.590421e-006	6.25e-005
1.590921e-006	0.001
1.591421e-006	0.0013125
1.591921e-006	0.0013125
1.592421e-006	0.0013125
1.592921e-006	0.0013125
1.593421e-006	0.0013125
1.593921e-006	0.0006875
1.594421e-006	-0.00025
1.594921e-006	-0.0005625
1.595421e-006	-0.0015
1.595921e-006	-0.0018125
1.596421e-006	-0.002125
1.596921e-006	-0.0024375
1.597421e-006	-0.002125
1.597921e-006	-0.0018125
1.598421e-006	-0.0018125
1.598921e-006	-0.0018125
1.599421e-006	-0.0011875
1.599921e-006	-0.0005625
1.600421e-006	0.000375
1.600921e-006	0.0006875
1.601421e-006	0.001
1.601921e-006	0.001
1.602421e-006	0.0019375
1.602921e-006	0.00225
1.603421e-006	0.001
1.603921e-006	6.25e-005
1.604421e-006	6.25e-005
1.604921e-006	-0.0005625
1.605421e-006	-0.0018125
1.605921e-006	-0.0024375
1.606421e-006	-0.00275
1.606921e-006	-0.00275
1.607421e-006	-0.0024375
1.607921e-006	-0.00275
1.608421e-006	-0.0030625
1.608921e-006	-0.0018125
1.609421e-006	-0.0011875
1.609921e-006	-0.0005625
1.610421e-006	6.25e-005
1.610921e-006	0.0006875
1.611421e-006	0.001625
1.611921e-006	0.001625
1.612421e-006	0.0019375
1.612921e-006	0.00225
1.613421e-006	0.001625
1.613921e-006	0.000375
1.614421e-006	-0.0005625
1.614921e-006	-0.000875
1.615421e-006	-0.0011875
1.615921e-006	-0.0018125
1.616421e-006	-0.0024375
1.616921e-006	-0.00275
1.617421e-006	-0.0030625
1.617921e-006	-0.0036875
1.618421e-006	-0.00275
1.618921e-006	-0.002125
1.619421e-006	-0.0011875
1.619921e-006	-0.0005625
1.620421e-006	6.25e-005
1.620921e-006	0.001
1.621421e-006	0.0013125
1.621921e-006	0.0025625
1.622421e-006	0.00225
1.622921e-006	0.001625
1.623421e-006	0.00225
1.623921e-006	0.0006875
1.624421e-006	0.000375
1.624921e-006	-0.0005625
1.625421e-006	-0.000875
1.625921e-006	-0.0011875
1.626421e-006	-0.002125
1.626921e-006	-0.003375
1.627421e-006	-0.00275
1.627921e-006	-0.002125
1.628421e-006	-0.0024375
1.628921e-006	-0.002125
1.629421e-006	-0.0011875
1.629921e-006	-0.000875
1.630421e-006	6.25e-005
1.630921e-006	0.001
1.631421e-006	0.0019375
1.631921e-006	0.001625
1.632421e-006	0.0013125
1.632921e-006	0.001625
1.633421e-006	0.0013125
1.633921e-006	0.0013125
1.634421e-006	0.0006875
1.634921e-006	-0.00025
1.635421e-006	-0.000875
1.635921e-006	-0.0018125
1.636421e-006	-0.0024375
1.636921e-006	-0.002125
1.637421e-006	-0.0030625
1.637921e-006	-0.0030625
1.638421e-006	-0.002125
1.638921e-006	-0.0015
1.639421e-006	-0.0018125
1.639921e-006	-0.0011875
1.640421e-006	6.25e-005
1.640921e-006	0.0013125
1.641421e-006	0.0013125
1.641921e-006	0.0013125
1.642421e-006	0.0013125
1.642921e-006	0.001625
1.643421e-006	0.001625
1.643921e-006	0.0006875
1.644421e-006	6.25e-005
1.644921e-006	-0.0005625
1.645421e-006	-0.000875
1.645921e-006	-0.0005625
1.646421e-006	-0.0018125
1.646921e-006	-0.0024375
1.647421e-006	-0.002125
1.647921e-006	-0.0024375
1.648421e-006	-0.0018125
1.648921e-006	-0.0011875
1.649421e-006	-0.000875
1.649921e-006	-0.0005625
1.650421e-006	0.0006875
1.650921e-006	0.0006875
1.651421e-006	0.0006875
1.651921e-006	0.0013125
1.652421e-006	0.0013125
1.652921e-006	0.001625
1.653421e-006	0.0013125
1.653921e-006	0.000375
1.654421e-006	0.0006875
1.654921e-006	-0.0005625
1.655421e-006	-0.000875
1.655921e-006	-0.0011875
1.656421e-006	-0.002125
1.656921e-006	-0.002125
1.657421e-006	-0.0018125
1.657921e-006	-0.0018125
1.658421e-006	-0.002125
1.658921e-006	-0.0011875
1.659421e-006	-0.0005625
1.659921e-006	-0.0005625
1.660421e-006	6.25e-005
1.660921e-006	0.0013125
1.661421e-006	0.0013125
1.661921e-006	0.001
1.662421e-006	0.0013125
1.662921e-006	0.0013125
1.663421e-006	0.0006875
1.663921e-006	6.25e-005
1.664421e-006	-0.00025
1.664921e-006	-0.0005625
1.665421e-006	-0.0011875
1.665921e-006	-0.0011875
1.666421e-006	-0.0018125
1.666921e-006	-0.002125
1.667421e-006	-0.002125
1.667921e-006	-0.0015
1.668421e-006	-0.0015
1.668921e-006	-0.0024375
1.669421e-006	-0.0015
1.669921e-006	-0.000875
1.670421e-006	-0.00025
1.670921e-006	0.000375
1.671421e-006	0.001
1.671921e-006	0.0006875
1.672421e-006	0.0013125
1.672921e-006	0.0013125
1.673421e-006	0.0006875
1.673921e-006	6.25e-005
1.674421e-006	0.000375
1.674921e-006	-0.000875
1.675421e-006	-0.0011875
1.675921e-006	-0.0011875
1.676421e-006	-0.0024375
1.676921e-006	-0.0015
1.677421e-006	-0.0011875
1.677921e-006	-0.0018125
1.678421e-006	-0.0015
1.678921e-006	-0.000875
1.679421e-006	-0.0005625
1.679921e-006	-0.00025
1.680421e-006	-0.00025
1.680921e-006	0.001
1.681421e-006	0.001
1.681921e-006	0.001
1.682421e-006	0.0006875
1.682921e-006	0.0006875
1.683421e-006	0.0006875
1.683921e-006	0.0006875
1.684421e-006	0.000375
1.684921e-006	-0.00025
1.685421e-006	-0.000875
1.685921e-006	-0.0011875
1.686421e-006	-0.0018125
1.686921e-006	-0.0011875
1.687421e-006	-0.000875
1.687921e-006	-0.0015
1.688421e-006	-0.0018125
1.688921e-006	-0.0018125
1.689421e-006	-0.000875
1.689921e-006	-0.0005625
1.690421e-006	0.000375
1.690921e-006	0.001
1.691421e-006	0.0006875
1.691921e-006	0.0006875
1.692421e-006	0.000375
1.692921e-006	6.25e-005
1.693421e-006	0.0013125
1.693921e-006	6.25e-005
1.694421e-006	6.25e-005
1.694921e-006	-0.00025
1.695421e-006	-0.0011875
1.695921e-006	-0.0011875
1.696421e-006	-0.0011875
1.696921e-006	-0.0011875
1.697421e-006	-0.0018125
1.697921e-006	-0.0018125
1.698421e-006	-0.0011875
1.698921e-006	-0.0015
1.699421e-006	-0.000875
1.699921e-006	6.25e-005
1.700421e-006	-0.00025
1.700921e-006	0.000375
1.701421e-006	0.000375
1.701921e-006	0.0006875
1.702421e-006	0.001625
1.702921e-006	0.0013125
1.703421e-006	0.000375
1.703921e-006	0.000375
1.704421e-006	0.001
1.704921e-006	0.0006875
1.705421e-006	6.25e-005
1.705921e-006	-0.0005625
1.706421e-006	-0.0018125
1.706921e-006	-0.0011875
1.707421e-006	-0.000875
1.707921e-006	-0.0011875
1.708421e-006	-0.0015
1.708921e-006	-0.0011875
1.709421e-006	-0.0015
1.709921e-006	-0.0005625
1.710421e-006	-0.00025
1.710921e-006	6.25e-005
1.711421e-006	0.001
1.711921e-006	0.0013125
1.712421e-006	0.0006875
1.712921e-006	6.25e-005
1.713421e-006	0.001
1.713921e-006	0.000375
1.714421e-006	0.000375
1.714921e-006	-0.00025
1.715421e-006	-0.0005625
1.715921e-006	-0.00025
1.716421e-006	-0.000875
1.716921e-006	-0.0011875
1.717421e-006	-0.0011875
1.717921e-006	-0.0015
1.718421e-006	-0.0018125
1.718921e-006	-0.0018125
1.719421e-006	-0.000875
1.719921e-006	-0.0011875
1.720421e-006	-0.0005625
1.720921e-006	6.25e-005
1.721421e-006	0.000375
1.721921e-006	0.0006875
1.722421e-006	0.000375
1.722921e-006	-0.00025
1.723421e-006	0.000375
1.723921e-006	-0.00025
1.724421e-006	6.25e-005
1.724921e-006	0.0006875
1.725421e-006	-0.0005625
1.725921e-006	-0.0005625
1.726421e-006	-0.0011875
1.726921e-006	-0.0005625
1.727421e-006	-0.000875
1.727921e-006	-0.0018125
1.728421e-006	-0.0015
1.728921e-006	-0.0015
1.729421e-006	-0.0011875
1.729921e-006	-0.000875
1.730421e-006	-0.000875
1.730921e-006	6.25e-005
1.731421e-006	-0.00025
1.731921e-006	-0.0005625
1.732421e-006	-0.0005625
1.732921e-006	0.000375
1.733421e-006	0.0013125
1.733921e-006	0.000375
1.734421e-006	-0.00025
1.734921e-006	-0.00025
1.735421e-006	-0.0005625
1.735921e-006	-0.0005625
1.736421e-006	-0.0011875
1.736921e-006	-0.000875
1.737421e-006	-0.0005625
1.737921e-006	-0.000875
1.738421e-006	-0.0005625
1.738921e-006	-0.0005625
1.739421e-006	-0.0005625
1.739921e-006	-0.0005625
1.740421e-006	-0.000875
1.740921e-006	-0.0005625
1.741421e-006	-0.00025
1.741921e-006	6.25e-005
1.742421e-006	0.000375
1.742921e-006	-0.00025
1.743421e-006	0.000375
1.743921e-006	6.25e-005
1.744421e-006	-0.00025
1.744921e-006	-0.00025
1.745421e-006	-0.0005625
1.745921e-006	-0.0005625
1.746421e-006	-0.0005625
1.746921e-006	-0.0005625
1.747421e-006	-0.0015
1.747921e-006	-0.0011875
1.748421e-006	-0.0005625
1.748921e-006	-0.00025
1.749421e-006	-0.000875
1.749921e-006	-0.00025
1.750421e-006	-0.0005625
1.750921e-006	6.25e-005
1.751421e-006	6.25e-005
1.751921e-006	6.25e-005
1.752421e-006	6.25e-005
1.752921e-006	-0.0005625
1.753421e-006	-0.00025
1.753921e-006	-0.0005625
1.754421e-006	6.25e-005
1.754921e-006	6.25e-005
1.755421e-006	-0.000875
1.755921e-006	-0.00025
1.756421e-006	-0.0005625
1.756921e-006	-0.0011875
1.757421e-006	-0.0005625
1.757921e-006	-0.0011875
1.758421e-006	-0.000875
1.758921e-006	6.25e-005
1.759421e-006	-0.00025
1.759921e-006	-0.000875
1.760421e-006	-0.0011875
1.760921e-006	6.25e-005
1.761421e-006	6.25e-005
1.761921e-006	-0.00025
1.762421e-006	0.000375
1.762921e-006	6.25e-005
1.763421e-006	-0.000875
1.763921e-006	-0.0005625
1.764421e-006	-0.0005625
1.764921e-006	-0.0005625
1.765421e-006	-0.000875
1.765921e-006	-0.0011875
1.766421e-006	-0.0011875
1.766921e-006	-0.0005625
1.767421e-006	-0.00025
1.767921e-006	-0.0005625
1.768421e-006	-0.0005625
1.768921e-006	-0.000875
1.769421e-006	-0.0005625
1.769921e-006	-0.00025
1.770421e-006	-0.0005625
1.770921e-006	-0.0005625
1.771421e-006	-0.0005625
1.771921e-006	-0.0005625
1.772421e-006	6.25e-005
1.772921e-006	-0.0005625
1.773421e-006	6.25e-005
1.773921e-006	-0.00025
1.774421e-006	6.25e-005
1.774921e-006	-0.00025
1.775421e-006	-0.0018125
1.775921e-006	-0.000875
1.776421e-006	6.25e-005
1.776921e-006	-0.0005625
1.777421e-006	-0.0005625
1.777921e-006	-0.0005625
1.778421e-006	6.25e-005
1.778921e-006	6.25e-005
1.779421e-006	-0.000875
1.779921e-006	-0.000875
1.780421e-006	-0.0011875
1.780921e-006	-0.00025
1.781421e-006	-0.0005625
1.781921e-006	-0.0005625
1.782421e-006	6.25e-005
1.782921e-006	-0.0005625
1.783421e-006	-0.000875
1.783921e-006	-0.00025
1.784421e-006	-0.000875
1.784921e-006	-0.0005625
1.785421e-006	-0.00025
1.785921e-006	-0.0005625
1.786421e-006	-0.0005625
1.786921e-006	-0.0005625
1.787421e-006	6.25e-005
1.787921e-006	-0.00025
1.788421e-006	-0.0005625
