LECROYWS454	16215	Waveform
Segments	1	SegmentSize	4002
Segment	TrigTime	TimeSinceSegment1
#1	02-May-2024 19:33:46	0                 
Time	Ampl
-2.12419e-007	6.25e-005
-2.11919e-007	6.25e-005
-2.11419e-007	0.000375
-2.10919e-007	6.25e-005
-2.10419e-007	-0.0005625
-2.09919e-007	-0.0005625
-2.09419e-007	-0.00025
-2.08919e-007	-0.00025
-2.08419e-007	-0.0005625
-2.07919e-007	-0.00025
-2.07419e-007	-0.000875
-2.06919e-007	-0.000875
-2.06419e-007	-0.0005625
-2.05919e-007	-0.00025
-2.05419e-007	6.25e-005
-2.04919e-007	-0.00025
-2.04419e-007	-0.00025
-2.03919e-007	-0.00025
-2.03419e-007	0.000375
-2.02919e-007	0.000375
-2.02419e-007	-0.00025
-2.01919e-007	6.25e-005
-2.01419e-007	0.000375
-2.00919e-007	6.25e-005
-2.00419e-007	0.000375
-1.99919e-007	6.25e-005
-1.99419e-007	6.25e-005
-1.98919e-007	-0.0005625
-1.98419e-007	-0.00025
-1.97919e-007	-0.00025
-1.97419e-007	6.25e-005
-1.96919e-007	-0.00025
-1.96419e-007	-0.000875
-1.95919e-007	-0.0011875
-1.95419e-007	-0.00025
-1.94919e-007	6.25e-005
-1.94419e-007	6.25e-005
-1.93919e-007	6.25e-005
-1.93419e-007	6.25e-005
-1.92919e-007	6.25e-005
-1.92419e-007	-0.0005625
-1.91919e-007	-0.00025
-1.91419e-007	-0.00025
-1.90919e-007	6.25e-005
-1.90419e-007	6.25e-005
-1.89919e-007	0.0006875
-1.89419e-007	0.000375
-1.88919e-007	0.000375
-1.88419e-007	6.25e-005
-1.87919e-007	0.0006875
-1.87419e-007	0.0006875
-1.86919e-007	6.25e-005
-1.86419e-007	-0.0005625
-1.85919e-007	6.25e-005
-1.85419e-007	6.25e-005
-1.84919e-007	6.25e-005
-1.84419e-007	-0.0005625
-1.83919e-007	-0.00025
-1.83419e-007	-0.0005625
-1.82919e-007	-0.00025
-1.82419e-007	-0.0005625
-1.81919e-007	-0.00025
-1.81419e-007	0.000375
-1.80919e-007	-0.00025
-1.80419e-007	0.0006875
-1.79919e-007	0.0006875
-1.79419e-007	6.25e-005
-1.78919e-007	6.25e-005
-1.78419e-007	6.25e-005
-1.77919e-007	0.0006875
-1.77419e-007	0.0006875
-1.76919e-007	6.25e-005
-1.76419e-007	0.001
-1.75919e-007	6.25e-005
-1.75419e-007	0.000375
-1.74919e-007	-0.00025
-1.74419e-007	-0.0005625
-1.73919e-007	-0.0005625
-1.73419e-007	-0.0005625
-1.72919e-007	-0.000875
-1.72419e-007	-0.000875
-1.71919e-007	-0.0011875
-1.71419e-007	-0.0011875
-1.70919e-007	-0.0011875
-1.70419e-007	-0.00025
-1.69919e-007	6.25e-005
-1.69419e-007	0.000375
-1.68919e-007	0.001625
-1.68419e-007	0.000375
-1.67919e-007	0.0006875
-1.67419e-007	0.000375
-1.66919e-007	0.0013125
-1.66419e-007	0.0019375
-1.65919e-007	0.0013125
-1.65419e-007	6.25e-005
-1.64919e-007	0.000375
-1.64419e-007	0.000375
-1.63919e-007	0.0006875
-1.63419e-007	-0.00025
-1.62919e-007	-0.0005625
-1.62419e-007	-0.0015
-1.61919e-007	-0.0011875
-1.61419e-007	-0.000875
-1.60919e-007	-0.0015
-1.60419e-007	-0.0011875
-1.59919e-007	-0.000875
-1.59419e-007	6.25e-005
-1.58919e-007	0.000375
-1.58419e-007	6.25e-005
-1.57919e-007	0.001
-1.57419e-007	0.001
-1.56919e-007	0.0013125
-1.56419e-007	0.0013125
-1.55919e-007	0.001
-1.55419e-007	0.00225
-1.54919e-007	0.000375
-1.54419e-007	6.25e-005
-1.53919e-007	6.25e-005
-1.53419e-007	-0.00025
-1.52919e-007	-0.0005625
-1.52419e-007	-0.000875
-1.51919e-007	-0.0015
-1.51419e-007	-0.000875
-1.50919e-007	-0.0011875
-1.50419e-007	-0.000875
-1.49919e-007	-0.0011875
-1.49419e-007	-0.000875
-1.48919e-007	6.25e-005
-1.48419e-007	6.25e-005
-1.47919e-007	6.25e-005
-1.47419e-007	6.25e-005
-1.46919e-007	0.001625
-1.46419e-007	0.0013125
-1.45919e-007	0.0013125
-1.45419e-007	0.001625
-1.44919e-007	0.0013125
-1.44419e-007	6.25e-005
-1.43919e-007	0.001
-1.43419e-007	0.000375
-1.42919e-007	6.25e-005
-1.42419e-007	-0.0011875
-1.41919e-007	-0.0011875
-1.41419e-007	-0.0018125
-1.40919e-007	-0.0005625
-1.40419e-007	-0.0011875
-1.39919e-007	-0.0015
-1.39419e-007	-0.0005625
-1.38919e-007	-0.0005625
-1.38419e-007	-0.0005625
-1.37919e-007	6.25e-005
-1.37419e-007	0.0006875
-1.36919e-007	0.001
-1.36419e-007	0.0006875
-1.35919e-007	0.0013125
-1.35419e-007	0.0019375
-1.34919e-007	0.001625
-1.34419e-007	0.0006875
-1.33919e-007	0.000375
-1.33419e-007	0.0006875
-1.32919e-007	-0.000875
-1.32419e-007	-0.0005625
-1.31919e-007	-0.0011875
-1.31419e-007	-0.0011875
-1.30919e-007	-0.0011875
-1.30419e-007	-0.000875
-1.29919e-007	-0.0005625
-1.29419e-007	-0.0005625
-1.28919e-007	-0.0011875
-1.28419e-007	6.25e-005
-1.27919e-007	6.25e-005
-1.27419e-007	6.25e-005
-1.26919e-007	6.25e-005
-1.26419e-007	0.0006875
-1.25919e-007	0.0013125
-1.25419e-007	0.0006875
-1.24919e-007	0.0013125
-1.24419e-007	0.000375
-1.23919e-007	6.25e-005
-1.23419e-007	6.25e-005
-1.22919e-007	6.25e-005
-1.22419e-007	-0.000875
-1.21919e-007	-0.000875
-1.21419e-007	-0.0011875
-1.20919e-007	-0.0011875
-1.20419e-007	-0.000875
-1.19919e-007	6.25e-005
-1.19419e-007	-0.000875
-1.18919e-007	-0.0005625
-1.18419e-007	0.000375
-1.17919e-007	0.000375
-1.17419e-007	0.000375
-1.16919e-007	0.0006875
-1.16419e-007	0.001
-1.15919e-007	0.0013125
-1.15419e-007	0.0006875
-1.14919e-007	0.000375
-1.14419e-007	0.0006875
-1.13919e-007	-0.00025
-1.13419e-007	-0.0005625
-1.12919e-007	-0.000875
-1.12419e-007	-0.00025
-1.11919e-007	-0.000875
-1.11419e-007	-0.000875
-1.10919e-007	-0.0011875
-1.10419e-007	-0.000875
-1.09919e-007	-0.00025
-1.09419e-007	-0.00025
-1.08919e-007	6.25e-005
-1.08419e-007	0.0006875
-1.07919e-007	0.0006875
-1.07419e-007	0.0006875
-1.06919e-007	0.0006875
-1.06419e-007	0.0006875
-1.05919e-007	0.0006875
-1.05419e-007	0.0006875
-1.04919e-007	6.25e-005
-1.04419e-007	6.25e-005
-1.03919e-007	6.25e-005
-1.03419e-007	-0.000875
-1.02919e-007	-0.0005625
-1.02419e-007	-0.0005625
-1.01919e-007	-0.0005625
-1.01419e-007	-0.000875
-1.00919e-007	-0.0005625
-1.00419e-007	-0.00025
-9.9919e-008	6.25e-005
-9.9419e-008	-0.00025
-9.8919e-008	0.0006875
-9.8419e-008	0.0006875
-9.7919e-008	0.0019375
-9.7419e-008	0.0013125
-9.6919e-008	0.001
-9.6419e-008	0.000375
-9.5919e-008	0.001
-9.5419e-008	0.0006875
-9.4919e-008	6.25e-005
-9.4419e-008	-0.0005625
-9.3919e-008	-0.000875
-9.3419e-008	-0.0011875
-9.2919e-008	-0.0011875
-9.2419e-008	-0.000875
-9.1919e-008	-0.0015
-9.1419e-008	-0.0005625
-9.0919e-008	-0.00025
-9.0419e-008	6.25e-005
-8.9919e-008	0.000375
-8.9419e-008	0.0006875
-8.8919e-008	6.25e-005
-8.8419e-008	0.001
-8.7919e-008	0.001
-8.7419e-008	0.0013125
-8.6919e-008	0.0013125
-8.6419e-008	0.0013125
-8.5919e-008	0.000375
-8.5419e-008	6.25e-005
-8.4919e-008	-0.000875
-8.4419e-008	-0.0005625
-8.3919e-008	-0.000875
-8.3419e-008	-0.0011875
-8.2919e-008	-0.000875
-8.2419e-008	-0.0015
-8.1919e-008	-0.0011875
-8.1419e-008	-0.00025
-8.0919e-008	6.25e-005
-8.0419e-008	0.000375
-7.9919e-008	0.001
-7.9419e-008	0.001
-7.8919e-008	0.001625
-7.8419e-008	0.0013125
-7.7919e-008	0.001625
-7.7419e-008	0.001
-7.6919e-008	0.0013125
-7.6419e-008	0.001
-7.5919e-008	6.25e-005
-7.5419e-008	-0.0011875
-7.4919e-008	6.25e-005
-7.4419e-008	-0.000875
-7.3919e-008	-0.0011875
-7.3419e-008	-0.0018125
-7.2919e-008	-0.0018125
-7.2419e-008	-0.000875
-7.1919e-008	-0.000875
-7.1419e-008	-0.0011875
-7.0919e-008	-0.000875
-7.0419e-008	0.000375
-6.9919e-008	0.0006875
-6.9419e-008	0.001
-6.8919e-008	0.001
-6.8419e-008	0.001625
-6.7919e-008	0.001625
-6.7419e-008	0.0013125
-6.6919e-008	6.25e-005
-6.6419e-008	0.0006875
-6.5919e-008	6.25e-005
-6.5419e-008	-0.00025
-6.4919e-008	-0.0005625
-6.4419e-008	-0.0005625
-6.3919e-008	-0.0015
-6.3419e-008	-0.0011875
-6.2919e-008	-0.0015
-6.2419e-008	-0.0005625
-6.1919e-008	-0.0005625
-6.1419e-008	-0.00025
-6.0919e-008	6.25e-005
-6.0419e-008	6.25e-005
-5.9919e-008	0.0013125
-5.9419e-008	0.0013125
-5.8919e-008	0.0013125
-5.8419e-008	0.0013125
-5.7919e-008	0.0019375
-5.7419e-008	0.001
-5.6919e-008	0.000375
-5.6419e-008	-0.00025
-5.5919e-008	6.25e-005
-5.5419e-008	-0.00025
-5.4919e-008	6.25e-005
-5.4419e-008	-0.0005625
-5.3919e-008	-0.0005625
-5.3419e-008	-0.0005625
-5.2919e-008	-0.000875
-5.2419e-008	-0.0005625
-5.1919e-008	6.25e-005
-5.1419e-008	6.25e-005
-5.0919e-008	0.000375
-5.0419e-008	6.25e-005
-4.9919e-008	0.0013125
-4.9419e-008	0.001625
-4.8919e-008	0.000375
-4.8419e-008	0.001
-4.7919e-008	6.25e-005
-4.7419e-008	0.0006875
-4.6919e-008	6.25e-005
-4.6419e-008	-0.00025
-4.5919e-008	-0.0005625
-4.5419e-008	-0.0005625
-4.4919e-008	-0.0005625
-4.4419e-008	-0.0005625
-4.3919e-008	-0.0005625
-4.3419e-008	-0.0005625
-4.2919e-008	-0.0005625
-4.2419e-008	0.000375
-4.1919e-008	6.25e-005
-4.1419e-008	0.0006875
-4.0919e-008	0.000375
-4.0419e-008	0.000375
-3.9919e-008	0.0006875
-3.9419e-008	0.0006875
-3.8919e-008	0.0006875
-3.8419e-008	0.000375
-3.7919e-008	-0.00025
-3.7419e-008	6.25e-005
-3.6919e-008	-0.0005625
-3.6419e-008	-0.000875
-3.5919e-008	-0.0005625
-3.5419e-008	-0.0005625
-3.4919e-008	0.0006875
-3.4419e-008	-0.000875
-3.3919e-008	-0.000875
-3.3419e-008	-0.00025
-3.2919e-008	-0.00025
-3.2419e-008	-0.00025
-3.1919e-008	6.25e-005
-3.1419e-008	0.0006875
-3.0919e-008	0.001
-3.0419e-008	6.25e-005
-2.9919e-008	0.001
-2.9419e-008	-0.00025
-2.8919e-008	6.25e-005
-2.8419e-008	-0.0005625
-2.7919e-008	-0.00025
-2.7419e-008	0.001
-2.6919e-008	-0.00025
-2.6419e-008	-0.0005625
-2.5919e-008	6.25e-005
-2.5419e-008	0.000375
-2.4919e-008	0.000375
-2.4419e-008	-0.0005625
-2.3919e-008	-0.00025
-2.3419e-008	6.25e-005
-2.2919e-008	-0.00025
-2.2419e-008	0.000375
-2.1919e-008	6.25e-005
-2.1419e-008	0.000375
-2.0919e-008	6.25e-005
-2.0419e-008	6.25e-005
-1.9919e-008	6.25e-005
-1.9419e-008	6.25e-005
-1.8919e-008	0.000375
-1.8419e-008	-0.0005625
-1.7919e-008	-0.00025
-1.7419e-008	6.25e-005
-1.6919e-008	-0.0005625
-1.6419e-008	-0.0005625
-1.5919e-008	6.25e-005
-1.5419e-008	0.001
-1.4919e-008	0.001
-1.4419e-008	0.000375
-1.3919e-008	0.0013125
-1.3419e-008	6.25e-005
-1.2919e-008	-0.0005625
-1.2419e-008	-0.0011875
-1.1919e-008	-0.002125
-1.1419e-008	-0.00275
-1.0919e-008	-0.0043125
-1.0419e-008	-0.0049375
-9.919e-009	-0.0055625
-9.419e-009	-0.005875
-8.919e-009	-0.0055625
-8.419e-009	-0.0065
-7.919e-009	-0.0065
-7.419e-009	-0.0061875
-6.919e-009	-0.0074375
-6.419e-009	-0.00775
-5.919e-009	-0.00775
-5.419e-009	-0.0074375
-4.919e-009	-0.0074375
-4.419e-009	-0.0074375
-3.919e-009	-0.0080625
-3.419e-009	-0.0086875
-2.919e-009	-0.009625
-2.419e-009	-0.009625
-1.919e-009	-0.0105625
-1.419e-009	-0.0111875
-9.19e-010	-0.0118125
-4.19e-010	-0.0118125
8.1e-011	-0.0124375
5.81e-010	-0.0115
1.081e-009	-0.0118125
1.581e-009	-0.0124375
2.081e-009	-0.0115
2.581e-009	-0.0115
3.081e-009	-0.010875
3.581e-009	-0.010875
4.081e-009	-0.01025
4.581e-009	-0.0086875
5.081e-009	-0.009
5.581e-009	-0.009625
6.081e-009	-0.009625
6.581e-009	-0.0099375
7.081e-009	-0.0099375
7.581e-009	-0.010875
8.081e-009	-0.010875
8.581e-009	-0.0118125
9.081e-009	-0.0115
9.581e-009	-0.012125
1.0081e-008	-0.0111875
1.0581e-008	-0.010875
1.1081e-008	-0.0111875
1.1581e-008	-0.01025
1.2081e-008	-0.009625
1.2581e-008	-0.009625
1.3081e-008	-0.0099375
1.3581e-008	-0.0093125
1.4081e-008	-0.0080625
1.4581e-008	-0.008375
1.5081e-008	-0.008375
1.5581e-008	-0.00775
1.6081e-008	-0.009
1.6581e-008	-0.0080625
1.7081e-008	-0.008375
1.7581e-008	-0.009625
1.8081e-008	-0.010875
1.8581e-008	-0.010875
1.9081e-008	-0.01025
1.9581e-008	-0.0105625
2.0081e-008	-0.010875
2.0581e-008	-0.010875
2.1081e-008	-0.010875
2.1581e-008	-0.009625
2.2081e-008	-0.01025
2.2581e-008	-0.0099375
2.3081e-008	-0.009625
2.3581e-008	-0.009
2.4081e-008	-0.0080625
2.4581e-008	-0.008375
2.5081e-008	-0.0080625
2.5581e-008	-0.008375
2.6081e-008	-0.0099375
2.6581e-008	-0.01025
2.7081e-008	-0.01025
2.7581e-008	-0.01025
2.8081e-008	-0.0115
2.8581e-008	-0.0124375
2.9081e-008	-0.0111875
2.9581e-008	-0.0124375
3.0081e-008	-0.0115
3.0581e-008	-0.0118125
3.1081e-008	-0.01025
3.1581e-008	-0.009625
3.2081e-008	-0.0099375
3.2581e-008	-0.0086875
3.3081e-008	-0.009
3.3581e-008	-0.0093125
3.4081e-008	-0.009
3.4581e-008	-0.009
3.5081e-008	-0.0086875
3.5581e-008	-0.0086875
3.6081e-008	-0.008375
3.6581e-008	-0.0086875
3.7081e-008	-0.010875
3.7581e-008	-0.0099375
3.8081e-008	-0.0099375
3.8581e-008	-0.01025
3.9081e-008	-0.010875
3.9581e-008	-0.010875
4.0081e-008	-0.01025
4.0581e-008	-0.0105625
4.1081e-008	-0.0099375
4.1581e-008	-0.0099375
4.2081e-008	-0.01025
4.2581e-008	-0.0080625
4.3081e-008	-0.009
4.3581e-008	-0.009
4.4081e-008	-0.009
4.4581e-008	-0.009
4.5081e-008	-0.0086875
4.5581e-008	-0.0093125
4.6081e-008	-0.0099375
4.6581e-008	-0.01025
4.7081e-008	-0.01025
4.7581e-008	-0.010875
4.8081e-008	-0.0111875
4.8581e-008	-0.01025
4.9081e-008	-0.0105625
4.9581e-008	-0.01025
5.0081e-008	-0.009625
5.0581e-008	-0.0099375
5.1081e-008	-0.008375
5.1581e-008	-0.008375
5.2081e-008	-0.008375
5.2581e-008	-0.008375
5.3081e-008	-0.009625
5.3581e-008	-0.0086875
5.4081e-008	-0.0093125
5.4581e-008	-0.009625
5.5081e-008	-0.0099375
5.5581e-008	-0.0111875
5.6081e-008	-0.0105625
5.6581e-008	-0.0111875
5.7081e-008	-0.0111875
5.7581e-008	-0.010875
5.8081e-008	-0.0115
5.8581e-008	-0.01025
5.9081e-008	-0.01025
5.9581e-008	-0.009625
6.0081e-008	-0.009625
6.0581e-008	-0.0093125
6.1081e-008	-0.009
6.1581e-008	-0.0086875
6.2081e-008	-0.008375
6.2581e-008	-0.008375
6.3081e-008	-0.0086875
6.3581e-008	-0.008375
6.4081e-008	-0.009625
6.4581e-008	-0.009625
6.5081e-008	-0.0099375
6.5581e-008	-0.0115
6.6081e-008	-0.0111875
6.6581e-008	-0.0115
6.7081e-008	-0.010875
6.7581e-008	-0.0111875
6.8081e-008	-0.010875
6.8581e-008	-0.0111875
6.9081e-008	-0.0105625
6.9581e-008	-0.0093125
7.0081e-008	-0.008375
7.0581e-008	-0.0080625
7.1081e-008	-0.0086875
7.1581e-008	-0.008375
7.2081e-008	-0.0074375
7.2581e-008	-0.0086875
7.3081e-008	-0.009
7.3581e-008	-0.009625
7.4081e-008	-0.0099375
7.4581e-008	-0.0093125
7.5081e-008	-0.010875
7.5581e-008	-0.0118125
7.6081e-008	-0.0105625
7.6581e-008	-0.010875
7.7081e-008	-0.010875
7.7581e-008	-0.0111875
7.8081e-008	-0.0105625
7.8581e-008	-0.01025
7.9081e-008	-0.0105625
7.9581e-008	-0.0086875
8.0081e-008	-0.0086875
8.0581e-008	-0.00775
8.1081e-008	-0.0080625
8.1581e-008	-0.0080625
8.2081e-008	-0.00775
8.2581e-008	-0.00775
8.3081e-008	-0.0086875
8.3581e-008	-0.0086875
8.4081e-008	-0.009625
8.4581e-008	-0.01025
8.5081e-008	-0.0115
8.5581e-008	-0.010875
8.6081e-008	-0.010875
8.6581e-008	-0.0105625
8.7081e-008	-0.0105625
8.7581e-008	-0.0111875
8.8081e-008	-0.0105625
8.8581e-008	-0.01025
8.9081e-008	-0.009
8.9581e-008	-0.0080625
9.0081e-008	-0.00775
9.0581e-008	-0.00775
9.1081e-008	-0.0086875
9.1581e-008	-0.0080625
9.2081e-008	-0.0080625
9.2581e-008	-0.0086875
9.3081e-008	-0.008375
9.3581e-008	-0.0099375
9.4081e-008	-0.009625
9.4581e-008	-0.0105625
9.5081e-008	-0.010875
9.5581e-008	-0.0105625
9.6081e-008	-0.010875
9.6581e-008	-0.01025
9.7081e-008	-0.009625
9.7581e-008	-0.009
9.8081e-008	-0.0086875
9.8581e-008	-0.009
9.9081e-008	-0.0086875
9.9581e-008	-0.008375
1.00081e-007	-0.008375
1.00581e-007	-0.00775
1.01081e-007	-0.009
1.01581e-007	-0.0086875
1.02081e-007	-0.0093125
1.02581e-007	-0.01025
1.03081e-007	-0.009625
1.03581e-007	-0.009625
1.04081e-007	-0.01025
1.04581e-007	-0.0099375
1.05081e-007	-0.01025
1.05581e-007	-0.0099375
1.06081e-007	-0.010875
1.06581e-007	-0.01025
1.07081e-007	-0.0099375
1.07581e-007	-0.009
1.08081e-007	-0.008375
1.08581e-007	-0.0080625
1.09081e-007	-0.00775
1.09581e-007	-0.0080625
1.10081e-007	-0.0080625
1.10581e-007	-0.0080625
1.11081e-007	-0.0086875
1.11581e-007	-0.009625
1.12081e-007	-0.0099375
1.12581e-007	-0.0093125
1.13081e-007	-0.009625
1.13581e-007	-0.010875
1.14081e-007	-0.01025
1.14581e-007	-0.0099375
1.15081e-007	-0.009625
1.15581e-007	-0.009
1.16081e-007	-0.009625
1.16581e-007	-0.0086875
1.17081e-007	-0.008375
1.17581e-007	-0.0086875
1.18081e-007	-0.0074375
1.18581e-007	-0.0074375
1.19081e-007	-0.00775
1.19581e-007	-0.0080625
1.20081e-007	-0.008375
1.20581e-007	-0.0080625
1.21081e-007	-0.0093125
1.21581e-007	-0.009
1.22081e-007	-0.009625
1.22581e-007	-0.01025
1.23081e-007	-0.0099375
1.23581e-007	-0.01025
1.24081e-007	-0.0105625
1.24581e-007	-0.0105625
1.25081e-007	-0.0099375
1.25581e-007	-0.0086875
1.26081e-007	-0.0099375
1.26581e-007	-0.008375
1.27081e-007	-0.00775
1.27581e-007	-0.00775
1.28081e-007	-0.00775
1.28581e-007	-0.00775
1.29081e-007	-0.0080625
1.29581e-007	-0.0080625
1.30081e-007	-0.0080625
1.30581e-007	-0.0080625
1.31081e-007	-0.009625
1.31581e-007	-0.0099375
1.32081e-007	-0.01025
1.32581e-007	-0.0105625
1.33081e-007	-0.0105625
1.33581e-007	-0.0111875
1.34081e-007	-0.0099375
1.34581e-007	-0.0093125
1.35081e-007	-0.009625
1.35581e-007	-0.0086875
1.36081e-007	-0.0086875
1.36581e-007	-0.0080625
1.37081e-007	-0.0074375
1.37581e-007	-0.0074375
1.38081e-007	-0.0074375
1.38581e-007	-0.0080625
1.39081e-007	-0.007125
1.39581e-007	-0.0074375
1.40081e-007	-0.008375
1.40581e-007	-0.0086875
1.41081e-007	-0.009625
1.41581e-007	-0.0093125
1.42081e-007	-0.0099375
1.42581e-007	-0.0105625
1.43081e-007	-0.010875
1.43581e-007	-0.01025
1.44081e-007	-0.009625
1.44581e-007	-0.0093125
1.45081e-007	-0.0093125
1.45581e-007	-0.008375
1.46081e-007	-0.008375
1.46581e-007	-0.0080625
1.47081e-007	-0.00775
1.47581e-007	-0.0074375
1.48081e-007	-0.0074375
1.48581e-007	-0.008375
1.49081e-007	-0.0074375
1.49581e-007	-0.0074375
1.50081e-007	-0.008375
1.50581e-007	-0.008375
1.51081e-007	-0.0086875
1.51581e-007	-0.009
1.52081e-007	-0.0093125
1.52581e-007	-0.0099375
1.53081e-007	-0.009625
1.53581e-007	-0.0093125
1.54081e-007	-0.009
1.54581e-007	-0.009
1.55081e-007	-0.008375
1.55581e-007	-0.0074375
1.56081e-007	-0.008375
1.56581e-007	-0.00775
1.57081e-007	-0.0074375
1.57581e-007	-0.007125
1.58081e-007	-0.007125
1.58581e-007	-0.0080625
1.59081e-007	-0.0080625
1.59581e-007	-0.0080625
1.60081e-007	-0.008375
1.60581e-007	-0.0080625
1.61081e-007	-0.0093125
1.61581e-007	-0.008375
1.62081e-007	-0.0086875
1.62581e-007	-0.0093125
1.63081e-007	-0.009625
1.63581e-007	-0.009
1.64081e-007	-0.0080625
1.64581e-007	-0.00775
1.65081e-007	-0.00775
1.65581e-007	-0.00775
1.66081e-007	-0.0080625
1.66581e-007	-0.0074375
1.67081e-007	-0.0080625
1.67581e-007	-0.00775
1.68081e-007	-0.0080625
1.68581e-007	-0.0074375
1.69081e-007	-0.007125
1.69581e-007	-0.008375
1.70081e-007	-0.008375
1.70581e-007	-0.00775
1.71081e-007	-0.008375
1.71581e-007	-0.0080625
1.72081e-007	-0.008375
1.72581e-007	-0.0086875
1.73081e-007	-0.0086875
1.73581e-007	-0.00775
1.74081e-007	-0.0074375
1.74581e-007	-0.0074375
1.75081e-007	-0.0074375
1.75581e-007	-0.0080625
1.76081e-007	-0.0074375
1.76581e-007	-0.0068125
1.77081e-007	-0.0074375
1.77581e-007	-0.00775
1.78081e-007	-0.0074375
1.78581e-007	-0.0074375
1.79081e-007	-0.0080625
1.79581e-007	-0.00775
1.80081e-007	-0.0080625
1.80581e-007	-0.0086875
1.81081e-007	-0.0086875
1.81581e-007	-0.008375
1.82081e-007	-0.0086875
1.82581e-007	-0.00775
1.83081e-007	-0.0080625
1.83581e-007	-0.0074375
1.84081e-007	-0.00775
1.84581e-007	-0.007125
1.85081e-007	-0.0065
1.85581e-007	-0.007125
1.86081e-007	-0.0074375
1.86581e-007	-0.0074375
1.87081e-007	-0.007125
1.87581e-007	-0.0074375
1.88081e-007	-0.0080625
1.88581e-007	-0.007125
1.89081e-007	-0.0074375
1.89581e-007	-0.008375
1.90081e-007	-0.0080625
1.90581e-007	-0.00775
1.91081e-007	-0.0074375
1.91581e-007	-0.00775
1.92081e-007	-0.008375
1.92581e-007	-0.008375
1.93081e-007	-0.00775
1.93581e-007	-0.007125
1.94081e-007	-0.0068125
1.94581e-007	-0.0065
1.95081e-007	-0.0068125
1.95581e-007	-0.0074375
1.96081e-007	-0.0065
1.96581e-007	-0.005875
1.97081e-007	-0.0068125
1.97581e-007	-0.007125
1.98081e-007	-0.0074375
1.98581e-007	-0.0080625
1.99081e-007	-0.008375
1.99581e-007	-0.0074375
2.00081e-007	-0.00775
2.00581e-007	-0.008375
2.01081e-007	-0.00775
2.01581e-007	-0.00775
2.02081e-007	-0.0080625
2.02581e-007	-0.0074375
2.03081e-007	-0.0080625
2.03581e-007	-0.00775
2.04081e-007	-0.0074375
2.04581e-007	-0.007125
2.05081e-007	-0.007125
2.05581e-007	-0.0068125
2.06081e-007	-0.007125
2.06581e-007	-0.007125
2.07081e-007	-0.005875
2.07581e-007	-0.0061875
2.08081e-007	-0.007125
2.08581e-007	-0.007125
2.09081e-007	-0.0068125
2.09581e-007	-0.0065
2.10081e-007	-0.0068125
2.10581e-007	-0.0074375
2.11081e-007	-0.0074375
2.11581e-007	-0.007125
2.12081e-007	-0.007125
2.12581e-007	-0.0080625
2.13081e-007	-0.0080625
2.13581e-007	-0.008375
2.14081e-007	-0.00775
2.14581e-007	-0.007125
2.15081e-007	-0.007125
2.15581e-007	-0.007125
2.16081e-007	-0.007125
2.16581e-007	-0.0074375
2.17081e-007	-0.007125
2.17581e-007	-0.0061875
2.18081e-007	-0.0065
2.18581e-007	-0.0061875
2.19081e-007	-0.0061875
2.19581e-007	-0.0065
2.20081e-007	-0.0068125
2.20581e-007	-0.0061875
2.21081e-007	-0.0068125
2.21581e-007	-0.0068125
2.22081e-007	-0.0074375
2.22581e-007	-0.0080625
2.23081e-007	-0.0080625
2.23581e-007	-0.0074375
2.24081e-007	-0.00775
2.24581e-007	-0.00775
2.25081e-007	-0.00775
2.25581e-007	-0.0065
2.26081e-007	-0.007125
2.26581e-007	-0.007125
2.27081e-007	-0.0074375
2.27581e-007	-0.0068125
2.28081e-007	-0.0061875
2.28581e-007	-0.0055625
2.29081e-007	-0.0049375
2.29581e-007	-0.005875
2.30081e-007	-0.0055625
2.30581e-007	-0.0055625
2.31081e-007	-0.0061875
2.31581e-007	-0.0068125
2.32081e-007	-0.007125
2.32581e-007	-0.0074375
2.33081e-007	-0.0074375
2.33581e-007	-0.0074375
2.34081e-007	-0.007125
2.34581e-007	-0.00775
2.35081e-007	-0.008375
2.35581e-007	-0.008375
2.36081e-007	-0.0074375
2.36581e-007	-0.0068125
2.37081e-007	-0.0068125
2.37581e-007	-0.0061875
2.38081e-007	-0.0055625
2.38581e-007	-0.0055625
2.39081e-007	-0.0055625
2.39581e-007	-0.0049375
2.40081e-007	-0.00525
2.40581e-007	-0.005875
2.41081e-007	-0.0061875
2.41581e-007	-0.0061875
2.42081e-007	-0.0068125
2.42581e-007	-0.0068125
2.43081e-007	-0.00775
2.43581e-007	-0.007125
2.44081e-007	-0.007125
2.44581e-007	-0.00775
2.45081e-007	-0.00775
2.45581e-007	-0.0074375
2.46081e-007	-0.0074375
2.46581e-007	-0.0061875
2.47081e-007	-0.0061875
2.47581e-007	-0.0061875
2.48081e-007	-0.005875
2.48581e-007	-0.0049375
2.49081e-007	-0.0055625
2.49581e-007	-0.00525
2.50081e-007	-0.00525
2.50581e-007	-0.0055625
2.51081e-007	-0.005875
2.51581e-007	-0.005875
2.52081e-007	-0.0065
2.52581e-007	-0.0068125
2.53081e-007	-0.0074375
2.53581e-007	-0.00775
2.54081e-007	-0.00775
2.54581e-007	-0.00775
2.55081e-007	-0.0074375
2.55581e-007	-0.0080625
2.56081e-007	-0.0074375
2.56581e-007	-0.007125
2.57081e-007	-0.0061875
2.57581e-007	-0.0055625
2.58081e-007	-0.005875
2.58581e-007	-0.0049375
2.59081e-007	-0.0055625
2.59581e-007	-0.0055625
2.60081e-007	-0.00525
2.60581e-007	-0.005875
2.61081e-007	-0.0055625
2.61581e-007	-0.0061875
2.62081e-007	-0.0065
2.62581e-007	-0.0068125
2.63081e-007	-0.00775
2.63581e-007	-0.0068125
2.64081e-007	-0.007125
2.64581e-007	-0.0068125
2.65081e-007	-0.0068125
2.65581e-007	-0.007125
2.66081e-007	-0.007125
2.66581e-007	-0.0068125
2.67081e-007	-0.0061875
2.67581e-007	-0.00525
2.68081e-007	-0.00525
2.68581e-007	-0.00525
2.69081e-007	-0.005875
2.69581e-007	-0.00525
2.70081e-007	-0.0055625
2.70581e-007	-0.0061875
2.71081e-007	-0.00525
2.71581e-007	-0.0061875
2.72081e-007	-0.005875
2.72581e-007	-0.0055625
2.73081e-007	-0.0065
2.73581e-007	-0.0074375
2.74081e-007	-0.007125
2.74581e-007	-0.0068125
2.75081e-007	-0.0061875
2.75581e-007	-0.0065
2.76081e-007	-0.0061875
2.76581e-007	-0.0061875
2.77081e-007	-0.0055625
2.77581e-007	-0.0061875
2.78081e-007	-0.005875
2.78581e-007	-0.0049375
2.79081e-007	-0.00525
2.79581e-007	-0.0055625
2.80081e-007	-0.0055625
2.80581e-007	-0.005875
2.81081e-007	-0.005875
2.81581e-007	-0.0061875
2.82081e-007	-0.005875
2.82581e-007	-0.0065
2.83081e-007	-0.007125
2.83581e-007	-0.0061875
2.84081e-007	-0.0061875
2.84581e-007	-0.0061875
2.85081e-007	-0.005875
2.85581e-007	-0.005875
2.86081e-007	-0.005875
2.86581e-007	-0.0061875
2.87081e-007	-0.0055625
2.87581e-007	-0.00525
2.88081e-007	-0.00525
2.88581e-007	-0.0043125
2.89081e-007	-0.00525
2.89581e-007	-0.00525
2.90081e-007	-0.00525
2.90581e-007	-0.0055625
2.91081e-007	-0.005875
2.91581e-007	-0.0061875
2.92081e-007	-0.005875
2.92581e-007	-0.005875
2.93081e-007	-0.0068125
2.93581e-007	-0.0061875
2.94081e-007	-0.0061875
2.94581e-007	-0.005875
2.95081e-007	-0.005875
2.95581e-007	-0.0065
2.96081e-007	-0.00525
2.96581e-007	-0.00525
2.97081e-007	-0.0049375
2.97581e-007	-0.0049375
2.98081e-007	-0.0049375
2.98581e-007	-0.00525
2.99081e-007	-0.0049375
2.99581e-007	-0.0049375
3.00081e-007	-0.0055625
3.00581e-007	-0.0061875
3.01081e-007	-0.005875
3.01581e-007	-0.0061875
3.02081e-007	-0.005875
3.02581e-007	-0.0055625
3.03081e-007	-0.0055625
3.03581e-007	-0.0055625
3.04081e-007	-0.0065
3.04581e-007	-0.0061875
3.05081e-007	-0.005875
3.05581e-007	-0.0055625
3.06081e-007	-0.0049375
3.06581e-007	-0.004625
3.07081e-007	-0.0043125
3.07581e-007	-0.004625
3.08081e-007	-0.0055625
3.08581e-007	-0.00525
3.09081e-007	-0.0043125
3.09581e-007	-0.0049375
3.10081e-007	-0.00525
3.10581e-007	-0.00525
3.11081e-007	-0.00525
3.11581e-007	-0.005875
3.12081e-007	-0.0065
3.12581e-007	-0.0055625
3.13081e-007	-0.0061875
3.13581e-007	-0.0061875
3.14081e-007	-0.0061875
3.14581e-007	-0.00525
3.15081e-007	-0.0049375
3.15581e-007	-0.0055625
3.16081e-007	-0.0049375
3.16581e-007	-0.004625
3.17081e-007	-0.004
3.17581e-007	-0.0043125
3.18081e-007	-0.0055625
3.18581e-007	-0.00525
3.19081e-007	-0.004625
3.19581e-007	-0.0049375
3.20081e-007	-0.004625
3.20581e-007	-0.0055625
3.21081e-007	-0.0055625
3.21581e-007	-0.0061875
3.22081e-007	-0.0061875
3.22581e-007	-0.0061875
3.23081e-007	-0.0065
3.23581e-007	-0.0055625
3.24081e-007	-0.0055625
3.24581e-007	-0.0055625
3.25081e-007	-0.0055625
3.25581e-007	-0.00525
3.26081e-007	-0.0049375
3.26581e-007	-0.0049375
3.27081e-007	-0.00525
3.27581e-007	-0.0043125
3.28081e-007	-0.004625
3.28581e-007	-0.004625
3.29081e-007	-0.0049375
3.29581e-007	-0.00525
3.30081e-007	-0.004625
3.30581e-007	-0.0043125
3.31081e-007	-0.0043125
3.31581e-007	-0.00525
3.32081e-007	-0.0061875
3.32581e-007	-0.0055625
3.33081e-007	-0.0055625
3.33581e-007	-0.00525
3.34081e-007	-0.005875
3.34581e-007	-0.00525
3.35081e-007	-0.004625
3.35581e-007	-0.00525
3.36081e-007	-0.0043125
3.36581e-007	-0.0043125
3.37081e-007	-0.0049375
3.37581e-007	-0.00525
3.38081e-007	-0.004625
3.38581e-007	-0.004
3.39081e-007	-0.004625
3.39581e-007	-0.0049375
3.40081e-007	-0.004
3.40581e-007	-0.004
3.41081e-007	-0.0043125
3.41581e-007	-0.00525
3.42081e-007	-0.0055625
3.42581e-007	-0.0049375
3.43081e-007	-0.0049375
3.43581e-007	-0.00525
3.44081e-007	-0.0055625
3.44581e-007	-0.0055625
3.45081e-007	-0.0049375
3.45581e-007	-0.004625
3.46081e-007	-0.004625
3.46581e-007	-0.004625
3.47081e-007	-0.0043125
3.47581e-007	-0.004625
3.48081e-007	-0.00525
3.48581e-007	-0.004
3.49081e-007	-0.0036875
3.49581e-007	-0.004625
3.50081e-007	-0.0055625
3.50581e-007	-0.0049375
3.51081e-007	-0.0043125
3.51581e-007	-0.004625
3.52081e-007	-0.0055625
3.52581e-007	-0.0049375
3.53081e-007	-0.004625
3.53581e-007	-0.0049375
3.54081e-007	-0.0049375
3.54581e-007	-0.0049375
3.55081e-007	-0.004625
3.55581e-007	-0.00525
3.56081e-007	-0.0049375
3.56581e-007	-0.0043125
3.57081e-007	-0.004
3.57581e-007	-0.0049375
3.58081e-007	-0.004
3.58581e-007	-0.0036875
3.59081e-007	-0.004
3.59581e-007	-0.004625
3.60081e-007	-0.004
3.60581e-007	-0.004
3.61081e-007	-0.004
3.61581e-007	-0.0049375
3.62081e-007	-0.0049375
3.62581e-007	-0.004625
3.63081e-007	-0.00525
3.63581e-007	-0.0055625
3.64081e-007	-0.0043125
3.64581e-007	-0.004625
3.65081e-007	-0.0055625
3.65581e-007	-0.0055625
3.66081e-007	-0.00525
3.66581e-007	-0.004625
3.67081e-007	-0.003375
3.67581e-007	-0.004
3.68081e-007	-0.0049375
3.68581e-007	-0.004
3.69081e-007	-0.0036875
3.69581e-007	-0.004
3.70081e-007	-0.0043125
3.70581e-007	-0.004
3.71081e-007	-0.004625
3.71581e-007	-0.004
3.72081e-007	-0.004
3.72581e-007	-0.0049375
3.73081e-007	-0.0049375
3.73581e-007	-0.0049375
3.74081e-007	-0.0055625
3.74581e-007	-0.0049375
3.75081e-007	-0.00525
3.75581e-007	-0.004625
3.76081e-007	-0.0049375
3.76581e-007	-0.0049375
3.77081e-007	-0.004625
3.77581e-007	-0.0049375
3.78081e-007	-0.0043125
3.78581e-007	-0.0043125
3.79081e-007	-0.0036875
3.79581e-007	-0.0036875
3.80081e-007	-0.0043125
3.80581e-007	-0.0043125
3.81081e-007	-0.003375
3.81581e-007	-0.003375
3.82081e-007	-0.004
3.82581e-007	-0.0049375
3.83081e-007	-0.0043125
3.83581e-007	-0.004625
3.84081e-007	-0.004625
3.84581e-007	-0.0049375
3.85081e-007	-0.004625
3.85581e-007	-0.004625
3.86081e-007	-0.0049375
3.86581e-007	-0.004625
3.87081e-007	-0.0036875
3.87581e-007	-0.0043125
3.88081e-007	-0.0036875
3.88581e-007	-0.0036875
3.89081e-007	-0.004
3.89581e-007	-0.0036875
3.90081e-007	-0.003375
3.90581e-007	-0.0030625
3.91081e-007	-0.0036875
3.91581e-007	-0.0036875
3.92081e-007	-0.004
3.92581e-007	-0.004625
3.93081e-007	-0.0049375
3.93581e-007	-0.0043125
3.94081e-007	-0.004625
3.94581e-007	-0.004625
3.95081e-007	-0.00525
3.95581e-007	-0.0049375
3.96081e-007	-0.0049375
3.96581e-007	-0.0049375
3.97081e-007	-0.0043125
3.97581e-007	-0.0043125
3.98081e-007	-0.0036875
3.98581e-007	-0.0036875
3.99081e-007	-0.003375
3.99581e-007	-0.0030625
4.00081e-007	-0.003375
4.00581e-007	-0.004
4.01081e-007	-0.004
4.01581e-007	-0.0036875
4.02081e-007	-0.0036875
4.02581e-007	-0.0036875
4.03081e-007	-0.0036875
4.03581e-007	-0.0049375
4.04081e-007	-0.0043125
4.04581e-007	-0.004
4.05081e-007	-0.0043125
4.05581e-007	-0.00525
4.06081e-007	-0.004625
4.06581e-007	-0.0036875
4.07081e-007	-0.003375
4.07581e-007	-0.004
4.08081e-007	-0.004
4.08581e-007	-0.004
4.09081e-007	-0.0030625
4.09581e-007	-0.003375
4.10081e-007	-0.004
4.10581e-007	-0.003375
4.11081e-007	-0.0036875
4.11581e-007	-0.0030625
4.12081e-007	-0.003375
4.12581e-007	-0.0036875
4.13081e-007	-0.0049375
4.13581e-007	-0.0043125
4.14081e-007	-0.004
4.14581e-007	-0.004625
4.15081e-007	-0.0049375
4.15581e-007	-0.0043125
4.16081e-007	-0.004625
4.16581e-007	-0.004625
4.17081e-007	-0.0036875
4.17581e-007	-0.00275
4.18081e-007	-0.0036875
4.18581e-007	-0.0043125
4.19081e-007	-0.0030625
4.19581e-007	-0.0030625
4.20081e-007	-0.003375
4.20581e-007	-0.0036875
4.21081e-007	-0.0030625
4.21581e-007	-0.0030625
4.22081e-007	-0.0036875
4.22581e-007	-0.004625
4.23081e-007	-0.004625
4.23581e-007	-0.0043125
4.24081e-007	-0.004
4.24581e-007	-0.0049375
4.25081e-007	-0.003375
4.25581e-007	-0.003375
4.26081e-007	-0.0036875
4.26581e-007	-0.0036875
4.27081e-007	-0.004
4.27581e-007	-0.0036875
4.28081e-007	-0.003375
4.28581e-007	-0.003375
4.29081e-007	-0.00275
4.29581e-007	-0.0030625
4.30081e-007	-0.0036875
4.30581e-007	-0.0036875
4.31081e-007	-0.0036875
4.31581e-007	-0.0030625
4.32081e-007	-0.004625
4.32581e-007	-0.0043125
4.33081e-007	-0.0036875
4.33581e-007	-0.0036875
4.34081e-007	-0.0036875
4.34581e-007	-0.004
4.35081e-007	-0.0043125
4.35581e-007	-0.0036875
4.36081e-007	-0.0036875
4.36581e-007	-0.003375
4.37081e-007	-0.0036875
4.37581e-007	-0.003375
4.38081e-007	-0.003375
4.38581e-007	-0.003375
4.39081e-007	-0.0024375
4.39581e-007	-0.004
4.40081e-007	-0.0036875
4.40581e-007	-0.0036875
4.41081e-007	-0.0043125
4.41581e-007	-0.0043125
4.42081e-007	-0.0049375
4.42581e-007	-0.0043125
4.43081e-007	-0.004625
4.43581e-007	-0.004625
4.44081e-007	-0.003375
4.44581e-007	-0.004625
4.45081e-007	-0.0036875
4.45581e-007	-0.004
4.46081e-007	-0.0036875
4.46581e-007	-0.003375
4.47081e-007	-0.003375
4.47581e-007	-0.0030625
4.48081e-007	-0.00275
4.48581e-007	-0.00275
4.49081e-007	-0.0024375
4.49581e-007	-0.003375
4.50081e-007	-0.00275
4.50581e-007	-0.0036875
4.51081e-007	-0.0049375
4.51581e-007	-0.0043125
4.52081e-007	-0.0049375
4.52581e-007	-0.00525
4.53081e-007	-0.004
4.53581e-007	-0.0043125
4.54081e-007	-0.004
4.54581e-007	-0.004625
4.55081e-007	-0.0036875
4.55581e-007	-0.0030625
4.56081e-007	-0.0030625
4.56581e-007	-0.00275
4.57081e-007	-0.0030625
4.57581e-007	-0.00275
4.58081e-007	-0.003375
4.58581e-007	-0.0030625
4.59081e-007	-0.002125
4.59581e-007	-0.0030625
4.60081e-007	-0.004
4.60581e-007	-0.0036875
4.61081e-007	-0.004
4.61581e-007	-0.0043125
4.62081e-007	-0.0049375
4.62581e-007	-0.004625
4.63081e-007	-0.004625
4.63581e-007	-0.004
4.64081e-007	-0.0036875
4.64581e-007	-0.0043125
4.65081e-007	-0.003375
4.65581e-007	-0.003375
4.66081e-007	-0.0024375
4.66581e-007	-0.0024375
4.67081e-007	-0.00275
4.67581e-007	-0.002125
4.68081e-007	-0.0018125
4.68581e-007	-0.0030625
4.69081e-007	-0.00275
4.69581e-007	-0.0036875
4.70081e-007	-0.003375
4.70581e-007	-0.003375
4.71081e-007	-0.0030625
4.71581e-007	-0.0036875
4.72081e-007	-0.0043125
4.72581e-007	-0.0043125
4.73081e-007	-0.004625
4.73581e-007	-0.0036875
4.74081e-007	-0.003375
4.74581e-007	-0.0036875
4.75081e-007	-0.0030625
4.75581e-007	-0.003375
4.76081e-007	-0.0024375
4.76581e-007	-0.002125
4.77081e-007	-0.0030625
4.77581e-007	-0.0024375
4.78081e-007	-0.0018125
4.78581e-007	-0.0024375
4.79081e-007	-0.0030625
4.79581e-007	-0.00275
4.80081e-007	-0.0030625
4.80581e-007	-0.0030625
4.81081e-007	-0.0036875
4.81581e-007	-0.003375
4.82081e-007	-0.004
4.82581e-007	-0.004
4.83081e-007	-0.004
4.83581e-007	-0.004
4.84081e-007	-0.003375
4.84581e-007	-0.003375
4.85081e-007	-0.0030625
4.85581e-007	-0.0030625
4.86081e-007	-0.00275
4.86581e-007	-0.002125
4.87081e-007	-0.0024375
4.87581e-007	-0.00275
4.88081e-007	-0.0024375
4.88581e-007	-0.00275
4.89081e-007	-0.0030625
4.89581e-007	-0.0036875
4.90081e-007	-0.00275
4.90581e-007	-0.0030625
4.91081e-007	-0.003375
4.91581e-007	-0.0036875
4.92081e-007	-0.0036875
4.92581e-007	-0.0036875
4.93081e-007	-0.0030625
4.93581e-007	-0.0030625
4.94081e-007	-0.0030625
4.94581e-007	-0.003375
4.95081e-007	-0.003375
4.95581e-007	-0.00275
4.96081e-007	-0.0030625
4.96581e-007	-0.003375
4.97081e-007	-0.00275
4.97581e-007	-0.0024375
4.98081e-007	-0.00275
4.98581e-007	-0.0036875
4.99081e-007	-0.0036875
4.99581e-007	-0.003375
5.00081e-007	-0.0030625
5.00581e-007	-0.0036875
5.01081e-007	-0.004
5.01581e-007	-0.00275
5.02081e-007	-0.00275
5.02581e-007	-0.0030625
5.03081e-007	-0.0030625
5.03581e-007	-0.0024375
5.04081e-007	-0.00275
5.04581e-007	-0.00275
5.05081e-007	-0.00275
5.05581e-007	-0.0024375
5.06081e-007	-0.00275
5.06581e-007	-0.0024375
5.07081e-007	-0.0024375
5.07581e-007	-0.0036875
5.08081e-007	-0.0043125
5.08581e-007	-0.004
5.09081e-007	-0.0036875
5.09581e-007	-0.003375
5.10081e-007	-0.0036875
5.10581e-007	-0.0030625
5.11081e-007	-0.00275
5.11581e-007	-0.0036875
5.12081e-007	-0.0030625
5.12581e-007	-0.003375
5.13081e-007	-0.0024375
5.13581e-007	-0.0018125
5.14081e-007	-0.002125
5.14581e-007	-0.002125
5.15081e-007	-0.00275
5.15581e-007	-0.0024375
5.16081e-007	-0.0024375
5.16581e-007	-0.00275
5.17081e-007	-0.00275
5.17581e-007	-0.004
5.18081e-007	-0.004625
5.18581e-007	-0.0043125
5.19081e-007	-0.003375
5.19581e-007	-0.003375
5.20081e-007	-0.0043125
5.20581e-007	-0.003375
5.21081e-007	-0.0024375
5.21581e-007	-0.00275
5.22081e-007	-0.0024375
5.22581e-007	-0.00275
5.23081e-007	-0.0024375
5.23581e-007	-0.002125
5.24081e-007	-0.0024375
5.24581e-007	-0.0015
5.25081e-007	-0.0018125
5.25581e-007	-0.0024375
5.26081e-007	-0.00275
5.26581e-007	-0.00275
5.27081e-007	-0.0024375
5.27581e-007	-0.0030625
5.28081e-007	-0.0030625
5.28581e-007	-0.0036875
5.29081e-007	-0.0043125
5.29581e-007	-0.0043125
5.30081e-007	-0.0043125
5.30581e-007	-0.003375
5.31081e-007	-0.0030625
5.31581e-007	-0.0030625
5.32081e-007	-0.0030625
5.32581e-007	-0.00275
5.33081e-007	-0.002125
5.33581e-007	-0.00275
5.34081e-007	-0.00275
5.34581e-007	-0.0018125
5.35081e-007	-0.0018125
5.35581e-007	-0.002125
5.36081e-007	-0.002125
5.36581e-007	-0.0024375
5.37081e-007	-0.003375
5.37581e-007	-0.003375
5.38081e-007	-0.0030625
5.38581e-007	-0.004
5.39081e-007	-0.004
5.39581e-007	-0.004
5.40081e-007	-0.003375
5.40581e-007	-0.0030625
5.41081e-007	-0.0030625
5.41581e-007	-0.0024375
5.42081e-007	-0.0030625
5.42581e-007	-0.0030625
5.43081e-007	-0.0024375
5.43581e-007	-0.0024375
5.44081e-007	-0.0024375
5.44581e-007	-0.002125
5.45081e-007	-0.0024375
5.45581e-007	-0.0024375
5.46081e-007	-0.0024375
5.46581e-007	-0.0024375
5.47081e-007	-0.0030625
5.47581e-007	-0.00275
5.48081e-007	-0.00275
5.48581e-007	-0.003375
5.49081e-007	-0.003375
5.49581e-007	-0.0036875
5.50081e-007	-0.0030625
5.50581e-007	-0.0030625
5.51081e-007	-0.003375
5.51581e-007	-0.0024375
5.52081e-007	-0.0018125
5.52581e-007	-0.002125
5.53081e-007	-0.0024375
5.53581e-007	-0.00275
5.54081e-007	-0.0024375
5.54581e-007	-0.0024375
5.55081e-007	-0.0024375
5.55581e-007	-0.0024375
5.56081e-007	-0.0024375
5.56581e-007	-0.002125
5.57081e-007	-0.00275
5.57581e-007	-0.0030625
5.58081e-007	-0.0024375
5.58581e-007	-0.0030625
5.59081e-007	-0.0030625
5.59581e-007	-0.0024375
5.60081e-007	-0.00275
5.60581e-007	-0.0030625
5.61081e-007	-0.0024375
5.61581e-007	-0.0024375
5.62081e-007	-0.0024375
5.62581e-007	-0.0024375
5.63081e-007	-0.002125
5.63581e-007	-0.0015
5.64081e-007	-0.0015
5.64581e-007	-0.002125
5.65081e-007	-0.00275
5.65581e-007	-0.0030625
5.66081e-007	-0.0030625
5.66581e-007	-0.0018125
5.67081e-007	-0.0024375
5.67581e-007	-0.0030625
5.68081e-007	-0.00275
5.68581e-007	-0.0030625
5.69081e-007	-0.0024375
5.69581e-007	-0.002125
5.70081e-007	-0.00275
5.70581e-007	-0.0024375
5.71081e-007	-0.002125
5.71581e-007	-0.00275
5.72081e-007	-0.0024375
5.72581e-007	-0.0018125
5.73081e-007	-0.0024375
5.73581e-007	-0.0024375
5.74081e-007	-0.002125
5.74581e-007	-0.0024375
5.75081e-007	-0.0024375
5.75581e-007	-0.002125
5.76081e-007	-0.00275
5.76581e-007	-0.003375
5.77081e-007	-0.00275
5.77581e-007	-0.0024375
5.78081e-007	-0.00275
5.78581e-007	-0.00275
5.79081e-007	-0.002125
5.79581e-007	-0.0024375
5.80081e-007	-0.0024375
5.80581e-007	-0.0024375
5.81081e-007	-0.0024375
5.81581e-007	-0.0024375
5.82081e-007	-0.002125
5.82581e-007	-0.002125
5.83081e-007	-0.0018125
5.83581e-007	-0.0024375
5.84081e-007	-0.0024375
5.84581e-007	-0.0024375
5.85081e-007	-0.0024375
5.85581e-007	-0.002125
5.86081e-007	-0.0030625
5.86581e-007	-0.0024375
5.87081e-007	-0.00275
5.87581e-007	-0.0030625
5.88081e-007	-0.003375
5.88581e-007	-0.0024375
5.89081e-007	-0.00275
5.89581e-007	-0.0030625
5.90081e-007	-0.0030625
5.90581e-007	-0.0018125
5.91081e-007	-0.0024375
5.91581e-007	-0.0018125
5.92081e-007	-0.0024375
5.92581e-007	-0.0024375
5.93081e-007	-0.0024375
5.93581e-007	-0.0015
5.94081e-007	-0.0015
5.94581e-007	-0.0015
5.95081e-007	-0.0018125
5.95581e-007	-0.0024375
5.96081e-007	-0.0024375
5.96581e-007	-0.0024375
5.97081e-007	-0.0024375
5.97581e-007	-0.0024375
5.98081e-007	-0.0024375
5.98581e-007	-0.0030625
5.99081e-007	-0.0024375
5.99581e-007	-0.0030625
6.00081e-007	-0.00275
6.00581e-007	-0.002125
6.01081e-007	-0.0024375
6.01581e-007	-0.0024375
6.02081e-007	-0.0024375
6.02581e-007	-0.0030625
6.03081e-007	-0.002125
6.03581e-007	-0.0015
6.04081e-007	-0.0011875
6.04581e-007	-0.0011875
6.05081e-007	-0.002125
6.05581e-007	-0.002125
6.06081e-007	-0.0024375
6.06581e-007	-0.0011875
6.07081e-007	-0.002125
6.07581e-007	-0.0024375
6.08081e-007	-0.0024375
6.08581e-007	-0.0024375
6.09081e-007	-0.00275
6.09581e-007	-0.00275
6.10081e-007	-0.00275
6.10581e-007	-0.002125
6.11081e-007	-0.00275
6.11581e-007	-0.0024375
6.12081e-007	-0.00275
6.12581e-007	-0.002125
6.13081e-007	-0.0024375
6.13581e-007	-0.0024375
6.14081e-007	-0.0015
6.14581e-007	-0.000875
6.15081e-007	-0.0011875
6.15581e-007	-0.0015
6.16081e-007	-0.0018125
6.16581e-007	-0.0018125
6.17081e-007	-0.0015
6.17581e-007	-0.0018125
6.18081e-007	-0.002125
6.18581e-007	-0.0030625
6.19081e-007	-0.0030625
6.19581e-007	-0.0030625
6.20081e-007	-0.0024375
6.20581e-007	-0.0024375
6.21081e-007	-0.0030625
6.21581e-007	-0.0036875
6.22081e-007	-0.0030625
6.22581e-007	-0.0024375
6.23081e-007	-0.002125
6.23581e-007	-0.0011875
6.24081e-007	-0.000875
6.24581e-007	-0.0015
6.25081e-007	-0.0011875
6.25581e-007	-0.0011875
6.26081e-007	-0.0011875
6.26581e-007	-0.0018125
6.27081e-007	-0.0024375
6.27581e-007	-0.0024375
6.28081e-007	-0.002125
6.28581e-007	-0.0015
6.29081e-007	-0.002125
6.29581e-007	-0.002125
6.30081e-007	-0.00275
6.30581e-007	-0.0030625
6.31081e-007	-0.003375
6.31581e-007	-0.0030625
6.32081e-007	-0.003375
6.32581e-007	-0.0024375
6.33081e-007	-0.002125
6.33581e-007	-0.0015
6.34081e-007	-0.002125
6.34581e-007	-0.0011875
6.35081e-007	-0.000875
6.35581e-007	-0.000875
6.36081e-007	-0.000875
6.36581e-007	-0.0005625
6.37081e-007	-0.0015
6.37581e-007	-0.0024375
6.38081e-007	-0.002125
6.38581e-007	-0.0015
6.39081e-007	-0.0024375
6.39581e-007	-0.00275
6.40081e-007	-0.002125
6.40581e-007	-0.00275
6.41081e-007	-0.0024375
6.41581e-007	-0.003375
6.42081e-007	-0.0024375
6.42581e-007	-0.0015
6.43081e-007	-0.0018125
6.43581e-007	-0.0018125
6.44081e-007	-0.0015
6.44581e-007	-0.0011875
6.45081e-007	-0.000875
6.45581e-007	-0.0011875
6.46081e-007	-0.0011875
6.46581e-007	-0.0024375
6.47081e-007	-0.002125
6.47581e-007	-0.0024375
6.48081e-007	-0.0024375
6.48581e-007	-0.0018125
6.49081e-007	-0.0024375
6.49581e-007	-0.002125
6.50081e-007	-0.0030625
6.50581e-007	-0.0030625
6.51081e-007	-0.002125
6.51581e-007	-0.0015
6.52081e-007	-0.002125
6.52581e-007	-0.0024375
6.53081e-007	-0.002125
6.53581e-007	-0.0011875
6.54081e-007	-0.0018125
6.54581e-007	-0.000875
6.55081e-007	-0.0015
6.55581e-007	-0.0005625
6.56081e-007	-0.0011875
6.56581e-007	-0.0018125
6.57081e-007	-0.0018125
6.57581e-007	-0.0018125
6.58081e-007	-0.0030625
6.58581e-007	-0.0030625
6.59081e-007	-0.0024375
6.59581e-007	-0.002125
6.60081e-007	-0.00275
6.60581e-007	-0.0024375
6.61081e-007	-0.002125
6.61581e-007	-0.0015
6.62081e-007	-0.000875
6.62581e-007	-0.0011875
6.63081e-007	-0.0015
6.63581e-007	-0.0011875
6.64081e-007	-0.000875
6.64581e-007	-0.0015
6.65081e-007	-0.0011875
6.65581e-007	-0.000875
6.66081e-007	-0.0011875
6.66581e-007	-0.00275
6.67081e-007	-0.0024375
6.67581e-007	-0.0030625
6.68081e-007	-0.003375
6.68581e-007	-0.0030625
6.69081e-007	-0.0024375
6.69581e-007	-0.0024375
6.70081e-007	-0.0024375
6.70581e-007	-0.0030625
6.71081e-007	-0.0018125
6.71581e-007	-0.0011875
6.72081e-007	-0.000875
6.72581e-007	-0.000875
6.73081e-007	-0.000875
6.73581e-007	-0.000875
6.74081e-007	-0.000875
6.74581e-007	6.25e-005
6.75081e-007	-0.000875
6.75581e-007	-0.0015
6.76081e-007	-0.002125
6.76581e-007	-0.0018125
6.77081e-007	-0.0024375
6.77581e-007	-0.0030625
6.78081e-007	-0.0036875
6.78581e-007	-0.0030625
6.79081e-007	-0.0030625
6.79581e-007	-0.0030625
6.80081e-007	-0.0030625
6.80581e-007	-0.00275
6.81081e-007	-0.0015
6.81581e-007	-0.0011875
6.82081e-007	-0.0005625
6.82581e-007	-0.000875
6.83081e-007	-0.0005625
6.83581e-007	-0.00025
6.84081e-007	-0.00025
6.84581e-007	-0.0011875
6.85081e-007	-0.0018125
6.85581e-007	-0.0024375
6.86081e-007	-0.0024375
6.86581e-007	-0.003375
6.87081e-007	-0.0030625
6.87581e-007	-0.003375
6.88081e-007	-0.003375
6.88581e-007	-0.0043125
6.89081e-007	-0.0030625
6.89581e-007	-0.00275
6.90081e-007	-0.00275
6.90581e-007	-0.0015
6.91081e-007	-0.0018125
6.91581e-007	-0.0015
6.92081e-007	-0.0005625
6.92581e-007	-0.0005625
6.93081e-007	-0.000875
6.93581e-007	-0.00025
6.94081e-007	-0.0005625
6.94581e-007	-0.0005625
6.95081e-007	-0.0015
6.95581e-007	-0.0018125
6.96081e-007	-0.002125
6.96581e-007	-0.002125
6.97081e-007	-0.00275
6.97581e-007	-0.0030625
6.98081e-007	-0.0036875
6.98581e-007	-0.003375
6.99081e-007	-0.003375
6.99581e-007	-0.0030625
7.00081e-007	-0.00275
7.00581e-007	-0.0018125
7.01081e-007	-0.0011875
7.01581e-007	-0.0005625
7.02081e-007	-0.000875
7.02581e-007	-0.0005625
7.03081e-007	-0.00025
7.03581e-007	-0.0005625
7.04081e-007	-0.000875
7.04581e-007	-0.0018125
7.05081e-007	-0.0018125
7.05581e-007	-0.0024375
7.06081e-007	-0.0024375
7.06581e-007	-0.0024375
7.07081e-007	-0.00275
7.07581e-007	-0.0030625
7.08081e-007	-0.0024375
7.08581e-007	-0.00275
7.09081e-007	-0.0024375
7.09581e-007	-0.0024375
7.10081e-007	-0.002125
7.10581e-007	-0.0018125
7.11081e-007	-0.0018125
7.11581e-007	-0.0011875
7.12081e-007	-0.0005625
7.12581e-007	-0.0005625
7.13081e-007	-0.0005625
7.13581e-007	-0.00025
7.14081e-007	-0.00025
7.14581e-007	-0.0011875
7.15081e-007	-0.002125
7.15581e-007	-0.0024375
7.16081e-007	-0.00275
7.16581e-007	-0.002125
7.17081e-007	-0.0024375
7.17581e-007	-0.00275
7.18081e-007	-0.0024375
7.18581e-007	-0.0024375
7.19081e-007	-0.00275
7.19581e-007	-0.0024375
7.20081e-007	-0.0018125
7.20581e-007	-0.0015
7.21081e-007	-0.002125
7.21581e-007	-0.0005625
7.22081e-007	-0.00025
7.22581e-007	-0.000875
7.23081e-007	-0.0005625
7.23581e-007	-0.000875
7.24081e-007	-0.0018125
7.24581e-007	-0.0018125
7.25081e-007	-0.002125
7.25581e-007	-0.0024375
7.26081e-007	-0.0018125
7.26581e-007	-0.0018125
7.27081e-007	-0.00275
7.27581e-007	-0.00275
7.28081e-007	-0.0024375
7.28581e-007	-0.0024375
7.29081e-007	-0.002125
7.29581e-007	-0.0018125
7.30081e-007	-0.0015
7.30581e-007	-0.0011875
7.31081e-007	-0.0011875
7.31581e-007	-0.0011875
7.32081e-007	-0.0011875
7.32581e-007	-0.0015
7.33081e-007	-0.0018125
7.33581e-007	-0.0018125
7.34081e-007	-0.0011875
7.34581e-007	-0.0018125
7.35081e-007	-0.0024375
7.35581e-007	-0.0024375
7.36081e-007	-0.0030625
7.36581e-007	-0.0024375
7.37081e-007	-0.00275
7.37581e-007	-0.002125
7.38081e-007	-0.0015
7.38581e-007	-0.0018125
7.39081e-007	-0.0018125
7.39581e-007	-0.0011875
7.40081e-007	-0.002125
7.40581e-007	-0.0018125
7.41081e-007	-0.0011875
7.41581e-007	-0.0011875
7.42081e-007	-0.0011875
7.42581e-007	-0.0011875
7.43081e-007	-0.0011875
7.43581e-007	-0.0011875
7.44081e-007	-0.0015
7.44581e-007	-0.0024375
7.45081e-007	-0.0030625
7.45581e-007	-0.00275
7.46081e-007	-0.002125
7.46581e-007	-0.0018125
7.47081e-007	-0.0024375
7.47581e-007	-0.002125
7.48081e-007	-0.002125
7.48581e-007	-0.0024375
7.49081e-007	-0.0018125
7.49581e-007	-0.0018125
7.50081e-007	-0.0015
7.50581e-007	-0.0011875
7.51081e-007	-0.000875
7.51581e-007	-0.000875
7.52081e-007	-0.002125
7.52581e-007	-0.002125
7.53081e-007	-0.0018125
7.53581e-007	-0.0018125
7.54081e-007	-0.0015
7.54581e-007	-0.0024375
7.55081e-007	-0.0024375
7.55581e-007	-0.0024375
7.56081e-007	-0.0018125
7.56581e-007	-0.0015
7.57081e-007	-0.0024375
7.57581e-007	-0.00275
7.58081e-007	-0.0018125
7.58581e-007	-0.0015
7.59081e-007	-0.0011875
7.59581e-007	-0.0011875
7.60081e-007	-0.0018125
7.60581e-007	-0.0011875
7.61081e-007	-0.0011875
7.61581e-007	-0.000875
7.62081e-007	-0.002125
7.62581e-007	-0.0015
7.63081e-007	-0.0018125
7.63581e-007	-0.0018125
7.64081e-007	-0.0018125
7.64581e-007	-0.0024375
7.65081e-007	-0.0015
7.65581e-007	-0.0018125
7.66081e-007	-0.00275
7.66581e-007	-0.0024375
7.67081e-007	-0.0018125
7.67581e-007	-0.0011875
7.68081e-007	-0.002125
7.68581e-007	-0.00275
7.69081e-007	-0.0018125
7.69581e-007	-0.0011875
7.70081e-007	-0.000875
7.70581e-007	-0.0018125
7.71081e-007	-0.0015
7.71581e-007	-0.0018125
7.72081e-007	-0.002125
7.72581e-007	-0.0015
7.73081e-007	-0.0018125
7.73581e-007	-0.002125
7.74081e-007	-0.0018125
7.74581e-007	-0.002125
7.75081e-007	-0.0018125
7.75581e-007	-0.002125
7.76081e-007	-0.0018125
7.76581e-007	-0.0015
7.77081e-007	-0.0015
7.77581e-007	-0.0015
7.78081e-007	-0.002125
7.78581e-007	-0.0024375
7.79081e-007	-0.002125
7.79581e-007	-0.0015
7.80081e-007	-0.0015
7.80581e-007	-0.0011875
7.81081e-007	-0.0015
7.81581e-007	-0.0018125
7.82081e-007	-0.0024375
7.82581e-007	-0.0018125
7.83081e-007	-0.0018125
7.83581e-007	-0.002125
7.84081e-007	-0.002125
7.84581e-007	-0.0015
7.85081e-007	-0.0018125
7.85581e-007	-0.0018125
7.86081e-007	-0.002125
7.86581e-007	-0.002125
7.87081e-007	-0.0018125
7.87581e-007	-0.0018125
7.88081e-007	-0.002125
7.88581e-007	-0.0011875
7.89081e-007	-0.0018125
7.89581e-007	-0.0018125
7.90081e-007	-0.0015
7.90581e-007	-0.0011875
7.91081e-007	-0.000875
7.91581e-007	-0.002125
7.92081e-007	-0.0024375
7.92581e-007	-0.0018125
7.93081e-007	-0.0018125
7.93581e-007	-0.0018125
7.94081e-007	-0.0018125
7.94581e-007	-0.0011875
7.95081e-007	-0.0018125
7.95581e-007	-0.0018125
7.96081e-007	-0.0011875
7.96581e-007	-0.002125
7.97081e-007	-0.0018125
7.97581e-007	-0.0015
7.98081e-007	-0.0018125
7.98581e-007	-0.0011875
7.99081e-007	-0.002125
7.99581e-007	-0.0011875
8.00081e-007	-0.0018125
8.00581e-007	-0.0015
8.01081e-007	-0.0011875
8.01581e-007	-0.0018125
8.02081e-007	-0.002125
8.02581e-007	-0.002125
8.03081e-007	-0.002125
8.03581e-007	-0.0018125
8.04081e-007	-0.0018125
8.04581e-007	-0.0011875
8.05081e-007	-0.0018125
8.05581e-007	-0.0011875
8.06081e-007	-0.000875
8.06581e-007	-0.000875
8.07081e-007	-0.0015
8.07581e-007	-0.00275
8.08081e-007	-0.0018125
8.08581e-007	-0.0011875
8.09081e-007	-0.0018125
8.09581e-007	-0.0018125
8.10081e-007	-0.002125
8.10581e-007	-0.0011875
8.11081e-007	-0.0011875
8.11581e-007	-0.002125
8.12081e-007	-0.0011875
8.12581e-007	-0.0018125
8.13081e-007	-0.0018125
8.13581e-007	-0.0011875
8.14081e-007	-0.0011875
8.14581e-007	-0.0015
8.15081e-007	-0.002125
8.15581e-007	-0.0015
8.16081e-007	-0.0015
8.16581e-007	-0.0018125
8.17081e-007	-0.0011875
8.17581e-007	-0.0018125
8.18081e-007	-0.0024375
8.18581e-007	-0.0018125
8.19081e-007	-0.0018125
8.19581e-007	-0.0015
8.20081e-007	-0.002125
8.20581e-007	-0.0015
8.21081e-007	-0.0011875
8.21581e-007	-0.0011875
8.22081e-007	-0.0018125
8.22581e-007	-0.002125
8.23081e-007	-0.0015
8.23581e-007	-0.0015
8.24081e-007	-0.0015
8.24581e-007	-0.0015
8.25081e-007	-0.0024375
8.25581e-007	-0.000875
8.26081e-007	-0.0015
8.26581e-007	-0.0015
8.27081e-007	-0.0011875
8.27581e-007	-0.0018125
8.28081e-007	-0.0024375
8.28581e-007	-0.002125
8.29081e-007	-0.0018125
8.29581e-007	-0.0015
8.30081e-007	-0.002125
8.30581e-007	-0.0005625
8.31081e-007	-0.000875
8.31581e-007	-0.0015
8.32081e-007	-0.0015
8.32581e-007	-0.0011875
8.33081e-007	-0.000875
8.33581e-007	-0.0015
8.34081e-007	-0.0011875
8.34581e-007	-0.000875
8.35081e-007	-0.0015
8.35581e-007	-0.0015
8.36081e-007	-0.0011875
8.36581e-007	-0.0018125
8.37081e-007	-0.000875
8.37581e-007	-0.002125
8.38081e-007	-0.00275
8.38581e-007	-0.00275
8.39081e-007	-0.0015
8.39581e-007	-0.000875
8.40081e-007	-0.0015
8.40581e-007	-0.0018125
8.41081e-007	-0.0024375
8.41581e-007	-0.0018125
8.42081e-007	-0.0015
8.42581e-007	-0.0015
8.43081e-007	-0.000875
8.43581e-007	-0.000875
8.44081e-007	-0.0018125
8.44581e-007	-0.0015
8.45081e-007	-0.0015
8.45581e-007	-0.000875
8.46081e-007	-0.0018125
8.46581e-007	-0.0011875
8.47081e-007	-0.0011875
8.47581e-007	-0.0018125
8.48081e-007	-0.002125
8.48581e-007	-0.0024375
8.49081e-007	-0.002125
8.49581e-007	-0.0018125
8.50081e-007	-0.002125
8.50581e-007	-0.0018125
8.51081e-007	-0.0018125
8.51581e-007	-0.0015
8.52081e-007	-0.0011875
8.52581e-007	-0.0015
8.53081e-007	-0.0011875
8.53581e-007	-0.000875
8.54081e-007	-0.0015
8.54581e-007	-0.0011875
8.55081e-007	-0.0005625
8.55581e-007	-0.0005625
8.56081e-007	-0.000875
8.56581e-007	-0.0015
8.57081e-007	-0.0011875
8.57581e-007	-0.0015
8.58081e-007	-0.0015
8.58581e-007	-0.0018125
8.59081e-007	-0.002125
8.59581e-007	-0.0024375
8.60081e-007	-0.002125
8.60581e-007	-0.0018125
8.61081e-007	-0.002125
8.61581e-007	-0.0018125
8.62081e-007	-0.0011875
8.62581e-007	-0.0018125
8.63081e-007	-0.0015
8.63581e-007	-0.0005625
8.64081e-007	-0.000875
8.64581e-007	-0.0011875
8.65081e-007	-0.0018125
8.65581e-007	-0.000875
8.66081e-007	-0.0011875
8.66581e-007	-0.000875
8.67081e-007	-0.000875
8.67581e-007	-0.0015
8.68081e-007	-0.0011875
8.68581e-007	-0.0015
8.69081e-007	-0.002125
8.69581e-007	-0.0018125
8.70081e-007	-0.0024375
8.70581e-007	-0.0011875
8.71081e-007	-0.0018125
8.71581e-007	-0.0015
8.72081e-007	-0.002125
8.72581e-007	-0.002125
8.73081e-007	-0.0015
8.73581e-007	-0.0015
8.74081e-007	-0.0011875
8.74581e-007	-0.0005625
8.75081e-007	-0.000875
8.75581e-007	-0.0005625
8.76081e-007	-0.000875
8.76581e-007	-0.0011875
8.77081e-007	-0.0005625
8.77581e-007	-0.000875
8.78081e-007	-0.000875
8.78581e-007	-0.0011875
8.79081e-007	-0.0015
8.79581e-007	-0.0015
8.80081e-007	-0.002125
8.80581e-007	-0.0018125
8.81081e-007	-0.0018125
8.81581e-007	-0.0015
8.82081e-007	-0.0018125
8.82581e-007	-0.0018125
8.83081e-007	-0.0005625
8.83581e-007	-0.0005625
8.84081e-007	-0.0011875
8.84581e-007	-0.0018125
8.85081e-007	-0.0018125
8.85581e-007	-0.000875
8.86081e-007	-0.000875
8.86581e-007	-0.0005625
8.87081e-007	-0.000875
8.87581e-007	-0.0011875
8.88081e-007	-0.000875
8.88581e-007	-0.0011875
8.89081e-007	-0.0015
8.89581e-007	-0.000875
8.90081e-007	-0.0011875
8.90581e-007	-0.0015
8.91081e-007	-0.002125
8.91581e-007	-0.000875
8.92081e-007	-0.0018125
8.92581e-007	-0.002125
8.93081e-007	-0.0015
8.93581e-007	-0.0018125
8.94081e-007	-0.0011875
8.94581e-007	-0.0018125
8.95081e-007	-0.0018125
8.95581e-007	-0.000875
8.96081e-007	-0.0011875
8.96581e-007	-0.0011875
8.97081e-007	-0.000875
8.97581e-007	-0.0005625
8.98081e-007	-0.000875
8.98581e-007	-0.00025
8.99081e-007	6.25e-005
8.99581e-007	-0.0011875
9.00081e-007	-0.000875
9.00581e-007	-0.000875
9.01081e-007	-0.0011875
9.01581e-007	-0.000875
9.02081e-007	-0.0011875
9.02581e-007	-0.0011875
9.03081e-007	-0.0015
9.03581e-007	-0.002125
9.04081e-007	-0.0015
9.04581e-007	-0.0024375
9.05081e-007	-0.0024375
9.05581e-007	-0.0024375
9.06081e-007	-0.0018125
9.06581e-007	-0.000875
9.07081e-007	-0.0011875
9.07581e-007	-0.0005625
9.08081e-007	-0.00025
9.08581e-007	-0.0005625
9.09081e-007	-0.000875
9.09581e-007	-0.000875
9.10081e-007	-0.0005625
9.10581e-007	-0.0011875
9.11081e-007	-0.0015
9.11581e-007	-0.000875
9.12081e-007	-0.000875
9.12581e-007	-0.00025
9.13081e-007	-0.0018125
9.13581e-007	-0.0024375
9.14081e-007	-0.0018125
9.14581e-007	-0.0011875
9.15081e-007	-0.0015
9.15581e-007	-0.0018125
9.16081e-007	-0.0024375
9.16581e-007	-0.0015
9.17081e-007	-0.0011875
9.17581e-007	-0.000875
9.18081e-007	-0.000875
9.18581e-007	-0.000875
9.19081e-007	-0.000875
9.19581e-007	-0.000875
9.20081e-007	-0.00025
9.20581e-007	6.25e-005
9.21081e-007	6.25e-005
9.21581e-007	-0.000875
9.22081e-007	-0.0015
9.22581e-007	-0.0011875
9.23081e-007	-0.0011875
9.23581e-007	-0.0011875
9.24081e-007	-0.0015
9.24581e-007	-0.002125
9.25081e-007	-0.0024375
9.25581e-007	-0.0018125
9.26081e-007	-0.0011875
9.26581e-007	-0.0015
9.27081e-007	-0.0011875
9.27581e-007	-0.000875
9.28081e-007	-0.000875
9.28581e-007	-0.0005625
9.29081e-007	-0.0005625
9.29581e-007	-0.00025
9.30081e-007	-0.000875
9.30581e-007	-0.0011875
9.31081e-007	-0.0005625
9.31581e-007	-0.000875
9.32081e-007	-0.0011875
9.32581e-007	-0.0011875
9.33081e-007	-0.0011875
9.33581e-007	-0.0011875
9.34081e-007	-0.0015
9.34581e-007	-0.0015
9.35081e-007	-0.0018125
9.35581e-007	-0.0018125
9.36081e-007	-0.0024375
9.36581e-007	-0.0015
9.37081e-007	-0.0005625
9.37581e-007	-0.0011875
9.38081e-007	-0.0015
9.38581e-007	-0.000875
9.39081e-007	-0.00025
9.39581e-007	6.25e-005
9.40081e-007	-0.000875
9.40581e-007	-0.00025
9.41081e-007	-0.000875
9.41581e-007	-0.0011875
9.42081e-007	-0.000875
9.42581e-007	-0.0015
9.43081e-007	-0.0018125
9.43581e-007	-0.0018125
9.44081e-007	-0.0015
9.44581e-007	-0.0015
9.45081e-007	-0.0015
9.45581e-007	-0.0011875
9.46081e-007	-0.0011875
9.46581e-007	-0.0015
9.47081e-007	-0.0005625
9.47581e-007	-0.0011875
9.48081e-007	-0.0005625
9.48581e-007	-0.0005625
9.49081e-007	-0.000875
9.49581e-007	-0.000875
9.50081e-007	-0.0018125
9.50581e-007	-0.000875
9.51081e-007	-0.0015
9.51581e-007	-0.0015
9.52081e-007	-0.000875
9.52581e-007	-0.0015
9.53081e-007	-0.000875
9.53581e-007	-0.0018125
9.54081e-007	-0.0015
9.54581e-007	-0.0011875
9.55081e-007	-0.0018125
9.55581e-007	-0.0011875
9.56081e-007	-0.0005625
9.56581e-007	-0.00025
9.57081e-007	-0.000875
9.57581e-007	-0.002125
9.58081e-007	-0.000875
9.58581e-007	-0.000875
9.59081e-007	-0.0011875
9.59581e-007	-0.000875
9.60081e-007	-0.0015
9.60581e-007	-0.000875
9.61081e-007	-0.0018125
9.61581e-007	-0.002125
9.62081e-007	-0.0011875
9.62581e-007	-0.0015
9.63081e-007	-0.000875
9.63581e-007	-0.0011875
9.64081e-007	-0.0015
9.64581e-007	-0.0011875
9.65081e-007	-0.000875
9.65581e-007	-0.0005625
9.66081e-007	-0.0005625
9.66581e-007	6.25e-005
9.67081e-007	-0.0011875
9.67581e-007	-0.000875
9.68081e-007	-0.00025
9.68581e-007	-0.000875
9.69081e-007	-0.0015
9.69581e-007	-0.0011875
9.70081e-007	-0.0018125
9.70581e-007	-0.0015
9.71081e-007	-0.0018125
9.71581e-007	-0.0018125
9.72081e-007	-0.002125
9.72581e-007	-0.0018125
9.73081e-007	-0.0018125
9.73581e-007	-0.0015
9.74081e-007	-0.000875
9.74581e-007	-0.0015
9.75081e-007	-0.0015
9.75581e-007	-0.00025
9.76081e-007	0.000375
9.76581e-007	-0.0005625
9.77081e-007	-0.0005625
9.77581e-007	0.000375
9.78081e-007	6.25e-005
9.78581e-007	-0.0005625
9.79081e-007	-0.0005625
9.79581e-007	-0.0011875
9.80081e-007	-0.0011875
9.80581e-007	-0.0018125
9.81081e-007	-0.0015
9.81581e-007	-0.0018125
9.82081e-007	-0.0024375
9.82581e-007	-0.002125
9.83081e-007	-0.0018125
9.83581e-007	-0.0015
9.84081e-007	-0.0015
9.84581e-007	-0.000875
9.85081e-007	-0.00025
9.85581e-007	-0.000875
9.86081e-007	-0.00025
9.86581e-007	0.000375
9.87081e-007	-0.00025
9.87581e-007	6.25e-005
9.88081e-007	6.25e-005
9.88581e-007	-0.00025
9.89081e-007	-0.000875
9.89581e-007	-0.0011875
9.90081e-007	-0.0011875
9.90581e-007	-0.0011875
9.91081e-007	-0.002125
9.91581e-007	-0.0024375
9.92081e-007	-0.002125
9.92581e-007	-0.0015
9.93081e-007	-0.0018125
9.93581e-007	-0.000875
9.94081e-007	-0.000875
9.94581e-007	-0.0011875
9.95081e-007	-0.0005625
9.95581e-007	-0.000875
9.96081e-007	-0.00025
9.96581e-007	-0.0005625
9.97081e-007	-0.00025
9.97581e-007	-0.00025
9.98081e-007	-0.0011875
9.98581e-007	-0.0005625
9.99081e-007	-0.0011875
9.99581e-007	-0.0011875
1.000081e-006	-0.0011875
1.000581e-006	-0.002125
1.001081e-006	-0.000875
1.001581e-006	-0.0015
1.002081e-006	-0.0018125
1.002581e-006	-0.0011875
1.003081e-006	-0.0015
1.003581e-006	-0.0005625
1.004081e-006	-0.000875
1.004581e-006	-0.0011875
1.005081e-006	-0.0005625
1.005581e-006	-0.0011875
1.006081e-006	-0.0005625
1.006581e-006	-0.000875
1.007081e-006	-0.0005625
1.007581e-006	-0.0005625
1.008081e-006	-0.0011875
1.008581e-006	-0.000875
1.009081e-006	-0.002125
1.009581e-006	-0.0005625
1.010081e-006	-0.00025
1.010581e-006	-0.0011875
1.011081e-006	-0.0005625
1.011581e-006	-0.0011875
1.012081e-006	-0.0018125
1.012581e-006	-0.0011875
1.013081e-006	-0.0015
1.013581e-006	-0.0005625
1.014081e-006	-0.0011875
1.014581e-006	-0.000875
1.015081e-006	-0.0011875
1.015581e-006	-0.0005625
1.016081e-006	0.0006875
1.016581e-006	-0.000875
1.017081e-006	-0.0011875
1.017581e-006	-0.0005625
1.018081e-006	-0.0011875
1.018581e-006	-0.0011875
1.019081e-006	-0.0011875
1.019581e-006	-0.000875
1.020081e-006	-0.000875
1.020581e-006	-0.0005625
1.021081e-006	-0.00025
1.021581e-006	-0.000875
1.022081e-006	-0.0005625
1.022581e-006	-0.0005625
1.023081e-006	-0.0011875
1.023581e-006	-0.0005625
1.024081e-006	-0.0005625
1.024581e-006	-0.0005625
1.025081e-006	-0.0005625
1.025581e-006	-0.0005625
1.026081e-006	-0.00025
1.026581e-006	-0.000875
1.027081e-006	-0.0005625
1.027581e-006	-0.000875
1.028081e-006	-0.0011875
1.028581e-006	-0.0018125
1.029081e-006	-0.002125
1.029581e-006	-0.0011875
1.030081e-006	-0.0011875
1.030581e-006	-0.0011875
1.031081e-006	-0.0005625
1.031581e-006	-0.000875
1.032081e-006	-0.00025
1.032581e-006	6.25e-005
1.033081e-006	-0.0005625
1.033581e-006	-0.0005625
1.034081e-006	-0.000875
1.034581e-006	-0.000875
1.035081e-006	-0.0011875
1.035581e-006	-0.0005625
1.036081e-006	-0.000875
1.036581e-006	-0.000875
1.037081e-006	-0.0015
1.037581e-006	-0.0011875
1.038081e-006	-0.0011875
1.038581e-006	-0.0011875
1.039081e-006	-0.0015
1.039581e-006	-0.000875
1.040081e-006	-0.000875
1.040581e-006	-0.0005625
1.041081e-006	-0.0005625
1.041581e-006	-0.00025
1.042081e-006	-0.0005625
1.042581e-006	-0.00025
1.043081e-006	-0.00025
1.043581e-006	-0.000875
1.044081e-006	-0.0005625
1.044581e-006	-0.000875
1.045081e-006	-0.0018125
1.045581e-006	-0.0015
1.046081e-006	-0.000875
1.046581e-006	-0.0015
1.047081e-006	-0.0011875
1.047581e-006	-0.0011875
1.048081e-006	-0.0011875
1.048581e-006	-0.0018125
1.049081e-006	-0.0015
1.049581e-006	-0.0005625
1.050081e-006	-0.00025
1.050581e-006	-0.00025
1.051081e-006	-0.00025
1.051581e-006	6.25e-005
1.052081e-006	0.000375
1.052581e-006	-0.00025
1.053081e-006	6.25e-005
1.053581e-006	6.25e-005
1.054081e-006	-0.000875
1.054581e-006	-0.000875
1.055081e-006	-0.0015
1.055581e-006	-0.0011875
1.056081e-006	-0.0015
1.056581e-006	-0.0011875
1.057081e-006	-0.0015
1.057581e-006	-0.0018125
1.058081e-006	-0.0011875
1.058581e-006	-0.0005625
1.059081e-006	-0.000875
1.059581e-006	6.25e-005
1.060081e-006	6.25e-005
1.060581e-006	-0.00025
1.061081e-006	-0.00025
1.061581e-006	0.000375
1.062081e-006	-0.0005625
1.062581e-006	-0.0005625
1.063081e-006	-0.000875
1.063581e-006	-0.000875
1.064081e-006	-0.0015
1.064581e-006	-0.0015
1.065081e-006	-0.0011875
1.065581e-006	-0.0015
1.066081e-006	-0.002125
1.066581e-006	-0.002125
1.067081e-006	-0.0015
1.067581e-006	-0.0011875
1.068081e-006	-0.000875
1.068581e-006	-0.00025
1.069081e-006	0.000375
1.069581e-006	0.000375
1.070081e-006	-0.0005625
1.070581e-006	-0.0005625
1.071081e-006	0.000375
1.071581e-006	0.000375
1.072081e-006	6.25e-005
1.072581e-006	-0.000875
1.073081e-006	-0.0005625
1.073581e-006	-0.000875
1.074081e-006	-0.0011875
1.074581e-006	-0.0015
1.075081e-006	-0.0024375
1.075581e-006	-0.0018125
1.076081e-006	-0.002125
1.076581e-006	-0.0018125
1.077081e-006	-0.0005625
1.077581e-006	-0.0011875
1.078081e-006	-0.0011875
1.078581e-006	-0.0005625
1.079081e-006	-0.000875
1.079581e-006	0.000375
1.080081e-006	0.000375
1.080581e-006	0.000375
1.081081e-006	-0.00025
1.081581e-006	-0.00025
1.082081e-006	-0.00025
1.082581e-006	-0.0005625
1.083081e-006	-0.0005625
1.083581e-006	-0.0018125
1.084081e-006	-0.0018125
1.084581e-006	-0.0011875
1.085081e-006	-0.0024375
1.085581e-006	-0.0018125
1.086081e-006	-0.002125
1.086581e-006	-0.0018125
1.087081e-006	-0.0015
1.087581e-006	-0.0011875
1.088081e-006	6.25e-005
1.088581e-006	6.25e-005
1.089081e-006	0.000375
1.089581e-006	0.0006875
1.090081e-006	0.000375
1.090581e-006	0.0013125
1.091081e-006	-0.00025
1.091581e-006	6.25e-005
1.092081e-006	0.000375
1.092581e-006	-0.000875
1.093081e-006	-0.000875
1.093581e-006	-0.0015
1.094081e-006	-0.0015
1.094581e-006	-0.002125
1.095081e-006	-0.002125
1.095581e-006	-0.0011875
1.096081e-006	-0.0015
1.096581e-006	-0.0011875
1.097081e-006	-0.0005625
1.097581e-006	-0.00025
1.098081e-006	6.25e-005
1.098581e-006	-0.0005625
1.099081e-006	0.000375
1.099581e-006	0.001
1.100081e-006	0.001
1.100581e-006	0.000375
1.101081e-006	6.25e-005
1.101581e-006	0.000375
1.102081e-006	-0.000875
1.102581e-006	-0.0011875
1.103081e-006	-0.000875
1.103581e-006	-0.0011875
1.104081e-006	-0.002125
1.104581e-006	-0.002125
1.105081e-006	-0.0015
1.105581e-006	-0.0011875
1.106081e-006	-0.0015
1.106581e-006	-0.00025
1.107081e-006	-0.0011875
1.107581e-006	-0.0005625
1.108081e-006	0.001
1.108581e-006	0.000375
1.109081e-006	0.001
1.109581e-006	0.0006875
1.110081e-006	6.25e-005
1.110581e-006	6.25e-005
1.111081e-006	-0.00025
1.111581e-006	-0.0005625
1.112081e-006	-0.0011875
1.112581e-006	-0.0011875
1.113081e-006	-0.0011875
1.113581e-006	-0.0018125
1.114081e-006	-0.0011875
1.114581e-006	-0.0018125
1.115081e-006	-0.0015
1.115581e-006	-0.0015
1.116081e-006	-0.0015
1.116581e-006	-0.0005625
1.117081e-006	-0.00025
1.117581e-006	6.25e-005
1.118081e-006	0.000375
1.118581e-006	0.0006875
1.119081e-006	0.0006875
1.119581e-006	6.25e-005
1.120081e-006	0.000375
1.120581e-006	6.25e-005
1.121081e-006	-0.00025
1.121581e-006	-0.000875
1.122081e-006	-0.0015
1.122581e-006	-0.0011875
1.123081e-006	-0.002125
1.123581e-006	-0.002125
1.124081e-006	-0.0024375
1.124581e-006	-0.0015
1.125081e-006	-0.0011875
1.125581e-006	-0.0015
1.126081e-006	-0.0005625
1.126581e-006	6.25e-005
1.127081e-006	-0.0005625
1.127581e-006	0.001
1.128081e-006	0.001
1.128581e-006	0.000375
1.129081e-006	0.0006875
1.129581e-006	0.0006875
1.130081e-006	0.0006875
1.130581e-006	6.25e-005
1.131081e-006	6.25e-005
1.131581e-006	-0.0005625
1.132081e-006	-0.0015
1.132581e-006	-0.0015
1.133081e-006	-0.0015
1.133581e-006	-0.0018125
1.134081e-006	-0.002125
1.134581e-006	-0.0018125
1.135081e-006	-0.0015
1.135581e-006	-0.000875
1.136081e-006	6.25e-005
1.136581e-006	0.000375
1.137081e-006	0.0006875
1.137581e-006	0.001
1.138081e-006	0.0006875
1.138581e-006	0.0006875
1.139081e-006	0.0006875
1.139581e-006	0.000375
1.140081e-006	6.25e-005
1.140581e-006	-0.0005625
1.141081e-006	-0.00025
1.141581e-006	-0.000875
1.142081e-006	-0.0011875
1.142581e-006	-0.000875
1.143081e-006	-0.0011875
1.143581e-006	-0.0015
1.144081e-006	-0.0018125
1.144581e-006	-0.0018125
1.145081e-006	-0.0015
1.145581e-006	-0.00025
1.146081e-006	0.000375
1.146581e-006	-0.00025
1.147081e-006	6.25e-005
1.147581e-006	0.0006875
1.148081e-006	0.0006875
1.148581e-006	0.001
1.149081e-006	0.001
1.149581e-006	0.001
1.150081e-006	0.000375
1.150581e-006	-0.0005625
1.151081e-006	-0.00025
1.151581e-006	-0.000875
1.152081e-006	-0.0011875
1.152581e-006	-0.0018125
1.153081e-006	-0.002125
1.153581e-006	-0.0018125
1.154081e-006	-0.0018125
1.154581e-006	-0.0018125
1.155081e-006	-0.0011875
1.155581e-006	-0.000875
1.156081e-006	-0.0005625
1.156581e-006	6.25e-005
1.157081e-006	0.001
1.157581e-006	0.000375
1.158081e-006	0.0006875
1.158581e-006	0.0006875
1.159081e-006	0.000375
1.159581e-006	0.0006875
1.160081e-006	0.000375
1.160581e-006	0.0006875
1.161081e-006	-0.00025
1.161581e-006	-0.00025
1.162081e-006	-0.0011875
1.162581e-006	-0.002125
1.163081e-006	-0.002125
1.163581e-006	-0.0018125
1.164081e-006	-0.0015
1.164581e-006	-0.0018125
1.165081e-006	-0.0018125
1.165581e-006	-0.0015
1.166081e-006	-0.000875
1.166581e-006	-0.0005625
1.167081e-006	6.25e-005
1.167581e-006	6.25e-005
1.168081e-006	6.25e-005
1.168581e-006	6.25e-005
1.169081e-006	0.0013125
1.169581e-006	0.0013125
1.170081e-006	0.0013125
1.170581e-006	0.001
1.171081e-006	6.25e-005
1.171581e-006	-0.0005625
1.172081e-006	-0.0011875
1.172581e-006	-0.0005625
1.173081e-006	-0.000875
1.173581e-006	-0.0011875
1.174081e-006	-0.0011875
1.174581e-006	-0.0015
1.175081e-006	-0.0018125
1.175581e-006	-0.0015
1.176081e-006	-0.000875
1.176581e-006	6.25e-005
1.177081e-006	-0.0005625
1.177581e-006	6.25e-005
1.178081e-006	-0.00025
1.178581e-006	-0.00025
1.179081e-006	0.0013125
1.179581e-006	0.0006875
1.180081e-006	-0.00025
1.180581e-006	6.25e-005
1.181081e-006	0.000375
1.181581e-006	6.25e-005
1.182081e-006	-0.000875
1.182581e-006	-0.0005625
1.183081e-006	-0.0011875
1.183581e-006	-0.0018125
1.184081e-006	-0.002125
1.184581e-006	-0.0018125
1.185081e-006	-0.000875
1.185581e-006	-0.000875
1.186081e-006	-0.000875
1.186581e-006	-0.0005625
1.187081e-006	6.25e-005
1.187581e-006	-0.00025
1.188081e-006	-0.0005625
1.188581e-006	0.000375
1.189081e-006	0.001
1.189581e-006	0.000375
1.190081e-006	0.000375
1.190581e-006	6.25e-005
1.191081e-006	0.000375
1.191581e-006	0.000375
1.192081e-006	-0.0011875
1.192581e-006	-0.000875
1.193081e-006	-0.0005625
1.193581e-006	-0.0005625
1.194081e-006	-0.000875
1.194581e-006	-0.0011875
1.195081e-006	-0.000875
1.195581e-006	-0.002125
1.196081e-006	-0.0015
1.196581e-006	-0.00025
1.197081e-006	-0.00025
1.197581e-006	-0.00025
1.198081e-006	0.000375
1.198581e-006	0.0006875
1.199081e-006	0.000375
1.199581e-006	6.25e-005
1.200081e-006	0.0006875
1.200581e-006	0.000375
1.201081e-006	-0.0005625
1.201581e-006	-0.0005625
1.202081e-006	-0.0005625
1.202581e-006	-0.0005625
1.203081e-006	-0.0018125
1.203581e-006	-0.0011875
1.204081e-006	-0.0015
1.204581e-006	-0.0011875
1.205081e-006	-0.0005625
1.205581e-006	-0.0011875
1.206081e-006	-0.000875
1.206581e-006	-0.0005625
1.207081e-006	-0.0005625
1.207581e-006	6.25e-005
1.208081e-006	6.25e-005
1.208581e-006	0.0006875
1.209081e-006	0.0006875
1.209581e-006	0.000375
1.210081e-006	-0.0005625
1.210581e-006	-0.00025
1.211081e-006	6.25e-005
1.211581e-006	-0.0005625
1.212081e-006	-0.000875
1.212581e-006	-0.0011875
1.213081e-006	-0.002125
1.213581e-006	-0.0015
1.214081e-006	-0.0015
1.214581e-006	-0.0015
1.215081e-006	-0.000875
1.215581e-006	-0.000875
1.216081e-006	-0.00025
1.216581e-006	-0.000875
1.217081e-006	0.0006875
1.217581e-006	0.0006875
1.218081e-006	0.0006875
1.218581e-006	0.001
1.219081e-006	0.0006875
1.219581e-006	0.000375
1.220081e-006	0.000375
1.220581e-006	6.25e-005
1.221081e-006	-0.00025
1.221581e-006	-0.0011875
1.222081e-006	-0.0005625
1.222581e-006	-0.0011875
1.223081e-006	-0.0015
1.223581e-006	-0.0011875
1.224081e-006	-0.0011875
1.224581e-006	-0.0015
1.225081e-006	-0.002125
1.225581e-006	-0.0011875
1.226081e-006	6.25e-005
1.226581e-006	6.25e-005
1.227081e-006	0.001
1.227581e-006	0.0006875
1.228081e-006	0.0006875
1.228581e-006	0.0013125
1.229081e-006	6.25e-005
1.229581e-006	0.0006875
1.230081e-006	-0.00025
1.230581e-006	-0.00025
1.231081e-006	-0.0005625
1.231581e-006	-0.000875
1.232081e-006	-0.0011875
1.232581e-006	-0.002125
1.233081e-006	-0.0018125
1.233581e-006	-0.0011875
1.234081e-006	-0.0015
1.234581e-006	-0.0015
1.235081e-006	-0.000875
1.235581e-006	-0.0005625
1.236081e-006	6.25e-005
1.236581e-006	6.25e-005
1.237081e-006	0.0013125
1.237581e-006	0.000375
1.238081e-006	0.001625
1.238581e-006	0.0025625
1.239081e-006	0.001
1.239581e-006	0.000375
1.240081e-006	6.25e-005
1.240581e-006	6.25e-005
1.241081e-006	-0.00025
1.241581e-006	-0.0011875
1.242081e-006	-0.000875
1.242581e-006	-0.0015
1.243081e-006	-0.0018125
1.243581e-006	-0.0015
1.244081e-006	-0.0018125
1.244581e-006	-0.000875
1.245081e-006	-0.0011875
1.245581e-006	-0.00025
1.246081e-006	0.000375
1.246581e-006	0.000375
1.247081e-006	0.0006875
1.247581e-006	0.001
1.248081e-006	0.001
1.248581e-006	0.001625
1.249081e-006	0.0006875
1.249581e-006	0.000375
1.250081e-006	-0.0005625
1.250581e-006	-0.000875
1.251081e-006	-0.0011875
1.251581e-006	-0.000875
1.252081e-006	-0.0011875
1.252581e-006	-0.0015
1.253081e-006	-0.0011875
1.253581e-006	-0.0018125
1.254081e-006	-0.002125
1.254581e-006	-0.000875
1.255081e-006	-0.000875
1.255581e-006	-0.000875
1.256081e-006	6.25e-005
1.256581e-006	0.000375
1.257081e-006	0.0013125
1.257581e-006	0.0013125
1.258081e-006	0.0013125
1.258581e-006	0.0006875
1.259081e-006	6.25e-005
1.259581e-006	6.25e-005
1.260081e-006	-0.000875
1.260581e-006	-0.0011875
1.261081e-006	-0.0015
1.261581e-006	-0.0015
1.262081e-006	-0.0011875
1.262581e-006	-0.002125
1.263081e-006	-0.002125
1.263581e-006	-0.0015
1.264081e-006	-0.000875
1.264581e-006	-0.0005625
1.265081e-006	-0.000875
1.265581e-006	-0.00025
1.266081e-006	0.0013125
1.266581e-006	0.0006875
1.267081e-006	0.0006875
1.267581e-006	0.0006875
1.268081e-006	0.000375
1.268581e-006	0.0006875
1.269081e-006	-0.00025
1.269581e-006	-0.00025
1.270081e-006	-0.0005625
1.270581e-006	-0.0005625
1.271081e-006	-0.000875
1.271581e-006	-0.0015
1.272081e-006	-0.0024375
1.272581e-006	-0.0018125
1.273081e-006	-0.000875
1.273581e-006	6.25e-005
1.274081e-006	-0.00025
1.274581e-006	6.25e-005
1.275081e-006	0.0006875
1.275581e-006	0.0013125
1.276081e-006	0.0013125
1.276581e-006	0.0013125
1.277081e-006	0.0006875
1.277581e-006	0.000375
1.278081e-006	0.001
1.278581e-006	6.25e-005
1.279081e-006	-0.000875
1.279581e-006	-0.0005625
1.280081e-006	-0.0011875
1.280581e-006	-0.0015
1.281081e-006	-0.0018125
1.281581e-006	-0.0011875
1.282081e-006	-0.0015
1.282581e-006	-0.0015
1.283081e-006	-0.000875
1.283581e-006	-0.0005625
1.284081e-006	0.0006875
1.284581e-006	6.25e-005
1.285081e-006	0.000375
1.285581e-006	0.001
1.286081e-006	0.001625
1.286581e-006	0.001625
1.287081e-006	0.001
1.287581e-006	0.000375
1.288081e-006	-0.00025
1.288581e-006	-0.0005625
1.289081e-006	-0.000875
1.289581e-006	-0.0011875
1.290081e-006	-0.0011875
1.290581e-006	-0.0015
1.291081e-006	-0.0018125
1.291581e-006	-0.0011875
1.292081e-006	-0.0018125
1.292581e-006	-0.0015
1.293081e-006	-0.0005625
1.293581e-006	6.25e-005
1.294081e-006	0.000375
1.294581e-006	0.001
1.295081e-006	0.0019375
1.295581e-006	0.0019375
1.296081e-006	0.001
1.296581e-006	0.001
1.297081e-006	0.0013125
1.297581e-006	0.0006875
1.298081e-006	-0.0005625
1.298581e-006	-0.000875
1.299081e-006	-0.0005625
1.299581e-006	-0.0005625
1.300081e-006	-0.0018125
1.300581e-006	-0.00275
1.301081e-006	-0.00275
1.301581e-006	-0.0018125
1.302081e-006	-0.0011875
1.302581e-006	-0.000875
1.303081e-006	-0.000875
1.303581e-006	0.000375
1.304081e-006	0.001
1.304581e-006	0.0006875
1.305081e-006	0.0019375
1.305581e-006	0.001
1.306081e-006	0.001
1.306581e-006	0.001
1.307081e-006	0.0013125
1.307581e-006	0.000375
1.308081e-006	0.000375
1.308581e-006	-0.00025
1.309081e-006	-0.000875
1.309581e-006	-0.0011875
1.310081e-006	-0.0015
1.310581e-006	-0.0018125
1.311081e-006	-0.002125
1.311581e-006	-0.0018125
1.312081e-006	-0.0018125
1.312581e-006	-0.0011875
1.313081e-006	-0.0005625
1.313581e-006	0.000375
1.314081e-006	0.000375
1.314581e-006	0.001
1.315081e-006	0.0013125
1.315581e-006	0.001625
1.316081e-006	0.001625
1.316581e-006	0.0006875
1.317081e-006	0.0006875
1.317581e-006	0.0006875
1.318081e-006	-0.0005625
1.318581e-006	-0.000875
1.319081e-006	-0.0015
1.319581e-006	-0.000875
1.320081e-006	-0.0015
1.320581e-006	-0.002125
1.321081e-006	-0.0018125
1.321581e-006	-0.000875
1.322081e-006	-0.000875
1.322581e-006	-0.0011875
1.323081e-006	6.25e-005
1.323581e-006	0.0006875
1.324081e-006	0.001
1.324581e-006	0.0006875
1.325081e-006	0.001
1.325581e-006	0.001
1.326081e-006	0.001
1.326581e-006	0.000375
1.327081e-006	0.0006875
1.327581e-006	-0.00025
1.328081e-006	-0.0005625
1.328581e-006	-0.0005625
1.329081e-006	-0.0011875
1.329581e-006	-0.0018125
1.330081e-006	-0.002125
1.330581e-006	-0.0011875
1.331081e-006	-0.0011875
1.331581e-006	-0.0011875
1.332081e-006	6.25e-005
1.332581e-006	-0.00025
1.333081e-006	-0.00025
1.333581e-006	0.0006875
1.334081e-006	0.001
1.334581e-006	0.0013125
1.335081e-006	0.001
1.335581e-006	0.000375
1.336081e-006	0.001
1.336581e-006	0.001
1.337081e-006	6.25e-005
1.337581e-006	-0.0011875
1.338081e-006	-0.0011875
1.338581e-006	-0.0011875
1.339081e-006	-0.000875
1.339581e-006	-0.00025
1.340081e-006	-0.0015
1.340581e-006	-0.0005625
1.341081e-006	-0.000875
1.341581e-006	-0.000875
1.342081e-006	-0.00025
1.342581e-006	6.25e-005
1.343081e-006	0.000375
1.343581e-006	0.000375
1.344081e-006	0.0006875
1.344581e-006	0.0006875
1.345081e-006	6.25e-005
1.345581e-006	0.0006875
1.346081e-006	6.25e-005
1.346581e-006	-0.0005625
1.347081e-006	-0.0005625
1.347581e-006	-0.000875
1.348081e-006	-0.0011875
1.348581e-006	-0.0018125
1.349081e-006	-0.0015
1.349581e-006	-0.0011875
1.350081e-006	-0.0011875
1.350581e-006	-0.0005625
1.351081e-006	-0.000875
1.351581e-006	-0.00025
1.352081e-006	0.0006875
1.352581e-006	0.000375
1.353081e-006	0.0013125
1.353581e-006	0.0006875
1.354081e-006	0.0006875
1.354581e-006	0.0006875
1.355081e-006	0.000375
1.355581e-006	6.25e-005
1.356081e-006	0.000375
1.356581e-006	0.0006875
1.357081e-006	-0.00025
1.357581e-006	-0.0015
1.358081e-006	-0.0018125
1.358581e-006	-0.0018125
1.359081e-006	-0.0024375
1.359581e-006	-0.0018125
1.360081e-006	-0.0015
1.360581e-006	-0.0011875
1.361081e-006	-0.0005625
1.361581e-006	6.25e-005
1.362081e-006	6.25e-005
1.362581e-006	0.001
1.363081e-006	0.001
1.363581e-006	0.0013125
1.364081e-006	0.0013125
1.364581e-006	0.001
1.365081e-006	0.001
1.365581e-006	0.001
1.366081e-006	0.001
1.366581e-006	6.25e-005
1.367081e-006	-0.0011875
1.367581e-006	-0.0015
1.368081e-006	-0.0011875
1.368581e-006	-0.002125
1.369081e-006	-0.0024375
1.369581e-006	-0.0018125
1.370081e-006	-0.0018125
1.370581e-006	-0.0011875
1.371081e-006	-0.000875
1.371581e-006	-0.0005625
1.372081e-006	6.25e-005
1.372581e-006	6.25e-005
1.373081e-006	0.0013125
1.373581e-006	0.0019375
1.374081e-006	0.001625
1.374581e-006	0.0006875
1.375081e-006	0.001
1.375581e-006	0.0006875
1.376081e-006	0.0006875
1.376581e-006	6.25e-005
1.377081e-006	-0.0011875
1.377581e-006	-0.002125
1.378081e-006	-0.002125
1.378581e-006	-0.002125
1.379081e-006	-0.0024375
1.379581e-006	-0.002125
1.380081e-006	-0.0024375
1.380581e-006	-0.0015
1.381081e-006	-0.000875
1.381581e-006	-0.0005625
1.382081e-006	-0.00025
1.382581e-006	0.0006875
1.383081e-006	0.001625
1.383581e-006	0.0013125
1.384081e-006	0.001
1.384581e-006	0.001
1.385081e-006	0.0013125
1.385581e-006	0.001
1.386081e-006	6.25e-005
1.386581e-006	0.000375
1.387081e-006	-0.0005625
1.387581e-006	-0.0011875
1.388081e-006	-0.0011875
1.388581e-006	-0.0015
1.389081e-006	-0.00275
1.389581e-006	-0.0024375
1.390081e-006	-0.0018125
1.390581e-006	-0.000875
1.391081e-006	-0.0011875
1.391581e-006	-0.0005625
1.392081e-006	-0.00025
1.392581e-006	6.25e-005
1.393081e-006	0.001
1.393581e-006	0.001
1.394081e-006	0.001
1.394581e-006	0.001
1.395081e-006	0.0013125
1.395581e-006	0.001
1.396081e-006	6.25e-005
1.396581e-006	6.25e-005
1.397081e-006	-0.00025
1.397581e-006	-0.000875
1.398081e-006	-0.0011875
1.398581e-006	-0.0015
1.399081e-006	-0.0015
1.399581e-006	-0.0011875
1.400081e-006	-0.000875
1.400581e-006	-0.000875
1.401081e-006	-0.000875
1.401581e-006	-0.00025
1.402081e-006	-0.0005625
1.402581e-006	0.000375
1.403081e-006	0.0013125
1.403581e-006	0.000375
1.404081e-006	0.001
1.404581e-006	0.000375
1.405081e-006	0.0006875
1.405581e-006	0.000375
1.406081e-006	-0.0005625
1.406581e-006	0.000375
1.407081e-006	6.25e-005
1.407581e-006	-0.0015
1.408081e-006	-0.0015
1.408581e-006	-0.000875
1.409081e-006	-0.0011875
1.409581e-006	-0.0015
1.410081e-006	-0.0005625
1.410581e-006	-0.0005625
1.411081e-006	-0.0005625
1.411581e-006	6.25e-005
1.412081e-006	-0.00025
1.412581e-006	0.0006875
1.413081e-006	0.000375
1.413581e-006	6.25e-005
1.414081e-006	0.0006875
1.414581e-006	0.000375
1.415081e-006	6.25e-005
1.415581e-006	-0.000875
1.416081e-006	-0.000875
1.416581e-006	-0.0005625
1.417081e-006	-0.0015
1.417581e-006	-0.0011875
1.418081e-006	-0.0015
1.418581e-006	-0.0011875
1.419081e-006	-0.0011875
1.419581e-006	-0.0005625
1.420081e-006	0.000375
1.420581e-006	-0.00025
1.421081e-006	-0.00025
1.421581e-006	0.0006875
1.422081e-006	0.0006875
1.422581e-006	0.0006875
1.423081e-006	-0.00025
1.423581e-006	6.25e-005
1.424081e-006	0.000375
1.424581e-006	6.25e-005
1.425081e-006	0.000375
1.425581e-006	-0.0005625
1.426081e-006	-0.0011875
1.426581e-006	-0.0015
1.427081e-006	-0.0015
1.427581e-006	-0.0011875
1.428081e-006	-0.0015
1.428581e-006	-0.0005625
1.429081e-006	6.25e-005
1.429581e-006	6.25e-005
1.430081e-006	0.000375
1.430581e-006	0.000375
1.431081e-006	0.0013125
1.431581e-006	0.001
1.432081e-006	0.0006875
1.432581e-006	0.001
1.433081e-006	0.0006875
1.433581e-006	0.0013125
1.434081e-006	0.0006875
1.434581e-006	-0.00025
1.435081e-006	-0.0005625
1.435581e-006	-0.0011875
1.436081e-006	-0.000875
1.436581e-006	-0.0015
1.437081e-006	-0.002125
1.437581e-006	-0.0015
1.438081e-006	-0.0018125
1.438581e-006	-0.0011875
1.439081e-006	-0.0011875
1.439581e-006	-0.0005625
1.440081e-006	0.0006875
1.440581e-006	0.000375
1.441081e-006	0.001625
1.441581e-006	0.0013125
1.442081e-006	0.0019375
1.442581e-006	0.00225
1.443081e-006	0.0006875
1.443581e-006	0.000375
1.444081e-006	6.25e-005
1.444581e-006	6.25e-005
1.445081e-006	-0.0005625
1.445581e-006	-0.002125
1.446081e-006	-0.0011875
1.446581e-006	-0.0015
1.447081e-006	-0.0024375
1.447581e-006	-0.002125
1.448081e-006	-0.0024375
1.448581e-006	-0.0018125
1.449081e-006	-0.0011875
1.449581e-006	-0.00025
1.450081e-006	6.25e-005
1.450581e-006	0.0006875
1.451081e-006	0.001625
1.451581e-006	0.0013125
1.452081e-006	0.00225
1.452581e-006	0.0019375
1.453081e-006	0.001
1.453581e-006	0.0006875
1.454081e-006	6.25e-005
1.454581e-006	6.25e-005
1.455081e-006	-0.000875
1.455581e-006	-0.0015
1.456081e-006	-0.000875
1.456581e-006	-0.0024375
1.457081e-006	-0.002125
1.457581e-006	-0.0018125
1.458081e-006	-0.002125
1.458581e-006	-0.0015
1.459081e-006	-0.002125
1.459581e-006	-0.0005625
1.460081e-006	0.000375
1.460581e-006	0.0006875
1.461081e-006	0.001
1.461581e-006	0.0006875
1.462081e-006	0.0019375
1.462581e-006	0.0019375
1.463081e-006	0.001
1.463581e-006	0.001625
1.464081e-006	0.0006875
1.464581e-006	6.25e-005
1.465081e-006	-0.000875
1.465581e-006	-0.000875
1.466081e-006	-0.000875
1.466581e-006	-0.0015
1.467081e-006	-0.0015
1.467581e-006	-0.0018125
1.468081e-006	-0.0024375
1.468581e-006	-0.0011875
1.469081e-006	-0.0011875
1.469581e-006	-0.0005625
1.470081e-006	-0.00025
1.470581e-006	6.25e-005
1.471081e-006	0.0006875
1.471581e-006	0.000375
1.472081e-006	0.0013125
1.472581e-006	0.0013125
1.473081e-006	0.001
1.473581e-006	0.000375
1.474081e-006	0.000375
1.474581e-006	0.0006875
1.475081e-006	-0.00025
1.475581e-006	-0.0005625
1.476081e-006	-0.00025
1.476581e-006	-0.0005625
1.477081e-006	-0.000875
1.477581e-006	-0.0015
1.478081e-006	-0.0011875
1.478581e-006	-0.0011875
1.479081e-006	-0.0018125
1.479581e-006	-0.0018125
1.480081e-006	-0.000875
1.480581e-006	0.000375
1.481081e-006	0.000375
1.481581e-006	0.000375
1.482081e-006	0.0006875
1.482581e-006	0.0006875
1.483081e-006	0.001
1.483581e-006	6.25e-005
1.484081e-006	6.25e-005
1.484581e-006	6.25e-005
1.485081e-006	6.25e-005
1.485581e-006	6.25e-005
1.486081e-006	-0.0011875
1.486581e-006	-0.0005625
1.487081e-006	-0.000875
1.487581e-006	-0.000875
1.488081e-006	-0.0005625
1.488581e-006	-0.000875
1.489081e-006	-0.0011875
1.489581e-006	-0.000875
1.490081e-006	-0.0011875
1.490581e-006	-0.00025
1.491081e-006	-0.0005625
1.491581e-006	6.25e-005
1.492081e-006	6.25e-005
1.492581e-006	-0.00025
1.493081e-006	0.0006875
1.493581e-006	-0.00025
1.494081e-006	-0.00025
1.494581e-006	6.25e-005
1.495081e-006	-0.00025
1.495581e-006	6.25e-005
1.496081e-006	6.25e-005
1.496581e-006	6.25e-005
1.497081e-006	-0.0005625
1.497581e-006	-0.000875
1.498081e-006	-0.000875
1.498581e-006	-0.0011875
1.499081e-006	-0.00025
1.499581e-006	-0.0005625
1.500081e-006	-0.00025
1.500581e-006	-0.00025
1.501081e-006	-0.0005625
1.501581e-006	6.25e-005
1.502081e-006	6.25e-005
1.502581e-006	0.0006875
1.503081e-006	0.0006875
1.503581e-006	-0.0005625
1.504081e-006	6.25e-005
1.504581e-006	6.25e-005
1.505081e-006	6.25e-005
1.505581e-006	-0.00025
1.506081e-006	-0.0005625
1.506581e-006	0.000375
1.507081e-006	-0.000875
1.507581e-006	-0.0011875
1.508081e-006	-0.0005625
1.508581e-006	-0.0005625
1.509081e-006	-0.0005625
1.509581e-006	-0.000875
1.510081e-006	6.25e-005
1.510581e-006	6.25e-005
1.511081e-006	6.25e-005
1.511581e-006	0.0006875
1.512081e-006	-0.00025
1.512581e-006	0.000375
1.513081e-006	-0.0005625
1.513581e-006	-0.0005625
1.514081e-006	6.25e-005
1.514581e-006	-0.0005625
1.515081e-006	0.000375
1.515581e-006	-0.00025
1.516081e-006	-0.0005625
1.516581e-006	-0.000875
1.517081e-006	-0.0015
1.517581e-006	6.25e-005
1.518081e-006	-0.00025
1.518581e-006	-0.000875
1.519081e-006	0.000375
1.519581e-006	-0.0005625
1.520081e-006	-0.0005625
1.520581e-006	-0.00025
1.521081e-006	6.25e-005
1.521581e-006	0.0006875
1.522081e-006	-0.000875
1.522581e-006	-0.00025
1.523081e-006	0.0006875
1.523581e-006	0.0006875
1.524081e-006	6.25e-005
1.524581e-006	-0.0015
1.525081e-006	-0.0011875
1.525581e-006	-0.0011875
1.526081e-006	-0.000875
1.526581e-006	-0.0011875
1.527081e-006	-0.0024375
1.527581e-006	-0.0015
1.528081e-006	-0.000875
1.528581e-006	-0.0005625
1.529081e-006	-0.0005625
1.529581e-006	-0.000875
1.530081e-006	6.25e-005
1.530581e-006	6.25e-005
1.531081e-006	0.0006875
1.531581e-006	6.25e-005
1.532081e-006	6.25e-005
1.532581e-006	0.0013125
1.533081e-006	6.25e-005
1.533581e-006	-0.00025
1.534081e-006	-0.00025
1.534581e-006	-0.0005625
1.535081e-006	-0.0005625
1.535581e-006	-0.000875
1.536081e-006	-0.000875
1.536581e-006	-0.0011875
1.537081e-006	-0.0015
1.537581e-006	-0.0015
1.538081e-006	-0.0018125
1.538581e-006	-0.000875
1.539081e-006	-0.000875
1.539581e-006	6.25e-005
1.540081e-006	0.000375
1.540581e-006	-0.0005625
1.541081e-006	0.001
1.541581e-006	0.001
1.542081e-006	0.0019375
1.542581e-006	0.0013125
1.543081e-006	0.0006875
1.543581e-006	0.000375
1.544081e-006	-0.00025
1.544581e-006	-0.00025
1.545081e-006	-0.0011875
1.545581e-006	-0.0018125
1.546081e-006	-0.0011875
1.546581e-006	-0.0024375
1.547081e-006	-0.0018125
1.547581e-006	-0.0018125
1.548081e-006	-0.0018125
1.548581e-006	-0.0005625
1.549081e-006	-0.0011875
1.549581e-006	-0.00025
1.550081e-006	0.000375
1.550581e-006	0.000375
1.551081e-006	0.0006875
1.551581e-006	6.25e-005
1.552081e-006	0.001
1.552581e-006	0.0006875
1.553081e-006	0.0006875
1.553581e-006	0.001
1.554081e-006	6.25e-005
1.554581e-006	-0.00025
1.555081e-006	-0.0015
1.555581e-006	-0.0011875
1.556081e-006	-0.002125
1.556581e-006	-0.002125
1.557081e-006	-0.002125
1.557581e-006	-0.0024375
1.558081e-006	-0.0011875
1.558581e-006	-0.000875
1.559081e-006	-0.0011875
1.559581e-006	0.000375
1.560081e-006	0.001
1.560581e-006	0.001
1.561081e-006	0.001
1.561581e-006	0.001
1.562081e-006	0.00225
1.562581e-006	0.000375
1.563081e-006	0.0006875
1.563581e-006	0.0006875
1.564081e-006	-0.00025
1.564581e-006	-0.0005625
1.565081e-006	-0.000875
1.565581e-006	-0.0011875
1.566081e-006	-0.002125
1.566581e-006	-0.0024375
1.567081e-006	-0.0024375
1.567581e-006	-0.0018125
1.568081e-006	-0.000875
1.568581e-006	-0.0005625
1.569081e-006	-0.0005625
1.569581e-006	0.0006875
1.570081e-006	0.0006875
1.570581e-006	0.0013125
1.571081e-006	0.001625
1.571581e-006	0.0013125
1.572081e-006	0.0013125
1.572581e-006	0.001
1.573081e-006	0.0006875
1.573581e-006	6.25e-005
1.574081e-006	-0.000875
1.574581e-006	-0.0011875
1.575081e-006	-0.002125
1.575581e-006	-0.0015
1.576081e-006	-0.0018125
1.576581e-006	-0.002125
1.577081e-006	-0.00275
1.577581e-006	-0.0018125
1.578081e-006	-0.0005625
1.578581e-006	-0.0005625
1.579081e-006	6.25e-005
1.579581e-006	0.000375
1.580081e-006	0.0013125
1.580581e-006	0.0013125
1.581081e-006	0.001625
1.581581e-006	0.001
1.582081e-006	0.000375
1.582581e-006	0.0006875
1.583081e-006	6.25e-005
1.583581e-006	-0.00025
1.584081e-006	-0.00025
1.584581e-006	-0.0018125
1.585081e-006	-0.0024375
1.585581e-006	-0.0015
1.586081e-006	-0.0018125
1.586581e-006	-0.002125
1.587081e-006	-0.0015
1.587581e-006	-0.000875
1.588081e-006	-0.0015
1.588581e-006	6.25e-005
1.589081e-006	0.0006875
1.589581e-006	0.001
1.590081e-006	0.001625
1.590581e-006	0.0006875
1.591081e-006	0.000375
1.591581e-006	0.0006875
1.592081e-006	0.000375
1.592581e-006	0.001
1.593081e-006	6.25e-005
1.593581e-006	-0.000875
1.594081e-006	-0.0015
1.594581e-006	-0.0018125
1.595081e-006	-0.0018125
1.595581e-006	-0.0024375
1.596081e-006	-0.0015
1.596581e-006	-0.000875
1.597081e-006	-0.0015
1.597581e-006	-0.00025
1.598081e-006	6.25e-005
1.598581e-006	0.000375
1.599081e-006	0.0006875
1.599581e-006	0.0006875
1.600081e-006	0.001
1.600581e-006	0.0013125
1.601081e-006	0.001
1.601581e-006	6.25e-005
1.602081e-006	6.25e-005
1.602581e-006	6.25e-005
1.603081e-006	-0.0005625
1.603581e-006	-0.0011875
1.604081e-006	-0.0011875
1.604581e-006	-0.0011875
1.605081e-006	-0.000875
1.605581e-006	-0.0018125
1.606081e-006	-0.0011875
1.606581e-006	-0.0011875
1.607081e-006	-0.0011875
1.607581e-006	-0.00025
1.608081e-006	-0.0005625
1.608581e-006	6.25e-005
1.609081e-006	0.0006875
1.609581e-006	0.001
1.610081e-006	0.0013125
1.610581e-006	0.001
1.611081e-006	6.25e-005
1.611581e-006	-0.00025
1.612081e-006	-0.0015
1.612581e-006	-0.0011875
1.613081e-006	-0.0011875
1.613581e-006	-0.0018125
1.614081e-006	-0.002125
1.614581e-006	-0.0018125
1.615081e-006	-0.0015
1.615581e-006	-0.000875
1.616081e-006	-0.0005625
1.616581e-006	6.25e-005
1.617081e-006	6.25e-005
1.617581e-006	0.0006875
1.618081e-006	0.0006875
1.618581e-006	0.000375
1.619081e-006	6.25e-005
1.619581e-006	6.25e-005
1.620081e-006	0.000375
1.620581e-006	6.25e-005
1.621081e-006	6.25e-005
1.621581e-006	-0.0005625
1.622081e-006	-0.0018125
1.622581e-006	-0.0015
1.623081e-006	-0.0011875
1.623581e-006	-0.002125
1.624081e-006	-0.0018125
1.624581e-006	-0.0011875
1.625081e-006	6.25e-005
1.625581e-006	-0.0005625
1.626081e-006	-0.00025
1.626581e-006	0.000375
1.627081e-006	6.25e-005
1.627581e-006	0.000375
1.628081e-006	0.001
1.628581e-006	0.0006875
1.629081e-006	0.001
1.629581e-006	0.000375
1.630081e-006	-0.0005625
1.630581e-006	-0.000875
1.631081e-006	-0.0011875
1.631581e-006	-0.000875
1.632081e-006	-0.0018125
1.632581e-006	-0.0015
1.633081e-006	-0.002125
1.633581e-006	-0.0018125
1.634081e-006	-0.0011875
1.634581e-006	-0.000875
1.635081e-006	-0.0005625
1.635581e-006	6.25e-005
1.636081e-006	0.0006875
1.636581e-006	0.0013125
1.637081e-006	0.001
1.637581e-006	0.001625
1.638081e-006	0.001625
1.638581e-006	0.0006875
1.639081e-006	0.0006875
1.639581e-006	-0.0005625
1.640081e-006	-0.000875
1.640581e-006	-0.000875
1.641081e-006	-0.0015
1.641581e-006	-0.0011875
1.642081e-006	-0.002125
1.642581e-006	-0.0015
1.643081e-006	-0.0024375
1.643581e-006	-0.0015
1.644081e-006	6.25e-005
1.644581e-006	-0.0011875
1.645081e-006	-0.00025
1.645581e-006	-0.0005625
1.646081e-006	0.0006875
1.646581e-006	0.0019375
1.647081e-006	0.0013125
1.647581e-006	0.0013125
1.648081e-006	0.0006875
1.648581e-006	6.25e-005
1.649081e-006	0.000375
1.649581e-006	-0.0005625
1.650081e-006	-0.0011875
1.650581e-006	-0.0018125
1.651081e-006	-0.002125
1.651581e-006	-0.0018125
1.652081e-006	-0.0024375
1.652581e-006	-0.000875
1.653081e-006	-0.000875
1.653581e-006	-0.0011875
1.654081e-006	-0.0011875
1.654581e-006	-0.00025
1.655081e-006	0.000375
1.655581e-006	-0.00025
1.656081e-006	0.0006875
1.656581e-006	0.0013125
1.657081e-006	0.000375
1.657581e-006	0.0013125
1.658081e-006	0.000375
1.658581e-006	0.0006875
1.659081e-006	6.25e-005
1.659581e-006	-0.000875
1.660081e-006	-0.0011875
1.660581e-006	-0.0018125
1.661081e-006	-0.0011875
1.661581e-006	-0.000875
1.662081e-006	-0.002125
1.662581e-006	-0.0011875
1.663081e-006	-0.0011875
1.663581e-006	-0.0005625
1.664081e-006	-0.0005625
1.664581e-006	-0.0005625
1.665081e-006	0.0006875
1.665581e-006	-0.00025
1.666081e-006	0.000375
1.666581e-006	0.001
1.667081e-006	0.000375
1.667581e-006	6.25e-005
1.668081e-006	-0.0005625
1.668581e-006	-0.00025
1.669081e-006	-0.0005625
1.669581e-006	-0.0015
1.670081e-006	-0.0011875
1.670581e-006	-0.0018125
1.671081e-006	-0.000875
1.671581e-006	-0.000875
1.672081e-006	-0.000875
1.672581e-006	6.25e-005
1.673081e-006	-0.0005625
1.673581e-006	6.25e-005
1.674081e-006	6.25e-005
1.674581e-006	0.000375
1.675081e-006	0.0006875
1.675581e-006	6.25e-005
1.676081e-006	0.0006875
1.676581e-006	6.25e-005
1.677081e-006	-0.00025
1.677581e-006	-0.00025
1.678081e-006	-0.0018125
1.678581e-006	-0.0005625
1.679081e-006	-0.0011875
1.679581e-006	-0.000875
1.680081e-006	-0.0011875
1.680581e-006	-0.0011875
1.681081e-006	-0.000875
1.681581e-006	-0.000875
1.682081e-006	-0.00025
1.682581e-006	0.000375
1.683081e-006	6.25e-005
1.683581e-006	0.001
1.684081e-006	0.0013125
1.684581e-006	0.0006875
1.685081e-006	0.0006875
1.685581e-006	-0.00025
1.686081e-006	0.000375
1.686581e-006	-0.000875
1.687081e-006	-0.0011875
1.687581e-006	-0.0018125
1.688081e-006	-0.002125
1.688581e-006	-0.0015
1.689081e-006	-0.0015
1.689581e-006	-0.0011875
1.690081e-006	-0.000875
1.690581e-006	-0.0011875
1.691081e-006	6.25e-005
1.691581e-006	-0.0005625
1.692081e-006	0.000375
1.692581e-006	0.0013125
1.693081e-006	0.0013125
1.693581e-006	0.001625
1.694081e-006	0.001
1.694581e-006	0.0013125
1.695081e-006	0.000375
1.695581e-006	6.25e-005
1.696081e-006	-0.0005625
1.696581e-006	-0.000875
1.697081e-006	-0.0011875
1.697581e-006	-0.002125
1.698081e-006	-0.0024375
1.698581e-006	-0.0011875
1.699081e-006	-0.0018125
1.699581e-006	-0.0011875
1.700081e-006	-0.0011875
1.700581e-006	-0.0011875
1.701081e-006	6.25e-005
1.701581e-006	0.001
1.702081e-006	0.0006875
1.702581e-006	6.25e-005
1.703081e-006	0.0013125
1.703581e-006	0.00225
1.704081e-006	0.0019375
1.704581e-006	0.001
1.705081e-006	0.000375
1.705581e-006	-0.0005625
1.706081e-006	-0.00025
1.706581e-006	-0.000875
1.707081e-006	-0.0018125
1.707581e-006	-0.0018125
1.708081e-006	-0.0018125
1.708581e-006	-0.002125
1.709081e-006	-0.0018125
1.709581e-006	-0.0018125
1.710081e-006	-0.0011875
1.710581e-006	-0.0005625
1.711081e-006	-0.0005625
1.711581e-006	0.0006875
1.712081e-006	0.001
1.712581e-006	0.0013125
1.713081e-006	0.0013125
1.713581e-006	0.001625
1.714081e-006	0.0019375
1.714581e-006	0.0006875
1.715081e-006	-0.00025
1.715581e-006	-0.00025
1.716081e-006	-0.00025
1.716581e-006	-0.0011875
1.717081e-006	-0.0018125
1.717581e-006	-0.0018125
1.718081e-006	-0.0024375
1.718581e-006	-0.002125
1.719081e-006	-0.0018125
1.719581e-006	-0.0011875
1.720081e-006	-0.000875
1.720581e-006	-0.00025
1.721081e-006	0.000375
1.721581e-006	6.25e-005
1.722081e-006	0.0006875
1.722581e-006	0.0019375
1.723081e-006	0.0019375
1.723581e-006	0.0013125
1.724081e-006	0.0013125
1.724581e-006	6.25e-005
1.725081e-006	0.000375
1.725581e-006	6.25e-005
1.726081e-006	-0.0005625
1.726581e-006	-0.0011875
1.727081e-006	-0.0018125
1.727581e-006	-0.0018125
1.728081e-006	-0.0018125
1.728581e-006	-0.0018125
1.729081e-006	-0.000875
1.729581e-006	-0.0005625
1.730081e-006	-0.0005625
1.730581e-006	-0.00025
1.731081e-006	6.25e-005
1.731581e-006	0.0006875
1.732081e-006	0.000375
1.732581e-006	0.0013125
1.733081e-006	0.001
1.733581e-006	0.000375
1.734081e-006	0.000375
1.734581e-006	-0.00025
1.735081e-006	6.25e-005
1.735581e-006	-0.0005625
1.736081e-006	-0.000875
1.736581e-006	-0.0005625
1.737081e-006	-0.0011875
1.737581e-006	-0.0005625
1.738081e-006	-0.0011875
1.738581e-006	-0.0005625
1.739081e-006	6.25e-005
1.739581e-006	6.25e-005
1.740081e-006	-0.0005625
1.740581e-006	-0.0005625
1.741081e-006	-0.00025
1.741581e-006	-0.00025
1.742081e-006	6.25e-005
1.742581e-006	6.25e-005
1.743081e-006	-0.00025
1.743581e-006	6.25e-005
1.744081e-006	0.0006875
1.744581e-006	-0.0005625
1.745081e-006	-0.000875
1.745581e-006	-0.000875
1.746081e-006	-0.00025
1.746581e-006	6.25e-005
1.747081e-006	-0.0005625
1.747581e-006	-0.0011875
1.748081e-006	-0.00025
1.748581e-006	0.000375
1.749081e-006	0.000375
1.749581e-006	0.0006875
1.750081e-006	0.000375
1.750581e-006	-0.00025
1.751081e-006	-0.00025
1.751581e-006	-0.0005625
1.752081e-006	-0.00025
1.752581e-006	-0.0005625
1.753081e-006	-0.0011875
1.753581e-006	-0.0005625
1.754081e-006	-0.000875
1.754581e-006	-0.0005625
1.755081e-006	-0.0005625
1.755581e-006	-0.00025
1.756081e-006	-0.0005625
1.756581e-006	6.25e-005
1.757081e-006	-0.00025
1.757581e-006	-0.00025
1.758081e-006	0.000375
1.758581e-006	0.0006875
1.759081e-006	-0.00025
1.759581e-006	0.000375
1.760081e-006	0.0006875
1.760581e-006	0.001
1.761081e-006	6.25e-005
1.761581e-006	-0.00025
1.762081e-006	-0.00025
1.762581e-006	-0.0005625
1.763081e-006	-0.0011875
1.763581e-006	-0.0018125
1.764081e-006	-0.0011875
1.764581e-006	-0.0011875
1.765081e-006	-0.000875
1.765581e-006	-0.00025
1.766081e-006	-0.0005625
1.766581e-006	-0.0005625
1.767081e-006	6.25e-005
1.767581e-006	-0.00025
1.768081e-006	0.0006875
1.768581e-006	0.0006875
1.769081e-006	0.0006875
1.769581e-006	0.0006875
1.770081e-006	0.000375
1.770581e-006	6.25e-005
1.771081e-006	0.000375
1.771581e-006	-0.0005625
1.772081e-006	6.25e-005
1.772581e-006	-0.000875
1.773081e-006	-0.0005625
1.773581e-006	-0.000875
1.774081e-006	-0.0011875
1.774581e-006	-0.0005625
1.775081e-006	-0.0005625
1.775581e-006	-0.0005625
1.776081e-006	-0.000875
1.776581e-006	-0.000875
1.777081e-006	-0.0005625
1.777581e-006	-0.00025
1.778081e-006	0.000375
1.778581e-006	0.0006875
1.779081e-006	6.25e-005
1.779581e-006	0.0006875
1.780081e-006	0.000375
1.780581e-006	0.0006875
1.781081e-006	-0.00025
1.781581e-006	6.25e-005
1.782081e-006	-0.00025
1.782581e-006	-0.0005625
1.783081e-006	-0.0005625
1.783581e-006	-0.0005625
1.784081e-006	-0.000875
1.784581e-006	-0.000875
1.785081e-006	-0.0005625
1.785581e-006	0.000375
1.786081e-006	6.25e-005
1.786581e-006	6.25e-005
1.787081e-006	6.25e-005
1.787581e-006	-0.0005625
1.788081e-006	0.0006875
