LECROYWS454	16215	Waveform
Segments	1	SegmentSize	4002
Segment	TrigTime	TimeSinceSegment1
#1	02-May-2024 19:12:33	0                 
Time	Ampl
-2.12084e-007	0.000375
-2.11584e-007	0.000375
-2.11084e-007	0.0006875
-2.10584e-007	0.001625
-2.10084e-007	0.0013125
-2.09584e-007	0.0013125
-2.09084e-007	0.000375
-2.08584e-007	6.25e-005
-2.08084e-007	6.25e-005
-2.07584e-007	6.25e-005
-2.07084e-007	-0.0005625
-2.06584e-007	-0.0005625
-2.06084e-007	-0.000875
-2.05584e-007	-0.0005625
-2.05084e-007	-0.0015
-2.04584e-007	-0.0011875
-2.04084e-007	-0.0018125
-2.03584e-007	-0.0011875
-2.03084e-007	-0.00025
-2.02584e-007	6.25e-005
-2.02084e-007	6.25e-005
-2.01584e-007	0.001
-2.01084e-007	0.0013125
-2.00584e-007	0.000375
-2.00084e-007	0.001
-1.99584e-007	0.001
-1.99084e-007	0.0006875
-1.98584e-007	0.0013125
-1.98084e-007	0.0006875
-1.97584e-007	-0.0005625
-1.97084e-007	-0.0005625
-1.96584e-007	-0.000875
-1.96084e-007	-0.0005625
-1.95584e-007	-0.0015
-1.95084e-007	-0.0018125
-1.94584e-007	-0.0011875
-1.94084e-007	-0.000875
-1.93584e-007	-0.0005625
-1.93084e-007	6.25e-005
-1.92584e-007	-0.00025
-1.92084e-007	6.25e-005
-1.91584e-007	6.25e-005
-1.91084e-007	0.0006875
-1.90584e-007	0.001
-1.90084e-007	0.001
-1.89584e-007	0.0019375
-1.89084e-007	0.0013125
-1.88584e-007	0.000375
-1.88084e-007	0.000375
-1.87584e-007	0.000375
-1.87084e-007	-0.0005625
-1.86584e-007	-0.000875
-1.86084e-007	-0.0005625
-1.85584e-007	-0.0005625
-1.85084e-007	-0.000875
-1.84584e-007	-0.0011875
-1.84084e-007	-0.000875
-1.83584e-007	-0.00025
-1.83084e-007	-0.000875
-1.82584e-007	-0.0005625
-1.82084e-007	6.25e-005
-1.81584e-007	0.0013125
-1.81084e-007	0.0013125
-1.80584e-007	0.001
-1.80084e-007	0.0006875
-1.79584e-007	0.0013125
-1.79084e-007	0.001
-1.78584e-007	0.001
-1.78084e-007	0.0006875
-1.77584e-007	-0.00025
-1.77084e-007	-0.000875
-1.76584e-007	-0.0015
-1.76084e-007	-0.000875
-1.75584e-007	-0.000875
-1.75084e-007	-0.0011875
-1.74584e-007	-0.0018125
-1.74084e-007	-0.0015
-1.73584e-007	-0.000875
-1.73084e-007	-0.0005625
-1.72584e-007	-0.00025
-1.72084e-007	0.0006875
-1.71584e-007	0.001
-1.71084e-007	0.0019375
-1.70584e-007	0.001
-1.70084e-007	0.0019375
-1.69584e-007	0.00225
-1.69084e-007	0.001625
-1.68584e-007	0.0013125
-1.68084e-007	0.000375
-1.67584e-007	0.000375
-1.67084e-007	-0.00025
-1.66584e-007	-0.0011875
-1.66084e-007	-0.0011875
-1.65584e-007	-0.0011875
-1.65084e-007	-0.0011875
-1.64584e-007	-0.0018125
-1.64084e-007	-0.002125
-1.63584e-007	-0.000875
-1.63084e-007	-0.000875
-1.62584e-007	6.25e-005
-1.62084e-007	-0.00025
-1.61584e-007	0.0006875
-1.61084e-007	0.001
-1.60584e-007	0.0013125
-1.60084e-007	0.0019375
-1.59584e-007	0.0019375
-1.59084e-007	0.001625
-1.58584e-007	0.001625
-1.58084e-007	0.000375
-1.57584e-007	0.001
-1.57084e-007	6.25e-005
-1.56584e-007	-0.0011875
-1.56084e-007	-0.0015
-1.55584e-007	-0.002125
-1.55084e-007	-0.002125
-1.54584e-007	-0.002125
-1.54084e-007	-0.0018125
-1.53584e-007	-0.0015
-1.53084e-007	-0.0011875
-1.52584e-007	6.25e-005
-1.52084e-007	0.001
-1.51584e-007	6.25e-005
-1.51084e-007	0.001
-1.50584e-007	0.0013125
-1.50084e-007	0.002875
-1.49584e-007	0.002875
-1.49084e-007	0.0019375
-1.48584e-007	0.001625
-1.48084e-007	0.0013125
-1.47584e-007	0.0013125
-1.47084e-007	-0.0005625
-1.46584e-007	-0.0011875
-1.46084e-007	-0.0011875
-1.45584e-007	-0.002125
-1.45084e-007	-0.002125
-1.44584e-007	-0.0024375
-1.44084e-007	-0.0018125
-1.43584e-007	-0.0011875
-1.43084e-007	-0.0018125
-1.42584e-007	-0.00025
-1.42084e-007	-0.0005625
-1.41584e-007	6.25e-005
-1.41084e-007	0.0013125
-1.40584e-007	0.0019375
-1.40084e-007	0.002875
-1.39584e-007	0.00225
-1.39084e-007	0.0025625
-1.38584e-007	0.0031875
-1.38084e-007	0.001
-1.37584e-007	0.000375
-1.37084e-007	6.25e-005
-1.36584e-007	-0.00025
-1.36084e-007	-0.0011875
-1.35584e-007	-0.002125
-1.35084e-007	-0.002125
-1.34584e-007	-0.0024375
-1.34084e-007	-0.0018125
-1.33584e-007	-0.0011875
-1.33084e-007	-0.0015
-1.32584e-007	-0.0005625
-1.32084e-007	-0.0005625
-1.31584e-007	0.000375
-1.31084e-007	0.0013125
-1.30584e-007	0.0019375
-1.30084e-007	0.002875
-1.29584e-007	0.0025625
-1.29084e-007	0.0025625
-1.28584e-007	0.001625
-1.28084e-007	0.0013125
-1.27584e-007	0.001625
-1.27084e-007	0.000375
-1.26584e-007	-0.000875
-1.26084e-007	-0.0011875
-1.25584e-007	-0.0024375
-1.25084e-007	-0.0018125
-1.24584e-007	-0.002125
-1.24084e-007	-0.0018125
-1.23584e-007	-0.0015
-1.23084e-007	-0.0018125
-1.22584e-007	-0.0005625
-1.22084e-007	-0.0005625
-1.21584e-007	6.25e-005
-1.21084e-007	0.0013125
-1.20584e-007	0.001
-1.20084e-007	0.0019375
-1.19584e-007	0.00225
-1.19084e-007	0.00225
-1.18584e-007	0.00225
-1.18084e-007	0.001625
-1.17584e-007	0.0013125
-1.17084e-007	-0.00025
-1.16584e-007	-0.0005625
-1.16084e-007	-0.0011875
-1.15584e-007	-0.0011875
-1.15084e-007	-0.0018125
-1.14584e-007	-0.002125
-1.14084e-007	-0.0018125
-1.13584e-007	-0.0011875
-1.13084e-007	-0.0015
-1.12584e-007	-0.000875
-1.12084e-007	-0.00025
-1.11584e-007	0.0013125
-1.11084e-007	0.001
-1.10584e-007	0.0006875
-1.10084e-007	0.001625
-1.09584e-007	0.0019375
-1.09084e-007	0.001625
-1.08584e-007	0.0013125
-1.08084e-007	0.0006875
-1.07584e-007	0.0013125
-1.07084e-007	0.000375
-1.06584e-007	-0.000875
-1.06084e-007	-0.0011875
-1.05584e-007	-0.0015
-1.05084e-007	-0.000875
-1.04584e-007	-0.002125
-1.04084e-007	-0.0018125
-1.03584e-007	-0.0011875
-1.03084e-007	-0.000875
-1.02584e-007	-0.000875
-1.02084e-007	-0.00025
-1.01584e-007	0.000375
-1.01084e-007	0.000375
-1.00584e-007	0.001625
-1.00084e-007	0.0013125
-9.9584e-008	0.0006875
-9.9084e-008	0.001
-9.8584e-008	0.0006875
-9.8084e-008	0.0013125
-9.7584e-008	0.0006875
-9.7084e-008	6.25e-005
-9.6584e-008	-0.0005625
-9.6084e-008	-0.000875
-9.5584e-008	-0.0018125
-9.5084e-008	-0.0018125
-9.4584e-008	-0.000875
-9.4084e-008	-0.000875
-9.3584e-008	-0.0015
-9.3084e-008	-0.000875
-9.2584e-008	-0.000875
-9.2084e-008	0.000375
-9.1584e-008	0.0006875
-9.1084e-008	6.25e-005
-9.0584e-008	0.001625
-9.0084e-008	0.0006875
-8.9584e-008	0.0006875
-8.9084e-008	0.0013125
-8.8584e-008	0.0013125
-8.8084e-008	0.0006875
-8.7584e-008	0.000375
-8.7084e-008	-0.00025
-8.6584e-008	6.25e-005
-8.6084e-008	-0.0005625
-8.5584e-008	-0.000875
-8.5084e-008	-0.000875
-8.4584e-008	-0.000875
-8.4084e-008	-0.000875
-8.3584e-008	-0.000875
-8.3084e-008	-0.000875
-8.2584e-008	-0.000875
-8.2084e-008	-0.00025
-8.1584e-008	-0.00025
-8.1084e-008	6.25e-005
-8.0584e-008	0.000375
-8.0084e-008	0.0006875
-7.9584e-008	0.0006875
-7.9084e-008	0.000375
-7.8584e-008	-0.00025
-7.8084e-008	0.000375
-7.7584e-008	-0.00025
-7.7084e-008	6.25e-005
-7.6584e-008	6.25e-005
-7.6084e-008	6.25e-005
-7.5584e-008	0.0006875
-7.5084e-008	-0.00025
-7.4584e-008	-0.000875
-7.4084e-008	6.25e-005
-7.3584e-008	-0.0005625
-7.3084e-008	-0.0005625
-7.2584e-008	-0.00025
-7.2084e-008	-0.0005625
-7.1584e-008	-0.0011875
-7.1084e-008	-0.0005625
-7.0584e-008	0.000375
-7.0084e-008	-0.00025
-6.9584e-008	-0.00025
-6.9084e-008	6.25e-005
-6.8584e-008	6.25e-005
-6.8084e-008	0.000375
-6.7584e-008	-0.00025
-6.7084e-008	-0.0005625
-6.6584e-008	0.000375
-6.6084e-008	0.0006875
-6.5584e-008	0.001
-6.5084e-008	0.000375
-6.4584e-008	6.25e-005
-6.4084e-008	-0.00025
-6.3584e-008	-0.00025
-6.3084e-008	0.000375
-6.2584e-008	6.25e-005
-6.2084e-008	-0.0005625
-6.1584e-008	-0.00025
-6.1084e-008	-0.000875
-6.0584e-008	-0.00025
-6.0084e-008	-0.0005625
-5.9584e-008	-0.000875
-5.9084e-008	-0.0005625
-5.8584e-008	-0.00025
-5.8084e-008	-0.00025
-5.7584e-008	6.25e-005
-5.7084e-008	0.000375
-5.6584e-008	0.0006875
-5.6084e-008	0.001
-5.5584e-008	0.000375
-5.5084e-008	6.25e-005
-5.4584e-008	0.0006875
-5.4084e-008	0.000375
-5.3584e-008	0.000375
-5.3084e-008	0.001
-5.2584e-008	6.25e-005
-5.2084e-008	-0.00025
-5.1584e-008	-0.000875
-5.1084e-008	-0.0011875
-5.0584e-008	-0.0018125
-5.0084e-008	-0.0024375
-4.9584e-008	-0.0024375
-4.9084e-008	-0.0030625
-4.8584e-008	-0.0030625
-4.8084e-008	-0.0030625
-4.7584e-008	-0.003375
-4.7084e-008	-0.0036875
-4.6584e-008	-0.004
-4.6084e-008	-0.0043125
-4.5584e-008	-0.004625
-4.5084e-008	-0.0055625
-4.4584e-008	-0.0061875
-4.4084e-008	-0.0065
-4.3584e-008	-0.00775
-4.3084e-008	-0.00775
-4.2584e-008	-0.00775
-4.2084e-008	-0.008375
-4.1584e-008	-0.0093125
-4.1084e-008	-0.009625
-4.0584e-008	-0.0099375
-4.0084e-008	-0.0099375
-3.9584e-008	-0.0093125
-3.9084e-008	-0.0099375
-3.8584e-008	-0.0105625
-3.8084e-008	-0.009625
-3.7584e-008	-0.01025
-3.7084e-008	-0.01025
-3.6584e-008	-0.0099375
-3.6084e-008	-0.0093125
-3.5584e-008	-0.0086875
-3.5084e-008	-0.0080625
-3.4584e-008	-0.008375
-3.4084e-008	-0.0086875
-3.3584e-008	-0.009
-3.3084e-008	-0.0086875
-3.2584e-008	-0.01025
-3.2084e-008	-0.0099375
-3.1584e-008	-0.0099375
-3.1084e-008	-0.01025
-3.0584e-008	-0.0111875
-3.0084e-008	-0.0115
-2.9584e-008	-0.0105625
-2.9084e-008	-0.0105625
-2.8584e-008	-0.0105625
-2.8084e-008	-0.01025
-2.7584e-008	-0.009625
-2.7084e-008	-0.009
-2.6584e-008	-0.0086875
-2.6084e-008	-0.0074375
-2.5584e-008	-0.00775
-2.5084e-008	-0.0074375
-2.4584e-008	-0.00775
-2.4084e-008	-0.008375
-2.3584e-008	-0.009
-2.3084e-008	-0.0093125
-2.2584e-008	-0.0099375
-2.2084e-008	-0.009625
-2.1584e-008	-0.01025
-2.1084e-008	-0.0111875
-2.0584e-008	-0.0115
-2.0084e-008	-0.010875
-1.9584e-008	-0.01025
-1.9084e-008	-0.0118125
-1.8584e-008	-0.0115
-1.8084e-008	-0.0105625
-1.7584e-008	-0.0099375
-1.7084e-008	-0.009625
-1.6584e-008	-0.01025
-1.6084e-008	-0.009625
-1.5584e-008	-0.008375
-1.5084e-008	-0.0099375
-1.4584e-008	-0.01025
-1.4084e-008	-0.0099375
-1.3584e-008	-0.0099375
-1.3084e-008	-0.0105625
-1.2584e-008	-0.0105625
-1.2084e-008	-0.0105625
-1.1584e-008	-0.0111875
-1.1084e-008	-0.0118125
-1.0584e-008	-0.012125
-1.0084e-008	-0.0118125
-9.584e-009	-0.0111875
-9.084e-009	-0.0115
-8.584e-009	-0.0111875
-8.084e-009	-0.0111875
-7.584e-009	-0.010875
-7.084e-009	-0.0105625
-6.584e-009	-0.01025
-6.084e-009	-0.0093125
-5.584e-009	-0.0099375
-5.084e-009	-0.0099375
-4.584e-009	-0.0099375
-4.084e-009	-0.010875
-3.584e-009	-0.0099375
-3.084e-009	-0.0111875
-2.584e-009	-0.0118125
-2.084e-009	-0.0111875
-1.584e-009	-0.0118125
-1.084e-009	-0.0118125
-5.84e-010	-0.012125
-8.4e-011	-0.0118125
4.16e-010	-0.010875
9.16e-010	-0.0115
1.416e-009	-0.010875
1.916e-009	-0.0105625
2.416e-009	-0.01025
2.916e-009	-0.009625
3.416e-009	-0.0105625
3.916e-009	-0.009625
4.416e-009	-0.0099375
4.916e-009	-0.0099375
5.416e-009	-0.0099375
5.916e-009	-0.0111875
6.416e-009	-0.0111875
6.916e-009	-0.0118125
7.416e-009	-0.012125
7.916e-009	-0.0124375
8.416e-009	-0.0118125
8.916e-009	-0.0118125
9.416e-009	-0.0124375
9.916e-009	-0.0124375
1.0416e-008	-0.0118125
1.0916e-008	-0.012125
1.1416e-008	-0.0111875
1.1916e-008	-0.010875
1.2416e-008	-0.0099375
1.2916e-008	-0.0093125
1.3416e-008	-0.01025
1.3916e-008	-0.009625
1.4416e-008	-0.009625
1.4916e-008	-0.009625
1.5416e-008	-0.0115
1.5916e-008	-0.0118125
1.6416e-008	-0.010875
1.6916e-008	-0.012125
1.7416e-008	-0.0118125
1.7916e-008	-0.0124375
1.8416e-008	-0.01275
1.8916e-008	-0.012125
1.9416e-008	-0.0124375
1.9916e-008	-0.0124375
2.0416e-008	-0.0115
2.0916e-008	-0.0115
2.1416e-008	-0.01025
2.1916e-008	-0.0105625
2.2416e-008	-0.01025
2.2916e-008	-0.009625
2.3416e-008	-0.009625
2.3916e-008	-0.009
2.4416e-008	-0.009625
2.4916e-008	-0.01025
2.5416e-008	-0.0105625
2.5916e-008	-0.0118125
2.6416e-008	-0.010875
2.6916e-008	-0.0118125
2.7416e-008	-0.0124375
2.7916e-008	-0.0124375
2.8416e-008	-0.01275
2.8916e-008	-0.0124375
2.9416e-008	-0.012125
2.9916e-008	-0.012125
3.0416e-008	-0.0111875
3.0916e-008	-0.0115
3.1416e-008	-0.010875
3.1916e-008	-0.0105625
3.2416e-008	-0.0105625
3.2916e-008	-0.009625
3.3416e-008	-0.009625
3.3916e-008	-0.0093125
3.4416e-008	-0.0099375
3.4916e-008	-0.0093125
3.5416e-008	-0.009
3.5916e-008	-0.009625
3.6416e-008	-0.0105625
3.6916e-008	-0.0111875
3.7416e-008	-0.0111875
3.7916e-008	-0.01275
3.8416e-008	-0.01275
3.8916e-008	-0.0124375
3.9416e-008	-0.0118125
3.9916e-008	-0.0118125
4.0416e-008	-0.012125
4.0916e-008	-0.012125
4.1416e-008	-0.0111875
4.1916e-008	-0.0115
4.2416e-008	-0.010875
4.2916e-008	-0.0105625
4.3416e-008	-0.009
4.3916e-008	-0.008375
4.4416e-008	-0.009625
4.4916e-008	-0.009
4.5416e-008	-0.009625
4.5916e-008	-0.0099375
4.6416e-008	-0.009625
4.6916e-008	-0.01025
4.7416e-008	-0.010875
4.7916e-008	-0.012125
4.8416e-008	-0.012125
4.8916e-008	-0.0118125
4.9416e-008	-0.012125
4.9916e-008	-0.013375
5.0416e-008	-0.01275
5.0916e-008	-0.012125
5.1416e-008	-0.0115
5.1916e-008	-0.0111875
5.2416e-008	-0.0105625
5.2916e-008	-0.01025
5.3416e-008	-0.009625
5.3916e-008	-0.0086875
5.4416e-008	-0.0093125
5.4916e-008	-0.009
5.5416e-008	-0.0093125
5.5916e-008	-0.009
5.6416e-008	-0.009625
5.6916e-008	-0.0099375
5.7416e-008	-0.010875
5.7916e-008	-0.0115
5.8416e-008	-0.0111875
5.8916e-008	-0.0118125
5.9416e-008	-0.012125
5.9916e-008	-0.012125
6.0416e-008	-0.0118125
6.0916e-008	-0.012125
6.1416e-008	-0.0124375
6.1916e-008	-0.012125
6.2416e-008	-0.010875
6.2916e-008	-0.010875
6.3416e-008	-0.009625
6.3916e-008	-0.0093125
6.4416e-008	-0.009
6.4916e-008	-0.009
6.5416e-008	-0.009
6.5916e-008	-0.008375
6.6416e-008	-0.009
6.6916e-008	-0.0093125
6.7416e-008	-0.009
6.7916e-008	-0.010875
6.8416e-008	-0.0111875
6.8916e-008	-0.0115
6.9416e-008	-0.012125
6.9916e-008	-0.012125
7.0416e-008	-0.0124375
7.0916e-008	-0.012125
7.1416e-008	-0.0111875
7.1916e-008	-0.0115
7.2416e-008	-0.010875
7.2916e-008	-0.01025
7.3416e-008	-0.009625
7.3916e-008	-0.009
7.4416e-008	-0.009
7.4916e-008	-0.008375
7.5416e-008	-0.0093125
7.5916e-008	-0.009
7.6416e-008	-0.0093125
7.6916e-008	-0.009
7.7416e-008	-0.0093125
7.7916e-008	-0.0099375
7.8416e-008	-0.0105625
7.8916e-008	-0.010875
7.9416e-008	-0.0111875
7.9916e-008	-0.0115
8.0416e-008	-0.0115
8.0916e-008	-0.0118125
8.1416e-008	-0.0111875
8.1916e-008	-0.0111875
8.2416e-008	-0.01025
8.2916e-008	-0.0099375
8.3416e-008	-0.009625
8.3916e-008	-0.009
8.4416e-008	-0.009
8.4916e-008	-0.009
8.5416e-008	-0.009
8.5916e-008	-0.008375
8.6416e-008	-0.0080625
8.6916e-008	-0.0093125
8.7416e-008	-0.0099375
8.7916e-008	-0.009625
8.8416e-008	-0.0099375
8.8916e-008	-0.01025
8.9416e-008	-0.0111875
8.9916e-008	-0.0118125
9.0416e-008	-0.0105625
9.0916e-008	-0.0111875
9.1416e-008	-0.010875
9.1916e-008	-0.0111875
9.2416e-008	-0.0105625
9.2916e-008	-0.009625
9.3416e-008	-0.0093125
9.3916e-008	-0.0086875
9.4416e-008	-0.0086875
9.4916e-008	-0.008375
9.5416e-008	-0.0093125
9.5916e-008	-0.0086875
9.6416e-008	-0.009
9.6916e-008	-0.009
9.7416e-008	-0.0093125
9.7916e-008	-0.01025
9.8416e-008	-0.010875
9.8916e-008	-0.01025
9.9416e-008	-0.0115
9.9916e-008	-0.0115
1.00416e-007	-0.0115
1.00916e-007	-0.0111875
1.01416e-007	-0.0099375
1.01916e-007	-0.0099375
1.02416e-007	-0.0099375
1.02916e-007	-0.0093125
1.03416e-007	-0.0086875
1.03916e-007	-0.0080625
1.04416e-007	-0.00775
1.04916e-007	-0.008375
1.05416e-007	-0.008375
1.05916e-007	-0.0080625
1.06416e-007	-0.0080625
1.06916e-007	-0.009625
1.07416e-007	-0.01025
1.07916e-007	-0.010875
1.08416e-007	-0.0099375
1.08916e-007	-0.0099375
1.09416e-007	-0.0105625
1.09916e-007	-0.0118125
1.10416e-007	-0.0105625
1.10916e-007	-0.0105625
1.11416e-007	-0.009625
1.11916e-007	-0.009625
1.12416e-007	-0.009
1.12916e-007	-0.0080625
1.13416e-007	-0.0086875
1.13916e-007	-0.0074375
1.14416e-007	-0.0074375
1.14916e-007	-0.0080625
1.15416e-007	-0.0080625
1.15916e-007	-0.0074375
1.16416e-007	-0.0080625
1.16916e-007	-0.0086875
1.17416e-007	-0.0093125
1.17916e-007	-0.009
1.18416e-007	-0.0105625
1.18916e-007	-0.01025
1.19416e-007	-0.010875
1.19916e-007	-0.0118125
1.20416e-007	-0.0118125
1.20916e-007	-0.0111875
1.21416e-007	-0.0099375
1.21916e-007	-0.0093125
1.22416e-007	-0.0086875
1.22916e-007	-0.0080625
1.23416e-007	-0.00775
1.23916e-007	-0.0068125
1.24416e-007	-0.0074375
1.24916e-007	-0.0068125
1.25416e-007	-0.0065
1.25916e-007	-0.0074375
1.26416e-007	-0.00775
1.26916e-007	-0.00775
1.27416e-007	-0.008375
1.27916e-007	-0.0099375
1.28416e-007	-0.01025
1.28916e-007	-0.0105625
1.29416e-007	-0.0111875
1.29916e-007	-0.0115
1.30416e-007	-0.0105625
1.30916e-007	-0.0105625
1.31416e-007	-0.009625
1.31916e-007	-0.0093125
1.32416e-007	-0.008375
1.32916e-007	-0.0074375
1.33416e-007	-0.0074375
1.33916e-007	-0.0068125
1.34416e-007	-0.0061875
1.34916e-007	-0.0068125
1.35416e-007	-0.0068125
1.35916e-007	-0.0068125
1.36416e-007	-0.0068125
1.36916e-007	-0.0080625
1.37416e-007	-0.009
1.37916e-007	-0.0086875
1.38416e-007	-0.009625
1.38916e-007	-0.009625
1.39416e-007	-0.010875
1.39916e-007	-0.010875
1.40416e-007	-0.01025
1.40916e-007	-0.0105625
1.41416e-007	-0.01025
1.41916e-007	-0.0080625
1.42416e-007	-0.0080625
1.42916e-007	-0.00775
1.43416e-007	-0.0074375
1.43916e-007	-0.0061875
1.44416e-007	-0.0065
1.44916e-007	-0.0061875
1.45416e-007	-0.005875
1.45916e-007	-0.0065
1.46416e-007	-0.007125
1.46916e-007	-0.00775
1.47416e-007	-0.009
1.47916e-007	-0.0074375
1.48416e-007	-0.008375
1.48916e-007	-0.009625
1.49416e-007	-0.01025
1.49916e-007	-0.0111875
1.50416e-007	-0.0099375
1.50916e-007	-0.01025
1.51416e-007	-0.009
1.51916e-007	-0.008375
1.52416e-007	-0.008375
1.52916e-007	-0.0074375
1.53416e-007	-0.0068125
1.53916e-007	-0.0065
1.54416e-007	-0.005875
1.54916e-007	-0.005875
1.55416e-007	-0.00525
1.55916e-007	-0.005875
1.56416e-007	-0.0065
1.56916e-007	-0.0065
1.57416e-007	-0.0074375
1.57916e-007	-0.008375
1.58416e-007	-0.008375
1.58916e-007	-0.0086875
1.59416e-007	-0.0099375
1.59916e-007	-0.010875
1.60416e-007	-0.0099375
1.60916e-007	-0.0093125
1.61416e-007	-0.0086875
1.61916e-007	-0.0080625
1.62416e-007	-0.008375
1.62916e-007	-0.007125
1.63416e-007	-0.0074375
1.63916e-007	-0.0065
1.64416e-007	-0.0065
1.64916e-007	-0.005875
1.65416e-007	-0.0061875
1.65916e-007	-0.0068125
1.66416e-007	-0.0065
1.66916e-007	-0.0068125
1.67416e-007	-0.00775
1.67916e-007	-0.0074375
1.68416e-007	-0.008375
1.68916e-007	-0.008375
1.69416e-007	-0.0086875
1.69916e-007	-0.0086875
1.70416e-007	-0.0093125
1.70916e-007	-0.009625
1.71416e-007	-0.009
1.71916e-007	-0.0080625
1.72416e-007	-0.0074375
1.72916e-007	-0.0068125
1.73416e-007	-0.007125
1.73916e-007	-0.007125
1.74416e-007	-0.0061875
1.74916e-007	-0.005875
1.75416e-007	-0.0055625
1.75916e-007	-0.0061875
1.76416e-007	-0.0065
1.76916e-007	-0.007125
1.77416e-007	-0.0074375
1.77916e-007	-0.00775
1.78416e-007	-0.008375
1.78916e-007	-0.0086875
1.79416e-007	-0.008375
1.79916e-007	-0.009
1.80416e-007	-0.008375
1.80916e-007	-0.0080625
1.81416e-007	-0.008375
1.81916e-007	-0.008375
1.82416e-007	-0.0074375
1.82916e-007	-0.0068125
1.83416e-007	-0.0074375
1.83916e-007	-0.0068125
1.84416e-007	-0.0068125
1.84916e-007	-0.0061875
1.85416e-007	-0.0068125
1.85916e-007	-0.0065
1.86416e-007	-0.0068125
1.86916e-007	-0.007125
1.87416e-007	-0.00775
1.87916e-007	-0.0074375
1.88416e-007	-0.0074375
1.88916e-007	-0.007125
1.89416e-007	-0.008375
1.89916e-007	-0.008375
1.90416e-007	-0.008375
1.90916e-007	-0.0074375
1.91416e-007	-0.0074375
1.91916e-007	-0.007125
1.92416e-007	-0.0074375
1.92916e-007	-0.007125
1.93416e-007	-0.0061875
1.93916e-007	-0.0068125
1.94416e-007	-0.0074375
1.94916e-007	-0.0065
1.95416e-007	-0.0061875
1.95916e-007	-0.0065
1.96416e-007	-0.0068125
1.96916e-007	-0.0068125
1.97416e-007	-0.0068125
1.97916e-007	-0.00775
1.98416e-007	-0.0074375
1.98916e-007	-0.00775
1.99416e-007	-0.0074375
1.99916e-007	-0.00775
2.00416e-007	-0.0074375
2.00916e-007	-0.007125
2.01416e-007	-0.00775
2.01916e-007	-0.0074375
2.02416e-007	-0.007125
2.02916e-007	-0.007125
2.03416e-007	-0.007125
2.03916e-007	-0.0061875
2.04416e-007	-0.0061875
2.04916e-007	-0.0065
2.05416e-007	-0.0065
2.05916e-007	-0.0065
2.06416e-007	-0.0068125
2.06916e-007	-0.0061875
2.07416e-007	-0.0065
2.07916e-007	-0.0074375
2.08416e-007	-0.0074375
2.08916e-007	-0.007125
2.09416e-007	-0.007125
2.09916e-007	-0.007125
2.10416e-007	-0.0074375
2.10916e-007	-0.007125
2.11416e-007	-0.0080625
2.11916e-007	-0.0068125
2.12416e-007	-0.0074375
2.12916e-007	-0.0068125
2.13416e-007	-0.0065
2.13916e-007	-0.007125
2.14416e-007	-0.007125
2.14916e-007	-0.0065
2.15416e-007	-0.0068125
2.15916e-007	-0.005875
2.16416e-007	-0.0068125
2.16916e-007	-0.005875
2.17416e-007	-0.005875
2.17916e-007	-0.0061875
2.18416e-007	-0.0065
2.18916e-007	-0.00775
2.19416e-007	-0.007125
2.19916e-007	-0.007125
2.20416e-007	-0.007125
2.20916e-007	-0.0068125
2.21416e-007	-0.00775
2.21916e-007	-0.0074375
2.22416e-007	-0.007125
2.22916e-007	-0.0068125
2.23416e-007	-0.0065
2.23916e-007	-0.0068125
2.24416e-007	-0.0068125
2.24916e-007	-0.0068125
2.25416e-007	-0.0065
2.25916e-007	-0.0061875
2.26416e-007	-0.0061875
2.26916e-007	-0.0055625
2.27416e-007	-0.005875
2.27916e-007	-0.0061875
2.28416e-007	-0.005875
2.28916e-007	-0.0061875
2.29416e-007	-0.0065
2.29916e-007	-0.0065
2.30416e-007	-0.0068125
2.30916e-007	-0.0068125
2.31416e-007	-0.007125
2.31916e-007	-0.0074375
2.32416e-007	-0.0080625
2.32916e-007	-0.007125
2.33416e-007	-0.0061875
2.33916e-007	-0.0061875
2.34416e-007	-0.0068125
2.34916e-007	-0.0068125
2.35416e-007	-0.005875
2.35916e-007	-0.0049375
2.36416e-007	-0.0065
2.36916e-007	-0.005875
2.37416e-007	-0.0061875
2.37916e-007	-0.00525
2.38416e-007	-0.0055625
2.38916e-007	-0.0061875
2.39416e-007	-0.005875
2.39916e-007	-0.0061875
2.40416e-007	-0.0061875
2.40916e-007	-0.0068125
2.41416e-007	-0.0074375
2.41916e-007	-0.007125
2.42416e-007	-0.0068125
2.42916e-007	-0.0074375
2.43416e-007	-0.007125
2.43916e-007	-0.0068125
2.44416e-007	-0.0061875
2.44916e-007	-0.0061875
2.45416e-007	-0.0061875
2.45916e-007	-0.0061875
2.46416e-007	-0.005875
2.46916e-007	-0.005875
2.47416e-007	-0.0049375
2.47916e-007	-0.00525
2.48416e-007	-0.005875
2.48916e-007	-0.005875
2.49416e-007	-0.0055625
2.49916e-007	-0.005875
2.50416e-007	-0.005875
2.50916e-007	-0.0061875
2.51416e-007	-0.007125
2.51916e-007	-0.0068125
2.52416e-007	-0.0074375
2.52916e-007	-0.0074375
2.53416e-007	-0.007125
2.53916e-007	-0.0061875
2.54416e-007	-0.005875
2.54916e-007	-0.0055625
2.55416e-007	-0.0061875
2.55916e-007	-0.0055625
2.56416e-007	-0.004625
2.56916e-007	-0.004625
2.57416e-007	-0.00525
2.57916e-007	-0.0055625
2.58416e-007	-0.0061875
2.58916e-007	-0.00525
2.59416e-007	-0.0055625
2.59916e-007	-0.005875
2.60416e-007	-0.0068125
2.60916e-007	-0.007125
2.61416e-007	-0.0068125
2.61916e-007	-0.0065
2.62416e-007	-0.007125
2.62916e-007	-0.007125
2.63416e-007	-0.007125
2.63916e-007	-0.0061875
2.64416e-007	-0.005875
2.64916e-007	-0.0055625
2.65416e-007	-0.004625
2.65916e-007	-0.0049375
2.66416e-007	-0.004625
2.66916e-007	-0.0049375
2.67416e-007	-0.0049375
2.67916e-007	-0.005875
2.68416e-007	-0.005875
2.68916e-007	-0.0061875
2.69416e-007	-0.0065
2.69916e-007	-0.0061875
2.70416e-007	-0.0061875
2.70916e-007	-0.0068125
2.71416e-007	-0.0065
2.71916e-007	-0.0068125
2.72416e-007	-0.005875
2.72916e-007	-0.005875
2.73416e-007	-0.0065
2.73916e-007	-0.0061875
2.74416e-007	-0.00525
2.74916e-007	-0.0049375
2.75416e-007	-0.0049375
2.75916e-007	-0.0049375
2.76416e-007	-0.0049375
2.76916e-007	-0.00525
2.77416e-007	-0.004625
2.77916e-007	-0.004625
2.78416e-007	-0.005875
2.78916e-007	-0.0061875
2.79416e-007	-0.0065
2.79916e-007	-0.0061875
2.80416e-007	-0.007125
2.80916e-007	-0.005875
2.81416e-007	-0.0061875
2.81916e-007	-0.0061875
2.82416e-007	-0.0061875
2.82916e-007	-0.0055625
2.83416e-007	-0.004625
2.83916e-007	-0.0043125
2.84416e-007	-0.00525
2.84916e-007	-0.004625
2.85416e-007	-0.0049375
2.85916e-007	-0.004625
2.86416e-007	-0.0036875
2.86916e-007	-0.004
2.87416e-007	-0.0049375
2.87916e-007	-0.005875
2.88416e-007	-0.005875
2.88916e-007	-0.0061875
2.89416e-007	-0.0068125
2.89916e-007	-0.0061875
2.90416e-007	-0.0061875
2.90916e-007	-0.0065
2.91416e-007	-0.0065
2.91916e-007	-0.0061875
2.92416e-007	-0.0049375
2.92916e-007	-0.00525
2.93416e-007	-0.0049375
2.93916e-007	-0.0049375
2.94416e-007	-0.003375
2.94916e-007	-0.0030625
2.95416e-007	-0.004
2.95916e-007	-0.0043125
2.96416e-007	-0.004
2.96916e-007	-0.0049375
2.97416e-007	-0.00525
2.97916e-007	-0.0055625
2.98416e-007	-0.005875
2.98916e-007	-0.0061875
2.99416e-007	-0.0061875
2.99916e-007	-0.0068125
3.00416e-007	-0.0065
3.00916e-007	-0.0055625
3.01416e-007	-0.0061875
3.01916e-007	-0.0055625
3.02416e-007	-0.00525
3.02916e-007	-0.0043125
3.03416e-007	-0.004625
3.03916e-007	-0.0043125
3.04416e-007	-0.003375
3.04916e-007	-0.003375
3.05416e-007	-0.0030625
3.05916e-007	-0.0036875
3.06416e-007	-0.00525
3.06916e-007	-0.0049375
3.07416e-007	-0.0055625
3.07916e-007	-0.005875
3.08416e-007	-0.0061875
3.08916e-007	-0.005875
3.09416e-007	-0.005875
3.09916e-007	-0.0068125
3.10416e-007	-0.0074375
3.10916e-007	-0.0065
3.11416e-007	-0.0055625
3.11916e-007	-0.0049375
3.12416e-007	-0.0043125
3.12916e-007	-0.004625
3.13416e-007	-0.0036875
3.13916e-007	-0.0036875
3.14416e-007	-0.0036875
3.14916e-007	-0.0036875
3.15416e-007	-0.003375
3.15916e-007	-0.0049375
3.16416e-007	-0.0049375
3.16916e-007	-0.004625
3.17416e-007	-0.0049375
3.17916e-007	-0.00525
3.18416e-007	-0.005875
3.18916e-007	-0.0065
3.19416e-007	-0.0065
3.19916e-007	-0.0061875
3.20416e-007	-0.00525
3.20916e-007	-0.005875
3.21416e-007	-0.00525
3.21916e-007	-0.0043125
3.22416e-007	-0.0036875
3.22916e-007	-0.003375
3.23416e-007	-0.0043125
3.23916e-007	-0.0036875
3.24416e-007	-0.003375
3.24916e-007	-0.003375
3.25416e-007	-0.0036875
3.25916e-007	-0.0049375
3.26416e-007	-0.0049375
3.26916e-007	-0.0055625
3.27416e-007	-0.005875
3.27916e-007	-0.0049375
3.28416e-007	-0.005875
3.28916e-007	-0.0055625
3.29416e-007	-0.005875
3.29916e-007	-0.0055625
3.30416e-007	-0.0049375
3.30916e-007	-0.0049375
3.31416e-007	-0.004
3.31916e-007	-0.0036875
3.32416e-007	-0.0036875
3.32916e-007	-0.004
3.33416e-007	-0.003375
3.33916e-007	-0.0030625
3.34416e-007	-0.0036875
3.34916e-007	-0.004625
3.35416e-007	-0.0043125
3.35916e-007	-0.004625
3.36416e-007	-0.00525
3.36916e-007	-0.0055625
3.37416e-007	-0.00525
3.37916e-007	-0.00525
3.38416e-007	-0.0055625
3.38916e-007	-0.0055625
3.39416e-007	-0.00525
3.39916e-007	-0.00525
3.40416e-007	-0.0049375
3.40916e-007	-0.0043125
3.41416e-007	-0.0030625
3.41916e-007	-0.0030625
3.42416e-007	-0.0030625
3.42916e-007	-0.0030625
3.43416e-007	-0.0030625
3.43916e-007	-0.0030625
3.44416e-007	-0.0036875
3.44916e-007	-0.004625
3.45416e-007	-0.0049375
3.45916e-007	-0.005875
3.46416e-007	-0.0055625
3.46916e-007	-0.0055625
3.47416e-007	-0.0055625
3.47916e-007	-0.005875
3.48416e-007	-0.005875
3.48916e-007	-0.0049375
3.49416e-007	-0.0049375
3.49916e-007	-0.0043125
3.50416e-007	-0.0036875
3.50916e-007	-0.0036875
3.51416e-007	-0.0030625
3.51916e-007	-0.0030625
3.52416e-007	-0.0030625
3.52916e-007	-0.0030625
3.53416e-007	-0.0036875
3.53916e-007	-0.0036875
3.54416e-007	-0.0043125
3.54916e-007	-0.004625
3.55416e-007	-0.0049375
3.55916e-007	-0.0055625
3.56416e-007	-0.00525
3.56916e-007	-0.0055625
3.57416e-007	-0.0055625
3.57916e-007	-0.0055625
3.58416e-007	-0.00525
3.58916e-007	-0.00525
3.59416e-007	-0.0049375
3.59916e-007	-0.0036875
3.60416e-007	-0.00275
3.60916e-007	-0.0030625
3.61416e-007	-0.0030625
3.61916e-007	-0.0030625
3.62416e-007	-0.0030625
3.62916e-007	-0.0030625
3.63416e-007	-0.003375
3.63916e-007	-0.0043125
3.64416e-007	-0.004
3.64916e-007	-0.004625
3.65416e-007	-0.0055625
3.65916e-007	-0.00525
3.66416e-007	-0.00525
3.66916e-007	-0.005875
3.67416e-007	-0.0061875
3.67916e-007	-0.00525
3.68416e-007	-0.004
3.68916e-007	-0.004625
3.69416e-007	-0.0043125
3.69916e-007	-0.004
3.70416e-007	-0.004
3.70916e-007	-0.0030625
3.71416e-007	-0.003375
3.71916e-007	-0.003375
3.72416e-007	-0.0030625
3.72916e-007	-0.0036875
3.73416e-007	-0.003375
3.73916e-007	-0.0036875
3.74416e-007	-0.003375
3.74916e-007	-0.0036875
3.75416e-007	-0.0043125
3.75916e-007	-0.0049375
3.76416e-007	-0.00525
3.76916e-007	-0.0049375
3.77416e-007	-0.0049375
3.77916e-007	-0.0049375
3.78416e-007	-0.004
3.78916e-007	-0.004
3.79416e-007	-0.0043125
3.79916e-007	-0.0036875
3.80416e-007	-0.0030625
3.80916e-007	-0.0030625
3.81416e-007	-0.004
3.81916e-007	-0.0036875
3.82416e-007	-0.003375
3.82916e-007	-0.0036875
3.83416e-007	-0.004
3.83916e-007	-0.0036875
3.84416e-007	-0.004
3.84916e-007	-0.004625
3.85416e-007	-0.004
3.85916e-007	-0.004
3.86416e-007	-0.0036875
3.86916e-007	-0.004
3.87416e-007	-0.004
3.87916e-007	-0.004
3.88416e-007	-0.004
3.88916e-007	-0.004
3.89416e-007	-0.003375
3.89916e-007	-0.0036875
3.90416e-007	-0.004
3.90916e-007	-0.0036875
3.91416e-007	-0.003375
3.91916e-007	-0.0036875
3.92416e-007	-0.004
3.92916e-007	-0.0043125
3.93416e-007	-0.003375
3.93916e-007	-0.003375
3.94416e-007	-0.004
3.94916e-007	-0.004625
3.95416e-007	-0.0043125
3.95916e-007	-0.003375
3.96416e-007	-0.0043125
3.96916e-007	-0.0043125
3.97416e-007	-0.003375
3.97916e-007	-0.0030625
3.98416e-007	-0.0030625
3.98916e-007	-0.0030625
3.99416e-007	-0.0036875
3.99916e-007	-0.0036875
4.00416e-007	-0.0036875
4.00916e-007	-0.0043125
4.01416e-007	-0.004625
4.01916e-007	-0.004625
4.02416e-007	-0.004
4.02916e-007	-0.004625
4.03416e-007	-0.004625
4.03916e-007	-0.004625
4.04416e-007	-0.004
4.04916e-007	-0.0036875
4.05416e-007	-0.0036875
4.05916e-007	-0.0036875
4.06416e-007	-0.0036875
4.06916e-007	-0.00275
4.07416e-007	-0.0024375
4.07916e-007	-0.0030625
4.08416e-007	-0.003375
4.08916e-007	-0.0024375
4.09416e-007	-0.0024375
4.09916e-007	-0.0030625
4.10416e-007	-0.004
4.10916e-007	-0.004
4.11416e-007	-0.0043125
4.11916e-007	-0.0049375
4.12416e-007	-0.0043125
4.12916e-007	-0.0043125
4.13416e-007	-0.0043125
4.13916e-007	-0.0036875
4.14416e-007	-0.004625
4.14916e-007	-0.00525
4.15416e-007	-0.0036875
4.15916e-007	-0.003375
4.16416e-007	-0.0030625
4.16916e-007	-0.003375
4.17416e-007	-0.00275
4.17916e-007	-0.00275
4.18416e-007	-0.0030625
4.18916e-007	-0.0030625
4.19416e-007	-0.0030625
4.19916e-007	-0.0030625
4.20416e-007	-0.0043125
4.20916e-007	-0.0043125
4.21416e-007	-0.003375
4.21916e-007	-0.004
4.22416e-007	-0.004625
4.22916e-007	-0.0043125
4.23416e-007	-0.0043125
4.23916e-007	-0.0043125
4.24416e-007	-0.0049375
4.24916e-007	-0.003375
4.25416e-007	-0.0036875
4.25916e-007	-0.0043125
4.26416e-007	-0.003375
4.26916e-007	-0.0024375
4.27416e-007	-0.0024375
4.27916e-007	-0.0030625
4.28416e-007	-0.0036875
4.28916e-007	-0.00275
4.29416e-007	-0.003375
4.29916e-007	-0.0036875
4.30416e-007	-0.0036875
4.30916e-007	-0.003375
4.31416e-007	-0.0030625
4.31916e-007	-0.0036875
4.32416e-007	-0.0036875
4.32916e-007	-0.004
4.33416e-007	-0.004
4.33916e-007	-0.004
4.34416e-007	-0.0036875
4.34916e-007	-0.0036875
4.35416e-007	-0.0036875
4.35916e-007	-0.0030625
4.36416e-007	-0.00275
4.36916e-007	-0.003375
4.37416e-007	-0.0030625
4.37916e-007	-0.0036875
4.38416e-007	-0.0036875
4.38916e-007	-0.0030625
4.39416e-007	-0.00275
4.39916e-007	-0.003375
4.40416e-007	-0.003375
4.40916e-007	-0.003375
4.41416e-007	-0.0030625
4.41916e-007	-0.003375
4.42416e-007	-0.0036875
4.42916e-007	-0.0030625
4.43416e-007	-0.0030625
4.43916e-007	-0.00275
4.44416e-007	-0.0030625
4.44916e-007	-0.00275
4.45416e-007	-0.0030625
4.45916e-007	-0.004625
4.46416e-007	-0.0036875
4.46916e-007	-0.0030625
4.47416e-007	-0.0036875
4.47916e-007	-0.0043125
4.48416e-007	-0.003375
4.48916e-007	-0.0030625
4.49416e-007	-0.004
4.49916e-007	-0.004
4.50416e-007	-0.0030625
4.50916e-007	-0.00275
4.51416e-007	-0.00275
4.51916e-007	-0.00275
4.52416e-007	-0.0024375
4.52916e-007	-0.0024375
4.53416e-007	-0.0024375
4.53916e-007	-0.00275
4.54416e-007	-0.00275
4.54916e-007	-0.0030625
4.55416e-007	-0.003375
4.55916e-007	-0.003375
4.56416e-007	-0.003375
4.56916e-007	-0.0043125
4.57416e-007	-0.0043125
4.57916e-007	-0.004
4.58416e-007	-0.004
4.58916e-007	-0.0043125
4.59416e-007	-0.004
4.59916e-007	-0.0036875
4.60416e-007	-0.0030625
4.60916e-007	-0.0030625
4.61416e-007	-0.0030625
4.61916e-007	-0.0024375
4.62416e-007	-0.0024375
4.62916e-007	-0.002125
4.63416e-007	-0.002125
4.63916e-007	-0.002125
4.64416e-007	-0.0024375
4.64916e-007	-0.002125
4.65416e-007	-0.0024375
4.65916e-007	-0.0036875
4.66416e-007	-0.004
4.66916e-007	-0.0043125
4.67416e-007	-0.0043125
4.67916e-007	-0.004
4.68416e-007	-0.004625
4.68916e-007	-0.0043125
4.69416e-007	-0.0036875
4.69916e-007	-0.0036875
4.70416e-007	-0.0030625
4.70916e-007	-0.003375
4.71416e-007	-0.00275
4.71916e-007	-0.0018125
4.72416e-007	-0.0015
4.72916e-007	-0.0011875
4.73416e-007	-0.00275
4.73916e-007	-0.0024375
4.74416e-007	-0.0024375
4.74916e-007	-0.00275
4.75416e-007	-0.00275
4.75916e-007	-0.0030625
4.76416e-007	-0.003375
4.76916e-007	-0.0043125
4.77416e-007	-0.0049375
4.77916e-007	-0.0036875
4.78416e-007	-0.003375
4.78916e-007	-0.004
4.79416e-007	-0.0036875
4.79916e-007	-0.003375
4.80416e-007	-0.003375
4.80916e-007	-0.003375
4.81416e-007	-0.0024375
4.81916e-007	-0.0018125
4.82416e-007	-0.0018125
4.82916e-007	-0.0011875
4.83416e-007	-0.0024375
4.83916e-007	-0.002125
4.84416e-007	-0.002125
4.84916e-007	-0.0030625
4.85416e-007	-0.003375
4.85916e-007	-0.0030625
4.86416e-007	-0.003375
4.86916e-007	-0.0043125
4.87416e-007	-0.0043125
4.87916e-007	-0.0030625
4.88416e-007	-0.0036875
4.88916e-007	-0.0036875
4.89416e-007	-0.0024375
4.89916e-007	-0.0024375
4.90416e-007	-0.00275
4.90916e-007	-0.0030625
4.91416e-007	-0.002125
4.91916e-007	-0.002125
4.92416e-007	-0.0024375
4.92916e-007	-0.0024375
4.93416e-007	-0.00275
4.93916e-007	-0.00275
4.94416e-007	-0.0030625
4.94916e-007	-0.00275
4.95416e-007	-0.0030625
4.95916e-007	-0.004625
4.96416e-007	-0.0036875
4.96916e-007	-0.003375
4.97416e-007	-0.00275
4.97916e-007	-0.003375
4.98416e-007	-0.003375
4.98916e-007	-0.00275
4.99416e-007	-0.002125
4.99916e-007	-0.0018125
5.00416e-007	-0.002125
5.00916e-007	-0.0018125
5.01416e-007	-0.002125
5.01916e-007	-0.0024375
5.02416e-007	-0.0024375
5.02916e-007	-0.0024375
5.03416e-007	-0.00275
5.03916e-007	-0.0030625
5.04416e-007	-0.003375
5.04916e-007	-0.0043125
5.05416e-007	-0.0049375
5.05916e-007	-0.0043125
5.06416e-007	-0.004
5.06916e-007	-0.0036875
5.07416e-007	-0.00275
5.07916e-007	-0.0024375
5.08416e-007	-0.00275
5.08916e-007	-0.002125
5.09416e-007	-0.0015
5.09916e-007	-0.000875
5.10416e-007	-0.0015
5.10916e-007	-0.0011875
5.11416e-007	-0.0015
5.11916e-007	-0.002125
5.12416e-007	-0.0024375
5.12916e-007	-0.0030625
5.13416e-007	-0.0036875
5.13916e-007	-0.0043125
5.14416e-007	-0.0043125
5.14916e-007	-0.0043125
5.15416e-007	-0.004625
5.15916e-007	-0.004625
5.16416e-007	-0.0043125
5.16916e-007	-0.004
5.17416e-007	-0.0024375
5.17916e-007	-0.00275
5.18416e-007	-0.0024375
5.18916e-007	-0.000875
5.19416e-007	-0.00025
5.19916e-007	-0.0005625
5.20416e-007	-0.000875
5.20916e-007	-0.0015
5.21416e-007	-0.002125
5.21916e-007	-0.0024375
5.22416e-007	-0.002125
5.22916e-007	-0.0030625
5.23416e-007	-0.0036875
5.23916e-007	-0.0049375
5.24416e-007	-0.0049375
5.24916e-007	-0.0055625
5.25416e-007	-0.005875
5.25916e-007	-0.0049375
5.26416e-007	-0.004
5.26916e-007	-0.0030625
5.27416e-007	-0.0030625
5.27916e-007	-0.0024375
5.28416e-007	-0.0011875
5.28916e-007	-0.0011875
5.29416e-007	6.25e-005
5.29916e-007	0.000375
5.30416e-007	-0.000875
5.30916e-007	-0.0005625
5.31416e-007	-0.0011875
5.31916e-007	-0.0018125
5.32416e-007	-0.00275
5.32916e-007	-0.004
5.33416e-007	-0.0049375
5.33916e-007	-0.00525
5.34416e-007	-0.00525
5.34916e-007	-0.0055625
5.35416e-007	-0.00525
5.35916e-007	-0.004625
5.36416e-007	-0.004
5.36916e-007	-0.00275
5.37416e-007	-0.0024375
5.37916e-007	-0.002125
5.38416e-007	6.25e-005
5.38916e-007	-0.00025
5.39416e-007	-0.0005625
5.39916e-007	-0.00025
5.40416e-007	-0.00025
5.40916e-007	-0.0005625
5.41416e-007	-0.0011875
5.41916e-007	-0.0018125
5.42416e-007	-0.003375
5.42916e-007	-0.0043125
5.43416e-007	-0.0043125
5.43916e-007	-0.0055625
5.44416e-007	-0.0049375
5.44916e-007	-0.00525
5.45416e-007	-0.0049375
5.45916e-007	-0.0036875
5.46416e-007	-0.003375
5.46916e-007	-0.00275
5.47416e-007	-0.0018125
5.47916e-007	-0.0005625
5.48416e-007	-0.0005625
5.48916e-007	-0.00025
5.49416e-007	0.001
5.49916e-007	-0.00025
5.50416e-007	-0.000875
5.50916e-007	-0.00025
5.51416e-007	-0.0018125
5.51916e-007	-0.0024375
5.52416e-007	-0.0030625
5.52916e-007	-0.0036875
5.53416e-007	-0.004625
5.53916e-007	-0.00525
5.54416e-007	-0.0049375
5.54916e-007	-0.00525
5.55416e-007	-0.004
5.55916e-007	-0.003375
5.56416e-007	-0.0030625
5.56916e-007	-0.0018125
5.57416e-007	-0.0005625
5.57916e-007	-0.000875
5.58416e-007	-0.0005625
5.58916e-007	0.000375
5.59416e-007	0.000375
5.59916e-007	-0.000875
5.60416e-007	-0.00025
5.60916e-007	-0.000875
5.61416e-007	-0.0018125
5.61916e-007	-0.0030625
5.62416e-007	-0.003375
5.62916e-007	-0.0043125
5.63416e-007	-0.0049375
5.63916e-007	-0.0049375
5.64416e-007	-0.0043125
5.64916e-007	-0.004625
5.65416e-007	-0.0043125
5.65916e-007	-0.003375
5.66416e-007	-0.0024375
5.66916e-007	-0.0018125
5.67416e-007	-0.0005625
5.67916e-007	6.25e-005
5.68416e-007	-0.00025
5.68916e-007	6.25e-005
5.69416e-007	6.25e-005
5.69916e-007	-0.00025
5.70416e-007	-0.000875
5.70916e-007	-0.0018125
5.71416e-007	-0.00275
5.71916e-007	-0.0030625
5.72416e-007	-0.0043125
5.72916e-007	-0.004625
5.73416e-007	-0.0055625
5.73916e-007	-0.0055625
5.74416e-007	-0.0043125
5.74916e-007	-0.0036875
5.75416e-007	-0.0030625
5.75916e-007	-0.0030625
5.76416e-007	-0.0018125
5.76916e-007	-0.0005625
5.77416e-007	-0.00025
5.77916e-007	6.25e-005
5.78416e-007	-0.00025
5.78916e-007	6.25e-005
5.79416e-007	0.000375
5.79916e-007	-0.0005625
5.80416e-007	-0.0015
5.80916e-007	-0.002125
5.81416e-007	-0.0024375
5.81916e-007	-0.003375
5.82416e-007	-0.0036875
5.82916e-007	-0.0043125
5.83416e-007	-0.004625
5.83916e-007	-0.0049375
5.84416e-007	-0.004625
5.84916e-007	-0.0043125
5.85416e-007	-0.003375
5.85916e-007	-0.00275
5.86416e-007	-0.0015
5.86916e-007	-0.000875
5.87416e-007	-0.0005625
5.87916e-007	-0.00025
5.88416e-007	6.25e-005
5.88916e-007	0.000375
5.89416e-007	0.000375
5.89916e-007	6.25e-005
5.90416e-007	-0.0011875
5.90916e-007	-0.002125
5.91416e-007	-0.0024375
5.91916e-007	-0.0036875
5.92416e-007	-0.0043125
5.92916e-007	-0.0049375
5.93416e-007	-0.00525
5.93916e-007	-0.004625
5.94416e-007	-0.0043125
5.94916e-007	-0.003375
5.95416e-007	-0.0030625
5.95916e-007	-0.00275
5.96416e-007	-0.0024375
5.96916e-007	-0.0015
5.97416e-007	6.25e-005
5.97916e-007	0.000375
5.98416e-007	-0.0005625
5.98916e-007	6.25e-005
5.99416e-007	-0.0005625
5.99916e-007	-0.0005625
6.00416e-007	-0.000875
6.00916e-007	-0.002125
6.01416e-007	-0.00275
6.01916e-007	-0.003375
6.02416e-007	-0.004
6.02916e-007	-0.00525
6.03416e-007	-0.0049375
6.03916e-007	-0.0043125
6.04416e-007	-0.003375
6.04916e-007	-0.0036875
6.05416e-007	-0.00275
6.05916e-007	-0.002125
6.06416e-007	-0.0018125
6.06916e-007	-0.0011875
6.07416e-007	6.25e-005
6.07916e-007	-0.0005625
6.08416e-007	-0.000875
6.08916e-007	-0.0005625
6.09416e-007	-0.00025
6.09916e-007	-0.000875
6.10416e-007	-0.0015
6.10916e-007	-0.0015
6.11416e-007	-0.0024375
6.11916e-007	-0.00275
6.12416e-007	-0.0036875
6.12916e-007	-0.0049375
6.13416e-007	-0.00525
6.13916e-007	-0.0043125
6.14416e-007	-0.0036875
6.14916e-007	-0.0030625
6.15416e-007	-0.0030625
6.15916e-007	-0.0024375
6.16416e-007	-0.0015
6.16916e-007	-0.000875
6.17416e-007	-0.000875
6.17916e-007	-0.0005625
6.18416e-007	-0.000875
6.18916e-007	-0.000875
6.19416e-007	-0.000875
6.19916e-007	-0.0005625
6.20416e-007	-0.0011875
6.20916e-007	-0.0018125
6.21416e-007	-0.0030625
6.21916e-007	-0.0030625
6.22416e-007	-0.003375
6.22916e-007	-0.004
6.23416e-007	-0.004
6.23916e-007	-0.0043125
6.24416e-007	-0.003375
6.24916e-007	-0.0036875
6.25416e-007	-0.0030625
6.25916e-007	-0.002125
6.26416e-007	-0.0018125
6.26916e-007	-0.0015
6.27416e-007	-0.000875
6.27916e-007	-0.000875
6.28416e-007	-0.000875
6.28916e-007	-0.000875
6.29416e-007	-0.000875
6.29916e-007	-0.0011875
6.30416e-007	-0.0015
6.30916e-007	-0.0018125
6.31416e-007	-0.0024375
6.31916e-007	-0.00275
6.32416e-007	-0.003375
6.32916e-007	-0.0036875
6.33416e-007	-0.0036875
6.33916e-007	-0.0036875
6.34416e-007	-0.003375
6.34916e-007	-0.003375
6.35416e-007	-0.0030625
6.35916e-007	-0.0024375
6.36416e-007	-0.0018125
6.36916e-007	-0.0011875
6.37416e-007	-0.002125
6.37916e-007	-0.0018125
6.38416e-007	-0.0015
6.38916e-007	-0.0005625
6.39416e-007	-0.0011875
6.39916e-007	-0.0018125
6.40416e-007	-0.0018125
6.40916e-007	-0.002125
6.41416e-007	-0.0024375
6.41916e-007	-0.00275
6.42416e-007	-0.003375
6.42916e-007	-0.003375
6.43416e-007	-0.003375
6.43916e-007	-0.0036875
6.44416e-007	-0.0036875
6.44916e-007	-0.003375
6.45416e-007	-0.00275
6.45916e-007	-0.002125
6.46416e-007	-0.0024375
6.46916e-007	-0.002125
6.47416e-007	-0.0018125
6.47916e-007	-0.0011875
6.48416e-007	-0.000875
6.48916e-007	-0.0005625
6.49416e-007	-0.000875
6.49916e-007	-0.0011875
6.50416e-007	-0.000875
6.50916e-007	-0.0018125
6.51416e-007	-0.002125
6.51916e-007	-0.00275
6.52416e-007	-0.003375
6.52916e-007	-0.003375
6.53416e-007	-0.0036875
6.53916e-007	-0.004
6.54416e-007	-0.003375
6.54916e-007	-0.003375
6.55416e-007	-0.0024375
6.55916e-007	-0.00275
6.56416e-007	-0.002125
6.56916e-007	-0.0018125
6.57416e-007	-0.002125
6.57916e-007	-0.0011875
6.58416e-007	-0.0011875
6.58916e-007	-0.0005625
6.59416e-007	-0.0005625
6.59916e-007	-0.0011875
6.60416e-007	-0.0018125
6.60916e-007	-0.0015
6.61416e-007	-0.0015
6.61916e-007	-0.002125
6.62416e-007	-0.00275
6.62916e-007	-0.0024375
6.63416e-007	-0.003375
6.63916e-007	-0.0024375
6.64416e-007	-0.00275
6.64916e-007	-0.0030625
6.65416e-007	-0.0024375
6.65916e-007	-0.0024375
6.66416e-007	-0.00275
6.66916e-007	-0.002125
6.67416e-007	-0.002125
6.67916e-007	-0.0011875
6.68416e-007	-0.000875
6.68916e-007	-0.0005625
6.69416e-007	-0.000875
6.69916e-007	-0.000875
6.70416e-007	-0.000875
6.70916e-007	-0.0018125
6.71416e-007	-0.0018125
6.71916e-007	-0.0024375
6.72416e-007	-0.0024375
6.72916e-007	-0.0024375
6.73416e-007	-0.003375
6.73916e-007	-0.0030625
6.74416e-007	-0.0036875
6.74916e-007	-0.004625
6.75416e-007	-0.00275
6.75916e-007	-0.00275
6.76416e-007	-0.0024375
6.76916e-007	-0.0024375
6.77416e-007	-0.0011875
6.77916e-007	-0.000875
6.78416e-007	-0.0018125
6.78916e-007	-0.0011875
6.79416e-007	-0.000875
6.79916e-007	-0.0011875
6.80416e-007	-0.0005625
6.80916e-007	-0.0018125
6.81416e-007	-0.0011875
6.81916e-007	-0.0011875
6.82416e-007	-0.002125
6.82916e-007	-0.0024375
6.83416e-007	-0.0030625
6.83916e-007	-0.0030625
6.84416e-007	-0.0030625
6.84916e-007	-0.00275
6.85416e-007	-0.0030625
6.85916e-007	-0.003375
6.86416e-007	-0.0024375
6.86916e-007	-0.0030625
6.87416e-007	-0.0024375
6.87916e-007	-0.000875
6.88416e-007	-0.0024375
6.88916e-007	-0.0011875
6.89416e-007	-0.000875
6.89916e-007	-0.000875
6.90416e-007	-0.0005625
6.90916e-007	-0.0018125
6.91416e-007	-0.000875
6.91916e-007	-0.000875
6.92416e-007	-0.0018125
6.92916e-007	-0.0015
6.93416e-007	-0.002125
6.93916e-007	-0.0011875
6.94416e-007	-0.00275
6.94916e-007	-0.0030625
6.95416e-007	-0.00275
6.95916e-007	-0.003375
6.96416e-007	-0.00275
6.96916e-007	-0.0024375
6.97416e-007	-0.00275
6.97916e-007	-0.0024375
6.98416e-007	-0.002125
6.98916e-007	-0.000875
6.99416e-007	-0.000875
6.99916e-007	-0.0011875
7.00416e-007	-0.0011875
7.00916e-007	-0.0018125
7.01416e-007	-0.0011875
7.01916e-007	-0.0011875
7.02416e-007	-0.0018125
7.02916e-007	-0.002125
7.03416e-007	-0.002125
7.03916e-007	-0.0015
7.04416e-007	-0.0018125
7.04916e-007	-0.0024375
7.05416e-007	-0.0024375
7.05916e-007	-0.00275
7.06416e-007	-0.0024375
7.06916e-007	-0.0024375
7.07416e-007	-0.0024375
7.07916e-007	-0.0018125
7.08416e-007	-0.00275
7.08916e-007	-0.002125
7.09416e-007	-0.0024375
7.09916e-007	-0.0015
7.10416e-007	-0.0015
7.10916e-007	-0.0011875
7.11416e-007	-0.000875
7.11916e-007	-0.0018125
7.12416e-007	-0.0015
7.12916e-007	-0.0005625
7.13416e-007	-0.002125
7.13916e-007	-0.0011875
7.14416e-007	-0.0015
7.14916e-007	-0.0015
7.15416e-007	-0.0024375
7.15916e-007	-0.00275
7.16416e-007	-0.0018125
7.16916e-007	-0.0018125
7.17416e-007	-0.0024375
7.17916e-007	-0.0024375
7.18416e-007	-0.0024375
7.18916e-007	-0.0015
7.19416e-007	-0.002125
7.19916e-007	-0.002125
7.20416e-007	-0.0011875
7.20916e-007	-0.002125
7.21416e-007	-0.0015
7.21916e-007	-0.002125
7.22416e-007	-0.0011875
7.22916e-007	-0.0015
7.23416e-007	-0.002125
7.23916e-007	-0.0015
7.24416e-007	-0.002125
7.24916e-007	-0.0024375
7.25416e-007	-0.0015
7.25916e-007	-0.0024375
7.26416e-007	-0.002125
7.26916e-007	-0.002125
7.27416e-007	-0.0018125
7.27916e-007	-0.0018125
7.28416e-007	-0.002125
7.28916e-007	-0.002125
7.29416e-007	-0.0024375
7.29916e-007	-0.002125
7.30416e-007	-0.0024375
7.30916e-007	-0.0024375
7.31416e-007	-0.0018125
7.31916e-007	-0.002125
7.32416e-007	-0.0018125
7.32916e-007	-0.0018125
7.33416e-007	-0.0018125
7.33916e-007	-0.0015
7.34416e-007	-0.002125
7.34916e-007	-0.0011875
7.35416e-007	-0.002125
7.35916e-007	-0.002125
7.36416e-007	-0.002125
7.36916e-007	-0.0024375
7.37416e-007	-0.0011875
7.37916e-007	-0.0011875
7.38416e-007	-0.0024375
7.38916e-007	-0.002125
7.39416e-007	-0.002125
7.39916e-007	-0.0015
7.40416e-007	-0.002125
7.40916e-007	-0.0018125
7.41416e-007	-0.0011875
7.41916e-007	-0.0018125
7.42416e-007	-0.0024375
7.42916e-007	-0.00275
7.43416e-007	-0.002125
7.43916e-007	-0.0024375
7.44416e-007	-0.0018125
7.44916e-007	-0.0011875
7.45416e-007	-0.0024375
7.45916e-007	-0.002125
7.46416e-007	-0.0018125
7.46916e-007	-0.002125
7.47416e-007	-0.0015
7.47916e-007	-0.0018125
7.48416e-007	-0.0011875
7.48916e-007	-0.0011875
7.49416e-007	-0.0018125
7.49916e-007	-0.0018125
7.50416e-007	-0.0011875
7.50916e-007	-0.000875
7.51416e-007	-0.0011875
7.51916e-007	-0.0018125
7.52416e-007	-0.002125
7.52916e-007	-0.002125
7.53416e-007	-0.002125
7.53916e-007	-0.0024375
7.54416e-007	-0.0024375
7.54916e-007	-0.002125
7.55416e-007	-0.0024375
7.55916e-007	-0.0018125
7.56416e-007	-0.002125
7.56916e-007	-0.002125
7.57416e-007	-0.002125
7.57916e-007	-0.0018125
7.58416e-007	-0.0015
7.58916e-007	-0.0011875
7.59416e-007	-0.000875
7.59916e-007	-0.0011875
7.60416e-007	-0.002125
7.60916e-007	-0.000875
7.61416e-007	-0.0011875
7.61916e-007	-0.0018125
7.62416e-007	-0.0024375
7.62916e-007	-0.002125
7.63416e-007	-0.0018125
7.63916e-007	-0.0024375
7.64416e-007	-0.0015
7.64916e-007	-0.0018125
7.65416e-007	-0.00275
7.65916e-007	-0.00275
7.66416e-007	-0.0024375
7.66916e-007	-0.0018125
7.67416e-007	-0.0018125
7.67916e-007	-0.0018125
7.68416e-007	-0.0015
7.68916e-007	-0.0018125
7.69416e-007	-0.0011875
7.69916e-007	-0.0011875
7.70416e-007	-0.0011875
7.70916e-007	-0.0005625
7.71416e-007	-0.000875
7.71916e-007	-0.0005625
7.72416e-007	-0.000875
7.72916e-007	-0.0015
7.73416e-007	-0.0015
7.73916e-007	-0.002125
7.74416e-007	-0.0018125
7.74916e-007	-0.002125
7.75416e-007	-0.0024375
7.75916e-007	-0.0024375
7.76416e-007	-0.00275
7.76916e-007	-0.0024375
7.77416e-007	-0.00275
7.77916e-007	-0.0018125
7.78416e-007	-0.002125
7.78916e-007	-0.0024375
7.79416e-007	-0.002125
7.79916e-007	-0.0015
7.80416e-007	-0.000875
7.80916e-007	-0.0005625
7.81416e-007	-0.0011875
7.81916e-007	-0.0005625
7.82416e-007	-0.0011875
7.82916e-007	-0.000875
7.83416e-007	-0.0011875
7.83916e-007	-0.000875
7.84416e-007	-0.0011875
7.84916e-007	-0.0015
7.85416e-007	-0.002125
7.85916e-007	-0.0024375
7.86416e-007	-0.00275
7.86916e-007	-0.00275
7.87416e-007	-0.003375
7.87916e-007	-0.0030625
7.88416e-007	-0.002125
7.88916e-007	-0.002125
7.89416e-007	-0.0018125
7.89916e-007	-0.0011875
7.90416e-007	-0.000875
7.90916e-007	-0.0011875
7.91416e-007	-0.000875
7.91916e-007	-0.0005625
7.92416e-007	-0.00025
7.92916e-007	-0.00025
7.93416e-007	-0.00025
7.93916e-007	-0.0005625
7.94416e-007	-0.000875
7.94916e-007	-0.0015
7.95416e-007	-0.0018125
7.95916e-007	-0.0024375
7.96416e-007	-0.00275
7.96916e-007	-0.0030625
7.97416e-007	-0.0030625
7.97916e-007	-0.0030625
7.98416e-007	-0.0030625
7.98916e-007	-0.0024375
7.99416e-007	-0.0024375
7.99916e-007	-0.002125
8.00416e-007	-0.0015
8.00916e-007	-0.0015
8.01416e-007	-0.0011875
8.01916e-007	-0.00025
8.02416e-007	6.25e-005
8.02916e-007	-0.00025
8.03416e-007	-0.000875
8.03916e-007	-0.0005625
8.04416e-007	-0.000875
8.04916e-007	-0.0015
8.05416e-007	-0.0011875
8.05916e-007	-0.002125
8.06416e-007	-0.00275
8.06916e-007	-0.00275
8.07416e-007	-0.0030625
8.07916e-007	-0.00275
8.08416e-007	-0.0030625
8.08916e-007	-0.0030625
8.09416e-007	-0.00275
8.09916e-007	-0.0024375
8.10416e-007	-0.0018125
8.10916e-007	-0.0005625
8.11416e-007	-0.00025
8.11916e-007	-0.0005625
8.12416e-007	-0.00025
8.12916e-007	6.25e-005
8.13416e-007	0.000375
8.13916e-007	6.25e-005
8.14416e-007	-0.0005625
8.14916e-007	-0.000875
8.15416e-007	-0.0011875
8.15916e-007	-0.0018125
8.16416e-007	-0.0018125
8.16916e-007	-0.0024375
8.17416e-007	-0.0018125
8.17916e-007	-0.00275
8.18416e-007	-0.0030625
8.18916e-007	-0.0030625
8.19416e-007	-0.00275
8.19916e-007	-0.0018125
8.20416e-007	-0.0018125
8.20916e-007	-0.0015
8.21416e-007	-0.000875
8.21916e-007	-0.0005625
8.22416e-007	6.25e-005
8.22916e-007	6.25e-005
8.23416e-007	-0.0005625
8.23916e-007	-0.0011875
8.24416e-007	-0.000875
8.24916e-007	-0.00025
8.25416e-007	-0.0011875
8.25916e-007	-0.0018125
8.26416e-007	-0.0024375
8.26916e-007	-0.002125
8.27416e-007	-0.0024375
8.27916e-007	-0.0030625
8.28416e-007	-0.0024375
8.28916e-007	-0.003375
8.29416e-007	-0.0030625
8.29916e-007	-0.002125
8.30416e-007	-0.002125
8.30916e-007	-0.000875
8.31416e-007	-0.000875
8.31916e-007	-0.00025
8.32416e-007	6.25e-005
8.32916e-007	-0.0005625
8.33416e-007	6.25e-005
8.33916e-007	-0.0011875
8.34416e-007	-0.000875
8.34916e-007	-0.0005625
8.35416e-007	-0.0018125
8.35916e-007	-0.0015
8.36416e-007	-0.0024375
8.36916e-007	-0.002125
8.37416e-007	-0.002125
8.37916e-007	-0.00275
8.38416e-007	-0.0024375
8.38916e-007	-0.0024375
8.39416e-007	-0.0024375
8.39916e-007	-0.00275
8.40416e-007	-0.002125
8.40916e-007	-0.000875
8.41416e-007	-0.00025
8.41916e-007	0.000375
8.42416e-007	-0.000875
8.42916e-007	-0.000875
8.43416e-007	-0.00025
8.43916e-007	-0.000875
8.44416e-007	-0.0005625
8.44916e-007	-0.0015
8.45416e-007	-0.0015
8.45916e-007	-0.000875
8.46416e-007	-0.00275
8.46916e-007	-0.00275
8.47416e-007	-0.0030625
8.47916e-007	-0.00275
8.48416e-007	-0.002125
8.48916e-007	-0.0024375
8.49416e-007	-0.002125
8.49916e-007	-0.002125
8.50416e-007	-0.0011875
8.50916e-007	-0.0005625
8.51416e-007	-0.000875
8.51916e-007	6.25e-005
8.52416e-007	-0.0005625
8.52916e-007	-0.0005625
8.53416e-007	6.25e-005
8.53916e-007	-0.0011875
8.54416e-007	-0.000875
8.54916e-007	-0.0015
8.55416e-007	-0.002125
8.55916e-007	-0.002125
8.56416e-007	-0.0030625
8.56916e-007	-0.0024375
8.57416e-007	-0.003375
8.57916e-007	-0.003375
8.58416e-007	-0.00275
8.58916e-007	-0.0024375
8.59416e-007	-0.0011875
8.59916e-007	-0.0015
8.60416e-007	-0.000875
8.60916e-007	-0.00025
8.61416e-007	6.25e-005
8.61916e-007	0.0013125
8.62416e-007	6.25e-005
8.62916e-007	0.000375
8.63416e-007	6.25e-005
8.63916e-007	-0.0005625
8.64416e-007	6.25e-005
8.64916e-007	-0.0018125
8.65416e-007	-0.0015
8.65916e-007	-0.0024375
8.66416e-007	-0.0030625
8.66916e-007	-0.0024375
8.67416e-007	-0.0030625
8.67916e-007	-0.003375
8.68416e-007	-0.0036875
8.68916e-007	-0.00275
8.69416e-007	-0.0015
8.69916e-007	-0.0018125
8.70416e-007	-0.0005625
8.70916e-007	0.000375
8.71416e-007	0.0006875
8.71916e-007	0.001
8.72416e-007	-0.00025
8.72916e-007	6.25e-005
8.73416e-007	6.25e-005
8.73916e-007	6.25e-005
8.74416e-007	0.000375
8.74916e-007	-0.000875
8.75416e-007	-0.0015
8.75916e-007	-0.00275
8.76416e-007	-0.0036875
8.76916e-007	-0.0030625
8.77416e-007	-0.0036875
8.77916e-007	-0.0030625
8.78416e-007	-0.0030625
8.78916e-007	-0.0024375
8.79416e-007	-0.0018125
8.79916e-007	-0.0011875
8.80416e-007	0.0006875
8.80916e-007	0.000375
8.81416e-007	-0.00025
8.81916e-007	0.001
8.82416e-007	0.0013125
8.82916e-007	0.001
8.83416e-007	6.25e-005
8.83916e-007	-0.00025
8.84416e-007	-0.00025
8.84916e-007	-0.000875
8.85416e-007	-0.0005625
8.85916e-007	-0.0018125
8.86416e-007	-0.002125
8.86916e-007	-0.0030625
8.87416e-007	-0.004
8.87916e-007	-0.003375
8.88416e-007	-0.00275
8.88916e-007	-0.00275
8.89416e-007	-0.002125
8.89916e-007	-0.0024375
8.90416e-007	-0.0015
8.90916e-007	-0.000875
8.91416e-007	0.0006875
8.91916e-007	0.001
8.92416e-007	-0.00025
8.92916e-007	6.25e-005
8.93416e-007	6.25e-005
8.93916e-007	6.25e-005
8.94416e-007	0.000375
8.94916e-007	-0.0005625
8.95416e-007	-0.0011875
8.95916e-007	-0.0018125
8.96416e-007	-0.0018125
8.96916e-007	-0.002125
8.97416e-007	-0.0030625
8.97916e-007	-0.0030625
8.98416e-007	-0.0030625
8.98916e-007	-0.002125
8.99416e-007	-0.0015
8.99916e-007	-0.0018125
9.00416e-007	-0.0015
9.00916e-007	-0.0018125
9.01416e-007	-0.0011875
9.01916e-007	-0.00025
9.02416e-007	-0.0005625
9.02916e-007	6.25e-005
9.03416e-007	6.25e-005
9.03916e-007	6.25e-005
9.04416e-007	-0.000875
9.04916e-007	-0.00025
9.05416e-007	0.000375
9.05916e-007	-0.000875
9.06416e-007	-0.0015
9.06916e-007	-0.0018125
9.07416e-007	-0.002125
9.07916e-007	-0.002125
9.08416e-007	-0.0024375
9.08916e-007	-0.0018125
9.09416e-007	-0.0018125
9.09916e-007	-0.0011875
9.10416e-007	-0.0011875
9.10916e-007	-0.0011875
9.11416e-007	-0.0015
9.11916e-007	-0.0011875
9.12416e-007	-0.000875
9.12916e-007	-0.00025
9.13416e-007	-0.000875
9.13916e-007	6.25e-005
9.14416e-007	-0.00025
9.14916e-007	-0.0005625
9.15416e-007	-0.00025
9.15916e-007	-0.0011875
9.16416e-007	-0.0015
9.16916e-007	-0.0011875
9.17416e-007	-0.0005625
9.17916e-007	-0.000875
9.18416e-007	-0.0024375
9.18916e-007	-0.002125
9.19416e-007	-0.002125
9.19916e-007	-0.0018125
9.20416e-007	-0.0018125
9.20916e-007	-0.0018125
9.21416e-007	-0.0018125
9.21916e-007	-0.0018125
9.22416e-007	-0.0015
9.22916e-007	-0.0005625
9.23416e-007	-0.00025
9.23916e-007	-0.0005625
9.24416e-007	-0.000875
9.24916e-007	-0.0005625
9.25416e-007	6.25e-005
9.25916e-007	-0.00025
9.26416e-007	6.25e-005
9.26916e-007	-0.0005625
9.27416e-007	-0.000875
9.27916e-007	-0.0011875
9.28416e-007	-0.0018125
9.28916e-007	-0.000875
9.29416e-007	-0.0015
9.29916e-007	-0.002125
9.30416e-007	-0.002125
9.30916e-007	-0.002125
9.31416e-007	-0.002125
9.31916e-007	-0.0018125
9.32416e-007	-0.0018125
9.32916e-007	-0.0015
9.33416e-007	-0.000875
9.33916e-007	-0.00025
9.34416e-007	-0.00025
9.34916e-007	6.25e-005
9.35416e-007	6.25e-005
9.35916e-007	-0.00025
9.36416e-007	6.25e-005
9.36916e-007	-0.00025
9.37416e-007	-0.000875
9.37916e-007	-0.000875
9.38416e-007	-0.000875
9.38916e-007	-0.0011875
9.39416e-007	-0.0011875
9.39916e-007	-0.0015
9.40416e-007	-0.0018125
9.40916e-007	-0.0018125
9.41416e-007	-0.0024375
9.41916e-007	-0.0018125
9.42416e-007	-0.000875
9.42916e-007	-0.0011875
9.43416e-007	-0.0018125
9.43916e-007	-0.000875
9.44416e-007	-0.0005625
9.44916e-007	-0.0005625
9.45416e-007	6.25e-005
9.45916e-007	-0.0005625
9.46416e-007	-0.00025
9.46916e-007	6.25e-005
9.47416e-007	-0.00025
9.47916e-007	-0.0005625
9.48416e-007	-0.000875
9.48916e-007	-0.0015
9.49416e-007	-0.0018125
9.49916e-007	-0.0018125
9.50416e-007	-0.0015
9.50916e-007	-0.0018125
9.51416e-007	-0.002125
9.51916e-007	-0.0018125
9.52416e-007	-0.0011875
9.52916e-007	-0.0015
9.53416e-007	-0.0015
9.53916e-007	-0.0011875
9.54416e-007	-0.0011875
9.54916e-007	-0.0005625
9.55416e-007	-0.0005625
9.55916e-007	6.25e-005
9.56416e-007	0.000375
9.56916e-007	0.000375
9.57416e-007	-0.00025
9.57916e-007	-0.0005625
9.58416e-007	-0.0011875
9.58916e-007	-0.0005625
9.59416e-007	-0.0018125
9.59916e-007	-0.0024375
9.60416e-007	-0.00275
9.60916e-007	-0.0024375
9.61416e-007	-0.0024375
9.61916e-007	-0.0018125
9.62416e-007	-0.002125
9.62916e-007	-0.0018125
9.63416e-007	-0.0015
9.63916e-007	-0.0005625
9.64416e-007	-0.0005625
9.64916e-007	6.25e-005
9.65416e-007	0.000375
9.65916e-007	6.25e-005
9.66416e-007	-0.00025
9.66916e-007	6.25e-005
9.67416e-007	0.000375
9.67916e-007	-0.0005625
9.68416e-007	-0.000875
9.68916e-007	-0.0024375
9.69416e-007	-0.0018125
9.69916e-007	-0.0018125
9.70416e-007	-0.002125
9.70916e-007	-0.002125
9.71416e-007	-0.0024375
9.71916e-007	-0.0024375
9.72416e-007	-0.0018125
9.72916e-007	-0.0018125
9.73416e-007	-0.0011875
9.73916e-007	-0.000875
9.74416e-007	-0.00025
9.74916e-007	0.0006875
9.75416e-007	-0.00025
9.75916e-007	0.000375
9.76416e-007	6.25e-005
9.76916e-007	-0.00025
9.77416e-007	0.000375
9.77916e-007	6.25e-005
9.78416e-007	-0.000875
9.78916e-007	-0.0015
9.79416e-007	-0.0018125
9.79916e-007	-0.002125
9.80416e-007	-0.00275
9.80916e-007	-0.0024375
9.81416e-007	-0.0030625
9.81916e-007	-0.00275
9.82416e-007	-0.002125
9.82916e-007	-0.0011875
9.83416e-007	-0.0011875
9.83916e-007	-0.0011875
9.84416e-007	-0.00025
9.84916e-007	0.0006875
9.85416e-007	0.000375
9.85916e-007	0.0006875
9.86416e-007	0.000375
9.86916e-007	-0.00025
9.87416e-007	-0.000875
9.87916e-007	-0.0005625
9.88416e-007	-0.00025
9.88916e-007	-0.0011875
9.89416e-007	-0.0018125
9.89916e-007	-0.0024375
9.90416e-007	-0.0024375
9.90916e-007	-0.0030625
9.91416e-007	-0.00275
9.91916e-007	-0.0024375
9.92416e-007	-0.002125
9.92916e-007	-0.0018125
9.93416e-007	-0.0011875
9.93916e-007	-0.000875
9.94416e-007	-0.00025
9.94916e-007	0.000375
9.95416e-007	0.000375
9.95916e-007	0.000375
9.96416e-007	0.000375
9.96916e-007	0.000375
9.97416e-007	6.25e-005
9.97916e-007	-0.0005625
9.98416e-007	-0.0005625
9.98916e-007	-0.000875
9.99416e-007	-0.002125
9.99916e-007	-0.0018125
1.000416e-006	-0.00275
1.000916e-006	-0.0018125
1.001416e-006	-0.0024375
1.001916e-006	-0.0030625
1.002416e-006	-0.0030625
1.002916e-006	-0.0018125
1.003416e-006	-0.000875
1.003916e-006	-0.00025
1.004416e-006	-0.0005625
1.004916e-006	-0.00025
1.005416e-006	6.25e-005
1.005916e-006	0.000375
1.006416e-006	0.0006875
1.006916e-006	0.000375
1.007416e-006	0.000375
1.007916e-006	-0.00025
1.008416e-006	-0.0005625
1.008916e-006	-0.0005625
1.009416e-006	-0.0015
1.009916e-006	-0.0018125
1.010416e-006	-0.002125
1.010916e-006	-0.00275
1.011416e-006	-0.0030625
1.011916e-006	-0.00275
1.012416e-006	-0.00275
1.012916e-006	-0.00275
1.013416e-006	-0.000875
1.013916e-006	-0.000875
1.014416e-006	-0.00025
1.014916e-006	-0.00025
1.015416e-006	6.25e-005
1.015916e-006	0.000375
1.016416e-006	0.000375
1.016916e-006	0.000375
1.017416e-006	0.000375
1.017916e-006	-0.00025
1.018416e-006	-0.000875
1.018916e-006	-0.0011875
1.019416e-006	-0.0018125
1.019916e-006	-0.0018125
1.020416e-006	-0.0024375
1.020916e-006	-0.00275
1.021416e-006	-0.0024375
1.021916e-006	-0.0024375
1.022416e-006	-0.002125
1.022916e-006	-0.0011875
1.023416e-006	-0.0024375
1.023916e-006	-0.0011875
1.024416e-006	-0.00025
1.024916e-006	6.25e-005
1.025416e-006	-0.0005625
1.025916e-006	6.25e-005
1.026416e-006	0.000375
1.026916e-006	0.0006875
1.027416e-006	0.0006875
1.027916e-006	0.0006875
1.028416e-006	-0.000875
1.028916e-006	-0.0018125
1.029416e-006	-0.002125
1.029916e-006	-0.0018125
1.030416e-006	-0.00275
1.030916e-006	-0.0030625
1.031416e-006	-0.00275
1.031916e-006	-0.0024375
1.032416e-006	-0.0018125
1.032916e-006	-0.0015
1.033416e-006	-0.002125
1.033916e-006	-0.0015
1.034416e-006	6.25e-005
1.034916e-006	6.25e-005
1.035416e-006	6.25e-005
1.035916e-006	6.25e-005
1.036416e-006	0.000375
1.036916e-006	0.000375
1.037416e-006	0.0006875
1.037916e-006	-0.0005625
1.038416e-006	-0.0005625
1.038916e-006	-0.000875
1.039416e-006	-0.0015
1.039916e-006	-0.0018125
1.040416e-006	-0.002125
1.040916e-006	-0.003375
1.041416e-006	-0.00275
1.041916e-006	-0.002125
1.042416e-006	-0.0015
1.042916e-006	-0.0015
1.043416e-006	-0.0018125
1.043916e-006	-0.0005625
1.044416e-006	-0.0005625
1.044916e-006	-0.00025
1.045416e-006	6.25e-005
1.045916e-006	6.25e-005
1.046416e-006	6.25e-005
1.046916e-006	0.0006875
1.047416e-006	6.25e-005
1.047916e-006	-0.00025
1.048416e-006	-0.0011875
1.048916e-006	-0.0011875
1.049416e-006	-0.002125
1.049916e-006	-0.002125
1.050416e-006	-0.0024375
1.050916e-006	-0.0024375
1.051416e-006	-0.0024375
1.051916e-006	-0.0024375
1.052416e-006	-0.0018125
1.052916e-006	-0.0015
1.053416e-006	-0.0018125
1.053916e-006	-0.00025
1.054416e-006	-0.00025
1.054916e-006	-0.0005625
1.055416e-006	0.0006875
1.055916e-006	0.0006875
1.056416e-006	0.000375
1.056916e-006	6.25e-005
1.057416e-006	0.0006875
1.057916e-006	-0.00025
1.058416e-006	-0.000875
1.058916e-006	-0.000875
1.059416e-006	-0.0015
1.059916e-006	-0.0024375
1.060416e-006	-0.002125
1.060916e-006	-0.0024375
1.061416e-006	-0.0024375
1.061916e-006	-0.0024375
1.062416e-006	-0.0018125
1.062916e-006	-0.0011875
1.063416e-006	-0.0011875
1.063916e-006	-0.000875
1.064416e-006	-0.0005625
1.064916e-006	6.25e-005
1.065416e-006	0.0006875
1.065916e-006	0.001
1.066416e-006	0.0006875
1.066916e-006	0.0006875
1.067416e-006	0.001
1.067916e-006	6.25e-005
1.068416e-006	-0.0005625
1.068916e-006	-0.0005625
1.069416e-006	-0.0018125
1.069916e-006	-0.00275
1.070416e-006	-0.00275
1.070916e-006	-0.00275
1.071416e-006	-0.0024375
1.071916e-006	-0.0024375
1.072416e-006	-0.0024375
1.072916e-006	-0.002125
1.073416e-006	-0.0015
1.073916e-006	-0.0011875
1.074416e-006	-0.000875
1.074916e-006	6.25e-005
1.075416e-006	0.0006875
1.075916e-006	0.001625
1.076416e-006	0.001625
1.076916e-006	0.001
1.077416e-006	0.0006875
1.077916e-006	0.000375
1.078416e-006	6.25e-005
1.078916e-006	-0.0005625
1.079416e-006	-0.000875
1.079916e-006	-0.0018125
1.080416e-006	-0.0024375
1.080916e-006	-0.00275
1.081416e-006	-0.00275
1.081916e-006	-0.00275
1.082416e-006	-0.002125
1.082916e-006	-0.0018125
1.083416e-006	-0.0011875
1.083916e-006	-0.0018125
1.084416e-006	-0.0005625
1.084916e-006	0.000375
1.085416e-006	6.25e-005
1.085916e-006	0.0006875
1.086416e-006	0.001
1.086916e-006	0.0006875
1.087416e-006	0.0006875
1.087916e-006	0.0006875
1.088416e-006	0.000375
1.088916e-006	-0.0005625
1.089416e-006	-0.0015
1.089916e-006	-0.0011875
1.090416e-006	-0.0011875
1.090916e-006	-0.002125
1.091416e-006	-0.00275
1.091916e-006	-0.0024375
1.092416e-006	-0.0024375
1.092916e-006	-0.0018125
1.093416e-006	-0.0015
1.093916e-006	-0.0015
1.094416e-006	-0.0015
1.094916e-006	-0.00025
1.095416e-006	-0.00025
1.095916e-006	6.25e-005
1.096416e-006	0.001
1.096916e-006	0.001
1.097416e-006	0.001
1.097916e-006	0.0006875
1.098416e-006	-0.00025
1.098916e-006	6.25e-005
1.099416e-006	-0.0005625
1.099916e-006	-0.0011875
1.100416e-006	-0.0018125
1.100916e-006	-0.0015
1.101416e-006	-0.002125
1.101916e-006	-0.0024375
1.102416e-006	-0.002125
1.102916e-006	-0.002125
1.103416e-006	-0.0015
1.103916e-006	-0.0018125
1.104416e-006	-0.0011875
1.104916e-006	-0.0005625
1.105416e-006	6.25e-005
1.105916e-006	0.0006875
1.106416e-006	0.0006875
1.106916e-006	0.001
1.107416e-006	0.001
1.107916e-006	6.25e-005
1.108416e-006	-0.00025
1.108916e-006	-0.0005625
1.109416e-006	-0.0005625
1.109916e-006	-0.000875
1.110416e-006	-0.0015
1.110916e-006	-0.0018125
1.111416e-006	-0.002125
1.111916e-006	-0.002125
1.112416e-006	-0.002125
1.112916e-006	-0.0018125
1.113416e-006	-0.0015
1.113916e-006	-0.0015
1.114416e-006	-0.000875
1.114916e-006	-0.0005625
1.115416e-006	0.000375
1.115916e-006	0.0006875
1.116416e-006	6.25e-005
1.116916e-006	0.000375
1.117416e-006	6.25e-005
1.117916e-006	6.25e-005
1.118416e-006	6.25e-005
1.118916e-006	-0.00025
1.119416e-006	-0.0011875
1.119916e-006	-0.0015
1.120416e-006	-0.0011875
1.120916e-006	-0.0015
1.121416e-006	-0.002125
1.121916e-006	-0.002125
1.122416e-006	-0.0015
1.122916e-006	-0.0011875
1.123416e-006	-0.0015
1.123916e-006	-0.0005625
1.124416e-006	0.000375
1.124916e-006	6.25e-005
1.125416e-006	-0.0005625
1.125916e-006	-0.00025
1.126416e-006	0.0006875
1.126916e-006	6.25e-005
1.127416e-006	0.0006875
1.127916e-006	-0.00025
1.128416e-006	-0.000875
1.128916e-006	-0.000875
1.129416e-006	-0.0011875
1.129916e-006	-0.0015
1.130416e-006	-0.0015
1.130916e-006	-0.002125
1.131416e-006	-0.0018125
1.131916e-006	-0.0015
1.132416e-006	-0.000875
1.132916e-006	-0.0015
1.133416e-006	-0.000875
1.133916e-006	-0.0005625
1.134416e-006	6.25e-005
1.134916e-006	0.001
1.135416e-006	0.0006875
1.135916e-006	0.0006875
1.136416e-006	0.0006875
1.136916e-006	0.0006875
1.137416e-006	0.000375
1.137916e-006	-0.000875
1.138416e-006	-0.0015
1.138916e-006	-0.0011875
1.139416e-006	-0.0011875
1.139916e-006	-0.0018125
1.140416e-006	-0.00275
1.140916e-006	-0.002125
1.141416e-006	-0.00275
1.141916e-006	-0.002125
1.142416e-006	-0.0011875
1.142916e-006	-0.0011875
1.143416e-006	-0.000875
1.143916e-006	6.25e-005
1.144416e-006	0.001
1.144916e-006	0.0013125
1.145416e-006	0.001
1.145916e-006	0.0013125
1.146416e-006	0.000375
1.146916e-006	0.000375
1.147416e-006	-0.00025
1.147916e-006	-0.000875
1.148416e-006	-0.0005625
1.148916e-006	-0.000875
1.149416e-006	-0.0015
1.149916e-006	-0.0018125
1.150416e-006	-0.0024375
1.150916e-006	-0.0024375
1.151416e-006	-0.0024375
1.151916e-006	-0.0024375
1.152416e-006	-0.0018125
1.152916e-006	-0.0011875
1.153416e-006	-0.0005625
1.153916e-006	-0.00025
1.154416e-006	-0.00025
1.154916e-006	0.000375
1.155416e-006	0.001625
1.155916e-006	0.0013125
1.156416e-006	0.0006875
1.156916e-006	0.0006875
1.157416e-006	0.0006875
1.157916e-006	6.25e-005
1.158416e-006	6.25e-005
1.158916e-006	-0.0011875
1.159416e-006	-0.002125
1.159916e-006	-0.0024375
1.160416e-006	-0.002125
1.160916e-006	-0.0024375
1.161416e-006	-0.0024375
1.161916e-006	-0.0015
1.162416e-006	-0.0018125
1.162916e-006	-0.0011875
1.163416e-006	-0.00025
1.163916e-006	-0.000875
1.164416e-006	-0.00025
1.164916e-006	0.001
1.165416e-006	0.0006875
1.165916e-006	0.0006875
1.166416e-006	0.001
1.166916e-006	0.0013125
1.167416e-006	6.25e-005
1.167916e-006	0.000375
1.168416e-006	-0.0005625
1.168916e-006	-0.000875
1.169416e-006	-0.0011875
1.169916e-006	-0.0018125
1.170416e-006	-0.0015
1.170916e-006	-0.0018125
1.171416e-006	-0.0024375
1.171916e-006	-0.0015
1.172416e-006	-0.0015
1.172916e-006	-0.0015
1.173416e-006	-0.0011875
1.173916e-006	-0.000875
1.174416e-006	-0.00025
1.174916e-006	-0.00025
1.175416e-006	0.001
1.175916e-006	6.25e-005
1.176416e-006	6.25e-005
1.176916e-006	0.0006875
1.177416e-006	6.25e-005
1.177916e-006	6.25e-005
1.178416e-006	6.25e-005
1.178916e-006	-0.000875
1.179416e-006	-0.000875
1.179916e-006	-0.0011875
1.180416e-006	-0.0005625
1.180916e-006	-0.0018125
1.181416e-006	-0.002125
1.181916e-006	-0.0018125
1.182416e-006	-0.000875
1.182916e-006	6.25e-005
1.183416e-006	-0.0005625
1.183916e-006	-0.000875
1.184416e-006	-0.000875
1.184916e-006	-0.000875
1.185416e-006	6.25e-005
1.185916e-006	-0.00025
1.186416e-006	-0.0005625
1.186916e-006	-0.0005625
1.187416e-006	-0.0005625
1.187916e-006	0.000375
1.188416e-006	-0.00025
1.188916e-006	-0.0005625
1.189416e-006	-0.000875
1.189916e-006	-0.0005625
1.190416e-006	-0.00025
1.190916e-006	-0.00025
1.191416e-006	-0.0005625
1.191916e-006	6.25e-005
1.192416e-006	-0.0005625
1.192916e-006	-0.0005625
1.193416e-006	-0.0005625
1.193916e-006	-0.00025
1.194416e-006	-0.000875
1.194916e-006	-0.0011875
1.195416e-006	-0.000875
1.195916e-006	-0.000875
1.196416e-006	-0.000875
1.196916e-006	-0.000875
1.197416e-006	-0.00025
1.197916e-006	6.25e-005
1.198416e-006	-0.0005625
1.198916e-006	-0.00025
1.199416e-006	0.000375
1.199916e-006	-0.000875
1.200416e-006	0.000375
1.200916e-006	6.25e-005
1.201416e-006	0.000375
1.201916e-006	-0.00025
1.202416e-006	-0.0005625
1.202916e-006	-0.00025
1.203416e-006	-0.0011875
1.203916e-006	-0.0011875
1.204416e-006	-0.000875
1.204916e-006	-0.0011875
1.205416e-006	-0.0011875
1.205916e-006	-0.0018125
1.206416e-006	-0.002125
1.206916e-006	-0.0011875
1.207416e-006	-0.0015
1.207916e-006	-0.000875
1.208416e-006	-0.000875
1.208916e-006	-0.00025
1.209416e-006	6.25e-005
1.209916e-006	0.0006875
1.210416e-006	0.0013125
1.210916e-006	0.0006875
1.211416e-006	6.25e-005
1.211916e-006	0.000375
1.212416e-006	6.25e-005
1.212916e-006	6.25e-005
1.213416e-006	-0.000875
1.213916e-006	-0.0005625
1.214416e-006	-0.0005625
1.214916e-006	-0.0011875
1.215416e-006	-0.0018125
1.215916e-006	-0.0024375
1.216416e-006	-0.002125
1.216916e-006	-0.002125
1.217416e-006	-0.0024375
1.217916e-006	-0.0015
1.218416e-006	-0.0005625
1.218916e-006	-0.00025
1.219416e-006	0.000375
1.219916e-006	0.001
1.220416e-006	0.001625
1.220916e-006	0.0013125
1.221416e-006	0.0013125
1.221916e-006	0.0006875
1.222416e-006	0.001
1.222916e-006	6.25e-005
1.223416e-006	-0.00025
1.223916e-006	-0.0005625
1.224416e-006	-0.000875
1.224916e-006	-0.0018125
1.225416e-006	-0.002125
1.225916e-006	-0.0024375
1.226416e-006	-0.0018125
1.226916e-006	-0.0018125
1.227416e-006	-0.0018125
1.227916e-006	-0.0011875
1.228416e-006	-0.0011875
1.228916e-006	-0.0005625
1.229416e-006	6.25e-005
1.229916e-006	0.0006875
1.230416e-006	0.0013125
1.230916e-006	0.001
1.231416e-006	0.001
1.231916e-006	0.0006875
1.232416e-006	0.0006875
1.232916e-006	0.000375
1.233416e-006	-0.00025
1.233916e-006	-0.00025
1.234416e-006	-0.000875
1.234916e-006	-0.0015
1.235416e-006	-0.0011875
1.235916e-006	-0.0018125
1.236416e-006	-0.0024375
1.236916e-006	-0.0018125
1.237416e-006	-0.0018125
1.237916e-006	-0.000875
1.238416e-006	-0.000875
1.238916e-006	-0.0005625
1.239416e-006	0.001
1.239916e-006	0.0013125
1.240416e-006	0.0013125
1.240916e-006	0.0006875
1.241416e-006	0.000375
1.241916e-006	0.0006875
1.242416e-006	6.25e-005
1.242916e-006	-0.00025
1.243416e-006	-0.00025
1.243916e-006	-0.0011875
1.244416e-006	-0.0015
1.244916e-006	-0.002125
1.245416e-006	-0.0018125
1.245916e-006	-0.0015
1.246416e-006	-0.000875
1.246916e-006	-0.0005625
1.247416e-006	-0.000875
1.247916e-006	-0.0005625
1.248416e-006	-0.00025
1.248916e-006	6.25e-005
1.249416e-006	0.0006875
1.249916e-006	0.001
1.250416e-006	0.0013125
1.250916e-006	0.0006875
1.251416e-006	6.25e-005
1.251916e-006	-0.00025
1.252416e-006	-0.0005625
1.252916e-006	-0.0005625
1.253416e-006	-0.000875
1.253916e-006	-0.0018125
1.254416e-006	-0.0024375
1.254916e-006	-0.002125
1.255416e-006	-0.002125
1.255916e-006	-0.0018125
1.256416e-006	-0.0018125
1.256916e-006	-0.0011875
1.257416e-006	-0.000875
1.257916e-006	0.000375
1.258416e-006	6.25e-005
1.258916e-006	0.000375
1.259416e-006	0.0006875
1.259916e-006	0.001
1.260416e-006	0.0013125
1.260916e-006	0.0006875
1.261416e-006	0.000375
1.261916e-006	6.25e-005
1.262416e-006	-0.000875
1.262916e-006	-0.000875
1.263416e-006	-0.0018125
1.263916e-006	-0.0024375
1.264416e-006	-0.0024375
1.264916e-006	-0.002125
1.265416e-006	-0.002125
1.265916e-006	-0.0018125
1.266416e-006	-0.0011875
1.266916e-006	-0.000875
1.267416e-006	6.25e-005
1.267916e-006	6.25e-005
1.268416e-006	0.000375
1.268916e-006	0.001
1.269416e-006	0.0013125
1.269916e-006	0.001625
1.270416e-006	0.001625
1.270916e-006	0.001
1.271416e-006	-0.00025
1.271916e-006	-0.0005625
1.272416e-006	-0.000875
1.272916e-006	-0.0011875
1.273416e-006	-0.0018125
1.273916e-006	-0.0015
1.274416e-006	-0.0024375
1.274916e-006	-0.00275
1.275416e-006	-0.002125
1.275916e-006	-0.0018125
1.276416e-006	-0.0011875
1.276916e-006	-0.0005625
1.277416e-006	6.25e-005
1.277916e-006	0.001
1.278416e-006	0.001
1.278916e-006	0.0006875
1.279416e-006	0.001
1.279916e-006	0.001625
1.280416e-006	0.00225
1.280916e-006	0.001
1.281416e-006	6.25e-005
1.281916e-006	6.25e-005
1.282416e-006	0.000375
1.282916e-006	-0.0005625
1.283416e-006	-0.0015
1.283916e-006	-0.0018125
1.284416e-006	-0.00275
1.284916e-006	-0.00275
1.285416e-006	-0.002125
1.285916e-006	-0.002125
1.286416e-006	-0.0015
1.286916e-006	-0.000875
1.287416e-006	-0.000875
1.287916e-006	6.25e-005
1.288416e-006	0.0006875
1.288916e-006	6.25e-005
1.289416e-006	0.001
1.289916e-006	0.001625
1.290416e-006	0.0013125
1.290916e-006	0.0006875
1.291416e-006	0.000375
1.291916e-006	0.0006875
1.292416e-006	0.000375
1.292916e-006	-0.0005625
1.293416e-006	-0.0015
1.293916e-006	-0.0018125
1.294416e-006	-0.002125
1.294916e-006	-0.002125
1.295416e-006	-0.002125
1.295916e-006	-0.0018125
1.296416e-006	-0.0018125
1.296916e-006	-0.002125
1.297416e-006	-0.002125
1.297916e-006	-0.0005625
1.298416e-006	0.001
1.298916e-006	0.0006875
1.299416e-006	0.000375
1.299916e-006	0.0006875
1.300416e-006	0.001625
1.300916e-006	0.001625
1.301416e-006	0.0006875
1.301916e-006	0.0006875
1.302416e-006	6.25e-005
1.302916e-006	-0.0005625
1.303416e-006	-0.000875
1.303916e-006	-0.000875
1.304416e-006	-0.0018125
1.304916e-006	-0.0018125
1.305416e-006	-0.002125
1.305916e-006	-0.002125
1.306416e-006	-0.002125
1.306916e-006	-0.0011875
1.307416e-006	-0.0015
1.307916e-006	-0.000875
1.308416e-006	-0.00025
1.308916e-006	-0.0005625
1.309416e-006	-0.00025
1.309916e-006	0.0013125
1.310416e-006	0.0019375
1.310916e-006	0.000375
1.311416e-006	0.001
1.311916e-006	0.001625
1.312416e-006	0.001
1.312916e-006	0.000375
1.313416e-006	-0.00025
1.313916e-006	6.25e-005
1.314416e-006	-0.0011875
1.314916e-006	-0.0015
1.315416e-006	-0.000875
1.315916e-006	-0.002125
1.316416e-006	-0.0018125
1.316916e-006	-0.0018125
1.317416e-006	-0.0018125
1.317916e-006	-0.0011875
1.318416e-006	-0.0015
1.318916e-006	-0.0005625
1.319416e-006	6.25e-005
1.319916e-006	6.25e-005
1.320416e-006	0.000375
1.320916e-006	0.000375
1.321416e-006	0.0006875
1.321916e-006	0.0006875
1.322416e-006	0.001625
1.322916e-006	0.0006875
1.323416e-006	-0.00025
1.323916e-006	-0.0005625
1.324416e-006	-0.0005625
1.324916e-006	-0.0005625
1.325416e-006	-0.0018125
1.325916e-006	-0.002125
1.326416e-006	-0.0018125
1.326916e-006	-0.0024375
1.327416e-006	-0.0024375
1.327916e-006	-0.0011875
1.328416e-006	-0.000875
1.328916e-006	-0.0005625
1.329416e-006	-0.0005625
1.329916e-006	6.25e-005
1.330416e-006	6.25e-005
1.330916e-006	0.0006875
1.331416e-006	0.001625
1.331916e-006	0.001
1.332416e-006	0.001
1.332916e-006	0.001
1.333416e-006	0.0006875
1.333916e-006	0.000375
1.334416e-006	-0.0005625
1.334916e-006	-0.0005625
1.335416e-006	-0.0005625
1.335916e-006	-0.0011875
1.336416e-006	-0.002125
1.336916e-006	-0.0024375
1.337416e-006	-0.002125
1.337916e-006	-0.002125
1.338416e-006	-0.0015
1.338916e-006	6.25e-005
1.339416e-006	6.25e-005
1.339916e-006	0.000375
1.340416e-006	0.000375
1.340916e-006	0.0013125
1.341416e-006	0.001625
1.341916e-006	0.0006875
1.342416e-006	0.0013125
1.342916e-006	0.001
1.343416e-006	0.0006875
1.343916e-006	6.25e-005
1.344416e-006	-0.0011875
1.344916e-006	-0.0011875
1.345416e-006	-0.0018125
1.345916e-006	-0.0018125
1.346416e-006	-0.0015
1.346916e-006	-0.0015
1.347416e-006	-0.0015
1.347916e-006	-0.0011875
1.348416e-006	-0.000875
1.348916e-006	-0.0011875
1.349416e-006	6.25e-005
1.349916e-006	0.0006875
1.350416e-006	0.001
1.350916e-006	0.001
1.351416e-006	0.000375
1.351916e-006	0.0006875
1.352416e-006	0.001625
1.352916e-006	0.000375
1.353416e-006	-0.0005625
1.353916e-006	-0.000875
1.354416e-006	-0.0015
1.354916e-006	-0.0015
1.355416e-006	-0.0018125
1.355916e-006	-0.002125
1.356416e-006	-0.0018125
1.356916e-006	-0.0011875
1.357416e-006	-0.0011875
1.357916e-006	-0.0011875
1.358416e-006	-0.00025
1.358916e-006	-0.00025
1.359416e-006	6.25e-005
1.359916e-006	0.0013125
1.360416e-006	0.001625
1.360916e-006	0.001625
1.361416e-006	0.0006875
1.361916e-006	0.000375
1.362416e-006	0.0006875
1.362916e-006	-0.00025
1.363416e-006	-0.000875
1.363916e-006	-0.002125
1.364416e-006	-0.002125
1.364916e-006	-0.0015
1.365416e-006	-0.0024375
1.365916e-006	-0.0024375
1.366416e-006	-0.0024375
1.366916e-006	-0.0018125
1.367416e-006	-0.0018125
1.367916e-006	-0.000875
1.368416e-006	0.0006875
1.368916e-006	0.0006875
1.369416e-006	0.001
1.369916e-006	0.0013125
1.370416e-006	0.0013125
1.370916e-006	0.001625
1.371416e-006	0.0013125
1.371916e-006	0.0006875
1.372416e-006	0.001
1.372916e-006	6.25e-005
1.373416e-006	-0.000875
1.373916e-006	-0.0024375
1.374416e-006	-0.002125
1.374916e-006	-0.0018125
1.375416e-006	-0.0030625
1.375916e-006	-0.0030625
1.376416e-006	-0.0018125
1.376916e-006	-0.0005625
1.377416e-006	-0.000875
1.377916e-006	-0.0005625
1.378416e-006	0.0006875
1.378916e-006	0.001
1.379416e-006	0.001625
1.379916e-006	0.001625
1.380416e-006	0.0013125
1.380916e-006	0.001625
1.381416e-006	0.0013125
1.381916e-006	6.25e-005
1.382416e-006	6.25e-005
1.382916e-006	-0.000875
1.383416e-006	-0.0011875
1.383916e-006	-0.00275
1.384416e-006	-0.0030625
1.384916e-006	-0.0030625
1.385416e-006	-0.0024375
1.385916e-006	-0.0018125
1.386416e-006	-0.002125
1.386916e-006	-0.0015
1.387416e-006	-0.0005625
1.387916e-006	-0.0005625
1.388416e-006	0.000375
1.388916e-006	0.0013125
1.389416e-006	0.00225
1.389916e-006	0.0019375
1.390416e-006	0.001
1.390916e-006	0.001625
1.391416e-006	0.001
1.391916e-006	6.25e-005
1.392416e-006	-0.000875
1.392916e-006	-0.0011875
1.393416e-006	-0.0015
1.393916e-006	-0.0018125
1.394416e-006	-0.002125
1.394916e-006	-0.002125
1.395416e-006	-0.00275
1.395916e-006	-0.0018125
1.396416e-006	-0.0015
1.396916e-006	-0.0005625
1.397416e-006	6.25e-005
1.397916e-006	0.0006875
1.398416e-006	0.001625
1.398916e-006	0.001
1.399416e-006	0.000375
1.399916e-006	0.0006875
1.400416e-006	0.001625
1.400916e-006	0.0013125
1.401416e-006	6.25e-005
1.401916e-006	-0.0011875
1.402416e-006	-0.0011875
1.402916e-006	-0.0015
1.403416e-006	-0.0011875
1.403916e-006	-0.0024375
1.404416e-006	-0.0015
1.404916e-006	-0.0011875
1.405416e-006	-0.002125
1.405916e-006	-0.0018125
1.406416e-006	-0.0005625
1.406916e-006	6.25e-005
1.407416e-006	6.25e-005
1.407916e-006	0.0006875
1.408416e-006	0.001625
1.408916e-006	0.001
1.409416e-006	0.0013125
1.409916e-006	0.001
1.410416e-006	-0.00025
1.410916e-006	6.25e-005
1.411416e-006	-0.000875
1.411916e-006	-0.000875
1.412416e-006	-0.0015
1.412916e-006	-0.002125
1.413416e-006	-0.002125
1.413916e-006	-0.0018125
1.414416e-006	-0.0018125
1.414916e-006	-0.0011875
1.415416e-006	-0.0015
1.415916e-006	6.25e-005
1.416416e-006	0.000375
1.416916e-006	0.0006875
1.417416e-006	0.001625
1.417916e-006	0.0019375
1.418416e-006	0.0019375
1.418916e-006	0.0013125
1.419416e-006	0.000375
1.419916e-006	0.000375
1.420416e-006	6.25e-005
1.420916e-006	-0.0011875
1.421416e-006	-0.002125
1.421916e-006	-0.0018125
1.422416e-006	-0.0018125
1.422916e-006	-0.00275
1.423416e-006	-0.0024375
1.423916e-006	-0.0018125
1.424416e-006	-0.000875
1.424916e-006	-0.000875
1.425416e-006	-0.0005625
1.425916e-006	0.000375
1.426416e-006	0.001625
1.426916e-006	0.001625
1.427416e-006	0.001625
1.427916e-006	0.001625
1.428416e-006	0.0013125
1.428916e-006	0.000375
1.429416e-006	6.25e-005
1.429916e-006	-0.0005625
1.430416e-006	-0.000875
1.430916e-006	-0.0011875
1.431416e-006	-0.002125
1.431916e-006	-0.0024375
1.432416e-006	-0.0024375
1.432916e-006	-0.0024375
1.433416e-006	-0.0024375
1.433916e-006	-0.0024375
1.434416e-006	-0.0011875
1.434916e-006	6.25e-005
1.435416e-006	-0.00025
1.435916e-006	6.25e-005
1.436416e-006	0.0006875
1.436916e-006	0.0013125
1.437416e-006	0.0013125
1.437916e-006	0.0019375
1.438416e-006	0.0013125
1.438916e-006	0.000375
1.439416e-006	6.25e-005
1.439916e-006	-0.0005625
1.440416e-006	-0.0018125
1.440916e-006	-0.0024375
1.441416e-006	-0.0024375
1.441916e-006	-0.0024375
1.442416e-006	-0.0024375
1.442916e-006	-0.002125
1.443416e-006	-0.0015
1.443916e-006	-0.000875
1.444416e-006	-0.0005625
1.444916e-006	-0.00025
1.445416e-006	0.000375
1.445916e-006	0.0006875
1.446416e-006	0.001625
1.446916e-006	0.001625
1.447416e-006	0.0019375
1.447916e-006	0.001
1.448416e-006	0.0006875
1.448916e-006	6.25e-005
1.449416e-006	-0.000875
1.449916e-006	-0.0011875
1.450416e-006	-0.0011875
1.450916e-006	-0.002125
1.451416e-006	-0.002125
1.451916e-006	-0.002125
1.452416e-006	-0.0024375
1.452916e-006	-0.0015
1.453416e-006	-0.0018125
1.453916e-006	-0.000875
1.454416e-006	-0.00025
1.454916e-006	0.001
1.455416e-006	0.0013125
1.455916e-006	0.0006875
1.456416e-006	0.0013125
1.456916e-006	0.0013125
1.457416e-006	0.0006875
1.457916e-006	0.0006875
1.458416e-006	-0.00025
1.458916e-006	6.25e-005
1.459416e-006	-0.0011875
1.459916e-006	-0.0015
1.460416e-006	-0.0018125
1.460916e-006	-0.002125
1.461416e-006	-0.002125
1.461916e-006	-0.0018125
1.462416e-006	-0.0015
1.462916e-006	-0.000875
1.463416e-006	-0.0015
1.463916e-006	6.25e-005
1.464416e-006	0.0006875
1.464916e-006	6.25e-005
1.465416e-006	0.0013125
1.465916e-006	0.001625
1.466416e-006	0.0019375
1.466916e-006	0.000375
1.467416e-006	6.25e-005
1.467916e-006	6.25e-005
1.468416e-006	-0.0005625
1.468916e-006	-0.000875
1.469416e-006	-0.0011875
1.469916e-006	-0.0015
1.470416e-006	-0.0015
1.470916e-006	-0.002125
1.471416e-006	-0.0011875
1.471916e-006	-0.0011875
1.472416e-006	-0.000875
1.472916e-006	-0.000875
1.473416e-006	-0.00025
1.473916e-006	0.0006875
1.474416e-006	0.001
1.474916e-006	0.001
1.475416e-006	0.001
1.475916e-006	0.0006875
1.476416e-006	0.0006875
1.476916e-006	0.0006875
1.477416e-006	-0.0005625
1.477916e-006	-0.0005625
1.478416e-006	-0.0015
1.478916e-006	-0.000875
1.479416e-006	-0.0018125
1.479916e-006	-0.0015
1.480416e-006	-0.0015
1.480916e-006	-0.000875
1.481416e-006	-0.0011875
1.481916e-006	-0.000875
1.482416e-006	-0.000875
1.482916e-006	6.25e-005
1.483416e-006	0.0006875
1.483916e-006	0.0019375
1.484416e-006	0.001
1.484916e-006	0.001
1.485416e-006	0.0013125
1.485916e-006	6.25e-005
1.486416e-006	0.000375
1.486916e-006	6.25e-005
1.487416e-006	-0.000875
1.487916e-006	-0.0011875
1.488416e-006	-0.0015
1.488916e-006	-0.0011875
1.489416e-006	-0.0015
1.489916e-006	-0.0018125
1.490416e-006	-0.000875
1.490916e-006	-0.0015
1.491416e-006	-0.0005625
1.491916e-006	-0.00025
1.492416e-006	6.25e-005
1.492916e-006	0.000375
1.493416e-006	0.0013125
1.493916e-006	0.0019375
1.494416e-006	0.0019375
1.494916e-006	0.0006875
1.495416e-006	0.000375
1.495916e-006	6.25e-005
1.496416e-006	0.0006875
1.496916e-006	-0.00025
1.497416e-006	-0.0005625
1.497916e-006	-0.0005625
1.498416e-006	-0.000875
1.498916e-006	-0.0011875
1.499416e-006	-0.002125
1.499916e-006	-0.0011875
1.500416e-006	-0.0018125
1.500916e-006	-0.000875
1.501416e-006	6.25e-005
1.501916e-006	6.25e-005
1.502416e-006	-0.00025
1.502916e-006	0.0006875
1.503416e-006	0.0006875
1.503916e-006	0.001
1.504416e-006	6.25e-005
1.504916e-006	6.25e-005
1.505416e-006	0.000375
1.505916e-006	0.0006875
1.506416e-006	0.000375
1.506916e-006	-0.0005625
1.507416e-006	-0.000875
1.507916e-006	-0.000875
1.508416e-006	-0.000875
1.508916e-006	-0.0015
1.509416e-006	-0.0018125
1.509916e-006	-0.0018125
1.510416e-006	-0.0011875
1.510916e-006	-0.0005625
1.511416e-006	0.000375
1.511916e-006	-0.0005625
1.512416e-006	6.25e-005
1.512916e-006	-0.00025
1.513416e-006	0.000375
1.513916e-006	6.25e-005
1.514416e-006	-0.00025
1.514916e-006	0.000375
1.515416e-006	0.0006875
1.515916e-006	-0.0005625
1.516416e-006	-0.0005625
1.516916e-006	6.25e-005
1.517416e-006	-0.000875
1.517916e-006	-0.0011875
1.518416e-006	-0.00025
1.518916e-006	-0.0005625
1.519416e-006	-0.0011875
1.519916e-006	-0.00025
1.520416e-006	-0.00025
1.520916e-006	-0.00025
1.521416e-006	-0.0005625
1.521916e-006	-0.00025
1.522416e-006	-0.00025
1.522916e-006	-0.0005625
1.523416e-006	-0.0005625
1.523916e-006	-0.00025
1.524416e-006	0.000375
1.524916e-006	6.25e-005
1.525416e-006	-0.0005625
1.525916e-006	6.25e-005
1.526416e-006	-0.00025
1.526916e-006	-0.00025
1.527416e-006	-0.0011875
1.527916e-006	-0.0005625
1.528416e-006	6.25e-005
1.528916e-006	-0.0005625
1.529416e-006	-0.00025
1.529916e-006	6.25e-005
1.530416e-006	6.25e-005
1.530916e-006	0.000375
1.531416e-006	6.25e-005
1.531916e-006	0.000375
1.532416e-006	6.25e-005
1.532916e-006	-0.00025
1.533416e-006	6.25e-005
1.533916e-006	-0.0005625
1.534416e-006	-0.000875
1.534916e-006	-0.0015
1.535416e-006	-0.0005625
1.535916e-006	-0.00025
1.536416e-006	-0.00025
1.536916e-006	-0.00025
1.537416e-006	-0.00025
1.537916e-006	-0.00025
1.538416e-006	6.25e-005
1.538916e-006	-0.00025
1.539416e-006	0.001
1.539916e-006	-0.00025
1.540416e-006	0.000375
1.540916e-006	0.0013125
1.541416e-006	6.25e-005
1.541916e-006	-0.00025
1.542416e-006	-0.000875
1.542916e-006	-0.0005625
1.543416e-006	-0.00025
1.543916e-006	-0.0011875
1.544416e-006	-0.000875
1.544916e-006	-0.0011875
1.545416e-006	-0.0015
1.545916e-006	-0.000875
1.546416e-006	-0.0005625
1.546916e-006	6.25e-005
1.547416e-006	-0.0005625
1.547916e-006	0.0006875
1.548416e-006	0.000375
1.548916e-006	-0.00025
1.549416e-006	6.25e-005
1.549916e-006	0.000375
1.550416e-006	6.25e-005
1.550916e-006	0.000375
1.551416e-006	6.25e-005
1.551916e-006	0.000375
1.552416e-006	-0.000875
1.552916e-006	-0.0005625
1.553416e-006	-0.0005625
1.553916e-006	-0.0005625
1.554416e-006	-0.0005625
1.554916e-006	-0.0011875
1.555416e-006	-0.00025
1.555916e-006	-0.00025
1.556416e-006	-0.0005625
1.556916e-006	-0.00025
1.557416e-006	-0.00025
1.557916e-006	-0.00025
1.558416e-006	-0.0005625
1.558916e-006	-0.00025
1.559416e-006	0.0006875
1.559916e-006	0.000375
1.560416e-006	0.001
1.560916e-006	6.25e-005
1.561416e-006	-0.00025
1.561916e-006	-0.0005625
1.562416e-006	-0.000875
1.562916e-006	-0.0011875
1.563416e-006	-0.000875
1.563916e-006	-0.000875
1.564416e-006	-0.0011875
1.564916e-006	-0.0005625
1.565416e-006	6.25e-005
1.565916e-006	-0.0005625
1.566416e-006	-0.000875
1.566916e-006	6.25e-005
1.567416e-006	6.25e-005
1.567916e-006	6.25e-005
1.568416e-006	-0.0005625
1.568916e-006	0.000375
1.569416e-006	6.25e-005
1.569916e-006	-0.0005625
1.570416e-006	-0.0005625
1.570916e-006	-0.00025
1.571416e-006	-0.0005625
1.571916e-006	6.25e-005
1.572416e-006	-0.0005625
1.572916e-006	-0.000875
1.573416e-006	-0.0011875
1.573916e-006	-0.00025
1.574416e-006	-0.00025
1.574916e-006	-0.00025
1.575416e-006	-0.00025
1.575916e-006	-0.00025
1.576416e-006	0.000375
1.576916e-006	6.25e-005
1.577416e-006	0.000375
1.577916e-006	0.001
1.578416e-006	6.25e-005
1.578916e-006	-0.000875
1.579416e-006	-0.0005625
1.579916e-006	-0.0005625
1.580416e-006	-0.000875
1.580916e-006	-0.0015
1.581416e-006	-0.0005625
1.581916e-006	-0.000875
1.582416e-006	-0.000875
1.582916e-006	-0.0011875
1.583416e-006	-0.0005625
1.583916e-006	-0.00025
1.584416e-006	-0.00025
1.584916e-006	-0.0005625
1.585416e-006	0.000375
1.585916e-006	0.0006875
1.586416e-006	0.001
1.586916e-006	0.000375
1.587416e-006	6.25e-005
1.587916e-006	-0.00025
1.588416e-006	6.25e-005
1.588916e-006	-0.0005625
1.589416e-006	-0.0011875
1.589916e-006	-0.0005625
1.590416e-006	-0.0005625
1.590916e-006	-0.0011875
1.591416e-006	-0.0011875
1.591916e-006	-0.000875
1.592416e-006	-0.00025
1.592916e-006	6.25e-005
1.593416e-006	-0.000875
1.593916e-006	-0.0005625
1.594416e-006	-0.00025
1.594916e-006	0.0006875
1.595416e-006	-0.00025
1.595916e-006	0.000375
1.596416e-006	0.0013125
1.596916e-006	0.001
1.597416e-006	0.000375
1.597916e-006	-0.00025
1.598416e-006	-0.0005625
1.598916e-006	-0.0005625
1.599416e-006	-0.0011875
1.599916e-006	-0.000875
1.600416e-006	-0.0005625
1.600916e-006	-0.000875
1.601416e-006	-0.0015
1.601916e-006	-0.000875
1.602416e-006	6.25e-005
1.602916e-006	-0.0005625
1.603416e-006	-0.0005625
1.603916e-006	-0.00025
1.604416e-006	6.25e-005
1.604916e-006	0.000375
1.605416e-006	0.0006875
1.605916e-006	0.0006875
1.606416e-006	0.0006875
1.606916e-006	6.25e-005
1.607416e-006	6.25e-005
1.607916e-006	0.000375
1.608416e-006	6.25e-005
1.608916e-006	-0.0011875
1.609416e-006	-0.00025
1.609916e-006	-0.0005625
1.610416e-006	-0.000875
1.610916e-006	-0.0005625
1.611416e-006	-0.00025
1.611916e-006	-0.000875
1.612416e-006	-0.0011875
1.612916e-006	6.25e-005
1.613416e-006	6.25e-005
1.613916e-006	-0.0005625
1.614416e-006	-0.000875
1.614916e-006	-0.000875
1.615416e-006	6.25e-005
1.615916e-006	0.000375
1.616416e-006	-0.00025
1.616916e-006	0.000375
1.617416e-006	6.25e-005
1.617916e-006	-0.00025
1.618416e-006	-0.000875
1.618916e-006	-0.000875
1.619416e-006	-0.000875
1.619916e-006	-0.0005625
1.620416e-006	6.25e-005
1.620916e-006	0.000375
1.621416e-006	6.25e-005
1.621916e-006	6.25e-005
1.622416e-006	-0.0005625
1.622916e-006	6.25e-005
1.623416e-006	6.25e-005
1.623916e-006	6.25e-005
1.624416e-006	-0.0005625
1.624916e-006	-0.0005625
1.625416e-006	6.25e-005
1.625916e-006	-0.0005625
1.626416e-006	-0.0011875
1.626916e-006	-0.000875
1.627416e-006	-0.000875
1.627916e-006	-0.0005625
1.628416e-006	-0.000875
1.628916e-006	-0.0005625
1.629416e-006	-0.00025
1.629916e-006	-0.00025
1.630416e-006	0.0006875
1.630916e-006	0.000375
1.631416e-006	6.25e-005
1.631916e-006	0.0006875
1.632416e-006	0.0006875
1.632916e-006	6.25e-005
1.633416e-006	0.001
1.633916e-006	6.25e-005
1.634416e-006	-0.00025
1.634916e-006	-0.0005625
1.635416e-006	-0.0005625
1.635916e-006	-0.0011875
1.636416e-006	-0.0015
1.636916e-006	-0.0015
1.637416e-006	-0.0018125
1.637916e-006	-0.000875
1.638416e-006	-0.000875
1.638916e-006	-0.00025
1.639416e-006	6.25e-005
1.639916e-006	0.0006875
1.640416e-006	0.000375
1.640916e-006	0.0006875
1.641416e-006	0.0006875
1.641916e-006	0.0013125
1.642416e-006	0.001
1.642916e-006	0.001
1.643416e-006	0.0006875
1.643916e-006	0.000375
1.644416e-006	-0.0005625
1.644916e-006	-0.0011875
1.645416e-006	-0.0011875
1.645916e-006	-0.000875
1.646416e-006	-0.0011875
1.646916e-006	-0.0011875
1.647416e-006	-0.0018125
1.647916e-006	-0.0018125
1.648416e-006	-0.0011875
1.648916e-006	-0.0005625
1.649416e-006	-0.00025
1.649916e-006	0.000375
1.650416e-006	0.001
1.650916e-006	0.0013125
1.651416e-006	0.0013125
1.651916e-006	0.001
1.652416e-006	0.0013125
1.652916e-006	0.0013125
1.653416e-006	0.0013125
1.653916e-006	0.0006875
1.654416e-006	-0.00025
1.654916e-006	-0.0005625
1.655416e-006	-0.0011875
1.655916e-006	-0.0015
1.656416e-006	-0.000875
1.656916e-006	-0.0018125
1.657416e-006	-0.0018125
1.657916e-006	-0.0018125
1.658416e-006	-0.0011875
1.658916e-006	-0.0005625
1.659416e-006	-0.00025
1.659916e-006	0.0006875
1.660416e-006	6.25e-005
1.660916e-006	0.000375
1.661416e-006	0.001625
1.661916e-006	0.0013125
1.662416e-006	0.001
1.662916e-006	0.0013125
1.663416e-006	0.001
1.663916e-006	6.25e-005
1.664416e-006	-0.000875
1.664916e-006	-0.000875
1.665416e-006	-0.0005625
1.665916e-006	-0.0011875
1.666416e-006	-0.0015
1.666916e-006	-0.0018125
1.667416e-006	-0.0015
1.667916e-006	-0.0018125
1.668416e-006	-0.0005625
1.668916e-006	6.25e-005
1.669416e-006	-0.00025
1.669916e-006	0.0006875
1.670416e-006	6.25e-005
1.670916e-006	0.000375
1.671416e-006	0.0013125
1.671916e-006	6.25e-005
1.672416e-006	0.0006875
1.672916e-006	0.001
1.673416e-006	0.001
1.673916e-006	-0.00025
1.674416e-006	-0.0011875
1.674916e-006	-0.0011875
1.675416e-006	-0.0015
1.675916e-006	-0.0018125
1.676416e-006	-0.0015
1.676916e-006	-0.0011875
1.677416e-006	-0.0011875
1.677916e-006	-0.000875
1.678416e-006	-0.000875
1.678916e-006	-0.00025
1.679416e-006	6.25e-005
1.679916e-006	0.001
1.680416e-006	0.0013125
1.680916e-006	0.001
1.681416e-006	0.0006875
1.681916e-006	-0.00025
1.682416e-006	0.000375
1.682916e-006	-0.00025
1.683416e-006	6.25e-005
1.683916e-006	-0.0005625
1.684416e-006	-0.000875
1.684916e-006	-0.000875
1.685416e-006	-0.0015
1.685916e-006	-0.0011875
1.686416e-006	-0.0015
1.686916e-006	-0.0011875
1.687416e-006	-0.000875
1.687916e-006	-0.00025
1.688416e-006	0.000375
1.688916e-006	-0.0005625
1.689416e-006	0.000375
1.689916e-006	0.0013125
1.690416e-006	0.000375
1.690916e-006	0.001
1.691416e-006	0.000375
1.691916e-006	0.000375
1.692416e-006	0.0006875
1.692916e-006	-0.00025
1.693416e-006	-0.0015
1.693916e-006	-0.0015
1.694416e-006	-0.0011875
1.694916e-006	-0.0011875
1.695416e-006	-0.0015
1.695916e-006	-0.0015
1.696416e-006	-0.0018125
1.696916e-006	-0.00025
1.697416e-006	-0.00025
1.697916e-006	-0.0005625
1.698416e-006	0.000375
1.698916e-006	0.0006875
1.699416e-006	0.0006875
1.699916e-006	0.000375
1.700416e-006	0.001
1.700916e-006	0.000375
1.701416e-006	0.000375
1.701916e-006	0.000375
1.702416e-006	-0.0005625
1.702916e-006	-0.000875
1.703416e-006	-0.000875
1.703916e-006	-0.0018125
1.704416e-006	-0.0015
1.704916e-006	-0.0018125
1.705416e-006	-0.002125
1.705916e-006	-0.0005625
1.706416e-006	-0.0011875
1.706916e-006	-0.000875
1.707416e-006	-0.00025
1.707916e-006	0.001
1.708416e-006	-0.00025
1.708916e-006	-0.0005625
1.709416e-006	0.001
1.709916e-006	0.0013125
1.710416e-006	0.001
1.710916e-006	0.0006875
1.711416e-006	0.000375
1.711916e-006	0.000375
1.712416e-006	-0.00025
1.712916e-006	-0.0005625
1.713416e-006	-0.0011875
1.713916e-006	-0.0015
1.714416e-006	-0.0011875
1.714916e-006	-0.000875
1.715416e-006	-0.000875
1.715916e-006	-0.0011875
1.716416e-006	-0.0015
1.716916e-006	6.25e-005
1.717416e-006	6.25e-005
1.717916e-006	-0.00025
1.718416e-006	0.000375
1.718916e-006	0.0006875
1.719416e-006	0.0013125
1.719916e-006	0.0006875
1.720416e-006	6.25e-005
1.720916e-006	0.0006875
1.721416e-006	0.000375
1.721916e-006	6.25e-005
1.722416e-006	-0.00025
1.722916e-006	-0.00025
1.723416e-006	-0.0005625
1.723916e-006	-0.000875
1.724416e-006	-0.0015
1.724916e-006	-0.0015
1.725416e-006	-0.0011875
1.725916e-006	-0.0011875
1.726416e-006	-0.0005625
1.726916e-006	6.25e-005
1.727416e-006	-0.0005625
1.727916e-006	-0.00025
1.728416e-006	6.25e-005
1.728916e-006	0.0006875
1.729416e-006	6.25e-005
1.729916e-006	-0.00025
1.730416e-006	0.0006875
1.730916e-006	0.0006875
1.731416e-006	6.25e-005
1.731916e-006	6.25e-005
1.732416e-006	-0.00025
1.732916e-006	-0.00025
1.733416e-006	-0.00025
1.733916e-006	-0.000875
1.734416e-006	-0.0005625
1.734916e-006	-0.0005625
1.735416e-006	-0.0005625
1.735916e-006	-0.0011875
1.736416e-006	-0.000875
1.736916e-006	-0.000875
1.737416e-006	-0.000875
1.737916e-006	-0.00025
1.738416e-006	-0.00025
1.738916e-006	-0.00025
1.739416e-006	-0.0005625
1.739916e-006	6.25e-005
1.740416e-006	0.000375
1.740916e-006	-0.000875
1.741416e-006	-0.0005625
1.741916e-006	0.001
1.742416e-006	0.001
1.742916e-006	0.0006875
1.743416e-006	6.25e-005
1.743916e-006	-0.0005625
1.744416e-006	-0.00025
1.744916e-006	-0.0005625
1.745416e-006	-0.000875
1.745916e-006	-0.0005625
1.746416e-006	-0.00025
1.746916e-006	6.25e-005
1.747416e-006	-0.000875
1.747916e-006	-0.0005625
1.748416e-006	-0.0005625
1.748916e-006	-0.000875
1.749416e-006	-0.0011875
1.749916e-006	-0.0005625
1.750416e-006	6.25e-005
1.750916e-006	6.25e-005
1.751416e-006	6.25e-005
1.751916e-006	6.25e-005
1.752416e-006	0.001
1.752916e-006	0.001
1.753416e-006	-0.00025
1.753916e-006	-0.000875
1.754416e-006	-0.00025
1.754916e-006	6.25e-005
1.755416e-006	0.001
1.755916e-006	6.25e-005
1.756416e-006	-0.00025
1.756916e-006	0.000375
1.757416e-006	-0.00025
1.757916e-006	-0.000875
1.758416e-006	-0.000875
1.758916e-006	-0.000875
1.759416e-006	-0.0005625
1.759916e-006	-0.0011875
1.760416e-006	-0.0011875
1.760916e-006	-0.0011875
1.761416e-006	-0.0005625
1.761916e-006	6.25e-005
1.762416e-006	0.000375
1.762916e-006	0.0006875
1.763416e-006	0.000375
1.763916e-006	0.000375
1.764416e-006	0.0013125
1.764916e-006	0.001
1.765416e-006	0.0006875
1.765916e-006	0.0006875
1.766416e-006	0.000375
1.766916e-006	-0.00025
1.767416e-006	-0.0015
1.767916e-006	-0.0005625
1.768416e-006	-0.000875
1.768916e-006	-0.0015
1.769416e-006	-0.0015
1.769916e-006	-0.0011875
1.770416e-006	-0.0005625
1.770916e-006	-0.0005625
1.771416e-006	-0.000875
1.771916e-006	-0.0005625
1.772416e-006	6.25e-005
1.772916e-006	0.001
1.773416e-006	0.0006875
1.773916e-006	0.0013125
1.774416e-006	0.0013125
1.774916e-006	0.000375
1.775416e-006	0.000375
1.775916e-006	0.000375
1.776416e-006	0.000375
1.776916e-006	0.000375
1.777416e-006	-0.00025
1.777916e-006	-0.000875
1.778416e-006	-0.0018125
1.778916e-006	-0.0011875
1.779416e-006	-0.000875
1.779916e-006	-0.0018125
1.780416e-006	-0.0011875
1.780916e-006	-0.0005625
1.781416e-006	-0.000875
1.781916e-006	-0.00025
1.782416e-006	0.000375
1.782916e-006	0.000375
1.783416e-006	0.000375
1.783916e-006	0.001
1.784416e-006	0.0013125
1.784916e-006	0.0006875
1.785416e-006	0.0013125
1.785916e-006	0.000375
1.786416e-006	0.000375
1.786916e-006	6.25e-005
1.787416e-006	-0.00025
1.787916e-006	-0.0005625
1.788416e-006	-0.0011875
