LECROYWS454	16215	Waveform
Segments	1	SegmentSize	4002
Segment	TrigTime	TimeSinceSegment1
#1	02-May-2024 19:18:36	0                 
Time	Ampl
-2.12454e-007	-0.00025
-2.11954e-007	-0.00025
-2.11454e-007	6.25e-005
-2.10954e-007	6.25e-005
-2.10454e-007	-0.00025
-2.09954e-007	0.000375
-2.09454e-007	0.0006875
-2.08954e-007	0.0013125
-2.08454e-007	0.001625
-2.07954e-007	0.0006875
-2.07454e-007	0.0006875
-2.06954e-007	0.0006875
-2.06454e-007	-0.00025
-2.05954e-007	-0.0011875
-2.05454e-007	-0.0005625
-2.04954e-007	6.25e-005
-2.04454e-007	-0.0005625
-2.03954e-007	-0.0011875
-2.03454e-007	-0.0005625
-2.02954e-007	0.000375
-2.02454e-007	6.25e-005
-2.01954e-007	-0.00025
-2.01454e-007	6.25e-005
-2.00954e-007	6.25e-005
-2.00454e-007	6.25e-005
-1.99954e-007	6.25e-005
-1.99454e-007	0.0006875
-1.98954e-007	0.001
-1.98454e-007	-0.00025
-1.97954e-007	0.000375
-1.97454e-007	0.000375
-1.96954e-007	-0.0005625
-1.96454e-007	-0.000875
-1.95954e-007	-0.0011875
-1.95454e-007	-0.00025
-1.94954e-007	-0.000875
-1.94454e-007	-0.000875
-1.93954e-007	0.0006875
-1.93454e-007	0.0006875
-1.92954e-007	0.000375
-1.92454e-007	-0.0005625
-1.91954e-007	6.25e-005
-1.91454e-007	6.25e-005
-1.90954e-007	6.25e-005
-1.90454e-007	0.0006875
-1.89954e-007	6.25e-005
-1.89454e-007	0.0006875
-1.88954e-007	-0.00025
-1.88454e-007	-0.000875
-1.87954e-007	-0.0005625
-1.87454e-007	-0.0005625
-1.86954e-007	-0.0005625
-1.86454e-007	6.25e-005
-1.85954e-007	-0.000875
-1.85454e-007	-0.000875
-1.84954e-007	-0.00025
-1.84454e-007	6.25e-005
-1.83954e-007	-0.00025
-1.83454e-007	6.25e-005
-1.82954e-007	0.000375
-1.82454e-007	6.25e-005
-1.81954e-007	0.001
-1.81454e-007	0.0006875
-1.80954e-007	0.001
-1.80454e-007	0.0013125
-1.79954e-007	0.000375
-1.79454e-007	-0.000875
-1.78954e-007	-0.0005625
-1.78454e-007	6.25e-005
-1.77954e-007	0.000375
-1.77454e-007	-0.0005625
-1.76954e-007	-0.000875
-1.76454e-007	-0.000875
-1.75954e-007	-0.0015
-1.75454e-007	-0.000875
-1.74954e-007	-0.0005625
-1.74454e-007	-0.0005625
-1.73954e-007	-0.00025
-1.73454e-007	0.0006875
-1.72954e-007	0.0006875
-1.72454e-007	-0.00025
-1.71954e-007	6.25e-005
-1.71454e-007	0.001
-1.70954e-007	0.001
-1.70454e-007	6.25e-005
-1.69954e-007	6.25e-005
-1.69454e-007	0.000375
-1.68954e-007	6.25e-005
-1.68454e-007	-0.000875
-1.67954e-007	6.25e-005
-1.67454e-007	-0.00025
-1.66954e-007	-0.0005625
-1.66454e-007	-0.000875
-1.65954e-007	-0.0011875
-1.65454e-007	-0.000875
-1.64954e-007	-0.0005625
-1.64454e-007	-0.00025
-1.63954e-007	-0.0005625
-1.63454e-007	6.25e-005
-1.62954e-007	6.25e-005
-1.62454e-007	-0.00025
-1.61954e-007	6.25e-005
-1.61454e-007	0.000375
-1.60954e-007	6.25e-005
-1.60454e-007	-0.00025
-1.59954e-007	0.000375
-1.59454e-007	6.25e-005
-1.58954e-007	-0.0005625
-1.58454e-007	0.000375
-1.57954e-007	0.001
-1.57454e-007	6.25e-005
-1.56954e-007	6.25e-005
-1.56454e-007	6.25e-005
-1.55954e-007	-0.0005625
-1.55454e-007	-0.0005625
-1.54954e-007	6.25e-005
-1.54454e-007	-0.00025
-1.53954e-007	-0.00025
-1.53454e-007	-0.00025
-1.52954e-007	0.000375
-1.52454e-007	0.000375
-1.51954e-007	-0.0005625
-1.51454e-007	-0.0005625
-1.50954e-007	6.25e-005
-1.50454e-007	-0.00025
-1.49954e-007	-0.0005625
-1.49454e-007	-0.00025
-1.48954e-007	0.0006875
-1.48454e-007	6.25e-005
-1.47954e-007	6.25e-005
-1.47454e-007	0.0013125
-1.46954e-007	0.000375
-1.46454e-007	0.000375
-1.45954e-007	0.001
-1.45454e-007	6.25e-005
-1.44954e-007	-0.0005625
-1.44454e-007	-0.0005625
-1.43954e-007	-0.00025
-1.43454e-007	-0.00025
-1.42954e-007	-0.0005625
-1.42454e-007	-0.000875
-1.41954e-007	-0.0011875
-1.41454e-007	-0.0005625
-1.40954e-007	6.25e-005
-1.40454e-007	-0.0005625
-1.39954e-007	-0.0005625
-1.39454e-007	-0.0005625
-1.38954e-007	-0.00025
-1.38454e-007	6.25e-005
-1.37954e-007	0.0006875
-1.37454e-007	0.0006875
-1.36954e-007	0.000375
-1.36454e-007	0.0013125
-1.35954e-007	0.0013125
-1.35454e-007	0.0006875
-1.34954e-007	6.25e-005
-1.34454e-007	-0.00025
-1.33954e-007	-0.0005625
-1.33454e-007	-0.0011875
-1.32954e-007	-0.0018125
-1.32454e-007	-0.0011875
-1.31954e-007	-0.002125
-1.31454e-007	-0.0018125
-1.30954e-007	-0.0015
-1.30454e-007	-0.0005625
-1.29954e-007	-0.0005625
-1.29454e-007	-0.0005625
-1.28954e-007	6.25e-005
-1.28454e-007	0.0006875
-1.27954e-007	0.001625
-1.27454e-007	0.001625
-1.26954e-007	0.001
-1.26454e-007	0.0013125
-1.25954e-007	0.0013125
-1.25454e-007	0.0013125
-1.24954e-007	0.0006875
-1.24454e-007	-0.00025
-1.23954e-007	-0.0005625
-1.23454e-007	-0.000875
-1.22954e-007	-0.0011875
-1.22454e-007	-0.0018125
-1.21954e-007	-0.0018125
-1.21454e-007	-0.0015
-1.20954e-007	-0.0011875
-1.20454e-007	-0.0005625
-1.19954e-007	-0.0005625
-1.19454e-007	-0.00025
-1.18954e-007	-0.00025
-1.18454e-007	0.0006875
-1.17954e-007	0.0013125
-1.17454e-007	0.001625
-1.16954e-007	0.0013125
-1.16454e-007	0.0013125
-1.15954e-007	0.0019375
-1.15454e-007	0.0013125
-1.14954e-007	0.0013125
-1.14454e-007	0.0006875
-1.13954e-007	-0.000875
-1.13454e-007	-0.000875
-1.12954e-007	-0.0011875
-1.12454e-007	-0.0018125
-1.11954e-007	-0.0018125
-1.11454e-007	-0.0011875
-1.10954e-007	-0.0011875
-1.10454e-007	-0.0011875
-1.09954e-007	-0.0011875
-1.09454e-007	6.25e-005
-1.08954e-007	6.25e-005
-1.08454e-007	0.0013125
-1.07954e-007	0.0013125
-1.07454e-007	0.001625
-1.06954e-007	0.0013125
-1.06454e-007	0.001
-1.05954e-007	0.001625
-1.05454e-007	0.0006875
-1.04954e-007	-0.00025
-1.04454e-007	6.25e-005
-1.03954e-007	-0.00025
-1.03454e-007	-0.00025
-1.02954e-007	-0.000875
-1.02454e-007	-0.00275
-1.01954e-007	-0.002125
-1.01454e-007	-0.000875
-1.00954e-007	-0.0005625
-1.00454e-007	-0.0011875
-9.9954e-008	-0.0005625
-9.9454e-008	-0.00025
-9.8954e-008	0.000375
-9.8454e-008	0.0013125
-9.7954e-008	0.001
-9.7454e-008	0.001
-9.6954e-008	0.0019375
-9.6454e-008	0.0013125
-9.5954e-008	0.001625
-9.5454e-008	0.0006875
-9.4954e-008	0.000375
-9.4454e-008	0.000375
-9.3954e-008	-0.00025
-9.3454e-008	-0.000875
-9.2954e-008	-0.0018125
-9.2454e-008	-0.0011875
-9.1954e-008	-0.0011875
-9.1454e-008	-0.000875
-9.0954e-008	-0.0005625
-9.0454e-008	-0.0011875
-8.9954e-008	-0.0011875
-8.9454e-008	0.000375
-8.8954e-008	0.000375
-8.8454e-008	0.000375
-8.7954e-008	0.000375
-8.7454e-008	0.0013125
-8.6954e-008	0.0006875
-8.6454e-008	0.000375
-8.5954e-008	0.001
-8.5454e-008	0.0006875
-8.4954e-008	0.000375
-8.4454e-008	6.25e-005
-8.3954e-008	6.25e-005
-8.3454e-008	-0.0005625
-8.2954e-008	-0.002125
-8.2454e-008	-0.0018125
-8.1954e-008	-0.00025
-8.1454e-008	-0.000875
-8.0954e-008	-0.0015
-8.0454e-008	-0.0015
-7.9954e-008	6.25e-005
-7.9454e-008	0.000375
-7.8954e-008	6.25e-005
-7.8454e-008	6.25e-005
-7.7954e-008	0.000375
-7.7454e-008	0.001
-7.6954e-008	0.0013125
-7.6454e-008	0.0006875
-7.5954e-008	0.001
-7.5454e-008	0.0006875
-7.4954e-008	0.000375
-7.4454e-008	6.25e-005
-7.3954e-008	6.25e-005
-7.3454e-008	-0.0005625
-7.2954e-008	-0.0005625
-7.2454e-008	-0.000875
-7.1954e-008	-0.0011875
-7.1454e-008	-0.000875
-7.0954e-008	-0.0011875
-7.0454e-008	-0.000875
-6.9954e-008	-0.00025
-6.9454e-008	6.25e-005
-6.8954e-008	0.000375
-6.8454e-008	0.0006875
-6.7954e-008	0.0006875
-6.7454e-008	0.0006875
-6.6954e-008	6.25e-005
-6.6454e-008	6.25e-005
-6.5954e-008	0.000375
-6.5454e-008	0.001
-6.4954e-008	0.0006875
-6.4454e-008	-0.0005625
-6.3954e-008	-0.00025
-6.3454e-008	-0.0005625
-6.2954e-008	-0.0011875
-6.2454e-008	-0.000875
-6.1954e-008	-0.0005625
-6.1454e-008	-0.000875
-6.0954e-008	-0.0005625
-6.0454e-008	-0.0005625
-5.9954e-008	-0.0005625
-5.9454e-008	0.000375
-5.8954e-008	0.000375
-5.8454e-008	-0.0005625
-5.7954e-008	0.0006875
-5.7454e-008	0.001
-5.6954e-008	6.25e-005
-5.6454e-008	0.000375
-5.5954e-008	0.0013125
-5.5454e-008	0.0013125
-5.4954e-008	6.25e-005
-5.4454e-008	-0.00025
-5.3954e-008	6.25e-005
-5.3454e-008	6.25e-005
-5.2954e-008	6.25e-005
-5.2454e-008	-0.0005625
-5.1954e-008	-0.0011875
-5.1454e-008	-0.000875
-5.0954e-008	-0.00025
-5.0454e-008	-0.00025
-4.9954e-008	-0.0011875
-4.9454e-008	-0.0011875
-4.8954e-008	-0.0005625
-4.8454e-008	-0.0005625
-4.7954e-008	0.000375
-4.7454e-008	0.000375
-4.6954e-008	6.25e-005
-4.6454e-008	0.000375
-4.5954e-008	0.000375
-4.5454e-008	0.0006875
-4.4954e-008	0.000375
-4.4454e-008	0.001
-4.3954e-008	0.001
-4.3454e-008	0.000375
-4.2954e-008	6.25e-005
-4.2454e-008	-0.000875
-4.1954e-008	-0.0011875
-4.1454e-008	-0.000875
-4.0954e-008	-0.0015
-4.0454e-008	-0.0011875
-3.9954e-008	-0.0011875
-3.9454e-008	-0.000875
-3.8954e-008	-0.000875
-3.8454e-008	-0.0005625
-3.7954e-008	-0.000875
-3.7454e-008	-0.00025
-3.6954e-008	6.25e-005
-3.6454e-008	0.000375
-3.5954e-008	0.0006875
-3.5454e-008	0.001
-3.4954e-008	0.0006875
-3.4454e-008	0.0006875
-3.3954e-008	0.001
-3.3454e-008	6.25e-005
-3.2954e-008	-0.00025
-3.2454e-008	-0.00025
-3.1954e-008	-0.0005625
-3.1454e-008	-0.000875
-3.0954e-008	-0.000875
-3.0454e-008	-0.0011875
-2.9954e-008	-0.0011875
-2.9454e-008	-0.000875
-2.8954e-008	-0.00025
-2.8454e-008	-0.0005625
-2.7954e-008	-0.0005625
-2.7454e-008	-0.00025
-2.6954e-008	-0.00025
-2.6454e-008	6.25e-005
-2.5954e-008	0.000375
-2.5454e-008	0.000375
-2.4954e-008	0.000375
-2.4454e-008	0.000375
-2.3954e-008	0.0006875
-2.3454e-008	0.000375
-2.2954e-008	6.25e-005
-2.2454e-008	6.25e-005
-2.1954e-008	-0.0005625
-2.1454e-008	-0.000875
-2.0954e-008	-0.0005625
-2.0454e-008	-0.000875
-1.9954e-008	-0.0015
-1.9454e-008	-0.000875
-1.8954e-008	-0.00025
-1.8454e-008	6.25e-005
-1.7954e-008	-0.0005625
-1.7454e-008	-0.0005625
-1.6954e-008	6.25e-005
-1.6454e-008	0.0006875
-1.5954e-008	0.0006875
-1.5454e-008	0.0006875
-1.4954e-008	0.000375
-1.4454e-008	0.000375
-1.3954e-008	0.000375
-1.3454e-008	0.000375
-1.2954e-008	0.000375
-1.2454e-008	-0.00025
-1.1954e-008	-0.000875
-1.1454e-008	-0.000875
-1.0954e-008	-0.0015
-1.0454e-008	-0.0018125
-9.954e-009	-0.000875
-9.454e-009	-0.000875
-8.954e-009	-0.0018125
-8.454e-009	-0.0015
-7.954e-009	-0.00025
-7.454e-009	0.000375
-6.954e-009	6.25e-005
-6.454e-009	6.25e-005
-5.954e-009	0.000375
-5.454e-009	-0.0005625
-4.954e-009	-0.0005625
-4.454e-009	-0.000875
-3.954e-009	-0.0015
-3.454e-009	-0.0024375
-2.954e-009	-0.004
-2.454e-009	-0.00525
-1.954e-009	-0.0065
-1.454e-009	-0.0080625
-9.54e-010	-0.0099375
-4.54e-010	-0.0111875
4.6e-011	-0.01275
5.46e-010	-0.014
1.046e-009	-0.013375
1.546e-009	-0.0136875
2.046e-009	-0.01525
2.546e-009	-0.01525
3.046e-009	-0.0149375
3.546e-009	-0.0149375
4.046e-009	-0.0155625
4.546e-009	-0.015875
5.046e-009	-0.0155625
5.546e-009	-0.0168125
6.046e-009	-0.01775
6.546e-009	-0.0186875
7.046e-009	-0.02025
7.546e-009	-0.0205625
8.046e-009	-0.0211875
8.546e-009	-0.022125
9.046e-009	-0.0224375
9.546e-009	-0.0236875
1.0046e-008	-0.0236875
1.0546e-008	-0.0236875
1.1046e-008	-0.0218125
1.1546e-008	-0.0205625
1.2046e-008	-0.0205625
1.2546e-008	-0.0193125
1.3046e-008	-0.019
1.3546e-008	-0.0186875
1.4046e-008	-0.01775
1.4546e-008	-0.0180625
1.5046e-008	-0.0174375
1.5546e-008	-0.01775
1.6046e-008	-0.01775
1.6546e-008	-0.0174375
1.7046e-008	-0.0180625
1.7546e-008	-0.018375
1.8046e-008	-0.019
1.8546e-008	-0.019625
1.9046e-008	-0.0199375
1.9546e-008	-0.0205625
2.0046e-008	-0.0205625
2.0546e-008	-0.0205625
2.1046e-008	-0.0205625
2.1546e-008	-0.0205625
2.2046e-008	-0.0205625
2.2546e-008	-0.0199375
2.3046e-008	-0.019
2.3546e-008	-0.0186875
2.4046e-008	-0.018375
2.4546e-008	-0.0193125
2.5046e-008	-0.019
2.5546e-008	-0.0193125
2.6046e-008	-0.019625
2.6546e-008	-0.0199375
2.7046e-008	-0.0211875
2.7546e-008	-0.0211875
2.8046e-008	-0.0224375
2.8546e-008	-0.023375
2.9046e-008	-0.024625
2.9546e-008	-0.0249375
3.0046e-008	-0.024
3.0546e-008	-0.0255625
3.1046e-008	-0.0255625
3.1546e-008	-0.024625
3.2046e-008	-0.024625
3.2546e-008	-0.024
3.3046e-008	-0.023375
3.3546e-008	-0.0224375
3.4046e-008	-0.0215
3.4546e-008	-0.0215
3.5046e-008	-0.022125
3.5546e-008	-0.0224375
3.6046e-008	-0.023375
3.6546e-008	-0.024
3.7046e-008	-0.0236875
3.7546e-008	-0.0243125
3.8046e-008	-0.0249375
3.8546e-008	-0.02525
3.9046e-008	-0.0265
3.9546e-008	-0.0261875
4.0046e-008	-0.025875
4.0546e-008	-0.0261875
4.1046e-008	-0.0255625
4.1546e-008	-0.0255625
4.2046e-008	-0.025875
4.2546e-008	-0.0249375
4.3046e-008	-0.0236875
4.3546e-008	-0.0236875
4.4046e-008	-0.023375
4.4546e-008	-0.0230625
4.5046e-008	-0.0230625
4.5546e-008	-0.0230625
4.6046e-008	-0.02275
4.6546e-008	-0.0230625
4.7046e-008	-0.02275
4.7546e-008	-0.0230625
4.8046e-008	-0.0243125
4.8546e-008	-0.0249375
4.9046e-008	-0.0255625
4.9546e-008	-0.0261875
5.0046e-008	-0.0261875
5.0546e-008	-0.0261875
5.1046e-008	-0.0265
5.1546e-008	-0.025875
5.2046e-008	-0.0255625
5.2546e-008	-0.02525
5.3046e-008	-0.024625
5.3546e-008	-0.0243125
5.4046e-008	-0.0236875
5.4546e-008	-0.023375
5.5046e-008	-0.023375
5.5546e-008	-0.0230625
5.6046e-008	-0.0230625
5.6546e-008	-0.0236875
5.7046e-008	-0.023375
5.7546e-008	-0.023375
5.8046e-008	-0.0236875
5.8546e-008	-0.0249375
5.9046e-008	-0.0255625
5.9546e-008	-0.0255625
6.0046e-008	-0.0268125
6.0546e-008	-0.0261875
6.1046e-008	-0.0255625
6.1546e-008	-0.025875
6.2046e-008	-0.025875
6.2546e-008	-0.0255625
6.3046e-008	-0.02525
6.3546e-008	-0.0249375
6.4046e-008	-0.0249375
6.4546e-008	-0.024625
6.5046e-008	-0.0243125
6.5546e-008	-0.024
6.6046e-008	-0.0236875
6.6546e-008	-0.024
6.7046e-008	-0.0236875
6.7546e-008	-0.0243125
6.8046e-008	-0.0243125
6.8546e-008	-0.024625
6.9046e-008	-0.024
6.9546e-008	-0.0249375
7.0046e-008	-0.0249375
7.0546e-008	-0.0249375
7.1046e-008	-0.025875
7.1546e-008	-0.0255625
7.2046e-008	-0.0249375
7.2546e-008	-0.02525
7.3046e-008	-0.0243125
7.3546e-008	-0.024625
7.4046e-008	-0.024
7.4546e-008	-0.024
7.5046e-008	-0.0249375
7.5546e-008	-0.024
7.6046e-008	-0.0236875
7.6546e-008	-0.024625
7.7046e-008	-0.024
7.7546e-008	-0.0249375
7.8046e-008	-0.0243125
7.8546e-008	-0.0243125
7.9046e-008	-0.0243125
7.9546e-008	-0.024
8.0046e-008	-0.024625
8.0546e-008	-0.0236875
8.1046e-008	-0.0243125
8.1546e-008	-0.024625
8.2046e-008	-0.0249375
8.2546e-008	-0.02525
8.3046e-008	-0.0243125
8.3546e-008	-0.024625
8.4046e-008	-0.0243125
8.4546e-008	-0.0243125
8.5046e-008	-0.024625
8.5546e-008	-0.0236875
8.6046e-008	-0.024
8.6546e-008	-0.024625
8.7046e-008	-0.0236875
8.7546e-008	-0.0230625
8.8046e-008	-0.02275
8.8546e-008	-0.024
8.9046e-008	-0.024
8.9546e-008	-0.0230625
9.0046e-008	-0.023375
9.0546e-008	-0.024
9.1046e-008	-0.024
9.1546e-008	-0.0236875
9.2046e-008	-0.023375
9.2546e-008	-0.0236875
9.3046e-008	-0.023375
9.3546e-008	-0.024
9.4046e-008	-0.023375
9.4546e-008	-0.023375
9.5046e-008	-0.0236875
9.5546e-008	-0.0249375
9.6046e-008	-0.0243125
9.6546e-008	-0.024
9.7046e-008	-0.024
9.7546e-008	-0.024
9.8046e-008	-0.02275
9.8546e-008	-0.0230625
9.9046e-008	-0.023375
9.9546e-008	-0.0224375
1.00046e-007	-0.02275
1.00546e-007	-0.02275
1.01046e-007	-0.0230625
1.01546e-007	-0.0230625
1.02046e-007	-0.0230625
1.02546e-007	-0.0230625
1.03046e-007	-0.0236875
1.03546e-007	-0.023375
1.04046e-007	-0.0236875
1.04546e-007	-0.0236875
1.05046e-007	-0.023375
1.05546e-007	-0.023375
1.06046e-007	-0.0236875
1.06546e-007	-0.0236875
1.07046e-007	-0.02275
1.07546e-007	-0.02275
1.08046e-007	-0.023375
1.08546e-007	-0.0224375
1.09046e-007	-0.022125
1.09546e-007	-0.022125
1.10046e-007	-0.022125
1.10546e-007	-0.0224375
1.11046e-007	-0.02275
1.11546e-007	-0.022125
1.12046e-007	-0.0215
1.12546e-007	-0.0215
1.13046e-007	-0.0224375
1.13546e-007	-0.02275
1.14046e-007	-0.02275
1.14546e-007	-0.0230625
1.15046e-007	-0.0230625
1.15546e-007	-0.0230625
1.16046e-007	-0.0224375
1.16546e-007	-0.0230625
1.17046e-007	-0.02275
1.17546e-007	-0.0230625
1.18046e-007	-0.0230625
1.18546e-007	-0.0215
1.19046e-007	-0.022125
1.19546e-007	-0.02275
1.20046e-007	-0.0224375
1.20546e-007	-0.0215
1.21046e-007	-0.0211875
1.21546e-007	-0.0215
1.22046e-007	-0.022125
1.22546e-007	-0.0218125
1.23046e-007	-0.0224375
1.23546e-007	-0.0218125
1.24046e-007	-0.022125
1.24546e-007	-0.022125
1.25046e-007	-0.022125
1.25546e-007	-0.0218125
1.26046e-007	-0.0215
1.26546e-007	-0.022125
1.27046e-007	-0.022125
1.27546e-007	-0.0215
1.28046e-007	-0.0218125
1.28546e-007	-0.0215
1.29046e-007	-0.022125
1.29546e-007	-0.0215
1.30046e-007	-0.0215
1.30546e-007	-0.0215
1.31046e-007	-0.0218125
1.31546e-007	-0.0211875
1.32046e-007	-0.0215
1.32546e-007	-0.0218125
1.33046e-007	-0.0215
1.33546e-007	-0.0211875
1.34046e-007	-0.0218125
1.34546e-007	-0.0215
1.35046e-007	-0.0205625
1.35546e-007	-0.0211875
1.36046e-007	-0.020875
1.36546e-007	-0.0211875
1.37046e-007	-0.020875
1.37546e-007	-0.0205625
1.38046e-007	-0.02025
1.38546e-007	-0.0205625
1.39046e-007	-0.0205625
1.39546e-007	-0.0205625
1.40046e-007	-0.0205625
1.40546e-007	-0.0211875
1.41046e-007	-0.022125
1.41546e-007	-0.020875
1.42046e-007	-0.020875
1.42546e-007	-0.020875
1.43046e-007	-0.0215
1.43546e-007	-0.0215
1.44046e-007	-0.020875
1.44546e-007	-0.020875
1.45046e-007	-0.0199375
1.45546e-007	-0.02025
1.46046e-007	-0.0199375
1.46546e-007	-0.019
1.47046e-007	-0.0199375
1.47546e-007	-0.019625
1.48046e-007	-0.0199375
1.48546e-007	-0.0205625
1.49046e-007	-0.02025
1.49546e-007	-0.0193125
1.50046e-007	-0.019625
1.50546e-007	-0.020875
1.51046e-007	-0.0218125
1.51546e-007	-0.0211875
1.52046e-007	-0.0211875
1.52546e-007	-0.0211875
1.53046e-007	-0.0218125
1.53546e-007	-0.0215
1.54046e-007	-0.0211875
1.54546e-007	-0.020875
1.55046e-007	-0.020875
1.55546e-007	-0.02025
1.56046e-007	-0.019
1.56546e-007	-0.0186875
1.57046e-007	-0.019
1.57546e-007	-0.0186875
1.58046e-007	-0.0186875
1.58546e-007	-0.0193125
1.59046e-007	-0.019625
1.59546e-007	-0.0193125
1.60046e-007	-0.019625
1.60546e-007	-0.0205625
1.61046e-007	-0.020875
1.61546e-007	-0.020875
1.62046e-007	-0.020875
1.62546e-007	-0.0211875
1.63046e-007	-0.0215
1.63546e-007	-0.020875
1.64046e-007	-0.020875
1.64546e-007	-0.0211875
1.65046e-007	-0.02025
1.65546e-007	-0.0199375
1.66046e-007	-0.019
1.66546e-007	-0.018375
1.67046e-007	-0.01775
1.67546e-007	-0.01775
1.68046e-007	-0.0180625
1.68546e-007	-0.0180625
1.69046e-007	-0.018375
1.69546e-007	-0.0186875
1.70046e-007	-0.0180625
1.70546e-007	-0.019
1.71046e-007	-0.019625
1.71546e-007	-0.019625
1.72046e-007	-0.0205625
1.72546e-007	-0.02025
1.73046e-007	-0.0205625
1.73546e-007	-0.020875
1.74046e-007	-0.0205625
1.74546e-007	-0.0199375
1.75046e-007	-0.0193125
1.75546e-007	-0.019
1.76046e-007	-0.0186875
1.76546e-007	-0.0180625
1.77046e-007	-0.01775
1.77546e-007	-0.01775
1.78046e-007	-0.01775
1.78546e-007	-0.017125
1.79046e-007	-0.0174375
1.79546e-007	-0.018375
1.80046e-007	-0.019
1.80546e-007	-0.018375
1.81046e-007	-0.0180625
1.81546e-007	-0.0193125
1.82046e-007	-0.0199375
1.82546e-007	-0.02025
1.83046e-007	-0.0205625
1.83546e-007	-0.019625
1.84046e-007	-0.019625
1.84546e-007	-0.0193125
1.85046e-007	-0.0186875
1.85546e-007	-0.018375
1.86046e-007	-0.0180625
1.86546e-007	-0.0180625
1.87046e-007	-0.0180625
1.87546e-007	-0.017125
1.88046e-007	-0.0161875
1.88546e-007	-0.0165
1.89046e-007	-0.01775
1.89546e-007	-0.017125
1.90046e-007	-0.0174375
1.90546e-007	-0.0180625
1.91046e-007	-0.0180625
1.91546e-007	-0.0186875
1.92046e-007	-0.0186875
1.92546e-007	-0.0193125
1.93046e-007	-0.019
1.93546e-007	-0.0186875
1.94046e-007	-0.0186875
1.94546e-007	-0.01775
1.95046e-007	-0.0180625
1.95546e-007	-0.018375
1.96046e-007	-0.0174375
1.96546e-007	-0.017125
1.97046e-007	-0.017125
1.97546e-007	-0.0168125
1.98046e-007	-0.0165
1.98546e-007	-0.0161875
1.99046e-007	-0.0174375
1.99546e-007	-0.0168125
2.00046e-007	-0.0165
2.00546e-007	-0.0174375
2.01046e-007	-0.01775
2.01546e-007	-0.01775
2.02046e-007	-0.018375
2.02546e-007	-0.0180625
2.03046e-007	-0.01775
2.03546e-007	-0.018375
2.04046e-007	-0.0180625
2.04546e-007	-0.0168125
2.05046e-007	-0.017125
2.05546e-007	-0.01775
2.06046e-007	-0.0174375
2.06546e-007	-0.0168125
2.07046e-007	-0.0165
2.07546e-007	-0.0165
2.08046e-007	-0.0161875
2.08546e-007	-0.0165
2.09046e-007	-0.0165
2.09546e-007	-0.0161875
2.10046e-007	-0.0168125
2.10546e-007	-0.0174375
2.11046e-007	-0.0174375
2.11546e-007	-0.0168125
2.12046e-007	-0.0165
2.12546e-007	-0.01775
2.13046e-007	-0.0180625
2.13546e-007	-0.0174375
2.14046e-007	-0.0165
2.14546e-007	-0.017125
2.15046e-007	-0.017125
2.15546e-007	-0.015875
2.16046e-007	-0.0155625
2.16546e-007	-0.0168125
2.17046e-007	-0.015875
2.17546e-007	-0.0161875
2.18046e-007	-0.015875
2.18546e-007	-0.015875
2.19046e-007	-0.0165
2.19546e-007	-0.0165
2.20046e-007	-0.0165
2.20546e-007	-0.015875
2.21046e-007	-0.0165
2.21546e-007	-0.0168125
2.22046e-007	-0.0165
2.22546e-007	-0.0174375
2.23046e-007	-0.0165
2.23546e-007	-0.0165
2.24046e-007	-0.0165
2.24546e-007	-0.0165
2.25046e-007	-0.015875
2.25546e-007	-0.0155625
2.26046e-007	-0.0165
2.26546e-007	-0.015875
2.27046e-007	-0.0149375
2.27546e-007	-0.01525
2.28046e-007	-0.0155625
2.28546e-007	-0.0155625
2.29046e-007	-0.0149375
2.29546e-007	-0.01525
2.30046e-007	-0.0165
2.30546e-007	-0.0155625
2.31046e-007	-0.0155625
2.31546e-007	-0.0161875
2.32046e-007	-0.0165
2.32546e-007	-0.0168125
2.33046e-007	-0.0161875
2.33546e-007	-0.0168125
2.34046e-007	-0.0165
2.34546e-007	-0.0165
2.35046e-007	-0.015875
2.35546e-007	-0.0155625
2.36046e-007	-0.0155625
2.36546e-007	-0.0149375
2.37046e-007	-0.0149375
2.37546e-007	-0.0155625
2.38046e-007	-0.0149375
2.38546e-007	-0.01525
2.39046e-007	-0.0143125
2.39546e-007	-0.0149375
2.40046e-007	-0.0149375
2.40546e-007	-0.01525
2.41046e-007	-0.015875
2.41546e-007	-0.0155625
2.42046e-007	-0.015875
2.42546e-007	-0.015875
2.43046e-007	-0.01525
2.43546e-007	-0.0161875
2.44046e-007	-0.0161875
2.44546e-007	-0.0155625
2.45046e-007	-0.015875
2.45546e-007	-0.015875
2.46046e-007	-0.0155625
2.46546e-007	-0.0149375
2.47046e-007	-0.0149375
2.47546e-007	-0.014625
2.48046e-007	-0.014
2.48546e-007	-0.0136875
2.49046e-007	-0.01275
2.49546e-007	-0.014
2.50046e-007	-0.0149375
2.50546e-007	-0.014
2.51046e-007	-0.014625
2.51546e-007	-0.0143125
2.52046e-007	-0.0149375
2.52546e-007	-0.015875
2.53046e-007	-0.015875
2.53546e-007	-0.0161875
2.54046e-007	-0.0155625
2.54546e-007	-0.015875
2.55046e-007	-0.0161875
2.55546e-007	-0.0155625
2.56046e-007	-0.0155625
2.56546e-007	-0.014625
2.57046e-007	-0.014625
2.57546e-007	-0.0143125
2.58046e-007	-0.0143125
2.58546e-007	-0.0136875
2.59046e-007	-0.01275
2.59546e-007	-0.0136875
2.60046e-007	-0.013375
2.60546e-007	-0.0130625
2.61046e-007	-0.0130625
2.61546e-007	-0.0136875
2.62046e-007	-0.014
2.62546e-007	-0.01525
2.63046e-007	-0.0149375
2.63546e-007	-0.0155625
2.64046e-007	-0.0165
2.64546e-007	-0.0168125
2.65046e-007	-0.015875
2.65546e-007	-0.0155625
2.66046e-007	-0.0149375
2.66546e-007	-0.014625
2.67046e-007	-0.014
2.67546e-007	-0.014
2.68046e-007	-0.0136875
2.68546e-007	-0.01275
2.69046e-007	-0.01275
2.69546e-007	-0.01275
2.70046e-007	-0.0124375
2.70546e-007	-0.0130625
2.71046e-007	-0.0130625
2.71546e-007	-0.013375
2.72046e-007	-0.0136875
2.72546e-007	-0.0143125
2.73046e-007	-0.0149375
2.73546e-007	-0.0149375
2.74046e-007	-0.0149375
2.74546e-007	-0.0149375
2.75046e-007	-0.01525
2.75546e-007	-0.0155625
2.76046e-007	-0.0149375
2.76546e-007	-0.0143125
2.77046e-007	-0.014
2.77546e-007	-0.0136875
2.78046e-007	-0.0130625
2.78546e-007	-0.01275
2.79046e-007	-0.012125
2.79546e-007	-0.0118125
2.80046e-007	-0.0124375
2.80546e-007	-0.0130625
2.81046e-007	-0.0124375
2.81546e-007	-0.0124375
2.82046e-007	-0.01275
2.82546e-007	-0.0136875
2.83046e-007	-0.0143125
2.83546e-007	-0.0149375
2.84046e-007	-0.014625
2.84546e-007	-0.014625
2.85046e-007	-0.01525
2.85546e-007	-0.014625
2.86046e-007	-0.0143125
2.86546e-007	-0.014625
2.87046e-007	-0.0136875
2.87546e-007	-0.0130625
2.88046e-007	-0.01275
2.88546e-007	-0.01275
2.89046e-007	-0.0115
2.89546e-007	-0.0115
2.90046e-007	-0.012125
2.90546e-007	-0.012125
2.91046e-007	-0.0118125
2.91546e-007	-0.012125
2.92046e-007	-0.01275
2.92546e-007	-0.014
2.93046e-007	-0.014
2.93546e-007	-0.014
2.94046e-007	-0.0143125
2.94546e-007	-0.014
2.95046e-007	-0.014
2.95546e-007	-0.0143125
2.96046e-007	-0.014625
2.96546e-007	-0.0136875
2.97046e-007	-0.013375
2.97546e-007	-0.01275
2.98046e-007	-0.012125
2.98546e-007	-0.0124375
2.99046e-007	-0.0115
2.99546e-007	-0.010875
3.00046e-007	-0.010875
3.00546e-007	-0.0111875
3.01046e-007	-0.0111875
3.01546e-007	-0.012125
3.02046e-007	-0.013375
3.02546e-007	-0.013375
3.03046e-007	-0.0124375
3.03546e-007	-0.0143125
3.04046e-007	-0.014
3.04546e-007	-0.014
3.05046e-007	-0.0130625
3.05546e-007	-0.0136875
3.06046e-007	-0.0136875
3.06546e-007	-0.013375
3.07046e-007	-0.01275
3.07546e-007	-0.01275
3.08046e-007	-0.012125
3.08546e-007	-0.012125
3.09046e-007	-0.0105625
3.09546e-007	-0.010875
3.10046e-007	-0.010875
3.10546e-007	-0.010875
3.11046e-007	-0.0118125
3.11546e-007	-0.0115
3.12046e-007	-0.0115
3.12546e-007	-0.0124375
3.13046e-007	-0.0130625
3.13546e-007	-0.0136875
3.14046e-007	-0.013375
3.14546e-007	-0.013375
3.15046e-007	-0.0136875
3.15546e-007	-0.0136875
3.16046e-007	-0.013375
3.16546e-007	-0.0130625
3.17046e-007	-0.0130625
3.17546e-007	-0.0118125
3.18046e-007	-0.0118125
3.18546e-007	-0.010875
3.19046e-007	-0.0099375
3.19546e-007	-0.0115
3.20046e-007	-0.0111875
3.20546e-007	-0.0105625
3.21046e-007	-0.010875
3.21546e-007	-0.0115
3.22046e-007	-0.0118125
3.22546e-007	-0.012125
3.23046e-007	-0.0124375
3.23546e-007	-0.0130625
3.24046e-007	-0.01275
3.24546e-007	-0.013375
3.25046e-007	-0.0130625
3.25546e-007	-0.0130625
3.26046e-007	-0.0130625
3.26546e-007	-0.0124375
3.27046e-007	-0.0118125
3.27546e-007	-0.0111875
3.28046e-007	-0.0115
3.28546e-007	-0.0111875
3.29046e-007	-0.0105625
3.29546e-007	-0.01025
3.30046e-007	-0.0099375
3.30546e-007	-0.01025
3.31046e-007	-0.0105625
3.31546e-007	-0.0105625
3.32046e-007	-0.0111875
3.32546e-007	-0.0118125
3.33046e-007	-0.012125
3.33546e-007	-0.0124375
3.34046e-007	-0.01275
3.34546e-007	-0.013375
3.35046e-007	-0.0124375
3.35546e-007	-0.0130625
3.36046e-007	-0.012125
3.36546e-007	-0.0118125
3.37046e-007	-0.0118125
3.37546e-007	-0.0105625
3.38046e-007	-0.010875
3.38546e-007	-0.010875
3.39046e-007	-0.0099375
3.39546e-007	-0.01025
3.40046e-007	-0.0099375
3.40546e-007	-0.0105625
3.41046e-007	-0.0105625
3.41546e-007	-0.0099375
3.42046e-007	-0.0105625
3.42546e-007	-0.0115
3.43046e-007	-0.0118125
3.43546e-007	-0.0124375
3.44046e-007	-0.0124375
3.44546e-007	-0.01275
3.45046e-007	-0.0124375
3.45546e-007	-0.0124375
3.46046e-007	-0.0124375
3.46546e-007	-0.012125
3.47046e-007	-0.0118125
3.47546e-007	-0.010875
3.48046e-007	-0.01025
3.48546e-007	-0.0105625
3.49046e-007	-0.01025
3.49546e-007	-0.0099375
3.50046e-007	-0.0093125
3.50546e-007	-0.0099375
3.51046e-007	-0.01025
3.51546e-007	-0.01025
3.52046e-007	-0.01025
3.52546e-007	-0.01025
3.53046e-007	-0.0115
3.53546e-007	-0.0118125
3.54046e-007	-0.0118125
3.54546e-007	-0.0124375
3.55046e-007	-0.0111875
3.55546e-007	-0.0115
3.56046e-007	-0.012125
3.56546e-007	-0.0118125
3.57046e-007	-0.0111875
3.57546e-007	-0.010875
3.58046e-007	-0.01025
3.58546e-007	-0.0099375
3.59046e-007	-0.0093125
3.59546e-007	-0.0093125
3.60046e-007	-0.0099375
3.60546e-007	-0.009625
3.61046e-007	-0.009625
3.61546e-007	-0.0099375
3.62046e-007	-0.010875
3.62546e-007	-0.01025
3.63046e-007	-0.0105625
3.63546e-007	-0.0105625
3.64046e-007	-0.0111875
3.64546e-007	-0.012125
3.65046e-007	-0.0115
3.65546e-007	-0.0124375
3.66046e-007	-0.0115
3.66546e-007	-0.010875
3.67046e-007	-0.010875
3.67546e-007	-0.0111875
3.68046e-007	-0.010875
3.68546e-007	-0.0086875
3.69046e-007	-0.0086875
3.69546e-007	-0.009625
3.70046e-007	-0.009
3.70546e-007	-0.009625
3.71046e-007	-0.009625
3.71546e-007	-0.0093125
3.72046e-007	-0.0099375
3.72546e-007	-0.0105625
3.73046e-007	-0.0105625
3.73546e-007	-0.0111875
3.74046e-007	-0.0111875
3.74546e-007	-0.0115
3.75046e-007	-0.0111875
3.75546e-007	-0.0115
3.76046e-007	-0.010875
3.76546e-007	-0.0105625
3.77046e-007	-0.01025
3.77546e-007	-0.0093125
3.78046e-007	-0.01025
3.78546e-007	-0.0093125
3.79046e-007	-0.009
3.79546e-007	-0.009
3.80046e-007	-0.0093125
3.80546e-007	-0.0099375
3.81046e-007	-0.0093125
3.81546e-007	-0.0099375
3.82046e-007	-0.01025
3.82546e-007	-0.0099375
3.83046e-007	-0.01025
3.83546e-007	-0.0105625
3.84046e-007	-0.0111875
3.84546e-007	-0.01025
3.85046e-007	-0.0105625
3.85546e-007	-0.0111875
3.86046e-007	-0.0099375
3.86546e-007	-0.0105625
3.87046e-007	-0.0105625
3.87546e-007	-0.0099375
3.88046e-007	-0.0099375
3.88546e-007	-0.009625
3.89046e-007	-0.0093125
3.89546e-007	-0.0086875
3.90046e-007	-0.0093125
3.90546e-007	-0.009625
3.91046e-007	-0.0099375
3.91546e-007	-0.0099375
3.92046e-007	-0.0099375
3.92546e-007	-0.009625
3.93046e-007	-0.0105625
3.93546e-007	-0.010875
3.94046e-007	-0.010875
3.94546e-007	-0.010875
3.95046e-007	-0.010875
3.95546e-007	-0.010875
3.96046e-007	-0.0099375
3.96546e-007	-0.009625
3.97046e-007	-0.009625
3.97546e-007	-0.009625
3.98046e-007	-0.009625
3.98546e-007	-0.0086875
3.99046e-007	-0.0093125
3.99546e-007	-0.0086875
4.00046e-007	-0.0086875
4.00546e-007	-0.0086875
4.01046e-007	-0.009
4.01546e-007	-0.009625
4.02046e-007	-0.0093125
4.02546e-007	-0.01025
4.03046e-007	-0.009625
4.03546e-007	-0.0093125
4.04046e-007	-0.0105625
4.04546e-007	-0.009625
4.05046e-007	-0.0105625
4.05546e-007	-0.0105625
4.06046e-007	-0.009625
4.06546e-007	-0.01025
4.07046e-007	-0.0086875
4.07546e-007	-0.009
4.08046e-007	-0.009625
4.08546e-007	-0.009
4.09046e-007	-0.0086875
4.09546e-007	-0.0080625
4.10046e-007	-0.009
4.10546e-007	-0.0093125
4.11046e-007	-0.0093125
4.11546e-007	-0.0093125
4.12046e-007	-0.009
4.12546e-007	-0.0093125
4.13046e-007	-0.0099375
4.13546e-007	-0.0105625
4.14046e-007	-0.01025
4.14546e-007	-0.0093125
4.15046e-007	-0.0105625
4.15546e-007	-0.01025
4.16046e-007	-0.009625
4.16546e-007	-0.009
4.17046e-007	-0.0093125
4.17546e-007	-0.009625
4.18046e-007	-0.008375
4.18546e-007	-0.0074375
4.19046e-007	-0.0086875
4.19546e-007	-0.008375
4.20046e-007	-0.009
4.20546e-007	-0.0086875
4.21046e-007	-0.0093125
4.21546e-007	-0.0093125
4.22046e-007	-0.009
4.22546e-007	-0.0093125
4.23046e-007	-0.0086875
4.23546e-007	-0.0093125
4.24046e-007	-0.01025
4.24546e-007	-0.009
4.25046e-007	-0.009
4.25546e-007	-0.0086875
4.26046e-007	-0.0093125
4.26546e-007	-0.0093125
4.27046e-007	-0.008375
4.27546e-007	-0.008375
4.28046e-007	-0.0086875
4.28546e-007	-0.008375
4.29046e-007	-0.0086875
4.29546e-007	-0.0080625
4.30046e-007	-0.0086875
4.30546e-007	-0.0080625
4.31046e-007	-0.008375
4.31546e-007	-0.0093125
4.32046e-007	-0.0086875
4.32546e-007	-0.009
4.33046e-007	-0.009
4.33546e-007	-0.008375
4.34046e-007	-0.0086875
4.34546e-007	-0.008375
4.35046e-007	-0.0086875
4.35546e-007	-0.0080625
4.36046e-007	-0.0086875
4.36546e-007	-0.0086875
4.37046e-007	-0.0086875
4.37546e-007	-0.009
4.38046e-007	-0.0080625
4.38546e-007	-0.0080625
4.39046e-007	-0.0086875
4.39546e-007	-0.0080625
4.40046e-007	-0.0086875
4.40546e-007	-0.008375
4.41046e-007	-0.0086875
4.41546e-007	-0.009625
4.42046e-007	-0.008375
4.42546e-007	-0.0080625
4.43046e-007	-0.009
4.43546e-007	-0.0086875
4.44046e-007	-0.0086875
4.44546e-007	-0.0080625
4.45046e-007	-0.008375
4.45546e-007	-0.0080625
4.46046e-007	-0.008375
4.46546e-007	-0.0080625
4.47046e-007	-0.0080625
4.47546e-007	-0.00775
4.48046e-007	-0.0080625
4.48546e-007	-0.0080625
4.49046e-007	-0.0086875
4.49546e-007	-0.008375
4.50046e-007	-0.008375
4.50546e-007	-0.0080625
4.51046e-007	-0.0086875
4.51546e-007	-0.0080625
4.52046e-007	-0.0080625
4.52546e-007	-0.008375
4.53046e-007	-0.0080625
4.53546e-007	-0.008375
4.54046e-007	-0.0080625
4.54546e-007	-0.00775
4.55046e-007	-0.0074375
4.55546e-007	-0.00775
4.56046e-007	-0.00775
4.56546e-007	-0.0074375
4.57046e-007	-0.0074375
4.57546e-007	-0.007125
4.58046e-007	-0.007125
4.58546e-007	-0.00775
4.59046e-007	-0.0080625
4.59546e-007	-0.00775
4.60046e-007	-0.008375
4.60546e-007	-0.0086875
4.61046e-007	-0.0086875
4.61546e-007	-0.0080625
4.62046e-007	-0.0080625
4.62546e-007	-0.0080625
4.63046e-007	-0.0080625
4.63546e-007	-0.00775
4.64046e-007	-0.00775
4.64546e-007	-0.0074375
4.65046e-007	-0.00775
4.65546e-007	-0.00775
4.66046e-007	-0.0074375
4.66546e-007	-0.0074375
4.67046e-007	-0.007125
4.67546e-007	-0.0068125
4.68046e-007	-0.00775
4.68546e-007	-0.007125
4.69046e-007	-0.007125
4.69546e-007	-0.00775
4.70046e-007	-0.00775
4.70546e-007	-0.0080625
4.71046e-007	-0.0086875
4.71546e-007	-0.008375
4.72046e-007	-0.0080625
4.72546e-007	-0.0080625
4.73046e-007	-0.008375
4.73546e-007	-0.0080625
4.74046e-007	-0.00775
4.74546e-007	-0.00775
4.75046e-007	-0.00775
4.75546e-007	-0.0074375
4.76046e-007	-0.007125
4.76546e-007	-0.0068125
4.77046e-007	-0.0068125
4.77546e-007	-0.0065
4.78046e-007	-0.007125
4.78546e-007	-0.0074375
4.79046e-007	-0.007125
4.79546e-007	-0.0074375
4.80046e-007	-0.0080625
4.80546e-007	-0.008375
4.81046e-007	-0.0080625
4.81546e-007	-0.0080625
4.82046e-007	-0.0086875
4.82546e-007	-0.0074375
4.83046e-007	-0.00775
4.83546e-007	-0.008375
4.84046e-007	-0.00775
4.84546e-007	-0.0074375
4.85046e-007	-0.0074375
4.85546e-007	-0.0068125
4.86046e-007	-0.0065
4.86546e-007	-0.0068125
4.87046e-007	-0.0065
4.87546e-007	-0.005875
4.88046e-007	-0.007125
4.88546e-007	-0.0065
4.89046e-007	-0.005875
4.89546e-007	-0.007125
4.90046e-007	-0.0080625
4.90546e-007	-0.007125
4.91046e-007	-0.00775
4.91546e-007	-0.00775
4.92046e-007	-0.008375
4.92546e-007	-0.0074375
4.93046e-007	-0.00775
4.93546e-007	-0.0080625
4.94046e-007	-0.00775
4.94546e-007	-0.0074375
4.95046e-007	-0.007125
4.95546e-007	-0.007125
4.96046e-007	-0.0065
4.96546e-007	-0.0061875
4.97046e-007	-0.0068125
4.97546e-007	-0.0055625
4.98046e-007	-0.0055625
4.98546e-007	-0.0068125
4.99046e-007	-0.007125
4.99546e-007	-0.0065
5.00046e-007	-0.0061875
5.00546e-007	-0.0074375
5.01046e-007	-0.0065
5.01546e-007	-0.0068125
5.02046e-007	-0.007125
5.02546e-007	-0.0074375
5.03046e-007	-0.0074375
5.03546e-007	-0.0074375
5.04046e-007	-0.007125
5.04546e-007	-0.0068125
5.05046e-007	-0.0074375
5.05546e-007	-0.007125
5.06046e-007	-0.007125
5.06546e-007	-0.0065
5.07046e-007	-0.0068125
5.07546e-007	-0.0061875
5.08046e-007	-0.005875
5.08546e-007	-0.0061875
5.09046e-007	-0.0068125
5.09546e-007	-0.0065
5.10046e-007	-0.0068125
5.10546e-007	-0.0068125
5.11046e-007	-0.0065
5.11546e-007	-0.0061875
5.12046e-007	-0.007125
5.12546e-007	-0.0068125
5.13046e-007	-0.007125
5.13546e-007	-0.007125
5.14046e-007	-0.0074375
5.14546e-007	-0.0068125
5.15046e-007	-0.007125
5.15546e-007	-0.00775
5.16046e-007	-0.0068125
5.16546e-007	-0.0061875
5.17046e-007	-0.0061875
5.17546e-007	-0.0061875
5.18046e-007	-0.0068125
5.18546e-007	-0.0068125
5.19046e-007	-0.0061875
5.19546e-007	-0.0068125
5.20046e-007	-0.0068125
5.20546e-007	-0.0068125
5.21046e-007	-0.0068125
5.21546e-007	-0.0065
5.22046e-007	-0.0055625
5.22546e-007	-0.0068125
5.23046e-007	-0.0065
5.23546e-007	-0.005875
5.24046e-007	-0.0068125
5.24546e-007	-0.0065
5.25046e-007	-0.005875
5.25546e-007	-0.0065
5.26046e-007	-0.0065
5.26546e-007	-0.0068125
5.27046e-007	-0.0065
5.27546e-007	-0.0061875
5.28046e-007	-0.0061875
5.28546e-007	-0.0068125
5.29046e-007	-0.0065
5.29546e-007	-0.0065
5.30046e-007	-0.007125
5.30546e-007	-0.0068125
5.31046e-007	-0.0068125
5.31546e-007	-0.0068125
5.32046e-007	-0.0068125
5.32546e-007	-0.0061875
5.33046e-007	-0.0049375
5.33546e-007	-0.004625
5.34046e-007	-0.005875
5.34546e-007	-0.0055625
5.35046e-007	-0.005875
5.35546e-007	-0.0055625
5.36046e-007	-0.0055625
5.36546e-007	-0.0061875
5.37046e-007	-0.0061875
5.37546e-007	-0.0061875
5.38046e-007	-0.0068125
5.38546e-007	-0.0074375
5.39046e-007	-0.00775
5.39546e-007	-0.0068125
5.40046e-007	-0.007125
5.40546e-007	-0.00775
5.41046e-007	-0.0074375
5.41546e-007	-0.0065
5.42046e-007	-0.0061875
5.42546e-007	-0.005875
5.43046e-007	-0.00525
5.43546e-007	-0.00525
5.44046e-007	-0.0049375
5.44546e-007	-0.004625
5.45046e-007	-0.0049375
5.45546e-007	-0.0049375
5.46046e-007	-0.004625
5.46546e-007	-0.0055625
5.47046e-007	-0.005875
5.47546e-007	-0.0068125
5.48046e-007	-0.0068125
5.48546e-007	-0.0068125
5.49046e-007	-0.007125
5.49546e-007	-0.0074375
5.50046e-007	-0.00775
5.50546e-007	-0.00775
5.51046e-007	-0.007125
5.51546e-007	-0.0068125
5.52046e-007	-0.005875
5.52546e-007	-0.005875
5.53046e-007	-0.0055625
5.53546e-007	-0.0049375
5.54046e-007	-0.004625
5.54546e-007	-0.0036875
5.55046e-007	-0.0043125
5.55546e-007	-0.0043125
5.56046e-007	-0.0043125
5.56546e-007	-0.0049375
5.57046e-007	-0.0055625
5.57546e-007	-0.005875
5.58046e-007	-0.0068125
5.58546e-007	-0.0074375
5.59046e-007	-0.0080625
5.59546e-007	-0.00775
5.60046e-007	-0.0080625
5.60546e-007	-0.0080625
5.61046e-007	-0.0074375
5.61546e-007	-0.0068125
5.62046e-007	-0.0065
5.62546e-007	-0.005875
5.63046e-007	-0.0049375
5.63546e-007	-0.004625
5.64046e-007	-0.0043125
5.64546e-007	-0.003375
5.65046e-007	-0.003375
5.65546e-007	-0.004
5.66046e-007	-0.0043125
5.66546e-007	-0.0049375
5.67046e-007	-0.0049375
5.67546e-007	-0.005875
5.68046e-007	-0.005875
5.68546e-007	-0.0068125
5.69046e-007	-0.00775
5.69546e-007	-0.00775
5.70046e-007	-0.0080625
5.70546e-007	-0.0074375
5.71046e-007	-0.0068125
5.71546e-007	-0.0068125
5.72046e-007	-0.0061875
5.72546e-007	-0.0061875
5.73046e-007	-0.0055625
5.73546e-007	-0.004625
5.74046e-007	-0.0036875
5.74546e-007	-0.003375
5.75046e-007	-0.003375
5.75546e-007	-0.0036875
5.76046e-007	-0.0043125
5.76546e-007	-0.004625
5.77046e-007	-0.00525
5.77546e-007	-0.00525
5.78046e-007	-0.0049375
5.78546e-007	-0.0061875
5.79046e-007	-0.0074375
5.79546e-007	-0.00775
5.80046e-007	-0.00775
5.80546e-007	-0.0068125
5.81046e-007	-0.007125
5.81546e-007	-0.0061875
5.82046e-007	-0.00525
5.82546e-007	-0.005875
5.83046e-007	-0.0049375
5.83546e-007	-0.0036875
5.84046e-007	-0.0036875
5.84546e-007	-0.0036875
5.85046e-007	-0.003375
5.85546e-007	-0.003375
5.86046e-007	-0.0043125
5.86546e-007	-0.0043125
5.87046e-007	-0.004625
5.87546e-007	-0.0049375
5.88046e-007	-0.005875
5.88546e-007	-0.0068125
5.89046e-007	-0.0061875
5.89546e-007	-0.0065
5.90046e-007	-0.0068125
5.90546e-007	-0.007125
5.91046e-007	-0.0061875
5.91546e-007	-0.0049375
5.92046e-007	-0.00525
5.92546e-007	-0.0043125
5.93046e-007	-0.004625
5.93546e-007	-0.004625
5.94046e-007	-0.0030625
5.94546e-007	-0.0030625
5.95046e-007	-0.004
5.95546e-007	-0.004
5.96046e-007	-0.004625
5.96546e-007	-0.004625
5.97046e-007	-0.00525
5.97546e-007	-0.0055625
5.98046e-007	-0.0065
5.98546e-007	-0.0061875
5.99046e-007	-0.0055625
5.99546e-007	-0.005875
6.00046e-007	-0.0055625
6.00546e-007	-0.005875
6.01046e-007	-0.0055625
6.01546e-007	-0.004625
6.02046e-007	-0.00525
6.02546e-007	-0.004625
6.03046e-007	-0.003375
6.03546e-007	-0.0036875
6.04046e-007	-0.004
6.04546e-007	-0.004
6.05046e-007	-0.0036875
6.05546e-007	-0.0049375
6.06046e-007	-0.004625
6.06546e-007	-0.0043125
6.07046e-007	-0.00525
6.07546e-007	-0.0061875
6.08046e-007	-0.007125
6.08546e-007	-0.0061875
6.09046e-007	-0.0055625
6.09546e-007	-0.0065
6.10046e-007	-0.005875
6.10546e-007	-0.00525
6.11046e-007	-0.0043125
6.11546e-007	-0.0036875
6.12046e-007	-0.0036875
6.12546e-007	-0.0030625
6.13046e-007	-0.003375
6.13546e-007	-0.003375
6.14046e-007	-0.0030625
6.14546e-007	-0.0036875
6.15046e-007	-0.0036875
6.15546e-007	-0.0049375
6.16046e-007	-0.00525
6.16546e-007	-0.0061875
6.17046e-007	-0.0068125
6.17546e-007	-0.005875
6.18046e-007	-0.0068125
6.18546e-007	-0.0068125
6.19046e-007	-0.0055625
6.19546e-007	-0.005875
6.20046e-007	-0.0049375
6.20546e-007	-0.0049375
6.21046e-007	-0.0043125
6.21546e-007	-0.0036875
6.22046e-007	-0.0036875
6.22546e-007	-0.003375
6.23046e-007	-0.003375
6.23546e-007	-0.0030625
6.24046e-007	-0.0036875
6.24546e-007	-0.0043125
6.25046e-007	-0.0036875
6.25546e-007	-0.0043125
6.26046e-007	-0.0055625
6.26546e-007	-0.0061875
6.27046e-007	-0.0065
6.27546e-007	-0.0065
6.28046e-007	-0.0068125
6.28546e-007	-0.0061875
6.29046e-007	-0.0061875
6.29546e-007	-0.005875
6.30046e-007	-0.0055625
6.30546e-007	-0.004
6.31046e-007	-0.0036875
6.31546e-007	-0.004
6.32046e-007	-0.00275
6.32546e-007	-0.002125
6.33046e-007	-0.00275
6.33546e-007	-0.0024375
6.34046e-007	-0.00275
6.34546e-007	-0.003375
6.35046e-007	-0.004625
6.35546e-007	-0.0055625
6.36046e-007	-0.0055625
6.36546e-007	-0.005875
6.37046e-007	-0.0061875
6.37546e-007	-0.0065
6.38046e-007	-0.0065
6.38546e-007	-0.0061875
6.39046e-007	-0.005875
6.39546e-007	-0.0055625
6.40046e-007	-0.0055625
6.40546e-007	-0.004625
6.41046e-007	-0.0036875
6.41546e-007	-0.003375
6.42046e-007	-0.00275
6.42546e-007	-0.0024375
6.43046e-007	-0.0024375
6.43546e-007	-0.003375
6.44046e-007	-0.0030625
6.44546e-007	-0.003375
6.45046e-007	-0.0043125
6.45546e-007	-0.0049375
6.46046e-007	-0.00525
6.46546e-007	-0.0055625
6.47046e-007	-0.005875
6.47546e-007	-0.005875
6.48046e-007	-0.005875
6.48546e-007	-0.0061875
6.49046e-007	-0.005875
6.49546e-007	-0.00525
6.50046e-007	-0.0043125
6.50546e-007	-0.0043125
6.51046e-007	-0.0049375
6.51546e-007	-0.003375
6.52046e-007	-0.00275
6.52546e-007	-0.00275
6.53046e-007	-0.0030625
6.53546e-007	-0.003375
6.54046e-007	-0.00275
6.54546e-007	-0.0030625
6.55046e-007	-0.0036875
6.55546e-007	-0.0043125
6.56046e-007	-0.0055625
6.56546e-007	-0.004625
6.57046e-007	-0.0049375
6.57546e-007	-0.00525
6.58046e-007	-0.0055625
6.58546e-007	-0.0055625
6.59046e-007	-0.00525
6.59546e-007	-0.0055625
6.60046e-007	-0.004625
6.60546e-007	-0.0036875
6.61046e-007	-0.004
6.61546e-007	-0.003375
6.62046e-007	-0.00275
6.62546e-007	-0.003375
6.63046e-007	-0.003375
6.63546e-007	-0.003375
6.64046e-007	-0.0030625
6.64546e-007	-0.003375
6.65046e-007	-0.004
6.65546e-007	-0.0036875
6.66046e-007	-0.004
6.66546e-007	-0.0055625
6.67046e-007	-0.00525
6.67546e-007	-0.0049375
6.68046e-007	-0.0043125
6.68546e-007	-0.0049375
6.69046e-007	-0.0055625
6.69546e-007	-0.004625
6.70046e-007	-0.004625
6.70546e-007	-0.0049375
6.71046e-007	-0.0036875
6.71546e-007	-0.0030625
6.72046e-007	-0.003375
6.72546e-007	-0.004
6.73046e-007	-0.003375
6.73546e-007	-0.003375
6.74046e-007	-0.0036875
6.74546e-007	-0.003375
6.75046e-007	-0.0030625
6.75546e-007	-0.0043125
6.76046e-007	-0.004625
6.76546e-007	-0.004625
6.77046e-007	-0.0043125
6.77546e-007	-0.0043125
6.78046e-007	-0.0043125
6.78546e-007	-0.0036875
6.79046e-007	-0.0036875
6.79546e-007	-0.0043125
6.80046e-007	-0.0043125
6.80546e-007	-0.004
6.81046e-007	-0.004625
6.81546e-007	-0.004
6.82046e-007	-0.0030625
6.82546e-007	-0.0036875
6.83046e-007	-0.004
6.83546e-007	-0.0036875
6.84046e-007	-0.004
6.84546e-007	-0.0036875
6.85046e-007	-0.0036875
6.85546e-007	-0.0036875
6.86046e-007	-0.0036875
6.86546e-007	-0.0043125
6.87046e-007	-0.004
6.87546e-007	-0.0043125
6.88046e-007	-0.0043125
6.88546e-007	-0.0043125
6.89046e-007	-0.0036875
6.89546e-007	-0.0036875
6.90046e-007	-0.004
6.90546e-007	-0.004625
6.91046e-007	-0.004
6.91546e-007	-0.0043125
6.92046e-007	-0.0036875
6.92546e-007	-0.0043125
6.93046e-007	-0.004
6.93546e-007	-0.0030625
6.94046e-007	-0.00275
6.94546e-007	-0.0043125
6.95046e-007	-0.004625
6.95546e-007	-0.0036875
6.96046e-007	-0.003375
6.96546e-007	-0.0036875
6.97046e-007	-0.004
6.97546e-007	-0.0043125
6.98046e-007	-0.0043125
6.98546e-007	-0.004
6.99046e-007	-0.0036875
6.99546e-007	-0.0036875
7.00046e-007	-0.0036875
7.00546e-007	-0.004
7.01046e-007	-0.004
7.01546e-007	-0.004
7.02046e-007	-0.004
7.02546e-007	-0.0036875
7.03046e-007	-0.0036875
7.03546e-007	-0.0030625
7.04046e-007	-0.0036875
7.04546e-007	-0.004
7.05046e-007	-0.0036875
7.05546e-007	-0.003375
7.06046e-007	-0.003375
7.06546e-007	-0.0043125
7.07046e-007	-0.004625
7.07546e-007	-0.004
7.08046e-007	-0.0043125
7.08546e-007	-0.0043125
7.09046e-007	-0.004625
7.09546e-007	-0.0049375
7.10046e-007	-0.0036875
7.10546e-007	-0.0036875
7.11046e-007	-0.00275
7.11546e-007	-0.0030625
7.12046e-007	-0.0036875
7.12546e-007	-0.0030625
7.13046e-007	-0.0030625
7.13546e-007	-0.0036875
7.14046e-007	-0.004
7.14546e-007	-0.0036875
7.15046e-007	-0.00275
7.15546e-007	-0.0036875
7.16046e-007	-0.0036875
7.16546e-007	-0.0036875
7.17046e-007	-0.004
7.17546e-007	-0.0036875
7.18046e-007	-0.0043125
7.18546e-007	-0.0043125
7.19046e-007	-0.0036875
7.19546e-007	-0.0043125
7.20046e-007	-0.0036875
7.20546e-007	-0.0043125
7.21046e-007	-0.003375
7.21546e-007	-0.003375
7.22046e-007	-0.003375
7.22546e-007	-0.00275
7.23046e-007	-0.0030625
7.23546e-007	-0.0018125
7.24046e-007	-0.00275
7.24546e-007	-0.00275
7.25046e-007	-0.00275
7.25546e-007	-0.003375
7.26046e-007	-0.004
7.26546e-007	-0.004
7.27046e-007	-0.0036875
7.27546e-007	-0.0043125
7.28046e-007	-0.004625
7.28546e-007	-0.0036875
7.29046e-007	-0.004625
7.29546e-007	-0.00525
7.30046e-007	-0.004625
7.30546e-007	-0.004
7.31046e-007	-0.003375
7.31546e-007	-0.003375
7.32046e-007	-0.0030625
7.32546e-007	-0.0024375
7.33046e-007	-0.0030625
7.33546e-007	-0.003375
7.34046e-007	-0.00275
7.34546e-007	-0.0024375
7.35046e-007	-0.00275
7.35546e-007	-0.0036875
7.36046e-007	-0.003375
7.36546e-007	-0.004
7.37046e-007	-0.0043125
7.37546e-007	-0.004625
7.38046e-007	-0.00525
7.38546e-007	-0.004625
7.39046e-007	-0.0043125
7.39546e-007	-0.004
7.40046e-007	-0.0043125
7.40546e-007	-0.0043125
7.41046e-007	-0.00275
7.41546e-007	-0.00275
7.42046e-007	-0.002125
7.42546e-007	-0.0018125
7.43046e-007	-0.002125
7.43546e-007	-0.0015
7.44046e-007	-0.0024375
7.44546e-007	-0.0024375
7.45046e-007	-0.0024375
7.45546e-007	-0.0030625
7.46046e-007	-0.003375
7.46546e-007	-0.0043125
7.47046e-007	-0.0043125
7.47546e-007	-0.004625
7.48046e-007	-0.00525
7.48546e-007	-0.004625
7.49046e-007	-0.004625
7.49546e-007	-0.0049375
7.50046e-007	-0.0036875
7.50546e-007	-0.0030625
7.51046e-007	-0.0030625
7.51546e-007	-0.0024375
7.52046e-007	-0.002125
7.52546e-007	-0.002125
7.53046e-007	-0.0015
7.53546e-007	-0.0018125
7.54046e-007	-0.002125
7.54546e-007	-0.0018125
7.55046e-007	-0.0030625
7.55546e-007	-0.0030625
7.56046e-007	-0.0030625
7.56546e-007	-0.004625
7.57046e-007	-0.0049375
7.57546e-007	-0.004625
7.58046e-007	-0.004625
7.58546e-007	-0.0049375
7.59046e-007	-0.004625
7.59546e-007	-0.004625
7.60046e-007	-0.0043125
7.60546e-007	-0.003375
7.61046e-007	-0.0024375
7.61546e-007	-0.0024375
7.62046e-007	-0.002125
7.62546e-007	-0.0024375
7.63046e-007	-0.0018125
7.63546e-007	-0.0015
7.64046e-007	-0.002125
7.64546e-007	-0.0024375
7.65046e-007	-0.0030625
7.65546e-007	-0.0030625
7.66046e-007	-0.003375
7.66546e-007	-0.0043125
7.67046e-007	-0.004625
7.67546e-007	-0.0049375
7.68046e-007	-0.0049375
7.68546e-007	-0.0049375
7.69046e-007	-0.004625
7.69546e-007	-0.0043125
7.70046e-007	-0.003375
7.70546e-007	-0.00275
7.71046e-007	-0.0024375
7.71546e-007	-0.0011875
7.72046e-007	-0.0015
7.72546e-007	-0.0018125
7.73046e-007	-0.0011875
7.73546e-007	-0.0015
7.74046e-007	-0.002125
7.74546e-007	-0.0024375
7.75046e-007	-0.00275
7.75546e-007	-0.0030625
7.76046e-007	-0.004
7.76546e-007	-0.0043125
7.77046e-007	-0.0043125
7.77546e-007	-0.004625
7.78046e-007	-0.004
7.78546e-007	-0.004625
7.79046e-007	-0.004
7.79546e-007	-0.0036875
7.80046e-007	-0.0036875
7.80546e-007	-0.00275
7.81046e-007	-0.0015
7.81546e-007	-0.0011875
7.82046e-007	-0.0011875
7.82546e-007	-0.0015
7.83046e-007	-0.0011875
7.83546e-007	-0.002125
7.84046e-007	-0.002125
7.84546e-007	-0.00275
7.85046e-007	-0.0030625
7.85546e-007	-0.0036875
7.86046e-007	-0.0036875
7.86546e-007	-0.004625
7.87046e-007	-0.0043125
7.87546e-007	-0.0049375
7.88046e-007	-0.00525
7.88546e-007	-0.0043125
7.89046e-007	-0.003375
7.89546e-007	-0.003375
7.90046e-007	-0.0030625
7.90546e-007	-0.002125
7.91046e-007	-0.0024375
7.91546e-007	-0.002125
7.92046e-007	-0.0015
7.92546e-007	-0.0011875
7.93046e-007	-0.0024375
7.93546e-007	-0.0024375
7.94046e-007	-0.002125
7.94546e-007	-0.0024375
7.95046e-007	-0.0036875
7.95546e-007	-0.0036875
7.96046e-007	-0.003375
7.96546e-007	-0.003375
7.97046e-007	-0.0043125
7.97546e-007	-0.004625
7.98046e-007	-0.004
7.98546e-007	-0.003375
7.99046e-007	-0.0030625
7.99546e-007	-0.0036875
8.00046e-007	-0.003375
8.00546e-007	-0.0024375
8.01046e-007	-0.0024375
8.01546e-007	-0.0015
8.02046e-007	-0.0015
8.02546e-007	-0.0018125
8.03046e-007	-0.002125
8.03546e-007	-0.0024375
8.04046e-007	-0.0030625
8.04546e-007	-0.0030625
8.05046e-007	-0.0030625
8.05546e-007	-0.0036875
8.06046e-007	-0.0036875
8.06546e-007	-0.0036875
8.07046e-007	-0.0030625
8.07546e-007	-0.003375
8.08046e-007	-0.0036875
8.08546e-007	-0.003375
8.09046e-007	-0.00275
8.09546e-007	-0.003375
8.10046e-007	-0.0030625
8.10546e-007	-0.002125
8.11046e-007	-0.0024375
8.11546e-007	-0.002125
8.12046e-007	-0.00275
8.12546e-007	-0.0024375
8.13046e-007	-0.002125
8.13546e-007	-0.0024375
8.14046e-007	-0.00275
8.14546e-007	-0.0030625
8.15046e-007	-0.003375
8.15546e-007	-0.003375
8.16046e-007	-0.0030625
8.16546e-007	-0.003375
8.17046e-007	-0.0036875
8.17546e-007	-0.0036875
8.18046e-007	-0.0030625
8.18546e-007	-0.0024375
8.19046e-007	-0.00275
8.19546e-007	-0.00275
8.20046e-007	-0.002125
8.20546e-007	-0.002125
8.21046e-007	-0.0024375
8.21546e-007	-0.0024375
8.22046e-007	-0.002125
8.22546e-007	-0.0024375
8.23046e-007	-0.0030625
8.23546e-007	-0.0030625
8.24046e-007	-0.00275
8.24546e-007	-0.0030625
8.25046e-007	-0.0036875
8.25546e-007	-0.0036875
8.26046e-007	-0.00275
8.26546e-007	-0.00275
8.27046e-007	-0.0030625
8.27546e-007	-0.0024375
8.28046e-007	-0.002125
8.28546e-007	-0.0024375
8.29046e-007	-0.0030625
8.29546e-007	-0.0030625
8.30046e-007	-0.002125
8.30546e-007	-0.0015
8.31046e-007	-0.0024375
8.31546e-007	-0.0030625
8.32046e-007	-0.0030625
8.32546e-007	-0.0024375
8.33046e-007	-0.0030625
8.33546e-007	-0.0030625
8.34046e-007	-0.0030625
8.34546e-007	-0.0030625
8.35046e-007	-0.0030625
8.35546e-007	-0.0024375
8.36046e-007	-0.0024375
8.36546e-007	-0.0024375
8.37046e-007	-0.0018125
8.37546e-007	-0.0018125
8.38046e-007	-0.002125
8.38546e-007	-0.002125
8.39046e-007	-0.0024375
8.39546e-007	-0.0018125
8.40046e-007	-0.0018125
8.40546e-007	-0.00275
8.41046e-007	-0.0030625
8.41546e-007	-0.003375
8.42046e-007	-0.00275
8.42546e-007	-0.0030625
8.43046e-007	-0.00275
8.43546e-007	-0.00275
8.44046e-007	-0.0030625
8.44546e-007	-0.0024375
8.45046e-007	-0.0030625
8.45546e-007	-0.003375
8.46046e-007	-0.0024375
8.46546e-007	-0.0018125
8.47046e-007	-0.0015
8.47546e-007	-0.0018125
8.48046e-007	-0.00275
8.48546e-007	-0.00275
8.49046e-007	-0.0024375
8.49546e-007	-0.002125
8.50046e-007	-0.002125
8.50546e-007	-0.0030625
8.51046e-007	-0.0030625
8.51546e-007	-0.00275
8.52046e-007	-0.00275
8.52546e-007	-0.0024375
8.53046e-007	-0.003375
8.53546e-007	-0.0024375
8.54046e-007	-0.002125
8.54546e-007	-0.00275
8.55046e-007	-0.00275
8.55546e-007	-0.0024375
8.56046e-007	-0.002125
8.56546e-007	-0.002125
8.57046e-007	-0.0015
8.57546e-007	-0.0018125
8.58046e-007	-0.0024375
8.58546e-007	-0.0024375
8.59046e-007	-0.002125
8.59546e-007	-0.0024375
8.60046e-007	-0.0024375
8.60546e-007	-0.0030625
8.61046e-007	-0.0030625
8.61546e-007	-0.0030625
8.62046e-007	-0.0024375
8.62546e-007	-0.00275
8.63046e-007	-0.0030625
8.63546e-007	-0.0030625
8.64046e-007	-0.0024375
8.64546e-007	-0.0011875
8.65046e-007	-0.0018125
8.65546e-007	-0.002125
8.66046e-007	-0.0018125
8.66546e-007	-0.0015
8.67046e-007	-0.0011875
8.67546e-007	-0.0024375
8.68046e-007	-0.00275
8.68546e-007	-0.0024375
8.69046e-007	-0.00275
8.69546e-007	-0.00275
8.70046e-007	-0.003375
8.70546e-007	-0.0036875
8.71046e-007	-0.0030625
8.71546e-007	-0.00275
8.72046e-007	-0.00275
8.72546e-007	-0.0036875
8.73046e-007	-0.0030625
8.73546e-007	-0.0018125
8.74046e-007	-0.0015
8.74546e-007	-0.0005625
8.75046e-007	-0.0018125
8.75546e-007	-0.0011875
8.76046e-007	-0.0011875
8.76546e-007	-0.0015
8.77046e-007	-0.0018125
8.77546e-007	-0.0024375
8.78046e-007	-0.002125
8.78546e-007	-0.0024375
8.79046e-007	-0.0030625
8.79546e-007	-0.003375
8.80046e-007	-0.0036875
8.80546e-007	-0.003375
8.81046e-007	-0.003375
8.81546e-007	-0.003375
8.82046e-007	-0.0030625
8.82546e-007	-0.0030625
8.83046e-007	-0.0018125
8.83546e-007	-0.002125
8.84046e-007	-0.0018125
8.84546e-007	-0.000875
8.85046e-007	-0.0011875
8.85546e-007	-0.000875
8.86046e-007	-0.0011875
8.86546e-007	-0.0018125
8.87046e-007	-0.0011875
8.87546e-007	-0.002125
8.88046e-007	-0.0018125
8.88546e-007	-0.0030625
8.89046e-007	-0.0036875
8.89546e-007	-0.003375
8.90046e-007	-0.0036875
8.90546e-007	-0.003375
8.91046e-007	-0.0036875
8.91546e-007	-0.0030625
8.92046e-007	-0.0024375
8.92546e-007	-0.0024375
8.93046e-007	-0.002125
8.93546e-007	-0.0015
8.94046e-007	-0.000875
8.94546e-007	-0.0011875
8.95046e-007	-0.0011875
8.95546e-007	-0.00025
8.96046e-007	-0.0011875
8.96546e-007	-0.0015
8.97046e-007	-0.0018125
8.97546e-007	-0.0024375
8.98046e-007	-0.002125
8.98546e-007	-0.00275
8.99046e-007	-0.00275
8.99546e-007	-0.003375
9.00046e-007	-0.004
9.00546e-007	-0.0036875
9.01046e-007	-0.003375
9.01546e-007	-0.00275
9.02046e-007	-0.0030625
9.02546e-007	-0.0024375
9.03046e-007	-0.0011875
9.03546e-007	-0.0015
9.04046e-007	-0.000875
9.04546e-007	-0.000875
9.05046e-007	-0.000875
9.05546e-007	6.25e-005
9.06046e-007	-0.000875
9.06546e-007	-0.0015
9.07046e-007	-0.0015
9.07546e-007	-0.002125
9.08046e-007	-0.0024375
9.08546e-007	-0.00275
9.09046e-007	-0.00275
9.09546e-007	-0.0036875
9.10046e-007	-0.0030625
9.10546e-007	-0.003375
9.11046e-007	-0.003375
9.11546e-007	-0.0024375
9.12046e-007	-0.002125
9.12546e-007	-0.0018125
9.13046e-007	-0.0018125
9.13546e-007	-0.0015
9.14046e-007	-0.000875
9.14546e-007	-0.0005625
9.15046e-007	-0.0005625
9.15546e-007	-0.0005625
9.16046e-007	-0.0011875
9.16546e-007	-0.000875
9.17046e-007	-0.0015
9.17546e-007	-0.0024375
9.18046e-007	-0.0030625
9.18546e-007	-0.003375
9.19046e-007	-0.0024375
9.19546e-007	-0.00275
9.20046e-007	-0.0030625
9.20546e-007	-0.0030625
9.21046e-007	-0.003375
9.21546e-007	-0.0024375
9.22046e-007	-0.0024375
9.22546e-007	-0.0015
9.23046e-007	-0.0018125
9.23546e-007	-0.0011875
9.24046e-007	-0.000875
9.24546e-007	-0.0005625
9.25046e-007	-0.00025
9.25546e-007	-0.0005625
9.26046e-007	-0.0011875
9.26546e-007	-0.0011875
9.27046e-007	-0.0018125
9.27546e-007	-0.0024375
9.28046e-007	-0.0024375
9.28546e-007	-0.0024375
9.29046e-007	-0.0024375
9.29546e-007	-0.0030625
9.30046e-007	-0.0030625
9.30546e-007	-0.00275
9.31046e-007	-0.002125
9.31546e-007	-0.0024375
9.32046e-007	-0.002125
9.32546e-007	-0.002125
9.33046e-007	-0.0018125
9.33546e-007	-0.0011875
9.34046e-007	-0.000875
9.34546e-007	-0.0011875
9.35046e-007	-0.0005625
9.35546e-007	-0.000875
9.36046e-007	-0.002125
9.36546e-007	-0.0015
9.37046e-007	-0.0015
9.37546e-007	-0.0018125
9.38046e-007	-0.00275
9.38546e-007	-0.002125
9.39046e-007	-0.0018125
9.39546e-007	-0.002125
9.40046e-007	-0.0024375
9.40546e-007	-0.00275
9.41046e-007	-0.0024375
9.41546e-007	-0.0018125
9.42046e-007	-0.0024375
9.42546e-007	-0.0011875
9.43046e-007	-0.0018125
9.43546e-007	-0.0015
9.44046e-007	-0.0005625
9.44546e-007	-0.0005625
9.45046e-007	-0.0015
9.45546e-007	-0.0011875
9.46046e-007	-0.0015
9.46546e-007	-0.0011875
9.47046e-007	-0.0018125
9.47546e-007	-0.0024375
9.48046e-007	-0.00275
9.48546e-007	-0.00275
9.49046e-007	-0.002125
9.49546e-007	-0.00275
9.50046e-007	-0.0024375
9.50546e-007	-0.0018125
9.51046e-007	-0.0024375
9.51546e-007	-0.002125
9.52046e-007	-0.002125
9.52546e-007	-0.0018125
9.53046e-007	-0.0018125
9.53546e-007	-0.0018125
9.54046e-007	-0.0011875
9.54546e-007	-0.0011875
9.55046e-007	-0.000875
9.55546e-007	-0.000875
9.56046e-007	-0.0015
9.56546e-007	-0.0018125
9.57046e-007	-0.0024375
9.57546e-007	-0.0018125
9.58046e-007	-0.0024375
9.58546e-007	-0.00275
9.59046e-007	-0.002125
9.59546e-007	-0.0024375
9.60046e-007	-0.00275
9.60546e-007	-0.0018125
9.61046e-007	-0.002125
9.61546e-007	-0.0015
9.62046e-007	-0.0015
9.62546e-007	-0.0011875
9.63046e-007	-0.0015
9.63546e-007	-0.000875
9.64046e-007	-0.000875
9.64546e-007	-0.0011875
9.65046e-007	-0.0011875
9.65546e-007	-0.0011875
9.66046e-007	-0.0015
9.66546e-007	-0.0018125
9.67046e-007	-0.002125
9.67546e-007	-0.0011875
9.68046e-007	-0.002125
9.68546e-007	-0.002125
9.69046e-007	-0.002125
9.69546e-007	-0.0018125
9.70046e-007	-0.002125
9.70546e-007	-0.0030625
9.71046e-007	-0.0024375
9.71546e-007	-0.0018125
9.72046e-007	-0.0015
9.72546e-007	-0.0011875
9.73046e-007	-0.002125
9.73546e-007	-0.002125
9.74046e-007	-0.0015
9.74546e-007	-0.0015
9.75046e-007	-0.0015
9.75546e-007	-0.0024375
9.76046e-007	-0.0015
9.76546e-007	-0.0011875
9.77046e-007	-0.002125
9.77546e-007	-0.002125
9.78046e-007	-0.0018125
9.78546e-007	-0.0024375
9.79046e-007	-0.0018125
9.79546e-007	-0.0018125
9.80046e-007	-0.0018125
9.80546e-007	-0.0018125
9.81046e-007	-0.002125
9.81546e-007	-0.002125
9.82046e-007	-0.002125
9.82546e-007	-0.0018125
9.83046e-007	-0.002125
9.83546e-007	-0.0018125
9.84046e-007	-0.0018125
9.84546e-007	-0.000875
9.85046e-007	-0.0018125
9.85546e-007	-0.0018125
9.86046e-007	-0.0011875
9.86546e-007	-0.0011875
9.87046e-007	-0.000875
9.87546e-007	-0.0005625
9.88046e-007	-0.0015
9.88546e-007	-0.0018125
9.89046e-007	-0.0015
9.89546e-007	-0.0011875
9.90046e-007	-0.0015
9.90546e-007	-0.0018125
9.91046e-007	-0.0018125
9.91546e-007	-0.0018125
9.92046e-007	-0.002125
9.92546e-007	-0.0030625
9.93046e-007	-0.0024375
9.93546e-007	-0.0018125
9.94046e-007	-0.0018125
9.94546e-007	-0.0018125
9.95046e-007	-0.0015
9.95546e-007	-0.0015
9.96046e-007	-0.0015
9.96546e-007	-0.0015
9.97046e-007	-0.000875
9.97546e-007	-0.0005625
9.98046e-007	-0.000875
9.98546e-007	-0.000875
9.99046e-007	-0.0011875
9.99546e-007	-0.0024375
1.000046e-006	-0.00275
1.000546e-006	-0.002125
1.001046e-006	-0.0018125
1.001546e-006	-0.0018125
1.002046e-006	-0.0018125
1.002546e-006	-0.0018125
1.003046e-006	-0.002125
1.003546e-006	-0.0018125
1.004046e-006	-0.0018125
1.004546e-006	-0.0018125
1.005046e-006	-0.002125
1.005546e-006	-0.0011875
1.006046e-006	-0.0011875
1.006546e-006	-0.0011875
1.007046e-006	-0.0011875
1.007546e-006	-0.0005625
1.008046e-006	-0.000875
1.008546e-006	-0.0005625
1.009046e-006	-0.0011875
1.009546e-006	-0.0018125
1.010046e-006	-0.0018125
1.010546e-006	-0.0018125
1.011046e-006	-0.0011875
1.011546e-006	-0.0011875
1.012046e-006	-0.002125
1.012546e-006	-0.0024375
1.013046e-006	-0.0024375
1.013546e-006	-0.0018125
1.014046e-006	-0.0024375
1.014546e-006	-0.0018125
1.015046e-006	-0.0015
1.015546e-006	-0.0018125
1.016046e-006	-0.0015
1.016546e-006	-0.0011875
1.017046e-006	-0.0005625
1.017546e-006	-0.0005625
1.018046e-006	-0.0011875
1.018546e-006	-0.0015
1.019046e-006	-0.0011875
1.019546e-006	-0.0011875
1.020046e-006	-0.0011875
1.020546e-006	-0.0018125
1.021046e-006	-0.0015
1.021546e-006	-0.0015
1.022046e-006	-0.0018125
1.022546e-006	-0.0024375
1.023046e-006	-0.00275
1.023546e-006	-0.002125
1.024046e-006	-0.002125
1.024546e-006	-0.002125
1.025046e-006	-0.002125
1.025546e-006	-0.0018125
1.026046e-006	-0.002125
1.026546e-006	-0.0015
1.027046e-006	-0.000875
1.027546e-006	-0.0005625
1.028046e-006	-0.0011875
1.028546e-006	-0.0005625
1.029046e-006	-0.000875
1.029546e-006	-0.000875
1.030046e-006	-0.0011875
1.030546e-006	-0.0011875
1.031046e-006	-0.0015
1.031546e-006	-0.0018125
1.032046e-006	-0.0015
1.032546e-006	-0.0018125
1.033046e-006	-0.002125
1.033546e-006	-0.0015
1.034046e-006	-0.002125
1.034546e-006	-0.0018125
1.035046e-006	-0.0015
1.035546e-006	-0.0011875
1.036046e-006	-0.0015
1.036546e-006	-0.0015
1.037046e-006	-0.0011875
1.037546e-006	-0.0015
1.038046e-006	-0.000875
1.038546e-006	-0.000875
1.039046e-006	-0.0015
1.039546e-006	-0.0015
1.040046e-006	-0.002125
1.040546e-006	-0.0018125
1.041046e-006	-0.0011875
1.041546e-006	-0.0011875
1.042046e-006	-0.0018125
1.042546e-006	-0.0024375
1.043046e-006	-0.0024375
1.043546e-006	-0.002125
1.044046e-006	-0.002125
1.044546e-006	-0.0018125
1.045046e-006	-0.0018125
1.045546e-006	-0.0011875
1.046046e-006	-0.0018125
1.046546e-006	-0.0011875
1.047046e-006	-0.0005625
1.047546e-006	-0.000875
1.048046e-006	-0.0015
1.048546e-006	-0.0011875
1.049046e-006	-0.000875
1.049546e-006	-0.000875
1.050046e-006	-0.000875
1.050546e-006	-0.000875
1.051046e-006	-0.0018125
1.051546e-006	-0.0018125
1.052046e-006	-0.002125
1.052546e-006	-0.002125
1.053046e-006	-0.0018125
1.053546e-006	-0.0015
1.054046e-006	-0.0015
1.054546e-006	-0.0011875
1.055046e-006	-0.0018125
1.055546e-006	-0.0015
1.056046e-006	-0.0011875
1.056546e-006	-0.0005625
1.057046e-006	-0.0011875
1.057546e-006	-0.0005625
1.058046e-006	-0.000875
1.058546e-006	-0.0011875
1.059046e-006	-0.0005625
1.059546e-006	-0.000875
1.060046e-006	-0.0011875
1.060546e-006	-0.0011875
1.061046e-006	-0.0015
1.061546e-006	-0.0018125
1.062046e-006	-0.002125
1.062546e-006	-0.0011875
1.063046e-006	-0.002125
1.063546e-006	-0.002125
1.064046e-006	-0.0018125
1.064546e-006	-0.0018125
1.065046e-006	-0.0015
1.065546e-006	-0.000875
1.066046e-006	-0.0018125
1.066546e-006	-0.0015
1.067046e-006	-0.000875
1.067546e-006	-0.0005625
1.068046e-006	-0.0011875
1.068546e-006	-0.000875
1.069046e-006	-0.0005625
1.069546e-006	-0.0005625
1.070046e-006	6.25e-005
1.070546e-006	-0.000875
1.071046e-006	-0.0015
1.071546e-006	-0.0018125
1.072046e-006	-0.002125
1.072546e-006	-0.0018125
1.073046e-006	-0.002125
1.073546e-006	-0.002125
1.074046e-006	-0.0018125
1.074546e-006	-0.0015
1.075046e-006	-0.000875
1.075546e-006	-0.000875
1.076046e-006	-0.002125
1.076546e-006	-0.0018125
1.077046e-006	-0.0005625
1.077546e-006	6.25e-005
1.078046e-006	-0.00025
1.078546e-006	-0.0015
1.079046e-006	-0.0011875
1.079546e-006	-0.0011875
1.080046e-006	-0.000875
1.080546e-006	-0.0005625
1.081046e-006	-0.000875
1.081546e-006	-0.0018125
1.082046e-006	-0.002125
1.082546e-006	-0.0024375
1.083046e-006	-0.0018125
1.083546e-006	-0.0015
1.084046e-006	-0.0024375
1.084546e-006	-0.002125
1.085046e-006	-0.002125
1.085546e-006	-0.0015
1.086046e-006	-0.0015
1.086546e-006	-0.0011875
1.087046e-006	-0.0005625
1.087546e-006	-0.0005625
1.088046e-006	-0.0011875
1.088546e-006	-0.0011875
1.089046e-006	-0.000875
1.089546e-006	-0.0005625
1.090046e-006	-0.0005625
1.090546e-006	-0.0005625
1.091046e-006	-0.0015
1.091546e-006	-0.0011875
1.092046e-006	-0.0005625
1.092546e-006	-0.0015
1.093046e-006	-0.0018125
1.093546e-006	-0.002125
1.094046e-006	-0.00275
1.094546e-006	-0.002125
1.095046e-006	-0.0011875
1.095546e-006	-0.0005625
1.096046e-006	-0.0015
1.096546e-006	-0.0015
1.097046e-006	-0.0011875
1.097546e-006	-0.000875
1.098046e-006	-0.00025
1.098546e-006	-0.00025
1.099046e-006	-0.00025
1.099546e-006	-0.00025
1.100046e-006	0.000375
1.100546e-006	6.25e-005
1.101046e-006	-0.000875
1.101546e-006	-0.0015
1.102046e-006	-0.0011875
1.102546e-006	-0.0018125
1.103046e-006	-0.0015
1.103546e-006	-0.0015
1.104046e-006	-0.002125
1.104546e-006	-0.002125
1.105046e-006	-0.0018125
1.105546e-006	-0.0015
1.106046e-006	-0.002125
1.106546e-006	-0.0011875
1.107046e-006	-0.00025
1.107546e-006	-0.0011875
1.108046e-006	-0.000875
1.108546e-006	-0.0005625
1.109046e-006	-0.00025
1.109546e-006	6.25e-005
1.110046e-006	-0.0005625
1.110546e-006	6.25e-005
1.111046e-006	-0.000875
1.111546e-006	-0.0011875
1.112046e-006	-0.0011875
1.112546e-006	-0.0015
1.113046e-006	-0.0015
1.113546e-006	-0.0024375
1.114046e-006	-0.0024375
1.114546e-006	-0.0024375
1.115046e-006	-0.0024375
1.115546e-006	-0.002125
1.116046e-006	-0.002125
1.116546e-006	-0.0018125
1.117046e-006	-0.000875
1.117546e-006	-0.0005625
1.118046e-006	-0.0005625
1.118546e-006	-0.0005625
1.119046e-006	-0.00025
1.119546e-006	-0.00025
1.120046e-006	6.25e-005
1.120546e-006	6.25e-005
1.121046e-006	-0.000875
1.121546e-006	-0.000875
1.122046e-006	-0.0011875
1.122546e-006	-0.0018125
1.123046e-006	-0.002125
1.123546e-006	-0.0024375
1.124046e-006	-0.0018125
1.124546e-006	-0.0024375
1.125046e-006	-0.0018125
1.125546e-006	-0.0018125
1.126046e-006	-0.0018125
1.126546e-006	-0.000875
1.127046e-006	-0.0005625
1.127546e-006	-0.0011875
1.128046e-006	-0.000875
1.128546e-006	6.25e-005
1.129046e-006	6.25e-005
1.129546e-006	-0.0005625
1.130046e-006	-0.0005625
1.130546e-006	0.0006875
1.131046e-006	-0.000875
1.131546e-006	-0.000875
1.132046e-006	-0.0011875
1.132546e-006	-0.0011875
1.133046e-006	-0.0018125
1.133546e-006	-0.0024375
1.134046e-006	-0.002125
1.134546e-006	-0.00275
1.135046e-006	-0.0024375
1.135546e-006	-0.0018125
1.136046e-006	-0.0018125
1.136546e-006	-0.000875
1.137046e-006	-0.000875
1.137546e-006	-0.00025
1.138046e-006	0.000375
1.138546e-006	0.000375
1.139046e-006	0.0006875
1.139546e-006	0.000375
1.140046e-006	-0.00025
1.140546e-006	0.000375
1.141046e-006	-0.0005625
1.141546e-006	-0.0015
1.142046e-006	-0.002125
1.142546e-006	-0.0018125
1.143046e-006	-0.0024375
1.143546e-006	-0.00275
1.144046e-006	-0.0024375
1.144546e-006	-0.0024375
1.145046e-006	-0.0024375
1.145546e-006	-0.0024375
1.146046e-006	-0.0018125
1.146546e-006	-0.0005625
1.147046e-006	-0.000875
1.147546e-006	-0.0005625
1.148046e-006	6.25e-005
1.148546e-006	0.001
1.149046e-006	0.0006875
1.149546e-006	0.000375
1.150046e-006	0.0006875
1.150546e-006	6.25e-005
1.151046e-006	-0.0005625
1.151546e-006	-0.000875
1.152046e-006	-0.0011875
1.152546e-006	-0.0018125
1.153046e-006	-0.0030625
1.153546e-006	-0.0030625
1.154046e-006	-0.00275
1.154546e-006	-0.00275
1.155046e-006	-0.0024375
1.155546e-006	-0.0018125
1.156046e-006	-0.0011875
1.156546e-006	-0.0005625
1.157046e-006	6.25e-005
1.157546e-006	6.25e-005
1.158046e-006	0.000375
1.158546e-006	6.25e-005
1.159046e-006	6.25e-005
1.159546e-006	0.0006875
1.160046e-006	0.001
1.160546e-006	0.0006875
1.161046e-006	6.25e-005
1.161546e-006	-0.000875
1.162046e-006	-0.0011875
1.162546e-006	-0.0015
1.163046e-006	-0.0024375
1.163546e-006	-0.0030625
1.164046e-006	-0.0036875
1.164546e-006	-0.0030625
1.165046e-006	-0.0024375
1.165546e-006	-0.00275
1.166046e-006	-0.002125
1.166546e-006	-0.0005625
1.167046e-006	6.25e-005
1.167546e-006	6.25e-005
1.168046e-006	0.001
1.168546e-006	0.0019375
1.169046e-006	0.0019375
1.169546e-006	0.001
1.170046e-006	0.0006875
1.170546e-006	0.0006875
1.171046e-006	0.000375
1.171546e-006	-0.0005625
1.172046e-006	-0.0015
1.172546e-006	-0.0024375
1.173046e-006	-0.0024375
1.173546e-006	-0.0024375
1.174046e-006	-0.003375
1.174546e-006	-0.0030625
1.175046e-006	-0.0024375
1.175546e-006	-0.0018125
1.176046e-006	-0.002125
1.176546e-006	-0.0011875
1.177046e-006	6.25e-005
1.177546e-006	0.000375
1.178046e-006	0.0013125
1.178546e-006	0.0006875
1.179046e-006	0.001
1.179546e-006	0.0013125
1.180046e-006	0.001
1.180546e-006	6.25e-005
1.181046e-006	-0.00025
1.181546e-006	-0.0005625
1.182046e-006	-0.000875
1.182546e-006	-0.0015
1.183046e-006	-0.0024375
1.183546e-006	-0.003375
1.184046e-006	-0.0036875
1.184546e-006	-0.00275
1.185046e-006	-0.00275
1.185546e-006	-0.002125
1.186046e-006	-0.0015
1.186546e-006	-0.0011875
1.187046e-006	-0.0005625
1.187546e-006	-0.00025
1.188046e-006	0.0013125
1.188546e-006	0.0013125
1.189046e-006	0.0013125
1.189546e-006	0.001625
1.190046e-006	0.001
1.190546e-006	0.0006875
1.191046e-006	-0.00025
1.191546e-006	-0.0005625
1.192046e-006	-0.0015
1.192546e-006	-0.0018125
1.193046e-006	-0.0018125
1.193546e-006	-0.00275
1.194046e-006	-0.0036875
1.194546e-006	-0.003375
1.195046e-006	-0.0024375
1.195546e-006	-0.002125
1.196046e-006	-0.0018125
1.196546e-006	-0.000875
1.197046e-006	0.000375
1.197546e-006	6.25e-005
1.198046e-006	6.25e-005
1.198546e-006	6.25e-005
1.199046e-006	0.0013125
1.199546e-006	0.0006875
1.200046e-006	0.000375
1.200546e-006	0.000375
1.201046e-006	-0.0005625
1.201546e-006	-0.0005625
1.202046e-006	-0.000875
1.202546e-006	-0.0015
1.203046e-006	-0.002125
1.203546e-006	-0.0024375
1.204046e-006	-0.0024375
1.204546e-006	-0.002125
1.205046e-006	-0.0024375
1.205546e-006	-0.0024375
1.206046e-006	-0.0015
1.206546e-006	-0.0011875
1.207046e-006	-0.0018125
1.207546e-006	-0.000875
1.208046e-006	0.000375
1.208546e-006	0.0006875
1.209046e-006	0.0013125
1.209546e-006	6.25e-005
1.210046e-006	-0.00025
1.210546e-006	6.25e-005
1.211046e-006	-0.0005625
1.211546e-006	-0.0005625
1.212046e-006	-0.0011875
1.212546e-006	-0.0011875
1.213046e-006	-0.0024375
1.213546e-006	-0.0024375
1.214046e-006	-0.0011875
1.214546e-006	-0.0018125
1.215046e-006	-0.0024375
1.215546e-006	-0.0018125
1.216046e-006	-0.0011875
1.216546e-006	-0.0005625
1.217046e-006	-0.000875
1.217546e-006	-0.000875
1.218046e-006	-0.000875
1.218546e-006	6.25e-005
1.219046e-006	0.0006875
1.219546e-006	6.25e-005
1.220046e-006	-0.0005625
1.220546e-006	-0.00025
1.221046e-006	-0.000875
1.221546e-006	-0.0011875
1.222046e-006	-0.0011875
1.222546e-006	-0.0015
1.223046e-006	-0.002125
1.223546e-006	-0.0018125
1.224046e-006	-0.0011875
1.224546e-006	-0.0018125
1.225046e-006	-0.0018125
1.225546e-006	-0.000875
1.226046e-006	-0.0005625
1.226546e-006	-0.000875
1.227046e-006	-0.0011875
1.227546e-006	-0.000875
1.228046e-006	-0.000875
1.228546e-006	-0.0005625
1.229046e-006	-0.0005625
1.229546e-006	-0.00025
1.230046e-006	6.25e-005
1.230546e-006	-0.0005625
1.231046e-006	-0.0015
1.231546e-006	-0.000875
1.232046e-006	-0.002125
1.232546e-006	-0.00275
1.233046e-006	-0.0024375
1.233546e-006	-0.0018125
1.234046e-006	-0.0018125
1.234546e-006	-0.0018125
1.235046e-006	-0.0018125
1.235546e-006	-0.0011875
1.236046e-006	-0.0015
1.236546e-006	-0.000875
1.237046e-006	-0.000875
1.237546e-006	-0.00025
1.238046e-006	6.25e-005
1.238546e-006	-0.00025
1.239046e-006	-0.00025
1.239546e-006	6.25e-005
1.240046e-006	-0.00025
1.240546e-006	-0.0011875
1.241046e-006	-0.0015
1.241546e-006	-0.000875
1.242046e-006	-0.0018125
1.242546e-006	-0.0024375
1.243046e-006	-0.00275
1.243546e-006	-0.0024375
1.244046e-006	-0.0018125
1.244546e-006	-0.0018125
1.245046e-006	-0.0011875
1.245546e-006	-0.000875
1.246046e-006	-0.000875
1.246546e-006	-0.000875
1.247046e-006	-0.000875
1.247546e-006	-0.0005625
1.248046e-006	6.25e-005
1.248546e-006	0.000375
1.249046e-006	0.000375
1.249546e-006	-0.0005625
1.250046e-006	-0.0005625
1.250546e-006	-0.000875
1.251046e-006	-0.000875
1.251546e-006	-0.0015
1.252046e-006	-0.0024375
1.252546e-006	-0.0024375
1.253046e-006	-0.0024375
1.253546e-006	-0.0018125
1.254046e-006	-0.0024375
1.254546e-006	-0.002125
1.255046e-006	-0.0015
1.255546e-006	-0.0011875
1.256046e-006	-0.0005625
1.256546e-006	-0.00025
1.257046e-006	-0.000875
1.257546e-006	-0.00025
1.258046e-006	0.000375
1.258546e-006	0.0006875
1.259046e-006	0.0006875
1.259546e-006	0.000375
1.260046e-006	6.25e-005
1.260546e-006	-0.000875
1.261046e-006	-0.0015
1.261546e-006	-0.0015
1.262046e-006	-0.0011875
1.262546e-006	-0.002125
1.263046e-006	-0.0030625
1.263546e-006	-0.0024375
1.264046e-006	-0.0015
1.264546e-006	-0.002125
1.265046e-006	-0.0024375
1.265546e-006	-0.0018125
1.266046e-006	-0.0011875
1.266546e-006	-0.0011875
1.267046e-006	-0.0005625
1.267546e-006	-0.0005625
1.268046e-006	-0.0005625
1.268546e-006	-0.00025
1.269046e-006	-0.00025
1.269546e-006	-0.00025
1.270046e-006	-0.00025
1.270546e-006	-0.0005625
1.271046e-006	-0.000875
1.271546e-006	-0.000875
1.272046e-006	-0.000875
1.272546e-006	-0.0015
1.273046e-006	-0.002125
1.273546e-006	-0.0018125
1.274046e-006	-0.002125
1.274546e-006	-0.0018125
1.275046e-006	-0.002125
1.275546e-006	-0.0018125
1.276046e-006	-0.0011875
1.276546e-006	-0.000875
1.277046e-006	-0.000875
1.277546e-006	-0.00025
1.278046e-006	-0.0005625
1.278546e-006	-0.0005625
1.279046e-006	6.25e-005
1.279546e-006	0.0006875
1.280046e-006	6.25e-005
1.280546e-006	-0.00025
1.281046e-006	-0.0005625
1.281546e-006	-0.0005625
1.282046e-006	-0.000875
1.282546e-006	-0.0015
1.283046e-006	-0.0018125
1.283546e-006	-0.0018125
1.284046e-006	-0.0018125
1.284546e-006	-0.0018125
1.285046e-006	-0.0015
1.285546e-006	-0.0011875
1.286046e-006	-0.0011875
1.286546e-006	-0.0015
1.287046e-006	-0.000875
1.287546e-006	-0.000875
1.288046e-006	-0.000875
1.288546e-006	-0.00025
1.289046e-006	6.25e-005
1.289546e-006	-0.0005625
1.290046e-006	-0.0005625
1.290546e-006	0.000375
1.291046e-006	-0.00025
1.291546e-006	-0.0005625
1.292046e-006	-0.0005625
1.292546e-006	-0.000875
1.293046e-006	-0.000875
1.293546e-006	-0.0011875
1.294046e-006	-0.002125
1.294546e-006	-0.002125
1.295046e-006	-0.002125
1.295546e-006	-0.000875
1.296046e-006	-0.0015
1.296546e-006	-0.000875
1.297046e-006	-0.000875
1.297546e-006	-0.000875
1.298046e-006	-0.0011875
1.298546e-006	-0.000875
1.299046e-006	-0.000875
1.299546e-006	-0.0005625
1.300046e-006	6.25e-005
1.300546e-006	6.25e-005
1.301046e-006	-0.0011875
1.301546e-006	-0.0011875
1.302046e-006	-0.0005625
1.302546e-006	-0.0011875
1.303046e-006	-0.002125
1.303546e-006	-0.0005625
1.304046e-006	-0.00025
1.304546e-006	-0.0011875
1.305046e-006	-0.0011875
1.305546e-006	-0.0015
1.306046e-006	-0.0015
1.306546e-006	-0.0005625
1.307046e-006	-0.0005625
1.307546e-006	-0.000875
1.308046e-006	-0.000875
1.308546e-006	-0.0011875
1.309046e-006	-0.000875
1.309546e-006	-0.0011875
1.310046e-006	-0.0011875
1.310546e-006	-0.000875
1.311046e-006	-0.000875
1.311546e-006	-0.000875
1.312046e-006	-0.0015
1.312546e-006	-0.0018125
1.313046e-006	-0.0011875
1.313546e-006	-0.0015
1.314046e-006	-0.000875
1.314546e-006	-0.0011875
1.315046e-006	-0.000875
1.315546e-006	-0.00025
1.316046e-006	-0.0005625
1.316546e-006	-0.0005625
1.317046e-006	-0.000875
1.317546e-006	-0.0005625
1.318046e-006	-0.000875
1.318546e-006	-0.0011875
1.319046e-006	-0.000875
1.319546e-006	-0.0011875
1.320046e-006	-0.0015
1.320546e-006	-0.0011875
1.321046e-006	-0.002125
1.321546e-006	-0.0011875
1.322046e-006	-0.000875
1.322546e-006	-0.0011875
1.323046e-006	-0.0011875
1.323546e-006	-0.0011875
1.324046e-006	-0.0011875
1.324546e-006	-0.000875
1.325046e-006	-0.00025
1.325546e-006	-0.0005625
1.326046e-006	-0.000875
1.326546e-006	-0.00025
1.327046e-006	-0.0005625
1.327546e-006	-0.000875
1.328046e-006	-0.00025
1.328546e-006	-0.0005625
1.329046e-006	-0.000875
1.329546e-006	-0.0011875
1.330046e-006	-0.000875
1.330546e-006	-0.0018125
1.331046e-006	-0.0018125
1.331546e-006	-0.0018125
1.332046e-006	-0.0024375
1.332546e-006	-0.0011875
1.333046e-006	-0.0011875
1.333546e-006	-0.0015
1.334046e-006	-0.00025
1.334546e-006	-0.0005625
1.335046e-006	-0.0005625
1.335546e-006	-0.00025
1.336046e-006	-0.00025
1.336546e-006	6.25e-005
1.337046e-006	6.25e-005
1.337546e-006	-0.0005625
1.338046e-006	-0.000875
1.338546e-006	-0.0005625
1.339046e-006	-0.0011875
1.339546e-006	-0.0018125
1.340046e-006	-0.0015
1.340546e-006	-0.0018125
1.341046e-006	-0.0015
1.341546e-006	-0.0018125
1.342046e-006	-0.002125
1.342546e-006	-0.0011875
1.343046e-006	-0.0018125
1.343546e-006	-0.0011875
1.344046e-006	-0.000875
1.344546e-006	-0.0005625
1.345046e-006	6.25e-005
1.345546e-006	-0.00025
1.346046e-006	-0.0005625
1.346546e-006	-0.00025
1.347046e-006	-0.00025
1.347546e-006	6.25e-005
1.348046e-006	-0.0005625
1.348546e-006	-0.00025
1.349046e-006	-0.0005625
1.349546e-006	-0.0018125
1.350046e-006	-0.0018125
1.350546e-006	-0.0018125
1.351046e-006	-0.0015
1.351546e-006	-0.0015
1.352046e-006	-0.0015
1.352546e-006	-0.000875
1.353046e-006	-0.0015
1.353546e-006	-0.0011875
1.354046e-006	-0.0011875
1.354546e-006	-0.0005625
1.355046e-006	6.25e-005
1.355546e-006	-0.000875
1.356046e-006	0.000375
1.356546e-006	0.0006875
1.357046e-006	6.25e-005
1.357546e-006	-0.00025
1.358046e-006	-0.0005625
1.358546e-006	-0.0005625
1.359046e-006	-0.0015
1.359546e-006	-0.000875
1.360046e-006	-0.0011875
1.360546e-006	-0.0015
1.361046e-006	-0.0015
1.361546e-006	-0.002125
1.362046e-006	-0.0018125
1.362546e-006	-0.0005625
1.363046e-006	-0.0011875
1.363546e-006	-0.0005625
1.364046e-006	-0.000875
1.364546e-006	-0.0005625
1.365046e-006	-0.00025
1.365546e-006	-0.0005625
1.366046e-006	0.000375
1.366546e-006	-0.000875
1.367046e-006	-0.0011875
1.367546e-006	-0.0005625
1.368046e-006	-0.0005625
1.368546e-006	6.25e-005
1.369046e-006	-0.0005625
1.369546e-006	-0.000875
1.370046e-006	-0.0011875
1.370546e-006	-0.0018125
1.371046e-006	-0.0015
1.371546e-006	-0.0018125
1.372046e-006	-0.0005625
1.372546e-006	6.25e-005
1.373046e-006	-0.0005625
1.373546e-006	0.0006875
1.374046e-006	6.25e-005
1.374546e-006	-0.0005625
1.375046e-006	-0.0005625
1.375546e-006	-0.00025
1.376046e-006	-0.0005625
1.376546e-006	-0.0011875
1.377046e-006	-0.00025
1.377546e-006	-0.0005625
1.378046e-006	-0.0011875
1.378546e-006	-0.0005625
1.379046e-006	-0.0015
1.379546e-006	-0.0011875
1.380046e-006	-0.0011875
1.380546e-006	-0.0011875
1.381046e-006	-0.0011875
1.381546e-006	-0.0011875
1.382046e-006	6.25e-005
1.382546e-006	6.25e-005
1.383046e-006	-0.0005625
1.383546e-006	6.25e-005
1.384046e-006	6.25e-005
1.384546e-006	6.25e-005
1.385046e-006	-0.000875
1.385546e-006	-0.0005625
1.386046e-006	-0.00025
1.386546e-006	-0.0011875
1.387046e-006	-0.000875
1.387546e-006	-0.0011875
1.388046e-006	-0.0005625
1.388546e-006	-0.0011875
1.389046e-006	-0.0018125
1.389546e-006	-0.000875
1.390046e-006	-0.000875
1.390546e-006	-0.0011875
1.391046e-006	-0.0011875
1.391546e-006	-0.000875
1.392046e-006	-0.0005625
1.392546e-006	6.25e-005
1.393046e-006	0.000375
1.393546e-006	6.25e-005
1.394046e-006	-0.000875
1.394546e-006	0.000375
1.395046e-006	-0.00025
1.395546e-006	-0.00025
1.396046e-006	-0.000875
1.396546e-006	-0.0011875
1.397046e-006	-0.0011875
1.397546e-006	-0.000875
1.398046e-006	-0.000875
1.398546e-006	-0.0011875
1.399046e-006	-0.0011875
1.399546e-006	-0.0011875
1.400046e-006	-0.0018125
1.400546e-006	-0.000875
1.401046e-006	-0.000875
1.401546e-006	-0.0005625
1.402046e-006	-0.00025
1.402546e-006	-0.0005625
1.403046e-006	6.25e-005
1.403546e-006	6.25e-005
1.404046e-006	-0.0005625
1.404546e-006	-0.00025
1.405046e-006	-0.00025
1.405546e-006	-0.0005625
1.406046e-006	-0.0005625
1.406546e-006	-0.00025
1.407046e-006	-0.0011875
1.407546e-006	-0.0011875
1.408046e-006	-0.000875
1.408546e-006	-0.0015
1.409046e-006	-0.0018125
1.409546e-006	-0.000875
1.410046e-006	-0.0005625
1.410546e-006	-0.0011875
1.411046e-006	-0.0011875
1.411546e-006	-0.0005625
1.412046e-006	-0.000875
1.412546e-006	-0.0005625
1.413046e-006	0.000375
1.413546e-006	6.25e-005
1.414046e-006	-0.00025
1.414546e-006	6.25e-005
1.415046e-006	6.25e-005
1.415546e-006	6.25e-005
1.416046e-006	6.25e-005
1.416546e-006	-0.00025
1.417046e-006	-0.0011875
1.417546e-006	-0.0018125
1.418046e-006	-0.0018125
1.418546e-006	-0.0011875
1.419046e-006	-0.0011875
1.419546e-006	-0.0011875
1.420046e-006	-0.0011875
1.420546e-006	-0.0005625
1.421046e-006	-0.0005625
1.421546e-006	-0.000875
1.422046e-006	-0.0005625
1.422546e-006	6.25e-005
1.423046e-006	-0.0005625
1.423546e-006	-0.0005625
1.424046e-006	-0.00025
1.424546e-006	-0.00025
1.425046e-006	-0.0005625
1.425546e-006	-0.0011875
1.426046e-006	-0.0005625
1.426546e-006	-0.0005625
1.427046e-006	-0.000875
1.427546e-006	-0.0005625
1.428046e-006	-0.000875
1.428546e-006	-0.000875
1.429046e-006	-0.0015
1.429546e-006	-0.0011875
1.430046e-006	-0.0005625
1.430546e-006	6.25e-005
1.431046e-006	6.25e-005
1.431546e-006	-0.000875
1.432046e-006	-0.000875
1.432546e-006	-0.0005625
1.433046e-006	-0.0005625
1.433546e-006	-0.0011875
1.434046e-006	-0.00025
1.434546e-006	-0.00025
1.435046e-006	-0.000875
1.435546e-006	-0.0011875
1.436046e-006	-0.000875
1.436546e-006	-0.000875
1.437046e-006	-0.0011875
1.437546e-006	-0.000875
1.438046e-006	-0.0005625
1.438546e-006	-0.0005625
1.439046e-006	-0.000875
1.439546e-006	-0.000875
1.440046e-006	-0.0005625
1.440546e-006	0.000375
1.441046e-006	-0.00025
1.441546e-006	-0.00025
1.442046e-006	-0.0005625
1.442546e-006	-0.000875
1.443046e-006	-0.000875
1.443546e-006	-0.0005625
1.444046e-006	-0.0011875
1.444546e-006	-0.000875
1.445046e-006	-0.00025
1.445546e-006	-0.0005625
1.446046e-006	-0.0024375
1.446546e-006	-0.0011875
1.447046e-006	6.25e-005
1.447546e-006	-0.000875
1.448046e-006	-0.0011875
1.448546e-006	-0.0018125
1.449046e-006	-0.0011875
1.449546e-006	-0.0005625
1.450046e-006	-0.00025
1.450546e-006	6.25e-005
1.451046e-006	-0.0005625
1.451546e-006	6.25e-005
1.452046e-006	-0.0005625
1.452546e-006	-0.0005625
1.453046e-006	0.000375
1.453546e-006	-0.000875
1.454046e-006	-0.00025
1.454546e-006	-0.0011875
1.455046e-006	-0.0018125
1.455546e-006	-0.0015
1.456046e-006	-0.0011875
1.456546e-006	-0.0005625
1.457046e-006	-0.0005625
1.457546e-006	-0.0015
1.458046e-006	-0.0015
1.458546e-006	-0.0011875
1.459046e-006	-0.00025
1.459546e-006	-0.0011875
1.460046e-006	-0.000875
1.460546e-006	6.25e-005
1.461046e-006	-0.000875
1.461546e-006	6.25e-005
1.462046e-006	6.25e-005
1.462546e-006	6.25e-005
1.463046e-006	0.000375
1.463546e-006	-0.0005625
1.464046e-006	-0.000875
1.464546e-006	-0.0011875
1.465046e-006	-0.0011875
1.465546e-006	-0.0011875
1.466046e-006	-0.0015
1.466546e-006	-0.0005625
1.467046e-006	-0.0011875
1.467546e-006	-0.0015
1.468046e-006	-0.0015
1.468546e-006	-0.000875
1.469046e-006	-0.000875
1.469546e-006	-0.0011875
1.470046e-006	-0.000875
1.470546e-006	-0.0005625
1.471046e-006	-0.000875
1.471546e-006	-0.00025
1.472046e-006	6.25e-005
1.472546e-006	6.25e-005
1.473046e-006	-0.000875
1.473546e-006	-0.0005625
1.474046e-006	6.25e-005
1.474546e-006	-0.000875
1.475046e-006	-0.000875
1.475546e-006	-0.0011875
1.476046e-006	-0.0011875
1.476546e-006	-0.000875
1.477046e-006	-0.0018125
1.477546e-006	-0.0015
1.478046e-006	-0.000875
1.478546e-006	-0.0011875
1.479046e-006	-0.0005625
1.479546e-006	-0.0015
1.480046e-006	-0.0005625
1.480546e-006	-0.0005625
1.481046e-006	-0.0005625
1.481546e-006	-0.0005625
1.482046e-006	-0.0005625
1.482546e-006	0.000375
1.483046e-006	-0.000875
1.483546e-006	-0.00025
1.484046e-006	-0.00025
1.484546e-006	-0.0011875
1.485046e-006	-0.000875
1.485546e-006	-0.0011875
1.486046e-006	-0.000875
1.486546e-006	-0.000875
1.487046e-006	-0.0011875
1.487546e-006	-0.0005625
1.488046e-006	-0.0011875
1.488546e-006	-0.0011875
1.489046e-006	-0.0018125
1.489546e-006	-0.0011875
1.490046e-006	-0.000875
1.490546e-006	-0.0011875
1.491046e-006	-0.00025
1.491546e-006	-0.00025
1.492046e-006	-0.000875
1.492546e-006	-0.00025
1.493046e-006	-0.0011875
1.493546e-006	-0.0005625
1.494046e-006	-0.0005625
1.494546e-006	-0.0005625
1.495046e-006	-0.0005625
1.495546e-006	-0.0011875
1.496046e-006	-0.000875
1.496546e-006	-0.0015
1.497046e-006	-0.0005625
1.497546e-006	-0.0005625
1.498046e-006	-0.0018125
1.498546e-006	-0.0005625
1.499046e-006	-0.000875
1.499546e-006	-0.0005625
1.500046e-006	-0.000875
1.500546e-006	-0.0011875
1.501046e-006	-0.0005625
1.501546e-006	-0.000875
1.502046e-006	-0.0011875
1.502546e-006	-0.00025
1.503046e-006	-0.0005625
1.503546e-006	-0.0005625
1.504046e-006	-0.000875
1.504546e-006	-0.000875
1.505046e-006	-0.0015
1.505546e-006	-0.0018125
1.506046e-006	-0.0005625
1.506546e-006	-0.0018125
1.507046e-006	-0.000875
1.507546e-006	-0.0011875
1.508046e-006	-0.0011875
1.508546e-006	-0.00025
1.509046e-006	-0.0011875
1.509546e-006	-0.0005625
1.510046e-006	-0.00025
1.510546e-006	-0.000875
1.511046e-006	-0.00025
1.511546e-006	-0.0005625
1.512046e-006	-0.0005625
1.512546e-006	-0.0005625
1.513046e-006	-0.00025
1.513546e-006	-0.00025
1.514046e-006	-0.0018125
1.514546e-006	-0.0015
1.515046e-006	-0.0015
1.515546e-006	-0.0011875
1.516046e-006	-0.0005625
1.516546e-006	-0.000875
1.517046e-006	-0.0011875
1.517546e-006	-0.0018125
1.518046e-006	-0.000875
1.518546e-006	-0.0005625
1.519046e-006	-0.0011875
1.519546e-006	6.25e-005
1.520046e-006	-0.00025
1.520546e-006	-0.0005625
1.521046e-006	-0.000875
1.521546e-006	6.25e-005
1.522046e-006	6.25e-005
1.522546e-006	-0.000875
1.523046e-006	-0.0005625
1.523546e-006	-0.0015
1.524046e-006	-0.0018125
1.524546e-006	-0.0015
1.525046e-006	-0.002125
1.525546e-006	-0.0015
1.526046e-006	-0.0011875
1.526546e-006	-0.0011875
1.527046e-006	-0.000875
1.527546e-006	-0.000875
1.528046e-006	-0.0011875
1.528546e-006	-0.0011875
1.529046e-006	6.25e-005
1.529546e-006	0.001
1.530046e-006	-0.00025
1.530546e-006	-0.00025
1.531046e-006	6.25e-005
1.531546e-006	-0.00025
1.532046e-006	-0.00025
1.532546e-006	-0.0011875
1.533046e-006	-0.0005625
1.533546e-006	-0.000875
1.534046e-006	-0.0011875
1.534546e-006	-0.0015
1.535046e-006	-0.002125
1.535546e-006	-0.0015
1.536046e-006	-0.0018125
1.536546e-006	-0.0018125
1.537046e-006	-0.0011875
1.537546e-006	-0.0011875
1.538046e-006	-0.0005625
1.538546e-006	-0.000875
1.539046e-006	-0.00025
1.539546e-006	0.0006875
1.540046e-006	-0.00025
1.540546e-006	0.0006875
1.541046e-006	0.000375
1.541546e-006	6.25e-005
1.542046e-006	-0.0005625
1.542546e-006	-0.000875
1.543046e-006	-0.00025
1.543546e-006	-0.0005625
1.544046e-006	-0.0011875
1.544546e-006	-0.0018125
1.545046e-006	-0.0015
1.545546e-006	-0.0011875
1.546046e-006	-0.0015
1.546546e-006	-0.0011875
1.547046e-006	-0.0015
1.547546e-006	-0.000875
1.548046e-006	6.25e-005
1.548546e-006	-0.000875
1.549046e-006	-0.0005625
1.549546e-006	-0.00025
1.550046e-006	-0.00025
1.550546e-006	6.25e-005
1.551046e-006	-0.0005625
1.551546e-006	-0.00025
1.552046e-006	6.25e-005
1.552546e-006	6.25e-005
1.553046e-006	0.000375
1.553546e-006	-0.0011875
1.554046e-006	-0.0015
1.554546e-006	-0.0018125
1.555046e-006	-0.0011875
1.555546e-006	-0.000875
1.556046e-006	-0.0018125
1.556546e-006	-0.002125
1.557046e-006	-0.0011875
1.557546e-006	-0.000875
1.558046e-006	-0.0011875
1.558546e-006	-0.0005625
1.559046e-006	-0.00025
1.559546e-006	-0.0005625
1.560046e-006	-0.0005625
1.560546e-006	6.25e-005
1.561046e-006	-0.0005625
1.561546e-006	6.25e-005
1.562046e-006	6.25e-005
1.562546e-006	-0.000875
1.563046e-006	-0.000875
1.563546e-006	-0.0011875
1.564046e-006	-0.000875
1.564546e-006	-0.0005625
1.565046e-006	-0.0015
1.565546e-006	-0.0011875
1.566046e-006	-0.0015
1.566546e-006	-0.000875
1.567046e-006	-0.0011875
1.567546e-006	-0.0005625
1.568046e-006	-0.00025
1.568546e-006	-0.0011875
1.569046e-006	-0.0011875
1.569546e-006	-0.00025
1.570046e-006	-0.00025
1.570546e-006	-0.00025
1.571046e-006	-0.0005625
1.571546e-006	-0.000875
1.572046e-006	-0.000875
1.572546e-006	-0.000875
1.573046e-006	-0.000875
1.573546e-006	-0.000875
1.574046e-006	-0.00025
1.574546e-006	-0.000875
1.575046e-006	-0.000875
1.575546e-006	-0.000875
1.576046e-006	-0.000875
1.576546e-006	-0.0005625
1.577046e-006	-0.000875
1.577546e-006	-0.0005625
1.578046e-006	6.25e-005
1.578546e-006	-0.000875
1.579046e-006	-0.000875
1.579546e-006	-0.0005625
1.580046e-006	6.25e-005
1.580546e-006	-0.000875
1.581046e-006	-0.0011875
1.581546e-006	-0.0005625
1.582046e-006	-0.0011875
1.582546e-006	-0.0005625
1.583046e-006	-0.0005625
1.583546e-006	-0.0015
1.584046e-006	-0.0011875
1.584546e-006	-0.0011875
1.585046e-006	-0.0005625
1.585546e-006	0.000375
1.586046e-006	-0.00025
1.586546e-006	-0.0005625
1.587046e-006	-0.000875
1.587546e-006	-0.00025
1.588046e-006	-0.000875
1.588546e-006	-0.000875
1.589046e-006	-0.00025
1.589546e-006	-0.00025
1.590046e-006	-0.00025
1.590546e-006	-0.00025
1.591046e-006	-0.000875
1.591546e-006	-0.000875
1.592046e-006	-0.0005625
1.592546e-006	-0.0005625
1.593046e-006	-0.000875
1.593546e-006	-0.0005625
1.594046e-006	-0.0005625
1.594546e-006	-0.0005625
1.595046e-006	-0.000875
1.595546e-006	-0.0011875
1.596046e-006	-0.0005625
1.596546e-006	-0.0005625
1.597046e-006	-0.000875
1.597546e-006	-0.0005625
1.598046e-006	-0.0005625
1.598546e-006	-0.0005625
1.599046e-006	-0.000875
1.599546e-006	-0.0011875
1.600046e-006	-0.0005625
1.600546e-006	-0.0005625
1.601046e-006	-0.0005625
1.601546e-006	-0.00025
1.602046e-006	-0.0015
1.602546e-006	-0.000875
1.603046e-006	-0.000875
1.603546e-006	-0.0011875
1.604046e-006	-0.0011875
1.604546e-006	-0.0005625
1.605046e-006	-0.00025
1.605546e-006	-0.00025
1.606046e-006	-0.00025
1.606546e-006	-0.0005625
1.607046e-006	-0.0005625
1.607546e-006	-0.000875
1.608046e-006	-0.00025
1.608546e-006	-0.00025
1.609046e-006	-0.0011875
1.609546e-006	-0.0005625
1.610046e-006	-0.0005625
1.610546e-006	-0.0005625
1.611046e-006	-0.000875
1.611546e-006	-0.0005625
1.612046e-006	6.25e-005
1.612546e-006	6.25e-005
1.613046e-006	-0.0005625
1.613546e-006	-0.0005625
1.614046e-006	-0.0005625
1.614546e-006	-0.000875
1.615046e-006	-0.0005625
1.615546e-006	-0.000875
1.616046e-006	-0.0005625
1.616546e-006	-0.0005625
1.617046e-006	-0.0011875
1.617546e-006	-0.0011875
1.618046e-006	-0.0011875
1.618546e-006	-0.0005625
1.619046e-006	-0.0005625
1.619546e-006	-0.0005625
1.620046e-006	6.25e-005
1.620546e-006	-0.0005625
1.621046e-006	-0.0005625
1.621546e-006	6.25e-005
1.622046e-006	-0.00025
1.622546e-006	-0.0005625
1.623046e-006	0.000375
1.623546e-006	6.25e-005
1.624046e-006	0.000375
1.624546e-006	0.000375
1.625046e-006	-0.000875
1.625546e-006	-0.000875
1.626046e-006	-0.000875
1.626546e-006	-0.0011875
1.627046e-006	-0.0011875
1.627546e-006	-0.000875
1.628046e-006	-0.0011875
1.628546e-006	-0.0018125
1.629046e-006	-0.0018125
1.629546e-006	-0.0005625
1.630046e-006	-0.0005625
1.630546e-006	-0.0005625
1.631046e-006	-0.0005625
1.631546e-006	-0.00025
1.632046e-006	6.25e-005
1.632546e-006	0.000375
1.633046e-006	0.0006875
1.633546e-006	6.25e-005
1.634046e-006	0.000375
1.634546e-006	6.25e-005
1.635046e-006	-0.0011875
1.635546e-006	-0.0005625
1.636046e-006	-0.0015
1.636546e-006	-0.0011875
1.637046e-006	-0.0018125
1.637546e-006	-0.0024375
1.638046e-006	-0.0011875
1.638546e-006	-0.0011875
1.639046e-006	-0.0015
1.639546e-006	-0.0015
1.640046e-006	-0.000875
1.640546e-006	-0.00025
1.641046e-006	-0.00025
1.641546e-006	0.000375
1.642046e-006	0.000375
1.642546e-006	6.25e-005
1.643046e-006	6.25e-005
1.643546e-006	0.0006875
1.644046e-006	0.001
1.644546e-006	-0.00025
1.645046e-006	-0.0005625
1.645546e-006	-0.0005625
1.646046e-006	-0.000875
1.646546e-006	-0.0005625
1.647046e-006	-0.0011875
1.647546e-006	-0.0018125
1.648046e-006	-0.0018125
1.648546e-006	-0.002125
1.649046e-006	-0.0011875
1.649546e-006	-0.000875
1.650046e-006	-0.000875
1.650546e-006	-0.0011875
1.651046e-006	-0.000875
1.651546e-006	0.000375
1.652046e-006	0.001
1.652546e-006	0.000375
1.653046e-006	0.0006875
1.653546e-006	0.000375
1.654046e-006	0.000375
1.654546e-006	-0.0005625
1.655046e-006	6.25e-005
1.655546e-006	6.25e-005
1.656046e-006	-0.000875
1.656546e-006	-0.0015
1.657046e-006	-0.002125
1.657546e-006	-0.0015
1.658046e-006	-0.0018125
1.658546e-006	-0.0018125
1.659046e-006	-0.0011875
1.659546e-006	-0.0011875
1.660046e-006	-0.000875
1.660546e-006	-0.000875
1.661046e-006	-0.0005625
1.661546e-006	0.000375
1.662046e-006	-0.00025
1.662546e-006	0.001
1.663046e-006	0.0006875
1.663546e-006	-0.00025
1.664046e-006	0.000375
1.664546e-006	6.25e-005
1.665046e-006	6.25e-005
1.665546e-006	-0.0005625
1.666046e-006	-0.0015
1.666546e-006	-0.0011875
1.667046e-006	-0.0015
1.667546e-006	-0.0015
1.668046e-006	-0.0018125
1.668546e-006	-0.0015
1.669046e-006	-0.000875
1.669546e-006	-0.0005625
1.670046e-006	6.25e-005
1.670546e-006	-0.0005625
1.671046e-006	-0.0005625
1.671546e-006	6.25e-005
1.672046e-006	6.25e-005
1.672546e-006	0.000375
1.673046e-006	6.25e-005
1.673546e-006	6.25e-005
1.674046e-006	0.001
1.674546e-006	6.25e-005
1.675046e-006	-0.0011875
1.675546e-006	-0.000875
1.676046e-006	-0.0005625
1.676546e-006	-0.0011875
1.677046e-006	-0.0015
1.677546e-006	-0.00025
1.678046e-006	-0.0005625
1.678546e-006	-0.0011875
1.679046e-006	-0.00025
1.679546e-006	-0.0005625
1.680046e-006	-0.000875
1.680546e-006	-0.0005625
1.681046e-006	6.25e-005
1.681546e-006	6.25e-005
1.682046e-006	6.25e-005
1.682546e-006	0.000375
1.683046e-006	-0.00025
1.683546e-006	6.25e-005
1.684046e-006	-0.00025
1.684546e-006	-0.0005625
1.685046e-006	6.25e-005
1.685546e-006	-0.000875
1.686046e-006	-0.000875
1.686546e-006	-0.0011875
1.687046e-006	-0.0011875
1.687546e-006	-0.000875
1.688046e-006	-0.000875
1.688546e-006	-0.00025
1.689046e-006	-0.0005625
1.689546e-006	-0.0005625
1.690046e-006	6.25e-005
1.690546e-006	6.25e-005
1.691046e-006	0.000375
1.691546e-006	6.25e-005
1.692046e-006	-0.0005625
1.692546e-006	6.25e-005
1.693046e-006	6.25e-005
1.693546e-006	0.000375
1.694046e-006	-0.0011875
1.694546e-006	-0.0015
1.695046e-006	-0.0011875
1.695546e-006	-0.0011875
1.696046e-006	-0.0011875
1.696546e-006	-0.0015
1.697046e-006	-0.0015
1.697546e-006	-0.0015
1.698046e-006	-0.0011875
1.698546e-006	-0.0005625
1.699046e-006	-0.00025
1.699546e-006	6.25e-005
1.700046e-006	6.25e-005
1.700546e-006	-0.00025
1.701046e-006	0.0006875
1.701546e-006	0.0006875
1.702046e-006	0.001
1.702546e-006	0.000375
1.703046e-006	0.000375
1.703546e-006	0.0006875
1.704046e-006	-0.00025
1.704546e-006	-0.0005625
1.705046e-006	-0.000875
1.705546e-006	-0.000875
1.706046e-006	-0.0005625
1.706546e-006	-0.0015
1.707046e-006	-0.0018125
1.707546e-006	-0.00025
1.708046e-006	-0.0005625
1.708546e-006	-0.000875
1.709046e-006	-0.000875
1.709546e-006	6.25e-005
1.710046e-006	6.25e-005
1.710546e-006	6.25e-005
1.711046e-006	0.000375
1.711546e-006	0.000375
1.712046e-006	0.001625
1.712546e-006	0.001
1.713046e-006	0.000375
1.713546e-006	0.000375
1.714046e-006	-0.00025
1.714546e-006	-0.0005625
1.715046e-006	-0.000875
1.715546e-006	-0.0011875
1.716046e-006	-0.000875
1.716546e-006	-0.0018125
1.717046e-006	-0.0011875
1.717546e-006	-0.0018125
1.718046e-006	-0.0018125
1.718546e-006	-0.0011875
1.719046e-006	-0.0011875
1.719546e-006	-0.0005625
1.720046e-006	-0.0005625
1.720546e-006	-0.00025
1.721046e-006	0.001
1.721546e-006	0.000375
1.722046e-006	0.0006875
1.722546e-006	0.0006875
1.723046e-006	0.000375
1.723546e-006	0.0006875
1.724046e-006	0.0013125
1.724546e-006	6.25e-005
1.725046e-006	-0.0005625
1.725546e-006	-0.00025
1.726046e-006	-0.00025
1.726546e-006	-0.000875
1.727046e-006	-0.0018125
1.727546e-006	-0.002125
1.728046e-006	-0.0011875
1.728546e-006	-0.0011875
1.729046e-006	-0.002125
1.729546e-006	-0.0018125
1.730046e-006	-0.0005625
1.730546e-006	-0.0005625
1.731046e-006	-0.0005625
1.731546e-006	-0.0005625
1.732046e-006	0.000375
1.732546e-006	0.0013125
1.733046e-006	0.001
1.733546e-006	0.001
1.734046e-006	0.0019375
1.734546e-006	0.000375
1.735046e-006	-0.00025
1.735546e-006	-0.00025
1.736046e-006	-0.00025
1.736546e-006	-0.000875
1.737046e-006	-0.0011875
1.737546e-006	-0.0018125
1.738046e-006	-0.002125
1.738546e-006	-0.0018125
1.739046e-006	-0.0018125
1.739546e-006	-0.0011875
1.740046e-006	-0.000875
1.740546e-006	-0.000875
1.741046e-006	-0.000875
1.741546e-006	6.25e-005
1.742046e-006	0.001
1.742546e-006	0.000375
1.743046e-006	0.0006875
1.743546e-006	0.001625
1.744046e-006	0.00225
1.744546e-006	0.001625
1.745046e-006	0.001
1.745546e-006	0.000375
1.746046e-006	6.25e-005
1.746546e-006	6.25e-005
1.747046e-006	-0.000875
1.747546e-006	-0.0018125
1.748046e-006	-0.0018125
1.748546e-006	-0.002125
1.749046e-006	-0.0024375
1.749546e-006	-0.0018125
1.750046e-006	-0.0018125
1.750546e-006	-0.0011875
1.751046e-006	-0.0018125
1.751546e-006	-0.0011875
1.752046e-006	0.000375
1.752546e-006	0.0013125
1.753046e-006	0.0013125
1.753546e-006	0.001
1.754046e-006	0.001625
1.754546e-006	0.001625
1.755046e-006	0.0013125
1.755546e-006	0.0013125
1.756046e-006	0.0006875
1.756546e-006	6.25e-005
1.757046e-006	-0.000875
1.757546e-006	-0.0011875
1.758046e-006	-0.0011875
1.758546e-006	-0.0024375
1.759046e-006	-0.0024375
1.759546e-006	-0.0024375
1.760046e-006	-0.0024375
1.760546e-006	-0.0015
1.761046e-006	-0.000875
1.761546e-006	-0.00025
1.762046e-006	6.25e-005
1.762546e-006	6.25e-005
1.763046e-006	0.0006875
1.763546e-006	0.001625
1.764046e-006	0.001
1.764546e-006	0.001
1.765046e-006	0.0013125
1.765546e-006	0.001
1.766046e-006	0.000375
1.766546e-006	-0.000875
1.767046e-006	-0.0005625
1.767546e-006	-0.0011875
1.768046e-006	-0.0018125
1.768546e-006	-0.002125
1.769046e-006	-0.002125
1.769546e-006	-0.002125
1.770046e-006	-0.002125
1.770546e-006	-0.0011875
1.771046e-006	-0.000875
1.771546e-006	-0.000875
1.772046e-006	-0.00025
1.772546e-006	-0.00025
1.773046e-006	0.001
1.773546e-006	0.0019375
1.774046e-006	0.0013125
1.774546e-006	0.0013125
1.775046e-006	0.000375
1.775546e-006	6.25e-005
1.776046e-006	0.000375
1.776546e-006	6.25e-005
1.777046e-006	-0.000875
1.777546e-006	-0.0018125
1.778046e-006	-0.0018125
1.778546e-006	-0.002125
1.779046e-006	-0.002125
1.779546e-006	-0.0011875
1.780046e-006	-0.0015
1.780546e-006	-0.000875
1.781046e-006	-0.0011875
1.781546e-006	-0.0005625
1.782046e-006	0.0006875
1.782546e-006	0.001
1.783046e-006	0.001
1.783546e-006	6.25e-005
1.784046e-006	0.0013125
1.784546e-006	0.0013125
1.785046e-006	0.0006875
1.785546e-006	0.0006875
1.786046e-006	6.25e-005
1.786546e-006	-0.00025
1.787046e-006	-0.0005625
1.787546e-006	-0.0018125
1.788046e-006	-0.0015
