LECROYWS454	16215	Waveform
Segments	1	SegmentSize	4002
Segment	TrigTime	TimeSinceSegment1
#1	02-May-2024 19:18:10	0                 
Time	Ampl
-2.12429e-007	-0.000875
-2.11929e-007	-0.0005625
-2.11429e-007	-0.00025
-2.10929e-007	0.000375
-2.10429e-007	0.001
-2.09929e-007	6.25e-005
-2.09429e-007	0.000375
-2.08929e-007	0.0006875
-2.08429e-007	0.001
-2.07929e-007	6.25e-005
-2.07429e-007	6.25e-005
-2.06929e-007	0.000375
-2.06429e-007	0.000375
-2.05929e-007	-0.00025
-2.05429e-007	-0.000875
-2.04929e-007	-0.00025
-2.04429e-007	-0.0005625
-2.03929e-007	-0.00025
-2.03429e-007	-0.000875
-2.02929e-007	-0.0005625
-2.02429e-007	6.25e-005
-2.01929e-007	0.000375
-2.01429e-007	6.25e-005
-2.00929e-007	6.25e-005
-2.00429e-007	-0.00025
-1.99929e-007	6.25e-005
-1.99429e-007	0.000375
-1.98929e-007	0.001
-1.98429e-007	0.000375
-1.97929e-007	-0.00025
-1.97429e-007	6.25e-005
-1.96929e-007	0.000375
-1.96429e-007	-0.0005625
-1.95929e-007	-0.000875
-1.95429e-007	-0.0005625
-1.94929e-007	-0.0005625
-1.94429e-007	-0.0005625
-1.93929e-007	-0.000875
-1.93429e-007	-0.0005625
-1.92929e-007	-0.00025
-1.92429e-007	6.25e-005
-1.91929e-007	6.25e-005
-1.91429e-007	0.000375
-1.90929e-007	6.25e-005
-1.90429e-007	6.25e-005
-1.89929e-007	6.25e-005
-1.89429e-007	0.001
-1.88929e-007	0.000375
-1.88429e-007	-0.0005625
-1.87929e-007	-0.0005625
-1.87429e-007	-0.00025
-1.86929e-007	-0.00025
-1.86429e-007	-0.0005625
-1.85929e-007	-0.0005625
-1.85429e-007	-0.00025
-1.84929e-007	-0.0005625
-1.84429e-007	-0.0005625
-1.83929e-007	6.25e-005
-1.83429e-007	-0.0005625
-1.82929e-007	6.25e-005
-1.82429e-007	0.000375
-1.81929e-007	0.000375
-1.81429e-007	-0.00025
-1.80929e-007	-0.0005625
-1.80429e-007	-0.00025
-1.79929e-007	6.25e-005
-1.79429e-007	6.25e-005
-1.78929e-007	6.25e-005
-1.78429e-007	-0.00025
-1.77929e-007	6.25e-005
-1.77429e-007	6.25e-005
-1.76929e-007	6.25e-005
-1.76429e-007	6.25e-005
-1.75929e-007	-0.0005625
-1.75429e-007	-0.0005625
-1.74929e-007	-0.0005625
-1.74429e-007	-0.0005625
-1.73929e-007	6.25e-005
-1.73429e-007	6.25e-005
-1.72929e-007	6.25e-005
-1.72429e-007	0.000375
-1.71929e-007	0.0006875
-1.71429e-007	0.000375
-1.70929e-007	6.25e-005
-1.70429e-007	-0.00025
-1.69929e-007	-0.0005625
-1.69429e-007	-0.00025
-1.68929e-007	6.25e-005
-1.68429e-007	6.25e-005
-1.67929e-007	6.25e-005
-1.67429e-007	-0.0005625
-1.66929e-007	-0.0005625
-1.66429e-007	-0.0005625
-1.65929e-007	-0.0005625
-1.65429e-007	-0.00025
-1.64929e-007	-0.00025
-1.64429e-007	6.25e-005
-1.63929e-007	0.000375
-1.63429e-007	0.000375
-1.62929e-007	-0.0005625
-1.62429e-007	-0.00025
-1.61929e-007	-0.00025
-1.61429e-007	6.25e-005
-1.60929e-007	6.25e-005
-1.60429e-007	-0.0005625
-1.59929e-007	-0.0005625
-1.59429e-007	-0.0005625
-1.58929e-007	-0.000875
-1.58429e-007	-0.0011875
-1.57929e-007	-0.00025
-1.57429e-007	6.25e-005
-1.56929e-007	6.25e-005
-1.56429e-007	-0.00025
-1.55929e-007	-0.0005625
-1.55429e-007	0.000375
-1.54929e-007	0.0006875
-1.54429e-007	0.000375
-1.53929e-007	0.001
-1.53429e-007	0.000375
-1.52929e-007	6.25e-005
-1.52429e-007	-0.0005625
-1.51929e-007	-0.0005625
-1.51429e-007	0.000375
-1.50929e-007	-0.0005625
-1.50429e-007	-0.0011875
-1.49929e-007	-0.0005625
-1.49429e-007	-0.0005625
-1.48929e-007	-0.0005625
-1.48429e-007	-0.000875
-1.47929e-007	-0.000875
-1.47429e-007	-0.0005625
-1.46929e-007	-0.0005625
-1.46429e-007	0.001
-1.45929e-007	0.0013125
-1.45429e-007	0.000375
-1.44929e-007	0.000375
-1.44429e-007	0.001
-1.43929e-007	0.001625
-1.43429e-007	0.0013125
-1.42929e-007	6.25e-005
-1.42429e-007	-0.00025
-1.41929e-007	-0.000875
-1.41429e-007	-0.0005625
-1.40929e-007	-0.00025
-1.40429e-007	-0.0015
-1.39929e-007	-0.0015
-1.39429e-007	-0.0015
-1.38929e-007	-0.0005625
-1.38429e-007	-0.00025
-1.37929e-007	-0.0005625
-1.37429e-007	-0.000875
-1.36929e-007	-0.00025
-1.36429e-007	0.001
-1.35929e-007	0.0013125
-1.35429e-007	0.0006875
-1.34929e-007	0.0013125
-1.34429e-007	0.0013125
-1.33929e-007	0.0013125
-1.33429e-007	0.0013125
-1.32929e-007	-0.00025
-1.32429e-007	-0.000875
-1.31929e-007	-0.0005625
-1.31429e-007	-0.0005625
-1.30929e-007	-0.000875
-1.30429e-007	-0.0015
-1.29929e-007	-0.000875
-1.29429e-007	-0.000875
-1.28929e-007	-0.0011875
-1.28429e-007	-0.0015
-1.27929e-007	-0.000875
-1.27429e-007	6.25e-005
-1.26929e-007	0.000375
-1.26429e-007	0.001
-1.25929e-007	0.0006875
-1.25429e-007	0.0013125
-1.24929e-007	0.001625
-1.24429e-007	0.0013125
-1.23929e-007	0.001
-1.23429e-007	0.0006875
-1.22929e-007	0.000375
-1.22429e-007	-0.0005625
-1.21929e-007	-0.000875
-1.21429e-007	-0.0005625
-1.20929e-007	-0.0005625
-1.20429e-007	-0.0018125
-1.19929e-007	-0.0018125
-1.19429e-007	-0.0015
-1.18929e-007	-0.0011875
-1.18429e-007	-0.00025
-1.17929e-007	-0.000875
-1.17429e-007	-0.0005625
-1.16929e-007	0.0006875
-1.16429e-007	0.001
-1.15929e-007	0.0006875
-1.15429e-007	0.0006875
-1.14929e-007	0.001625
-1.14429e-007	0.0006875
-1.13929e-007	0.000375
-1.13429e-007	6.25e-005
-1.12929e-007	-0.00025
-1.12429e-007	-0.0005625
-1.11929e-007	-0.0005625
-1.11429e-007	-0.0005625
-1.10929e-007	-0.00025
-1.10429e-007	-0.000875
-1.09929e-007	-0.000875
-1.09429e-007	-0.0015
-1.08929e-007	-0.0011875
-1.08429e-007	-0.0005625
-1.07929e-007	6.25e-005
-1.07429e-007	-0.00025
-1.06929e-007	-0.00025
-1.06429e-007	0.0006875
-1.05929e-007	0.0006875
-1.05429e-007	6.25e-005
-1.04929e-007	0.0013125
-1.04429e-007	0.0013125
-1.03929e-007	-0.00025
-1.03429e-007	6.25e-005
-1.02929e-007	6.25e-005
-1.02429e-007	0.000375
-1.01929e-007	6.25e-005
-1.01429e-007	-0.000875
-1.00929e-007	-0.000875
-1.00429e-007	-0.0005625
-9.9929e-008	-0.0011875
-9.9429e-008	-0.000875
-9.8929e-008	6.25e-005
-9.8429e-008	6.25e-005
-9.7929e-008	-0.0005625
-9.7429e-008	6.25e-005
-9.6929e-008	0.000375
-9.6429e-008	0.0006875
-9.5929e-008	6.25e-005
-9.5429e-008	0.0006875
-9.4929e-008	0.0013125
-9.4429e-008	0.0006875
-9.3929e-008	-0.00025
-9.3429e-008	-0.000875
-9.2929e-008	6.25e-005
-9.2429e-008	6.25e-005
-9.1929e-008	-0.000875
-9.1429e-008	-0.000875
-9.0929e-008	-0.0005625
-9.0429e-008	-0.000875
-8.9929e-008	-0.0005625
-8.9429e-008	6.25e-005
-8.8929e-008	0.000375
-8.8429e-008	6.25e-005
-8.7929e-008	-0.00025
-8.7429e-008	0.001
-8.6929e-008	0.001
-8.6429e-008	0.0006875
-8.5929e-008	0.000375
-8.5429e-008	-0.0005625
-8.4929e-008	6.25e-005
-8.4429e-008	-0.00025
-8.3929e-008	-0.0005625
-8.3429e-008	-0.000875
-8.2929e-008	-0.000875
-8.2429e-008	-0.000875
-8.1929e-008	-0.0005625
-8.1429e-008	-0.000875
-8.0929e-008	-0.00025
-8.0429e-008	-0.00025
-7.9929e-008	6.25e-005
-7.9429e-008	0.0006875
-7.8929e-008	6.25e-005
-7.8429e-008	6.25e-005
-7.7929e-008	0.0013125
-7.7429e-008	0.0013125
-7.6929e-008	0.001
-7.6429e-008	0.000375
-7.5929e-008	6.25e-005
-7.5429e-008	6.25e-005
-7.4929e-008	-0.000875
-7.4429e-008	-0.000875
-7.3929e-008	-0.0011875
-7.3429e-008	-0.0011875
-7.2929e-008	-0.000875
-7.2429e-008	-0.0015
-7.1929e-008	-0.000875
-7.1429e-008	6.25e-005
-7.0929e-008	-0.000875
-7.0429e-008	-0.00025
-6.9929e-008	6.25e-005
-6.9429e-008	6.25e-005
-6.8929e-008	0.000375
-6.8429e-008	0.001625
-6.7929e-008	0.0019375
-6.7429e-008	0.000375
-6.6929e-008	0.0006875
-6.6429e-008	0.001625
-6.5929e-008	0.0013125
-6.5429e-008	6.25e-005
-6.4929e-008	-0.0011875
-6.4429e-008	-0.0005625
-6.3929e-008	-0.00025
-6.3429e-008	-0.0011875
-6.2929e-008	-0.000875
-6.2429e-008	-0.0015
-6.1929e-008	-0.002125
-6.1429e-008	-0.0011875
-6.0929e-008	6.25e-005
-6.0429e-008	6.25e-005
-5.9929e-008	-0.00025
-5.9429e-008	6.25e-005
-5.8929e-008	0.001
-5.8429e-008	0.001
-5.7929e-008	0.0013125
-5.7429e-008	0.0006875
-5.6929e-008	0.0013125
-5.6429e-008	0.0006875
-5.5929e-008	6.25e-005
-5.5429e-008	6.25e-005
-5.4929e-008	-0.000875
-5.4429e-008	-0.0005625
-5.3929e-008	-0.000875
-5.3429e-008	-0.000875
-5.2929e-008	-0.0011875
-5.2429e-008	-0.0015
-5.1929e-008	-0.0005625
-5.1429e-008	-0.0005625
-5.0929e-008	-0.000875
-5.0429e-008	6.25e-005
-4.9929e-008	-0.0005625
-4.9429e-008	0.000375
-4.8929e-008	6.25e-005
-4.8429e-008	0.000375
-4.7929e-008	0.001
-4.7429e-008	0.0013125
-4.6929e-008	0.0013125
-4.6429e-008	0.0006875
-4.5929e-008	0.0006875
-4.5429e-008	0.000375
-4.4929e-008	6.25e-005
-4.4429e-008	-0.0005625
-4.3929e-008	-0.0011875
-4.3429e-008	-0.000875
-4.2929e-008	-0.000875
-4.2429e-008	-0.0011875
-4.1929e-008	6.25e-005
-4.1429e-008	-0.000875
-4.0929e-008	-0.00025
-4.0429e-008	6.25e-005
-3.9929e-008	-0.00025
-3.9429e-008	0.0006875
-3.8929e-008	0.000375
-3.8429e-008	6.25e-005
-3.7929e-008	0.000375
-3.7429e-008	-0.00025
-3.6929e-008	0.0006875
-3.6429e-008	6.25e-005
-3.5929e-008	6.25e-005
-3.5429e-008	6.25e-005
-3.4929e-008	-0.0005625
-3.4429e-008	6.25e-005
-3.3929e-008	-0.000875
-3.3429e-008	-0.0005625
-3.2929e-008	-0.000875
-3.2429e-008	-0.0005625
-3.1929e-008	0.000375
-3.1429e-008	-0.00025
-3.0929e-008	-0.0005625
-3.0429e-008	6.25e-005
-2.9929e-008	6.25e-005
-2.9429e-008	0.001
-2.8929e-008	6.25e-005
-2.8429e-008	-0.0005625
-2.7929e-008	-0.000875
-2.7429e-008	6.25e-005
-2.6929e-008	0.0006875
-2.6429e-008	-0.00025
-2.5929e-008	6.25e-005
-2.5429e-008	6.25e-005
-2.4929e-008	6.25e-005
-2.4429e-008	-0.00025
-2.3929e-008	6.25e-005
-2.3429e-008	6.25e-005
-2.2929e-008	-0.0005625
-2.2429e-008	6.25e-005
-2.1929e-008	0.0006875
-2.1429e-008	6.25e-005
-2.0929e-008	0.000375
-2.0429e-008	6.25e-005
-1.9929e-008	-0.00025
-1.9429e-008	6.25e-005
-1.8929e-008	-0.00025
-1.8429e-008	-0.00025
-1.7929e-008	-0.00025
-1.7429e-008	-0.0005625
-1.6929e-008	-0.0005625
-1.6429e-008	-0.0005625
-1.5929e-008	6.25e-005
-1.5429e-008	-0.00025
-1.4929e-008	-0.000875
-1.4429e-008	6.25e-005
-1.3929e-008	0.0006875
-1.3429e-008	6.25e-005
-1.2929e-008	-0.0005625
-1.2429e-008	0.0006875
-1.1929e-008	0.000375
-1.1429e-008	6.25e-005
-1.0929e-008	0.0006875
-1.0429e-008	0.001
-9.929e-009	-0.00025
-9.429e-009	-0.0005625
-8.929e-009	0.0006875
-8.429e-009	0.000375
-7.929e-009	-0.000875
-7.429e-009	-0.0018125
-6.929e-009	-0.00275
-6.429e-009	-0.00275
-5.929e-009	-0.004
-5.429e-009	-0.0049375
-4.929e-009	-0.0049375
-4.429e-009	-0.00525
-3.929e-009	-0.005875
-3.429e-009	-0.0061875
-2.929e-009	-0.0068125
-2.429e-009	-0.0074375
-1.929e-009	-0.009
-1.429e-009	-0.01025
-9.29e-010	-0.0105625
-4.29e-010	-0.0118125
7.1e-011	-0.01275
5.71e-010	-0.013375
1.071e-009	-0.0149375
1.571e-009	-0.0165
2.071e-009	-0.0161875
2.571e-009	-0.015875
3.071e-009	-0.0155625
3.571e-009	-0.0161875
4.071e-009	-0.0161875
4.571e-009	-0.017125
5.071e-009	-0.017125
5.571e-009	-0.018375
6.071e-009	-0.0186875
6.571e-009	-0.018375
7.071e-009	-0.0180625
7.571e-009	-0.0180625
8.071e-009	-0.0186875
8.571e-009	-0.0186875
9.071e-009	-0.0186875
9.571e-009	-0.0186875
1.0071e-008	-0.0186875
1.0571e-008	-0.018375
1.1071e-008	-0.0186875
1.1571e-008	-0.0186875
1.2071e-008	-0.019
1.2571e-008	-0.0186875
1.3071e-008	-0.018375
1.3571e-008	-0.0186875
1.4071e-008	-0.019
1.4571e-008	-0.0186875
1.5071e-008	-0.018375
1.5571e-008	-0.0174375
1.6071e-008	-0.018375
1.6571e-008	-0.018375
1.7071e-008	-0.01775
1.7571e-008	-0.01775
1.8071e-008	-0.0180625
1.8571e-008	-0.0174375
1.9071e-008	-0.0168125
1.9571e-008	-0.0174375
2.0071e-008	-0.0180625
2.0571e-008	-0.018375
2.1071e-008	-0.01775
2.1571e-008	-0.018375
2.2071e-008	-0.018375
2.2571e-008	-0.0186875
2.3071e-008	-0.018375
2.3571e-008	-0.0186875
2.4071e-008	-0.0186875
2.4571e-008	-0.019
2.5071e-008	-0.0186875
2.5571e-008	-0.019
2.6071e-008	-0.0186875
2.6571e-008	-0.0193125
2.7071e-008	-0.019625
2.7571e-008	-0.0199375
2.8071e-008	-0.019625
2.8571e-008	-0.0199375
2.9071e-008	-0.02025
2.9571e-008	-0.02025
3.0071e-008	-0.02025
3.0571e-008	-0.0199375
3.1071e-008	-0.0199375
3.1571e-008	-0.0193125
3.2071e-008	-0.0199375
3.2571e-008	-0.0193125
3.3071e-008	-0.0193125
3.3571e-008	-0.019625
3.4071e-008	-0.0199375
3.4571e-008	-0.0199375
3.5071e-008	-0.019625
3.5571e-008	-0.0193125
3.6071e-008	-0.0211875
3.6571e-008	-0.0211875
3.7071e-008	-0.020875
3.7571e-008	-0.0211875
3.8071e-008	-0.0211875
3.8571e-008	-0.0224375
3.9071e-008	-0.0218125
3.9571e-008	-0.0218125
4.0071e-008	-0.0215
4.0571e-008	-0.02025
4.1071e-008	-0.0199375
4.1571e-008	-0.019625
4.2071e-008	-0.019625
4.2571e-008	-0.019625
4.3071e-008	-0.0186875
4.3571e-008	-0.019625
4.4071e-008	-0.019
4.4571e-008	-0.0199375
4.5071e-008	-0.0193125
4.5571e-008	-0.019
4.6071e-008	-0.02025
4.6571e-008	-0.0211875
4.7071e-008	-0.0211875
4.7571e-008	-0.022125
4.8071e-008	-0.0218125
4.8571e-008	-0.02275
4.9071e-008	-0.0215
4.9571e-008	-0.020875
5.0071e-008	-0.0211875
5.0571e-008	-0.020875
5.1071e-008	-0.0205625
5.1571e-008	-0.0193125
5.2071e-008	-0.019
5.2571e-008	-0.019625
5.3071e-008	-0.0193125
5.3571e-008	-0.019
5.4071e-008	-0.019
5.4571e-008	-0.0193125
5.5071e-008	-0.02025
5.5571e-008	-0.0199375
5.6071e-008	-0.0215
5.6571e-008	-0.020875
5.7071e-008	-0.0211875
5.7571e-008	-0.022125
5.8071e-008	-0.0224375
5.8571e-008	-0.0224375
5.9071e-008	-0.0224375
5.9571e-008	-0.0224375
6.0071e-008	-0.0215
6.0571e-008	-0.0205625
6.1071e-008	-0.0199375
6.1571e-008	-0.0199375
6.2071e-008	-0.0199375
6.2571e-008	-0.019
6.3071e-008	-0.018375
6.3571e-008	-0.0199375
6.4071e-008	-0.0186875
6.4571e-008	-0.0193125
6.5071e-008	-0.019625
6.5571e-008	-0.02025
6.6071e-008	-0.0205625
6.6571e-008	-0.0211875
6.7071e-008	-0.020875
6.7571e-008	-0.022125
6.8071e-008	-0.022125
6.8571e-008	-0.02275
6.9071e-008	-0.0215
6.9571e-008	-0.0218125
7.0071e-008	-0.0211875
7.0571e-008	-0.02025
7.1071e-008	-0.0205625
7.1571e-008	-0.0199375
7.2071e-008	-0.019625
7.2571e-008	-0.019625
7.3071e-008	-0.0193125
7.3571e-008	-0.019625
7.4071e-008	-0.019625
7.4571e-008	-0.02025
7.5071e-008	-0.0205625
7.5571e-008	-0.02025
7.6071e-008	-0.0211875
7.6571e-008	-0.0215
7.7071e-008	-0.022125
7.7571e-008	-0.0224375
7.8071e-008	-0.0224375
7.8571e-008	-0.022125
7.9071e-008	-0.0215
7.9571e-008	-0.0211875
8.0071e-008	-0.020875
8.0571e-008	-0.0205625
8.1071e-008	-0.0199375
8.1571e-008	-0.019625
8.2071e-008	-0.019625
8.2571e-008	-0.019
8.3071e-008	-0.0193125
8.3571e-008	-0.0199375
8.4071e-008	-0.02025
8.4571e-008	-0.020875
8.5071e-008	-0.020875
8.5571e-008	-0.0215
8.6071e-008	-0.0218125
8.6571e-008	-0.02275
8.7071e-008	-0.0224375
8.7571e-008	-0.022125
8.8071e-008	-0.0215
8.8571e-008	-0.022125
8.9071e-008	-0.0215
8.9571e-008	-0.0215
9.0071e-008	-0.0205625
9.0571e-008	-0.0205625
9.1071e-008	-0.02025
9.1571e-008	-0.019
9.2071e-008	-0.018375
9.2571e-008	-0.0193125
9.3071e-008	-0.0199375
9.3571e-008	-0.019625
9.4071e-008	-0.0199375
9.4571e-008	-0.0211875
9.5071e-008	-0.0211875
9.5571e-008	-0.0211875
9.6071e-008	-0.02275
9.6571e-008	-0.0224375
9.7071e-008	-0.022125
9.7571e-008	-0.0218125
9.8071e-008	-0.0215
9.8571e-008	-0.020875
9.9071e-008	-0.020875
9.9571e-008	-0.019625
1.00071e-007	-0.0193125
1.00571e-007	-0.019
1.01071e-007	-0.0186875
1.01571e-007	-0.0174375
1.02071e-007	-0.01775
1.02571e-007	-0.0180625
1.03071e-007	-0.0193125
1.03571e-007	-0.0193125
1.04071e-007	-0.019625
1.04571e-007	-0.020875
1.05071e-007	-0.0215
1.05571e-007	-0.0224375
1.06071e-007	-0.0224375
1.06571e-007	-0.022125
1.07071e-007	-0.0211875
1.07571e-007	-0.0215
1.08071e-007	-0.0205625
1.08571e-007	-0.0205625
1.09071e-007	-0.019625
1.09571e-007	-0.019625
1.10071e-007	-0.018375
1.10571e-007	-0.0180625
1.11071e-007	-0.01775
1.11571e-007	-0.0180625
1.12071e-007	-0.01775
1.12571e-007	-0.0180625
1.13071e-007	-0.0186875
1.13571e-007	-0.0193125
1.14071e-007	-0.019
1.14571e-007	-0.02025
1.15071e-007	-0.0205625
1.15571e-007	-0.0215
1.16071e-007	-0.0211875
1.16571e-007	-0.0211875
1.17071e-007	-0.0215
1.17571e-007	-0.0205625
1.18071e-007	-0.020875
1.18571e-007	-0.02025
1.19071e-007	-0.0193125
1.19571e-007	-0.0174375
1.20071e-007	-0.0174375
1.20571e-007	-0.0180625
1.21071e-007	-0.0180625
1.21571e-007	-0.017125
1.22071e-007	-0.0180625
1.22571e-007	-0.0174375
1.23071e-007	-0.018375
1.23571e-007	-0.0186875
1.24071e-007	-0.019
1.24571e-007	-0.019625
1.25071e-007	-0.0205625
1.25571e-007	-0.0205625
1.26071e-007	-0.020875
1.26571e-007	-0.020875
1.27071e-007	-0.02025
1.27571e-007	-0.02025
1.28071e-007	-0.019
1.28571e-007	-0.018375
1.29071e-007	-0.0174375
1.29571e-007	-0.01775
1.30071e-007	-0.017125
1.30571e-007	-0.0165
1.31071e-007	-0.0168125
1.31571e-007	-0.01775
1.32071e-007	-0.01775
1.32571e-007	-0.01775
1.33071e-007	-0.01775
1.33571e-007	-0.0186875
1.34071e-007	-0.0186875
1.34571e-007	-0.019625
1.35071e-007	-0.0199375
1.35571e-007	-0.019625
1.36071e-007	-0.0199375
1.36571e-007	-0.019625
1.37071e-007	-0.019625
1.37571e-007	-0.019625
1.38071e-007	-0.019625
1.38571e-007	-0.0186875
1.39071e-007	-0.0174375
1.39571e-007	-0.0174375
1.40071e-007	-0.0174375
1.40571e-007	-0.0165
1.41071e-007	-0.017125
1.41571e-007	-0.0165
1.42071e-007	-0.017125
1.42571e-007	-0.0174375
1.43071e-007	-0.0186875
1.43571e-007	-0.0180625
1.44071e-007	-0.0186875
1.44571e-007	-0.019625
1.45071e-007	-0.019625
1.45571e-007	-0.019
1.46071e-007	-0.0199375
1.46571e-007	-0.019625
1.47071e-007	-0.0193125
1.47571e-007	-0.0193125
1.48071e-007	-0.018375
1.48571e-007	-0.01775
1.49071e-007	-0.017125
1.49571e-007	-0.0174375
1.50071e-007	-0.0168125
1.50571e-007	-0.017125
1.51071e-007	-0.0168125
1.51571e-007	-0.01775
1.52071e-007	-0.0180625
1.52571e-007	-0.0180625
1.53071e-007	-0.01775
1.53571e-007	-0.019
1.54071e-007	-0.0180625
1.54571e-007	-0.019
1.55071e-007	-0.018375
1.55571e-007	-0.018375
1.56071e-007	-0.019
1.56571e-007	-0.0180625
1.57071e-007	-0.018375
1.57571e-007	-0.0186875
1.58071e-007	-0.0180625
1.58571e-007	-0.01775
1.59071e-007	-0.0165
1.59571e-007	-0.0165
1.60071e-007	-0.0168125
1.60571e-007	-0.0174375
1.61071e-007	-0.017125
1.61571e-007	-0.0161875
1.62071e-007	-0.01775
1.62571e-007	-0.0174375
1.63071e-007	-0.01775
1.63571e-007	-0.01775
1.64071e-007	-0.01775
1.64571e-007	-0.0174375
1.65071e-007	-0.0180625
1.65571e-007	-0.01775
1.66071e-007	-0.01775
1.66571e-007	-0.0174375
1.67071e-007	-0.01775
1.67571e-007	-0.0174375
1.68071e-007	-0.01775
1.68571e-007	-0.017125
1.69071e-007	-0.0168125
1.69571e-007	-0.0165
1.70071e-007	-0.0165
1.70571e-007	-0.0165
1.71071e-007	-0.0165
1.71571e-007	-0.017125
1.72071e-007	-0.0174375
1.72571e-007	-0.01775
1.73071e-007	-0.0174375
1.73571e-007	-0.017125
1.74071e-007	-0.0168125
1.74571e-007	-0.0174375
1.75071e-007	-0.0168125
1.75571e-007	-0.0174375
1.76071e-007	-0.017125
1.76571e-007	-0.0168125
1.77071e-007	-0.0165
1.77571e-007	-0.0165
1.78071e-007	-0.0161875
1.78571e-007	-0.0165
1.79071e-007	-0.017125
1.79571e-007	-0.017125
1.80071e-007	-0.015875
1.80571e-007	-0.0161875
1.81071e-007	-0.0168125
1.81571e-007	-0.0165
1.82071e-007	-0.0161875
1.82571e-007	-0.0165
1.83071e-007	-0.0165
1.83571e-007	-0.0161875
1.84071e-007	-0.0168125
1.84571e-007	-0.0165
1.85071e-007	-0.0161875
1.85571e-007	-0.0155625
1.86071e-007	-0.0165
1.86571e-007	-0.0161875
1.87071e-007	-0.0168125
1.87571e-007	-0.0165
1.88071e-007	-0.0165
1.88571e-007	-0.0165
1.89071e-007	-0.0168125
1.89571e-007	-0.0155625
1.90071e-007	-0.0161875
1.90571e-007	-0.015875
1.91071e-007	-0.0161875
1.91571e-007	-0.0161875
1.92071e-007	-0.0161875
1.92571e-007	-0.0161875
1.93071e-007	-0.0155625
1.93571e-007	-0.015875
1.94071e-007	-0.0165
1.94571e-007	-0.0161875
1.95071e-007	-0.0149375
1.95571e-007	-0.0149375
1.96071e-007	-0.0155625
1.96571e-007	-0.0165
1.97071e-007	-0.015875
1.97571e-007	-0.0161875
1.98071e-007	-0.0155625
1.98571e-007	-0.0165
1.99071e-007	-0.0161875
1.99571e-007	-0.0161875
2.00071e-007	-0.0165
2.00571e-007	-0.015875
2.01071e-007	-0.0155625
2.01571e-007	-0.0165
2.02071e-007	-0.01525
2.02571e-007	-0.0155625
2.03071e-007	-0.0149375
2.03571e-007	-0.014625
2.04071e-007	-0.0155625
2.04571e-007	-0.01525
2.05071e-007	-0.0161875
2.05571e-007	-0.01525
2.06071e-007	-0.0149375
2.06571e-007	-0.0155625
2.07071e-007	-0.015875
2.07571e-007	-0.015875
2.08071e-007	-0.015875
2.08571e-007	-0.015875
2.09071e-007	-0.017125
2.09571e-007	-0.0161875
2.10071e-007	-0.0165
2.10571e-007	-0.015875
2.11071e-007	-0.0155625
2.11571e-007	-0.01525
2.12071e-007	-0.014625
2.12571e-007	-0.01525
2.13071e-007	-0.014625
2.13571e-007	-0.0143125
2.14071e-007	-0.014625
2.14571e-007	-0.0136875
2.15071e-007	-0.014625
2.15571e-007	-0.0143125
2.16071e-007	-0.01525
2.16571e-007	-0.01525
2.17071e-007	-0.014625
2.17571e-007	-0.015875
2.18071e-007	-0.015875
2.18571e-007	-0.0161875
2.19071e-007	-0.015875
2.19571e-007	-0.01525
2.20071e-007	-0.0161875
2.20571e-007	-0.0155625
2.21071e-007	-0.0149375
2.21571e-007	-0.0149375
2.22071e-007	-0.013375
2.22571e-007	-0.0143125
2.23071e-007	-0.014
2.23571e-007	-0.0143125
2.24071e-007	-0.013375
2.24571e-007	-0.01275
2.25071e-007	-0.0143125
2.25571e-007	-0.0143125
2.26071e-007	-0.014625
2.26571e-007	-0.0149375
2.27071e-007	-0.014625
2.27571e-007	-0.015875
2.28071e-007	-0.0155625
2.28571e-007	-0.015875
2.29071e-007	-0.0165
2.29571e-007	-0.01525
2.30071e-007	-0.015875
2.30571e-007	-0.01525
2.31071e-007	-0.0149375
2.31571e-007	-0.0143125
2.32071e-007	-0.0136875
2.32571e-007	-0.014
2.33071e-007	-0.013375
2.33571e-007	-0.013375
2.34071e-007	-0.0136875
2.34571e-007	-0.0130625
2.35071e-007	-0.014
2.35571e-007	-0.0136875
2.36071e-007	-0.014625
2.36571e-007	-0.014625
2.37071e-007	-0.014625
2.37571e-007	-0.01525
2.38071e-007	-0.01525
2.38571e-007	-0.01525
2.39071e-007	-0.0155625
2.39571e-007	-0.0149375
2.40071e-007	-0.01525
2.40571e-007	-0.014625
2.41071e-007	-0.014
2.41571e-007	-0.014625
2.42071e-007	-0.013375
2.42571e-007	-0.013375
2.43071e-007	-0.0130625
2.43571e-007	-0.013375
2.44071e-007	-0.0130625
2.44571e-007	-0.013375
2.45071e-007	-0.014
2.45571e-007	-0.013375
2.46071e-007	-0.014
2.46571e-007	-0.0149375
2.47071e-007	-0.014
2.47571e-007	-0.0149375
2.48071e-007	-0.014625
2.48571e-007	-0.0149375
2.49071e-007	-0.014625
2.49571e-007	-0.0143125
2.50071e-007	-0.0149375
2.50571e-007	-0.014
2.51071e-007	-0.0143125
2.51571e-007	-0.0136875
2.52071e-007	-0.013375
2.52571e-007	-0.014
2.53071e-007	-0.0136875
2.53571e-007	-0.0136875
2.54071e-007	-0.014
2.54571e-007	-0.01275
2.55071e-007	-0.014
2.55571e-007	-0.014
2.56071e-007	-0.0143125
2.56571e-007	-0.014
2.57071e-007	-0.0136875
2.57571e-007	-0.0149375
2.58071e-007	-0.014
2.58571e-007	-0.0130625
2.59071e-007	-0.0136875
2.59571e-007	-0.0143125
2.60071e-007	-0.0136875
2.60571e-007	-0.01275
2.61071e-007	-0.014
2.61571e-007	-0.0143125
2.62071e-007	-0.01275
2.62571e-007	-0.0130625
2.63071e-007	-0.0130625
2.63571e-007	-0.013375
2.64071e-007	-0.0130625
2.64571e-007	-0.0130625
2.65071e-007	-0.013375
2.65571e-007	-0.013375
2.66071e-007	-0.0136875
2.66571e-007	-0.014
2.67071e-007	-0.0130625
2.67571e-007	-0.0136875
2.68071e-007	-0.013375
2.68571e-007	-0.0130625
2.69071e-007	-0.01275
2.69571e-007	-0.013375
2.70071e-007	-0.0130625
2.70571e-007	-0.0124375
2.71071e-007	-0.0130625
2.71571e-007	-0.0130625
2.72071e-007	-0.0130625
2.72571e-007	-0.01275
2.73071e-007	-0.0124375
2.73571e-007	-0.01275
2.74071e-007	-0.0130625
2.74571e-007	-0.0130625
2.75071e-007	-0.013375
2.75571e-007	-0.01275
2.76071e-007	-0.013375
2.76571e-007	-0.01275
2.77071e-007	-0.0130625
2.77571e-007	-0.0124375
2.78071e-007	-0.0124375
2.78571e-007	-0.0124375
2.79071e-007	-0.01275
2.79571e-007	-0.01275
2.80071e-007	-0.0124375
2.80571e-007	-0.013375
2.81071e-007	-0.0130625
2.81571e-007	-0.0124375
2.82071e-007	-0.0130625
2.82571e-007	-0.013375
2.83071e-007	-0.01275
2.83571e-007	-0.0124375
2.84071e-007	-0.01275
2.84571e-007	-0.013375
2.85071e-007	-0.01275
2.85571e-007	-0.01275
2.86071e-007	-0.01275
2.86571e-007	-0.01275
2.87071e-007	-0.012125
2.87571e-007	-0.0111875
2.88071e-007	-0.0118125
2.88571e-007	-0.012125
2.89071e-007	-0.0118125
2.89571e-007	-0.0124375
2.90071e-007	-0.0130625
2.90571e-007	-0.0124375
2.91071e-007	-0.01275
2.91571e-007	-0.01275
2.92071e-007	-0.013375
2.92571e-007	-0.0130625
2.93071e-007	-0.013375
2.93571e-007	-0.01275
2.94071e-007	-0.01275
2.94571e-007	-0.0124375
2.95071e-007	-0.0124375
2.95571e-007	-0.012125
2.96071e-007	-0.01275
2.96571e-007	-0.012125
2.97071e-007	-0.012125
2.97571e-007	-0.0111875
2.98071e-007	-0.0111875
2.98571e-007	-0.0115
2.99071e-007	-0.012125
2.99571e-007	-0.0118125
3.00071e-007	-0.0118125
3.00571e-007	-0.0124375
3.01071e-007	-0.0130625
3.01571e-007	-0.0124375
3.02071e-007	-0.0130625
3.02571e-007	-0.013375
3.03071e-007	-0.0130625
3.03571e-007	-0.01275
3.04071e-007	-0.0124375
3.04571e-007	-0.012125
3.05071e-007	-0.0111875
3.05571e-007	-0.0118125
3.06071e-007	-0.012125
3.06571e-007	-0.0111875
3.07071e-007	-0.0105625
3.07571e-007	-0.01025
3.08071e-007	-0.0111875
3.08571e-007	-0.0111875
3.09071e-007	-0.0111875
3.09571e-007	-0.0115
3.10071e-007	-0.0118125
3.10571e-007	-0.0124375
3.11071e-007	-0.01275
3.11571e-007	-0.01275
3.12071e-007	-0.013375
3.12571e-007	-0.01275
3.13071e-007	-0.013375
3.13571e-007	-0.01275
3.14071e-007	-0.0124375
3.14571e-007	-0.0118125
3.15071e-007	-0.0118125
3.15571e-007	-0.0111875
3.16071e-007	-0.0115
3.16571e-007	-0.010875
3.17071e-007	-0.0099375
3.17571e-007	-0.0099375
3.18071e-007	-0.010875
3.18571e-007	-0.0105625
3.19071e-007	-0.0105625
3.19571e-007	-0.0118125
3.20071e-007	-0.0124375
3.20571e-007	-0.0118125
3.21071e-007	-0.012125
3.21571e-007	-0.0130625
3.22071e-007	-0.0136875
3.22571e-007	-0.0130625
3.23071e-007	-0.0130625
3.23571e-007	-0.0124375
3.24071e-007	-0.012125
3.24571e-007	-0.0115
3.25071e-007	-0.0115
3.25571e-007	-0.0111875
3.26071e-007	-0.0105625
3.26571e-007	-0.01025
3.27071e-007	-0.0093125
3.27571e-007	-0.01025
3.28071e-007	-0.01025
3.28571e-007	-0.0105625
3.29071e-007	-0.010875
3.29571e-007	-0.0111875
3.30071e-007	-0.0118125
3.30571e-007	-0.0118125
3.31071e-007	-0.01275
3.31571e-007	-0.0130625
3.32071e-007	-0.0124375
3.32571e-007	-0.012125
3.33071e-007	-0.0124375
3.33571e-007	-0.01275
3.34071e-007	-0.012125
3.34571e-007	-0.0111875
3.35071e-007	-0.0105625
3.35571e-007	-0.0099375
3.36071e-007	-0.01025
3.36571e-007	-0.009625
3.37071e-007	-0.009
3.37571e-007	-0.0093125
3.38071e-007	-0.0093125
3.38571e-007	-0.0099375
3.39071e-007	-0.01025
3.39571e-007	-0.010875
3.40071e-007	-0.0118125
3.40571e-007	-0.0115
3.41071e-007	-0.012125
3.41571e-007	-0.012125
3.42071e-007	-0.01275
3.42571e-007	-0.0118125
3.43071e-007	-0.0111875
3.43571e-007	-0.0111875
3.44071e-007	-0.0118125
3.44571e-007	-0.0115
3.45071e-007	-0.0099375
3.45571e-007	-0.009625
3.46071e-007	-0.0099375
3.46571e-007	-0.009
3.47071e-007	-0.0086875
3.47571e-007	-0.009625
3.48071e-007	-0.0093125
3.48571e-007	-0.0099375
3.49071e-007	-0.0099375
3.49571e-007	-0.0105625
3.50071e-007	-0.0105625
3.50571e-007	-0.010875
3.51071e-007	-0.0118125
3.51571e-007	-0.0118125
3.52071e-007	-0.0115
3.52571e-007	-0.0111875
3.53071e-007	-0.0111875
3.53571e-007	-0.0111875
3.54071e-007	-0.0099375
3.54571e-007	-0.0099375
3.55071e-007	-0.0099375
3.55571e-007	-0.009
3.56071e-007	-0.0093125
3.56571e-007	-0.0086875
3.57071e-007	-0.009
3.57571e-007	-0.0099375
3.58071e-007	-0.0093125
3.58571e-007	-0.0105625
3.59071e-007	-0.0105625
3.59571e-007	-0.0105625
3.60071e-007	-0.0118125
3.60571e-007	-0.0115
3.61071e-007	-0.0115
3.61571e-007	-0.01025
3.62071e-007	-0.0111875
3.62571e-007	-0.0115
3.63071e-007	-0.0111875
3.63571e-007	-0.0105625
3.64071e-007	-0.009625
3.64571e-007	-0.0099375
3.65071e-007	-0.0099375
3.65571e-007	-0.0093125
3.66071e-007	-0.0099375
3.66571e-007	-0.0099375
3.67071e-007	-0.0099375
3.67571e-007	-0.0093125
3.68071e-007	-0.009625
3.68571e-007	-0.0115
3.69071e-007	-0.01025
3.69571e-007	-0.0105625
3.70071e-007	-0.0111875
3.70571e-007	-0.010875
3.71071e-007	-0.0105625
3.71571e-007	-0.0105625
3.72071e-007	-0.010875
3.72571e-007	-0.0099375
3.73071e-007	-0.009625
3.73571e-007	-0.01025
3.74071e-007	-0.009625
3.74571e-007	-0.0105625
3.75071e-007	-0.0099375
3.75571e-007	-0.0086875
3.76071e-007	-0.009
3.76571e-007	-0.0093125
3.77071e-007	-0.01025
3.77571e-007	-0.0093125
3.78071e-007	-0.0093125
3.78571e-007	-0.01025
3.79071e-007	-0.0099375
3.79571e-007	-0.010875
3.80071e-007	-0.0111875
3.80571e-007	-0.01025
3.81071e-007	-0.010875
3.81571e-007	-0.01025
3.82071e-007	-0.0099375
3.82571e-007	-0.0099375
3.83071e-007	-0.009625
3.83571e-007	-0.0099375
3.84071e-007	-0.009
3.84571e-007	-0.0099375
3.85071e-007	-0.009
3.85571e-007	-0.0086875
3.86071e-007	-0.009
3.86571e-007	-0.009
3.87071e-007	-0.009
3.87571e-007	-0.009625
3.88071e-007	-0.009625
3.88571e-007	-0.01025
3.89071e-007	-0.009625
3.89571e-007	-0.01025
3.90071e-007	-0.01025
3.90571e-007	-0.0105625
3.91071e-007	-0.0099375
3.91571e-007	-0.0099375
3.92071e-007	-0.0099375
3.92571e-007	-0.009625
3.93071e-007	-0.0099375
3.93571e-007	-0.01025
3.94071e-007	-0.009
3.94571e-007	-0.0093125
3.95071e-007	-0.0093125
3.95571e-007	-0.009625
3.96071e-007	-0.009625
3.96571e-007	-0.008375
3.97071e-007	-0.009
3.97571e-007	-0.009
3.98071e-007	-0.0086875
3.98571e-007	-0.0086875
3.99071e-007	-0.009
3.99571e-007	-0.009625
4.00071e-007	-0.009
4.00571e-007	-0.009625
4.01071e-007	-0.0093125
4.01571e-007	-0.008375
4.02071e-007	-0.0086875
4.02571e-007	-0.0093125
4.03071e-007	-0.0093125
4.03571e-007	-0.0093125
4.04071e-007	-0.0093125
4.04571e-007	-0.0099375
4.05071e-007	-0.0093125
4.05571e-007	-0.0093125
4.06071e-007	-0.0080625
4.06571e-007	-0.008375
4.07071e-007	-0.0086875
4.07571e-007	-0.008375
4.08071e-007	-0.008375
4.08571e-007	-0.0086875
4.09071e-007	-0.0080625
4.09571e-007	-0.008375
4.10071e-007	-0.008375
4.10571e-007	-0.0086875
4.11071e-007	-0.0080625
4.11571e-007	-0.009
4.12071e-007	-0.009625
4.12571e-007	-0.0093125
4.13071e-007	-0.0093125
4.13571e-007	-0.0093125
4.14071e-007	-0.009625
4.14571e-007	-0.0099375
4.15071e-007	-0.0093125
4.15571e-007	-0.0086875
4.16071e-007	-0.0080625
4.16571e-007	-0.008375
4.17071e-007	-0.008375
4.17571e-007	-0.0080625
4.18071e-007	-0.0080625
4.18571e-007	-0.00775
4.19071e-007	-0.007125
4.19571e-007	-0.0074375
4.20071e-007	-0.00775
4.20571e-007	-0.008375
4.21071e-007	-0.008375
4.21571e-007	-0.00775
4.22071e-007	-0.008375
4.22571e-007	-0.0099375
4.23071e-007	-0.0099375
4.23571e-007	-0.0086875
4.24071e-007	-0.0093125
4.24571e-007	-0.0105625
4.25071e-007	-0.0099375
4.25571e-007	-0.0099375
4.26071e-007	-0.009
4.26571e-007	-0.008375
4.27071e-007	-0.00775
4.27571e-007	-0.00775
4.28071e-007	-0.00775
4.28571e-007	-0.007125
4.29071e-007	-0.0074375
4.29571e-007	-0.0074375
4.30071e-007	-0.0061875
4.30571e-007	-0.0074375
4.31071e-007	-0.007125
4.31571e-007	-0.0086875
4.32071e-007	-0.0093125
4.32571e-007	-0.0086875
4.33071e-007	-0.009
4.33571e-007	-0.009625
4.34071e-007	-0.0099375
4.34571e-007	-0.009625
4.35071e-007	-0.009625
4.35571e-007	-0.01025
4.36071e-007	-0.0086875
4.36571e-007	-0.0086875
4.37071e-007	-0.008375
4.37571e-007	-0.0074375
4.38071e-007	-0.0068125
4.38571e-007	-0.0061875
4.39071e-007	-0.007125
4.39571e-007	-0.0065
4.40071e-007	-0.0061875
4.40571e-007	-0.0074375
4.41071e-007	-0.00775
4.41571e-007	-0.0080625
4.42071e-007	-0.008375
4.42571e-007	-0.0086875
4.43071e-007	-0.0093125
4.43571e-007	-0.0086875
4.44071e-007	-0.0093125
4.44571e-007	-0.009625
4.45071e-007	-0.009
4.45571e-007	-0.0093125
4.46071e-007	-0.008375
4.46571e-007	-0.0086875
4.47071e-007	-0.00775
4.47571e-007	-0.0068125
4.48071e-007	-0.0074375
4.48571e-007	-0.007125
4.49071e-007	-0.0061875
4.49571e-007	-0.0065
4.50071e-007	-0.007125
4.50571e-007	-0.00775
4.51071e-007	-0.0068125
4.51571e-007	-0.00775
4.52071e-007	-0.0074375
4.52571e-007	-0.008375
4.53071e-007	-0.009625
4.53571e-007	-0.0093125
4.54071e-007	-0.0086875
4.54571e-007	-0.0093125
4.55071e-007	-0.009
4.55571e-007	-0.0093125
4.56071e-007	-0.0086875
4.56571e-007	-0.0086875
4.57071e-007	-0.0080625
4.57571e-007	-0.0074375
4.58071e-007	-0.0068125
4.58571e-007	-0.0061875
4.59071e-007	-0.0068125
4.59571e-007	-0.0065
4.60071e-007	-0.0068125
4.60571e-007	-0.0074375
4.61071e-007	-0.007125
4.61571e-007	-0.00775
4.62071e-007	-0.008375
4.62571e-007	-0.0080625
4.63071e-007	-0.0086875
4.63571e-007	-0.008375
4.64071e-007	-0.008375
4.64571e-007	-0.0086875
4.65071e-007	-0.009
4.65571e-007	-0.008375
4.66071e-007	-0.00775
4.66571e-007	-0.0080625
4.67071e-007	-0.007125
4.67571e-007	-0.0074375
4.68071e-007	-0.0068125
4.68571e-007	-0.005875
4.69071e-007	-0.0061875
4.69571e-007	-0.0068125
4.70071e-007	-0.0068125
4.70571e-007	-0.0065
4.71071e-007	-0.0065
4.71571e-007	-0.00775
4.72071e-007	-0.0074375
4.72571e-007	-0.008375
4.73071e-007	-0.0080625
4.73571e-007	-0.0086875
4.74071e-007	-0.008375
4.74571e-007	-0.00775
4.75071e-007	-0.0080625
4.75571e-007	-0.0080625
4.76071e-007	-0.007125
4.76571e-007	-0.007125
4.77071e-007	-0.0068125
4.77571e-007	-0.0068125
4.78071e-007	-0.0068125
4.78571e-007	-0.0061875
4.79071e-007	-0.0061875
4.79571e-007	-0.005875
4.80071e-007	-0.0068125
4.80571e-007	-0.007125
4.81071e-007	-0.0074375
4.81571e-007	-0.00775
4.82071e-007	-0.0080625
4.82571e-007	-0.0080625
4.83071e-007	-0.008375
4.83571e-007	-0.0086875
4.84071e-007	-0.00775
4.84571e-007	-0.0074375
4.85071e-007	-0.00775
4.85571e-007	-0.007125
4.86071e-007	-0.007125
4.86571e-007	-0.007125
4.87071e-007	-0.007125
4.87571e-007	-0.007125
4.88071e-007	-0.0061875
4.88571e-007	-0.007125
4.89071e-007	-0.0065
4.89571e-007	-0.0065
4.90071e-007	-0.0068125
4.90571e-007	-0.0068125
4.91071e-007	-0.0080625
4.91571e-007	-0.0086875
4.92071e-007	-0.00775
4.92571e-007	-0.0080625
4.93071e-007	-0.0080625
4.93571e-007	-0.0086875
4.94071e-007	-0.0074375
4.94571e-007	-0.0080625
4.95071e-007	-0.00775
4.95571e-007	-0.007125
4.96071e-007	-0.0068125
4.96571e-007	-0.0068125
4.97071e-007	-0.0061875
4.97571e-007	-0.007125
4.98071e-007	-0.0061875
4.98571e-007	-0.0065
4.99071e-007	-0.0065
4.99571e-007	-0.0068125
5.00071e-007	-0.007125
5.00571e-007	-0.0074375
5.01071e-007	-0.0074375
5.01571e-007	-0.0074375
5.02071e-007	-0.00775
5.02571e-007	-0.0080625
5.03071e-007	-0.008375
5.03571e-007	-0.0080625
5.04071e-007	-0.00775
5.04571e-007	-0.0074375
5.05071e-007	-0.007125
5.05571e-007	-0.0065
5.06071e-007	-0.0074375
5.06571e-007	-0.0061875
5.07071e-007	-0.005875
5.07571e-007	-0.0061875
5.08071e-007	-0.0055625
5.08571e-007	-0.0061875
5.09071e-007	-0.0061875
5.09571e-007	-0.0068125
5.10071e-007	-0.0061875
5.10571e-007	-0.0068125
5.11071e-007	-0.007125
5.11571e-007	-0.007125
5.12071e-007	-0.0074375
5.12571e-007	-0.0080625
5.13071e-007	-0.0068125
5.13571e-007	-0.007125
5.14071e-007	-0.0074375
5.14571e-007	-0.0080625
5.15071e-007	-0.007125
5.15571e-007	-0.0065
5.16071e-007	-0.0068125
5.16571e-007	-0.0068125
5.17071e-007	-0.0061875
5.17571e-007	-0.0061875
5.18071e-007	-0.0061875
5.18571e-007	-0.0065
5.19071e-007	-0.0061875
5.19571e-007	-0.0061875
5.20071e-007	-0.005875
5.20571e-007	-0.007125
5.21071e-007	-0.0068125
5.21571e-007	-0.00525
5.22071e-007	-0.0068125
5.22571e-007	-0.0074375
5.23071e-007	-0.007125
5.23571e-007	-0.007125
5.24071e-007	-0.007125
5.24571e-007	-0.007125
5.25071e-007	-0.0074375
5.25571e-007	-0.0065
5.26071e-007	-0.0068125
5.26571e-007	-0.0068125
5.27071e-007	-0.005875
5.27571e-007	-0.005875
5.28071e-007	-0.0061875
5.28571e-007	-0.007125
5.29071e-007	-0.0065
5.29571e-007	-0.0061875
5.30071e-007	-0.0065
5.30571e-007	-0.0065
5.31071e-007	-0.005875
5.31571e-007	-0.0061875
5.32071e-007	-0.0065
5.32571e-007	-0.007125
5.33071e-007	-0.0068125
5.33571e-007	-0.0068125
5.34071e-007	-0.0061875
5.34571e-007	-0.0068125
5.35071e-007	-0.007125
5.35571e-007	-0.0068125
5.36071e-007	-0.0068125
5.36571e-007	-0.0074375
5.37071e-007	-0.0068125
5.37571e-007	-0.0061875
5.38071e-007	-0.0055625
5.38571e-007	-0.0068125
5.39071e-007	-0.005875
5.39571e-007	-0.0055625
5.40071e-007	-0.005875
5.40571e-007	-0.0065
5.41071e-007	-0.0065
5.41571e-007	-0.0061875
5.42071e-007	-0.0061875
5.42571e-007	-0.0061875
5.43071e-007	-0.0065
5.43571e-007	-0.0065
5.44071e-007	-0.0068125
5.44571e-007	-0.007125
5.45071e-007	-0.0068125
5.45571e-007	-0.0065
5.46071e-007	-0.0068125
5.46571e-007	-0.0068125
5.47071e-007	-0.0068125
5.47571e-007	-0.0061875
5.48071e-007	-0.0061875
5.48571e-007	-0.0061875
5.49071e-007	-0.0061875
5.49571e-007	-0.0055625
5.50071e-007	-0.0055625
5.50571e-007	-0.0055625
5.51071e-007	-0.0055625
5.51571e-007	-0.0055625
5.52071e-007	-0.0055625
5.52571e-007	-0.0065
5.53071e-007	-0.0061875
5.53571e-007	-0.005875
5.54071e-007	-0.0061875
5.54571e-007	-0.007125
5.55071e-007	-0.0068125
5.55571e-007	-0.0068125
5.56071e-007	-0.0061875
5.56571e-007	-0.007125
5.57071e-007	-0.0061875
5.57571e-007	-0.0061875
5.58071e-007	-0.0061875
5.58571e-007	-0.0065
5.59071e-007	-0.0055625
5.59571e-007	-0.0055625
5.60071e-007	-0.0055625
5.60571e-007	-0.0055625
5.61071e-007	-0.004625
5.61571e-007	-0.00525
5.62071e-007	-0.0055625
5.62571e-007	-0.0055625
5.63071e-007	-0.0055625
5.63571e-007	-0.005875
5.64071e-007	-0.0065
5.64571e-007	-0.0061875
5.65071e-007	-0.0065
5.65571e-007	-0.0061875
5.66071e-007	-0.0061875
5.66571e-007	-0.0065
5.67071e-007	-0.0065
5.67571e-007	-0.005875
5.68071e-007	-0.0055625
5.68571e-007	-0.005875
5.69071e-007	-0.005875
5.69571e-007	-0.0055625
5.70071e-007	-0.00525
5.70571e-007	-0.0049375
5.71071e-007	-0.0049375
5.71571e-007	-0.0049375
5.72071e-007	-0.0043125
5.72571e-007	-0.00525
5.73071e-007	-0.005875
5.73571e-007	-0.0055625
5.74071e-007	-0.0061875
5.74571e-007	-0.0061875
5.75071e-007	-0.0061875
5.75571e-007	-0.0061875
5.76071e-007	-0.0061875
5.76571e-007	-0.0068125
5.77071e-007	-0.0065
5.77571e-007	-0.0065
5.78071e-007	-0.0055625
5.78571e-007	-0.0055625
5.79071e-007	-0.0049375
5.79571e-007	-0.0043125
5.80071e-007	-0.0049375
5.80571e-007	-0.004625
5.81071e-007	-0.0043125
5.81571e-007	-0.004625
5.82071e-007	-0.0049375
5.82571e-007	-0.0049375
5.83071e-007	-0.0049375
5.83571e-007	-0.00525
5.84071e-007	-0.0061875
5.84571e-007	-0.0065
5.85071e-007	-0.0061875
5.85571e-007	-0.0061875
5.86071e-007	-0.0061875
5.86571e-007	-0.0068125
5.87071e-007	-0.005875
5.87571e-007	-0.0055625
5.88071e-007	-0.0055625
5.88571e-007	-0.005875
5.89071e-007	-0.00525
5.89571e-007	-0.0043125
5.90071e-007	-0.004625
5.90571e-007	-0.004625
5.91071e-007	-0.004625
5.91571e-007	-0.0043125
5.92071e-007	-0.004625
5.92571e-007	-0.00525
5.93071e-007	-0.00525
5.93571e-007	-0.0049375
5.94071e-007	-0.0055625
5.94571e-007	-0.0061875
5.95071e-007	-0.0065
5.95571e-007	-0.0065
5.96071e-007	-0.0061875
5.96571e-007	-0.007125
5.97071e-007	-0.0061875
5.97571e-007	-0.005875
5.98071e-007	-0.0049375
5.98571e-007	-0.00525
5.99071e-007	-0.0049375
5.99571e-007	-0.004625
6.00071e-007	-0.004625
6.00571e-007	-0.004
6.01071e-007	-0.0043125
6.01571e-007	-0.004625
6.02071e-007	-0.0049375
6.02571e-007	-0.004
6.03071e-007	-0.0055625
6.03571e-007	-0.0055625
6.04071e-007	-0.004625
6.04571e-007	-0.00525
6.05071e-007	-0.0061875
6.05571e-007	-0.0061875
6.06071e-007	-0.0065
6.06571e-007	-0.0061875
6.07071e-007	-0.005875
6.07571e-007	-0.0061875
6.08071e-007	-0.0055625
6.08571e-007	-0.004625
6.09071e-007	-0.004625
6.09571e-007	-0.00525
6.10071e-007	-0.0043125
6.10571e-007	-0.004
6.11071e-007	-0.0043125
6.11571e-007	-0.004625
6.12071e-007	-0.00525
6.12571e-007	-0.0055625
6.13071e-007	-0.0043125
6.13571e-007	-0.0043125
6.14071e-007	-0.00525
6.14571e-007	-0.0055625
6.15071e-007	-0.0055625
6.15571e-007	-0.0061875
6.16071e-007	-0.005875
6.16571e-007	-0.0061875
6.17071e-007	-0.005875
6.17571e-007	-0.0061875
6.18071e-007	-0.0055625
6.18571e-007	-0.004625
6.19071e-007	-0.0049375
6.19571e-007	-0.0049375
6.20071e-007	-0.004625
6.20571e-007	-0.0043125
6.21071e-007	-0.004
6.21571e-007	-0.0036875
6.22071e-007	-0.004625
6.22571e-007	-0.004625
6.23071e-007	-0.0049375
6.23571e-007	-0.0043125
6.24071e-007	-0.0049375
6.24571e-007	-0.00525
6.25071e-007	-0.005875
6.25571e-007	-0.005875
6.26071e-007	-0.0055625
6.26571e-007	-0.005875
6.27071e-007	-0.005875
6.27571e-007	-0.0049375
6.28071e-007	-0.00525
6.28571e-007	-0.0055625
6.29071e-007	-0.00525
6.29571e-007	-0.004625
6.30071e-007	-0.0043125
6.30571e-007	-0.004
6.31071e-007	-0.0043125
6.31571e-007	-0.0043125
6.32071e-007	-0.0043125
6.32571e-007	-0.0049375
6.33071e-007	-0.00525
6.33571e-007	-0.004625
6.34071e-007	-0.004625
6.34571e-007	-0.0049375
6.35071e-007	-0.0049375
6.35571e-007	-0.0055625
6.36071e-007	-0.0055625
6.36571e-007	-0.005875
6.37071e-007	-0.0055625
6.37571e-007	-0.00525
6.38071e-007	-0.0049375
6.38571e-007	-0.00525
6.39071e-007	-0.0049375
6.39571e-007	-0.004625
6.40071e-007	-0.0043125
6.40571e-007	-0.004625
6.41071e-007	-0.004625
6.41571e-007	-0.0043125
6.42071e-007	-0.0049375
6.42571e-007	-0.0055625
6.43071e-007	-0.0049375
6.43571e-007	-0.004625
6.44071e-007	-0.004625
6.44571e-007	-0.004625
6.45071e-007	-0.0055625
6.45571e-007	-0.00525
6.46071e-007	-0.0049375
6.46571e-007	-0.00525
6.47071e-007	-0.00525
6.47571e-007	-0.0049375
6.48071e-007	-0.0055625
6.48571e-007	-0.005875
6.49071e-007	-0.0049375
6.49571e-007	-0.004625
6.50071e-007	-0.004625
6.50571e-007	-0.0049375
6.51071e-007	-0.0043125
6.51571e-007	-0.0043125
6.52071e-007	-0.0049375
6.52571e-007	-0.004625
6.53071e-007	-0.00525
6.53571e-007	-0.00525
6.54071e-007	-0.004
6.54571e-007	-0.004625
6.55071e-007	-0.004625
6.55571e-007	-0.0043125
6.56071e-007	-0.0043125
6.56571e-007	-0.0049375
6.57071e-007	-0.00525
6.57571e-007	-0.0049375
6.58071e-007	-0.0043125
6.58571e-007	-0.00525
6.59071e-007	-0.004625
6.59571e-007	-0.0043125
6.60071e-007	-0.0043125
6.60571e-007	-0.004625
6.61071e-007	-0.004
6.61571e-007	-0.004625
6.62071e-007	-0.0049375
6.62571e-007	-0.0043125
6.63071e-007	-0.004625
6.63571e-007	-0.0036875
6.64071e-007	-0.0043125
6.64571e-007	-0.004625
6.65071e-007	-0.0043125
6.65571e-007	-0.004625
6.66071e-007	-0.0043125
6.66571e-007	-0.0036875
6.67071e-007	-0.004
6.67571e-007	-0.004
6.68071e-007	-0.005875
6.68571e-007	-0.0049375
6.69071e-007	-0.0043125
6.69571e-007	-0.004625
6.70071e-007	-0.004625
6.70571e-007	-0.004625
6.71071e-007	-0.0055625
6.71571e-007	-0.0049375
6.72071e-007	-0.00525
6.72571e-007	-0.004625
6.73071e-007	-0.004625
6.73571e-007	-0.0036875
6.74071e-007	-0.0043125
6.74571e-007	-0.00525
6.75071e-007	-0.0043125
6.75571e-007	-0.004625
6.76071e-007	-0.0036875
6.76571e-007	-0.004
6.77071e-007	-0.0043125
6.77571e-007	-0.004625
6.78071e-007	-0.004625
6.78571e-007	-0.0043125
6.79071e-007	-0.0043125
6.79571e-007	-0.0055625
6.80071e-007	-0.0049375
6.80571e-007	-0.0049375
6.81071e-007	-0.004
6.81571e-007	-0.004
6.82071e-007	-0.0043125
6.82571e-007	-0.004
6.83071e-007	-0.004625
6.83571e-007	-0.0043125
6.84071e-007	-0.0049375
6.84571e-007	-0.0049375
6.85071e-007	-0.004
6.85571e-007	-0.004
6.86071e-007	-0.0043125
6.86571e-007	-0.004
6.87071e-007	-0.0043125
6.87571e-007	-0.004625
6.88071e-007	-0.0049375
6.88571e-007	-0.004625
6.89071e-007	-0.0049375
6.89571e-007	-0.004625
6.90071e-007	-0.0055625
6.90571e-007	-0.0055625
6.91071e-007	-0.004625
6.91571e-007	-0.0036875
6.92071e-007	-0.0043125
6.92571e-007	-0.004
6.93071e-007	-0.0043125
6.93571e-007	-0.004
6.94071e-007	-0.0043125
6.94571e-007	-0.0036875
6.95071e-007	-0.0043125
6.95571e-007	-0.004625
6.96071e-007	-0.004
6.96571e-007	-0.004625
6.97071e-007	-0.0043125
6.97571e-007	-0.0043125
6.98071e-007	-0.004625
6.98571e-007	-0.004625
6.99071e-007	-0.00525
6.99571e-007	-0.00525
7.00071e-007	-0.004
7.00571e-007	-0.0043125
7.01071e-007	-0.0043125
7.01571e-007	-0.0043125
7.02071e-007	-0.0049375
7.02571e-007	-0.0043125
7.03071e-007	-0.0043125
7.03571e-007	-0.0036875
7.04071e-007	-0.00275
7.04571e-007	-0.003375
7.05071e-007	-0.004
7.05571e-007	-0.004625
7.06071e-007	-0.004
7.06571e-007	-0.0043125
7.07071e-007	-0.0049375
7.07571e-007	-0.0036875
7.08071e-007	-0.004
7.08571e-007	-0.004625
7.09071e-007	-0.004625
7.09571e-007	-0.004625
7.10071e-007	-0.0049375
7.10571e-007	-0.0043125
7.11071e-007	-0.004
7.11571e-007	-0.0036875
7.12071e-007	-0.004625
7.12571e-007	-0.0036875
7.13071e-007	-0.003375
7.13571e-007	-0.00275
7.14071e-007	-0.00275
7.14571e-007	-0.0030625
7.15071e-007	-0.003375
7.15571e-007	-0.0043125
7.16071e-007	-0.0049375
7.16571e-007	-0.0036875
7.17071e-007	-0.0036875
7.17571e-007	-0.0036875
7.18071e-007	-0.004625
7.18571e-007	-0.0055625
7.19071e-007	-0.0043125
7.19571e-007	-0.0049375
7.20071e-007	-0.00525
7.20571e-007	-0.004625
7.21071e-007	-0.0043125
7.21571e-007	-0.004
7.22071e-007	-0.003375
7.22571e-007	-0.0030625
7.23071e-007	-0.003375
7.23571e-007	-0.0030625
7.24071e-007	-0.0030625
7.24571e-007	-0.0030625
7.25071e-007	-0.003375
7.25571e-007	-0.0036875
7.26071e-007	-0.0036875
7.26571e-007	-0.004
7.27071e-007	-0.004
7.27571e-007	-0.0036875
7.28071e-007	-0.004
7.28571e-007	-0.0043125
7.29071e-007	-0.0043125
7.29571e-007	-0.0049375
7.30071e-007	-0.0049375
7.30571e-007	-0.004625
7.31071e-007	-0.0043125
7.31571e-007	-0.0036875
7.32071e-007	-0.0036875
7.32571e-007	-0.003375
7.33071e-007	-0.003375
7.33571e-007	-0.0036875
7.34071e-007	-0.003375
7.34571e-007	-0.003375
7.35071e-007	-0.0036875
7.35571e-007	-0.0030625
7.36071e-007	-0.0030625
7.36571e-007	-0.0030625
7.37071e-007	-0.0043125
7.37571e-007	-0.004
7.38071e-007	-0.0043125
7.38571e-007	-0.0043125
7.39071e-007	-0.004
7.39571e-007	-0.004625
7.40071e-007	-0.0043125
7.40571e-007	-0.004625
7.41071e-007	-0.0043125
7.41571e-007	-0.004
7.42071e-007	-0.0043125
7.42571e-007	-0.003375
7.43071e-007	-0.0030625
7.43571e-007	-0.003375
7.44071e-007	-0.003375
7.44571e-007	-0.0030625
7.45071e-007	-0.0024375
7.45571e-007	-0.0024375
7.46071e-007	-0.003375
7.46571e-007	-0.0036875
7.47071e-007	-0.0043125
7.47571e-007	-0.0036875
7.48071e-007	-0.0036875
7.48571e-007	-0.004625
7.49071e-007	-0.004
7.49571e-007	-0.004
7.50071e-007	-0.004
7.50571e-007	-0.004625
7.51071e-007	-0.0043125
7.51571e-007	-0.003375
7.52071e-007	-0.0043125
7.52571e-007	-0.004
7.53071e-007	-0.0036875
7.53571e-007	-0.003375
7.54071e-007	-0.0030625
7.54571e-007	-0.0030625
7.55071e-007	-0.0036875
7.55571e-007	-0.0030625
7.56071e-007	-0.0030625
7.56571e-007	-0.0030625
7.57071e-007	-0.004
7.57571e-007	-0.003375
7.58071e-007	-0.0043125
7.58571e-007	-0.004625
7.59071e-007	-0.0043125
7.59571e-007	-0.0043125
7.60071e-007	-0.0036875
7.60571e-007	-0.0036875
7.61071e-007	-0.0043125
7.61571e-007	-0.0036875
7.62071e-007	-0.0043125
7.62571e-007	-0.004
7.63071e-007	-0.0036875
7.63571e-007	-0.0036875
7.64071e-007	-0.003375
7.64571e-007	-0.0036875
7.65071e-007	-0.003375
7.65571e-007	-0.003375
7.66071e-007	-0.003375
7.66571e-007	-0.0030625
7.67071e-007	-0.003375
7.67571e-007	-0.0036875
7.68071e-007	-0.0036875
7.68571e-007	-0.0043125
7.69071e-007	-0.0036875
7.69571e-007	-0.0036875
7.70071e-007	-0.0030625
7.70571e-007	-0.0036875
7.71071e-007	-0.004
7.71571e-007	-0.003375
7.72071e-007	-0.0036875
7.72571e-007	-0.004
7.73071e-007	-0.004
7.73571e-007	-0.004
7.74071e-007	-0.0030625
7.74571e-007	-0.003375
7.75071e-007	-0.0043125
7.75571e-007	-0.0030625
7.76071e-007	-0.0036875
7.76571e-007	-0.004625
7.77071e-007	-0.0043125
7.77571e-007	-0.003375
7.78071e-007	-0.0030625
7.78571e-007	-0.0036875
7.79071e-007	-0.004625
7.79571e-007	-0.003375
7.80071e-007	-0.0030625
7.80571e-007	-0.003375
7.81071e-007	-0.0036875
7.81571e-007	-0.003375
7.82071e-007	-0.004
7.82571e-007	-0.00275
7.83071e-007	-0.0030625
7.83571e-007	-0.0030625
7.84071e-007	-0.0030625
7.84571e-007	-0.0036875
7.85071e-007	-0.0030625
7.85571e-007	-0.0036875
7.86071e-007	-0.003375
7.86571e-007	-0.003375
7.87071e-007	-0.0043125
7.87571e-007	-0.0036875
7.88071e-007	-0.003375
7.88571e-007	-0.004
7.89071e-007	-0.0036875
7.89571e-007	-0.0030625
7.90071e-007	-0.003375
7.90571e-007	-0.003375
7.91071e-007	-0.0030625
7.91571e-007	-0.00275
7.92071e-007	-0.0030625
7.92571e-007	-0.0030625
7.93071e-007	-0.0030625
7.93571e-007	-0.0030625
7.94071e-007	-0.00275
7.94571e-007	-0.00275
7.95071e-007	-0.003375
7.95571e-007	-0.003375
7.96071e-007	-0.003375
7.96571e-007	-0.0036875
7.97071e-007	-0.0036875
7.97571e-007	-0.0036875
7.98071e-007	-0.0043125
7.98571e-007	-0.0043125
7.99071e-007	-0.0036875
7.99571e-007	-0.0043125
8.00071e-007	-0.0043125
8.00571e-007	-0.0030625
8.01071e-007	-0.003375
8.01571e-007	-0.0030625
8.02071e-007	-0.0030625
8.02571e-007	-0.0030625
8.03071e-007	-0.0024375
8.03571e-007	-0.00275
8.04071e-007	-0.0024375
8.04571e-007	-0.0024375
8.05071e-007	-0.003375
8.05571e-007	-0.0036875
8.06071e-007	-0.003375
8.06571e-007	-0.003375
8.07071e-007	-0.004625
8.07571e-007	-0.0049375
8.08071e-007	-0.0036875
8.08571e-007	-0.004
8.09071e-007	-0.0043125
8.09571e-007	-0.004
8.10071e-007	-0.0043125
8.10571e-007	-0.0036875
8.11071e-007	-0.0030625
8.11571e-007	-0.002125
8.12071e-007	-0.0018125
8.12571e-007	-0.00275
8.13071e-007	-0.0030625
8.13571e-007	-0.00275
8.14071e-007	-0.002125
8.14571e-007	-0.0018125
8.15071e-007	-0.0024375
8.15571e-007	-0.0030625
8.16071e-007	-0.0030625
8.16571e-007	-0.004
8.17071e-007	-0.004
8.17571e-007	-0.004
8.18071e-007	-0.0043125
8.18571e-007	-0.004625
8.19071e-007	-0.0043125
8.19571e-007	-0.004
8.20071e-007	-0.004
8.20571e-007	-0.0030625
8.21071e-007	-0.0030625
8.21571e-007	-0.00275
8.22071e-007	-0.0030625
8.22571e-007	-0.0030625
8.23071e-007	-0.0030625
8.23571e-007	-0.002125
8.24071e-007	-0.002125
8.24571e-007	-0.002125
8.25071e-007	-0.0024375
8.25571e-007	-0.002125
8.26071e-007	-0.0030625
8.26571e-007	-0.0030625
8.27071e-007	-0.003375
8.27571e-007	-0.003375
8.28071e-007	-0.003375
8.28571e-007	-0.004
8.29071e-007	-0.003375
8.29571e-007	-0.0030625
8.30071e-007	-0.004
8.30571e-007	-0.0030625
8.31071e-007	-0.00275
8.31571e-007	-0.0024375
8.32071e-007	-0.002125
8.32571e-007	-0.0030625
8.33071e-007	-0.0030625
8.33571e-007	-0.0030625
8.34071e-007	-0.0018125
8.34571e-007	-0.0018125
8.35071e-007	-0.002125
8.35571e-007	-0.0024375
8.36071e-007	-0.00275
8.36571e-007	-0.0024375
8.37071e-007	-0.0024375
8.37571e-007	-0.0036875
8.38071e-007	-0.003375
8.38571e-007	-0.004
8.39071e-007	-0.0036875
8.39571e-007	-0.0030625
8.40071e-007	-0.0036875
8.40571e-007	-0.003375
8.41071e-007	-0.003375
8.41571e-007	-0.0030625
8.42071e-007	-0.0024375
8.42571e-007	-0.0024375
8.43071e-007	-0.0030625
8.43571e-007	-0.00275
8.44071e-007	-0.0018125
8.44571e-007	-0.002125
8.45071e-007	-0.0030625
8.45571e-007	-0.0024375
8.46071e-007	-0.0030625
8.46571e-007	-0.0030625
8.47071e-007	-0.00275
8.47571e-007	-0.0024375
8.48071e-007	-0.003375
8.48571e-007	-0.003375
8.49071e-007	-0.0030625
8.49571e-007	-0.0030625
8.50071e-007	-0.0030625
8.50571e-007	-0.0030625
8.51071e-007	-0.004
8.51571e-007	-0.0036875
8.52071e-007	-0.0030625
8.52571e-007	-0.00275
8.53071e-007	-0.0030625
8.53571e-007	-0.0030625
8.54071e-007	-0.002125
8.54571e-007	-0.002125
8.55071e-007	-0.0024375
8.55571e-007	-0.0030625
8.56071e-007	-0.0024375
8.56571e-007	-0.0030625
8.57071e-007	-0.0024375
8.57571e-007	-0.00275
8.58071e-007	-0.0024375
8.58571e-007	-0.0024375
8.59071e-007	-0.00275
8.59571e-007	-0.0030625
8.60071e-007	-0.0030625
8.60571e-007	-0.003375
8.61071e-007	-0.0030625
8.61571e-007	-0.0024375
8.62071e-007	-0.0024375
8.62571e-007	-0.0024375
8.63071e-007	-0.0024375
8.63571e-007	-0.0024375
8.64071e-007	-0.003375
8.64571e-007	-0.0030625
8.65071e-007	-0.003375
8.65571e-007	-0.00275
8.66071e-007	-0.00275
8.66571e-007	-0.00275
8.67071e-007	-0.00275
8.67571e-007	-0.002125
8.68071e-007	-0.0024375
8.68571e-007	-0.0024375
8.69071e-007	-0.003375
8.69571e-007	-0.0030625
8.70071e-007	-0.0030625
8.70571e-007	-0.002125
8.71071e-007	-0.00275
8.71571e-007	-0.0024375
8.72071e-007	-0.002125
8.72571e-007	-0.0030625
8.73071e-007	-0.00275
8.73571e-007	-0.00275
8.74071e-007	-0.00275
8.74571e-007	-0.00275
8.75071e-007	-0.0024375
8.75571e-007	-0.0030625
8.76071e-007	-0.0024375
8.76571e-007	-0.00275
8.77071e-007	-0.0024375
8.77571e-007	-0.0024375
8.78071e-007	-0.0024375
8.78571e-007	-0.0030625
8.79071e-007	-0.002125
8.79571e-007	-0.0024375
8.80071e-007	-0.002125
8.80571e-007	-0.0030625
8.81071e-007	-0.0024375
8.81571e-007	-0.002125
8.82071e-007	-0.0024375
8.82571e-007	-0.0030625
8.83071e-007	-0.0024375
8.83571e-007	-0.0024375
8.84071e-007	-0.0024375
8.84571e-007	-0.0024375
8.85071e-007	-0.00275
8.85571e-007	-0.0030625
8.86071e-007	-0.0030625
8.86571e-007	-0.0030625
8.87071e-007	-0.0030625
8.87571e-007	-0.0030625
8.88071e-007	-0.003375
8.88571e-007	-0.00275
8.89071e-007	-0.00275
8.89571e-007	-0.002125
8.90071e-007	-0.0030625
8.90571e-007	-0.00275
8.91071e-007	-0.0030625
8.91571e-007	-0.0024375
8.92071e-007	-0.00275
8.92571e-007	-0.0024375
8.93071e-007	-0.0024375
8.93571e-007	-0.0024375
8.94071e-007	-0.00275
8.94571e-007	-0.00275
8.95071e-007	-0.00275
8.95571e-007	-0.0030625
8.96071e-007	-0.0030625
8.96571e-007	-0.00275
8.97071e-007	-0.0024375
8.97571e-007	-0.0030625
8.98071e-007	-0.0024375
8.98571e-007	-0.002125
8.99071e-007	-0.0024375
8.99571e-007	-0.0030625
9.00071e-007	-0.0024375
9.00571e-007	-0.003375
9.01071e-007	-0.002125
9.01571e-007	-0.002125
9.02071e-007	-0.0024375
9.02571e-007	-0.00275
9.03071e-007	-0.002125
9.03571e-007	-0.0018125
9.04071e-007	-0.0011875
9.04571e-007	-0.002125
9.05071e-007	-0.0018125
9.05571e-007	-0.0024375
9.06071e-007	-0.0024375
9.06571e-007	-0.0024375
9.07071e-007	-0.0030625
9.07571e-007	-0.00275
9.08071e-007	-0.003375
9.08571e-007	-0.003375
9.09071e-007	-0.0036875
9.09571e-007	-0.0030625
9.10071e-007	-0.0030625
9.10571e-007	-0.0024375
9.11071e-007	-0.0030625
9.11571e-007	-0.002125
9.12071e-007	-0.0024375
9.12571e-007	-0.0015
9.13071e-007	-0.002125
9.13571e-007	-0.0015
9.14071e-007	-0.0015
9.14571e-007	-0.0018125
9.15071e-007	-0.0015
9.15571e-007	-0.0015
9.16071e-007	-0.0018125
9.16571e-007	-0.002125
9.17071e-007	-0.0024375
9.17571e-007	-0.0024375
9.18071e-007	-0.0030625
9.18571e-007	-0.0036875
9.19071e-007	-0.0036875
9.19571e-007	-0.0030625
9.20071e-007	-0.00275
9.20571e-007	-0.003375
9.21071e-007	-0.002125
9.21571e-007	-0.00275
9.22071e-007	-0.0024375
9.22571e-007	-0.002125
9.23071e-007	-0.0011875
9.23571e-007	-0.0015
9.24071e-007	-0.0011875
9.24571e-007	-0.0018125
9.25071e-007	-0.0011875
9.25571e-007	-0.0018125
9.26071e-007	-0.0018125
9.26571e-007	-0.0024375
9.27071e-007	-0.002125
9.27571e-007	-0.0024375
9.28071e-007	-0.00275
9.28571e-007	-0.0030625
9.29071e-007	-0.0036875
9.29571e-007	-0.0030625
9.30071e-007	-0.004
9.30571e-007	-0.0030625
9.31071e-007	-0.00275
9.31571e-007	-0.0024375
9.32071e-007	-0.002125
9.32571e-007	-0.0015
9.33071e-007	-0.000875
9.33571e-007	-0.0015
9.34071e-007	-0.002125
9.34571e-007	-0.0005625
9.35071e-007	-0.000875
9.35571e-007	-0.0011875
9.36071e-007	-0.0018125
9.36571e-007	-0.0015
9.37071e-007	-0.0018125
9.37571e-007	-0.00275
9.38071e-007	-0.003375
9.38571e-007	-0.0036875
9.39071e-007	-0.0030625
9.39571e-007	-0.003375
9.40071e-007	-0.003375
9.40571e-007	-0.0030625
9.41071e-007	-0.0030625
9.41571e-007	-0.002125
9.42071e-007	-0.000875
9.42571e-007	-0.002125
9.43071e-007	-0.0011875
9.43571e-007	-0.0011875
9.44071e-007	-0.0005625
9.44571e-007	-0.0005625
9.45071e-007	-0.0005625
9.45571e-007	-0.0011875
9.46071e-007	-0.0011875
9.46571e-007	-0.0018125
9.47071e-007	-0.0024375
9.47571e-007	-0.0030625
9.48071e-007	-0.00275
9.48571e-007	-0.0036875
9.49071e-007	-0.0030625
9.49571e-007	-0.00275
9.50071e-007	-0.0036875
9.50571e-007	-0.0024375
9.51071e-007	-0.0018125
9.51571e-007	-0.0018125
9.52071e-007	-0.002125
9.52571e-007	-0.0018125
9.53071e-007	-0.0018125
9.53571e-007	-0.0011875
9.54071e-007	-0.000875
9.54571e-007	6.25e-005
9.55071e-007	-0.0011875
9.55571e-007	-0.0011875
9.56071e-007	-0.0024375
9.56571e-007	-0.0015
9.57071e-007	-0.002125
9.57571e-007	-0.0030625
9.58071e-007	-0.0036875
9.58571e-007	-0.0030625
9.59071e-007	-0.003375
9.59571e-007	-0.003375
9.60071e-007	-0.00275
9.60571e-007	-0.002125
9.61071e-007	-0.0024375
9.61571e-007	-0.0024375
9.62071e-007	-0.0018125
9.62571e-007	-0.0015
9.63071e-007	-0.000875
9.63571e-007	-0.0015
9.64071e-007	-0.000875
9.64571e-007	-0.000875
9.65071e-007	-0.0005625
9.65571e-007	-0.0018125
9.66071e-007	-0.002125
9.66571e-007	-0.0024375
9.67071e-007	-0.00275
9.67571e-007	-0.00275
9.68071e-007	-0.00275
9.68571e-007	-0.0036875
9.69071e-007	-0.003375
9.69571e-007	-0.0030625
9.70071e-007	-0.0024375
9.70571e-007	-0.0024375
9.71071e-007	-0.0018125
9.71571e-007	-0.0018125
9.72071e-007	-0.0015
9.72571e-007	-0.0011875
9.73071e-007	-0.0011875
9.73571e-007	-0.0011875
9.74071e-007	-0.0005625
9.74571e-007	-0.0011875
9.75071e-007	-0.0018125
9.75571e-007	-0.0015
9.76071e-007	-0.00275
9.76571e-007	-0.00275
9.77071e-007	-0.0030625
9.77571e-007	-0.002125
9.78071e-007	-0.0030625
9.78571e-007	-0.00275
9.79071e-007	-0.003375
9.79571e-007	-0.00275
9.80071e-007	-0.002125
9.80571e-007	-0.0015
9.81071e-007	-0.0015
9.81571e-007	-0.000875
9.82071e-007	-0.0005625
9.82571e-007	-0.0015
9.83071e-007	-0.0005625
9.83571e-007	-0.00025
9.84071e-007	-0.000875
9.84571e-007	-0.0011875
9.85071e-007	-0.0011875
9.85571e-007	-0.002125
9.86071e-007	-0.0015
9.86571e-007	-0.0024375
9.87071e-007	-0.00275
9.87571e-007	-0.003375
9.88071e-007	-0.00275
9.88571e-007	-0.0024375
9.89071e-007	-0.0030625
9.89571e-007	-0.0024375
9.90071e-007	-0.0015
9.90571e-007	-0.0018125
9.91071e-007	-0.0015
9.91571e-007	-0.000875
9.92071e-007	6.25e-005
9.92571e-007	-0.0005625
9.93071e-007	-0.0011875
9.93571e-007	-0.0015
9.94071e-007	-0.0015
9.94571e-007	-0.000875
9.95071e-007	-0.0011875
9.95571e-007	-0.0018125
9.96071e-007	-0.0024375
9.96571e-007	-0.0024375
9.97071e-007	-0.0024375
9.97571e-007	-0.00275
9.98071e-007	-0.002125
9.98571e-007	-0.0015
9.99071e-007	-0.0030625
9.99571e-007	-0.0024375
1.000071e-006	-0.0015
1.000571e-006	-0.0005625
1.001071e-006	-0.000875
1.001571e-006	-0.0011875
1.002071e-006	-0.0005625
1.002571e-006	-0.0005625
1.003071e-006	-0.000875
1.003571e-006	-0.0015
1.004071e-006	-0.002125
1.004571e-006	-0.002125
1.005071e-006	-0.002125
1.005571e-006	-0.002125
1.006071e-006	-0.002125
1.006571e-006	-0.002125
1.007071e-006	-0.0018125
1.007571e-006	-0.00275
1.008071e-006	-0.0024375
1.008571e-006	-0.0024375
1.009071e-006	-0.0024375
1.009571e-006	-0.0018125
1.010071e-006	-0.0015
1.010571e-006	-0.0011875
1.011071e-006	-0.0005625
1.011571e-006	-0.0015
1.012071e-006	-0.0005625
1.012571e-006	-0.000875
1.013071e-006	-0.0005625
1.013571e-006	-0.000875
1.014071e-006	-0.0011875
1.014571e-006	-0.0015
1.015071e-006	-0.0018125
1.015571e-006	-0.0024375
1.016071e-006	-0.002125
1.016571e-006	-0.002125
1.017071e-006	-0.00275
1.017571e-006	-0.0024375
1.018071e-006	-0.0015
1.018571e-006	-0.0011875
1.019071e-006	-0.0015
1.019571e-006	-0.0011875
1.020071e-006	-0.0018125
1.020571e-006	-0.0011875
1.021071e-006	-0.000875
1.021571e-006	-0.0011875
1.022071e-006	-0.0005625
1.022571e-006	-0.0005625
1.023071e-006	-0.0011875
1.023571e-006	-0.0018125
1.024071e-006	-0.0011875
1.024571e-006	-0.000875
1.025071e-006	-0.0018125
1.025571e-006	-0.0024375
1.026071e-006	-0.0024375
1.026571e-006	-0.0024375
1.027071e-006	-0.002125
1.027571e-006	-0.0018125
1.028071e-006	-0.0018125
1.028571e-006	-0.002125
1.029071e-006	-0.0015
1.029571e-006	-0.002125
1.030071e-006	-0.002125
1.030571e-006	-0.0015
1.031071e-006	-0.0005625
1.031571e-006	-0.0011875
1.032071e-006	-0.000875
1.032571e-006	-0.0011875
1.033071e-006	-0.000875
1.033571e-006	-0.0011875
1.034071e-006	-0.0011875
1.034571e-006	-0.0015
1.035071e-006	-0.0024375
1.035571e-006	-0.0024375
1.036071e-006	-0.0024375
1.036571e-006	-0.0015
1.037071e-006	-0.0015
1.037571e-006	-0.00275
1.038071e-006	-0.002125
1.038571e-006	-0.0015
1.039071e-006	-0.0018125
1.039571e-006	-0.0015
1.040071e-006	-0.0018125
1.040571e-006	-0.0024375
1.041071e-006	-0.002125
1.041571e-006	-0.000875
1.042071e-006	-0.0005625
1.042571e-006	-0.0005625
1.043071e-006	-0.0011875
1.043571e-006	-0.0011875
1.044071e-006	-0.0005625
1.044571e-006	-0.000875
1.045071e-006	-0.0015
1.045571e-006	-0.0018125
1.046071e-006	-0.002125
1.046571e-006	-0.002125
1.047071e-006	-0.0018125
1.047571e-006	-0.0024375
1.048071e-006	-0.0018125
1.048571e-006	-0.0015
1.049071e-006	-0.0018125
1.049571e-006	-0.002125
1.050071e-006	-0.0015
1.050571e-006	-0.0015
1.051071e-006	-0.0018125
1.051571e-006	-0.0015
1.052071e-006	-0.0011875
1.052571e-006	-0.0011875
1.053071e-006	-0.000875
1.053571e-006	-0.000875
1.054071e-006	-0.000875
1.054571e-006	-0.0005625
1.055071e-006	-0.000875
1.055571e-006	-0.0011875
1.056071e-006	-0.0015
1.056571e-006	-0.0018125
1.057071e-006	-0.0018125
1.057571e-006	-0.0015
1.058071e-006	-0.0015
1.058571e-006	-0.0018125
1.059071e-006	-0.0018125
1.059571e-006	-0.0024375
1.060071e-006	-0.0018125
1.060571e-006	-0.0015
1.061071e-006	-0.002125
1.061571e-006	-0.002125
1.062071e-006	-0.0018125
1.062571e-006	-0.0011875
1.063071e-006	-0.00025
1.063571e-006	-0.0005625
1.064071e-006	-0.0005625
1.064571e-006	6.25e-005
1.065071e-006	-0.0005625
1.065571e-006	-0.0005625
1.066071e-006	-0.0011875
1.066571e-006	-0.0011875
1.067071e-006	-0.0018125
1.067571e-006	-0.0018125
1.068071e-006	-0.0018125
1.068571e-006	-0.002125
1.069071e-006	-0.0015
1.069571e-006	-0.0018125
1.070071e-006	-0.002125
1.070571e-006	-0.0018125
1.071071e-006	-0.002125
1.071571e-006	-0.0018125
1.072071e-006	-0.0011875
1.072571e-006	-0.0011875
1.073071e-006	-0.0011875
1.073571e-006	-0.000875
1.074071e-006	-0.00025
1.074571e-006	-0.00025
1.075071e-006	-0.0005625
1.075571e-006	6.25e-005
1.076071e-006	-0.0005625
1.076571e-006	-0.0011875
1.077071e-006	-0.0011875
1.077571e-006	-0.000875
1.078071e-006	-0.0011875
1.078571e-006	-0.002125
1.079071e-006	-0.00275
1.079571e-006	-0.002125
1.080071e-006	-0.0015
1.080571e-006	-0.002125
1.081071e-006	-0.002125
1.081571e-006	-0.00275
1.082071e-006	-0.0018125
1.082571e-006	-0.000875
1.083071e-006	-0.0011875
1.083571e-006	-0.0015
1.084071e-006	-0.000875
1.084571e-006	-0.0005625
1.085071e-006	6.25e-005
1.085571e-006	0.000375
1.086071e-006	-0.00025
1.086571e-006	-0.000875
1.087071e-006	-0.0011875
1.087571e-006	-0.000875
1.088071e-006	-0.0011875
1.088571e-006	-0.0015
1.089071e-006	-0.0018125
1.089571e-006	-0.002125
1.090071e-006	-0.0018125
1.090571e-006	-0.0024375
1.091071e-006	-0.002125
1.091571e-006	-0.0018125
1.092071e-006	-0.0015
1.092571e-006	-0.0018125
1.093071e-006	-0.000875
1.093571e-006	-0.0011875
1.094071e-006	-0.0015
1.094571e-006	-0.0005625
1.095071e-006	-0.00025
1.095571e-006	-0.0005625
1.096071e-006	-0.0005625
1.096571e-006	-0.0005625
1.097071e-006	-0.00025
1.097571e-006	-0.0011875
1.098071e-006	-0.0018125
1.098571e-006	-0.0011875
1.099071e-006	-0.0018125
1.099571e-006	-0.0018125
1.100071e-006	-0.0018125
1.100571e-006	-0.000875
1.101071e-006	-0.0011875
1.101571e-006	-0.0018125
1.102071e-006	-0.0015
1.102571e-006	-0.0011875
1.103071e-006	-0.0011875
1.103571e-006	-0.000875
1.104071e-006	-0.0005625
1.104571e-006	-0.0005625
1.105071e-006	-0.000875
1.105571e-006	-0.000875
1.106071e-006	-0.0005625
1.106571e-006	-0.0011875
1.107071e-006	-0.0011875
1.107571e-006	-0.0011875
1.108071e-006	-0.0011875
1.108571e-006	-0.0015
1.109071e-006	-0.0015
1.109571e-006	-0.0018125
1.110071e-006	-0.0011875
1.110571e-006	-0.0011875
1.111071e-006	-0.0005625
1.111571e-006	-0.000875
1.112071e-006	-0.000875
1.112571e-006	-0.0011875
1.113071e-006	-0.0015
1.113571e-006	-0.0011875
1.114071e-006	-0.0005625
1.114571e-006	-0.0011875
1.115071e-006	-0.0005625
1.115571e-006	-0.0015
1.116071e-006	-0.0011875
1.116571e-006	-0.0011875
1.117071e-006	-0.0011875
1.117571e-006	-0.0011875
1.118071e-006	-0.0018125
1.118571e-006	-0.0011875
1.119071e-006	-0.000875
1.119571e-006	-0.000875
1.120071e-006	-0.000875
1.120571e-006	-0.000875
1.121071e-006	-0.00025
1.121571e-006	-0.000875
1.122071e-006	-0.0015
1.122571e-006	-0.000875
1.123071e-006	-0.0005625
1.123571e-006	-0.000875
1.124071e-006	-0.0011875
1.124571e-006	-0.0018125
1.125071e-006	-0.0018125
1.125571e-006	-0.0018125
1.126071e-006	-0.0015
1.126571e-006	-0.0018125
1.127071e-006	-0.0011875
1.127571e-006	-0.0011875
1.128071e-006	-0.0015
1.128571e-006	-0.0011875
1.129071e-006	-0.0015
1.129571e-006	-0.0018125
1.130071e-006	-0.000875
1.130571e-006	-0.0011875
1.131071e-006	-0.00025
1.131571e-006	-0.00025
1.132071e-006	-0.0005625
1.132571e-006	-0.00025
1.133071e-006	-0.0011875
1.133571e-006	-0.0011875
1.134071e-006	-0.000875
1.134571e-006	-0.0018125
1.135071e-006	-0.0018125
1.135571e-006	-0.0018125
1.136071e-006	-0.0011875
1.136571e-006	-0.002125
1.137071e-006	-0.0011875
1.137571e-006	-0.0015
1.138071e-006	-0.0018125
1.138571e-006	-0.0011875
1.139071e-006	-0.0015
1.139571e-006	-0.002125
1.140071e-006	-0.000875
1.140571e-006	6.25e-005
1.141071e-006	-0.00025
1.141571e-006	-0.00025
1.142071e-006	-0.000875
1.142571e-006	-0.0005625
1.143071e-006	-0.0015
1.143571e-006	-0.0011875
1.144071e-006	-0.0011875
1.144571e-006	-0.0011875
1.145071e-006	-0.0011875
1.145571e-006	-0.002125
1.146071e-006	-0.0015
1.146571e-006	-0.0011875
1.147071e-006	-0.0011875
1.147571e-006	-0.000875
1.148071e-006	-0.000875
1.148571e-006	-0.0011875
1.149071e-006	-0.0011875
1.149571e-006	-0.000875
1.150071e-006	-0.000875
1.150571e-006	-0.000875
1.151071e-006	-0.000875
1.151571e-006	-0.000875
1.152071e-006	-0.0005625
1.152571e-006	-0.0011875
1.153071e-006	-0.0011875
1.153571e-006	-0.0011875
1.154071e-006	-0.0018125
1.154571e-006	-0.002125
1.155071e-006	-0.0015
1.155571e-006	-0.0018125
1.156071e-006	-0.000875
1.156571e-006	-0.0011875
1.157071e-006	-0.000875
1.157571e-006	-0.0005625
1.158071e-006	-0.000875
1.158571e-006	-0.00025
1.159071e-006	-0.000875
1.159571e-006	-0.0011875
1.160071e-006	-0.000875
1.160571e-006	-0.000875
1.161071e-006	-0.000875
1.161571e-006	-0.0011875
1.162071e-006	-0.0011875
1.162571e-006	-0.0015
1.163071e-006	-0.0015
1.163571e-006	-0.0024375
1.164071e-006	-0.0024375
1.164571e-006	-0.0011875
1.165071e-006	-0.0011875
1.165571e-006	-0.0015
1.166071e-006	-0.000875
1.166571e-006	-0.00025
1.167071e-006	-0.00025
1.167571e-006	-0.00025
1.168071e-006	6.25e-005
1.168571e-006	6.25e-005
1.169071e-006	-0.00025
1.169571e-006	-0.000875
1.170071e-006	-0.0011875
1.170571e-006	-0.000875
1.171071e-006	-0.0015
1.171571e-006	-0.0018125
1.172071e-006	-0.002125
1.172571e-006	-0.002125
1.173071e-006	-0.0018125
1.173571e-006	-0.00275
1.174071e-006	-0.0024375
1.174571e-006	-0.002125
1.175071e-006	-0.0015
1.175571e-006	-0.0015
1.176071e-006	-0.0005625
1.176571e-006	0.0013125
1.177071e-006	0.000375
1.177571e-006	6.25e-005
1.178071e-006	0.000375
1.178571e-006	0.000375
1.179071e-006	6.25e-005
1.179571e-006	-0.0005625
1.180071e-006	-0.0011875
1.180571e-006	-0.0015
1.181071e-006	-0.0024375
1.181571e-006	-0.002125
1.182071e-006	-0.0024375
1.182571e-006	-0.0024375
1.183071e-006	-0.0024375
1.183571e-006	-0.00275
1.184071e-006	-0.002125
1.184571e-006	-0.0018125
1.185071e-006	-0.000875
1.185571e-006	-0.0005625
1.186071e-006	-0.0005625
1.186571e-006	0.000375
1.187071e-006	0.0006875
1.187571e-006	0.0013125
1.188071e-006	0.0013125
1.188571e-006	0.001
1.189071e-006	0.001
1.189571e-006	6.25e-005
1.190071e-006	-0.0011875
1.190571e-006	-0.0018125
1.191071e-006	-0.0024375
1.191571e-006	-0.002125
1.192071e-006	-0.002125
1.192571e-006	-0.0030625
1.193071e-006	-0.003375
1.193571e-006	-0.003375
1.194071e-006	-0.0030625
1.194571e-006	-0.002125
1.195071e-006	-0.000875
1.195571e-006	-0.0005625
1.196071e-006	6.25e-005
1.196571e-006	0.001
1.197071e-006	0.001625
1.197571e-006	0.0019375
1.198071e-006	0.001625
1.198571e-006	0.001
1.199071e-006	0.0013125
1.199571e-006	0.000375
1.200071e-006	-0.0005625
1.200571e-006	-0.0011875
1.201071e-006	-0.0030625
1.201571e-006	-0.0030625
1.202071e-006	-0.0030625
1.202571e-006	-0.00275
1.203071e-006	-0.003375
1.203571e-006	-0.0036875
1.204071e-006	-0.0024375
1.204571e-006	-0.0018125
1.205071e-006	-0.002125
1.205571e-006	-0.0011875
1.206071e-006	6.25e-005
1.206571e-006	0.0019375
1.207071e-006	0.0013125
1.207571e-006	0.00225
1.208071e-006	0.001625
1.208571e-006	0.000375
1.209071e-006	0.0006875
1.209571e-006	0.0006875
1.210071e-006	-0.000875
1.210571e-006	-0.0018125
1.211071e-006	-0.0018125
1.211571e-006	-0.0030625
1.212071e-006	-0.0036875
1.212571e-006	-0.003375
1.213071e-006	-0.004
1.213571e-006	-0.0030625
1.214071e-006	-0.0024375
1.214571e-006	-0.0018125
1.215071e-006	-0.000875
1.215571e-006	-0.0005625
1.216071e-006	0.000375
1.216571e-006	0.001
1.217071e-006	0.001625
1.217571e-006	0.001625
1.218071e-006	0.0013125
1.218571e-006	0.0013125
1.219071e-006	0.0006875
1.219571e-006	6.25e-005
1.220071e-006	-0.000875
1.220571e-006	-0.002125
1.221071e-006	-0.0024375
1.221571e-006	-0.00275
1.222071e-006	-0.0030625
1.222571e-006	-0.0036875
1.223071e-006	-0.0030625
1.223571e-006	-0.0018125
1.224071e-006	-0.002125
1.224571e-006	-0.0011875
1.225071e-006	-0.0005625
1.225571e-006	-0.00025
1.226071e-006	0.000375
1.226571e-006	0.000375
1.227071e-006	0.001
1.227571e-006	0.0013125
1.228071e-006	0.001
1.228571e-006	0.0006875
1.229071e-006	6.25e-005
1.229571e-006	6.25e-005
1.230071e-006	-0.002125
1.230571e-006	-0.003375
1.231071e-006	-0.002125
1.231571e-006	-0.00275
1.232071e-006	-0.0030625
1.232571e-006	-0.0030625
1.233071e-006	-0.0030625
1.233571e-006	-0.0024375
1.234071e-006	-0.0018125
1.234571e-006	-0.0005625
1.235071e-006	-0.00025
1.235571e-006	-0.0005625
1.236071e-006	6.25e-005
1.236571e-006	6.25e-005
1.237071e-006	0.000375
1.237571e-006	0.0006875
1.238071e-006	0.001
1.238571e-006	0.001
1.239071e-006	-0.00025
1.239571e-006	-0.000875
1.240071e-006	-0.0015
1.240571e-006	-0.0018125
1.241071e-006	-0.002125
1.241571e-006	-0.0030625
1.242071e-006	-0.003375
1.242571e-006	-0.0030625
1.243071e-006	-0.0030625
1.243571e-006	-0.002125
1.244071e-006	-0.0015
1.244571e-006	-0.0005625
1.245071e-006	-0.0005625
1.245571e-006	-0.0005625
1.246071e-006	0.001
1.246571e-006	0.0006875
1.247071e-006	0.0006875
1.247571e-006	0.0013125
1.248071e-006	0.0006875
1.248571e-006	0.000375
1.249071e-006	-0.000875
1.249571e-006	-0.0011875
1.250071e-006	-0.0011875
1.250571e-006	-0.0015
1.251071e-006	-0.002125
1.251571e-006	-0.0030625
1.252071e-006	-0.004
1.252571e-006	-0.0030625
1.253071e-006	-0.002125
1.253571e-006	-0.0018125
1.254071e-006	-0.002125
1.254571e-006	-0.0011875
1.255071e-006	-0.0005625
1.255571e-006	-0.00025
1.256071e-006	0.0006875
1.256571e-006	6.25e-005
1.257071e-006	0.0006875
1.257571e-006	0.001
1.258071e-006	0.000375
1.258571e-006	6.25e-005
1.259071e-006	-0.0005625
1.259571e-006	-0.000875
1.260071e-006	-0.000875
1.260571e-006	-0.002125
1.261071e-006	-0.002125
1.261571e-006	-0.0024375
1.262071e-006	-0.0024375
1.262571e-006	-0.0024375
1.263071e-006	-0.00275
1.263571e-006	-0.002125
1.264071e-006	-0.0015
1.264571e-006	-0.0005625
1.265071e-006	-0.0005625
1.265571e-006	-0.000875
1.266071e-006	6.25e-005
1.266571e-006	6.25e-005
1.267071e-006	0.0006875
1.267571e-006	0.000375
1.268071e-006	-0.0005625
1.268571e-006	6.25e-005
1.269071e-006	-0.0005625
1.269571e-006	-0.000875
1.270071e-006	-0.000875
1.270571e-006	-0.0018125
1.271071e-006	-0.0018125
1.271571e-006	-0.0024375
1.272071e-006	-0.002125
1.272571e-006	-0.00275
1.273071e-006	-0.0036875
1.273571e-006	-0.0015
1.274071e-006	-0.0018125
1.274571e-006	-0.002125
1.275071e-006	-0.000875
1.275571e-006	-0.000875
1.276071e-006	6.25e-005
1.276571e-006	-0.0005625
1.277071e-006	-0.0005625
1.277571e-006	0.0006875
1.278071e-006	0.000375
1.278571e-006	0.000375
1.279071e-006	-0.0005625
1.279571e-006	-0.0005625
1.280071e-006	-0.0005625
1.280571e-006	-0.0018125
1.281071e-006	-0.0018125
1.281571e-006	-0.002125
1.282071e-006	-0.0018125
1.282571e-006	-0.0024375
1.283071e-006	-0.0030625
1.283571e-006	-0.002125
1.284071e-006	-0.0018125
1.284571e-006	-0.002125
1.285071e-006	-0.0011875
1.285571e-006	-0.0011875
1.286071e-006	-0.0005625
1.286571e-006	-0.0005625
1.287071e-006	-0.00025
1.287571e-006	0.000375
1.288071e-006	6.25e-005
1.288571e-006	0.000375
1.289071e-006	6.25e-005
1.289571e-006	6.25e-005
1.290071e-006	6.25e-005
1.290571e-006	-0.0011875
1.291071e-006	-0.000875
1.291571e-006	-0.000875
1.292071e-006	-0.002125
1.292571e-006	-0.0024375
1.293071e-006	-0.0024375
1.293571e-006	-0.0024375
1.294071e-006	-0.0018125
1.294571e-006	-0.0024375
1.295071e-006	-0.0018125
1.295571e-006	-0.0011875
1.296071e-006	-0.000875
1.296571e-006	-0.0005625
1.297071e-006	-0.00025
1.297571e-006	6.25e-005
1.298071e-006	-0.00025
1.298571e-006	0.000375
1.299071e-006	6.25e-005
1.299571e-006	6.25e-005
1.300071e-006	-0.0005625
1.300571e-006	-0.000875
1.301071e-006	-0.0005625
1.301571e-006	-0.0011875
1.302071e-006	-0.0015
1.302571e-006	-0.0015
1.303071e-006	-0.002125
1.303571e-006	-0.00275
1.304071e-006	-0.002125
1.304571e-006	-0.0024375
1.305071e-006	-0.0018125
1.305571e-006	-0.0011875
1.306071e-006	-0.0005625
1.306571e-006	-0.000875
1.307071e-006	-0.0005625
1.307571e-006	6.25e-005
1.308071e-006	6.25e-005
1.308571e-006	6.25e-005
1.309071e-006	-0.0005625
1.309571e-006	-0.000875
1.310071e-006	6.25e-005
1.310571e-006	-0.0005625
1.311071e-006	-0.0005625
1.311571e-006	-0.0011875
1.312071e-006	-0.0018125
1.312571e-006	-0.0015
1.313071e-006	-0.0015
1.313571e-006	-0.0018125
1.314071e-006	-0.0018125
1.314571e-006	-0.0018125
1.315071e-006	-0.0018125
1.315571e-006	-0.0024375
1.316071e-006	-0.0011875
1.316571e-006	-0.0005625
1.317071e-006	6.25e-005
1.317571e-006	-0.0005625
1.318071e-006	-0.0011875
1.318571e-006	0.000375
1.319071e-006	-0.00025
1.319571e-006	-0.000875
1.320071e-006	6.25e-005
1.320571e-006	6.25e-005
1.321071e-006	-0.000875
1.321571e-006	-0.0011875
1.322071e-006	-0.0015
1.322571e-006	-0.0018125
1.323071e-006	-0.002125
1.323571e-006	-0.002125
1.324071e-006	-0.0018125
1.324571e-006	-0.0018125
1.325071e-006	-0.0011875
1.325571e-006	-0.0015
1.326071e-006	-0.0011875
1.326571e-006	-0.000875
1.327071e-006	-0.0005625
1.327571e-006	-0.00025
1.328071e-006	-0.00025
1.328571e-006	-0.00025
1.329071e-006	-0.0005625
1.329571e-006	6.25e-005
1.330071e-006	6.25e-005
1.330571e-006	-0.0005625
1.331071e-006	-0.0005625
1.331571e-006	-0.0011875
1.332071e-006	-0.0018125
1.332571e-006	-0.0018125
1.333071e-006	-0.0015
1.333571e-006	-0.0018125
1.334071e-006	-0.002125
1.334571e-006	-0.002125
1.335071e-006	-0.0011875
1.335571e-006	-0.0011875
1.336071e-006	-0.0005625
1.336571e-006	-0.0005625
1.337071e-006	6.25e-005
1.337571e-006	0.0006875
1.338071e-006	6.25e-005
1.338571e-006	0.0006875
1.339071e-006	6.25e-005
1.339571e-006	-0.0005625
1.340071e-006	-0.00025
1.340571e-006	-0.0011875
1.341071e-006	-0.000875
1.341571e-006	-0.0011875
1.342071e-006	-0.002125
1.342571e-006	-0.0018125
1.343071e-006	-0.0015
1.343571e-006	-0.0011875
1.344071e-006	-0.0018125
1.344571e-006	-0.002125
1.345071e-006	-0.0015
1.345571e-006	-0.000875
1.346071e-006	6.25e-005
1.346571e-006	6.25e-005
1.347071e-006	-0.00025
1.347571e-006	0.000375
1.348071e-006	-0.0005625
1.348571e-006	6.25e-005
1.349071e-006	6.25e-005
1.349571e-006	-0.0005625
1.350071e-006	-0.0005625
1.350571e-006	-0.0011875
1.351071e-006	-0.0011875
1.351571e-006	-0.0015
1.352071e-006	-0.0011875
1.352571e-006	-0.0015
1.353071e-006	-0.0018125
1.353571e-006	-0.002125
1.354071e-006	-0.0018125
1.354571e-006	-0.0015
1.355071e-006	-0.00025
1.355571e-006	-0.00025
1.356071e-006	-0.0005625
1.356571e-006	-0.0011875
1.357071e-006	0.000375
1.357571e-006	0.000375
1.358071e-006	0.0006875
1.358571e-006	0.0006875
1.359071e-006	0.000375
1.359571e-006	6.25e-005
1.360071e-006	-0.0005625
1.360571e-006	-0.000875
1.361071e-006	-0.000875
1.361571e-006	-0.002125
1.362071e-006	-0.0018125
1.362571e-006	-0.0015
1.363071e-006	-0.0018125
1.363571e-006	-0.0015
1.364071e-006	-0.0018125
1.364571e-006	-0.0018125
1.365071e-006	-0.0011875
1.365571e-006	-0.0011875
1.366071e-006	-0.00025
1.366571e-006	0.000375
1.367071e-006	6.25e-005
1.367571e-006	0.000375
1.368071e-006	0.000375
1.368571e-006	0.0013125
1.369071e-006	-0.0005625
1.369571e-006	-0.00025
1.370071e-006	6.25e-005
1.370571e-006	-0.0011875
1.371071e-006	-0.0011875
1.371571e-006	-0.0018125
1.372071e-006	-0.0018125
1.372571e-006	-0.0011875
1.373071e-006	-0.0015
1.373571e-006	-0.0018125
1.374071e-006	-0.0018125
1.374571e-006	-0.002125
1.375071e-006	-0.0015
1.375571e-006	-0.0015
1.376071e-006	-0.00025
1.376571e-006	-0.0005625
1.377071e-006	6.25e-005
1.377571e-006	0.000375
1.378071e-006	0.000375
1.378571e-006	6.25e-005
1.379071e-006	6.25e-005
1.379571e-006	-0.00025
1.380071e-006	-0.00025
1.380571e-006	-0.000875
1.381071e-006	-0.0011875
1.381571e-006	-0.0011875
1.382071e-006	-0.0015
1.382571e-006	-0.002125
1.383071e-006	-0.0018125
1.383571e-006	-0.0011875
1.384071e-006	-0.0011875
1.384571e-006	-0.0011875
1.385071e-006	-0.0011875
1.385571e-006	-0.000875
1.386071e-006	-0.0005625
1.386571e-006	-0.0005625
1.387071e-006	-0.0005625
1.387571e-006	6.25e-005
1.388071e-006	-0.00025
1.388571e-006	6.25e-005
1.389071e-006	-0.000875
1.389571e-006	-0.000875
1.390071e-006	-0.0005625
1.390571e-006	-0.000875
1.391071e-006	-0.000875
1.391571e-006	-0.000875
1.392071e-006	-0.0011875
1.392571e-006	-0.000875
1.393071e-006	-0.0018125
1.393571e-006	-0.0011875
1.394071e-006	-0.0005625
1.394571e-006	-0.0011875
1.395071e-006	-0.0018125
1.395571e-006	-0.0011875
1.396071e-006	-0.00025
1.396571e-006	-0.000875
1.397071e-006	-0.0005625
1.397571e-006	6.25e-005
1.398071e-006	6.25e-005
1.398571e-006	-0.0005625
1.399071e-006	-0.0005625
1.399571e-006	-0.000875
1.400071e-006	-0.00025
1.400571e-006	-0.0005625
1.401071e-006	-0.0005625
1.401571e-006	-0.000875
1.402071e-006	-0.000875
1.402571e-006	-0.0011875
1.403071e-006	6.25e-005
1.403571e-006	-0.0005625
1.404071e-006	-0.0011875
1.404571e-006	-0.000875
1.405071e-006	-0.00025
1.405571e-006	-0.0011875
1.406071e-006	-0.0011875
1.406571e-006	-0.000875
1.407071e-006	-0.0011875
1.407571e-006	-0.0011875
1.408071e-006	-0.0011875
1.408571e-006	-0.000875
1.409071e-006	-0.000875
1.409571e-006	-0.00025
1.410071e-006	-0.00025
1.410571e-006	-0.000875
1.411071e-006	-0.0005625
1.411571e-006	-0.00025
1.412071e-006	-0.0018125
1.412571e-006	-0.000875
1.413071e-006	-0.0005625
1.413571e-006	-0.0005625
1.414071e-006	-0.0011875
1.414571e-006	-0.000875
1.415071e-006	-0.00025
1.415571e-006	-0.0005625
1.416071e-006	-0.000875
1.416571e-006	-0.000875
1.417071e-006	-0.0015
1.417571e-006	-0.000875
1.418071e-006	-0.0005625
1.418571e-006	6.25e-005
1.419071e-006	-0.0005625
1.419571e-006	-0.00025
1.420071e-006	-0.0005625
1.420571e-006	-0.000875
1.421071e-006	-0.00025
1.421571e-006	-0.0005625
1.422071e-006	-0.0011875
1.422571e-006	-0.0005625
1.423071e-006	6.25e-005
1.423571e-006	-0.000875
1.424071e-006	-0.0005625
1.424571e-006	-0.000875
1.425071e-006	-0.0005625
1.425571e-006	-0.0005625
1.426071e-006	-0.0005625
1.426571e-006	-0.0015
1.427071e-006	-0.000875
1.427571e-006	-0.000875
1.428071e-006	-0.0005625
1.428571e-006	-0.0005625
1.429071e-006	-0.00025
1.429571e-006	-0.00025
1.430071e-006	-0.0005625
1.430571e-006	-0.0005625
1.431071e-006	6.25e-005
1.431571e-006	6.25e-005
1.432071e-006	6.25e-005
1.432571e-006	6.25e-005
1.433071e-006	-0.0005625
1.433571e-006	-0.0005625
1.434071e-006	-0.000875
1.434571e-006	-0.000875
1.435071e-006	-0.0018125
1.435571e-006	-0.0011875
1.436071e-006	-0.0011875
1.436571e-006	-0.0011875
1.437071e-006	-0.000875
1.437571e-006	-0.0011875
1.438071e-006	-0.0015
1.438571e-006	-0.0005625
1.439071e-006	-0.000875
1.439571e-006	-0.0005625
1.440071e-006	6.25e-005
1.440571e-006	6.25e-005
1.441071e-006	6.25e-005
1.441571e-006	0.0006875
1.442071e-006	6.25e-005
1.442571e-006	-0.0005625
1.443071e-006	-0.0005625
1.443571e-006	-0.000875
1.444071e-006	-0.000875
1.444571e-006	-0.0015
1.445071e-006	-0.0018125
1.445571e-006	-0.0018125
1.446071e-006	-0.0015
1.446571e-006	-0.0018125
1.447071e-006	-0.0011875
1.447571e-006	-0.0011875
1.448071e-006	-0.00025
1.448571e-006	-0.0005625
1.449071e-006	-0.000875
1.449571e-006	-0.00025
1.450071e-006	6.25e-005
1.450571e-006	6.25e-005
1.451071e-006	0.0006875
1.451571e-006	0.001
1.452071e-006	0.001
1.452571e-006	0.000375
1.453071e-006	6.25e-005
1.453571e-006	-0.00025
1.454071e-006	-0.0011875
1.454571e-006	-0.0015
1.455071e-006	-0.0015
1.455571e-006	-0.0015
1.456071e-006	-0.0018125
1.456571e-006	-0.0018125
1.457071e-006	-0.002125
1.457571e-006	-0.0011875
1.458071e-006	-0.0011875
1.458571e-006	-0.0011875
1.459071e-006	-0.0011875
1.459571e-006	6.25e-005
1.460071e-006	0.000375
1.460571e-006	0.001
1.461071e-006	0.000375
1.461571e-006	0.000375
1.462071e-006	0.001
1.462571e-006	0.000375
1.463071e-006	-0.000875
1.463571e-006	-0.0005625
1.464071e-006	-0.0011875
1.464571e-006	-0.0015
1.465071e-006	-0.0018125
1.465571e-006	-0.0024375
1.466071e-006	-0.0018125
1.466571e-006	-0.002125
1.467071e-006	-0.0018125
1.467571e-006	-0.0018125
1.468071e-006	-0.0011875
1.468571e-006	-0.0011875
1.469071e-006	6.25e-005
1.469571e-006	0.0006875
1.470071e-006	0.000375
1.470571e-006	0.0006875
1.471071e-006	0.001
1.471571e-006	0.0006875
1.472071e-006	0.0013125
1.472571e-006	0.000375
1.473071e-006	-0.0005625
1.473571e-006	-0.000875
1.474071e-006	-0.000875
1.474571e-006	-0.0018125
1.475071e-006	-0.0024375
1.475571e-006	-0.002125
1.476071e-006	-0.0018125
1.476571e-006	-0.0030625
1.477071e-006	-0.0024375
1.477571e-006	-0.0018125
1.478071e-006	-0.0011875
1.478571e-006	-0.00025
1.479071e-006	-0.000875
1.479571e-006	-0.00025
1.480071e-006	0.0006875
1.480571e-006	0.0006875
1.481071e-006	0.0006875
1.481571e-006	0.001
1.482071e-006	0.0006875
1.482571e-006	0.001
1.483071e-006	-0.00025
1.483571e-006	-0.0005625
1.484071e-006	-0.0015
1.484571e-006	-0.0011875
1.485071e-006	-0.0015
1.485571e-006	-0.002125
1.486071e-006	-0.002125
1.486571e-006	-0.00275
1.487071e-006	-0.00275
1.487571e-006	-0.0018125
1.488071e-006	-0.0011875
1.488571e-006	-0.0015
1.489071e-006	-0.0011875
1.489571e-006	6.25e-005
1.490071e-006	0.000375
1.490571e-006	-0.0005625
1.491071e-006	0.001
1.491571e-006	0.0006875
1.492071e-006	0.001
1.492571e-006	-0.00025
1.493071e-006	-0.0005625
1.493571e-006	-0.0005625
1.494071e-006	-0.0011875
1.494571e-006	-0.002125
1.495071e-006	-0.0018125
1.495571e-006	-0.002125
1.496071e-006	-0.0024375
1.496571e-006	-0.0030625
1.497071e-006	-0.002125
1.497571e-006	-0.0018125
1.498071e-006	-0.002125
1.498571e-006	-0.0011875
1.499071e-006	-0.000875
1.499571e-006	-0.0005625
1.500071e-006	6.25e-005
1.500571e-006	0.000375
1.501071e-006	0.0006875
1.501571e-006	0.001
1.502071e-006	0.000375
1.502571e-006	6.25e-005
1.503071e-006	-0.0005625
1.503571e-006	-0.00025
1.504071e-006	-0.0011875
1.504571e-006	-0.0015
1.505071e-006	-0.0018125
1.505571e-006	-0.0018125
1.506071e-006	-0.0018125
1.506571e-006	-0.002125
1.507071e-006	-0.0018125
1.507571e-006	-0.0011875
1.508071e-006	-0.0011875
1.508571e-006	-0.0011875
1.509071e-006	-0.000875
1.509571e-006	-0.00025
1.510071e-006	-0.0005625
1.510571e-006	-0.000875
1.511071e-006	-0.00025
1.511571e-006	6.25e-005
1.512071e-006	0.000375
1.512571e-006	-0.0005625
1.513071e-006	-0.0011875
1.513571e-006	-0.000875
1.514071e-006	-0.000875
1.514571e-006	-0.002125
1.515071e-006	-0.002125
1.515571e-006	-0.0018125
1.516071e-006	-0.002125
1.516571e-006	-0.00275
1.517071e-006	-0.0015
1.517571e-006	-0.0018125
1.518071e-006	-0.0011875
1.518571e-006	-0.0015
1.519071e-006	-0.0005625
1.519571e-006	6.25e-005
1.520071e-006	6.25e-005
1.520571e-006	-0.00025
1.521071e-006	-0.00025
1.521571e-006	-0.0005625
1.522071e-006	-0.00025
1.522571e-006	0.000375
1.523071e-006	-0.000875
1.523571e-006	-0.0015
1.524071e-006	-0.0018125
1.524571e-006	-0.0015
1.525071e-006	-0.002125
1.525571e-006	-0.0015
1.526071e-006	-0.0018125
1.526571e-006	-0.0018125
1.527071e-006	-0.0015
1.527571e-006	-0.0015
1.528071e-006	-0.000875
1.528571e-006	-0.0005625
1.529071e-006	-0.0005625
1.529571e-006	-0.0005625
1.530071e-006	6.25e-005
1.530571e-006	6.25e-005
1.531071e-006	6.25e-005
1.531571e-006	6.25e-005
1.532071e-006	0.0006875
1.532571e-006	-0.0005625
1.533071e-006	-0.0005625
1.533571e-006	-0.000875
1.534071e-006	-0.0015
1.534571e-006	-0.0024375
1.535071e-006	-0.0015
1.535571e-006	-0.0018125
1.536071e-006	-0.0018125
1.536571e-006	-0.0024375
1.537071e-006	-0.0018125
1.537571e-006	-0.0011875
1.538071e-006	-0.0011875
1.538571e-006	-0.0015
1.539071e-006	-0.0005625
1.539571e-006	-0.00025
1.540071e-006	6.25e-005
1.540571e-006	0.000375
1.541071e-006	0.0006875
1.541571e-006	0.000375
1.542071e-006	-0.0005625
1.542571e-006	-0.00025
1.543071e-006	6.25e-005
1.543571e-006	-0.0005625
1.544071e-006	-0.0011875
1.544571e-006	-0.002125
1.545071e-006	-0.0018125
1.545571e-006	-0.0018125
1.546071e-006	-0.0024375
1.546571e-006	-0.0015
1.547071e-006	-0.002125
1.547571e-006	-0.002125
1.548071e-006	-0.0011875
1.548571e-006	-0.0005625
1.549071e-006	-0.000875
1.549571e-006	-0.000875
1.550071e-006	6.25e-005
1.550571e-006	-0.00025
1.551071e-006	6.25e-005
1.551571e-006	6.25e-005
1.552071e-006	0.0006875
1.552571e-006	0.000375
1.553071e-006	-0.00025
1.553571e-006	-0.0005625
1.554071e-006	-0.000875
1.554571e-006	-0.0011875
1.555071e-006	-0.0015
1.555571e-006	-0.002125
1.556071e-006	-0.0018125
1.556571e-006	-0.0024375
1.557071e-006	-0.0024375
1.557571e-006	-0.0024375
1.558071e-006	-0.002125
1.558571e-006	-0.002125
1.559071e-006	-0.0015
1.559571e-006	-0.0005625
1.560071e-006	-0.00025
1.560571e-006	6.25e-005
1.561071e-006	0.001
1.561571e-006	0.001
1.562071e-006	0.0006875
1.562571e-006	0.0006875
1.563071e-006	6.25e-005
1.563571e-006	0.0006875
1.564071e-006	0.000375
1.564571e-006	-0.0005625
1.565071e-006	-0.0015
1.565571e-006	-0.0015
1.566071e-006	-0.002125
1.566571e-006	-0.002125
1.567071e-006	-0.0024375
1.567571e-006	-0.002125
1.568071e-006	-0.002125
1.568571e-006	-0.0011875
1.569071e-006	-0.0018125
1.569571e-006	-0.0011875
1.570071e-006	-0.000875
1.570571e-006	-0.0005625
1.571071e-006	-0.0005625
1.571571e-006	6.25e-005
1.572071e-006	0.0006875
1.572571e-006	0.0013125
1.573071e-006	0.0013125
1.573571e-006	0.0006875
1.574071e-006	-0.00025
1.574571e-006	-0.0005625
1.575071e-006	6.25e-005
1.575571e-006	-0.000875
1.576071e-006	-0.0011875
1.576571e-006	-0.002125
1.577071e-006	-0.002125
1.577571e-006	-0.0030625
1.578071e-006	-0.00275
1.578571e-006	-0.0024375
1.579071e-006	-0.0018125
1.579571e-006	-0.0018125
1.580071e-006	-0.000875
1.580571e-006	-0.000875
1.581071e-006	-0.00025
1.581571e-006	0.000375
1.582071e-006	0.001
1.582571e-006	0.000375
1.583071e-006	0.0006875
1.583571e-006	0.001
1.584071e-006	0.000375
1.584571e-006	0.001
1.585071e-006	6.25e-005
1.585571e-006	-0.000875
1.586071e-006	-0.0015
1.586571e-006	-0.0011875
1.587071e-006	-0.0018125
1.587571e-006	-0.0018125
1.588071e-006	-0.00275
1.588571e-006	-0.0024375
1.589071e-006	-0.002125
1.589571e-006	-0.0018125
1.590071e-006	-0.00275
1.590571e-006	-0.000875
1.591071e-006	-0.0005625
1.591571e-006	-0.0005625
1.592071e-006	-0.00025
1.592571e-006	0.000375
1.593071e-006	0.001
1.593571e-006	0.0019375
1.594071e-006	0.001
1.594571e-006	0.000375
1.595071e-006	6.25e-005
1.595571e-006	-0.0005625
1.596071e-006	-0.0011875
1.596571e-006	-0.0015
1.597071e-006	-0.0011875
1.597571e-006	-0.0024375
1.598071e-006	-0.0015
1.598571e-006	-0.002125
1.599071e-006	-0.0024375
1.599571e-006	-0.002125
1.600071e-006	-0.0011875
1.600571e-006	-0.0015
1.601071e-006	-0.0005625
1.601571e-006	-0.0011875
1.602071e-006	6.25e-005
1.602571e-006	0.000375
1.603071e-006	0.000375
1.603571e-006	6.25e-005
1.604071e-006	0.000375
1.604571e-006	0.0006875
1.605071e-006	6.25e-005
1.605571e-006	-0.00025
1.606071e-006	-0.0005625
1.606571e-006	-0.000875
1.607071e-006	-0.0015
1.607571e-006	-0.0015
1.608071e-006	-0.0015
1.608571e-006	-0.0018125
1.609071e-006	-0.0024375
1.609571e-006	-0.0018125
1.610071e-006	-0.0011875
1.610571e-006	-0.0011875
1.611071e-006	-0.0011875
1.611571e-006	-0.00025
1.612071e-006	-0.00025
1.612571e-006	-0.00025
1.613071e-006	6.25e-005
1.613571e-006	6.25e-005
1.614071e-006	6.25e-005
1.614571e-006	0.000375
1.615071e-006	0.000375
1.615571e-006	0.000375
1.616071e-006	6.25e-005
1.616571e-006	-0.000875
1.617071e-006	-0.000875
1.617571e-006	-0.0005625
1.618071e-006	-0.0011875
1.618571e-006	-0.0018125
1.619071e-006	-0.000875
1.619571e-006	-0.0011875
1.620071e-006	-0.000875
1.620571e-006	-0.0011875
1.621071e-006	-0.0011875
1.621571e-006	-0.0015
1.622071e-006	-0.0011875
1.622571e-006	-0.000875
1.623071e-006	0.000375
1.623571e-006	6.25e-005
1.624071e-006	-0.0005625
1.624571e-006	-0.0011875
1.625071e-006	6.25e-005
1.625571e-006	-0.0005625
1.626071e-006	-0.0015
1.626571e-006	-0.0005625
1.627071e-006	-0.0005625
1.627571e-006	-0.000875
1.628071e-006	-0.0015
1.628571e-006	-0.0011875
1.629071e-006	-0.000875
1.629571e-006	-0.000875
1.630071e-006	-0.0005625
1.630571e-006	-0.0005625
1.631071e-006	-0.0011875
1.631571e-006	-0.00025
1.632071e-006	-0.0005625
1.632571e-006	6.25e-005
1.633071e-006	-0.000875
1.633571e-006	-0.0005625
1.634071e-006	-0.0005625
1.634571e-006	-0.000875
1.635071e-006	-0.0005625
1.635571e-006	-0.0011875
1.636071e-006	-0.000875
1.636571e-006	-0.0005625
1.637071e-006	-0.0005625
1.637571e-006	-0.000875
1.638071e-006	-0.0011875
1.638571e-006	-0.000875
1.639071e-006	-0.00025
1.639571e-006	-0.0005625
1.640071e-006	6.25e-005
1.640571e-006	-0.00025
1.641071e-006	-0.0005625
1.641571e-006	-0.000875
1.642071e-006	-0.00025
1.642571e-006	-0.000875
1.643071e-006	-0.000875
1.643571e-006	-0.0011875
1.644071e-006	-0.00025
1.644571e-006	-0.0011875
1.645071e-006	-0.0011875
1.645571e-006	-0.0015
1.646071e-006	-0.0005625
1.646571e-006	-0.0005625
1.647071e-006	-0.0005625
1.647571e-006	-0.0005625
1.648071e-006	-0.0005625
1.648571e-006	-0.000875
1.649071e-006	-0.000875
1.649571e-006	-0.00025
1.650071e-006	6.25e-005
1.650571e-006	6.25e-005
1.651071e-006	-0.000875
1.651571e-006	-0.0005625
1.652071e-006	-0.0005625
1.652571e-006	-0.0005625
1.653071e-006	-0.000875
1.653571e-006	-0.0005625
1.654071e-006	-0.0005625
1.654571e-006	-0.000875
1.655071e-006	-0.0011875
1.655571e-006	6.25e-005
1.656071e-006	-0.0011875
1.656571e-006	-0.0011875
1.657071e-006	-0.0011875
1.657571e-006	-0.0005625
1.658071e-006	-0.000875
1.658571e-006	-0.0011875
1.659071e-006	-0.0005625
1.659571e-006	6.25e-005
1.660071e-006	-0.00025
1.660571e-006	-0.00025
1.661071e-006	-0.00025
1.661571e-006	-0.00025
1.662071e-006	-0.00025
1.662571e-006	-0.0005625
1.663071e-006	6.25e-005
1.663571e-006	-0.0011875
1.664071e-006	-0.0005625
1.664571e-006	-0.00025
1.665071e-006	-0.0005625
1.665571e-006	-0.000875
1.666071e-006	-0.000875
1.666571e-006	-0.0011875
1.667071e-006	-0.0005625
1.667571e-006	-0.0011875
1.668071e-006	-0.0005625
1.668571e-006	-0.0011875
1.669071e-006	-0.000875
1.669571e-006	-0.0005625
1.670071e-006	-0.0005625
1.670571e-006	-0.000875
1.671071e-006	-0.0015
1.671571e-006	-0.0005625
1.672071e-006	6.25e-005
1.672571e-006	-0.0005625
1.673071e-006	-0.0005625
1.673571e-006	6.25e-005
1.674071e-006	-0.0005625
1.674571e-006	6.25e-005
1.675071e-006	-0.0005625
1.675571e-006	-0.00025
1.676071e-006	-0.00025
1.676571e-006	0.000375
1.677071e-006	-0.0005625
1.677571e-006	-0.0011875
1.678071e-006	-0.0011875
1.678571e-006	-0.0011875
1.679071e-006	-0.0011875
1.679571e-006	-0.0005625
1.680071e-006	-0.0011875
1.680571e-006	-0.000875
1.681071e-006	-0.0005625
1.681571e-006	-0.0018125
1.682071e-006	-0.0011875
1.682571e-006	-0.000875
1.683071e-006	-0.0005625
1.683571e-006	-0.0005625
1.684071e-006	6.25e-005
1.684571e-006	0.001
1.685071e-006	0.0006875
1.685571e-006	-0.00025
1.686071e-006	6.25e-005
1.686571e-006	6.25e-005
1.687071e-006	6.25e-005
1.687571e-006	-0.0005625
1.688071e-006	-0.0005625
1.688571e-006	-0.0015
1.689071e-006	-0.0011875
1.689571e-006	-0.0015
1.690071e-006	-0.0018125
1.690571e-006	-0.0015
1.691071e-006	-0.0005625
1.691571e-006	-0.0011875
1.692071e-006	-0.000875
1.692571e-006	-0.0011875
1.693071e-006	-0.0005625
1.693571e-006	6.25e-005
1.694071e-006	6.25e-005
1.694571e-006	0.0013125
1.695071e-006	0.001
1.695571e-006	0.0013125
1.696071e-006	0.000375
1.696571e-006	6.25e-005
1.697071e-006	6.25e-005
1.697571e-006	6.25e-005
1.698071e-006	-0.0005625
1.698571e-006	-0.0005625
1.699071e-006	-0.0011875
1.699571e-006	-0.0018125
1.700071e-006	-0.002125
1.700571e-006	-0.002125
1.701071e-006	-0.0018125
1.701571e-006	-0.0018125
1.702071e-006	-0.0018125
1.702571e-006	-0.0015
1.703071e-006	-0.00025
1.703571e-006	0.000375
1.704071e-006	6.25e-005
1.704571e-006	0.000375
1.705071e-006	0.000375
1.705571e-006	6.25e-005
1.706071e-006	0.0006875
1.706571e-006	6.25e-005
1.707071e-006	0.000375
1.707571e-006	6.25e-005
1.708071e-006	-0.0005625
1.708571e-006	-0.000875
1.709071e-006	-0.0018125
1.709571e-006	-0.0024375
1.710071e-006	-0.0024375
1.710571e-006	-0.0024375
1.711071e-006	-0.0011875
1.711571e-006	-0.0018125
1.712071e-006	-0.000875
1.712571e-006	-0.0011875
1.713071e-006	-0.000875
1.713571e-006	-0.00025
1.714071e-006	6.25e-005
1.714571e-006	0.0006875
1.715071e-006	0.000375
1.715571e-006	0.0006875
1.716071e-006	0.0006875
1.716571e-006	6.25e-005
1.717071e-006	-0.00025
1.717571e-006	-0.00025
1.718071e-006	-0.0005625
1.718571e-006	-0.000875
1.719071e-006	-0.0024375
1.719571e-006	-0.002125
1.720071e-006	-0.002125
1.720571e-006	-0.002125
1.721071e-006	-0.002125
1.721571e-006	-0.0015
1.722071e-006	-0.000875
1.722571e-006	-0.0005625
1.723071e-006	-0.0005625
1.723571e-006	-0.00025
1.724071e-006	6.25e-005
1.724571e-006	6.25e-005
1.725071e-006	0.0006875
1.725571e-006	0.000375
1.726071e-006	6.25e-005
1.726571e-006	0.000375
1.727071e-006	-0.00025
1.727571e-006	-0.0005625
1.728071e-006	-0.0005625
1.728571e-006	-0.0011875
1.729071e-006	-0.0018125
1.729571e-006	-0.002125
1.730071e-006	-0.0018125
1.730571e-006	-0.0018125
1.731071e-006	-0.0011875
1.731571e-006	-0.000875
1.732071e-006	-0.0005625
1.732571e-006	-0.0005625
1.733071e-006	6.25e-005
1.733571e-006	0.000375
1.734071e-006	0.0006875
1.734571e-006	0.000375
1.735071e-006	0.000375
1.735571e-006	6.25e-005
1.736071e-006	-0.00025
1.736571e-006	6.25e-005
1.737071e-006	-0.0005625
1.737571e-006	-0.0015
1.738071e-006	-0.000875
1.738571e-006	-0.000875
1.739071e-006	-0.0015
1.739571e-006	-0.0024375
1.740071e-006	-0.0015
1.740571e-006	-0.0011875
1.741071e-006	-0.0011875
1.741571e-006	-0.0005625
1.742071e-006	-0.0005625
1.742571e-006	0.0006875
1.743071e-006	0.000375
1.743571e-006	0.000375
1.744071e-006	0.001
1.744571e-006	0.001
1.745071e-006	0.001
1.745571e-006	0.0006875
1.746071e-006	-0.0005625
1.746571e-006	-0.0005625
1.747071e-006	-0.0011875
1.747571e-006	-0.000875
1.748071e-006	-0.0011875
1.748571e-006	-0.0024375
1.749071e-006	-0.002125
1.749571e-006	-0.0024375
1.750071e-006	-0.0015
1.750571e-006	-0.0015
1.751071e-006	-0.000875
1.751571e-006	-0.00025
1.752071e-006	-0.00025
1.752571e-006	6.25e-005
1.753071e-006	0.001
1.753571e-006	0.0013125
1.754071e-006	0.0006875
1.754571e-006	6.25e-005
1.755071e-006	0.000375
1.755571e-006	6.25e-005
1.756071e-006	-0.00025
1.756571e-006	-0.0005625
1.757071e-006	-0.0011875
1.757571e-006	-0.0011875
1.758071e-006	-0.000875
1.758571e-006	-0.0018125
1.759071e-006	-0.002125
1.759571e-006	-0.002125
1.760071e-006	-0.0011875
1.760571e-006	-0.000875
1.761071e-006	-0.00025
1.761571e-006	0.000375
1.762071e-006	0.0006875
1.762571e-006	0.000375
1.763071e-006	0.000375
1.763571e-006	0.0013125
1.764071e-006	0.001625
1.764571e-006	6.25e-005
1.765071e-006	-0.00025
1.765571e-006	-0.0005625
1.766071e-006	-0.000875
1.766571e-006	-0.00025
1.767071e-006	-0.000875
1.767571e-006	-0.000875
1.768071e-006	-0.0015
1.768571e-006	-0.0018125
1.769071e-006	-0.0018125
1.769571e-006	-0.002125
1.770071e-006	-0.0011875
1.770571e-006	-0.0011875
1.771071e-006	-0.000875
1.771571e-006	-0.0005625
1.772071e-006	6.25e-005
1.772571e-006	0.001
1.773071e-006	0.0006875
1.773571e-006	0.000375
1.774071e-006	0.0006875
1.774571e-006	0.001
1.775071e-006	6.25e-005
1.775571e-006	-0.00025
1.776071e-006	-0.0005625
1.776571e-006	-0.0005625
1.777071e-006	-0.0005625
1.777571e-006	-0.0011875
1.778071e-006	-0.0015
1.778571e-006	-0.0018125
1.779071e-006	-0.0015
1.779571e-006	-0.0015
1.780071e-006	-0.0005625
1.780571e-006	6.25e-005
1.781071e-006	-0.00025
1.781571e-006	-0.00025
1.782071e-006	0.000375
1.782571e-006	0.000375
1.783071e-006	0.0006875
1.783571e-006	0.000375
1.784071e-006	0.001
1.784571e-006	0.000375
1.785071e-006	-0.00025
1.785571e-006	-0.00025
1.786071e-006	-0.0005625
1.786571e-006	-0.0005625
1.787071e-006	-0.0011875
1.787571e-006	-0.0015
1.788071e-006	-0.000875
