LECROYWS454	16215	Waveform
Segments	1	SegmentSize	4002
Segment	TrigTime	TimeSinceSegment1
#1	02-May-2024 19:11:14	0                 
Time	Ampl
-2.12404e-007	-0.0015
-2.11904e-007	-0.0018125
-2.11404e-007	-0.0011875
-2.10904e-007	-0.00025
-2.10404e-007	-0.00025
-2.09904e-007	-0.00025
-2.09404e-007	0.001
-2.08904e-007	0.0006875
-2.08404e-007	0.0013125
-2.07904e-007	0.0013125
-2.07404e-007	0.001
-2.06904e-007	0.000375
-2.06404e-007	-0.00025
-2.05904e-007	0.0006875
-2.05404e-007	-0.00025
-2.04904e-007	6.25e-005
-2.04404e-007	6.25e-005
-2.03904e-007	-0.0011875
-2.03404e-007	-0.000875
-2.02904e-007	-0.000875
-2.02404e-007	-0.0015
-2.01904e-007	-0.0011875
-2.01404e-007	-0.0015
-2.00904e-007	6.25e-005
-2.00404e-007	-0.0005625
-1.99904e-007	0.000375
-1.99404e-007	0.0006875
-1.98904e-007	0.0006875
-1.98404e-007	0.000375
-1.97904e-007	0.000375
-1.97404e-007	0.001
-1.96904e-007	0.000375
-1.96404e-007	-0.0005625
-1.95904e-007	-0.0005625
-1.95404e-007	-0.0005625
-1.94904e-007	-0.00025
-1.94404e-007	-0.00025
-1.93904e-007	-0.000875
-1.93404e-007	-0.0005625
-1.92904e-007	-0.0011875
-1.92404e-007	-0.0005625
-1.91904e-007	6.25e-005
-1.91404e-007	-0.0005625
-1.90904e-007	-0.00025
-1.90404e-007	6.25e-005
-1.89904e-007	0.0006875
-1.89404e-007	0.0013125
-1.88904e-007	0.000375
-1.88404e-007	0.000375
-1.87904e-007	-0.0005625
-1.87404e-007	0.000375
-1.86904e-007	-0.0005625
-1.86404e-007	-0.000875
-1.85904e-007	-0.000875
-1.85404e-007	-0.0011875
-1.84904e-007	-0.0005625
-1.84404e-007	-0.0005625
-1.83904e-007	-0.000875
-1.83404e-007	-0.0005625
-1.82904e-007	-0.0005625
-1.82404e-007	-0.0005625
-1.81904e-007	0.000375
-1.81404e-007	0.0006875
-1.80904e-007	0.001
-1.80404e-007	0.000375
-1.79904e-007	0.001
-1.79404e-007	0.000375
-1.78904e-007	0.0006875
-1.78404e-007	6.25e-005
-1.77904e-007	-0.0005625
-1.77404e-007	-0.000875
-1.76904e-007	-0.0005625
-1.76404e-007	-0.0005625
-1.75904e-007	-0.000875
-1.75404e-007	-0.000875
-1.74904e-007	6.25e-005
-1.74404e-007	-0.00025
-1.73904e-007	-0.000875
-1.73404e-007	-0.00025
-1.72904e-007	-0.00025
-1.72404e-007	-0.00025
-1.71904e-007	0.001
-1.71404e-007	0.0019375
-1.70904e-007	0.001625
-1.70404e-007	0.000375
-1.69904e-007	0.0006875
-1.69404e-007	0.001
-1.68904e-007	0.0006875
-1.68404e-007	0.000375
-1.67904e-007	-0.0005625
-1.67404e-007	-0.000875
-1.66904e-007	-0.0015
-1.66404e-007	-0.0018125
-1.65904e-007	-0.0018125
-1.65404e-007	-0.0015
-1.64904e-007	-0.0011875
-1.64404e-007	-0.0005625
-1.63904e-007	-0.000875
-1.63404e-007	-0.0005625
-1.62904e-007	-0.0005625
-1.62404e-007	6.25e-005
-1.61904e-007	0.000375
-1.61404e-007	0.000375
-1.60904e-007	0.0013125
-1.60404e-007	0.0013125
-1.59904e-007	0.0013125
-1.59404e-007	0.0006875
-1.58904e-007	-0.00025
-1.58404e-007	6.25e-005
-1.57904e-007	0.000375
-1.57404e-007	-0.000875
-1.56904e-007	-0.0018125
-1.56404e-007	-0.0011875
-1.55904e-007	-0.0011875
-1.55404e-007	-0.0018125
-1.54904e-007	-0.0018125
-1.54404e-007	-0.000875
-1.53904e-007	-0.0005625
-1.53404e-007	6.25e-005
-1.52904e-007	0.0006875
-1.52404e-007	0.0006875
-1.51904e-007	0.0006875
-1.51404e-007	0.0006875
-1.50904e-007	0.001
-1.50404e-007	0.001
-1.49904e-007	0.0006875
-1.49404e-007	0.001
-1.48904e-007	0.0013125
-1.48404e-007	0.000375
-1.47904e-007	-0.00025
-1.47404e-007	-0.0005625
-1.46904e-007	-0.0005625
-1.46404e-007	-0.0011875
-1.45904e-007	-0.0015
-1.45404e-007	-0.0011875
-1.44904e-007	-0.0011875
-1.44404e-007	-0.0015
-1.43904e-007	-0.0011875
-1.43404e-007	-0.00025
-1.42904e-007	-0.0005625
-1.42404e-007	0.0006875
-1.41904e-007	0.000375
-1.41404e-007	0.001
-1.40904e-007	0.0006875
-1.40404e-007	0.000375
-1.39904e-007	0.001625
-1.39404e-007	0.0006875
-1.38904e-007	6.25e-005
-1.38404e-007	6.25e-005
-1.37904e-007	6.25e-005
-1.37404e-007	6.25e-005
-1.36904e-007	-0.000875
-1.36404e-007	-0.0011875
-1.35904e-007	-0.0011875
-1.35404e-007	-0.0015
-1.34904e-007	-0.0015
-1.34404e-007	-0.0011875
-1.33904e-007	-0.0011875
-1.33404e-007	-0.0005625
-1.32904e-007	-0.0005625
-1.32404e-007	-0.00025
-1.31904e-007	-0.00025
-1.31404e-007	6.25e-005
-1.30904e-007	0.0006875
-1.30404e-007	6.25e-005
-1.29904e-007	0.0006875
-1.29404e-007	0.0006875
-1.28904e-007	6.25e-005
-1.28404e-007	-0.00025
-1.27904e-007	-0.0005625
-1.27404e-007	-0.0005625
-1.26904e-007	-0.0005625
-1.26404e-007	-0.0005625
-1.25904e-007	-0.0011875
-1.25404e-007	-0.0015
-1.24904e-007	-0.0011875
-1.24404e-007	-0.000875
-1.23904e-007	-0.0005625
-1.23404e-007	-0.00025
-1.22904e-007	-0.000875
-1.22404e-007	-0.0005625
-1.21904e-007	-0.00025
-1.21404e-007	0.000375
-1.20904e-007	0.000375
-1.20404e-007	6.25e-005
-1.19904e-007	-0.00025
-1.19404e-007	6.25e-005
-1.18904e-007	0.000375
-1.18404e-007	-0.00025
-1.17904e-007	-0.000875
-1.17404e-007	6.25e-005
-1.16904e-007	-0.00025
-1.16404e-007	-0.000875
-1.15904e-007	-0.000875
-1.15404e-007	-0.0005625
-1.14904e-007	-0.00025
-1.14404e-007	-0.0005625
-1.13904e-007	-0.0005625
-1.13404e-007	6.25e-005
-1.12904e-007	-0.00025
-1.12404e-007	6.25e-005
-1.11904e-007	0.000375
-1.11404e-007	-0.00025
-1.10904e-007	-0.00025
-1.10404e-007	-0.0005625
-1.09904e-007	6.25e-005
-1.09404e-007	-0.000875
-1.08904e-007	-0.0005625
-1.08404e-007	-0.0005625
-1.07904e-007	6.25e-005
-1.07404e-007	0.000375
-1.06904e-007	-0.0005625
-1.06404e-007	-0.0011875
-1.05904e-007	-0.0011875
-1.05404e-007	-0.0011875
-1.04904e-007	-0.0005625
-1.04404e-007	-0.00025
-1.03904e-007	-0.00025
-1.03404e-007	-0.000875
-1.02904e-007	-0.0005625
-1.02404e-007	0.000375
-1.01904e-007	-0.00025
-1.01404e-007	-0.000875
-1.00904e-007	-0.0005625
-1.00404e-007	-0.00025
-9.9904e-008	-0.00025
-9.9404e-008	-0.0005625
-9.8904e-008	-0.00025
-9.8404e-008	-0.0005625
-9.7904e-008	-0.0005625
-9.7404e-008	-0.0005625
-9.6904e-008	-0.000875
-9.6404e-008	-0.0005625
-9.5904e-008	-0.0005625
-9.5404e-008	-0.0005625
-9.4904e-008	-0.00025
-9.4404e-008	-0.000875
-9.3904e-008	-0.00025
-9.3404e-008	6.25e-005
-9.2904e-008	-0.0005625
-9.2404e-008	0.000375
-9.1904e-008	6.25e-005
-9.1404e-008	6.25e-005
-9.0904e-008	0.000375
-9.0404e-008	6.25e-005
-8.9904e-008	6.25e-005
-8.9404e-008	6.25e-005
-8.8904e-008	0.000375
-8.8404e-008	6.25e-005
-8.7904e-008	-0.0005625
-8.7404e-008	-0.0005625
-8.6904e-008	-0.000875
-8.6404e-008	-0.00025
-8.5904e-008	-0.000875
-8.5404e-008	-0.0005625
-8.4904e-008	6.25e-005
-8.4404e-008	-0.0005625
-8.3904e-008	-0.00025
-8.3404e-008	-0.00025
-8.2904e-008	-0.00025
-8.2404e-008	6.25e-005
-8.1904e-008	6.25e-005
-8.1404e-008	0.000375
-8.0904e-008	0.000375
-8.0404e-008	0.000375
-7.9904e-008	6.25e-005
-7.9404e-008	6.25e-005
-7.8904e-008	0.000375
-7.8404e-008	-0.0005625
-7.7904e-008	-0.0005625
-7.7404e-008	-0.0005625
-7.6904e-008	-0.0005625
-7.6404e-008	-0.00025
-7.5904e-008	6.25e-005
-7.5404e-008	-0.0005625
-7.4904e-008	-0.0011875
-7.4404e-008	-0.000875
-7.3904e-008	-0.00025
-7.3404e-008	-0.00025
-7.2904e-008	0.000375
-7.2404e-008	6.25e-005
-7.1904e-008	6.25e-005
-7.1404e-008	6.25e-005
-7.0904e-008	6.25e-005
-7.0404e-008	0.000375
-6.9904e-008	0.000375
-6.9404e-008	6.25e-005
-6.8904e-008	6.25e-005
-6.8404e-008	-0.00025
-6.7904e-008	-0.000875
-6.7404e-008	-0.0005625
-6.6904e-008	-0.000875
-6.6404e-008	-0.0011875
-6.5904e-008	-0.0011875
-6.5404e-008	-0.000875
-6.4904e-008	-0.000875
-6.4404e-008	-0.0005625
-6.3904e-008	-0.0005625
-6.3404e-008	-0.00025
-6.2904e-008	6.25e-005
-6.2404e-008	-0.000875
-6.1904e-008	-0.00025
-6.1404e-008	6.25e-005
-6.0904e-008	0.0006875
-6.0404e-008	0.000375
-5.9904e-008	0.000375
-5.9404e-008	0.001
-5.8904e-008	6.25e-005
-5.8404e-008	-0.00025
-5.7904e-008	6.25e-005
-5.7404e-008	-0.000875
-5.6904e-008	-0.0005625
-5.6404e-008	-0.0011875
-5.5904e-008	-0.0005625
-5.5404e-008	-0.000875
-5.4904e-008	-0.000875
-5.4404e-008	-0.0011875
-5.3904e-008	-0.0011875
-5.3404e-008	6.25e-005
-5.2904e-008	0.000375
-5.2404e-008	6.25e-005
-5.1904e-008	6.25e-005
-5.1404e-008	0.000375
-5.0904e-008	0.0006875
-5.0404e-008	6.25e-005
-4.9904e-008	6.25e-005
-4.9404e-008	6.25e-005
-4.8904e-008	6.25e-005
-4.8404e-008	6.25e-005
-4.7904e-008	-0.00025
-4.7404e-008	-0.000875
-4.6904e-008	-0.000875
-4.6404e-008	-0.000875
-4.5904e-008	-0.0005625
-4.5404e-008	-0.000875
-4.4904e-008	-0.000875
-4.4404e-008	6.25e-005
-4.3904e-008	-0.00025
-4.3404e-008	6.25e-005
-4.2904e-008	-0.0005625
-4.2404e-008	0.000375
-4.1904e-008	0.0006875
-4.1404e-008	-0.00025
-4.0904e-008	0.000375
-4.0404e-008	-0.00025
-3.9904e-008	-0.000875
-3.9404e-008	-0.00025
-3.8904e-008	-0.0005625
-3.8404e-008	-0.0005625
-3.7904e-008	-0.0011875
-3.7404e-008	-0.0011875
-3.6904e-008	-0.000875
-3.6404e-008	-0.000875
-3.5904e-008	-0.00025
-3.5404e-008	-0.00025
-3.4904e-008	6.25e-005
-3.4404e-008	6.25e-005
-3.3904e-008	0.0006875
-3.3404e-008	0.000375
-3.2904e-008	0.000375
-3.2404e-008	0.000375
-3.1904e-008	6.25e-005
-3.1404e-008	0.0006875
-3.0904e-008	0.0006875
-3.0404e-008	-0.0005625
-2.9904e-008	-0.00025
-2.9404e-008	-0.000875
-2.8904e-008	-0.0011875
-2.8404e-008	-0.0011875
-2.7904e-008	-0.0011875
-2.7404e-008	-0.0011875
-2.6904e-008	-0.0011875
-2.6404e-008	-0.0011875
-2.5904e-008	-0.0005625
-2.5404e-008	-0.00025
-2.4904e-008	6.25e-005
-2.4404e-008	6.25e-005
-2.3904e-008	0.000375
-2.3404e-008	0.001625
-2.2904e-008	0.0013125
-2.2404e-008	0.001
-2.1904e-008	0.001
-2.1404e-008	0.000375
-2.0904e-008	0.000375
-2.0404e-008	6.25e-005
-1.9904e-008	-0.000875
-1.9404e-008	-0.0015
-1.8904e-008	-0.002125
-1.8404e-008	-0.0018125
-1.7904e-008	-0.0015
-1.7404e-008	-0.0015
-1.6904e-008	-0.0018125
-1.6404e-008	-0.000875
-1.5904e-008	-0.0005625
-1.5404e-008	-0.0005625
-1.4904e-008	0.000375
-1.4404e-008	0.0006875
-1.3904e-008	0.001
-1.3404e-008	0.001
-1.2904e-008	0.0006875
-1.2404e-008	0.001
-1.1904e-008	0.001
-1.1404e-008	0.000375
-1.0904e-008	0.000375
-1.0404e-008	6.25e-005
-9.904e-009	-0.000875
-9.404e-009	-0.0018125
-8.904e-009	-0.0018125
-8.404e-009	-0.0018125
-7.904e-009	-0.0018125
-7.404e-009	-0.0018125
-6.904e-009	-0.0024375
-6.404e-009	-0.002125
-5.904e-009	-0.0011875
-5.404e-009	-0.0015
-4.904e-009	-0.00275
-4.404e-009	-0.0036875
-3.904e-009	-0.003375
-3.404e-009	-0.004625
-2.904e-009	-0.0055625
-2.404e-009	-0.005875
-1.904e-009	-0.007125
-1.404e-009	-0.00775
-9.04e-010	-0.009
-4.04e-010	-0.0115
9.6e-011	-0.01275
5.96e-010	-0.014
1.096e-009	-0.0149375
1.596e-009	-0.0149375
2.096e-009	-0.014625
2.596e-009	-0.0149375
3.096e-009	-0.01525
3.596e-009	-0.0149375
4.096e-009	-0.01525
4.596e-009	-0.0149375
5.096e-009	-0.014625
5.596e-009	-0.0143125
6.096e-009	-0.0143125
6.596e-009	-0.0143125
7.096e-009	-0.0136875
7.596e-009	-0.0136875
8.096e-009	-0.014625
8.596e-009	-0.01525
9.096e-009	-0.015875
9.596e-009	-0.0161875
1.0096e-008	-0.0165
1.0596e-008	-0.0174375
1.1096e-008	-0.01775
1.1596e-008	-0.018375
1.2096e-008	-0.0186875
1.2596e-008	-0.018375
1.3096e-008	-0.0174375
1.3596e-008	-0.01775
1.4096e-008	-0.017125
1.4596e-008	-0.0168125
1.5096e-008	-0.0155625
1.5596e-008	-0.0155625
1.6096e-008	-0.014625
1.6596e-008	-0.013375
1.7096e-008	-0.013375
1.7596e-008	-0.013375
1.8096e-008	-0.0136875
1.8596e-008	-0.014625
1.9096e-008	-0.0149375
1.9596e-008	-0.0165
2.0096e-008	-0.017125
2.0596e-008	-0.017125
2.1096e-008	-0.0174375
2.1596e-008	-0.0180625
2.2096e-008	-0.0186875
2.2596e-008	-0.018375
2.3096e-008	-0.0180625
2.3596e-008	-0.018375
2.4096e-008	-0.018375
2.4596e-008	-0.0186875
2.5096e-008	-0.01775
2.5596e-008	-0.0174375
2.6096e-008	-0.017125
2.6596e-008	-0.0165
2.7096e-008	-0.0165
2.7596e-008	-0.0165
2.8096e-008	-0.0174375
2.8596e-008	-0.01775
2.9096e-008	-0.0174375
2.9596e-008	-0.0186875
3.0096e-008	-0.0193125
3.0596e-008	-0.0193125
3.1096e-008	-0.0193125
3.1596e-008	-0.019625
3.2096e-008	-0.0215
3.2596e-008	-0.0215
3.3096e-008	-0.0218125
3.3596e-008	-0.0218125
3.4096e-008	-0.0211875
3.4596e-008	-0.0215
3.5096e-008	-0.0205625
3.5596e-008	-0.0199375
3.6096e-008	-0.019625
3.6596e-008	-0.0186875
3.7096e-008	-0.0186875
3.7596e-008	-0.0186875
3.8096e-008	-0.0186875
3.8596e-008	-0.019625
3.9096e-008	-0.0186875
3.9596e-008	-0.019
4.0096e-008	-0.019625
4.0596e-008	-0.020875
4.1096e-008	-0.020875
4.1596e-008	-0.0211875
4.2096e-008	-0.0215
4.2596e-008	-0.0211875
4.3096e-008	-0.0215
4.3596e-008	-0.0211875
4.4096e-008	-0.0211875
4.4596e-008	-0.0205625
4.5096e-008	-0.019625
4.5596e-008	-0.0199375
4.6096e-008	-0.0199375
4.6596e-008	-0.0193125
4.7096e-008	-0.019
4.7596e-008	-0.018375
4.8096e-008	-0.019
4.8596e-008	-0.019
4.9096e-008	-0.019625
4.9596e-008	-0.02025
5.0096e-008	-0.02025
5.0596e-008	-0.0205625
5.1096e-008	-0.0211875
5.1596e-008	-0.020875
5.2096e-008	-0.0215
5.2596e-008	-0.0215
5.3096e-008	-0.022125
5.3596e-008	-0.0215
5.4096e-008	-0.020875
5.4596e-008	-0.020875
5.5096e-008	-0.020875
5.5596e-008	-0.0205625
5.6096e-008	-0.02025
5.6596e-008	-0.02025
5.7096e-008	-0.0193125
5.7596e-008	-0.0193125
5.8096e-008	-0.0199375
5.8596e-008	-0.019625
5.9096e-008	-0.0199375
5.9596e-008	-0.0205625
6.0096e-008	-0.02025
6.0596e-008	-0.020875
6.1096e-008	-0.020875
6.1596e-008	-0.0215
6.2096e-008	-0.022125
6.2596e-008	-0.0218125
6.3096e-008	-0.0215
6.3596e-008	-0.0211875
6.4096e-008	-0.020875
6.4596e-008	-0.02025
6.5096e-008	-0.020875
6.5596e-008	-0.0205625
6.6096e-008	-0.0199375
6.6596e-008	-0.02025
6.7096e-008	-0.0199375
6.7596e-008	-0.0199375
6.8096e-008	-0.02025
6.8596e-008	-0.02025
6.9096e-008	-0.0205625
6.9596e-008	-0.0199375
7.0096e-008	-0.0215
7.0596e-008	-0.0211875
7.1096e-008	-0.0205625
7.1596e-008	-0.0211875
7.2096e-008	-0.0215
7.2596e-008	-0.020875
7.3096e-008	-0.0211875
7.3596e-008	-0.020875
7.4096e-008	-0.020875
7.4596e-008	-0.019625
7.5096e-008	-0.02025
7.5596e-008	-0.0199375
7.6096e-008	-0.019625
7.6596e-008	-0.019625
7.7096e-008	-0.0193125
7.7596e-008	-0.02025
7.8096e-008	-0.019625
7.8596e-008	-0.0186875
7.9096e-008	-0.02025
7.9596e-008	-0.0199375
8.0096e-008	-0.0199375
8.0596e-008	-0.02025
8.1096e-008	-0.0205625
8.1596e-008	-0.0205625
8.2096e-008	-0.02025
8.2596e-008	-0.020875
8.3096e-008	-0.02025
8.3596e-008	-0.019625
8.4096e-008	-0.0199375
8.4596e-008	-0.0199375
8.5096e-008	-0.0199375
8.5596e-008	-0.0193125
8.6096e-008	-0.0193125
8.6596e-008	-0.019625
8.7096e-008	-0.0193125
8.7596e-008	-0.0199375
8.8096e-008	-0.019625
8.8596e-008	-0.019625
8.9096e-008	-0.019
8.9596e-008	-0.0193125
9.0096e-008	-0.0205625
9.0596e-008	-0.0199375
9.1096e-008	-0.0193125
9.1596e-008	-0.0199375
9.2096e-008	-0.019625
9.2596e-008	-0.019625
9.3096e-008	-0.019625
9.3596e-008	-0.0199375
9.4096e-008	-0.0193125
9.4596e-008	-0.019
9.5096e-008	-0.0199375
9.5596e-008	-0.019625
9.6096e-008	-0.02025
9.6596e-008	-0.019625
9.7096e-008	-0.0193125
9.7596e-008	-0.0199375
9.8096e-008	-0.019625
9.8596e-008	-0.019625
9.9096e-008	-0.019
9.9596e-008	-0.019625
1.00096e-007	-0.02025
1.00596e-007	-0.0186875
1.01096e-007	-0.0180625
1.01596e-007	-0.019
1.02096e-007	-0.0193125
1.02596e-007	-0.0193125
1.03096e-007	-0.019
1.03596e-007	-0.019
1.04096e-007	-0.019625
1.04596e-007	-0.0193125
1.05096e-007	-0.019625
1.05596e-007	-0.019625
1.06096e-007	-0.019
1.06596e-007	-0.019625
1.07096e-007	-0.0199375
1.07596e-007	-0.019625
1.08096e-007	-0.019
1.08596e-007	-0.019
1.09096e-007	-0.019
1.09596e-007	-0.019
1.10096e-007	-0.019
1.10596e-007	-0.018375
1.11096e-007	-0.0180625
1.11596e-007	-0.0186875
1.12096e-007	-0.018375
1.12596e-007	-0.0180625
1.13096e-007	-0.0180625
1.13596e-007	-0.019
1.14096e-007	-0.018375
1.14596e-007	-0.0180625
1.15096e-007	-0.0186875
1.15596e-007	-0.019
1.16096e-007	-0.0186875
1.16596e-007	-0.019
1.17096e-007	-0.019625
1.17596e-007	-0.0193125
1.18096e-007	-0.019
1.18596e-007	-0.019
1.19096e-007	-0.0193125
1.19596e-007	-0.0186875
1.20096e-007	-0.0180625
1.20596e-007	-0.0174375
1.21096e-007	-0.0174375
1.21596e-007	-0.017125
1.22096e-007	-0.01775
1.22596e-007	-0.017125
1.23096e-007	-0.0174375
1.23596e-007	-0.017125
1.24096e-007	-0.01775
1.24596e-007	-0.0180625
1.25096e-007	-0.0180625
1.25596e-007	-0.018375
1.26096e-007	-0.0180625
1.26596e-007	-0.018375
1.27096e-007	-0.0193125
1.27596e-007	-0.019625
1.28096e-007	-0.0186875
1.28596e-007	-0.0186875
1.29096e-007	-0.0186875
1.29596e-007	-0.0186875
1.30096e-007	-0.018375
1.30596e-007	-0.01775
1.31096e-007	-0.0168125
1.31596e-007	-0.0165
1.32096e-007	-0.0165
1.32596e-007	-0.0168125
1.33096e-007	-0.0168125
1.33596e-007	-0.0165
1.34096e-007	-0.0165
1.34596e-007	-0.0168125
1.35096e-007	-0.0165
1.35596e-007	-0.01775
1.36096e-007	-0.018375
1.36596e-007	-0.0180625
1.37096e-007	-0.0180625
1.37596e-007	-0.0180625
1.38096e-007	-0.0186875
1.38596e-007	-0.0186875
1.39096e-007	-0.018375
1.39596e-007	-0.0180625
1.40096e-007	-0.017125
1.40596e-007	-0.017125
1.41096e-007	-0.017125
1.41596e-007	-0.0155625
1.42096e-007	-0.0161875
1.42596e-007	-0.0161875
1.43096e-007	-0.0155625
1.43596e-007	-0.015875
1.44096e-007	-0.0161875
1.44596e-007	-0.0168125
1.45096e-007	-0.0174375
1.45596e-007	-0.0174375
1.46096e-007	-0.01775
1.46596e-007	-0.0180625
1.47096e-007	-0.0186875
1.47596e-007	-0.018375
1.48096e-007	-0.0180625
1.48596e-007	-0.0180625
1.49096e-007	-0.01775
1.49596e-007	-0.0174375
1.50096e-007	-0.017125
1.50596e-007	-0.0161875
1.51096e-007	-0.0155625
1.51596e-007	-0.0155625
1.52096e-007	-0.0155625
1.52596e-007	-0.01525
1.53096e-007	-0.0155625
1.53596e-007	-0.0161875
1.54096e-007	-0.0161875
1.54596e-007	-0.0165
1.55096e-007	-0.0165
1.55596e-007	-0.017125
1.56096e-007	-0.0174375
1.56596e-007	-0.0174375
1.57096e-007	-0.01775
1.57596e-007	-0.0180625
1.58096e-007	-0.01775
1.58596e-007	-0.0180625
1.59096e-007	-0.0165
1.59596e-007	-0.0161875
1.60096e-007	-0.0161875
1.60596e-007	-0.015875
1.61096e-007	-0.01525
1.61596e-007	-0.0149375
1.62096e-007	-0.0155625
1.62596e-007	-0.01525
1.63096e-007	-0.01525
1.63596e-007	-0.0155625
1.64096e-007	-0.0155625
1.64596e-007	-0.0165
1.65096e-007	-0.0165
1.65596e-007	-0.0168125
1.66096e-007	-0.0174375
1.66596e-007	-0.0180625
1.67096e-007	-0.0180625
1.67596e-007	-0.01775
1.68096e-007	-0.0174375
1.68596e-007	-0.0174375
1.69096e-007	-0.0165
1.69596e-007	-0.015875
1.70096e-007	-0.0155625
1.70596e-007	-0.0149375
1.71096e-007	-0.0149375
1.71596e-007	-0.014
1.72096e-007	-0.0136875
1.72596e-007	-0.0143125
1.73096e-007	-0.01525
1.73596e-007	-0.01525
1.74096e-007	-0.0155625
1.74596e-007	-0.0161875
1.75096e-007	-0.0165
1.75596e-007	-0.017125
1.76096e-007	-0.01775
1.76596e-007	-0.0174375
1.77096e-007	-0.0174375
1.77596e-007	-0.017125
1.78096e-007	-0.0165
1.78596e-007	-0.0165
1.79096e-007	-0.0155625
1.79596e-007	-0.0155625
1.80096e-007	-0.0143125
1.80596e-007	-0.0149375
1.81096e-007	-0.014625
1.81596e-007	-0.0136875
1.82096e-007	-0.013375
1.82596e-007	-0.0136875
1.83096e-007	-0.0136875
1.83596e-007	-0.0149375
1.84096e-007	-0.0143125
1.84596e-007	-0.0155625
1.85096e-007	-0.0161875
1.85596e-007	-0.0165
1.86096e-007	-0.0174375
1.86596e-007	-0.0174375
1.87096e-007	-0.0174375
1.87596e-007	-0.0174375
1.88096e-007	-0.0165
1.88596e-007	-0.0155625
1.89096e-007	-0.014625
1.89596e-007	-0.015875
1.90096e-007	-0.0155625
1.90596e-007	-0.014
1.91096e-007	-0.014
1.91596e-007	-0.01275
1.92096e-007	-0.01275
1.92596e-007	-0.0130625
1.93096e-007	-0.0130625
1.93596e-007	-0.014
1.94096e-007	-0.0143125
1.94596e-007	-0.0155625
1.95096e-007	-0.015875
1.95596e-007	-0.015875
1.96096e-007	-0.017125
1.96596e-007	-0.0165
1.97096e-007	-0.0161875
1.97596e-007	-0.015875
1.98096e-007	-0.0161875
1.98596e-007	-0.0165
1.99096e-007	-0.01525
1.99596e-007	-0.0149375
2.00096e-007	-0.014625
2.00596e-007	-0.014
2.01096e-007	-0.013375
2.01596e-007	-0.01275
2.02096e-007	-0.01275
2.02596e-007	-0.0130625
2.03096e-007	-0.0124375
2.03596e-007	-0.0136875
2.04096e-007	-0.0136875
2.04596e-007	-0.0136875
2.05096e-007	-0.0143125
2.05596e-007	-0.01525
2.06096e-007	-0.0155625
2.06596e-007	-0.015875
2.07096e-007	-0.0155625
2.07596e-007	-0.0155625
2.08096e-007	-0.015875
2.08596e-007	-0.015875
2.09096e-007	-0.01525
2.09596e-007	-0.0149375
2.10096e-007	-0.0136875
2.10596e-007	-0.0130625
2.11096e-007	-0.0130625
2.11596e-007	-0.0130625
2.12096e-007	-0.0124375
2.12596e-007	-0.0124375
2.13096e-007	-0.012125
2.13596e-007	-0.0130625
2.14096e-007	-0.013375
2.14596e-007	-0.0136875
2.15096e-007	-0.0136875
2.15596e-007	-0.0143125
2.16096e-007	-0.0143125
2.16596e-007	-0.01525
2.17096e-007	-0.015875
2.17596e-007	-0.01525
2.18096e-007	-0.0149375
2.18596e-007	-0.0155625
2.19096e-007	-0.01525
2.19596e-007	-0.014625
2.20096e-007	-0.0136875
2.20596e-007	-0.013375
2.21096e-007	-0.0130625
2.21596e-007	-0.01275
2.22096e-007	-0.01275
2.22596e-007	-0.01275
2.23096e-007	-0.012125
2.23596e-007	-0.0124375
2.24096e-007	-0.0124375
2.24596e-007	-0.0130625
2.25096e-007	-0.014
2.25596e-007	-0.0136875
2.26096e-007	-0.014
2.26596e-007	-0.014
2.27096e-007	-0.0143125
2.27596e-007	-0.0149375
2.28096e-007	-0.01525
2.28596e-007	-0.01525
2.29096e-007	-0.01525
2.29596e-007	-0.0149375
2.30096e-007	-0.013375
2.30596e-007	-0.0130625
2.31096e-007	-0.013375
2.31596e-007	-0.013375
2.32096e-007	-0.0124375
2.32596e-007	-0.0124375
2.33096e-007	-0.01275
2.33596e-007	-0.0130625
2.34096e-007	-0.0130625
2.34596e-007	-0.0130625
2.35096e-007	-0.01275
2.35596e-007	-0.0136875
2.36096e-007	-0.014
2.36596e-007	-0.014625
2.37096e-007	-0.014
2.37596e-007	-0.0136875
2.38096e-007	-0.013375
2.38596e-007	-0.0136875
2.39096e-007	-0.0143125
2.39596e-007	-0.0136875
2.40096e-007	-0.013375
2.40596e-007	-0.01275
2.41096e-007	-0.0124375
2.41596e-007	-0.01275
2.42096e-007	-0.0124375
2.42596e-007	-0.0124375
2.43096e-007	-0.0124375
2.43596e-007	-0.012125
2.44096e-007	-0.012125
2.44596e-007	-0.01275
2.45096e-007	-0.0130625
2.45596e-007	-0.013375
2.46096e-007	-0.013375
2.46596e-007	-0.014
2.47096e-007	-0.014
2.47596e-007	-0.013375
2.48096e-007	-0.013375
2.48596e-007	-0.0130625
2.49096e-007	-0.0130625
2.49596e-007	-0.0130625
2.50096e-007	-0.0124375
2.50596e-007	-0.0130625
2.51096e-007	-0.0124375
2.51596e-007	-0.012125
2.52096e-007	-0.012125
2.52596e-007	-0.0118125
2.53096e-007	-0.0118125
2.53596e-007	-0.012125
2.54096e-007	-0.0118125
2.54596e-007	-0.0124375
2.55096e-007	-0.0124375
2.55596e-007	-0.0136875
2.56096e-007	-0.0130625
2.56596e-007	-0.013375
2.57096e-007	-0.0136875
2.57596e-007	-0.0130625
2.58096e-007	-0.01275
2.58596e-007	-0.0124375
2.59096e-007	-0.01275
2.59596e-007	-0.01275
2.60096e-007	-0.0118125
2.60596e-007	-0.012125
2.61096e-007	-0.0115
2.61596e-007	-0.0111875
2.62096e-007	-0.0115
2.62596e-007	-0.0111875
2.63096e-007	-0.0118125
2.63596e-007	-0.0118125
2.64096e-007	-0.012125
2.64596e-007	-0.01275
2.65096e-007	-0.0130625
2.65596e-007	-0.013375
2.66096e-007	-0.013375
2.66596e-007	-0.013375
2.67096e-007	-0.0130625
2.67596e-007	-0.013375
2.68096e-007	-0.013375
2.68596e-007	-0.01275
2.69096e-007	-0.0124375
2.69596e-007	-0.0115
2.70096e-007	-0.0111875
2.70596e-007	-0.0118125
2.71096e-007	-0.01025
2.71596e-007	-0.01025
2.72096e-007	-0.0105625
2.72596e-007	-0.0105625
2.73096e-007	-0.0111875
2.73596e-007	-0.0111875
2.74096e-007	-0.0118125
2.74596e-007	-0.0124375
2.75096e-007	-0.0124375
2.75596e-007	-0.0130625
2.76096e-007	-0.0130625
2.76596e-007	-0.0143125
2.77096e-007	-0.0136875
2.77596e-007	-0.0130625
2.78096e-007	-0.01275
2.78596e-007	-0.0124375
2.79096e-007	-0.0118125
2.79596e-007	-0.0124375
2.80096e-007	-0.0111875
2.80596e-007	-0.0099375
2.81096e-007	-0.009
2.81596e-007	-0.009625
2.82096e-007	-0.0099375
2.82596e-007	-0.01025
2.83096e-007	-0.0105625
2.83596e-007	-0.010875
2.84096e-007	-0.0111875
2.84596e-007	-0.0118125
2.85096e-007	-0.0124375
2.85596e-007	-0.013375
2.86096e-007	-0.013375
2.86596e-007	-0.013375
2.87096e-007	-0.014
2.87596e-007	-0.013375
2.88096e-007	-0.0130625
2.88596e-007	-0.01275
2.89096e-007	-0.012125
2.89596e-007	-0.0105625
2.90096e-007	-0.0099375
2.90596e-007	-0.01025
2.91096e-007	-0.0093125
2.91596e-007	-0.0086875
2.92096e-007	-0.0086875
2.92596e-007	-0.0093125
2.93096e-007	-0.0099375
2.93596e-007	-0.009625
2.94096e-007	-0.0105625
2.94596e-007	-0.0118125
2.95096e-007	-0.0118125
2.95596e-007	-0.0124375
2.96096e-007	-0.01275
2.96596e-007	-0.0130625
2.97096e-007	-0.0130625
2.97596e-007	-0.013375
2.98096e-007	-0.01275
2.98596e-007	-0.01275
2.99096e-007	-0.0118125
2.99596e-007	-0.0118125
3.00096e-007	-0.0105625
3.00596e-007	-0.01025
3.01096e-007	-0.0093125
3.01596e-007	-0.0086875
3.02096e-007	-0.008375
3.02596e-007	-0.009
3.03096e-007	-0.009
3.03596e-007	-0.0099375
3.04096e-007	-0.01025
3.04596e-007	-0.0105625
3.05096e-007	-0.0111875
3.05596e-007	-0.0124375
3.06096e-007	-0.012125
3.06596e-007	-0.01275
3.07096e-007	-0.013375
3.07596e-007	-0.0130625
3.08096e-007	-0.01275
3.08596e-007	-0.0124375
3.09096e-007	-0.0118125
3.09596e-007	-0.0118125
3.10096e-007	-0.01025
3.10596e-007	-0.01025
3.11096e-007	-0.009625
3.11596e-007	-0.008375
3.12096e-007	-0.0086875
3.12596e-007	-0.008375
3.13096e-007	-0.009625
3.13596e-007	-0.0093125
3.14096e-007	-0.009625
3.14596e-007	-0.010875
3.15096e-007	-0.010875
3.15596e-007	-0.0111875
3.16096e-007	-0.0111875
3.16596e-007	-0.0118125
3.17096e-007	-0.012125
3.17596e-007	-0.012125
3.18096e-007	-0.012125
3.18596e-007	-0.01275
3.19096e-007	-0.0118125
3.19596e-007	-0.0115
3.20096e-007	-0.0105625
3.20596e-007	-0.0093125
3.21096e-007	-0.009
3.21596e-007	-0.0093125
3.22096e-007	-0.0093125
3.22596e-007	-0.0093125
3.23096e-007	-0.0093125
3.23596e-007	-0.0093125
3.24096e-007	-0.009625
3.24596e-007	-0.01025
3.25096e-007	-0.0105625
3.25596e-007	-0.010875
3.26096e-007	-0.0105625
3.26596e-007	-0.0115
3.27096e-007	-0.0111875
3.27596e-007	-0.0124375
3.28096e-007	-0.012125
3.28596e-007	-0.0115
3.29096e-007	-0.010875
3.29596e-007	-0.0111875
3.30096e-007	-0.0111875
3.30596e-007	-0.0105625
3.31096e-007	-0.009625
3.31596e-007	-0.009
3.32096e-007	-0.009625
3.32596e-007	-0.0093125
3.33096e-007	-0.0093125
3.33596e-007	-0.0099375
3.34096e-007	-0.009625
3.34596e-007	-0.009625
3.35096e-007	-0.009625
3.35596e-007	-0.009625
3.36096e-007	-0.010875
3.36596e-007	-0.0099375
3.37096e-007	-0.010875
3.37596e-007	-0.0111875
3.38096e-007	-0.01025
3.38596e-007	-0.0105625
3.39096e-007	-0.0105625
3.39596e-007	-0.0105625
3.40096e-007	-0.01025
3.40596e-007	-0.009625
3.41096e-007	-0.0105625
3.41596e-007	-0.01025
3.42096e-007	-0.009
3.42596e-007	-0.0093125
3.43096e-007	-0.009
3.43596e-007	-0.009
3.44096e-007	-0.009
3.44596e-007	-0.009625
3.45096e-007	-0.01025
3.45596e-007	-0.0093125
3.46096e-007	-0.0099375
3.46596e-007	-0.0093125
3.47096e-007	-0.0099375
3.47596e-007	-0.0105625
3.48096e-007	-0.009625
3.48596e-007	-0.0105625
3.49096e-007	-0.01025
3.49596e-007	-0.009625
3.50096e-007	-0.0099375
3.50596e-007	-0.0099375
3.51096e-007	-0.0099375
3.51596e-007	-0.0099375
3.52096e-007	-0.0099375
3.52596e-007	-0.009625
3.53096e-007	-0.0093125
3.53596e-007	-0.0093125
3.54096e-007	-0.0093125
3.54596e-007	-0.0105625
3.55096e-007	-0.0105625
3.55596e-007	-0.0086875
3.56096e-007	-0.0093125
3.56596e-007	-0.009
3.57096e-007	-0.009625
3.57596e-007	-0.009625
3.58096e-007	-0.0093125
3.58596e-007	-0.01025
3.59096e-007	-0.0099375
3.59596e-007	-0.01025
3.60096e-007	-0.0105625
3.60596e-007	-0.009
3.61096e-007	-0.009625
3.61596e-007	-0.009
3.62096e-007	-0.009
3.62596e-007	-0.0093125
3.63096e-007	-0.0093125
3.63596e-007	-0.009
3.64096e-007	-0.009
3.64596e-007	-0.0093125
3.65096e-007	-0.009625
3.65596e-007	-0.0093125
3.66096e-007	-0.0086875
3.66596e-007	-0.0086875
3.67096e-007	-0.0093125
3.67596e-007	-0.0086875
3.68096e-007	-0.0086875
3.68596e-007	-0.0099375
3.69096e-007	-0.0099375
3.69596e-007	-0.0093125
3.70096e-007	-0.0093125
3.70596e-007	-0.009625
3.71096e-007	-0.0099375
3.71596e-007	-0.009
3.72096e-007	-0.0086875
3.72596e-007	-0.0086875
3.73096e-007	-0.0086875
3.73596e-007	-0.0086875
3.74096e-007	-0.0086875
3.74596e-007	-0.009
3.75096e-007	-0.008375
3.75596e-007	-0.0080625
3.76096e-007	-0.009
3.76596e-007	-0.009
3.77096e-007	-0.0093125
3.77596e-007	-0.009
3.78096e-007	-0.009
3.78596e-007	-0.0093125
3.79096e-007	-0.0093125
3.79596e-007	-0.0099375
3.80096e-007	-0.0099375
3.80596e-007	-0.009625
3.81096e-007	-0.0093125
3.81596e-007	-0.009
3.82096e-007	-0.0086875
3.82596e-007	-0.0086875
3.83096e-007	-0.0093125
3.83596e-007	-0.008375
3.84096e-007	-0.008375
3.84596e-007	-0.008375
3.85096e-007	-0.008375
3.85596e-007	-0.0080625
3.86096e-007	-0.0086875
3.86596e-007	-0.009
3.87096e-007	-0.0086875
3.87596e-007	-0.008375
3.88096e-007	-0.0093125
3.88596e-007	-0.0093125
3.89096e-007	-0.009625
3.89596e-007	-0.0099375
3.90096e-007	-0.0099375
3.90596e-007	-0.0099375
3.91096e-007	-0.0086875
3.91596e-007	-0.0086875
3.92096e-007	-0.0099375
3.92596e-007	-0.0093125
3.93096e-007	-0.008375
3.93596e-007	-0.00775
3.94096e-007	-0.00775
3.94596e-007	-0.0074375
3.95096e-007	-0.007125
3.95596e-007	-0.00775
3.96096e-007	-0.0080625
3.96596e-007	-0.0080625
3.97096e-007	-0.0086875
3.97596e-007	-0.0086875
3.98096e-007	-0.009625
3.98596e-007	-0.009625
3.99096e-007	-0.01025
3.99596e-007	-0.009625
4.00096e-007	-0.0093125
4.00596e-007	-0.0093125
4.01096e-007	-0.0099375
4.01596e-007	-0.009625
4.02096e-007	-0.0086875
4.02596e-007	-0.0080625
4.03096e-007	-0.00775
4.03596e-007	-0.0074375
4.04096e-007	-0.0074375
4.04596e-007	-0.007125
4.05096e-007	-0.007125
4.05596e-007	-0.007125
4.06096e-007	-0.0068125
4.06596e-007	-0.0080625
4.07096e-007	-0.008375
4.07596e-007	-0.0080625
4.08096e-007	-0.0086875
4.08596e-007	-0.009
4.09096e-007	-0.0093125
4.09596e-007	-0.0099375
4.10096e-007	-0.0099375
4.10596e-007	-0.0093125
4.11096e-007	-0.0099375
4.11596e-007	-0.0105625
4.12096e-007	-0.009625
4.12596e-007	-0.0080625
4.13096e-007	-0.00775
4.13596e-007	-0.0074375
4.14096e-007	-0.0074375
4.14596e-007	-0.0065
4.15096e-007	-0.005875
4.15596e-007	-0.0065
4.16096e-007	-0.0074375
4.16596e-007	-0.007125
4.17096e-007	-0.0074375
4.17596e-007	-0.008375
4.18096e-007	-0.009
4.18596e-007	-0.00775
4.19096e-007	-0.008375
4.19596e-007	-0.0093125
4.20096e-007	-0.0099375
4.20596e-007	-0.01025
4.21096e-007	-0.0093125
4.21596e-007	-0.0093125
4.22096e-007	-0.009
4.22596e-007	-0.0080625
4.23096e-007	-0.0074375
4.23596e-007	-0.0068125
4.24096e-007	-0.0065
4.24596e-007	-0.0065
4.25096e-007	-0.0065
4.25596e-007	-0.0061875
4.26096e-007	-0.0061875
4.26596e-007	-0.0065
4.27096e-007	-0.0074375
4.27596e-007	-0.00775
4.28096e-007	-0.0080625
4.28596e-007	-0.008375
4.29096e-007	-0.009
4.29596e-007	-0.009625
4.30096e-007	-0.0093125
4.30596e-007	-0.0086875
4.31096e-007	-0.0086875
4.31596e-007	-0.008375
4.32096e-007	-0.009
4.32596e-007	-0.0086875
4.33096e-007	-0.0074375
4.33596e-007	-0.0068125
4.34096e-007	-0.0065
4.34596e-007	-0.005875
4.35096e-007	-0.005875
4.35596e-007	-0.005875
4.36096e-007	-0.0065
4.36596e-007	-0.0068125
4.37096e-007	-0.007125
4.37596e-007	-0.0074375
4.38096e-007	-0.0086875
4.38596e-007	-0.008375
4.39096e-007	-0.009
4.39596e-007	-0.009625
4.40096e-007	-0.008375
4.40596e-007	-0.0086875
4.41096e-007	-0.009
4.41596e-007	-0.0080625
4.42096e-007	-0.0080625
4.42596e-007	-0.0074375
4.43096e-007	-0.0074375
4.43596e-007	-0.0074375
4.44096e-007	-0.0065
4.44596e-007	-0.0055625
4.45096e-007	-0.0049375
4.45596e-007	-0.0061875
4.46096e-007	-0.0061875
4.46596e-007	-0.0065
4.47096e-007	-0.007125
4.47596e-007	-0.0068125
4.48096e-007	-0.0074375
4.48596e-007	-0.00775
4.49096e-007	-0.0080625
4.49596e-007	-0.009
4.50096e-007	-0.008375
4.50596e-007	-0.008375
4.51096e-007	-0.0080625
4.51596e-007	-0.00775
4.52096e-007	-0.0074375
4.52596e-007	-0.007125
4.53096e-007	-0.007125
4.53596e-007	-0.0065
4.54096e-007	-0.0065
4.54596e-007	-0.0061875
4.55096e-007	-0.0055625
4.55596e-007	-0.005875
4.56096e-007	-0.0061875
4.56596e-007	-0.0061875
4.57096e-007	-0.007125
4.57596e-007	-0.0068125
4.58096e-007	-0.0074375
4.58596e-007	-0.0074375
4.59096e-007	-0.00775
4.59596e-007	-0.0080625
4.60096e-007	-0.008375
4.60596e-007	-0.0080625
4.61096e-007	-0.0074375
4.61596e-007	-0.0074375
4.62096e-007	-0.008375
4.62596e-007	-0.0074375
4.63096e-007	-0.007125
4.63596e-007	-0.0061875
4.64096e-007	-0.0065
4.64596e-007	-0.0065
4.65096e-007	-0.005875
4.65596e-007	-0.0065
4.66096e-007	-0.0065
4.66596e-007	-0.0061875
4.67096e-007	-0.0065
4.67596e-007	-0.0065
4.68096e-007	-0.0068125
4.68596e-007	-0.0074375
4.69096e-007	-0.0074375
4.69596e-007	-0.0074375
4.70096e-007	-0.0068125
4.70596e-007	-0.0068125
4.71096e-007	-0.007125
4.71596e-007	-0.0074375
4.72096e-007	-0.007125
4.72596e-007	-0.0065
4.73096e-007	-0.0065
4.73596e-007	-0.0068125
4.74096e-007	-0.007125
4.74596e-007	-0.0065
4.75096e-007	-0.005875
4.75596e-007	-0.0068125
4.76096e-007	-0.0068125
4.76596e-007	-0.0061875
4.77096e-007	-0.007125
4.77596e-007	-0.0068125
4.78096e-007	-0.0074375
4.78596e-007	-0.0074375
4.79096e-007	-0.0074375
4.79596e-007	-0.007125
4.80096e-007	-0.0065
4.80596e-007	-0.005875
4.81096e-007	-0.0068125
4.81596e-007	-0.0068125
4.82096e-007	-0.007125
4.82596e-007	-0.0061875
4.83096e-007	-0.0061875
4.83596e-007	-0.0065
4.84096e-007	-0.0068125
4.84596e-007	-0.0061875
4.85096e-007	-0.0061875
4.85596e-007	-0.0061875
4.86096e-007	-0.0068125
4.86596e-007	-0.0065
4.87096e-007	-0.005875
4.87596e-007	-0.0061875
4.88096e-007	-0.0061875
4.88596e-007	-0.0061875
4.89096e-007	-0.0065
4.89596e-007	-0.0061875
4.90096e-007	-0.0065
4.90596e-007	-0.0061875
4.91096e-007	-0.0061875
4.91596e-007	-0.005875
4.92096e-007	-0.0055625
4.92596e-007	-0.0068125
4.93096e-007	-0.0065
4.93596e-007	-0.0068125
4.94096e-007	-0.005875
4.94596e-007	-0.0061875
4.95096e-007	-0.0065
4.95596e-007	-0.007125
4.96096e-007	-0.0065
4.96596e-007	-0.0065
4.97096e-007	-0.0065
4.97596e-007	-0.0068125
4.98096e-007	-0.0055625
4.98596e-007	-0.0055625
4.99096e-007	-0.005875
4.99596e-007	-0.005875
5.00096e-007	-0.005875
5.00596e-007	-0.0055625
5.01096e-007	-0.005875
5.01596e-007	-0.0061875
5.02096e-007	-0.005875
5.02596e-007	-0.0055625
5.03096e-007	-0.0061875
5.03596e-007	-0.0065
5.04096e-007	-0.0068125
5.04596e-007	-0.005875
5.05096e-007	-0.0061875
5.05596e-007	-0.0065
5.06096e-007	-0.00775
5.06596e-007	-0.007125
5.07096e-007	-0.005875
5.07596e-007	-0.0055625
5.08096e-007	-0.005875
5.08596e-007	-0.0055625
5.09096e-007	-0.0049375
5.09596e-007	-0.0049375
5.10096e-007	-0.0055625
5.10596e-007	-0.00525
5.11096e-007	-0.005875
5.11596e-007	-0.0055625
5.12096e-007	-0.0055625
5.12596e-007	-0.0061875
5.13096e-007	-0.0055625
5.13596e-007	-0.0065
5.14096e-007	-0.0061875
5.14596e-007	-0.007125
5.15096e-007	-0.00775
5.15596e-007	-0.007125
5.16096e-007	-0.0061875
5.16596e-007	-0.0068125
5.17096e-007	-0.0061875
5.17596e-007	-0.005875
5.18096e-007	-0.00525
5.18596e-007	-0.0049375
5.19096e-007	-0.0043125
5.19596e-007	-0.004625
5.20096e-007	-0.0049375
5.20596e-007	-0.004625
5.21096e-007	-0.0049375
5.21596e-007	-0.0049375
5.22096e-007	-0.0049375
5.22596e-007	-0.005875
5.23096e-007	-0.005875
5.23596e-007	-0.0061875
5.24096e-007	-0.0074375
5.24596e-007	-0.0068125
5.25096e-007	-0.0068125
5.25596e-007	-0.0068125
5.26096e-007	-0.007125
5.26596e-007	-0.0065
5.27096e-007	-0.0061875
5.27596e-007	-0.0055625
5.28096e-007	-0.004625
5.28596e-007	-0.004625
5.29096e-007	-0.004
5.29596e-007	-0.004625
5.30096e-007	-0.004625
5.30596e-007	-0.0036875
5.31096e-007	-0.0043125
5.31596e-007	-0.00525
5.32096e-007	-0.00525
5.32596e-007	-0.00525
5.33096e-007	-0.00525
5.33596e-007	-0.0074375
5.34096e-007	-0.007125
5.34596e-007	-0.0068125
5.35096e-007	-0.007125
5.35596e-007	-0.0068125
5.36096e-007	-0.007125
5.36596e-007	-0.0061875
5.37096e-007	-0.0061875
5.37596e-007	-0.0055625
5.38096e-007	-0.004
5.38596e-007	-0.0055625
5.39096e-007	-0.004625
5.39596e-007	-0.003375
5.40096e-007	-0.0043125
5.40596e-007	-0.0049375
5.41096e-007	-0.0049375
5.41596e-007	-0.004625
5.42096e-007	-0.00525
5.42596e-007	-0.0061875
5.43096e-007	-0.0055625
5.43596e-007	-0.0065
5.44096e-007	-0.005875
5.44596e-007	-0.005875
5.45096e-007	-0.0065
5.45596e-007	-0.0061875
5.46096e-007	-0.0068125
5.46596e-007	-0.0055625
5.47096e-007	-0.00525
5.47596e-007	-0.0049375
5.48096e-007	-0.004
5.48596e-007	-0.0043125
5.49096e-007	-0.0043125
5.49596e-007	-0.0043125
5.50096e-007	-0.0043125
5.50596e-007	-0.004
5.51096e-007	-0.00525
5.51596e-007	-0.0049375
5.52096e-007	-0.0065
5.52596e-007	-0.0068125
5.53096e-007	-0.005875
5.53596e-007	-0.0055625
5.54096e-007	-0.0055625
5.54596e-007	-0.0061875
5.55096e-007	-0.0065
5.55596e-007	-0.0055625
5.56096e-007	-0.005875
5.56596e-007	-0.00525
5.57096e-007	-0.0043125
5.57596e-007	-0.0043125
5.58096e-007	-0.004
5.58596e-007	-0.004625
5.59096e-007	-0.0036875
5.59596e-007	-0.0043125
5.60096e-007	-0.004625
5.60596e-007	-0.00525
5.61096e-007	-0.0049375
5.61596e-007	-0.0049375
5.62096e-007	-0.0061875
5.62596e-007	-0.0055625
5.63096e-007	-0.0065
5.63596e-007	-0.0065
5.64096e-007	-0.0055625
5.64596e-007	-0.005875
5.65096e-007	-0.0055625
5.65596e-007	-0.0055625
5.66096e-007	-0.0049375
5.66596e-007	-0.0036875
5.67096e-007	-0.004625
5.67596e-007	-0.004625
5.68096e-007	-0.0036875
5.68596e-007	-0.003375
5.69096e-007	-0.003375
5.69596e-007	-0.0049375
5.70096e-007	-0.004
5.70596e-007	-0.004625
5.71096e-007	-0.005875
5.71596e-007	-0.00525
5.72096e-007	-0.0061875
5.72596e-007	-0.0049375
5.73096e-007	-0.0055625
5.73596e-007	-0.0061875
5.74096e-007	-0.00525
5.74596e-007	-0.00525
5.75096e-007	-0.0049375
5.75596e-007	-0.0049375
5.76096e-007	-0.004625
5.76596e-007	-0.0036875
5.77096e-007	-0.004
5.77596e-007	-0.0036875
5.78096e-007	-0.0036875
5.78596e-007	-0.0030625
5.79096e-007	-0.003375
5.79596e-007	-0.004625
5.80096e-007	-0.0043125
5.80596e-007	-0.004625
5.81096e-007	-0.004625
5.81596e-007	-0.0055625
5.82096e-007	-0.0061875
5.82596e-007	-0.0055625
5.83096e-007	-0.0061875
5.83596e-007	-0.0061875
5.84096e-007	-0.0049375
5.84596e-007	-0.0049375
5.85096e-007	-0.00525
5.85596e-007	-0.00525
5.86096e-007	-0.0043125
5.86596e-007	-0.004
5.87096e-007	-0.003375
5.87596e-007	-0.0030625
5.88096e-007	-0.003375
5.88596e-007	-0.003375
5.89096e-007	-0.0036875
5.89596e-007	-0.004
5.90096e-007	-0.003375
5.90596e-007	-0.0049375
5.91096e-007	-0.0049375
5.91596e-007	-0.00525
5.92096e-007	-0.00525
5.92596e-007	-0.00525
5.93096e-007	-0.0068125
5.93596e-007	-0.0055625
5.94096e-007	-0.0055625
5.94596e-007	-0.005875
5.95096e-007	-0.0043125
5.95596e-007	-0.004
5.96096e-007	-0.004
5.96596e-007	-0.0049375
5.97096e-007	-0.0036875
5.97596e-007	-0.00275
5.98096e-007	-0.003375
5.98596e-007	-0.00275
5.99096e-007	-0.003375
5.99596e-007	-0.004
6.00096e-007	-0.0036875
6.00596e-007	-0.0049375
6.01096e-007	-0.004625
6.01596e-007	-0.004625
6.02096e-007	-0.0049375
6.02596e-007	-0.005875
6.03096e-007	-0.0061875
6.03596e-007	-0.00525
6.04096e-007	-0.0055625
6.04596e-007	-0.0049375
6.05096e-007	-0.004625
6.05596e-007	-0.004625
6.06096e-007	-0.004
6.06596e-007	-0.004
6.07096e-007	-0.003375
6.07596e-007	-0.003375
6.08096e-007	-0.0036875
6.08596e-007	-0.0030625
6.09096e-007	-0.0030625
6.09596e-007	-0.0036875
6.10096e-007	-0.003375
6.10596e-007	-0.0036875
6.11096e-007	-0.004
6.11596e-007	-0.004625
6.12096e-007	-0.004625
6.12596e-007	-0.0049375
6.13096e-007	-0.0049375
6.13596e-007	-0.00525
6.14096e-007	-0.0055625
6.14596e-007	-0.0049375
6.15096e-007	-0.004625
6.15596e-007	-0.00525
6.16096e-007	-0.0043125
6.16596e-007	-0.004
6.17096e-007	-0.0036875
6.17596e-007	-0.0043125
6.18096e-007	-0.0036875
6.18596e-007	-0.0030625
6.19096e-007	-0.0036875
6.19596e-007	-0.00275
6.20096e-007	-0.00275
6.20596e-007	-0.004
6.21096e-007	-0.004
6.21596e-007	-0.0043125
6.22096e-007	-0.0036875
6.22596e-007	-0.003375
6.23096e-007	-0.0043125
6.23596e-007	-0.0055625
6.24096e-007	-0.00525
6.24596e-007	-0.0043125
6.25096e-007	-0.0049375
6.25596e-007	-0.004625
6.26096e-007	-0.0049375
6.26596e-007	-0.004625
6.27096e-007	-0.0043125
6.27596e-007	-0.0043125
6.28096e-007	-0.0036875
6.28596e-007	-0.0030625
6.29096e-007	-0.0036875
6.29596e-007	-0.003375
6.30096e-007	-0.0030625
6.30596e-007	-0.003375
6.31096e-007	-0.0036875
6.31596e-007	-0.004
6.32096e-007	-0.0036875
6.32596e-007	-0.0043125
6.33096e-007	-0.0043125
6.33596e-007	-0.0043125
6.34096e-007	-0.004625
6.34596e-007	-0.0049375
6.35096e-007	-0.0049375
6.35596e-007	-0.0036875
6.36096e-007	-0.0036875
6.36596e-007	-0.0049375
6.37096e-007	-0.004
6.37596e-007	-0.0043125
6.38096e-007	-0.0036875
6.38596e-007	-0.0036875
6.39096e-007	-0.0043125
6.39596e-007	-0.0036875
6.40096e-007	-0.0030625
6.40596e-007	-0.00275
6.41096e-007	-0.0030625
6.41596e-007	-0.003375
6.42096e-007	-0.0036875
6.42596e-007	-0.004625
6.43096e-007	-0.0043125
6.43596e-007	-0.004625
6.44096e-007	-0.0049375
6.44596e-007	-0.0043125
6.45096e-007	-0.004
6.45596e-007	-0.004625
6.46096e-007	-0.004625
6.46596e-007	-0.0043125
6.47096e-007	-0.0043125
6.47596e-007	-0.0043125
6.48096e-007	-0.003375
6.48596e-007	-0.0036875
6.49096e-007	-0.003375
6.49596e-007	-0.0030625
6.50096e-007	-0.003375
6.50596e-007	-0.0036875
6.51096e-007	-0.003375
6.51596e-007	-0.0030625
6.52096e-007	-0.003375
6.52596e-007	-0.0043125
6.53096e-007	-0.004
6.53596e-007	-0.0049375
6.54096e-007	-0.004625
6.54596e-007	-0.004625
6.55096e-007	-0.004625
6.55596e-007	-0.004
6.56096e-007	-0.004
6.56596e-007	-0.0043125
6.57096e-007	-0.004
6.57596e-007	-0.0036875
6.58096e-007	-0.0024375
6.58596e-007	-0.00275
6.59096e-007	-0.0024375
6.59596e-007	-0.0018125
6.60096e-007	-0.00275
6.60596e-007	-0.0036875
6.61096e-007	-0.0043125
6.61596e-007	-0.004
6.62096e-007	-0.0030625
6.62596e-007	-0.0036875
6.63096e-007	-0.004
6.63596e-007	-0.0055625
6.64096e-007	-0.0055625
6.64596e-007	-0.0055625
6.65096e-007	-0.0049375
6.65596e-007	-0.0043125
6.66096e-007	-0.004
6.66596e-007	-0.0036875
6.67096e-007	-0.0036875
6.67596e-007	-0.0024375
6.68096e-007	-0.0018125
6.68596e-007	-0.0011875
6.69096e-007	-0.0018125
6.69596e-007	-0.002125
6.70096e-007	-0.00275
6.70596e-007	-0.0030625
6.71096e-007	-0.0030625
6.71596e-007	-0.0036875
6.72096e-007	-0.0049375
6.72596e-007	-0.00525
6.73096e-007	-0.0049375
6.73596e-007	-0.005875
6.74096e-007	-0.0055625
6.74596e-007	-0.0055625
6.75096e-007	-0.0055625
6.75596e-007	-0.0049375
6.76096e-007	-0.004
6.76596e-007	-0.003375
6.77096e-007	-0.0024375
6.77596e-007	-0.0015
6.78096e-007	-0.000875
6.78596e-007	-0.000875
6.79096e-007	-0.000875
6.79596e-007	-0.0018125
6.80096e-007	-0.00275
6.80596e-007	-0.00275
6.81096e-007	-0.003375
6.81596e-007	-0.003375
6.82096e-007	-0.0049375
6.82596e-007	-0.0055625
6.83096e-007	-0.0055625
6.83596e-007	-0.0061875
6.84096e-007	-0.0068125
6.84596e-007	-0.0068125
6.85096e-007	-0.0055625
6.85596e-007	-0.0049375
6.86096e-007	-0.0043125
6.86596e-007	-0.00275
6.87096e-007	-0.002125
6.87596e-007	-0.0018125
6.88096e-007	-0.0018125
6.88596e-007	-0.0011875
6.89096e-007	-0.0011875
6.89596e-007	-0.0015
6.90096e-007	-0.0018125
6.90596e-007	-0.0024375
6.91096e-007	-0.0036875
6.91596e-007	-0.0036875
6.92096e-007	-0.004625
6.92596e-007	-0.00525
6.93096e-007	-0.005875
6.93596e-007	-0.0065
6.94096e-007	-0.0061875
6.94596e-007	-0.0061875
6.95096e-007	-0.0055625
6.95596e-007	-0.0049375
6.96096e-007	-0.0036875
6.96596e-007	-0.0024375
6.97096e-007	-0.0018125
6.97596e-007	-0.0015
6.98096e-007	-0.000875
6.98596e-007	-0.0005625
6.99096e-007	-0.000875
6.99596e-007	-0.0011875
7.00096e-007	-0.0018125
7.00596e-007	-0.0024375
7.01096e-007	-0.003375
7.01596e-007	-0.0043125
7.02096e-007	-0.004625
7.02596e-007	-0.0049375
7.03096e-007	-0.00525
7.03596e-007	-0.0065
7.04096e-007	-0.0065
7.04596e-007	-0.0055625
7.05096e-007	-0.00525
7.05596e-007	-0.004625
7.06096e-007	-0.0036875
7.06596e-007	-0.003375
7.07096e-007	-0.0030625
7.07596e-007	-0.0011875
7.08096e-007	-0.000875
7.08596e-007	-0.0015
7.09096e-007	-0.0018125
7.09596e-007	-0.0011875
7.10096e-007	-0.0015
7.10596e-007	-0.00275
7.11096e-007	-0.0036875
7.11596e-007	-0.004625
7.12096e-007	-0.0049375
7.12596e-007	-0.005875
7.13096e-007	-0.005875
7.13596e-007	-0.0055625
7.14096e-007	-0.0049375
7.14596e-007	-0.0049375
7.15096e-007	-0.004625
7.15596e-007	-0.0049375
7.16096e-007	-0.0036875
7.16596e-007	-0.0024375
7.17096e-007	-0.0015
7.17596e-007	-0.0018125
7.18096e-007	-0.0015
7.18596e-007	-0.002125
7.19096e-007	-0.002125
7.19596e-007	-0.002125
7.20096e-007	-0.0024375
7.20596e-007	-0.0030625
7.21096e-007	-0.0043125
7.21596e-007	-0.0049375
7.22096e-007	-0.0049375
7.22596e-007	-0.00525
7.23096e-007	-0.0049375
7.23596e-007	-0.0049375
7.24096e-007	-0.004625
7.24596e-007	-0.004
7.25096e-007	-0.0036875
7.25596e-007	-0.0036875
7.26096e-007	-0.0030625
7.26596e-007	-0.002125
7.27096e-007	-0.0018125
7.27596e-007	-0.0018125
7.28096e-007	-0.002125
7.28596e-007	-0.0018125
7.29096e-007	-0.0024375
7.29596e-007	-0.00275
7.30096e-007	-0.0030625
7.30596e-007	-0.003375
7.31096e-007	-0.004
7.31596e-007	-0.004625
7.32096e-007	-0.004625
7.32596e-007	-0.0049375
7.33096e-007	-0.0036875
7.33596e-007	-0.004
7.34096e-007	-0.0036875
7.34596e-007	-0.0036875
7.35096e-007	-0.00275
7.35596e-007	-0.0024375
7.36096e-007	-0.0024375
7.36596e-007	-0.0024375
7.37096e-007	-0.0018125
7.37596e-007	-0.0018125
7.38096e-007	-0.0018125
7.38596e-007	-0.002125
7.39096e-007	-0.00275
7.39596e-007	-0.004625
7.40096e-007	-0.0036875
7.40596e-007	-0.003375
7.41096e-007	-0.0043125
7.41596e-007	-0.004625
7.42096e-007	-0.004625
7.42596e-007	-0.0049375
7.43096e-007	-0.0049375
7.43596e-007	-0.0043125
7.44096e-007	-0.003375
7.44596e-007	-0.0024375
7.45096e-007	-0.0024375
7.45596e-007	-0.0024375
7.46096e-007	-0.002125
7.46596e-007	-0.0018125
7.47096e-007	-0.0018125
7.47596e-007	-0.002125
7.48096e-007	-0.00275
7.48596e-007	-0.0030625
7.49096e-007	-0.0030625
7.49596e-007	-0.004
7.50096e-007	-0.004
7.50596e-007	-0.004
7.51096e-007	-0.0043125
7.51596e-007	-0.00525
7.52096e-007	-0.0049375
7.52596e-007	-0.004625
7.53096e-007	-0.004
7.53596e-007	-0.0036875
7.54096e-007	-0.0030625
7.54596e-007	-0.00275
7.55096e-007	-0.0018125
7.55596e-007	-0.0018125
7.56096e-007	-0.0015
7.56596e-007	-0.0018125
7.57096e-007	-0.002125
7.57596e-007	-0.0024375
7.58096e-007	-0.0024375
7.58596e-007	-0.00275
7.59096e-007	-0.00275
7.59596e-007	-0.003375
7.60096e-007	-0.004
7.60596e-007	-0.0049375
7.61096e-007	-0.0043125
7.61596e-007	-0.0049375
7.62096e-007	-0.0049375
7.62596e-007	-0.004
7.63096e-007	-0.003375
7.63596e-007	-0.0030625
7.64096e-007	-0.003375
7.64596e-007	-0.003375
7.65096e-007	-0.0024375
7.65596e-007	-0.002125
7.66096e-007	-0.0024375
7.66596e-007	-0.0024375
7.67096e-007	-0.0024375
7.67596e-007	-0.002125
7.68096e-007	-0.00275
7.68596e-007	-0.00275
7.69096e-007	-0.003375
7.69596e-007	-0.0036875
7.70096e-007	-0.0043125
7.70596e-007	-0.0036875
7.71096e-007	-0.003375
7.71596e-007	-0.0036875
7.72096e-007	-0.004
7.72596e-007	-0.0036875
7.73096e-007	-0.0036875
7.73596e-007	-0.004
7.74096e-007	-0.0030625
7.74596e-007	-0.003375
7.75096e-007	-0.00275
7.75596e-007	-0.00275
7.76096e-007	-0.0024375
7.76596e-007	-0.003375
7.77096e-007	-0.0030625
7.77596e-007	-0.0030625
7.78096e-007	-0.003375
7.78596e-007	-0.003375
7.79096e-007	-0.0030625
7.79596e-007	-0.003375
7.80096e-007	-0.003375
7.80596e-007	-0.0036875
7.81096e-007	-0.0024375
7.81596e-007	-0.0030625
7.82096e-007	-0.003375
7.82596e-007	-0.003375
7.83096e-007	-0.003375
7.83596e-007	-0.003375
7.84096e-007	-0.0030625
7.84596e-007	-0.0036875
7.85096e-007	-0.003375
7.85596e-007	-0.0030625
7.86096e-007	-0.0030625
7.86596e-007	-0.0030625
7.87096e-007	-0.00275
7.87596e-007	-0.0030625
7.88096e-007	-0.0036875
7.88596e-007	-0.00275
7.89096e-007	-0.0024375
7.89596e-007	-0.0030625
7.90096e-007	-0.0030625
7.90596e-007	-0.0030625
7.91096e-007	-0.0024375
7.91596e-007	-0.002125
7.92096e-007	-0.0024375
7.92596e-007	-0.0030625
7.93096e-007	-0.0030625
7.93596e-007	-0.003375
7.94096e-007	-0.003375
7.94596e-007	-0.0036875
7.95096e-007	-0.0036875
7.95596e-007	-0.00275
7.96096e-007	-0.0030625
7.96596e-007	-0.00275
7.97096e-007	-0.00275
7.97596e-007	-0.0036875
7.98096e-007	-0.0036875
7.98596e-007	-0.00275
7.99096e-007	-0.002125
7.99596e-007	-0.002125
8.00096e-007	-0.00275
8.00596e-007	-0.0024375
8.01096e-007	-0.0018125
8.01596e-007	-0.002125
8.02096e-007	-0.0024375
8.02596e-007	-0.0030625
8.03096e-007	-0.0030625
8.03596e-007	-0.00275
8.04096e-007	-0.0030625
8.04596e-007	-0.003375
8.05096e-007	-0.0036875
8.05596e-007	-0.004
8.06096e-007	-0.0030625
8.06596e-007	-0.003375
8.07096e-007	-0.0036875
8.07596e-007	-0.003375
8.08096e-007	-0.003375
8.08596e-007	-0.0030625
8.09096e-007	-0.0030625
8.09596e-007	-0.00275
8.10096e-007	-0.0024375
8.10596e-007	-0.002125
8.11096e-007	-0.002125
8.11596e-007	-0.002125
8.12096e-007	-0.0024375
8.12596e-007	-0.0030625
8.13096e-007	-0.00275
8.13596e-007	-0.002125
8.14096e-007	-0.0030625
8.14596e-007	-0.003375
8.15096e-007	-0.0036875
8.15596e-007	-0.003375
8.16096e-007	-0.0036875
8.16596e-007	-0.0036875
8.17096e-007	-0.003375
8.17596e-007	-0.0030625
8.18096e-007	-0.0030625
8.18596e-007	-0.0030625
8.19096e-007	-0.002125
8.19596e-007	-0.0018125
8.20096e-007	-0.002125
8.20596e-007	-0.0024375
8.21096e-007	-0.002125
8.21596e-007	-0.0024375
8.22096e-007	-0.0024375
8.22596e-007	-0.00275
8.23096e-007	-0.0024375
8.23596e-007	-0.0024375
8.24096e-007	-0.0024375
8.24596e-007	-0.003375
8.25096e-007	-0.003375
8.25596e-007	-0.003375
8.26096e-007	-0.0030625
8.26596e-007	-0.003375
8.27096e-007	-0.00275
8.27596e-007	-0.00275
8.28096e-007	-0.0015
8.28596e-007	-0.002125
8.29096e-007	-0.0024375
8.29596e-007	-0.0024375
8.30096e-007	-0.0018125
8.30596e-007	-0.0011875
8.31096e-007	-0.0018125
8.31596e-007	-0.0018125
8.32096e-007	-0.0030625
8.32596e-007	-0.0030625
8.33096e-007	-0.0018125
8.33596e-007	-0.002125
8.34096e-007	-0.0036875
8.34596e-007	-0.003375
8.35096e-007	-0.0036875
8.35596e-007	-0.0036875
8.36096e-007	-0.0024375
8.36596e-007	-0.0024375
8.37096e-007	-0.0024375
8.37596e-007	-0.0018125
8.38096e-007	-0.0015
8.38596e-007	-0.0018125
8.39096e-007	-0.002125
8.39596e-007	-0.0018125
8.40096e-007	-0.0018125
8.40596e-007	-0.0024375
8.41096e-007	-0.002125
8.41596e-007	-0.002125
8.42096e-007	-0.00275
8.42596e-007	-0.003375
8.43096e-007	-0.0030625
8.43596e-007	-0.003375
8.44096e-007	-0.00275
8.44596e-007	-0.0024375
8.45096e-007	-0.0030625
8.45596e-007	-0.00275
8.46096e-007	-0.0024375
8.46596e-007	-0.002125
8.47096e-007	-0.002125
8.47596e-007	-0.0018125
8.48096e-007	-0.0011875
8.48596e-007	-0.002125
8.49096e-007	-0.002125
8.49596e-007	-0.0018125
8.50096e-007	-0.0024375
8.50596e-007	-0.0024375
8.51096e-007	-0.003375
8.51596e-007	-0.003375
8.52096e-007	-0.00275
8.52596e-007	-0.003375
8.53096e-007	-0.0030625
8.53596e-007	-0.0036875
8.54096e-007	-0.003375
8.54596e-007	-0.0030625
8.55096e-007	-0.0030625
8.55596e-007	-0.0030625
8.56096e-007	-0.002125
8.56596e-007	-0.0011875
8.57096e-007	-0.0024375
8.57596e-007	-0.002125
8.58096e-007	-0.0015
8.58596e-007	-0.0015
8.59096e-007	-0.0011875
8.59596e-007	-0.002125
8.60096e-007	-0.00275
8.60596e-007	-0.0030625
8.61096e-007	-0.003375
8.61596e-007	-0.0024375
8.62096e-007	-0.0030625
8.62596e-007	-0.003375
8.63096e-007	-0.0030625
8.63596e-007	-0.0030625
8.64096e-007	-0.0030625
8.64596e-007	-0.00275
8.65096e-007	-0.0024375
8.65596e-007	-0.0024375
8.66096e-007	-0.0024375
8.66596e-007	-0.0015
8.67096e-007	-0.0015
8.67596e-007	-0.000875
8.68096e-007	-0.002125
8.68596e-007	-0.0018125
8.69096e-007	-0.0018125
8.69596e-007	-0.00275
8.70096e-007	-0.002125
8.70596e-007	-0.0030625
8.71096e-007	-0.0030625
8.71596e-007	-0.00275
8.72096e-007	-0.0030625
8.72596e-007	-0.0030625
8.73096e-007	-0.003375
8.73596e-007	-0.0036875
8.74096e-007	-0.0024375
8.74596e-007	-0.0024375
8.75096e-007	-0.0024375
8.75596e-007	-0.0024375
8.76096e-007	-0.002125
8.76596e-007	-0.0015
8.77096e-007	-0.0024375
8.77596e-007	-0.002125
8.78096e-007	-0.0018125
8.78596e-007	-0.0024375
8.79096e-007	-0.002125
8.79596e-007	-0.0024375
8.80096e-007	-0.00275
8.80596e-007	-0.0030625
8.81096e-007	-0.0030625
8.81596e-007	-0.0030625
8.82096e-007	-0.00275
8.82596e-007	-0.003375
8.83096e-007	-0.003375
8.83596e-007	-0.002125
8.84096e-007	-0.0018125
8.84596e-007	-0.0024375
8.85096e-007	-0.002125
8.85596e-007	-0.0018125
8.86096e-007	-0.002125
8.86596e-007	-0.002125
8.87096e-007	-0.002125
8.87596e-007	-0.0011875
8.88096e-007	-0.0024375
8.88596e-007	-0.00275
8.89096e-007	-0.002125
8.89596e-007	-0.0030625
8.90096e-007	-0.0024375
8.90596e-007	-0.0030625
8.91096e-007	-0.0030625
8.91596e-007	-0.00275
8.92096e-007	-0.003375
8.92596e-007	-0.00275
8.93096e-007	-0.0024375
8.93596e-007	-0.0024375
8.94096e-007	-0.0024375
8.94596e-007	-0.002125
8.95096e-007	-0.0011875
8.95596e-007	-0.002125
8.96096e-007	-0.0018125
8.96596e-007	-0.0011875
8.97096e-007	-0.0024375
8.97596e-007	-0.0024375
8.98096e-007	-0.0024375
8.98596e-007	-0.0030625
8.99096e-007	-0.003375
8.99596e-007	-0.0030625
9.00096e-007	-0.0030625
9.00596e-007	-0.0036875
9.01096e-007	-0.0030625
9.01596e-007	-0.0030625
9.02096e-007	-0.0024375
9.02596e-007	-0.002125
9.03096e-007	-0.0024375
9.03596e-007	-0.002125
9.04096e-007	-0.002125
9.04596e-007	-0.0015
9.05096e-007	-0.0018125
9.05596e-007	-0.0018125
9.06096e-007	-0.002125
9.06596e-007	-0.0024375
9.07096e-007	-0.002125
9.07596e-007	-0.0024375
9.08096e-007	-0.0030625
9.08596e-007	-0.0036875
9.09096e-007	-0.0036875
9.09596e-007	-0.00275
9.10096e-007	-0.00275
9.10596e-007	-0.0030625
9.11096e-007	-0.0030625
9.11596e-007	-0.0030625
9.12096e-007	-0.002125
9.12596e-007	-0.002125
9.13096e-007	-0.0015
9.13596e-007	-0.0015
9.14096e-007	-0.0024375
9.14596e-007	-0.0018125
9.15096e-007	-0.00275
9.15596e-007	-0.0018125
9.16096e-007	-0.002125
9.16596e-007	-0.0030625
9.17096e-007	-0.00275
9.17596e-007	-0.0030625
9.18096e-007	-0.0030625
9.18596e-007	-0.003375
9.19096e-007	-0.0030625
9.19596e-007	-0.00275
9.20096e-007	-0.0030625
9.20596e-007	-0.0030625
9.21096e-007	-0.00275
9.21596e-007	-0.002125
9.22096e-007	-0.0018125
9.22596e-007	-0.0024375
9.23096e-007	-0.002125
9.23596e-007	-0.0015
9.24096e-007	-0.002125
9.24596e-007	-0.002125
9.25096e-007	-0.0030625
9.25596e-007	-0.002125
9.26096e-007	-0.002125
9.26596e-007	-0.0030625
9.27096e-007	-0.00275
9.27596e-007	-0.003375
9.28096e-007	-0.0030625
9.28596e-007	-0.003375
9.29096e-007	-0.0030625
9.29596e-007	-0.002125
9.30096e-007	-0.0024375
9.30596e-007	-0.002125
9.31096e-007	-0.002125
9.31596e-007	-0.0018125
9.32096e-007	-0.0015
9.32596e-007	-0.0015
9.33096e-007	-0.0011875
9.33596e-007	-0.0018125
9.34096e-007	-0.002125
9.34596e-007	-0.0018125
9.35096e-007	-0.00275
9.35596e-007	-0.00275
9.36096e-007	-0.00275
9.36596e-007	-0.003375
9.37096e-007	-0.0043125
9.37596e-007	-0.003375
9.38096e-007	-0.0024375
9.38596e-007	-0.0030625
9.39096e-007	-0.0024375
9.39596e-007	-0.0018125
9.40096e-007	-0.0024375
9.40596e-007	-0.0011875
9.41096e-007	-0.0011875
9.41596e-007	-0.0011875
9.42096e-007	-0.0018125
9.42596e-007	-0.0015
9.43096e-007	-0.0011875
9.43596e-007	-0.0018125
9.44096e-007	-0.0015
9.44596e-007	-0.0024375
9.45096e-007	-0.0030625
9.45596e-007	-0.0030625
9.46096e-007	-0.0030625
9.46596e-007	-0.003375
9.47096e-007	-0.003375
9.47596e-007	-0.004
9.48096e-007	-0.003375
9.48596e-007	-0.00275
9.49096e-007	-0.002125
9.49596e-007	-0.0024375
9.50096e-007	-0.002125
9.50596e-007	-0.0011875
9.51096e-007	-0.0015
9.51596e-007	-0.0011875
9.52096e-007	-0.0015
9.52596e-007	-0.0015
9.53096e-007	-0.0011875
9.53596e-007	-0.0024375
9.54096e-007	-0.00275
9.54596e-007	-0.0024375
9.55096e-007	-0.00275
9.55596e-007	-0.0030625
9.56096e-007	-0.004
9.56596e-007	-0.004
9.57096e-007	-0.0036875
9.57596e-007	-0.0030625
9.58096e-007	-0.0030625
9.58596e-007	-0.0030625
9.59096e-007	-0.00275
9.59596e-007	-0.0024375
9.60096e-007	-0.002125
9.60596e-007	-0.000875
9.61096e-007	-0.000875
9.61596e-007	-0.000875
9.62096e-007	-0.0015
9.62596e-007	-0.0015
9.63096e-007	-0.002125
9.63596e-007	-0.002125
9.64096e-007	-0.0024375
9.64596e-007	-0.003375
9.65096e-007	-0.00275
9.65596e-007	-0.0030625
9.66096e-007	-0.003375
9.66596e-007	-0.0030625
9.67096e-007	-0.003375
9.67596e-007	-0.003375
9.68096e-007	-0.0030625
9.68596e-007	-0.0030625
9.69096e-007	-0.002125
9.69596e-007	-0.0015
9.70096e-007	-0.0011875
9.70596e-007	-0.0011875
9.71096e-007	-0.0011875
9.71596e-007	-0.0011875
9.72096e-007	-0.0015
9.72596e-007	-0.002125
9.73096e-007	-0.0018125
9.73596e-007	-0.0018125
9.74096e-007	-0.0024375
9.74596e-007	-0.003375
9.75096e-007	-0.00275
9.75596e-007	-0.00275
9.76096e-007	-0.003375
9.76596e-007	-0.003375
9.77096e-007	-0.003375
9.77596e-007	-0.0030625
9.78096e-007	-0.0024375
9.78596e-007	-0.0018125
9.79096e-007	-0.0018125
9.79596e-007	-0.0018125
9.80096e-007	-0.0018125
9.80596e-007	-0.0015
9.81096e-007	-0.0018125
9.81596e-007	-0.0018125
9.82096e-007	-0.0015
9.82596e-007	-0.000875
9.83096e-007	-0.0024375
9.83596e-007	-0.002125
9.84096e-007	-0.002125
9.84596e-007	-0.00275
9.85096e-007	-0.00275
9.85596e-007	-0.00275
9.86096e-007	-0.0030625
9.86596e-007	-0.003375
9.87096e-007	-0.0030625
9.87596e-007	-0.002125
9.88096e-007	-0.0018125
9.88596e-007	-0.0018125
9.89096e-007	-0.002125
9.89596e-007	-0.0018125
9.90096e-007	-0.0005625
9.90596e-007	-0.0011875
9.91096e-007	-0.002125
9.91596e-007	-0.002125
9.92096e-007	-0.0018125
9.92596e-007	-0.0018125
9.93096e-007	-0.0024375
9.93596e-007	-0.0024375
9.94096e-007	-0.0018125
9.94596e-007	-0.0024375
9.95096e-007	-0.00275
9.95596e-007	-0.0030625
9.96096e-007	-0.002125
9.96596e-007	-0.0024375
9.97096e-007	-0.0024375
9.97596e-007	-0.0024375
9.98096e-007	-0.002125
9.98596e-007	-0.0015
9.99096e-007	-0.0011875
9.99596e-007	-0.0011875
1.000096e-006	-0.0011875
1.000596e-006	-0.002125
1.001096e-006	-0.0018125
1.001596e-006	-0.002125
1.002096e-006	-0.002125
1.002596e-006	-0.0018125
1.003096e-006	-0.00275
1.003596e-006	-0.0030625
1.004096e-006	-0.0030625
1.004596e-006	-0.00275
1.005096e-006	-0.00275
1.005596e-006	-0.003375
1.006096e-006	-0.00275
1.006596e-006	-0.0024375
1.007096e-006	-0.002125
1.007596e-006	-0.0005625
1.008096e-006	-0.0011875
1.008596e-006	-0.0015
1.009096e-006	-0.0011875
1.009596e-006	-0.000875
1.010096e-006	-0.0015
1.010596e-006	-0.0015
1.011096e-006	-0.0015
1.011596e-006	-0.0018125
1.012096e-006	-0.002125
1.012596e-006	-0.0024375
1.013096e-006	-0.00275
1.013596e-006	-0.0030625
1.014096e-006	-0.0030625
1.014596e-006	-0.00275
1.015096e-006	-0.002125
1.015596e-006	-0.0024375
1.016096e-006	-0.00275
1.016596e-006	-0.002125
1.017096e-006	-0.000875
1.017596e-006	-0.000875
1.018096e-006	-0.0011875
1.018596e-006	-0.000875
1.019096e-006	-0.0011875
1.019596e-006	-0.0018125
1.020096e-006	-0.0011875
1.020596e-006	-0.0018125
1.021096e-006	-0.002125
1.021596e-006	-0.002125
1.022096e-006	-0.0024375
1.022596e-006	-0.00275
1.023096e-006	-0.00275
1.023596e-006	-0.003375
1.024096e-006	-0.0030625
1.024596e-006	-0.002125
1.025096e-006	-0.00275
1.025596e-006	-0.00275
1.026096e-006	-0.0015
1.026596e-006	-0.0018125
1.027096e-006	-0.002125
1.027596e-006	-0.0015
1.028096e-006	-0.0024375
1.028596e-006	-0.0011875
1.029096e-006	-0.000875
1.029596e-006	-0.0011875
1.030096e-006	-0.0015
1.030596e-006	-0.0018125
1.031096e-006	-0.0018125
1.031596e-006	-0.0018125
1.032096e-006	-0.002125
1.032596e-006	-0.0018125
1.033096e-006	-0.002125
1.033596e-006	-0.0024375
1.034096e-006	-0.0024375
1.034596e-006	-0.0024375
1.035096e-006	-0.0024375
1.035596e-006	-0.0018125
1.036096e-006	-0.002125
1.036596e-006	-0.00275
1.037096e-006	-0.002125
1.037596e-006	-0.0015
1.038096e-006	-0.0018125
1.038596e-006	-0.0018125
1.039096e-006	-0.002125
1.039596e-006	-0.0018125
1.040096e-006	-0.0018125
1.040596e-006	-0.0015
1.041096e-006	-0.0015
1.041596e-006	-0.0015
1.042096e-006	-0.002125
1.042596e-006	-0.0015
1.043096e-006	-0.0005625
1.043596e-006	-0.0005625
1.044096e-006	-0.002125
1.044596e-006	-0.002125
1.045096e-006	-0.0018125
1.045596e-006	-0.0024375
1.046096e-006	-0.00275
1.046596e-006	-0.0030625
1.047096e-006	-0.0024375
1.047596e-006	-0.0018125
1.048096e-006	-0.0015
1.048596e-006	-0.002125
1.049096e-006	-0.002125
1.049596e-006	-0.0018125
1.050096e-006	-0.0018125
1.050596e-006	-0.0011875
1.051096e-006	-0.0018125
1.051596e-006	-0.0011875
1.052096e-006	-0.0015
1.052596e-006	-0.0015
1.053096e-006	-0.0005625
1.053596e-006	-0.0011875
1.054096e-006	-0.0011875
1.054596e-006	-0.0011875
1.055096e-006	-0.002125
1.055596e-006	-0.002125
1.056096e-006	-0.0024375
1.056596e-006	-0.0024375
1.057096e-006	-0.0024375
1.057596e-006	-0.0024375
1.058096e-006	-0.00275
1.058596e-006	-0.0030625
1.059096e-006	-0.0024375
1.059596e-006	-0.0024375
1.060096e-006	-0.0024375
1.060596e-006	-0.002125
1.061096e-006	-0.0015
1.061596e-006	-0.0011875
1.062096e-006	-0.000875
1.062596e-006	-0.0005625
1.063096e-006	-0.0005625
1.063596e-006	-0.0011875
1.064096e-006	-0.0011875
1.064596e-006	-0.000875
1.065096e-006	-0.000875
1.065596e-006	-0.002125
1.066096e-006	-0.002125
1.066596e-006	-0.002125
1.067096e-006	-0.003375
1.067596e-006	-0.00275
1.068096e-006	-0.00275
1.068596e-006	-0.003375
1.069096e-006	-0.00275
1.069596e-006	-0.00275
1.070096e-006	-0.0024375
1.070596e-006	-0.00275
1.071096e-006	-0.0024375
1.071596e-006	-0.000875
1.072096e-006	-0.0005625
1.072596e-006	6.25e-005
1.073096e-006	-0.00025
1.073596e-006	-0.0005625
1.074096e-006	6.25e-005
1.074596e-006	-0.000875
1.075096e-006	-0.000875
1.075596e-006	-0.0015
1.076096e-006	-0.002125
1.076596e-006	-0.0018125
1.077096e-006	-0.00275
1.077596e-006	-0.003375
1.078096e-006	-0.004
1.078596e-006	-0.0043125
1.079096e-006	-0.003375
1.079596e-006	-0.0030625
1.080096e-006	-0.00275
1.080596e-006	-0.0018125
1.081096e-006	-0.0018125
1.081596e-006	-0.0011875
1.082096e-006	-0.0011875
1.082596e-006	-0.0005625
1.083096e-006	-0.00025
1.083596e-006	-0.00025
1.084096e-006	6.25e-005
1.084596e-006	0.000375
1.085096e-006	-0.00025
1.085596e-006	-0.0015
1.086096e-006	-0.002125
1.086596e-006	-0.002125
1.087096e-006	-0.00275
1.087596e-006	-0.003375
1.088096e-006	-0.0036875
1.088596e-006	-0.003375
1.089096e-006	-0.00275
1.089596e-006	-0.00275
1.090096e-006	-0.0024375
1.090596e-006	-0.0018125
1.091096e-006	-0.0011875
1.091596e-006	-0.000875
1.092096e-006	-0.0005625
1.092596e-006	-0.00025
1.093096e-006	-0.00025
1.093596e-006	-0.00025
1.094096e-006	6.25e-005
1.094596e-006	-0.0011875
1.095096e-006	-0.0011875
1.095596e-006	-0.0018125
1.096096e-006	-0.0018125
1.096596e-006	-0.0024375
1.097096e-006	-0.003375
1.097596e-006	-0.0024375
1.098096e-006	-0.0030625
1.098596e-006	-0.0030625
1.099096e-006	-0.0024375
1.099596e-006	-0.0024375
1.100096e-006	-0.0024375
1.100596e-006	-0.002125
1.101096e-006	-0.0011875
1.101596e-006	-0.000875
1.102096e-006	-0.000875
1.102596e-006	0.000375
1.103096e-006	-0.00025
1.103596e-006	-0.00025
1.104096e-006	-0.00025
1.104596e-006	-0.0011875
1.105096e-006	-0.0018125
1.105596e-006	-0.0018125
1.106096e-006	-0.00275
1.106596e-006	-0.0030625
1.107096e-006	-0.00275
1.107596e-006	-0.0024375
1.108096e-006	-0.004
1.108596e-006	-0.004
1.109096e-006	-0.0024375
1.109596e-006	-0.002125
1.110096e-006	-0.0024375
1.110596e-006	-0.002125
1.111096e-006	-0.0011875
1.111596e-006	-0.000875
1.112096e-006	-0.0011875
1.112596e-006	-0.00025
1.113096e-006	-0.00025
1.113596e-006	-0.0005625
1.114096e-006	-0.0005625
1.114596e-006	-0.0018125
1.115096e-006	-0.0011875
1.115596e-006	-0.0005625
1.116096e-006	-0.0024375
1.116596e-006	-0.0036875
1.117096e-006	-0.0030625
1.117596e-006	-0.0030625
1.118096e-006	-0.0030625
1.118596e-006	-0.0024375
1.119096e-006	-0.002125
1.119596e-006	-0.0018125
1.120096e-006	-0.0015
1.120596e-006	-0.0011875
1.121096e-006	-0.00025
1.121596e-006	-0.00025
1.122096e-006	-0.0005625
1.122596e-006	-0.00025
1.123096e-006	6.25e-005
1.123596e-006	-0.00025
1.124096e-006	-0.0005625
1.124596e-006	-0.0015
1.125096e-006	-0.00275
1.125596e-006	-0.0024375
1.126096e-006	-0.002125
1.126596e-006	-0.00275
1.127096e-006	-0.0030625
1.127596e-006	-0.0030625
1.128096e-006	-0.003375
1.128596e-006	-0.0024375
1.129096e-006	-0.0015
1.129596e-006	-0.000875
1.130096e-006	-0.000875
1.130596e-006	-0.0005625
1.131096e-006	-0.00025
1.131596e-006	6.25e-005
1.132096e-006	6.25e-005
1.132596e-006	6.25e-005
1.133096e-006	-0.000875
1.133596e-006	-0.0011875
1.134096e-006	-0.000875
1.134596e-006	-0.0011875
1.135096e-006	-0.002125
1.135596e-006	-0.00275
1.136096e-006	-0.0024375
1.136596e-006	-0.00275
1.137096e-006	-0.0024375
1.137596e-006	-0.0030625
1.138096e-006	-0.00275
1.138596e-006	-0.0024375
1.139096e-006	-0.0024375
1.139596e-006	-0.0011875
1.140096e-006	-0.000875
1.140596e-006	-0.0005625
1.141096e-006	6.25e-005
1.141596e-006	-0.00025
1.142096e-006	-0.00025
1.142596e-006	-0.0005625
1.143096e-006	-0.00025
1.143596e-006	-0.0005625
1.144096e-006	-0.0015
1.144596e-006	-0.002125
1.145096e-006	-0.0024375
1.145596e-006	-0.0024375
1.146096e-006	-0.0024375
1.146596e-006	-0.003375
1.147096e-006	-0.0036875
1.147596e-006	-0.0030625
1.148096e-006	-0.002125
1.148596e-006	-0.0024375
1.149096e-006	-0.0024375
1.149596e-006	-0.0015
1.150096e-006	-0.0011875
1.150596e-006	-0.000875
1.151096e-006	-0.000875
1.151596e-006	-0.0005625
1.152096e-006	-0.0005625
1.152596e-006	-0.00025
1.153096e-006	6.25e-005
1.153596e-006	-0.000875
1.154096e-006	-0.000875
1.154596e-006	-0.000875
1.155096e-006	-0.002125
1.155596e-006	-0.0024375
1.156096e-006	-0.0024375
1.156596e-006	-0.002125
1.157096e-006	-0.0024375
1.157596e-006	-0.003375
1.158096e-006	-0.00275
1.158596e-006	-0.0018125
1.159096e-006	-0.0018125
1.159596e-006	-0.0018125
1.160096e-006	-0.0015
1.160596e-006	-0.000875
1.161096e-006	-0.000875
1.161596e-006	-0.0005625
1.162096e-006	-0.000875
1.162596e-006	-0.0005625
1.163096e-006	6.25e-005
1.163596e-006	-0.000875
1.164096e-006	-0.0011875
1.164596e-006	-0.0011875
1.165096e-006	-0.0015
1.165596e-006	-0.002125
1.166096e-006	-0.0018125
1.166596e-006	-0.0018125
1.167096e-006	-0.0024375
1.167596e-006	-0.002125
1.168096e-006	-0.0011875
1.168596e-006	-0.002125
1.169096e-006	-0.0024375
1.169596e-006	-0.0030625
1.170096e-006	-0.00275
1.170596e-006	-0.0015
1.171096e-006	-0.0011875
1.171596e-006	-0.0005625
1.172096e-006	-0.000875
1.172596e-006	-0.0005625
1.173096e-006	-0.0005625
1.173596e-006	-0.0011875
1.174096e-006	-0.000875
1.174596e-006	-0.0005625
1.175096e-006	-0.0005625
1.175596e-006	-0.000875
1.176096e-006	-0.0015
1.176596e-006	-0.0018125
1.177096e-006	-0.0015
1.177596e-006	-0.0018125
1.178096e-006	-0.0024375
1.178596e-006	-0.0024375
1.179096e-006	-0.002125
1.179596e-006	-0.0015
1.180096e-006	-0.0018125
1.180596e-006	-0.0024375
1.181096e-006	-0.0018125
1.181596e-006	-0.0015
1.182096e-006	-0.0011875
1.182596e-006	-0.000875
1.183096e-006	-0.000875
1.183596e-006	-0.000875
1.184096e-006	-0.00025
1.184596e-006	-0.0011875
1.185096e-006	-0.000875
1.185596e-006	-0.00025
1.186096e-006	-0.0005625
1.186596e-006	-0.0011875
1.187096e-006	-0.0018125
1.187596e-006	-0.0018125
1.188096e-006	-0.0018125
1.188596e-006	-0.002125
1.189096e-006	-0.0018125
1.189596e-006	-0.0024375
1.190096e-006	-0.00275
1.190596e-006	-0.002125
1.191096e-006	-0.0015
1.191596e-006	-0.0018125
1.192096e-006	-0.0018125
1.192596e-006	-0.0011875
1.193096e-006	-0.0011875
1.193596e-006	-0.0005625
1.194096e-006	-0.000875
1.194596e-006	-0.0011875
1.195096e-006	-0.000875
1.195596e-006	6.25e-005
1.196096e-006	-0.00025
1.196596e-006	-0.0011875
1.197096e-006	-0.0015
1.197596e-006	-0.0018125
1.198096e-006	-0.00275
1.198596e-006	-0.002125
1.199096e-006	-0.0018125
1.199596e-006	-0.0024375
1.200096e-006	-0.002125
1.200596e-006	-0.0024375
1.201096e-006	-0.0024375
1.201596e-006	-0.0018125
1.202096e-006	-0.0015
1.202596e-006	-0.0011875
1.203096e-006	-0.0015
1.203596e-006	-0.000875
1.204096e-006	-0.0011875
1.204596e-006	-0.0005625
1.205096e-006	0.0006875
1.205596e-006	6.25e-005
1.206096e-006	-0.00025
1.206596e-006	-0.00025
1.207096e-006	-0.00025
1.207596e-006	-0.000875
1.208096e-006	-0.0015
1.208596e-006	-0.0024375
1.209096e-006	-0.00275
1.209596e-006	-0.002125
1.210096e-006	-0.0030625
1.210596e-006	-0.0024375
1.211096e-006	-0.0015
1.211596e-006	-0.0018125
1.212096e-006	-0.002125
1.212596e-006	-0.0015
1.213096e-006	-0.00025
1.213596e-006	-0.00025
1.214096e-006	-0.000875
1.214596e-006	0.000375
1.215096e-006	6.25e-005
1.215596e-006	-0.000875
1.216096e-006	-0.0005625
1.216596e-006	-0.00025
1.217096e-006	-0.00025
1.217596e-006	-0.0018125
1.218096e-006	-0.0018125
1.218596e-006	-0.0018125
1.219096e-006	-0.0024375
1.219596e-006	-0.00275
1.220096e-006	-0.0030625
1.220596e-006	-0.0030625
1.221096e-006	-0.002125
1.221596e-006	-0.0018125
1.222096e-006	-0.000875
1.222596e-006	-0.000875
1.223096e-006	-0.000875
1.223596e-006	-0.00025
1.224096e-006	0.000375
1.224596e-006	0.000375
1.225096e-006	-0.0005625
1.225596e-006	6.25e-005
1.226096e-006	-0.00025
1.226596e-006	-0.000875
1.227096e-006	-0.0011875
1.227596e-006	-0.002125
1.228096e-006	-0.0024375
1.228596e-006	-0.0030625
1.229096e-006	-0.003375
1.229596e-006	-0.00275
1.230096e-006	-0.00275
1.230596e-006	-0.0024375
1.231096e-006	-0.002125
1.231596e-006	-0.0015
1.232096e-006	-0.0011875
1.232596e-006	-0.0005625
1.233096e-006	6.25e-005
1.233596e-006	-0.00025
1.234096e-006	6.25e-005
1.234596e-006	0.0006875
1.235096e-006	6.25e-005
1.235596e-006	-0.0005625
1.236096e-006	-0.000875
1.236596e-006	-0.0011875
1.237096e-006	-0.0011875
1.237596e-006	-0.00275
1.238096e-006	-0.0024375
1.238596e-006	-0.0024375
1.239096e-006	-0.0024375
1.239596e-006	-0.00275
1.240096e-006	-0.00275
1.240596e-006	-0.00275
1.241096e-006	-0.0024375
1.241596e-006	-0.0018125
1.242096e-006	-0.0011875
1.242596e-006	-0.0005625
1.243096e-006	0.000375
1.243596e-006	-0.00025
1.244096e-006	-0.00025
1.244596e-006	0.0006875
1.245096e-006	0.0006875
1.245596e-006	6.25e-005
1.246096e-006	-0.000875
1.246596e-006	-0.0015
1.247096e-006	-0.0015
1.247596e-006	-0.0024375
1.248096e-006	-0.00275
1.248596e-006	-0.002125
1.249096e-006	-0.0024375
1.249596e-006	-0.0024375
1.250096e-006	-0.00275
1.250596e-006	-0.002125
1.251096e-006	-0.0024375
1.251596e-006	-0.0015
1.252096e-006	-0.0005625
1.252596e-006	6.25e-005
1.253096e-006	0.001
1.253596e-006	0.0006875
1.254096e-006	0.001
1.254596e-006	0.001
1.255096e-006	-0.0005625
1.255596e-006	-0.0005625
1.256096e-006	-0.0011875
1.256596e-006	-0.0011875
1.257096e-006	-0.0015
1.257596e-006	-0.0024375
1.258096e-006	-0.0024375
1.258596e-006	-0.0030625
1.259096e-006	-0.0024375
1.259596e-006	-0.002125
1.260096e-006	-0.002125
1.260596e-006	-0.002125
1.261096e-006	-0.0018125
1.261596e-006	-0.0011875
1.262096e-006	-0.0005625
1.262596e-006	-0.0005625
1.263096e-006	0.0006875
1.263596e-006	0.000375
1.264096e-006	0.000375
1.264596e-006	0.000375
1.265096e-006	-0.0005625
1.265596e-006	-0.000875
1.266096e-006	-0.0015
1.266596e-006	-0.002125
1.267096e-006	-0.002125
1.267596e-006	-0.002125
1.268096e-006	-0.002125
1.268596e-006	-0.00275
1.269096e-006	-0.0024375
1.269596e-006	-0.002125
1.270096e-006	-0.0024375
1.270596e-006	-0.002125
1.271096e-006	-0.000875
1.271596e-006	-0.00025
1.272096e-006	-0.000875
1.272596e-006	-0.0005625
1.273096e-006	-0.00025
1.273596e-006	0.000375
1.274096e-006	6.25e-005
1.274596e-006	-0.00025
1.275096e-006	-0.0005625
1.275596e-006	-0.000875
1.276096e-006	-0.002125
1.276596e-006	-0.0018125
1.277096e-006	-0.0015
1.277596e-006	-0.002125
1.278096e-006	-0.0030625
1.278596e-006	-0.00275
1.279096e-006	-0.0011875
1.279596e-006	-0.0018125
1.280096e-006	-0.0024375
1.280596e-006	-0.0015
1.281096e-006	-0.0005625
1.281596e-006	-0.0005625
1.282096e-006	-0.0005625
1.282596e-006	6.25e-005
1.283096e-006	0.000375
1.283596e-006	-0.00025
1.284096e-006	6.25e-005
1.284596e-006	-0.0005625
1.285096e-006	-0.000875
1.285596e-006	-0.000875
1.286096e-006	-0.0011875
1.286596e-006	-0.0018125
1.287096e-006	-0.0015
1.287596e-006	-0.0011875
1.288096e-006	-0.002125
1.288596e-006	-0.0024375
1.289096e-006	-0.0015
1.289596e-006	-0.000875
1.290096e-006	-0.000875
1.290596e-006	-0.0011875
1.291096e-006	-0.000875
1.291596e-006	-0.00025
1.292096e-006	-0.0005625
1.292596e-006	-0.0005625
1.293096e-006	-0.0005625
1.293596e-006	-0.00025
1.294096e-006	-0.000875
1.294596e-006	-0.000875
1.295096e-006	-0.0005625
1.295596e-006	-0.0011875
1.296096e-006	-0.002125
1.296596e-006	-0.0011875
1.297096e-006	-0.002125
1.297596e-006	-0.0018125
1.298096e-006	-0.002125
1.298596e-006	-0.0024375
1.299096e-006	-0.0018125
1.299596e-006	-0.0011875
1.300096e-006	-0.000875
1.300596e-006	6.25e-005
1.301096e-006	-0.00025
1.301596e-006	-0.000875
1.302096e-006	-0.000875
1.302596e-006	-0.0005625
1.303096e-006	-0.0005625
1.303596e-006	-0.0011875
1.304096e-006	-0.0005625
1.304596e-006	-0.0005625
1.305096e-006	-0.0005625
1.305596e-006	-0.000875
1.306096e-006	-0.0011875
1.306596e-006	-0.0011875
1.307096e-006	-0.0018125
1.307596e-006	-0.002125
1.308096e-006	-0.0015
1.308596e-006	-0.0011875
1.309096e-006	-0.0011875
1.309596e-006	-0.0018125
1.310096e-006	-0.0015
1.310596e-006	-0.0011875
1.311096e-006	-0.0011875
1.311596e-006	-0.0005625
1.312096e-006	-0.0011875
1.312596e-006	-0.0015
1.313096e-006	-0.0011875
1.313596e-006	-0.0005625
1.314096e-006	-0.00025
1.314596e-006	-0.000875
1.315096e-006	-0.000875
1.315596e-006	-0.0011875
1.316096e-006	-0.0011875
1.316596e-006	6.25e-005
1.317096e-006	-0.0011875
1.317596e-006	-0.000875
1.318096e-006	-0.0015
1.318596e-006	-0.0011875
1.319096e-006	-0.000875
1.319596e-006	-0.0018125
1.320096e-006	-0.0011875
1.320596e-006	-0.000875
1.321096e-006	-0.0018125
1.321596e-006	-0.0018125
1.322096e-006	-0.0015
1.322596e-006	-0.0005625
1.323096e-006	-0.000875
1.323596e-006	-0.0011875
1.324096e-006	-0.0011875
1.324596e-006	-0.0011875
1.325096e-006	-0.0005625
1.325596e-006	-0.00025
1.326096e-006	6.25e-005
1.326596e-006	-0.00025
1.327096e-006	-0.00025
1.327596e-006	-0.00025
1.328096e-006	-0.000875
1.328596e-006	-0.0011875
1.329096e-006	-0.0005625
1.329596e-006	-0.0011875
1.330096e-006	-0.0015
1.330596e-006	-0.002125
1.331096e-006	-0.0018125
1.331596e-006	-0.002125
1.332096e-006	-0.002125
1.332596e-006	-0.0011875
1.333096e-006	-0.002125
1.333596e-006	-0.002125
1.334096e-006	-0.000875
1.334596e-006	-0.000875
1.335096e-006	-0.0005625
1.335596e-006	6.25e-005
1.336096e-006	6.25e-005
1.336596e-006	0.000375
1.337096e-006	-0.00025
1.337596e-006	0.000375
1.338096e-006	0.0006875
1.338596e-006	-0.0005625
1.339096e-006	-0.0011875
1.339596e-006	-0.000875
1.340096e-006	-0.0015
1.340596e-006	-0.0024375
1.341096e-006	-0.00275
1.341596e-006	-0.0018125
1.342096e-006	-0.002125
1.342596e-006	-0.002125
1.343096e-006	-0.002125
1.343596e-006	-0.0018125
1.344096e-006	-0.002125
1.344596e-006	-0.0011875
1.345096e-006	6.25e-005
1.345596e-006	6.25e-005
1.346096e-006	0.0013125
1.346596e-006	0.001
1.347096e-006	0.001
1.347596e-006	0.0013125
1.348096e-006	0.000375
1.348596e-006	0.000375
1.349096e-006	-0.00025
1.349596e-006	-0.0018125
1.350096e-006	-0.0015
1.350596e-006	-0.0018125
1.351096e-006	-0.002125
1.351596e-006	-0.00275
1.352096e-006	-0.00275
1.352596e-006	-0.0024375
1.353096e-006	-0.00275
1.353596e-006	-0.002125
1.354096e-006	-0.0015
1.354596e-006	-0.000875
1.355096e-006	-0.00025
1.355596e-006	6.25e-005
1.356096e-006	0.0013125
1.356596e-006	0.0013125
1.357096e-006	0.0006875
1.357596e-006	0.0006875
1.358096e-006	0.001
1.358596e-006	-0.00025
1.359096e-006	-0.000875
1.359596e-006	-0.0005625
1.360096e-006	-0.0011875
1.360596e-006	-0.0018125
1.361096e-006	-0.0024375
1.361596e-006	-0.0030625
1.362096e-006	-0.0030625
1.362596e-006	-0.0024375
1.363096e-006	-0.0018125
1.363596e-006	-0.0011875
1.364096e-006	-0.0018125
1.364596e-006	-0.000875
1.365096e-006	-0.00025
1.365596e-006	6.25e-005
1.366096e-006	0.0006875
1.366596e-006	0.0006875
1.367096e-006	0.0013125
1.367596e-006	0.0013125
1.368096e-006	0.0013125
1.368596e-006	0.0013125
1.369096e-006	6.25e-005
1.369596e-006	-0.0005625
1.370096e-006	-0.0011875
1.370596e-006	-0.0018125
1.371096e-006	-0.002125
1.371596e-006	-0.003375
1.372096e-006	-0.0024375
1.372596e-006	-0.0024375
1.373096e-006	-0.002125
1.373596e-006	-0.002125
1.374096e-006	-0.0015
1.374596e-006	-0.0015
1.375096e-006	-0.0005625
1.375596e-006	0.001
1.376096e-006	0.001
1.376596e-006	6.25e-005
1.377096e-006	0.000375
1.377596e-006	0.001
1.378096e-006	0.0006875
1.378596e-006	6.25e-005
1.379096e-006	-0.00025
1.379596e-006	-0.0005625
1.380096e-006	-0.0011875
1.380596e-006	-0.0018125
1.381096e-006	-0.002125
1.381596e-006	-0.0011875
1.382096e-006	-0.0015
1.382596e-006	-0.0018125
1.383096e-006	-0.0011875
1.383596e-006	-0.00025
1.384096e-006	-0.000875
1.384596e-006	-0.0011875
1.385096e-006	-0.00025
1.385596e-006	0.000375
1.386096e-006	6.25e-005
1.386596e-006	6.25e-005
1.387096e-006	6.25e-005
1.387596e-006	6.25e-005
1.388096e-006	-0.00025
1.388596e-006	-0.00025
1.389096e-006	-0.000875
1.389596e-006	-0.0011875
1.390096e-006	-0.000875
1.390596e-006	-0.0015
1.391096e-006	-0.0015
1.391596e-006	-0.0015
1.392096e-006	-0.0011875
1.392596e-006	-0.0011875
1.393096e-006	-0.0015
1.393596e-006	-0.0011875
1.394096e-006	-0.0005625
1.394596e-006	-0.00025
1.395096e-006	6.25e-005
1.395596e-006	-0.00025
1.396096e-006	-0.00025
1.396596e-006	-0.0005625
1.397096e-006	-0.0005625
1.397596e-006	-0.0005625
1.398096e-006	-0.0005625
1.398596e-006	-0.00025
1.399096e-006	-0.000875
1.399596e-006	-0.0011875
1.400096e-006	-0.0011875
1.400596e-006	-0.0015
1.401096e-006	-0.0015
1.401596e-006	-0.0011875
1.402096e-006	-0.0011875
1.402596e-006	-0.000875
1.403096e-006	-0.0005625
1.403596e-006	6.25e-005
1.404096e-006	6.25e-005
1.404596e-006	6.25e-005
1.405096e-006	0.000375
1.405596e-006	-0.00025
1.406096e-006	6.25e-005
1.406596e-006	-0.0005625
1.407096e-006	-0.0005625
1.407596e-006	0.000375
1.408096e-006	-0.000875
1.408596e-006	-0.000875
1.409096e-006	-0.0005625
1.409596e-006	-0.0015
1.410096e-006	-0.0018125
1.410596e-006	-0.0015
1.411096e-006	-0.0011875
1.411596e-006	-0.0011875
1.412096e-006	-0.0015
1.412596e-006	-0.0015
1.413096e-006	-0.0015
1.413596e-006	-0.00025
1.414096e-006	0.000375
1.414596e-006	-0.0005625
1.415096e-006	6.25e-005
1.415596e-006	-0.00025
1.416096e-006	-0.00025
1.416596e-006	-0.0005625
1.417096e-006	-0.00025
1.417596e-006	-0.00025
1.418096e-006	-0.000875
1.418596e-006	-0.0011875
1.419096e-006	-0.0015
1.419596e-006	-0.0005625
1.420096e-006	-0.0011875
1.420596e-006	-0.0015
1.421096e-006	-0.000875
1.421596e-006	-0.0024375
1.422096e-006	-0.0018125
1.422596e-006	-0.000875
1.423096e-006	-0.0011875
1.423596e-006	-0.00025
1.424096e-006	-0.0011875
1.424596e-006	-0.0005625
1.425096e-006	0.000375
1.425596e-006	6.25e-005
1.426096e-006	6.25e-005
1.426596e-006	6.25e-005
1.427096e-006	0.000375
1.427596e-006	-0.00025
1.428096e-006	-0.00025
1.428596e-006	-0.0005625
1.429096e-006	-0.0015
1.429596e-006	-0.0011875
1.430096e-006	-0.0005625
1.430596e-006	-0.0015
1.431096e-006	-0.0015
1.431596e-006	-0.0018125
1.432096e-006	-0.002125
1.432596e-006	-0.0018125
1.433096e-006	-0.0018125
1.433596e-006	-0.0011875
1.434096e-006	-0.000875
1.434596e-006	-0.0005625
1.435096e-006	-0.000875
1.435596e-006	-0.00025
1.436096e-006	6.25e-005
1.436596e-006	0.0006875
1.437096e-006	0.0013125
1.437596e-006	6.25e-005
1.438096e-006	-0.00025
1.438596e-006	6.25e-005
1.439096e-006	-0.00025
1.439596e-006	-0.00025
1.440096e-006	-0.0005625
1.440596e-006	-0.000875
1.441096e-006	-0.0011875
1.441596e-006	-0.0018125
1.442096e-006	-0.002125
1.442596e-006	-0.00275
1.443096e-006	-0.0024375
1.443596e-006	-0.002125
1.444096e-006	-0.0015
1.444596e-006	-0.0011875
1.445096e-006	-0.000875
1.445596e-006	-0.0005625
1.446096e-006	-0.00025
1.446596e-006	6.25e-005
1.447096e-006	0.0006875
1.447596e-006	0.0006875
1.448096e-006	0.0013125
1.448596e-006	0.0006875
1.449096e-006	0.0006875
1.449596e-006	0.0006875
1.450096e-006	-0.00025
1.450596e-006	-0.0005625
1.451096e-006	-0.000875
1.451596e-006	-0.0011875
1.452096e-006	-0.002125
1.452596e-006	-0.00275
1.453096e-006	-0.00275
1.453596e-006	-0.0024375
1.454096e-006	-0.002125
1.454596e-006	-0.0018125
1.455096e-006	-0.0015
1.455596e-006	-0.0011875
1.456096e-006	-0.000875
1.456596e-006	0.000375
1.457096e-006	0.0006875
1.457596e-006	0.0006875
1.458096e-006	0.001625
1.458596e-006	0.0019375
1.459096e-006	0.0019375
1.459596e-006	0.0006875
1.460096e-006	6.25e-005
1.460596e-006	-0.0005625
1.461096e-006	-0.0011875
1.461596e-006	-0.0011875
1.462096e-006	-0.002125
1.462596e-006	-0.0024375
1.463096e-006	-0.0030625
1.463596e-006	-0.0030625
1.464096e-006	-0.00275
1.464596e-006	-0.00275
1.465096e-006	-0.002125
1.465596e-006	-0.0011875
1.466096e-006	-0.0005625
1.466596e-006	-0.0005625
1.467096e-006	6.25e-005
1.467596e-006	0.0006875
1.468096e-006	0.001
1.468596e-006	0.001625
1.469096e-006	0.00225
1.469596e-006	0.001625
1.470096e-006	0.0006875
1.470596e-006	6.25e-005
1.471096e-006	-0.00025
1.471596e-006	-0.000875
1.472096e-006	-0.0018125
1.472596e-006	-0.0024375
1.473096e-006	-0.00275
1.473596e-006	-0.0030625
1.474096e-006	-0.00275
1.474596e-006	-0.00275
1.475096e-006	-0.0024375
1.475596e-006	-0.0018125
1.476096e-006	-0.000875
1.476596e-006	-0.00025
1.477096e-006	0.0006875
1.477596e-006	0.0006875
1.478096e-006	0.0006875
1.478596e-006	0.0006875
1.479096e-006	0.0013125
1.479596e-006	0.0013125
1.480096e-006	0.000375
1.480596e-006	-0.00025
1.481096e-006	-0.00025
1.481596e-006	-0.0011875
1.482096e-006	-0.000875
1.482596e-006	-0.0018125
1.483096e-006	-0.0030625
1.483596e-006	-0.00275
1.484096e-006	-0.0018125
1.484596e-006	-0.0018125
1.485096e-006	-0.0024375
1.485596e-006	-0.0011875
1.486096e-006	-0.0005625
1.486596e-006	6.25e-005
1.487096e-006	0.000375
1.487596e-006	6.25e-005
1.488096e-006	0.000375
1.488596e-006	0.0006875
1.489096e-006	0.000375
1.489596e-006	0.0006875
1.490096e-006	0.000375
1.490596e-006	6.25e-005
1.491096e-006	-0.00025
1.491596e-006	-0.0005625
1.492096e-006	-0.0011875
1.492596e-006	-0.002125
1.493096e-006	-0.002125
1.493596e-006	-0.0024375
1.494096e-006	-0.002125
1.494596e-006	-0.0015
1.495096e-006	-0.000875
1.495596e-006	-0.0005625
1.496096e-006	-0.000875
1.496596e-006	-0.0005625
1.497096e-006	0.0006875
1.497596e-006	0.0006875
1.498096e-006	0.000375
1.498596e-006	-0.00025
1.499096e-006	-0.00025
1.499596e-006	6.25e-005
1.500096e-006	6.25e-005
1.500596e-006	6.25e-005
1.501096e-006	-0.0005625
1.501596e-006	-0.0015
1.502096e-006	-0.0015
1.502596e-006	-0.0015
1.503096e-006	-0.0018125
1.503596e-006	-0.0024375
1.504096e-006	-0.0018125
1.504596e-006	-0.000875
1.505096e-006	-0.000875
1.505596e-006	-0.000875
1.506096e-006	6.25e-005
1.506596e-006	6.25e-005
1.507096e-006	6.25e-005
1.507596e-006	-0.0005625
1.508096e-006	0.000375
1.508596e-006	0.000375
1.509096e-006	6.25e-005
1.509596e-006	-0.0005625
1.510096e-006	-0.0011875
1.510596e-006	-0.0005625
1.511096e-006	-0.0011875
1.511596e-006	-0.0011875
1.512096e-006	-0.0015
1.512596e-006	-0.0015
1.513096e-006	-0.0011875
1.513596e-006	-0.000875
1.514096e-006	-0.000875
1.514596e-006	-0.0005625
1.515096e-006	-0.00025
1.515596e-006	0.000375
1.516096e-006	6.25e-005
1.516596e-006	6.25e-005
1.517096e-006	0.0006875
1.517596e-006	0.001
1.518096e-006	0.001625
1.518596e-006	0.000375
1.519096e-006	6.25e-005
1.519596e-006	-0.0005625
1.520096e-006	-0.000875
1.520596e-006	-0.000875
1.521096e-006	-0.0015
1.521596e-006	-0.0018125
1.522096e-006	-0.0011875
1.522596e-006	-0.0018125
1.523096e-006	-0.0018125
1.523596e-006	-0.0011875
1.524096e-006	-0.00025
1.524596e-006	-0.0005625
1.525096e-006	-0.00025
1.525596e-006	0.000375
1.526096e-006	0.0006875
1.526596e-006	0.000375
1.527096e-006	0.0006875
1.527596e-006	0.0006875
1.528096e-006	0.001
1.528596e-006	6.25e-005
1.529096e-006	-0.00025
1.529596e-006	6.25e-005
1.530096e-006	-0.000875
1.530596e-006	-0.0011875
1.531096e-006	-0.002125
1.531596e-006	-0.0024375
1.532096e-006	-0.002125
1.532596e-006	-0.0018125
1.533096e-006	-0.0015
1.533596e-006	-0.0018125
1.534096e-006	-0.0011875
1.534596e-006	-0.0005625
1.535096e-006	-0.00025
1.535596e-006	0.000375
1.536096e-006	0.0006875
1.536596e-006	0.0006875
1.537096e-006	0.001
1.537596e-006	0.000375
1.538096e-006	6.25e-005
1.538596e-006	0.0006875
1.539096e-006	0.000375
1.539596e-006	-0.00025
1.540096e-006	-0.0005625
1.540596e-006	-0.0005625
1.541096e-006	-0.0018125
1.541596e-006	-0.0024375
1.542096e-006	-0.0015
1.542596e-006	-0.0018125
1.543096e-006	-0.002125
1.543596e-006	-0.0015
1.544096e-006	-0.0005625
1.544596e-006	-0.0005625
1.545096e-006	-0.000875
1.545596e-006	-0.0005625
1.546096e-006	6.25e-005
1.546596e-006	6.25e-005
1.547096e-006	6.25e-005
1.547596e-006	0.0006875
1.548096e-006	0.0006875
1.548596e-006	0.000375
1.549096e-006	0.000375
1.549596e-006	-0.00025
1.550096e-006	6.25e-005
1.550596e-006	-0.0005625
1.551096e-006	-0.0015
1.551596e-006	-0.0018125
1.552096e-006	-0.0011875
1.552596e-006	-0.000875
1.553096e-006	-0.000875
1.553596e-006	-0.0011875
1.554096e-006	-0.000875
1.554596e-006	-0.000875
1.555096e-006	-0.000875
1.555596e-006	-0.0005625
1.556096e-006	-0.00025
1.556596e-006	0.000375
1.557096e-006	-0.00025
1.557596e-006	6.25e-005
1.558096e-006	0.001
1.558596e-006	0.001625
1.559096e-006	0.000375
1.559596e-006	0.0006875
1.560096e-006	0.000375
1.560596e-006	6.25e-005
1.561096e-006	-0.0005625
1.561596e-006	-0.000875
1.562096e-006	-0.0011875
1.562596e-006	-0.0011875
1.563096e-006	-0.0018125
1.563596e-006	-0.0011875
1.564096e-006	-0.0011875
1.564596e-006	-0.000875
1.565096e-006	-0.000875
1.565596e-006	-0.0005625
1.566096e-006	-0.00025
1.566596e-006	-0.0005625
1.567096e-006	-0.0005625
1.567596e-006	6.25e-005
1.568096e-006	0.001
1.568596e-006	0.000375
1.569096e-006	0.0006875
1.569596e-006	6.25e-005
1.570096e-006	-0.00025
1.570596e-006	-0.00025
1.571096e-006	-0.00025
1.571596e-006	-0.0005625
1.572096e-006	-0.000875
1.572596e-006	-0.0011875
1.573096e-006	-0.0011875
1.573596e-006	-0.0011875
1.574096e-006	-0.000875
1.574596e-006	-0.000875
1.575096e-006	-0.0011875
1.575596e-006	-0.000875
1.576096e-006	-0.00025
1.576596e-006	6.25e-005
1.577096e-006	-0.0005625
1.577596e-006	6.25e-005
1.578096e-006	0.000375
1.578596e-006	0.000375
1.579096e-006	-0.00025
1.579596e-006	-0.0005625
1.580096e-006	-0.0005625
1.580596e-006	-0.00025
1.581096e-006	-0.0005625
1.581596e-006	-0.0011875
1.582096e-006	-0.0018125
1.582596e-006	-0.0011875
1.583096e-006	-0.000875
1.583596e-006	-0.00025
1.584096e-006	-0.00025
1.584596e-006	-0.000875
1.585096e-006	-0.0005625
1.585596e-006	-0.0005625
1.586096e-006	-0.0005625
1.586596e-006	0.000375
1.587096e-006	6.25e-005
1.587596e-006	6.25e-005
1.588096e-006	6.25e-005
1.588596e-006	-0.00025
1.589096e-006	6.25e-005
1.589596e-006	-0.000875
1.590096e-006	-0.0005625
1.590596e-006	-0.000875
1.591096e-006	-0.0005625
1.591596e-006	-0.00025
1.592096e-006	-0.000875
1.592596e-006	-0.0015
1.593096e-006	-0.000875
1.593596e-006	-0.00025
1.594096e-006	6.25e-005
1.594596e-006	-0.0005625
1.595096e-006	0.0006875
1.595596e-006	6.25e-005
1.596096e-006	-0.0005625
1.596596e-006	6.25e-005
1.597096e-006	0.000375
1.597596e-006	0.000375
1.598096e-006	6.25e-005
1.598596e-006	6.25e-005
1.599096e-006	-0.00025
1.599596e-006	-0.0005625
1.600096e-006	-0.0005625
1.600596e-006	-0.0011875
1.601096e-006	-0.0011875
1.601596e-006	-0.0005625
1.602096e-006	-0.0018125
1.602596e-006	-0.0011875
1.603096e-006	-0.0011875
1.603596e-006	-0.0005625
1.604096e-006	-0.0005625
1.604596e-006	-0.0005625
1.605096e-006	0.000375
1.605596e-006	0.000375
1.606096e-006	0.0006875
1.606596e-006	0.000375
1.607096e-006	6.25e-005
1.607596e-006	0.000375
1.608096e-006	-0.00025
1.608596e-006	-0.0005625
1.609096e-006	6.25e-005
1.609596e-006	-0.0005625
1.610096e-006	-0.0005625
1.610596e-006	-0.0011875
1.611096e-006	-0.000875
1.611596e-006	-0.0011875
1.612096e-006	-0.0015
1.612596e-006	-0.000875
1.613096e-006	-0.0011875
1.613596e-006	-0.000875
1.614096e-006	6.25e-005
1.614596e-006	0.0006875
1.615096e-006	0.0013125
1.615596e-006	0.000375
1.616096e-006	0.001
1.616596e-006	0.000375
1.617096e-006	0.0006875
1.617596e-006	0.0006875
1.618096e-006	6.25e-005
1.618596e-006	6.25e-005
1.619096e-006	-0.00025
1.619596e-006	-0.0005625
1.620096e-006	-0.000875
1.620596e-006	-0.0011875
1.621096e-006	-0.0015
1.621596e-006	-0.002125
1.622096e-006	-0.0011875
1.622596e-006	-0.000875
1.623096e-006	-0.0015
1.623596e-006	-0.000875
1.624096e-006	-0.0005625
1.624596e-006	0.0006875
1.625096e-006	0.0006875
1.625596e-006	0.000375
1.626096e-006	0.0006875
1.626596e-006	0.000375
1.627096e-006	0.000375
1.627596e-006	0.000375
1.628096e-006	-0.00025
1.628596e-006	0.000375
1.629096e-006	-0.00025
1.629596e-006	-0.000875
1.630096e-006	-0.0011875
1.630596e-006	-0.0011875
1.631096e-006	-0.0011875
1.631596e-006	-0.0015
1.632096e-006	-0.0015
1.632596e-006	-0.0015
1.633096e-006	-0.0005625
1.633596e-006	-0.0005625
1.634096e-006	-0.00025
1.634596e-006	0.0006875
1.635096e-006	6.25e-005
1.635596e-006	6.25e-005
1.636096e-006	0.001
1.636596e-006	-0.00025
1.637096e-006	6.25e-005
1.637596e-006	6.25e-005
1.638096e-006	6.25e-005
1.638596e-006	6.25e-005
1.639096e-006	-0.00025
1.639596e-006	-0.0005625
1.640096e-006	-0.0011875
1.640596e-006	-0.0015
1.641096e-006	-0.0015
1.641596e-006	-0.0015
1.642096e-006	-0.0011875
1.642596e-006	-0.0011875
1.643096e-006	-0.00025
1.643596e-006	-0.00025
1.644096e-006	-0.0005625
1.644596e-006	0.000375
1.645096e-006	0.0006875
1.645596e-006	0.001
1.646096e-006	0.0006875
1.646596e-006	0.000375
1.647096e-006	0.000375
1.647596e-006	-0.0005625
1.648096e-006	-0.0005625
1.648596e-006	-0.0005625
1.649096e-006	-0.0011875
1.649596e-006	-0.0005625
1.650096e-006	-0.000875
1.650596e-006	-0.0005625
1.651096e-006	-0.0011875
1.651596e-006	-0.0005625
1.652096e-006	6.25e-005
1.652596e-006	-0.0011875
1.653096e-006	-0.0005625
1.653596e-006	6.25e-005
1.654096e-006	0.0006875
1.654596e-006	0.000375
1.655096e-006	0.000375
1.655596e-006	0.000375
1.656096e-006	6.25e-005
1.656596e-006	-0.00025
1.657096e-006	0.0006875
1.657596e-006	-0.00025
1.658096e-006	-0.0005625
1.658596e-006	-0.0015
1.659096e-006	-0.0011875
1.659596e-006	-0.0011875
1.660096e-006	-0.0011875
1.660596e-006	-0.000875
1.661096e-006	-0.000875
1.661596e-006	-0.0005625
1.662096e-006	-0.0011875
1.662596e-006	-0.000875
1.663096e-006	6.25e-005
1.663596e-006	6.25e-005
1.664096e-006	6.25e-005
1.664596e-006	0.000375
1.665096e-006	0.0006875
1.665596e-006	0.001
1.666096e-006	0.000375
1.666596e-006	6.25e-005
1.667096e-006	6.25e-005
1.667596e-006	6.25e-005
1.668096e-006	-0.0011875
1.668596e-006	-0.0018125
1.669096e-006	-0.0015
1.669596e-006	-0.000875
1.670096e-006	-0.0015
1.670596e-006	-0.0015
1.671096e-006	-0.0015
1.671596e-006	-0.0011875
1.672096e-006	-0.0005625
1.672596e-006	-0.0005625
1.673096e-006	-0.00025
1.673596e-006	6.25e-005
1.674096e-006	0.001
1.674596e-006	0.0006875
1.675096e-006	0.0006875
1.675596e-006	6.25e-005
1.676096e-006	0.000375
1.676596e-006	0.000375
1.677096e-006	-0.0005625
1.677596e-006	-0.00025
1.678096e-006	6.25e-005
1.678596e-006	-0.00025
1.679096e-006	-0.0015
1.679596e-006	-0.002125
1.680096e-006	-0.0015
1.680596e-006	-0.0011875
1.681096e-006	-0.0015
1.681596e-006	-0.000875
1.682096e-006	-0.000875
1.682596e-006	-0.0005625
1.683096e-006	-0.0005625
1.683596e-006	6.25e-005
1.684096e-006	0.0006875
1.684596e-006	0.001
1.685096e-006	6.25e-005
1.685596e-006	6.25e-005
1.686096e-006	-0.00025
1.686596e-006	0.000375
1.687096e-006	0.0013125
1.687596e-006	0.000375
1.688096e-006	-0.0005625
1.688596e-006	-0.000875
1.689096e-006	-0.000875
1.689596e-006	-0.0015
1.690096e-006	-0.0018125
1.690596e-006	-0.0011875
1.691096e-006	-0.0011875
1.691596e-006	-0.0011875
1.692096e-006	-0.0005625
1.692596e-006	6.25e-005
1.693096e-006	0.000375
1.693596e-006	-0.00025
1.694096e-006	0.000375
1.694596e-006	6.25e-005
1.695096e-006	0.000375
1.695596e-006	0.001
1.696096e-006	0.000375
1.696596e-006	0.0006875
1.697096e-006	6.25e-005
1.697596e-006	-0.0005625
1.698096e-006	6.25e-005
1.698596e-006	-0.0005625
1.699096e-006	-0.0011875
1.699596e-006	-0.0015
1.700096e-006	-0.0011875
1.700596e-006	-0.000875
1.701096e-006	-0.0018125
1.701596e-006	-0.0015
1.702096e-006	-0.000875
1.702596e-006	-0.0005625
1.703096e-006	-0.0005625
1.703596e-006	-0.000875
1.704096e-006	-0.0005625
1.704596e-006	0.000375
1.705096e-006	0.000375
1.705596e-006	6.25e-005
1.706096e-006	-0.000875
1.706596e-006	6.25e-005
1.707096e-006	0.000375
1.707596e-006	0.000375
1.708096e-006	6.25e-005
1.708596e-006	-0.0005625
1.709096e-006	-0.000875
1.709596e-006	-0.0015
1.710096e-006	-0.000875
1.710596e-006	-0.0005625
1.711096e-006	-0.000875
1.711596e-006	-0.0005625
1.712096e-006	-0.0011875
1.712596e-006	-0.000875
1.713096e-006	-0.0005625
1.713596e-006	-0.000875
1.714096e-006	-0.0005625
1.714596e-006	-0.000875
1.715096e-006	0.000375
1.715596e-006	6.25e-005
1.716096e-006	-0.0005625
1.716596e-006	6.25e-005
1.717096e-006	-0.00025
1.717596e-006	0.000375
1.718096e-006	6.25e-005
1.718596e-006	-0.0005625
1.719096e-006	-0.0005625
1.719596e-006	-0.0011875
1.720096e-006	-0.0005625
1.720596e-006	-0.000875
1.721096e-006	-0.000875
1.721596e-006	-0.00025
1.722096e-006	-0.000875
1.722596e-006	-0.00025
1.723096e-006	-0.00025
1.723596e-006	-0.0005625
1.724096e-006	-0.0005625
1.724596e-006	-0.000875
1.725096e-006	6.25e-005
1.725596e-006	6.25e-005
1.726096e-006	-0.000875
1.726596e-006	-0.0005625
1.727096e-006	-0.0005625
1.727596e-006	0.000375
1.728096e-006	6.25e-005
1.728596e-006	-0.0005625
1.729096e-006	-0.00025
1.729596e-006	-0.0005625
1.730096e-006	-0.0005625
1.730596e-006	-0.0011875
1.731096e-006	-0.0015
1.731596e-006	-0.0011875
1.732096e-006	-0.0011875
1.732596e-006	6.25e-005
1.733096e-006	-0.0005625
1.733596e-006	-0.000875
1.734096e-006	-0.00025
1.734596e-006	-0.00025
1.735096e-006	6.25e-005
1.735596e-006	-0.00025
1.736096e-006	0.001
1.736596e-006	6.25e-005
1.737096e-006	-0.0005625
1.737596e-006	6.25e-005
1.738096e-006	-0.0005625
1.738596e-006	-0.0015
1.739096e-006	-0.0005625
1.739596e-006	-0.00025
1.740096e-006	-0.0005625
1.740596e-006	-0.0011875
1.741096e-006	-0.000875
1.741596e-006	-0.0011875
1.742096e-006	-0.0011875
1.742596e-006	6.25e-005
1.743096e-006	6.25e-005
1.743596e-006	6.25e-005
1.744096e-006	0.000375
1.744596e-006	6.25e-005
1.745096e-006	0.0006875
1.745596e-006	6.25e-005
1.746096e-006	6.25e-005
1.746596e-006	6.25e-005
1.747096e-006	-0.0005625
1.747596e-006	-0.0005625
1.748096e-006	-0.0011875
1.748596e-006	-0.0005625
1.749096e-006	-0.0011875
1.749596e-006	-0.0015
1.750096e-006	-0.0015
1.750596e-006	-0.0015
1.751096e-006	-0.000875
1.751596e-006	-0.0005625
1.752096e-006	-0.0011875
1.752596e-006	-0.0005625
1.753096e-006	6.25e-005
1.753596e-006	0.000375
1.754096e-006	0.000375
1.754596e-006	0.000375
1.755096e-006	0.0006875
1.755596e-006	0.000375
1.756096e-006	0.0013125
1.756596e-006	6.25e-005
1.757096e-006	6.25e-005
1.757596e-006	-0.0005625
1.758096e-006	-0.0018125
1.758596e-006	-0.0018125
1.759096e-006	-0.0005625
1.759596e-006	-0.0005625
1.760096e-006	-0.0015
1.760596e-006	-0.0024375
1.761096e-006	-0.0018125
1.761596e-006	-0.0018125
1.762096e-006	-0.0011875
1.762596e-006	-0.0005625
1.763096e-006	0.000375
1.763596e-006	0.0006875
1.764096e-006	0.0006875
1.764596e-006	0.0013125
1.765096e-006	0.0013125
1.765596e-006	0.0006875
1.766096e-006	0.001625
1.766596e-006	0.001
1.767096e-006	-0.0005625
1.767596e-006	-0.0011875
1.768096e-006	-0.000875
1.768596e-006	-0.0005625
1.769096e-006	-0.0015
1.769596e-006	-0.0018125
1.770096e-006	-0.0015
1.770596e-006	-0.0018125
1.771096e-006	-0.002125
1.771596e-006	-0.002125
1.772096e-006	-0.0011875
1.772596e-006	-0.0005625
1.773096e-006	0.000375
1.773596e-006	0.0006875
1.774096e-006	0.000375
1.774596e-006	0.0006875
1.775096e-006	0.0013125
1.775596e-006	0.000375
1.776096e-006	0.0006875
1.776596e-006	0.0006875
1.777096e-006	0.000375
1.777596e-006	-0.0005625
1.778096e-006	-0.0011875
1.778596e-006	-0.0005625
1.779096e-006	-0.0011875
1.779596e-006	-0.002125
1.780096e-006	-0.0018125
1.780596e-006	-0.0011875
1.781096e-006	-0.0015
1.781596e-006	-0.0018125
1.782096e-006	-0.0011875
1.782596e-006	-0.0005625
1.783096e-006	-0.0005625
1.783596e-006	0.001
1.784096e-006	0.001
1.784596e-006	0.0006875
1.785096e-006	0.0013125
1.785596e-006	0.0006875
1.786096e-006	0.000375
1.786596e-006	-0.00025
1.787096e-006	-0.00025
1.787596e-006	6.25e-005
1.788096e-006	6.25e-005
