LECROYWS454	16215	Waveform
Segments	1	SegmentSize	4002
Segment	TrigTime	TimeSinceSegment1
#1	02-May-2024 19:23:03	0                 
Time	Ampl
-2.12409e-007	0.001
-2.11909e-007	0.000375
-2.11409e-007	6.25e-005
-2.10909e-007	0.000375
-2.10409e-007	0.000375
-2.09909e-007	-0.0005625
-2.09409e-007	-0.00025
-2.08909e-007	0.001
-2.08409e-007	6.25e-005
-2.07909e-007	-0.00025
-2.07409e-007	-0.0005625
-2.06909e-007	0.000375
-2.06409e-007	-0.00025
-2.05909e-007	-0.0005625
-2.05409e-007	6.25e-005
-2.04909e-007	-0.00025
-2.04409e-007	-0.000875
-2.03909e-007	0.000375
-2.03409e-007	0.0006875
-2.02909e-007	6.25e-005
-2.02409e-007	6.25e-005
-2.01909e-007	0.001
-2.01409e-007	0.0013125
-2.00909e-007	0.0006875
-2.00409e-007	6.25e-005
-1.99909e-007	6.25e-005
-1.99409e-007	6.25e-005
-1.98909e-007	6.25e-005
-1.98409e-007	-0.00025
-1.97909e-007	-0.000875
-1.97409e-007	-0.000875
-1.96909e-007	6.25e-005
-1.96409e-007	-0.00025
-1.95909e-007	-0.000875
-1.95409e-007	-0.00025
-1.94909e-007	-0.0005625
-1.94409e-007	-0.0005625
-1.93909e-007	6.25e-005
-1.93409e-007	0.000375
-1.92909e-007	0.0006875
-1.92409e-007	0.0006875
-1.91909e-007	0.0006875
-1.91409e-007	0.001625
-1.90909e-007	0.0013125
-1.90409e-007	0.001
-1.89909e-007	6.25e-005
-1.89409e-007	-0.00025
-1.88909e-007	6.25e-005
-1.88409e-007	-0.00025
-1.87909e-007	-0.0005625
-1.87409e-007	-0.0011875
-1.86909e-007	-0.0011875
-1.86409e-007	-0.0011875
-1.85909e-007	-0.0018125
-1.85409e-007	-0.0011875
-1.84909e-007	-0.0005625
-1.84409e-007	6.25e-005
-1.83909e-007	0.001
-1.83409e-007	0.000375
-1.82909e-007	0.000375
-1.82409e-007	0.0013125
-1.81909e-007	0.0013125
-1.81409e-007	0.0019375
-1.80909e-007	0.0019375
-1.80409e-007	0.0006875
-1.79909e-007	6.25e-005
-1.79409e-007	0.0006875
-1.78909e-007	-0.00025
-1.78409e-007	-0.000875
-1.77909e-007	-0.0005625
-1.77409e-007	-0.0011875
-1.76909e-007	-0.0011875
-1.76409e-007	-0.0011875
-1.75909e-007	-0.0015
-1.75409e-007	-0.0011875
-1.74909e-007	-0.0011875
-1.74409e-007	-0.000875
-1.73909e-007	6.25e-005
-1.73409e-007	0.0006875
-1.72909e-007	0.0013125
-1.72409e-007	0.001625
-1.71909e-007	0.0019375
-1.71409e-007	0.00225
-1.70909e-007	0.0013125
-1.70409e-007	0.0006875
-1.69909e-007	0.000375
-1.69409e-007	0.000375
-1.68909e-007	0.000375
-1.68409e-007	-0.00025
-1.67909e-007	-0.000875
-1.67409e-007	-0.002125
-1.66909e-007	-0.0018125
-1.66409e-007	-0.0015
-1.65909e-007	-0.0018125
-1.65409e-007	-0.0011875
-1.64909e-007	-0.0011875
-1.64409e-007	-0.000875
-1.63909e-007	-0.0005625
-1.63409e-007	6.25e-005
-1.62909e-007	0.001
-1.62409e-007	0.001
-1.61909e-007	0.0013125
-1.61409e-007	0.0013125
-1.60909e-007	0.0006875
-1.60409e-007	0.0019375
-1.59909e-007	0.001625
-1.59409e-007	0.0006875
-1.58909e-007	0.0006875
-1.58409e-007	0.000375
-1.57909e-007	-0.0005625
-1.57409e-007	-0.002125
-1.56909e-007	-0.0015
-1.56409e-007	-0.0011875
-1.55909e-007	-0.0018125
-1.55409e-007	-0.0018125
-1.54909e-007	-0.0011875
-1.54409e-007	-0.000875
-1.53909e-007	6.25e-005
-1.53409e-007	0.000375
-1.52909e-007	6.25e-005
-1.52409e-007	0.0006875
-1.51909e-007	0.0019375
-1.51409e-007	0.0013125
-1.50909e-007	0.0013125
-1.50409e-007	0.0019375
-1.49909e-007	0.0013125
-1.49409e-007	0.000375
-1.48909e-007	6.25e-005
-1.48409e-007	-0.0005625
-1.47909e-007	6.25e-005
-1.47409e-007	-0.000875
-1.46909e-007	-0.0005625
-1.46409e-007	-0.0005625
-1.45909e-007	-0.000875
-1.45409e-007	-0.0005625
-1.44909e-007	-0.0011875
-1.44409e-007	-0.00025
-1.43909e-007	6.25e-005
-1.43409e-007	-0.00025
-1.42909e-007	0.000375
-1.42409e-007	0.0013125
-1.41909e-007	0.001625
-1.41409e-007	0.0006875
-1.40909e-007	6.25e-005
-1.40409e-007	0.0006875
-1.39909e-007	0.000375
-1.39409e-007	0.000375
-1.38909e-007	0.000375
-1.38409e-007	-0.0005625
-1.37909e-007	6.25e-005
-1.37409e-007	0.000375
-1.36909e-007	-0.00025
-1.36409e-007	-0.0005625
-1.35909e-007	-0.0005625
-1.35409e-007	-0.00025
-1.34909e-007	-0.00025
-1.34409e-007	6.25e-005
-1.33909e-007	-0.00025
-1.33409e-007	-0.00025
-1.32909e-007	6.25e-005
-1.32409e-007	-0.0005625
-1.31909e-007	0.000375
-1.31409e-007	0.0013125
-1.30909e-007	0.0006875
-1.30409e-007	0.000375
-1.29909e-007	0.000375
-1.29409e-007	0.0006875
-1.28909e-007	6.25e-005
-1.28409e-007	6.25e-005
-1.27909e-007	6.25e-005
-1.27409e-007	-0.0005625
-1.26909e-007	0.0006875
-1.26409e-007	0.000375
-1.25909e-007	-0.00025
-1.25409e-007	0.0006875
-1.24909e-007	0.000375
-1.24409e-007	0.000375
-1.23909e-007	6.25e-005
-1.23409e-007	6.25e-005
-1.22909e-007	0.000375
-1.22409e-007	-0.00025
-1.21909e-007	6.25e-005
-1.21409e-007	-0.00025
-1.20909e-007	0.000375
-1.20409e-007	0.000375
-1.19909e-007	-0.0005625
-1.19409e-007	6.25e-005
-1.18909e-007	6.25e-005
-1.18409e-007	-0.0005625
-1.17909e-007	-0.0005625
-1.17409e-007	6.25e-005
-1.16909e-007	-0.00025
-1.16409e-007	-0.0005625
-1.15909e-007	-0.0005625
-1.15409e-007	6.25e-005
-1.14909e-007	6.25e-005
-1.14409e-007	0.000375
-1.13909e-007	-0.00025
-1.13409e-007	-0.00025
-1.12909e-007	6.25e-005
-1.12409e-007	-0.00025
-1.11909e-007	-0.000875
-1.11409e-007	-0.0005625
-1.10909e-007	0.000375
-1.10409e-007	6.25e-005
-1.09909e-007	-0.0005625
-1.09409e-007	-0.00025
-1.08909e-007	-0.00025
-1.08409e-007	6.25e-005
-1.07909e-007	6.25e-005
-1.07409e-007	-0.0005625
-1.06909e-007	6.25e-005
-1.06409e-007	0.000375
-1.05909e-007	0.000375
-1.05409e-007	-0.00025
-1.04909e-007	0.000375
-1.04409e-007	0.001
-1.03909e-007	0.000375
-1.03409e-007	0.0006875
-1.02909e-007	0.000375
-1.02409e-007	-0.0005625
-1.01909e-007	6.25e-005
-1.01409e-007	6.25e-005
-1.00909e-007	0.000375
-1.00409e-007	-0.000875
-9.9909e-008	-0.0005625
-9.9409e-008	-0.0005625
-9.8909e-008	-0.00025
-9.8409e-008	0.000375
-9.7909e-008	6.25e-005
-9.7409e-008	-0.00025
-9.6909e-008	-0.00025
-9.6409e-008	-0.00025
-9.5909e-008	0.0006875
-9.5409e-008	-0.00025
-9.4909e-008	-0.0005625
-9.4409e-008	0.001
-9.3909e-008	0.0006875
-9.3409e-008	0.001
-9.2909e-008	6.25e-005
-9.2409e-008	6.25e-005
-9.1909e-008	6.25e-005
-9.1409e-008	-0.00025
-9.0909e-008	6.25e-005
-9.0409e-008	0.000375
-8.9909e-008	6.25e-005
-8.9409e-008	6.25e-005
-8.8909e-008	-0.000875
-8.8409e-008	-0.0005625
-8.7909e-008	6.25e-005
-8.7409e-008	6.25e-005
-8.6909e-008	-0.00025
-8.6409e-008	-0.000875
-8.5909e-008	-0.0011875
-8.5409e-008	-0.00025
-8.4909e-008	6.25e-005
-8.4409e-008	-0.00025
-8.3909e-008	-0.0005625
-8.3409e-008	-0.00025
-8.2909e-008	6.25e-005
-8.2409e-008	6.25e-005
-8.1909e-008	0.000375
-8.1409e-008	6.25e-005
-8.0909e-008	0.0006875
-8.0409e-008	0.000375
-7.9909e-008	0.000375
-7.9409e-008	0.0006875
-7.8909e-008	6.25e-005
-7.8409e-008	-0.00025
-7.7909e-008	0.000375
-7.7409e-008	0.000375
-7.6909e-008	-0.00025
-7.6409e-008	-0.0005625
-7.5909e-008	-0.000875
-7.5409e-008	-0.000875
-7.4909e-008	-0.0005625
-7.4409e-008	-0.000875
-7.3909e-008	-0.000875
-7.3409e-008	-0.00025
-7.2909e-008	6.25e-005
-7.2409e-008	-0.00025
-7.1909e-008	-0.0005625
-7.1409e-008	6.25e-005
-7.0909e-008	0.001
-7.0409e-008	0.0006875
-6.9909e-008	6.25e-005
-6.9409e-008	0.0013125
-6.8909e-008	0.0013125
-6.8409e-008	0.000375
-6.7909e-008	6.25e-005
-6.7409e-008	0.000375
-6.6909e-008	6.25e-005
-6.6409e-008	-0.00025
-6.5909e-008	6.25e-005
-6.5409e-008	-0.00025
-6.4909e-008	-0.0011875
-6.4409e-008	-0.000875
-6.3909e-008	-0.0011875
-6.3409e-008	-0.00025
-6.2909e-008	-0.0005625
-6.2409e-008	-0.00025
-6.1909e-008	0.000375
-6.1409e-008	-0.00025
-6.0909e-008	0.000375
-6.0409e-008	0.000375
-5.9909e-008	0.000375
-5.9409e-008	0.001
-5.8909e-008	0.0013125
-5.8409e-008	0.0013125
-5.7909e-008	0.001
-5.7409e-008	0.0006875
-5.6909e-008	0.000375
-5.6409e-008	6.25e-005
-5.5909e-008	6.25e-005
-5.5409e-008	6.25e-005
-5.4909e-008	-0.000875
-5.4409e-008	-0.0011875
-5.3909e-008	-0.0011875
-5.3409e-008	-0.0011875
-5.2909e-008	-0.0015
-5.2409e-008	-0.0005625
-5.1909e-008	0.0006875
-5.1409e-008	6.25e-005
-5.0909e-008	6.25e-005
-5.0409e-008	0.000375
-4.9909e-008	0.001
-4.9409e-008	0.001
-4.8909e-008	6.25e-005
-4.8409e-008	0.000375
-4.7909e-008	0.001
-4.7409e-008	0.0013125
-4.6909e-008	0.0006875
-4.6409e-008	6.25e-005
-4.5909e-008	0.000375
-4.5409e-008	6.25e-005
-4.4909e-008	-0.000875
-4.4409e-008	-0.000875
-4.3909e-008	-0.0011875
-4.3409e-008	-0.0005625
-4.2909e-008	-0.000875
-4.2409e-008	-0.000875
-4.1909e-008	6.25e-005
-4.1409e-008	6.25e-005
-4.0909e-008	0.000375
-4.0409e-008	6.25e-005
-3.9909e-008	6.25e-005
-3.9409e-008	0.000375
-3.8909e-008	0.000375
-3.8409e-008	0.0006875
-3.7909e-008	0.000375
-3.7409e-008	0.000375
-3.6909e-008	6.25e-005
-3.6409e-008	-0.00025
-3.5909e-008	0.000375
-3.5409e-008	0.0006875
-3.4909e-008	6.25e-005
-3.4409e-008	-0.00025
-3.3909e-008	-0.0005625
-3.3409e-008	-0.00025
-3.2909e-008	-0.00025
-3.2409e-008	-0.000875
-3.1909e-008	-0.0005625
-3.1409e-008	-0.000875
-3.0909e-008	-0.00025
-3.0409e-008	6.25e-005
-2.9909e-008	6.25e-005
-2.9409e-008	-0.0005625
-2.8909e-008	-0.00025
-2.8409e-008	0.0006875
-2.7909e-008	-0.00025
-2.7409e-008	0.000375
-2.6909e-008	0.000375
-2.6409e-008	-0.00025
-2.5909e-008	0.000375
-2.5409e-008	6.25e-005
-2.4909e-008	6.25e-005
-2.4409e-008	6.25e-005
-2.3909e-008	6.25e-005
-2.3409e-008	0.0006875
-2.2909e-008	6.25e-005
-2.2409e-008	-0.0005625
-2.1909e-008	6.25e-005
-2.1409e-008	6.25e-005
-2.0909e-008	6.25e-005
-2.0409e-008	6.25e-005
-1.9909e-008	6.25e-005
-1.9409e-008	0.000375
-1.8909e-008	-0.0005625
-1.8409e-008	-0.0005625
-1.7909e-008	6.25e-005
-1.7409e-008	0.000375
-1.6909e-008	6.25e-005
-1.6409e-008	-0.00025
-1.5909e-008	6.25e-005
-1.5409e-008	6.25e-005
-1.4909e-008	-0.00025
-1.4409e-008	-0.000875
-1.3909e-008	-0.0015
-1.3409e-008	-0.00275
-1.2909e-008	-0.003375
-1.2409e-008	-0.0030625
-1.1909e-008	-0.004
-1.1409e-008	-0.005875
-1.0909e-008	-0.007125
-1.0409e-008	-0.0080625
-9.909e-009	-0.00775
-9.409e-009	-0.0086875
-8.909e-009	-0.0086875
-8.409e-009	-0.0086875
-7.909e-009	-0.0093125
-7.409e-009	-0.009625
-6.909e-009	-0.0093125
-6.409e-009	-0.0099375
-5.909e-009	-0.0086875
-5.409e-009	-0.0093125
-4.909e-009	-0.0099375
-4.409e-009	-0.0099375
-3.909e-009	-0.009625
-3.409e-009	-0.0093125
-2.909e-009	-0.0099375
-2.409e-009	-0.0105625
-1.909e-009	-0.010875
-1.409e-009	-0.0115
-9.09e-010	-0.0118125
-4.09e-010	-0.0118125
9.1e-011	-0.0124375
5.91e-010	-0.01275
1.091e-009	-0.0130625
1.591e-009	-0.01275
2.091e-009	-0.013375
2.591e-009	-0.0130625
3.091e-009	-0.012125
3.591e-009	-0.0115
4.091e-009	-0.0111875
4.591e-009	-0.010875
5.091e-009	-0.0115
5.591e-009	-0.0111875
6.091e-009	-0.0099375
6.591e-009	-0.0099375
7.091e-009	-0.0118125
7.591e-009	-0.0118125
8.091e-009	-0.0118125
8.591e-009	-0.012125
9.091e-009	-0.012125
9.591e-009	-0.0124375
1.0091e-008	-0.0130625
1.0591e-008	-0.0130625
1.1091e-008	-0.01275
1.1591e-008	-0.012125
1.2091e-008	-0.0130625
1.2591e-008	-0.01275
1.3091e-008	-0.012125
1.3591e-008	-0.0124375
1.4091e-008	-0.0124375
1.4591e-008	-0.0130625
1.5091e-008	-0.01275
1.5591e-008	-0.01275
1.6091e-008	-0.01275
1.6591e-008	-0.0130625
1.7091e-008	-0.0130625
1.7591e-008	-0.013375
1.8091e-008	-0.013375
1.8591e-008	-0.0136875
1.9091e-008	-0.014
1.9591e-008	-0.014625
2.0091e-008	-0.014
2.0591e-008	-0.014
2.1091e-008	-0.014625
2.1591e-008	-0.014625
2.2091e-008	-0.0149375
2.2591e-008	-0.0149375
2.3091e-008	-0.014
2.3591e-008	-0.0136875
2.4091e-008	-0.014
2.4591e-008	-0.0143125
2.5091e-008	-0.0143125
2.5591e-008	-0.013375
2.6091e-008	-0.0149375
2.6591e-008	-0.014625
2.7091e-008	-0.0149375
2.7591e-008	-0.014625
2.8091e-008	-0.01525
2.8591e-008	-0.015875
2.9091e-008	-0.015875
2.9591e-008	-0.0161875
3.0091e-008	-0.015875
3.0591e-008	-0.01525
3.1091e-008	-0.0149375
3.1591e-008	-0.014625
3.2091e-008	-0.014
3.2591e-008	-0.0136875
3.3091e-008	-0.0143125
3.3591e-008	-0.0136875
3.4091e-008	-0.0130625
3.4591e-008	-0.013375
3.5091e-008	-0.013375
3.5591e-008	-0.014
3.6091e-008	-0.014
3.6591e-008	-0.014625
3.7091e-008	-0.014625
3.7591e-008	-0.01525
3.8091e-008	-0.0161875
3.8591e-008	-0.0161875
3.9091e-008	-0.0161875
3.9591e-008	-0.0168125
4.0091e-008	-0.015875
4.0591e-008	-0.0161875
4.1091e-008	-0.014625
4.1591e-008	-0.0143125
4.2091e-008	-0.014625
4.2591e-008	-0.014
4.3091e-008	-0.0136875
4.3591e-008	-0.0124375
4.4091e-008	-0.0130625
4.4591e-008	-0.0136875
4.5091e-008	-0.013375
4.5591e-008	-0.014
4.6091e-008	-0.01525
4.6591e-008	-0.0155625
4.7091e-008	-0.015875
4.7591e-008	-0.015875
4.8091e-008	-0.017125
4.8591e-008	-0.0168125
4.9091e-008	-0.0168125
4.9591e-008	-0.0165
5.0091e-008	-0.0161875
5.0591e-008	-0.0155625
5.1091e-008	-0.0155625
5.1591e-008	-0.014625
5.2091e-008	-0.014625
5.2591e-008	-0.0143125
5.3091e-008	-0.0130625
5.3591e-008	-0.0124375
5.4091e-008	-0.0130625
5.4591e-008	-0.01275
5.5091e-008	-0.0136875
5.5591e-008	-0.014625
5.6091e-008	-0.014625
5.6591e-008	-0.01525
5.7091e-008	-0.0149375
5.7591e-008	-0.0155625
5.8091e-008	-0.0161875
5.8591e-008	-0.0161875
5.9091e-008	-0.015875
5.9591e-008	-0.0165
6.0091e-008	-0.0155625
6.0591e-008	-0.0155625
6.1091e-008	-0.0149375
6.1591e-008	-0.014
6.2091e-008	-0.0130625
6.2591e-008	-0.0130625
6.3091e-008	-0.01275
6.3591e-008	-0.0124375
6.4091e-008	-0.01275
6.4591e-008	-0.01275
6.5091e-008	-0.013375
6.5591e-008	-0.013375
6.6091e-008	-0.013375
6.6591e-008	-0.014625
6.7091e-008	-0.015875
6.7591e-008	-0.01525
6.8091e-008	-0.0149375
6.8591e-008	-0.015875
6.9091e-008	-0.015875
6.9591e-008	-0.014625
7.0091e-008	-0.01525
7.0591e-008	-0.0143125
7.1091e-008	-0.0136875
7.1591e-008	-0.01275
7.2091e-008	-0.0130625
7.2591e-008	-0.0124375
7.3091e-008	-0.0124375
7.3591e-008	-0.0124375
7.4091e-008	-0.0130625
7.4591e-008	-0.01275
7.5091e-008	-0.013375
7.5591e-008	-0.014
7.6091e-008	-0.0149375
7.6591e-008	-0.0149375
7.7091e-008	-0.0149375
7.7591e-008	-0.015875
7.8091e-008	-0.0155625
7.8591e-008	-0.0155625
7.9091e-008	-0.0149375
7.9591e-008	-0.0149375
8.0091e-008	-0.014
8.0591e-008	-0.0136875
8.1091e-008	-0.0130625
8.1591e-008	-0.0130625
8.2091e-008	-0.012125
8.2591e-008	-0.01275
8.3091e-008	-0.0124375
8.3591e-008	-0.0130625
8.4091e-008	-0.0130625
8.4591e-008	-0.0130625
8.5091e-008	-0.013375
8.5591e-008	-0.013375
8.6091e-008	-0.014
8.6591e-008	-0.0149375
8.7091e-008	-0.01525
8.7591e-008	-0.0149375
8.8091e-008	-0.0149375
8.8591e-008	-0.01525
8.9091e-008	-0.014625
8.9591e-008	-0.0136875
9.0091e-008	-0.013375
9.0591e-008	-0.0124375
9.1091e-008	-0.0124375
9.1591e-008	-0.0111875
9.2091e-008	-0.0118125
9.2591e-008	-0.0115
9.3091e-008	-0.0124375
9.3591e-008	-0.012125
9.4091e-008	-0.01275
9.4591e-008	-0.01275
9.5091e-008	-0.0136875
9.5591e-008	-0.014
9.6091e-008	-0.0149375
9.6591e-008	-0.0149375
9.7091e-008	-0.0149375
9.7591e-008	-0.01525
9.8091e-008	-0.014625
9.8591e-008	-0.014
9.9091e-008	-0.0130625
9.9591e-008	-0.0130625
1.00091e-007	-0.013375
1.00591e-007	-0.0124375
1.01091e-007	-0.0105625
1.01591e-007	-0.010875
1.02091e-007	-0.0111875
1.02591e-007	-0.0111875
1.03091e-007	-0.0111875
1.03591e-007	-0.0118125
1.04091e-007	-0.012125
1.04591e-007	-0.0136875
1.05091e-007	-0.013375
1.05591e-007	-0.0136875
1.06091e-007	-0.01525
1.06591e-007	-0.014625
1.07091e-007	-0.014
1.07591e-007	-0.0149375
1.08091e-007	-0.014625
1.08591e-007	-0.014
1.09091e-007	-0.0136875
1.09591e-007	-0.01275
1.10091e-007	-0.01275
1.10591e-007	-0.0115
1.11091e-007	-0.0118125
1.11591e-007	-0.0111875
1.12091e-007	-0.0115
1.12591e-007	-0.0105625
1.13091e-007	-0.0105625
1.13591e-007	-0.0115
1.14091e-007	-0.01275
1.14591e-007	-0.0130625
1.15091e-007	-0.013375
1.15591e-007	-0.013375
1.16091e-007	-0.0149375
1.16591e-007	-0.0143125
1.17091e-007	-0.0143125
1.17591e-007	-0.014625
1.18091e-007	-0.0143125
1.18591e-007	-0.014
1.19091e-007	-0.0130625
1.19591e-007	-0.01275
1.20091e-007	-0.0118125
1.20591e-007	-0.0115
1.21091e-007	-0.012125
1.21591e-007	-0.010875
1.22091e-007	-0.009625
1.22591e-007	-0.010875
1.23091e-007	-0.0111875
1.23591e-007	-0.0115
1.24091e-007	-0.0118125
1.24591e-007	-0.01275
1.25091e-007	-0.013375
1.25591e-007	-0.0136875
1.26091e-007	-0.0136875
1.26591e-007	-0.014
1.27091e-007	-0.014625
1.27591e-007	-0.0136875
1.28091e-007	-0.0136875
1.28591e-007	-0.0143125
1.29091e-007	-0.013375
1.29591e-007	-0.012125
1.30091e-007	-0.0118125
1.30591e-007	-0.010875
1.31091e-007	-0.010875
1.31591e-007	-0.0105625
1.32091e-007	-0.0111875
1.32591e-007	-0.01025
1.33091e-007	-0.010875
1.33591e-007	-0.0115
1.34091e-007	-0.0118125
1.34591e-007	-0.0115
1.35091e-007	-0.0130625
1.35591e-007	-0.0130625
1.36091e-007	-0.013375
1.36591e-007	-0.01275
1.37091e-007	-0.0136875
1.37591e-007	-0.0143125
1.38091e-007	-0.0143125
1.38591e-007	-0.013375
1.39091e-007	-0.0124375
1.39591e-007	-0.01275
1.40091e-007	-0.0124375
1.40591e-007	-0.010875
1.41091e-007	-0.010875
1.41591e-007	-0.0111875
1.42091e-007	-0.010875
1.42591e-007	-0.010875
1.43091e-007	-0.0111875
1.43591e-007	-0.0115
1.44091e-007	-0.0111875
1.44591e-007	-0.0118125
1.45091e-007	-0.012125
1.45591e-007	-0.0124375
1.46091e-007	-0.0124375
1.46591e-007	-0.0124375
1.47091e-007	-0.01275
1.47591e-007	-0.0130625
1.48091e-007	-0.01275
1.48591e-007	-0.012125
1.49091e-007	-0.0115
1.49591e-007	-0.012125
1.50091e-007	-0.0115
1.50591e-007	-0.0105625
1.51091e-007	-0.0111875
1.51591e-007	-0.010875
1.52091e-007	-0.0105625
1.52591e-007	-0.010875
1.53091e-007	-0.0118125
1.53591e-007	-0.0111875
1.54091e-007	-0.0115
1.54591e-007	-0.0111875
1.55091e-007	-0.012125
1.55591e-007	-0.01275
1.56091e-007	-0.012125
1.56591e-007	-0.0111875
1.57091e-007	-0.0130625
1.57591e-007	-0.01275
1.58091e-007	-0.0124375
1.58591e-007	-0.0115
1.59091e-007	-0.0118125
1.59591e-007	-0.0118125
1.60091e-007	-0.0118125
1.60591e-007	-0.0111875
1.61091e-007	-0.010875
1.61591e-007	-0.010875
1.62091e-007	-0.0115
1.62591e-007	-0.0115
1.63091e-007	-0.0099375
1.63591e-007	-0.0105625
1.64091e-007	-0.012125
1.64591e-007	-0.012125
1.65091e-007	-0.012125
1.65591e-007	-0.012125
1.66091e-007	-0.0124375
1.66591e-007	-0.012125
1.67091e-007	-0.012125
1.67591e-007	-0.012125
1.68091e-007	-0.0118125
1.68591e-007	-0.0115
1.69091e-007	-0.0111875
1.69591e-007	-0.0111875
1.70091e-007	-0.0111875
1.70591e-007	-0.010875
1.71091e-007	-0.0105625
1.71591e-007	-0.009625
1.72091e-007	-0.0105625
1.72591e-007	-0.0115
1.73091e-007	-0.0115
1.73591e-007	-0.0111875
1.74091e-007	-0.0118125
1.74591e-007	-0.0118125
1.75091e-007	-0.012125
1.75591e-007	-0.0115
1.76091e-007	-0.012125
1.76591e-007	-0.0115
1.77091e-007	-0.0111875
1.77591e-007	-0.010875
1.78091e-007	-0.0111875
1.78591e-007	-0.010875
1.79091e-007	-0.0111875
1.79591e-007	-0.0105625
1.80091e-007	-0.0099375
1.80591e-007	-0.01025
1.81091e-007	-0.010875
1.81591e-007	-0.0105625
1.82091e-007	-0.009625
1.82591e-007	-0.0099375
1.83091e-007	-0.0105625
1.83591e-007	-0.0105625
1.84091e-007	-0.010875
1.84591e-007	-0.0111875
1.85091e-007	-0.0118125
1.85591e-007	-0.0124375
1.86091e-007	-0.012125
1.86591e-007	-0.0111875
1.87091e-007	-0.0118125
1.87591e-007	-0.0111875
1.88091e-007	-0.0111875
1.88591e-007	-0.010875
1.89091e-007	-0.01025
1.89591e-007	-0.01025
1.90091e-007	-0.0099375
1.90591e-007	-0.0099375
1.91091e-007	-0.0093125
1.91591e-007	-0.0093125
1.92091e-007	-0.01025
1.92591e-007	-0.0099375
1.93091e-007	-0.01025
1.93591e-007	-0.0111875
1.94091e-007	-0.0115
1.94591e-007	-0.0111875
1.95091e-007	-0.0111875
1.95591e-007	-0.0111875
1.96091e-007	-0.0124375
1.96591e-007	-0.0115
1.97091e-007	-0.0111875
1.97591e-007	-0.0111875
1.98091e-007	-0.0111875
1.98591e-007	-0.0099375
1.99091e-007	-0.0099375
1.99591e-007	-0.0099375
2.00091e-007	-0.009625
2.00591e-007	-0.009
2.01091e-007	-0.0093125
2.01591e-007	-0.0099375
2.02091e-007	-0.01025
2.02591e-007	-0.009625
2.03091e-007	-0.009625
2.03591e-007	-0.0105625
2.04091e-007	-0.010875
2.04591e-007	-0.010875
2.05091e-007	-0.0105625
2.05591e-007	-0.010875
2.06091e-007	-0.0115
2.06591e-007	-0.0115
2.07091e-007	-0.0105625
2.07591e-007	-0.0105625
2.08091e-007	-0.0099375
2.08591e-007	-0.0105625
2.09091e-007	-0.009625
2.09591e-007	-0.009625
2.10091e-007	-0.009
2.10591e-007	-0.0099375
2.11091e-007	-0.0093125
2.11591e-007	-0.009625
2.12091e-007	-0.0086875
2.12591e-007	-0.009
2.13091e-007	-0.01025
2.13591e-007	-0.0099375
2.14091e-007	-0.0105625
2.14591e-007	-0.010875
2.15091e-007	-0.0105625
2.15591e-007	-0.0099375
2.16091e-007	-0.01025
2.16591e-007	-0.010875
2.17091e-007	-0.010875
2.17591e-007	-0.009625
2.18091e-007	-0.009625
2.18591e-007	-0.009625
2.19091e-007	-0.009625
2.19591e-007	-0.009625
2.20091e-007	-0.008375
2.20591e-007	-0.008375
2.21091e-007	-0.0093125
2.21591e-007	-0.009
2.22091e-007	-0.009625
2.22591e-007	-0.0093125
2.23091e-007	-0.009
2.23591e-007	-0.009625
2.24091e-007	-0.01025
2.24591e-007	-0.0105625
2.25091e-007	-0.0099375
2.25591e-007	-0.009625
2.26091e-007	-0.0099375
2.26591e-007	-0.01025
2.27091e-007	-0.0093125
2.27591e-007	-0.009625
2.28091e-007	-0.009625
2.28591e-007	-0.0093125
2.29091e-007	-0.0080625
2.29591e-007	-0.008375
2.30091e-007	-0.0086875
2.30591e-007	-0.0086875
2.31091e-007	-0.008375
2.31591e-007	-0.009625
2.32091e-007	-0.01025
2.32591e-007	-0.0093125
2.33091e-007	-0.008375
2.33591e-007	-0.009625
2.34091e-007	-0.0105625
2.34591e-007	-0.0099375
2.35091e-007	-0.009625
2.35591e-007	-0.0093125
2.36091e-007	-0.0093125
2.36591e-007	-0.009625
2.37091e-007	-0.009625
2.37591e-007	-0.009
2.38091e-007	-0.008375
2.38591e-007	-0.008375
2.39091e-007	-0.008375
2.39591e-007	-0.0080625
2.40091e-007	-0.0080625
2.40591e-007	-0.008375
2.41091e-007	-0.0086875
2.41591e-007	-0.0086875
2.42091e-007	-0.008375
2.42591e-007	-0.0086875
2.43091e-007	-0.009625
2.43591e-007	-0.009625
2.44091e-007	-0.0099375
2.44591e-007	-0.0105625
2.45091e-007	-0.009625
2.45591e-007	-0.0093125
2.46091e-007	-0.008375
2.46591e-007	-0.0080625
2.47091e-007	-0.0086875
2.47591e-007	-0.008375
2.48091e-007	-0.007125
2.48591e-007	-0.008375
2.49091e-007	-0.0074375
2.49591e-007	-0.0086875
2.50091e-007	-0.00775
2.50591e-007	-0.00775
2.51091e-007	-0.0080625
2.51591e-007	-0.0086875
2.52091e-007	-0.009
2.52591e-007	-0.0093125
2.53091e-007	-0.009
2.53591e-007	-0.01025
2.54091e-007	-0.01025
2.54591e-007	-0.009625
2.55091e-007	-0.0093125
2.55591e-007	-0.0099375
2.56091e-007	-0.0093125
2.56591e-007	-0.008375
2.57091e-007	-0.00775
2.57591e-007	-0.00775
2.58091e-007	-0.00775
2.58591e-007	-0.007125
2.59091e-007	-0.007125
2.59591e-007	-0.0074375
2.60091e-007	-0.007125
2.60591e-007	-0.007125
2.61091e-007	-0.008375
2.61591e-007	-0.009
2.62091e-007	-0.009
2.62591e-007	-0.0093125
2.63091e-007	-0.0093125
2.63591e-007	-0.0099375
2.64091e-007	-0.0093125
2.64591e-007	-0.009625
2.65091e-007	-0.0093125
2.65591e-007	-0.009625
2.66091e-007	-0.0093125
2.66591e-007	-0.008375
2.67091e-007	-0.0080625
2.67591e-007	-0.0080625
2.68091e-007	-0.00775
2.68591e-007	-0.0074375
2.69091e-007	-0.0068125
2.69591e-007	-0.0074375
2.70091e-007	-0.0074375
2.70591e-007	-0.008375
2.71091e-007	-0.0080625
2.71591e-007	-0.008375
2.72091e-007	-0.008375
2.72591e-007	-0.0080625
2.73091e-007	-0.008375
2.73591e-007	-0.009
2.74091e-007	-0.00775
2.74591e-007	-0.0086875
2.75091e-007	-0.0093125
2.75591e-007	-0.009625
2.76091e-007	-0.009
2.76591e-007	-0.0086875
2.77091e-007	-0.0074375
2.77591e-007	-0.0068125
2.78091e-007	-0.007125
2.78591e-007	-0.0080625
2.79091e-007	-0.00775
2.79591e-007	-0.0074375
2.80091e-007	-0.007125
2.80591e-007	-0.0068125
2.81091e-007	-0.007125
2.81591e-007	-0.00775
2.82091e-007	-0.00775
2.82591e-007	-0.0074375
2.83091e-007	-0.0080625
2.83591e-007	-0.008375
2.84091e-007	-0.008375
2.84591e-007	-0.0086875
2.85091e-007	-0.0086875
2.85591e-007	-0.008375
2.86091e-007	-0.00775
2.86591e-007	-0.0074375
2.87091e-007	-0.0074375
2.87591e-007	-0.0074375
2.88091e-007	-0.00775
2.88591e-007	-0.0074375
2.89091e-007	-0.007125
2.89591e-007	-0.00775
2.90091e-007	-0.0074375
2.90591e-007	-0.0080625
2.91091e-007	-0.0074375
2.91591e-007	-0.00775
2.92091e-007	-0.00775
2.92591e-007	-0.00775
2.93091e-007	-0.0074375
2.93591e-007	-0.0074375
2.94091e-007	-0.007125
2.94591e-007	-0.0080625
2.95091e-007	-0.00775
2.95591e-007	-0.00775
2.96091e-007	-0.0074375
2.96591e-007	-0.0074375
2.97091e-007	-0.0074375
2.97591e-007	-0.0074375
2.98091e-007	-0.0068125
2.98591e-007	-0.007125
2.99091e-007	-0.008375
2.99591e-007	-0.0086875
3.00091e-007	-0.0080625
3.00591e-007	-0.00775
3.01091e-007	-0.0074375
3.01591e-007	-0.00775
3.02091e-007	-0.00775
3.02591e-007	-0.0068125
3.03091e-007	-0.00775
3.03591e-007	-0.0074375
3.04091e-007	-0.0074375
3.04591e-007	-0.0068125
3.05091e-007	-0.0068125
3.05591e-007	-0.007125
3.06091e-007	-0.0068125
3.06591e-007	-0.00775
3.07091e-007	-0.0074375
3.07591e-007	-0.0068125
3.08091e-007	-0.0074375
3.08591e-007	-0.007125
3.09091e-007	-0.0074375
3.09591e-007	-0.008375
3.10091e-007	-0.0080625
3.10591e-007	-0.0080625
3.11091e-007	-0.0074375
3.11591e-007	-0.0080625
3.12091e-007	-0.0074375
3.12591e-007	-0.007125
3.13091e-007	-0.007125
3.13591e-007	-0.0068125
3.14091e-007	-0.0068125
3.14591e-007	-0.0065
3.15091e-007	-0.0055625
3.15591e-007	-0.0061875
3.16091e-007	-0.0061875
3.16591e-007	-0.0065
3.17091e-007	-0.005875
3.17591e-007	-0.0068125
3.18091e-007	-0.007125
3.18591e-007	-0.0068125
3.19091e-007	-0.0074375
3.19591e-007	-0.00775
3.20091e-007	-0.0074375
3.20591e-007	-0.0080625
3.21091e-007	-0.00775
3.21591e-007	-0.00775
3.22091e-007	-0.0080625
3.22591e-007	-0.00775
3.23091e-007	-0.0068125
3.23591e-007	-0.0068125
3.24091e-007	-0.0068125
3.24591e-007	-0.0055625
3.25091e-007	-0.005875
3.25591e-007	-0.005875
3.26091e-007	-0.005875
3.26591e-007	-0.0061875
3.27091e-007	-0.0065
3.27591e-007	-0.0061875
3.28091e-007	-0.005875
3.28591e-007	-0.0065
3.29091e-007	-0.007125
3.29591e-007	-0.0074375
3.30091e-007	-0.0080625
3.30591e-007	-0.0080625
3.31091e-007	-0.0068125
3.31591e-007	-0.0074375
3.32091e-007	-0.007125
3.32591e-007	-0.0080625
3.33091e-007	-0.0080625
3.33591e-007	-0.007125
3.34091e-007	-0.007125
3.34591e-007	-0.0061875
3.35091e-007	-0.005875
3.35591e-007	-0.0061875
3.36091e-007	-0.0055625
3.36591e-007	-0.00525
3.37091e-007	-0.00525
3.37591e-007	-0.0061875
3.38091e-007	-0.0065
3.38591e-007	-0.007125
3.39091e-007	-0.0065
3.39591e-007	-0.005875
3.40091e-007	-0.0065
3.40591e-007	-0.0074375
3.41091e-007	-0.0080625
3.41591e-007	-0.0074375
3.42091e-007	-0.0068125
3.42591e-007	-0.0080625
3.43091e-007	-0.00775
3.43591e-007	-0.0068125
3.44091e-007	-0.007125
3.44591e-007	-0.0065
3.45091e-007	-0.0061875
3.45591e-007	-0.0065
3.46091e-007	-0.0068125
3.46591e-007	-0.005875
3.47091e-007	-0.00525
3.47591e-007	-0.0061875
3.48091e-007	-0.005875
3.48591e-007	-0.0065
3.49091e-007	-0.0061875
3.49591e-007	-0.0055625
3.50091e-007	-0.0061875
3.50591e-007	-0.005875
3.51091e-007	-0.0055625
3.51591e-007	-0.0065
3.52091e-007	-0.0068125
3.52591e-007	-0.007125
3.53091e-007	-0.0068125
3.53591e-007	-0.0068125
3.54091e-007	-0.0068125
3.54591e-007	-0.0068125
3.55091e-007	-0.0061875
3.55591e-007	-0.0065
3.56091e-007	-0.0061875
3.56591e-007	-0.0061875
3.57091e-007	-0.005875
3.57591e-007	-0.005875
3.58091e-007	-0.005875
3.58591e-007	-0.005875
3.59091e-007	-0.00525
3.59591e-007	-0.005875
3.60091e-007	-0.005875
3.60591e-007	-0.0055625
3.61091e-007	-0.0061875
3.61591e-007	-0.0068125
3.62091e-007	-0.0061875
3.62591e-007	-0.0061875
3.63091e-007	-0.0061875
3.63591e-007	-0.0065
3.64091e-007	-0.0065
3.64591e-007	-0.0065
3.65091e-007	-0.005875
3.65591e-007	-0.005875
3.66091e-007	-0.0061875
3.66591e-007	-0.0061875
3.67091e-007	-0.0065
3.67591e-007	-0.0065
3.68091e-007	-0.0055625
3.68591e-007	-0.005875
3.69091e-007	-0.0061875
3.69591e-007	-0.005875
3.70091e-007	-0.0055625
3.70591e-007	-0.005875
3.71091e-007	-0.005875
3.71591e-007	-0.005875
3.72091e-007	-0.005875
3.72591e-007	-0.005875
3.73091e-007	-0.005875
3.73591e-007	-0.0055625
3.74091e-007	-0.0061875
3.74591e-007	-0.005875
3.75091e-007	-0.005875
3.75591e-007	-0.0061875
3.76091e-007	-0.0049375
3.76591e-007	-0.00525
3.77091e-007	-0.005875
3.77591e-007	-0.0061875
3.78091e-007	-0.0065
3.78591e-007	-0.0065
3.79091e-007	-0.0061875
3.79591e-007	-0.0065
3.80091e-007	-0.005875
3.80591e-007	-0.005875
3.81091e-007	-0.0061875
3.81591e-007	-0.0061875
3.82091e-007	-0.0055625
3.82591e-007	-0.00525
3.83091e-007	-0.0055625
3.83591e-007	-0.0055625
3.84091e-007	-0.0055625
3.84591e-007	-0.005875
3.85091e-007	-0.005875
3.85591e-007	-0.005875
3.86091e-007	-0.0055625
3.86591e-007	-0.0055625
3.87091e-007	-0.005875
3.87591e-007	-0.0055625
3.88091e-007	-0.005875
3.88591e-007	-0.0061875
3.89091e-007	-0.0068125
3.89591e-007	-0.007125
3.90091e-007	-0.0061875
3.90591e-007	-0.005875
3.91091e-007	-0.0065
3.91591e-007	-0.0065
3.92091e-007	-0.0055625
3.92591e-007	-0.00525
3.93091e-007	-0.0049375
3.93591e-007	-0.004625
3.94091e-007	-0.00525
3.94591e-007	-0.004625
3.95091e-007	-0.0036875
3.95591e-007	-0.004
3.96091e-007	-0.0049375
3.96591e-007	-0.0055625
3.97091e-007	-0.005875
3.97591e-007	-0.005875
3.98091e-007	-0.0055625
3.98591e-007	-0.0061875
3.99091e-007	-0.007125
3.99591e-007	-0.0068125
4.00091e-007	-0.0068125
4.00591e-007	-0.0068125
4.01091e-007	-0.0068125
4.01591e-007	-0.007125
4.02091e-007	-0.0055625
4.02591e-007	-0.0049375
4.03091e-007	-0.0055625
4.03591e-007	-0.004625
4.04091e-007	-0.0043125
4.04591e-007	-0.0036875
4.05091e-007	-0.0043125
4.05591e-007	-0.004
4.06091e-007	-0.0036875
4.06591e-007	-0.004625
4.07091e-007	-0.00525
4.07591e-007	-0.00525
4.08091e-007	-0.005875
4.08591e-007	-0.005875
4.09091e-007	-0.0065
4.09591e-007	-0.0065
4.10091e-007	-0.0061875
4.10591e-007	-0.0074375
4.11091e-007	-0.007125
4.11591e-007	-0.0061875
4.12091e-007	-0.005875
4.12591e-007	-0.0061875
4.13091e-007	-0.0049375
4.13591e-007	-0.004
4.14091e-007	-0.004
4.14591e-007	-0.0036875
4.15091e-007	-0.0030625
4.15591e-007	-0.003375
4.16091e-007	-0.0030625
4.16591e-007	-0.004
4.17091e-007	-0.0043125
4.17591e-007	-0.004625
4.18091e-007	-0.0055625
4.18591e-007	-0.0055625
4.19091e-007	-0.0061875
4.19591e-007	-0.0065
4.20091e-007	-0.007125
4.20591e-007	-0.007125
4.21091e-007	-0.0068125
4.21591e-007	-0.0065
4.22091e-007	-0.005875
4.22591e-007	-0.005875
4.23091e-007	-0.0055625
4.23591e-007	-0.004
4.24091e-007	-0.0043125
4.24591e-007	-0.003375
4.25091e-007	-0.003375
4.25591e-007	-0.0030625
4.26091e-007	-0.0036875
4.26591e-007	-0.004
4.27091e-007	-0.0036875
4.27591e-007	-0.0043125
4.28091e-007	-0.0049375
4.28591e-007	-0.00525
4.29091e-007	-0.0068125
4.29591e-007	-0.007125
4.30091e-007	-0.0061875
4.30591e-007	-0.0061875
4.31091e-007	-0.0061875
4.31591e-007	-0.0068125
4.32091e-007	-0.0061875
4.32591e-007	-0.0061875
4.33091e-007	-0.004625
4.33591e-007	-0.0036875
4.34091e-007	-0.004625
4.34591e-007	-0.004
4.35091e-007	-0.003375
4.35591e-007	-0.003375
4.36091e-007	-0.0036875
4.36591e-007	-0.004
4.37091e-007	-0.0030625
4.37591e-007	-0.0043125
4.38091e-007	-0.0049375
4.38591e-007	-0.00525
4.39091e-007	-0.0055625
4.39591e-007	-0.005875
4.40091e-007	-0.0068125
4.40591e-007	-0.0065
4.41091e-007	-0.0061875
4.41591e-007	-0.0055625
4.42091e-007	-0.0055625
4.42591e-007	-0.005875
4.43091e-007	-0.0049375
4.43591e-007	-0.004
4.44091e-007	-0.0043125
4.44591e-007	-0.003375
4.45091e-007	-0.004
4.45591e-007	-0.003375
4.46091e-007	-0.004
4.46591e-007	-0.004
4.47091e-007	-0.004
4.47591e-007	-0.004625
4.48091e-007	-0.0049375
4.48591e-007	-0.0055625
4.49091e-007	-0.0055625
4.49591e-007	-0.00525
4.50091e-007	-0.0061875
4.50591e-007	-0.0061875
4.51091e-007	-0.00525
4.51591e-007	-0.00525
4.52091e-007	-0.0049375
4.52591e-007	-0.00525
4.53091e-007	-0.004625
4.53591e-007	-0.004
4.54091e-007	-0.004625
4.54591e-007	-0.004
4.55091e-007	-0.004
4.55591e-007	-0.004
4.56091e-007	-0.004
4.56591e-007	-0.004625
4.57091e-007	-0.0036875
4.57591e-007	-0.0043125
4.58091e-007	-0.00525
4.58591e-007	-0.00525
4.59091e-007	-0.0049375
4.59591e-007	-0.0049375
4.60091e-007	-0.0049375
4.60591e-007	-0.0049375
4.61091e-007	-0.0049375
4.61591e-007	-0.004625
4.62091e-007	-0.0043125
4.62591e-007	-0.004
4.63091e-007	-0.0043125
4.63591e-007	-0.004
4.64091e-007	-0.004
4.64591e-007	-0.0036875
4.65091e-007	-0.0036875
4.65591e-007	-0.003375
4.66091e-007	-0.004
4.66591e-007	-0.004625
4.67091e-007	-0.00525
4.67591e-007	-0.0055625
4.68091e-007	-0.004625
4.68591e-007	-0.004625
4.69091e-007	-0.00525
4.69591e-007	-0.00525
4.70091e-007	-0.00525
4.70591e-007	-0.0043125
4.71091e-007	-0.0043125
4.71591e-007	-0.0043125
4.72091e-007	-0.0036875
4.72591e-007	-0.0036875
4.73091e-007	-0.003375
4.73591e-007	-0.0030625
4.74091e-007	-0.003375
4.74591e-007	-0.003375
4.75091e-007	-0.004625
4.75591e-007	-0.004
4.76091e-007	-0.004
4.76591e-007	-0.00525
4.77091e-007	-0.0043125
4.77591e-007	-0.0049375
4.78091e-007	-0.00525
4.78591e-007	-0.0049375
4.79091e-007	-0.0043125
4.79591e-007	-0.0043125
4.80091e-007	-0.004625
4.80591e-007	-0.004625
4.81091e-007	-0.0036875
4.81591e-007	-0.0036875
4.82091e-007	-0.0036875
4.82591e-007	-0.004
4.83091e-007	-0.003375
4.83591e-007	-0.003375
4.84091e-007	-0.0036875
4.84591e-007	-0.003375
4.85091e-007	-0.0043125
4.85591e-007	-0.0036875
4.86091e-007	-0.004625
4.86591e-007	-0.0043125
4.87091e-007	-0.0043125
4.87591e-007	-0.00525
4.88091e-007	-0.004625
4.88591e-007	-0.0043125
4.89091e-007	-0.004625
4.89591e-007	-0.0043125
4.90091e-007	-0.0043125
4.90591e-007	-0.004
4.91091e-007	-0.0049375
4.91591e-007	-0.0030625
4.92091e-007	-0.0024375
4.92591e-007	-0.003375
4.93091e-007	-0.0036875
4.93591e-007	-0.004
4.94091e-007	-0.003375
4.94591e-007	-0.0030625
4.95091e-007	-0.004625
4.95591e-007	-0.004625
4.96091e-007	-0.004625
4.96591e-007	-0.004625
4.97091e-007	-0.004
4.97591e-007	-0.0043125
4.98091e-007	-0.004
4.98591e-007	-0.0043125
4.99091e-007	-0.004
4.99591e-007	-0.0043125
5.00091e-007	-0.004625
5.00591e-007	-0.0036875
5.01091e-007	-0.003375
5.01591e-007	-0.003375
5.02091e-007	-0.003375
5.02591e-007	-0.0036875
5.03091e-007	-0.0030625
5.03591e-007	-0.004
5.04091e-007	-0.003375
5.04591e-007	-0.003375
5.05091e-007	-0.004
5.05591e-007	-0.004
5.06091e-007	-0.0049375
5.06591e-007	-0.004625
5.07091e-007	-0.003375
5.07591e-007	-0.0036875
5.08091e-007	-0.004625
5.08591e-007	-0.004
5.09091e-007	-0.003375
5.09591e-007	-0.003375
5.10091e-007	-0.004
5.10591e-007	-0.003375
5.11091e-007	-0.003375
5.11591e-007	-0.0030625
5.12091e-007	-0.003375
5.12591e-007	-0.003375
5.13091e-007	-0.0043125
5.13591e-007	-0.0043125
5.14091e-007	-0.0036875
5.14591e-007	-0.0036875
5.15091e-007	-0.0036875
5.15591e-007	-0.003375
5.16091e-007	-0.0043125
5.16591e-007	-0.0043125
5.17091e-007	-0.0036875
5.17591e-007	-0.003375
5.18091e-007	-0.0036875
5.18591e-007	-0.0036875
5.19091e-007	-0.0030625
5.19591e-007	-0.003375
5.20091e-007	-0.003375
5.20591e-007	-0.003375
5.21091e-007	-0.0036875
5.21591e-007	-0.003375
5.22091e-007	-0.0036875
5.22591e-007	-0.0043125
5.23091e-007	-0.0036875
5.23591e-007	-0.0036875
5.24091e-007	-0.0036875
5.24591e-007	-0.0036875
5.25091e-007	-0.004625
5.25591e-007	-0.004625
5.26091e-007	-0.0036875
5.26591e-007	-0.004
5.27091e-007	-0.0043125
5.27591e-007	-0.0036875
5.28091e-007	-0.0036875
5.28591e-007	-0.0036875
5.29091e-007	-0.0030625
5.29591e-007	-0.0024375
5.30091e-007	-0.003375
5.30591e-007	-0.003375
5.31091e-007	-0.0036875
5.31591e-007	-0.0036875
5.32091e-007	-0.003375
5.32591e-007	-0.003375
5.33091e-007	-0.003375
5.33591e-007	-0.004
5.34091e-007	-0.004625
5.34591e-007	-0.004
5.35091e-007	-0.0036875
5.35591e-007	-0.0036875
5.36091e-007	-0.0036875
5.36591e-007	-0.003375
5.37091e-007	-0.0030625
5.37591e-007	-0.0030625
5.38091e-007	-0.0030625
5.38591e-007	-0.00275
5.39091e-007	-0.0030625
5.39591e-007	-0.003375
5.40091e-007	-0.003375
5.40591e-007	-0.0030625
5.41091e-007	-0.00275
5.41591e-007	-0.003375
5.42091e-007	-0.0036875
5.42591e-007	-0.004
5.43091e-007	-0.0043125
5.43591e-007	-0.004
5.44091e-007	-0.0036875
5.44591e-007	-0.003375
5.45091e-007	-0.0036875
5.45591e-007	-0.003375
5.46091e-007	-0.0030625
5.46591e-007	-0.0030625
5.47091e-007	-0.0030625
5.47591e-007	-0.0024375
5.48091e-007	-0.002125
5.48591e-007	-0.00275
5.49091e-007	-0.003375
5.49591e-007	-0.0030625
5.50091e-007	-0.0030625
5.50591e-007	-0.0030625
5.51091e-007	-0.003375
5.51591e-007	-0.0036875
5.52091e-007	-0.004
5.52591e-007	-0.004625
5.53091e-007	-0.0043125
5.53591e-007	-0.0036875
5.54091e-007	-0.004
5.54591e-007	-0.004
5.55091e-007	-0.0036875
5.55591e-007	-0.0030625
5.56091e-007	-0.0024375
5.56591e-007	-0.0024375
5.57091e-007	-0.0018125
5.57591e-007	-0.0024375
5.58091e-007	-0.0030625
5.58591e-007	-0.0024375
5.59091e-007	-0.002125
5.59591e-007	-0.0030625
5.60091e-007	-0.003375
5.60591e-007	-0.003375
5.61091e-007	-0.004
5.61591e-007	-0.0043125
5.62091e-007	-0.0036875
5.62591e-007	-0.004
5.63091e-007	-0.0043125
5.63591e-007	-0.004
5.64091e-007	-0.0036875
5.64591e-007	-0.0036875
5.65091e-007	-0.0036875
5.65591e-007	-0.0030625
5.66091e-007	-0.002125
5.66591e-007	-0.0015
5.67091e-007	-0.002125
5.67591e-007	-0.002125
5.68091e-007	-0.0018125
5.68591e-007	-0.002125
5.69091e-007	-0.0024375
5.69591e-007	-0.0030625
5.70091e-007	-0.0036875
5.70591e-007	-0.00275
5.71091e-007	-0.003375
5.71591e-007	-0.004625
5.72091e-007	-0.004625
5.72591e-007	-0.004
5.73091e-007	-0.004
5.73591e-007	-0.004
5.74091e-007	-0.0036875
5.74591e-007	-0.003375
5.75091e-007	-0.0036875
5.75591e-007	-0.0030625
5.76091e-007	-0.0024375
5.76591e-007	-0.0018125
5.77091e-007	-0.0018125
5.77591e-007	-0.0018125
5.78091e-007	-0.002125
5.78591e-007	-0.002125
5.79091e-007	-0.0018125
5.79591e-007	-0.00275
5.80091e-007	-0.0030625
5.80591e-007	-0.0030625
5.81091e-007	-0.003375
5.81591e-007	-0.0036875
5.82091e-007	-0.0043125
5.82591e-007	-0.004625
5.83091e-007	-0.0036875
5.83591e-007	-0.0036875
5.84091e-007	-0.0043125
5.84591e-007	-0.003375
5.85091e-007	-0.00275
5.85591e-007	-0.0024375
5.86091e-007	-0.0030625
5.86591e-007	-0.002125
5.87091e-007	-0.0011875
5.87591e-007	-0.0024375
5.88091e-007	-0.0018125
5.88591e-007	-0.0018125
5.89091e-007	-0.0015
5.89591e-007	-0.0024375
5.90091e-007	-0.0036875
5.90591e-007	-0.00275
5.91091e-007	-0.003375
5.91591e-007	-0.0030625
5.92091e-007	-0.0036875
5.92591e-007	-0.004
5.93091e-007	-0.0043125
5.93591e-007	-0.0043125
5.94091e-007	-0.0036875
5.94591e-007	-0.0036875
5.95091e-007	-0.003375
5.95591e-007	-0.00275
5.96091e-007	-0.0024375
5.96591e-007	-0.002125
5.97091e-007	-0.002125
5.97591e-007	-0.0024375
5.98091e-007	-0.002125
5.98591e-007	-0.00275
5.99091e-007	-0.0018125
5.99591e-007	-0.0024375
6.00091e-007	-0.002125
6.00591e-007	-0.002125
6.01091e-007	-0.0030625
6.01591e-007	-0.0036875
6.02091e-007	-0.003375
6.02591e-007	-0.003375
6.03091e-007	-0.004
6.03591e-007	-0.0049375
6.04091e-007	-0.0036875
6.04591e-007	-0.0036875
6.05091e-007	-0.0036875
6.05591e-007	-0.0036875
6.06091e-007	-0.0036875
6.06591e-007	-0.00275
6.07091e-007	-0.00275
6.07591e-007	-0.002125
6.08091e-007	-0.000875
6.08591e-007	-0.0024375
6.09091e-007	-0.0024375
6.09591e-007	-0.002125
6.10091e-007	-0.0024375
6.10591e-007	-0.0018125
6.11091e-007	-0.0024375
6.11591e-007	-0.002125
6.12091e-007	-0.0024375
6.12591e-007	-0.00275
6.13091e-007	-0.0036875
6.13591e-007	-0.0036875
6.14091e-007	-0.0030625
6.14591e-007	-0.003375
6.15091e-007	-0.004
6.15591e-007	-0.0030625
6.16091e-007	-0.0030625
6.16591e-007	-0.0024375
6.17091e-007	-0.0024375
6.17591e-007	-0.0024375
6.18091e-007	-0.002125
6.18591e-007	-0.002125
6.19091e-007	-0.002125
6.19591e-007	-0.00275
6.20091e-007	-0.002125
6.20591e-007	-0.0015
6.21091e-007	-0.0011875
6.21591e-007	-0.0024375
6.22091e-007	-0.003375
6.22591e-007	-0.0030625
6.23091e-007	-0.002125
6.23591e-007	-0.0030625
6.24091e-007	-0.0024375
6.24591e-007	-0.0036875
6.25091e-007	-0.0036875
6.25591e-007	-0.003375
6.26091e-007	-0.0030625
6.26591e-007	-0.0030625
6.27091e-007	-0.00275
6.27591e-007	-0.00275
6.28091e-007	-0.00275
6.28591e-007	-0.0030625
6.29091e-007	-0.0018125
6.29591e-007	-0.0018125
6.30091e-007	-0.002125
6.30591e-007	-0.0015
6.31091e-007	-0.0018125
6.31591e-007	-0.0024375
6.32091e-007	-0.00275
6.32591e-007	-0.0024375
6.33091e-007	-0.0030625
6.33591e-007	-0.003375
6.34091e-007	-0.0043125
6.34591e-007	-0.0030625
6.35091e-007	-0.004
6.35591e-007	-0.00275
6.36091e-007	-0.0024375
6.36591e-007	-0.0024375
6.37091e-007	-0.00275
6.37591e-007	-0.0030625
6.38091e-007	-0.0024375
6.38591e-007	-0.0024375
6.39091e-007	-0.002125
6.39591e-007	-0.002125
6.40091e-007	-0.002125
6.40591e-007	-0.002125
6.41091e-007	-0.0024375
6.41591e-007	-0.0024375
6.42091e-007	-0.0015
6.42591e-007	-0.0030625
6.43091e-007	-0.003375
6.43591e-007	-0.0036875
6.44091e-007	-0.00275
6.44591e-007	-0.0024375
6.45091e-007	-0.0024375
6.45591e-007	-0.0024375
6.46091e-007	-0.0018125
6.46591e-007	-0.00275
6.47091e-007	-0.0024375
6.47591e-007	-0.00275
6.48091e-007	-0.0015
6.48591e-007	-0.0018125
6.49091e-007	-0.0015
6.49591e-007	-0.0015
6.50091e-007	-0.0018125
6.50591e-007	-0.002125
6.51091e-007	-0.00275
6.51591e-007	-0.0030625
6.52091e-007	-0.0030625
6.52591e-007	-0.0036875
6.53091e-007	-0.003375
6.53591e-007	-0.00275
6.54091e-007	-0.003375
6.54591e-007	-0.0030625
6.55091e-007	-0.0030625
6.55591e-007	-0.002125
6.56091e-007	-0.00275
6.56591e-007	-0.002125
6.57091e-007	-0.0018125
6.57591e-007	-0.0018125
6.58091e-007	-0.002125
6.58591e-007	-0.0018125
6.59091e-007	-0.0018125
6.59591e-007	-0.0015
6.60091e-007	-0.0018125
6.60591e-007	-0.0018125
6.61091e-007	-0.00275
6.61591e-007	-0.0030625
6.62091e-007	-0.0030625
6.62591e-007	-0.004
6.63091e-007	-0.0036875
6.63591e-007	-0.003375
6.64091e-007	-0.0036875
6.64591e-007	-0.004
6.65091e-007	-0.0036875
6.65591e-007	-0.00275
6.66091e-007	-0.0015
6.66591e-007	-0.002125
6.67091e-007	-0.0011875
6.67591e-007	-0.0015
6.68091e-007	-0.0011875
6.68591e-007	-0.0015
6.69091e-007	-0.0011875
6.69591e-007	-0.0015
6.70091e-007	-0.0018125
6.70591e-007	-0.00275
6.71091e-007	-0.0024375
6.71591e-007	-0.0030625
6.72091e-007	-0.0030625
6.72591e-007	-0.003375
6.73091e-007	-0.0036875
6.73591e-007	-0.0043125
6.74091e-007	-0.0043125
6.74591e-007	-0.003375
6.75091e-007	-0.0036875
6.75591e-007	-0.00275
6.76091e-007	-0.0024375
6.76591e-007	-0.0011875
6.77091e-007	-0.000875
6.77591e-007	-0.0005625
6.78091e-007	-0.0005625
6.78591e-007	-0.0011875
6.79091e-007	-0.0011875
6.79591e-007	-0.0005625
6.80091e-007	-0.0018125
6.80591e-007	-0.0015
6.81091e-007	-0.00275
6.81591e-007	-0.0030625
6.82091e-007	-0.004
6.82591e-007	-0.0043125
6.83091e-007	-0.004
6.83591e-007	-0.0043125
6.84091e-007	-0.0043125
6.84591e-007	-0.003375
6.85091e-007	-0.00275
6.85591e-007	-0.0024375
6.86091e-007	-0.0018125
6.86591e-007	-0.0011875
6.87091e-007	-0.000875
6.87591e-007	-0.0011875
6.88091e-007	-0.0005625
6.88591e-007	-0.00025
6.89091e-007	0.000375
6.89591e-007	-0.000875
6.90091e-007	-0.0011875
6.90591e-007	-0.002125
6.91091e-007	-0.0024375
6.91591e-007	-0.0030625
6.92091e-007	-0.003375
6.92591e-007	-0.0043125
6.93091e-007	-0.0043125
6.93591e-007	-0.0043125
6.94091e-007	-0.0043125
6.94591e-007	-0.0043125
6.95091e-007	-0.0036875
6.95591e-007	-0.0024375
6.96091e-007	-0.0018125
6.96591e-007	-0.002125
6.97091e-007	-0.0018125
6.97591e-007	-0.00025
6.98091e-007	0.000375
6.98591e-007	6.25e-005
6.99091e-007	-0.0005625
6.99591e-007	-0.000875
7.00091e-007	-0.0011875
7.00591e-007	-0.0011875
7.01091e-007	-0.00275
7.01591e-007	-0.0030625
7.02091e-007	-0.0036875
7.02591e-007	-0.0030625
7.03091e-007	-0.0043125
7.03591e-007	-0.004625
7.04091e-007	-0.004
7.04591e-007	-0.003375
7.05091e-007	-0.0024375
7.05591e-007	-0.00275
7.06091e-007	-0.00275
7.06591e-007	-0.0011875
7.07091e-007	-0.0005625
7.07591e-007	-0.000875
7.08091e-007	-0.00025
7.08591e-007	6.25e-005
7.09091e-007	-0.00025
7.09591e-007	-0.0011875
7.10091e-007	-0.000875
7.10591e-007	-0.0015
7.11091e-007	-0.0018125
7.11591e-007	-0.0030625
7.12091e-007	-0.004
7.12591e-007	-0.0043125
7.13091e-007	-0.0036875
7.13591e-007	-0.003375
7.14091e-007	-0.0036875
7.14591e-007	-0.0030625
7.15091e-007	-0.0024375
7.15591e-007	-0.00275
7.16091e-007	-0.0018125
7.16591e-007	-0.0011875
7.17091e-007	-0.0015
7.17591e-007	-0.000875
7.18091e-007	-0.0005625
7.18591e-007	6.25e-005
7.19091e-007	-0.0005625
7.19591e-007	-0.0011875
7.20091e-007	-0.0015
7.20591e-007	-0.0018125
7.21091e-007	-0.00275
7.21591e-007	-0.00275
7.22091e-007	-0.0036875
7.22591e-007	-0.0030625
7.23091e-007	-0.004
7.23591e-007	-0.0036875
7.24091e-007	-0.0036875
7.24591e-007	-0.003375
7.25091e-007	-0.002125
7.25591e-007	-0.002125
7.26091e-007	-0.0015
7.26591e-007	-0.000875
7.27091e-007	-0.0011875
7.27591e-007	-0.0011875
7.28091e-007	-0.00025
7.28591e-007	-0.0011875
7.29091e-007	-0.0011875
7.29591e-007	-0.0015
7.30091e-007	-0.0018125
7.30591e-007	-0.002125
7.31091e-007	-0.00275
7.31591e-007	-0.0024375
7.32091e-007	-0.0036875
7.32591e-007	-0.0036875
7.33091e-007	-0.00275
7.33591e-007	-0.0024375
7.34091e-007	-0.0024375
7.34591e-007	-0.00275
7.35091e-007	-0.0024375
7.35591e-007	-0.0015
7.36091e-007	-0.0011875
7.36591e-007	-0.0011875
7.37091e-007	-0.00025
7.37591e-007	6.25e-005
7.38091e-007	-0.0011875
7.38591e-007	-0.0015
7.39091e-007	-0.000875
7.39591e-007	-0.0011875
7.40091e-007	-0.002125
7.40591e-007	-0.0024375
7.41091e-007	-0.00275
7.41591e-007	-0.0030625
7.42091e-007	-0.003375
7.42591e-007	-0.0030625
7.43091e-007	-0.00275
7.43591e-007	-0.0024375
7.44091e-007	-0.002125
7.44591e-007	-0.002125
7.45091e-007	-0.0015
7.45591e-007	-0.0018125
7.46091e-007	-0.000875
7.46591e-007	-0.0005625
7.47091e-007	-0.0005625
7.47591e-007	-0.0005625
7.48091e-007	-0.000875
7.48591e-007	-0.0015
7.49091e-007	-0.0015
7.49591e-007	-0.0015
7.50091e-007	-0.0018125
7.50591e-007	-0.0024375
7.51091e-007	-0.00275
7.51591e-007	-0.0030625
7.52091e-007	-0.0030625
7.52591e-007	-0.00275
7.53091e-007	-0.00275
7.53591e-007	-0.002125
7.54091e-007	-0.002125
7.54591e-007	-0.0015
7.55091e-007	-0.0015
7.55591e-007	-0.0011875
7.56091e-007	-0.0005625
7.56591e-007	-0.000875
7.57091e-007	-0.000875
7.57591e-007	-0.0005625
7.58091e-007	-0.0011875
7.58591e-007	-0.0015
7.59091e-007	-0.0018125
7.59591e-007	-0.0015
7.60091e-007	-0.0024375
7.60591e-007	-0.0030625
7.61091e-007	-0.0030625
7.61591e-007	-0.002125
7.62091e-007	-0.002125
7.62591e-007	-0.0030625
7.63091e-007	-0.0030625
7.63591e-007	-0.0018125
7.64091e-007	-0.0015
7.64591e-007	-0.002125
7.65091e-007	-0.000875
7.65591e-007	-0.0011875
7.66091e-007	-0.0015
7.66591e-007	-0.0011875
7.67091e-007	-0.000875
7.67591e-007	-0.0018125
7.68091e-007	-0.0011875
7.68591e-007	-0.0018125
7.69091e-007	-0.0011875
7.69591e-007	-0.0024375
7.70091e-007	-0.002125
7.70591e-007	-0.002125
7.71091e-007	-0.00275
7.71591e-007	-0.0030625
7.72091e-007	-0.002125
7.72591e-007	-0.002125
7.73091e-007	-0.0015
7.73591e-007	-0.002125
7.74091e-007	-0.0018125
7.74591e-007	-0.0015
7.75091e-007	-0.0018125
7.75591e-007	-0.0011875
7.76091e-007	-0.0018125
7.76591e-007	-0.002125
7.77091e-007	-0.002125
7.77591e-007	-0.0018125
7.78091e-007	-0.0015
7.78591e-007	-0.0011875
7.79091e-007	-0.0015
7.79591e-007	-0.0018125
7.80091e-007	-0.0018125
7.80591e-007	-0.0011875
7.81091e-007	-0.0024375
7.81591e-007	-0.0018125
7.82091e-007	-0.0011875
7.82591e-007	-0.0015
7.83091e-007	-0.0018125
7.83591e-007	-0.002125
7.84091e-007	-0.0015
7.84591e-007	-0.000875
7.85091e-007	-0.0011875
7.85591e-007	-0.002125
7.86091e-007	-0.0018125
7.86591e-007	-0.002125
7.87091e-007	-0.0024375
7.87591e-007	-0.002125
7.88091e-007	-0.0018125
7.88591e-007	-0.00275
7.89091e-007	-0.0018125
7.89591e-007	-0.0015
7.90091e-007	-0.000875
7.90591e-007	-0.0011875
7.91091e-007	-0.000875
7.91591e-007	-0.0015
7.92091e-007	-0.0011875
7.92591e-007	-0.0015
7.93091e-007	-0.000875
7.93591e-007	-0.0015
7.94091e-007	-0.0018125
7.94591e-007	-0.0018125
7.95091e-007	-0.0015
7.95591e-007	-0.002125
7.96091e-007	-0.0024375
7.96591e-007	-0.0024375
7.97091e-007	-0.00275
7.97591e-007	-0.0024375
7.98091e-007	-0.00275
7.98591e-007	-0.00275
7.99091e-007	-0.002125
7.99591e-007	-0.0018125
8.00091e-007	-0.0011875
8.00591e-007	-0.000875
8.01091e-007	-0.0011875
8.01591e-007	-0.00025
8.02091e-007	-0.0011875
8.02591e-007	-0.0005625
8.03091e-007	-0.000875
8.03591e-007	-0.0011875
8.04091e-007	-0.0011875
8.04591e-007	-0.0011875
8.05091e-007	-0.0018125
8.05591e-007	-0.002125
8.06091e-007	-0.00275
8.06591e-007	-0.0024375
8.07091e-007	-0.0024375
8.07591e-007	-0.00275
8.08091e-007	-0.0030625
8.08591e-007	-0.00275
8.09091e-007	-0.0018125
8.09591e-007	-0.0024375
8.10091e-007	-0.000875
8.10591e-007	-0.00025
8.11091e-007	-0.0005625
8.11591e-007	-0.0011875
8.12091e-007	-0.0005625
8.12591e-007	-0.0005625
8.13091e-007	-0.00025
8.13591e-007	6.25e-005
8.14091e-007	-0.000875
8.14591e-007	-0.0024375
8.15091e-007	-0.0015
8.15591e-007	-0.002125
8.16091e-007	-0.0018125
8.16591e-007	-0.0030625
8.17091e-007	-0.0030625
8.17591e-007	-0.0030625
8.18091e-007	-0.00275
8.18591e-007	-0.0024375
8.19091e-007	-0.002125
8.19591e-007	-0.0011875
8.20091e-007	-0.000875
8.20591e-007	-0.0005625
8.21091e-007	-0.0005625
8.21591e-007	6.25e-005
8.22091e-007	-0.000875
8.22591e-007	-0.0005625
8.23091e-007	-0.0005625
8.23591e-007	6.25e-005
8.24091e-007	-0.0015
8.24591e-007	-0.0011875
8.25091e-007	-0.0018125
8.25591e-007	-0.0024375
8.26091e-007	-0.00275
8.26591e-007	-0.0024375
8.27091e-007	-0.003375
8.27591e-007	-0.00275
8.28091e-007	-0.00275
8.28591e-007	-0.0024375
8.29091e-007	-0.0015
8.29591e-007	-0.0015
8.30091e-007	-0.0015
8.30591e-007	-0.000875
8.31091e-007	6.25e-005
8.31591e-007	-0.0005625
8.32091e-007	-0.0005625
8.32591e-007	-0.0005625
8.33091e-007	6.25e-005
8.33591e-007	-0.000875
8.34091e-007	-0.0005625
8.34591e-007	-0.0018125
8.35091e-007	-0.0018125
8.35591e-007	-0.0024375
8.36091e-007	-0.0018125
8.36591e-007	-0.0024375
8.37091e-007	-0.00275
8.37591e-007	-0.00275
8.38091e-007	-0.0018125
8.38591e-007	-0.0018125
8.39091e-007	-0.0018125
8.39591e-007	-0.0011875
8.40091e-007	-0.0005625
8.40591e-007	-0.0011875
8.41091e-007	-0.0005625
8.41591e-007	-0.0005625
8.42091e-007	-0.00025
8.42591e-007	6.25e-005
8.43091e-007	-0.0011875
8.43591e-007	-0.0011875
8.44091e-007	-0.0015
8.44591e-007	-0.000875
8.45091e-007	-0.0018125
8.45591e-007	-0.0018125
8.46091e-007	-0.00275
8.46591e-007	-0.0024375
8.47091e-007	-0.0024375
8.47591e-007	-0.002125
8.48091e-007	-0.0024375
8.48591e-007	-0.0018125
8.49091e-007	-0.0018125
8.49591e-007	-0.0015
8.50091e-007	-0.0018125
8.50591e-007	-0.000875
8.51091e-007	-0.0005625
8.51591e-007	-0.000875
8.52091e-007	-0.0005625
8.52591e-007	-0.0005625
8.53091e-007	-0.00025
8.53591e-007	-0.000875
8.54091e-007	-0.0018125
8.54591e-007	-0.0024375
8.55091e-007	-0.0024375
8.55591e-007	-0.00275
8.56091e-007	-0.0024375
8.56591e-007	-0.00275
8.57091e-007	-0.0018125
8.57591e-007	-0.002125
8.58091e-007	-0.0011875
8.58591e-007	-0.0018125
8.59091e-007	-0.0011875
8.59591e-007	-0.0011875
8.60091e-007	-0.00025
8.60591e-007	-0.0005625
8.61091e-007	-0.0005625
8.61591e-007	-0.000875
8.62091e-007	6.25e-005
8.62591e-007	-0.00025
8.63091e-007	-0.000875
8.63591e-007	-0.0015
8.64091e-007	-0.002125
8.64591e-007	-0.0018125
8.65091e-007	-0.00275
8.65591e-007	-0.00275
8.66091e-007	-0.003375
8.66591e-007	-0.0024375
8.67091e-007	-0.0024375
8.67591e-007	-0.0024375
8.68091e-007	-0.0018125
8.68591e-007	-0.0011875
8.69091e-007	-0.000875
8.69591e-007	0.000375
8.70091e-007	-0.000875
8.70591e-007	-0.0011875
8.71091e-007	-0.0005625
8.71591e-007	-0.00025
8.72091e-007	-0.0005625
8.72591e-007	-0.000875
8.73091e-007	-0.000875
8.73591e-007	-0.0011875
8.74091e-007	-0.0018125
8.74591e-007	-0.0015
8.75091e-007	-0.0018125
8.75591e-007	-0.002125
8.76091e-007	-0.0018125
8.76591e-007	-0.0024375
8.77091e-007	-0.0018125
8.77591e-007	-0.00275
8.78091e-007	-0.0018125
8.78591e-007	-0.0018125
8.79091e-007	-0.0011875
8.79591e-007	-0.0018125
8.80091e-007	-0.000875
8.80591e-007	-0.000875
8.81091e-007	-0.0005625
8.81591e-007	-0.000875
8.82091e-007	-0.0005625
8.82591e-007	-0.0015
8.83091e-007	-0.0005625
8.83591e-007	-0.0005625
8.84091e-007	-0.0015
8.84591e-007	-0.002125
8.85091e-007	-0.0024375
8.85591e-007	-0.002125
8.86091e-007	-0.002125
8.86591e-007	-0.0024375
8.87091e-007	-0.00275
8.87591e-007	-0.00275
8.88091e-007	-0.002125
8.88591e-007	-0.0015
8.89091e-007	-0.0015
8.89591e-007	-0.0015
8.90091e-007	-0.0015
8.90591e-007	-0.0005625
8.91091e-007	-0.0011875
8.91591e-007	-0.000875
8.92091e-007	-0.000875
8.92591e-007	-0.000875
8.93091e-007	-0.000875
8.93591e-007	-0.000875
8.94091e-007	-0.00025
8.94591e-007	-0.000875
8.95091e-007	-0.002125
8.95591e-007	-0.0018125
8.96091e-007	-0.0018125
8.96591e-007	-0.0024375
8.97091e-007	-0.00275
8.97591e-007	-0.00275
8.98091e-007	-0.0018125
8.98591e-007	-0.0024375
8.99091e-007	-0.0024375
8.99591e-007	-0.0015
9.00091e-007	-0.0011875
9.00591e-007	-0.0011875
9.01091e-007	-0.0005625
9.01591e-007	-0.0011875
9.02091e-007	-0.0005625
9.02591e-007	-0.0005625
9.03091e-007	6.25e-005
9.03591e-007	-0.000875
9.04091e-007	-0.0005625
9.04591e-007	-0.0005625
9.05091e-007	-0.000875
9.05591e-007	-0.0011875
9.06091e-007	-0.0015
9.06591e-007	-0.000875
9.07091e-007	-0.0018125
9.07591e-007	-0.0030625
9.08091e-007	-0.002125
9.08591e-007	-0.0018125
9.09091e-007	-0.0018125
9.09591e-007	-0.0018125
9.10091e-007	-0.0024375
9.10591e-007	-0.0011875
9.11091e-007	-0.0011875
9.11591e-007	-0.000875
9.12091e-007	-0.00025
9.12591e-007	-0.0005625
9.13091e-007	-0.0005625
9.13591e-007	-0.000875
9.14091e-007	-0.0005625
9.14591e-007	-0.0005625
9.15091e-007	-0.000875
9.15591e-007	-0.0015
9.16091e-007	-0.0018125
9.16591e-007	-0.0018125
9.17091e-007	-0.0024375
9.17591e-007	-0.0024375
9.18091e-007	-0.00275
9.18591e-007	-0.0030625
9.19091e-007	-0.0030625
9.19591e-007	-0.0018125
9.20091e-007	-0.0011875
9.20591e-007	-0.002125
9.21091e-007	-0.0011875
9.21591e-007	-0.000875
9.22091e-007	-0.0005625
9.22591e-007	-0.00025
9.23091e-007	6.25e-005
9.23591e-007	-0.00025
9.24091e-007	-0.00025
9.24591e-007	-0.000875
9.25091e-007	-0.000875
9.25591e-007	-0.0011875
9.26091e-007	-0.0018125
9.26591e-007	-0.0018125
9.27091e-007	-0.0018125
9.27591e-007	-0.002125
9.28091e-007	-0.0024375
9.28591e-007	-0.00275
9.29091e-007	-0.002125
9.29591e-007	-0.002125
9.30091e-007	-0.0015
9.30591e-007	-0.0018125
9.31091e-007	-0.0011875
9.31591e-007	0.000375
9.32091e-007	6.25e-005
9.32591e-007	-0.0005625
9.33091e-007	6.25e-005
9.33591e-007	6.25e-005
9.34091e-007	-0.00025
9.34591e-007	-0.00025
9.35091e-007	6.25e-005
9.35591e-007	-0.0018125
9.36091e-007	-0.0024375
9.36591e-007	-0.002125
9.37091e-007	-0.0024375
9.37591e-007	-0.0024375
9.38091e-007	-0.00275
9.38591e-007	-0.0018125
9.39091e-007	-0.0018125
9.39591e-007	-0.0024375
9.40091e-007	-0.0011875
9.40591e-007	-0.0005625
9.41091e-007	-0.0005625
9.41591e-007	-0.00025
9.42091e-007	0.000375
9.42591e-007	0.0006875
9.43091e-007	-0.0005625
9.43591e-007	-0.0005625
9.44091e-007	-0.00025
9.44591e-007	-0.000875
9.45091e-007	-0.0011875
9.45591e-007	-0.0018125
9.46091e-007	-0.0018125
9.46591e-007	-0.0015
9.47091e-007	-0.00275
9.47591e-007	-0.0030625
9.48091e-007	-0.0030625
9.48591e-007	-0.0024375
9.49091e-007	-0.002125
9.49591e-007	-0.0018125
9.50091e-007	-0.0011875
9.50591e-007	-0.0005625
9.51091e-007	6.25e-005
9.51591e-007	-0.0005625
9.52091e-007	0.000375
9.52591e-007	0.001
9.53091e-007	6.25e-005
9.53591e-007	6.25e-005
9.54091e-007	6.25e-005
9.54591e-007	-0.0015
9.55091e-007	-0.002125
9.55591e-007	-0.0024375
9.56091e-007	-0.002125
9.56591e-007	-0.00275
9.57091e-007	-0.0030625
9.57591e-007	-0.0030625
9.58091e-007	-0.0024375
9.58591e-007	-0.00275
9.59091e-007	-0.002125
9.59591e-007	-0.000875
9.60091e-007	-0.000875
9.60591e-007	-0.0005625
9.61091e-007	0.000375
9.61591e-007	0.0006875
9.62091e-007	0.001
9.62591e-007	6.25e-005
9.63091e-007	6.25e-005
9.63591e-007	6.25e-005
9.64091e-007	-0.0005625
9.64591e-007	-0.0005625
9.65091e-007	-0.0018125
9.65591e-007	-0.00275
9.66091e-007	-0.003375
9.66591e-007	-0.0024375
9.67091e-007	-0.0030625
9.67591e-007	-0.003375
9.68091e-007	-0.00275
9.68591e-007	-0.00275
9.69091e-007	-0.00275
9.69591e-007	-0.000875
9.70091e-007	-0.0005625
9.70591e-007	6.25e-005
9.71091e-007	6.25e-005
9.71591e-007	0.0006875
9.72091e-007	0.000375
9.72591e-007	0.000375
9.73091e-007	6.25e-005
9.73591e-007	-0.00025
9.74091e-007	-0.000875
9.74591e-007	-0.000875
9.75091e-007	-0.0018125
9.75591e-007	-0.0024375
9.76091e-007	-0.0030625
9.76591e-007	-0.00275
9.77091e-007	-0.0018125
9.77591e-007	-0.00275
9.78091e-007	-0.0030625
9.78591e-007	-0.0024375
9.79091e-007	-0.000875
9.79591e-007	-0.0015
9.80091e-007	-0.000875
9.80591e-007	6.25e-005
9.81091e-007	0.000375
9.81591e-007	0.000375
9.82091e-007	0.001
9.82591e-007	0.000375
9.83091e-007	6.25e-005
9.83591e-007	-0.0011875
9.84091e-007	-0.0005625
9.84591e-007	-0.0018125
9.85091e-007	-0.002125
9.85591e-007	-0.0015
9.86091e-007	-0.0024375
9.86591e-007	-0.00275
9.87091e-007	-0.0024375
9.87591e-007	-0.0024375
9.88091e-007	-0.0024375
9.88591e-007	-0.002125
9.89091e-007	-0.0011875
9.89591e-007	-0.000875
9.90091e-007	-0.0005625
9.90591e-007	6.25e-005
9.91091e-007	6.25e-005
9.91591e-007	0.000375
9.92091e-007	6.25e-005
9.92591e-007	6.25e-005
9.93091e-007	-0.0011875
9.93591e-007	-0.0011875
9.94091e-007	-0.0005625
9.94591e-007	-0.0011875
9.95091e-007	-0.0024375
9.95591e-007	-0.0024375
9.96091e-007	-0.0024375
9.96591e-007	-0.0018125
9.97091e-007	-0.0018125
9.97591e-007	-0.0018125
9.98091e-007	-0.0018125
9.98591e-007	-0.002125
9.99091e-007	-0.0005625
9.99591e-007	-0.00025
1.000091e-006	-0.00025
1.000591e-006	-0.000875
1.001091e-006	-0.00025
1.001591e-006	-0.0005625
1.002091e-006	-0.0005625
1.002591e-006	-0.000875
1.003091e-006	-0.000875
1.003591e-006	-0.0015
1.004091e-006	-0.0015
1.004591e-006	-0.0024375
1.005091e-006	-0.0018125
1.005591e-006	-0.002125
1.006091e-006	-0.0018125
1.006591e-006	-0.0018125
1.007091e-006	-0.0018125
1.007591e-006	-0.0018125
1.008091e-006	-0.0015
1.008591e-006	-0.000875
1.009091e-006	6.25e-005
1.009591e-006	6.25e-005
1.010091e-006	6.25e-005
1.010591e-006	-0.00025
1.011091e-006	-0.0011875
1.011591e-006	-0.0005625
1.012091e-006	-0.000875
1.012591e-006	-0.000875
1.013091e-006	-0.0018125
1.013591e-006	-0.002125
1.014091e-006	-0.0024375
1.014591e-006	-0.0011875
1.015091e-006	-0.002125
1.015591e-006	-0.0024375
1.016091e-006	-0.002125
1.016591e-006	-0.0015
1.017091e-006	-0.0011875
1.017591e-006	-0.000875
1.018091e-006	-0.0005625
1.018591e-006	-0.0005625
1.019091e-006	-0.0005625
1.019591e-006	-0.0005625
1.020091e-006	6.25e-005
1.020591e-006	0.000375
1.021091e-006	-0.0005625
1.021591e-006	-0.0018125
1.022091e-006	-0.0005625
1.022591e-006	-0.0011875
1.023091e-006	-0.0018125
1.023591e-006	-0.00275
1.024091e-006	-0.0018125
1.024591e-006	-0.0024375
1.025091e-006	-0.0018125
1.025591e-006	-0.002125
1.026091e-006	-0.002125
1.026591e-006	-0.002125
1.027091e-006	-0.0011875
1.027591e-006	-0.000875
1.028091e-006	6.25e-005
1.028591e-006	-0.00025
1.029091e-006	-0.00025
1.029591e-006	-0.000875
1.030091e-006	6.25e-005
1.030591e-006	0.0006875
1.031091e-006	-0.0005625
1.031591e-006	-0.0015
1.032091e-006	-0.0018125
1.032591e-006	-0.0015
1.033091e-006	-0.0018125
1.033591e-006	-0.002125
1.034091e-006	-0.0018125
1.034591e-006	-0.002125
1.035091e-006	-0.0024375
1.035591e-006	-0.002125
1.036091e-006	-0.002125
1.036591e-006	-0.000875
1.037091e-006	-0.0011875
1.037591e-006	-0.000875
1.038091e-006	-0.000875
1.038591e-006	-0.0005625
1.039091e-006	-0.00025
1.039591e-006	6.25e-005
1.040091e-006	-0.0005625
1.040591e-006	-0.0005625
1.041091e-006	-0.0011875
1.041591e-006	-0.000875
1.042091e-006	-0.000875
1.042591e-006	-0.0011875
1.043091e-006	-0.000875
1.043591e-006	-0.0015
1.044091e-006	-0.0015
1.044591e-006	-0.002125
1.045091e-006	-0.0011875
1.045591e-006	-0.0011875
1.046091e-006	-0.0011875
1.046591e-006	-0.0015
1.047091e-006	-0.0018125
1.047591e-006	-0.0015
1.048091e-006	-0.0005625
1.048591e-006	-0.000875
1.049091e-006	-0.0005625
1.049591e-006	-0.0015
1.050091e-006	-0.0005625
1.050591e-006	-0.000875
1.051091e-006	-0.00025
1.051591e-006	-0.0005625
1.052091e-006	-0.0011875
1.052591e-006	-0.0015
1.053091e-006	-0.0015
1.053591e-006	-0.000875
1.054091e-006	-0.00025
1.054591e-006	-0.0011875
1.055091e-006	-0.000875
1.055591e-006	-0.0011875
1.056091e-006	-0.0015
1.056591e-006	-0.0011875
1.057091e-006	-0.0015
1.057591e-006	-0.000875
1.058091e-006	-0.0011875
1.058591e-006	-0.0005625
1.059091e-006	-0.000875
1.059591e-006	-0.0011875
1.060091e-006	-0.0015
1.060591e-006	-0.0011875
1.061091e-006	-0.0011875
1.061591e-006	-0.000875
1.062091e-006	-0.0011875
1.062591e-006	-0.0005625
1.063091e-006	-0.0011875
1.063591e-006	-0.0005625
1.064091e-006	-0.0005625
1.064591e-006	-0.000875
1.065091e-006	6.25e-005
1.065591e-006	-0.00025
1.066091e-006	-0.0005625
1.066591e-006	-0.0005625
1.067091e-006	-0.0005625
1.067591e-006	-0.0018125
1.068091e-006	-0.0024375
1.068591e-006	-0.0015
1.069091e-006	-0.000875
1.069591e-006	-0.002125
1.070091e-006	-0.0015
1.070591e-006	-0.0018125
1.071091e-006	-0.0015
1.071591e-006	-0.0015
1.072091e-006	-0.0005625
1.072591e-006	-0.000875
1.073091e-006	-0.00025
1.073591e-006	-0.00025
1.074091e-006	-0.00025
1.074591e-006	-0.00025
1.075091e-006	6.25e-005
1.075591e-006	-0.00025
1.076091e-006	-0.0005625
1.076591e-006	-0.0015
1.077091e-006	-0.0005625
1.077591e-006	-0.000875
1.078091e-006	-0.002125
1.078591e-006	-0.002125
1.079091e-006	-0.00275
1.079591e-006	-0.002125
1.080091e-006	-0.00275
1.080591e-006	-0.002125
1.081091e-006	-0.0011875
1.081591e-006	-0.002125
1.082091e-006	-0.0011875
1.082591e-006	-0.000875
1.083091e-006	-0.000875
1.083591e-006	0.000375
1.084091e-006	-0.00025
1.084591e-006	0.001
1.085091e-006	6.25e-005
1.085591e-006	6.25e-005
1.086091e-006	-0.00025
1.086591e-006	-0.0005625
1.087091e-006	-0.0005625
1.087591e-006	-0.0011875
1.088091e-006	-0.0015
1.088591e-006	-0.0015
1.089091e-006	-0.0024375
1.089591e-006	-0.0024375
1.090091e-006	-0.002125
1.090591e-006	-0.002125
1.091091e-006	-0.0015
1.091591e-006	-0.0011875
1.092091e-006	6.25e-005
1.092591e-006	-0.0018125
1.093091e-006	-0.000875
1.093591e-006	-0.0005625
1.094091e-006	0.0006875
1.094591e-006	0.000375
1.095091e-006	-0.00025
1.095591e-006	6.25e-005
1.096091e-006	0.000375
1.096591e-006	-0.0005625
1.097091e-006	-0.000875
1.097591e-006	-0.0015
1.098091e-006	-0.000875
1.098591e-006	-0.0015
1.099091e-006	-0.0018125
1.099591e-006	-0.0018125
1.100091e-006	-0.002125
1.100591e-006	-0.0018125
1.101091e-006	-0.002125
1.101591e-006	-0.0011875
1.102091e-006	-0.0005625
1.102591e-006	-0.0005625
1.103091e-006	-0.00025
1.103591e-006	-0.0005625
1.104091e-006	-0.000875
1.104591e-006	-0.00025
1.105091e-006	6.25e-005
1.105591e-006	0.000375
1.106091e-006	-0.0011875
1.106591e-006	-0.00025
1.107091e-006	-0.0005625
1.107591e-006	-0.0011875
1.108091e-006	-0.0005625
1.108591e-006	-0.0011875
1.109091e-006	-0.0015
1.109591e-006	-0.0018125
1.110091e-006	-0.0018125
1.110591e-006	-0.0015
1.111091e-006	-0.0018125
1.111591e-006	-0.0015
1.112091e-006	-0.0005625
1.112591e-006	-0.0011875
1.113091e-006	-0.0005625
1.113591e-006	-0.00025
1.114091e-006	6.25e-005
1.114591e-006	-0.0005625
1.115091e-006	-0.0015
1.115591e-006	-0.0015
1.116091e-006	-0.0011875
1.116591e-006	-0.0015
1.117091e-006	-0.0005625
1.117591e-006	-0.0018125
1.118091e-006	-0.0005625
1.118591e-006	-0.000875
1.119091e-006	-0.0005625
1.119591e-006	-0.000875
1.120091e-006	-0.000875
1.120591e-006	-0.0011875
1.121091e-006	-0.0005625
1.121591e-006	-0.0005625
1.122091e-006	-0.0005625
1.122591e-006	-0.00025
1.123091e-006	-0.00025
1.123591e-006	-0.0011875
1.124091e-006	-0.000875
1.124591e-006	-0.00025
1.125091e-006	-0.0015
1.125591e-006	-0.0018125
1.126091e-006	-0.0011875
1.126591e-006	-0.000875
1.127091e-006	-0.0015
1.127591e-006	-0.0015
1.128091e-006	-0.000875
1.128591e-006	-0.00025
1.129091e-006	6.25e-005
1.129591e-006	-0.0011875
1.130091e-006	-0.000875
1.130591e-006	-0.00025
1.131091e-006	-0.0005625
1.131591e-006	0.000375
1.132091e-006	-0.00025
1.132591e-006	-0.0005625
1.133091e-006	-0.000875
1.133591e-006	-0.0011875
1.134091e-006	-0.0011875
1.134591e-006	-0.0015
1.135091e-006	-0.0015
1.135591e-006	-0.0015
1.136091e-006	-0.0011875
1.136591e-006	-0.0018125
1.137091e-006	-0.0018125
1.137591e-006	-0.0015
1.138091e-006	-0.000875
1.138591e-006	-0.0011875
1.139091e-006	6.25e-005
1.139591e-006	6.25e-005
1.140091e-006	-0.00025
1.140591e-006	-0.000875
1.141091e-006	6.25e-005
1.141591e-006	0.000375
1.142091e-006	6.25e-005
1.142591e-006	-0.000875
1.143091e-006	-0.0005625
1.143591e-006	-0.000875
1.144091e-006	-0.0018125
1.144591e-006	-0.0015
1.145091e-006	-0.0005625
1.145591e-006	-0.000875
1.146091e-006	-0.0018125
1.146591e-006	-0.0015
1.147091e-006	-0.0011875
1.147591e-006	-0.000875
1.148091e-006	-0.0005625
1.148591e-006	-0.0011875
1.149091e-006	-0.00025
1.149591e-006	6.25e-005
1.150091e-006	-0.0005625
1.150591e-006	-0.00025
1.151091e-006	-0.00025
1.151591e-006	6.25e-005
1.152091e-006	0.0006875
1.152591e-006	6.25e-005
1.153091e-006	-0.0011875
1.153591e-006	-0.0011875
1.154091e-006	-0.0015
1.154591e-006	-0.0011875
1.155091e-006	-0.0011875
1.155591e-006	-0.0018125
1.156091e-006	-0.0011875
1.156591e-006	-0.0011875
1.157091e-006	-0.0011875
1.157591e-006	-0.0011875
1.158091e-006	-0.0005625
1.158591e-006	-0.0005625
1.159091e-006	-0.00025
1.159591e-006	-0.00025
1.160091e-006	-0.0005625
1.160591e-006	-0.00025
1.161091e-006	0.000375
1.161591e-006	6.25e-005
1.162091e-006	-0.0005625
1.162591e-006	-0.0011875
1.163091e-006	-0.000875
1.163591e-006	-0.0015
1.164091e-006	-0.000875
1.164591e-006	-0.0015
1.165091e-006	-0.0011875
1.165591e-006	-0.000875
1.166091e-006	-0.000875
1.166591e-006	-0.0015
1.167091e-006	-0.0005625
1.167591e-006	-0.0005625
1.168091e-006	-0.000875
1.168591e-006	-0.0005625
1.169091e-006	-0.0005625
1.169591e-006	-0.00025
1.170091e-006	-0.0005625
1.170591e-006	-0.000875
1.171091e-006	-0.0005625
1.171591e-006	-0.0005625
1.172091e-006	-0.000875
1.172591e-006	-0.000875
1.173091e-006	-0.0011875
1.173591e-006	-0.0011875
1.174091e-006	-0.0018125
1.174591e-006	-0.00025
1.175091e-006	-0.0005625
1.175591e-006	-0.0015
1.176091e-006	-0.000875
1.176591e-006	-0.0005625
1.177091e-006	-0.0005625
1.177591e-006	6.25e-005
1.178091e-006	6.25e-005
1.178591e-006	6.25e-005
1.179091e-006	-0.0005625
1.179591e-006	-0.0011875
1.180091e-006	-0.0011875
1.180591e-006	-0.0005625
1.181091e-006	-0.0005625
1.181591e-006	-0.000875
1.182091e-006	-0.000875
1.182591e-006	-0.000875
1.183091e-006	-0.0011875
1.183591e-006	-0.0011875
1.184091e-006	-0.000875
1.184591e-006	-0.0015
1.185091e-006	-0.0011875
1.185591e-006	-0.0005625
1.186091e-006	6.25e-005
1.186591e-006	6.25e-005
1.187091e-006	6.25e-005
1.187591e-006	-0.00025
1.188091e-006	-0.0005625
1.188591e-006	-0.00025
1.189091e-006	-0.00025
1.189591e-006	-0.00025
1.190091e-006	-0.000875
1.190591e-006	-0.0011875
1.191091e-006	-0.000875
1.191591e-006	-0.0011875
1.192091e-006	-0.0011875
1.192591e-006	-0.0018125
1.193091e-006	-0.0015
1.193591e-006	-0.0011875
1.194091e-006	-0.0011875
1.194591e-006	-0.0011875
1.195091e-006	-0.000875
1.195591e-006	-0.0005625
1.196091e-006	6.25e-005
1.196591e-006	6.25e-005
1.197091e-006	6.25e-005
1.197591e-006	6.25e-005
1.198091e-006	0.000375
1.198591e-006	-0.00025
1.199091e-006	-0.000875
1.199591e-006	-0.0005625
1.200091e-006	-0.0011875
1.200591e-006	-0.0011875
1.201091e-006	-0.00025
1.201591e-006	-0.0011875
1.202091e-006	-0.0005625
1.202591e-006	-0.000875
1.203091e-006	-0.0018125
1.203591e-006	-0.0005625
1.204091e-006	-0.000875
1.204591e-006	-0.0011875
1.205091e-006	-0.0005625
1.205591e-006	6.25e-005
1.206091e-006	6.25e-005
1.206591e-006	-0.0005625
1.207091e-006	0.000375
1.207591e-006	6.25e-005
1.208091e-006	6.25e-005
1.208591e-006	6.25e-005
1.209091e-006	-0.00025
1.209591e-006	6.25e-005
1.210091e-006	-0.000875
1.210591e-006	-0.0011875
1.211091e-006	-0.0011875
1.211591e-006	-0.0011875
1.212091e-006	-0.0005625
1.212591e-006	-0.0015
1.213091e-006	-0.0011875
1.213591e-006	-0.000875
1.214091e-006	-0.000875
1.214591e-006	-0.0005625
1.215091e-006	-0.000875
1.215591e-006	-0.00025
1.216091e-006	-0.000875
1.216591e-006	-0.000875
1.217091e-006	0.000375
1.217591e-006	6.25e-005
1.218091e-006	6.25e-005
1.218591e-006	-0.000875
1.219091e-006	-0.000875
1.219591e-006	-0.0005625
1.220091e-006	-0.0005625
1.220591e-006	-0.00025
1.221091e-006	-0.0005625
1.221591e-006	-0.0015
1.222091e-006	-0.000875
1.222591e-006	-0.0011875
1.223091e-006	-0.000875
1.223591e-006	-0.000875
1.224091e-006	-0.0005625
1.224591e-006	-0.00025
1.225091e-006	-0.0005625
1.225591e-006	-0.000875
1.226091e-006	-0.000875
1.226591e-006	-0.00025
1.227091e-006	-0.00025
1.227591e-006	-0.000875
1.228091e-006	-0.0005625
1.228591e-006	-0.00025
1.229091e-006	-0.00025
1.229591e-006	-0.0005625
1.230091e-006	-0.0005625
1.230591e-006	-0.0005625
1.231091e-006	-0.0011875
1.231591e-006	-0.0005625
1.232091e-006	-0.0005625
1.232591e-006	-0.000875
1.233091e-006	-0.0005625
1.233591e-006	6.25e-005
1.234091e-006	-0.0005625
1.234591e-006	-0.00025
1.235091e-006	6.25e-005
1.235591e-006	6.25e-005
1.236091e-006	-0.000875
1.236591e-006	-0.000875
1.237091e-006	-0.0005625
1.237591e-006	-0.00025
1.238091e-006	-0.0005625
1.238591e-006	-0.0011875
1.239091e-006	-0.00025
1.239591e-006	-0.0005625
1.240091e-006	-0.000875
1.240591e-006	-0.0015
1.241091e-006	-0.000875
1.241591e-006	-0.000875
1.242091e-006	-0.0005625
1.242591e-006	-0.000875
1.243091e-006	-0.0005625
1.243591e-006	-0.000875
1.244091e-006	-0.00025
1.244591e-006	6.25e-005
1.245091e-006	-0.00025
1.245591e-006	-0.0005625
1.246091e-006	-0.0005625
1.246591e-006	-0.0005625
1.247091e-006	-0.0005625
1.247591e-006	-0.000875
1.248091e-006	-0.0011875
1.248591e-006	-0.0011875
1.249091e-006	-0.0005625
1.249591e-006	-0.000875
1.250091e-006	-0.0005625
1.250591e-006	-0.00025
1.251091e-006	-0.0005625
1.251591e-006	-0.000875
1.252091e-006	-0.0015
1.252591e-006	-0.0005625
1.253091e-006	-0.00025
1.253591e-006	-0.0005625
1.254091e-006	-0.0011875
1.254591e-006	-0.0005625
1.255091e-006	6.25e-005
1.255591e-006	0.000375
1.256091e-006	-0.0005625
1.256591e-006	-0.000875
1.257091e-006	-0.000875
1.257591e-006	-0.0005625
1.258091e-006	-0.000875
1.258591e-006	-0.0011875
1.259091e-006	-0.0005625
1.259591e-006	-0.0005625
1.260091e-006	6.25e-005
1.260591e-006	-0.000875
1.261091e-006	-0.000875
1.261591e-006	-0.0005625
1.262091e-006	6.25e-005
1.262591e-006	-0.00025
1.263091e-006	-0.0005625
1.263591e-006	-0.000875
1.264091e-006	-0.000875
1.264591e-006	-0.0005625
1.265091e-006	-0.00025
1.265591e-006	-0.0005625
1.266091e-006	-0.00025
1.266591e-006	-0.0015
1.267091e-006	-0.0011875
1.267591e-006	-0.0011875
1.268091e-006	-0.00025
1.268591e-006	-0.0005625
1.269091e-006	-0.000875
1.269591e-006	-0.000875
1.270091e-006	-0.000875
1.270591e-006	-0.0005625
1.271091e-006	6.25e-005
1.271591e-006	-0.0011875
1.272091e-006	-0.000875
1.272591e-006	-0.00025
1.273091e-006	-0.0005625
1.273591e-006	-0.0005625
1.274091e-006	-0.000875
1.274591e-006	-0.000875
1.275091e-006	-0.000875
1.275591e-006	6.25e-005
1.276091e-006	-0.000875
1.276591e-006	-0.0015
1.277091e-006	-0.000875
1.277591e-006	-0.0005625
1.278091e-006	-0.0005625
1.278591e-006	-0.0005625
1.279091e-006	-0.0005625
1.279591e-006	6.25e-005
1.280091e-006	-0.0005625
1.280591e-006	6.25e-005
1.281091e-006	-0.00025
1.281591e-006	-0.0011875
1.282091e-006	-0.0005625
1.282591e-006	-0.00025
1.283091e-006	0.000375
1.283591e-006	-0.000875
1.284091e-006	-0.0018125
1.284591e-006	-0.0015
1.285091e-006	-0.0011875
1.285591e-006	-0.0018125
1.286091e-006	-0.000875
1.286591e-006	-0.000875
1.287091e-006	-0.0005625
1.287591e-006	-0.0015
1.288091e-006	-0.000875
1.288591e-006	-0.0005625
1.289091e-006	6.25e-005
1.289591e-006	6.25e-005
1.290091e-006	-0.0005625
1.290591e-006	-0.00025
1.291091e-006	6.25e-005
1.291591e-006	6.25e-005
1.292091e-006	0.000375
1.292591e-006	-0.0005625
1.293091e-006	-0.0011875
1.293591e-006	-0.0005625
1.294091e-006	-0.000875
1.294591e-006	-0.0015
1.295091e-006	-0.002125
1.295591e-006	-0.000875
1.296091e-006	-0.0015
1.296591e-006	-0.0018125
1.297091e-006	-0.0005625
1.297591e-006	-0.00025
1.298091e-006	-0.0011875
1.298591e-006	-0.000875
1.299091e-006	-0.0011875
1.299591e-006	-0.000875
1.300091e-006	-0.0005625
1.300591e-006	6.25e-005
1.301091e-006	6.25e-005
1.301591e-006	-0.000875
1.302091e-006	-0.0005625
1.302591e-006	-0.0005625
1.303091e-006	-0.000875
1.303591e-006	-0.000875
1.304091e-006	-0.0011875
1.304591e-006	-0.000875
1.305091e-006	-0.000875
1.305591e-006	-0.0015
1.306091e-006	-0.0018125
1.306591e-006	-0.0015
1.307091e-006	-0.000875
1.307591e-006	-0.0005625
1.308091e-006	-0.00025
1.308591e-006	-0.0011875
1.309091e-006	-0.0015
1.309591e-006	-0.0005625
1.310091e-006	6.25e-005
1.310591e-006	-0.000875
1.311091e-006	-0.0005625
1.311591e-006	-0.0005625
1.312091e-006	-0.0005625
1.312591e-006	-0.0011875
1.313091e-006	-0.000875
1.313591e-006	-0.000875
1.314091e-006	-0.000875
1.314591e-006	-0.000875
1.315091e-006	-0.0011875
1.315591e-006	-0.000875
1.316091e-006	-0.0005625
1.316591e-006	-0.0005625
1.317091e-006	-0.0005625
1.317591e-006	-0.0005625
1.318091e-006	-0.0005625
1.318591e-006	-0.0005625
1.319091e-006	-0.00025
1.319591e-006	0.000375
1.320091e-006	-0.00025
1.320591e-006	-0.000875
1.321091e-006	-0.0011875
1.321591e-006	-0.000875
1.322091e-006	-0.0005625
1.322591e-006	-0.0005625
1.323091e-006	-0.000875
1.323591e-006	-0.00025
1.324091e-006	-0.0011875
1.324591e-006	-0.0011875
1.325091e-006	-0.0011875
1.325591e-006	-0.00025
1.326091e-006	-0.00025
1.326591e-006	-0.0005625
1.327091e-006	-0.0005625
1.327591e-006	6.25e-005
1.328091e-006	0.000375
1.328591e-006	-0.0005625
1.329091e-006	-0.00025
1.329591e-006	-0.0005625
1.330091e-006	-0.0005625
1.330591e-006	-0.0011875
1.331091e-006	-0.0011875
1.331591e-006	-0.0015
1.332091e-006	-0.0005625
1.332591e-006	-0.0011875
1.333091e-006	-0.000875
1.333591e-006	-0.0011875
1.334091e-006	-0.00025
1.334591e-006	6.25e-005
1.335091e-006	-0.0005625
1.335591e-006	-0.0005625
1.336091e-006	-0.000875
1.336591e-006	-0.000875
1.337091e-006	0.000375
1.337591e-006	6.25e-005
1.338091e-006	0.000375
1.338591e-006	6.25e-005
1.339091e-006	-0.00025
1.339591e-006	6.25e-005
1.340091e-006	-0.0005625
1.340591e-006	-0.0015
1.341091e-006	-0.0024375
1.341591e-006	-0.0015
1.342091e-006	-0.0015
1.342591e-006	-0.0018125
1.343091e-006	-0.000875
1.343591e-006	-0.00025
1.344091e-006	-0.0005625
1.344591e-006	-0.0011875
1.345091e-006	-0.000875
1.345591e-006	6.25e-005
1.346091e-006	-0.00025
1.346591e-006	6.25e-005
1.347091e-006	0.000375
1.347591e-006	6.25e-005
1.348091e-006	-0.00025
1.348591e-006	-0.00025
1.349091e-006	6.25e-005
1.349591e-006	-0.0005625
1.350091e-006	-0.0005625
1.350591e-006	-0.0005625
1.351091e-006	-0.0011875
1.351591e-006	-0.0018125
1.352091e-006	-0.0015
1.352591e-006	-0.0015
1.353091e-006	-0.0015
1.353591e-006	-0.0018125
1.354091e-006	-0.0011875
1.354591e-006	-0.000875
1.355091e-006	-0.00025
1.355591e-006	0.000375
1.356091e-006	-0.00025
1.356591e-006	-0.00025
1.357091e-006	0.0006875
1.357591e-006	0.0006875
1.358091e-006	0.0006875
1.358591e-006	-0.00025
1.359091e-006	0.000375
1.359591e-006	0.000375
1.360091e-006	-0.00025
1.360591e-006	-0.0005625
1.361091e-006	-0.0011875
1.361591e-006	-0.0011875
1.362091e-006	-0.0015
1.362591e-006	-0.0018125
1.363091e-006	-0.0011875
1.363591e-006	-0.000875
1.364091e-006	-0.0011875
1.364591e-006	-0.0018125
1.365091e-006	-0.0011875
1.365591e-006	-0.0005625
1.366091e-006	6.25e-005
1.366591e-006	6.25e-005
1.367091e-006	6.25e-005
1.367591e-006	0.000375
1.368091e-006	0.000375
1.368591e-006	0.0006875
1.369091e-006	0.0006875
1.369591e-006	0.0006875
1.370091e-006	-0.0005625
1.370591e-006	-0.000875
1.371091e-006	-0.0015
1.371591e-006	-0.000875
1.372091e-006	-0.000875
1.372591e-006	-0.002125
1.373091e-006	-0.0018125
1.373591e-006	-0.0015
1.374091e-006	-0.0011875
1.374591e-006	-0.000875
1.375091e-006	-0.0005625
1.375591e-006	-0.00025
1.376091e-006	-0.0005625
1.376591e-006	-0.00025
1.377091e-006	0.0006875
1.377591e-006	0.000375
1.378091e-006	6.25e-005
1.378591e-006	6.25e-005
1.379091e-006	0.001
1.379591e-006	6.25e-005
1.380091e-006	-0.00025
1.380591e-006	-0.0005625
1.381091e-006	-0.0005625
1.381591e-006	-0.0011875
1.382091e-006	-0.0011875
1.382591e-006	-0.0018125
1.383091e-006	-0.0011875
1.383591e-006	-0.0015
1.384091e-006	-0.0011875
1.384591e-006	-0.00025
1.385091e-006	-0.0005625
1.385591e-006	-0.000875
1.386091e-006	-0.0005625
1.386591e-006	0.000375
1.387091e-006	0.000375
1.387591e-006	0.000375
1.388091e-006	6.25e-005
1.388591e-006	-0.00025
1.389091e-006	-0.00025
1.389591e-006	-0.0005625
1.390091e-006	6.25e-005
1.390591e-006	-0.00025
1.391091e-006	-0.0011875
1.391591e-006	-0.0011875
1.392091e-006	-0.0018125
1.392591e-006	-0.000875
1.393091e-006	-0.0011875
1.393591e-006	-0.0015
1.394091e-006	-0.0018125
1.394591e-006	-0.0005625
1.395091e-006	-0.00025
1.395591e-006	-0.0005625
1.396091e-006	-0.00025
1.396591e-006	0.000375
1.397091e-006	0.0006875
1.397591e-006	6.25e-005
1.398091e-006	0.000375
1.398591e-006	0.000375
1.399091e-006	-0.00025
1.399591e-006	-0.0011875
1.400091e-006	-0.000875
1.400591e-006	-0.0011875
1.401091e-006	-0.0011875
1.401591e-006	-0.0015
1.402091e-006	-0.0011875
1.402591e-006	-0.0018125
1.403091e-006	-0.0015
1.403591e-006	-0.0011875
1.404091e-006	-0.00025
1.404591e-006	-0.00025
1.405091e-006	0.0006875
1.405591e-006	0.000375
1.406091e-006	0.0013125
1.406591e-006	6.25e-005
1.407091e-006	0.000375
1.407591e-006	6.25e-005
1.408091e-006	6.25e-005
1.408591e-006	-0.0005625
1.409091e-006	-0.0005625
1.409591e-006	-0.0011875
1.410091e-006	-0.0015
1.410591e-006	-0.000875
1.411091e-006	-0.0015
1.411591e-006	-0.0015
1.412091e-006	-0.0011875
1.412591e-006	-0.0011875
1.413091e-006	-0.0018125
1.413591e-006	-0.0011875
1.414091e-006	-0.000875
1.414591e-006	-0.00025
1.415091e-006	6.25e-005
1.415591e-006	0.0013125
1.416091e-006	0.0013125
1.416591e-006	0.001
1.417091e-006	0.000375
1.417591e-006	0.000375
1.418091e-006	6.25e-005
1.418591e-006	6.25e-005
1.419091e-006	-0.000875
1.419591e-006	-0.0011875
1.420091e-006	-0.0015
1.420591e-006	-0.002125
1.421091e-006	-0.0015
1.421591e-006	-0.0018125
1.422091e-006	-0.0018125
1.422591e-006	-0.0015
1.423091e-006	-0.0015
1.423591e-006	-0.0011875
1.424091e-006	-0.0005625
1.424591e-006	0.000375
1.425091e-006	0.0013125
1.425591e-006	0.001625
1.426091e-006	0.001625
1.426591e-006	0.0006875
1.427091e-006	0.001
1.427591e-006	0.0013125
1.428091e-006	0.0013125
1.428591e-006	-0.00025
1.429091e-006	-0.000875
1.429591e-006	-0.0011875
1.430091e-006	-0.0011875
1.430591e-006	-0.000875
1.431091e-006	-0.002125
1.431591e-006	-0.003375
1.432091e-006	-0.0024375
1.432591e-006	-0.002125
1.433091e-006	-0.002125
1.433591e-006	-0.0018125
1.434091e-006	-0.000875
1.434591e-006	0.000375
1.435091e-006	6.25e-005
1.435591e-006	0.0006875
1.436091e-006	0.0013125
1.436591e-006	0.001625
1.437091e-006	0.001625
1.437591e-006	0.001625
1.438091e-006	0.0006875
1.438591e-006	0.000375
1.439091e-006	-0.0005625
1.439591e-006	-0.0011875
1.440091e-006	-0.0018125
1.440591e-006	-0.002125
1.441091e-006	-0.002125
1.441591e-006	-0.0024375
1.442091e-006	-0.0024375
1.442591e-006	-0.0024375
1.443091e-006	-0.0018125
1.443591e-006	-0.000875
1.444091e-006	-0.0005625
1.444591e-006	-0.0005625
1.445091e-006	0.000375
1.445591e-006	6.25e-005
1.446091e-006	0.001625
1.446591e-006	0.0013125
1.447091e-006	0.0013125
1.447591e-006	0.0013125
1.448091e-006	0.0013125
1.448591e-006	0.000375
1.449091e-006	-0.00025
1.449591e-006	-0.0011875
1.450091e-006	-0.0011875
1.450591e-006	-0.002125
1.451091e-006	-0.0015
1.451591e-006	-0.0015
1.452091e-006	-0.0018125
1.452591e-006	-0.0018125
1.453091e-006	-0.0015
1.453591e-006	-0.002125
1.454091e-006	-0.0011875
1.454591e-006	-0.0005625
1.455091e-006	6.25e-005
1.455591e-006	0.001
1.456091e-006	0.0006875
1.456591e-006	0.001
1.457091e-006	0.001
1.457591e-006	0.0013125
1.458091e-006	0.000375
1.458591e-006	6.25e-005
1.459091e-006	-0.00025
1.459591e-006	-0.0005625
1.460091e-006	-0.0018125
1.460591e-006	-0.0011875
1.461091e-006	-0.0011875
1.461591e-006	-0.0011875
1.462091e-006	-0.0024375
1.462591e-006	-0.0024375
1.463091e-006	-0.0015
1.463591e-006	-0.000875
1.464091e-006	-0.0005625
1.464591e-006	-0.00025
1.465091e-006	-0.00025
1.465591e-006	0.000375
1.466091e-006	0.000375
1.466591e-006	0.0006875
1.467091e-006	0.000375
1.467591e-006	0.000375
1.468091e-006	0.001
1.468591e-006	0.000375
1.469091e-006	0.000375
1.469591e-006	-0.00025
1.470091e-006	-0.0005625
1.470591e-006	-0.0011875
1.471091e-006	-0.000875
1.471591e-006	-0.0011875
1.472091e-006	-0.0018125
1.472591e-006	-0.0015
1.473091e-006	-0.0005625
1.473591e-006	-0.000875
1.474091e-006	-0.00025
1.474591e-006	-0.00025
1.475091e-006	-0.0005625
1.475591e-006	-0.00025
1.476091e-006	-0.00025
1.476591e-006	-0.0005625
1.477091e-006	6.25e-005
1.477591e-006	0.001
1.478091e-006	0.0006875
1.478591e-006	-0.000875
1.479091e-006	-0.000875
1.479591e-006	-0.0005625
1.480091e-006	-0.0011875
1.480591e-006	-0.0015
1.481091e-006	-0.0005625
1.481591e-006	6.25e-005
1.482091e-006	-0.000875
1.482591e-006	-0.0005625
1.483091e-006	-0.0005625
1.483591e-006	-0.00025
1.484091e-006	0.000375
1.484591e-006	6.25e-005
1.485091e-006	-0.0005625
1.485591e-006	6.25e-005
1.486091e-006	-0.00025
1.486591e-006	6.25e-005
1.487091e-006	0.0006875
1.487591e-006	0.000375
1.488091e-006	-0.00025
1.488591e-006	-0.0005625
1.489091e-006	-0.00025
1.489591e-006	-0.0005625
1.490091e-006	-0.0005625
1.490591e-006	-0.0005625
1.491091e-006	-0.000875
1.491591e-006	-0.0011875
1.492091e-006	-0.0005625
1.492591e-006	6.25e-005
1.493091e-006	0.000375
1.493591e-006	-0.00025
1.494091e-006	6.25e-005
1.494591e-006	0.0006875
1.495091e-006	0.000375
1.495591e-006	-0.00025
1.496091e-006	-0.00025
1.496591e-006	-0.00025
1.497091e-006	6.25e-005
1.497591e-006	0.000375
1.498091e-006	-0.000875
1.498591e-006	-0.000875
1.499091e-006	-0.000875
1.499591e-006	-0.000875
1.500091e-006	-0.0005625
1.500591e-006	-0.0011875
1.501091e-006	-0.000875
1.501591e-006	-0.0011875
1.502091e-006	-0.0015
1.502591e-006	-0.000875
1.503091e-006	-0.0005625
1.503591e-006	6.25e-005
1.504091e-006	6.25e-005
1.504591e-006	6.25e-005
1.505091e-006	6.25e-005
1.505591e-006	6.25e-005
1.506091e-006	0.0006875
1.506591e-006	0.0006875
1.507091e-006	0.0006875
1.507591e-006	0.0006875
1.508091e-006	6.25e-005
1.508591e-006	-0.0005625
1.509091e-006	-0.000875
1.509591e-006	-0.000875
1.510091e-006	-0.000875
1.510591e-006	-0.0011875
1.511091e-006	-0.000875
1.511591e-006	-0.0011875
1.512091e-006	-0.000875
1.512591e-006	-0.0005625
1.513091e-006	-0.0005625
1.513591e-006	-0.00025
1.514091e-006	6.25e-005
1.514591e-006	0.001
1.515091e-006	0.001
1.515591e-006	0.000375
1.516091e-006	0.0013125
1.516591e-006	0.0006875
1.517091e-006	0.001
1.517591e-006	0.0006875
1.518091e-006	-0.00025
1.518591e-006	6.25e-005
1.519091e-006	-0.000875
1.519591e-006	-0.0015
1.520091e-006	-0.0015
1.520591e-006	-0.0015
1.521091e-006	-0.0018125
1.521591e-006	-0.0011875
1.522091e-006	-0.000875
1.522591e-006	-0.000875
1.523091e-006	-0.0005625
1.523591e-006	-0.0005625
1.524091e-006	0.000375
1.524591e-006	0.0006875
1.525091e-006	0.000375
1.525591e-006	0.0006875
1.526091e-006	0.001
1.526591e-006	0.0006875
1.527091e-006	0.000375
1.527591e-006	6.25e-005
1.528091e-006	0.000375
1.528591e-006	-0.000875
1.529091e-006	-0.0011875
1.529591e-006	-0.0018125
1.530091e-006	-0.0011875
1.530591e-006	-0.000875
1.531091e-006	-0.0011875
1.531591e-006	-0.0011875
1.532091e-006	-0.000875
1.532591e-006	-0.0018125
1.533091e-006	-0.0018125
1.533591e-006	-0.00025
1.534091e-006	-0.00025
1.534591e-006	-0.00025
1.535091e-006	0.0006875
1.535591e-006	0.0013125
1.536091e-006	0.000375
1.536591e-006	0.0006875
1.537091e-006	0.001
1.537591e-006	0.000375
1.538091e-006	6.25e-005
1.538591e-006	-0.0005625
1.539091e-006	-0.0005625
1.539591e-006	-0.0005625
1.540091e-006	-0.000875
1.540591e-006	-0.0011875
1.541091e-006	-0.0018125
1.541591e-006	-0.0015
1.542091e-006	-0.0011875
1.542591e-006	-0.0011875
1.543091e-006	-0.0015
1.543591e-006	-0.0011875
1.544091e-006	6.25e-005
1.544591e-006	0.000375
1.545091e-006	0.000375
1.545591e-006	6.25e-005
1.546091e-006	6.25e-005
1.546591e-006	0.001
1.547091e-006	0.0006875
1.547591e-006	0.000375
1.548091e-006	0.0006875
1.548591e-006	-0.00025
1.549091e-006	6.25e-005
1.549591e-006	-0.000875
1.550091e-006	-0.0011875
1.550591e-006	-0.0005625
1.551091e-006	-0.0005625
1.551591e-006	-0.000875
1.552091e-006	-0.0018125
1.552591e-006	-0.0018125
1.553091e-006	-0.0005625
1.553591e-006	-0.000875
1.554091e-006	-0.0005625
1.554591e-006	-0.0005625
1.555091e-006	0.000375
1.555591e-006	6.25e-005
1.556091e-006	-0.0005625
1.556591e-006	0.001
1.557091e-006	0.0006875
1.557591e-006	6.25e-005
1.558091e-006	-0.00025
1.558591e-006	0.000375
1.559091e-006	0.0006875
1.559591e-006	6.25e-005
1.560091e-006	-0.00025
1.560591e-006	-0.000875
1.561091e-006	-0.0015
1.561591e-006	-0.0005625
1.562091e-006	-0.000875
1.562591e-006	-0.000875
1.563091e-006	-0.000875
1.563591e-006	-0.000875
1.564091e-006	-0.0005625
1.564591e-006	-0.00025
1.565091e-006	0.000375
1.565591e-006	0.000375
1.566091e-006	-0.00025
1.566591e-006	0.000375
1.567091e-006	0.000375
1.567591e-006	0.0006875
1.568091e-006	6.25e-005
1.568591e-006	-0.00025
1.569091e-006	6.25e-005
1.569591e-006	-0.00025
1.570091e-006	6.25e-005
1.570591e-006	-0.0005625
1.571091e-006	-0.0005625
1.571591e-006	-0.00025
1.572091e-006	-0.000875
1.572591e-006	-0.0005625
1.573091e-006	-0.0005625
1.573591e-006	-0.0011875
1.574091e-006	-0.00025
1.574591e-006	0.0006875
1.575091e-006	0.0006875
1.575591e-006	-0.00025
1.576091e-006	-0.0005625
1.576591e-006	-0.00025
1.577091e-006	6.25e-005
1.577591e-006	-0.00025
1.578091e-006	-0.0005625
1.578591e-006	-0.0005625
1.579091e-006	-0.0005625
1.579591e-006	-0.00025
1.580091e-006	6.25e-005
1.580591e-006	-0.0005625
1.581091e-006	-0.000875
1.581591e-006	6.25e-005
1.582091e-006	-0.0005625
1.582591e-006	-0.00025
1.583091e-006	6.25e-005
1.583591e-006	0.0006875
1.584091e-006	6.25e-005
1.584591e-006	6.25e-005
1.585091e-006	-0.0005625
1.585591e-006	6.25e-005
1.586091e-006	0.000375
1.586591e-006	6.25e-005
1.587091e-006	-0.0005625
1.587591e-006	-0.0005625
1.588091e-006	-0.0005625
1.588591e-006	-0.0005625
1.589091e-006	-0.0005625
1.589591e-006	-0.000875
1.590091e-006	-0.0005625
1.590591e-006	-0.0005625
1.591091e-006	-0.00025
1.591591e-006	-0.0005625
1.592091e-006	-0.00025
1.592591e-006	0.000375
1.593091e-006	-0.0005625
1.593591e-006	-0.00025
1.594091e-006	0.0006875
1.594591e-006	0.000375
1.595091e-006	0.000375
1.595591e-006	-0.00025
1.596091e-006	-0.00025
1.596591e-006	-0.0005625
1.597091e-006	-0.0005625
1.597591e-006	6.25e-005
1.598091e-006	-0.0005625
1.598591e-006	-0.000875
1.599091e-006	-0.00025
1.599591e-006	-0.0005625
1.600091e-006	-0.000875
1.600591e-006	-0.0015
1.601091e-006	-0.0005625
1.601591e-006	6.25e-005
1.602091e-006	-0.00025
1.602591e-006	6.25e-005
1.603091e-006	-0.00025
1.603591e-006	0.000375
1.604091e-006	0.000375
1.604591e-006	0.001
1.605091e-006	-0.00025
1.605591e-006	6.25e-005
1.606091e-006	6.25e-005
1.606591e-006	-0.00025
1.607091e-006	-0.000875
1.607591e-006	-0.0011875
1.608091e-006	-0.0011875
1.608591e-006	-0.0005625
1.609091e-006	-0.0005625
1.609591e-006	-0.0005625
1.610091e-006	-0.00025
1.610591e-006	0.000375
1.611091e-006	6.25e-005
1.611591e-006	-0.0005625
1.612091e-006	-0.0005625
1.612591e-006	-0.00025
1.613091e-006	6.25e-005
1.613591e-006	-0.00025
1.614091e-006	6.25e-005
1.614591e-006	0.000375
1.615091e-006	6.25e-005
1.615591e-006	-0.0005625
1.616091e-006	-0.0005625
1.616591e-006	-0.00025
1.617091e-006	-0.00025
1.617591e-006	-0.00025
1.618091e-006	-0.000875
1.618591e-006	-0.000875
1.619091e-006	6.25e-005
1.619591e-006	6.25e-005
1.620091e-006	-0.0005625
1.620591e-006	-0.000875
1.621091e-006	-0.00025
1.621591e-006	6.25e-005
1.622091e-006	6.25e-005
1.622591e-006	6.25e-005
1.623091e-006	0.000375
1.623591e-006	6.25e-005
1.624091e-006	-0.0005625
1.624591e-006	-0.00025
1.625091e-006	-0.0005625
1.625591e-006	-0.00025
1.626091e-006	-0.0005625
1.626591e-006	-0.00025
1.627091e-006	-0.00025
1.627591e-006	-0.0005625
1.628091e-006	-0.00025
1.628591e-006	-0.00025
1.629091e-006	-0.0005625
1.629591e-006	-0.0005625
1.630091e-006	-0.0005625
1.630591e-006	6.25e-005
1.631091e-006	0.000375
1.631591e-006	6.25e-005
1.632091e-006	6.25e-005
1.632591e-006	0.0006875
1.633091e-006	6.25e-005
1.633591e-006	-0.00025
1.634091e-006	-0.000875
1.634591e-006	-0.0005625
1.635091e-006	-0.0005625
1.635591e-006	-0.0011875
1.636091e-006	-0.000875
1.636591e-006	-0.00025
1.637091e-006	-0.0005625
1.637591e-006	-0.0015
1.638091e-006	-0.000875
1.638591e-006	-0.00025
1.639091e-006	6.25e-005
1.639591e-006	-0.0005625
1.640091e-006	0.0006875
1.640591e-006	0.0006875
1.641091e-006	0.000375
1.641591e-006	0.000375
1.642091e-006	0.0006875
1.642591e-006	6.25e-005
1.643091e-006	6.25e-005
1.643591e-006	-0.00025
1.644091e-006	-0.00025
1.644591e-006	-0.00025
1.645091e-006	-0.0005625
1.645591e-006	-0.000875
1.646091e-006	-0.000875
1.646591e-006	-0.000875
1.647091e-006	-0.0005625
1.647591e-006	-0.00025
1.648091e-006	6.25e-005
1.648591e-006	6.25e-005
1.649091e-006	6.25e-005
1.649591e-006	0.000375
1.650091e-006	0.0006875
1.650591e-006	0.001
1.651091e-006	6.25e-005
1.651591e-006	0.0006875
1.652091e-006	0.0006875
1.652591e-006	-0.00025
1.653091e-006	6.25e-005
1.653591e-006	0.0006875
1.654091e-006	6.25e-005
1.654591e-006	-0.0005625
1.655091e-006	-0.000875
1.655591e-006	-0.000875
1.656091e-006	-0.0011875
1.656591e-006	-0.0011875
1.657091e-006	-0.0011875
1.657591e-006	-0.0005625
1.658091e-006	0.000375
1.658591e-006	6.25e-005
1.659091e-006	6.25e-005
1.659591e-006	6.25e-005
1.660091e-006	0.0006875
1.660591e-006	0.001
1.661091e-006	0.000375
1.661591e-006	6.25e-005
1.662091e-006	0.0006875
1.662591e-006	0.0006875
1.663091e-006	6.25e-005
1.663591e-006	-0.0005625
1.664091e-006	-0.00025
1.664591e-006	-0.000875
1.665091e-006	-0.000875
1.665591e-006	-0.0011875
1.666091e-006	-0.000875
1.666591e-006	-0.00025
1.667091e-006	-0.0011875
1.667591e-006	-0.0011875
1.668091e-006	6.25e-005
1.668591e-006	0.000375
1.669091e-006	0.0006875
1.669591e-006	6.25e-005
1.670091e-006	-0.00025
1.670591e-006	6.25e-005
1.671091e-006	6.25e-005
1.671591e-006	0.000375
1.672091e-006	6.25e-005
1.672591e-006	0.000375
1.673091e-006	-0.0005625
1.673591e-006	-0.0005625
1.674091e-006	-0.00025
1.674591e-006	-0.0011875
1.675091e-006	-0.000875
1.675591e-006	-0.0005625
1.676091e-006	-0.000875
1.676591e-006	-0.0005625
1.677091e-006	-0.000875
1.677591e-006	-0.0005625
1.678091e-006	-0.0005625
1.678591e-006	-0.00025
1.679091e-006	0.0006875
1.679591e-006	0.000375
1.680091e-006	0.0006875
1.680591e-006	0.001
1.681091e-006	0.0006875
1.681591e-006	0.001
1.682091e-006	0.000375
1.682591e-006	-0.00025
1.683091e-006	-0.00025
1.683591e-006	-0.000875
1.684091e-006	-0.00025
1.684591e-006	-0.0005625
1.685091e-006	-0.0005625
1.685591e-006	-0.0015
1.686091e-006	-0.000875
1.686591e-006	-0.0005625
1.687091e-006	-0.0015
1.687591e-006	-0.000875
1.688091e-006	6.25e-005
1.688591e-006	-0.00025
1.689091e-006	-0.00025
1.689591e-006	6.25e-005
1.690091e-006	0.0013125
1.690591e-006	0.0006875
1.691091e-006	6.25e-005
1.691591e-006	0.001
1.692091e-006	-0.00025
1.692591e-006	0.000375
1.693091e-006	-0.00025
1.693591e-006	-0.0005625
1.694091e-006	-0.000875
1.694591e-006	-0.000875
1.695091e-006	-0.0005625
1.695591e-006	-0.000875
1.696091e-006	-0.0011875
1.696591e-006	-0.0005625
1.697091e-006	-0.0005625
1.697591e-006	6.25e-005
1.698091e-006	-0.00025
1.698591e-006	6.25e-005
1.699091e-006	6.25e-005
1.699591e-006	-0.0005625
1.700091e-006	6.25e-005
1.700591e-006	0.0006875
1.701091e-006	0.0006875
1.701591e-006	0.001
1.702091e-006	6.25e-005
1.702591e-006	0.000375
1.703091e-006	-0.0005625
1.703591e-006	-0.000875
1.704091e-006	-0.0011875
1.704591e-006	-0.0011875
1.705091e-006	-0.0011875
1.705591e-006	-0.0018125
1.706091e-006	-0.000875
1.706591e-006	-0.0005625
1.707091e-006	-0.0005625
1.707591e-006	-0.000875
1.708091e-006	-0.000875
1.708591e-006	-0.0005625
1.709091e-006	0.000375
1.709591e-006	0.000375
1.710091e-006	0.000375
1.710591e-006	6.25e-005
1.711091e-006	0.0006875
1.711591e-006	0.000375
1.712091e-006	0.000375
1.712591e-006	0.000375
1.713091e-006	-0.0005625
1.713591e-006	-0.0005625
1.714091e-006	-0.0005625
1.714591e-006	-0.0011875
1.715091e-006	-0.000875
1.715591e-006	-0.0005625
1.716091e-006	-0.0005625
1.716591e-006	-0.00025
1.717091e-006	-0.000875
1.717591e-006	-0.000875
1.718091e-006	-0.0005625
1.718591e-006	-0.00025
1.719091e-006	-0.0005625
1.719591e-006	0.001
1.720091e-006	0.001
1.720591e-006	0.000375
1.721091e-006	0.0006875
1.721591e-006	0.000375
1.722091e-006	6.25e-005
1.722591e-006	0.0006875
1.723091e-006	0.000375
1.723591e-006	0.000375
1.724091e-006	6.25e-005
1.724591e-006	6.25e-005
1.725091e-006	-0.0005625
1.725591e-006	-0.0011875
1.726091e-006	-0.0005625
1.726591e-006	-0.000875
1.727091e-006	-0.0005625
1.727591e-006	-0.000875
1.728091e-006	-0.0005625
1.728591e-006	-0.00025
1.729091e-006	6.25e-005
1.729591e-006	-0.0005625
1.730091e-006	-0.00025
1.730591e-006	6.25e-005
1.731091e-006	0.000375
1.731591e-006	0.0006875
1.732091e-006	6.25e-005
1.732591e-006	0.000375
1.733091e-006	0.0006875
1.733591e-006	-0.00025
1.734091e-006	-0.00025
1.734591e-006	6.25e-005
1.735091e-006	6.25e-005
1.735591e-006	-0.00025
1.736091e-006	-0.000875
1.736591e-006	-0.0011875
1.737091e-006	-0.0011875
1.737591e-006	-0.0015
1.738091e-006	-0.0015
1.738591e-006	6.25e-005
1.739091e-006	6.25e-005
1.739591e-006	-0.00025
1.740091e-006	-0.00025
1.740591e-006	0.000375
1.741091e-006	-0.0005625
1.741591e-006	-0.0005625
1.742091e-006	0.0013125
1.742591e-006	0.0013125
1.743091e-006	-0.00025
1.743591e-006	6.25e-005
1.744091e-006	0.000375
1.744591e-006	0.0006875
1.745091e-006	6.25e-005
1.745591e-006	-0.000875
1.746091e-006	-0.0005625
1.746591e-006	-0.000875
1.747091e-006	-0.0011875
1.747591e-006	-0.0011875
1.748091e-006	-0.0005625
1.748591e-006	-0.0005625
1.749091e-006	-0.0005625
1.749591e-006	-0.0005625
1.750091e-006	6.25e-005
1.750591e-006	6.25e-005
1.751091e-006	6.25e-005
1.751591e-006	6.25e-005
1.752091e-006	0.000375
1.752591e-006	0.0006875
1.753091e-006	0.001
1.753591e-006	0.0006875
1.754091e-006	-0.00025
1.754591e-006	0.000375
1.755091e-006	0.0006875
1.755591e-006	6.25e-005
1.756091e-006	-0.00025
1.756591e-006	-0.000875
1.757091e-006	-0.000875
1.757591e-006	-0.000875
1.758091e-006	-0.0011875
1.758591e-006	-0.0011875
1.759091e-006	-0.0005625
1.759591e-006	-0.00025
1.760091e-006	-0.000875
1.760591e-006	-0.000875
1.761091e-006	-0.00025
1.761591e-006	-0.00025
1.762091e-006	6.25e-005
1.762591e-006	0.000375
1.763091e-006	0.0006875
1.763591e-006	0.0006875
1.764091e-006	0.000375
1.764591e-006	0.001
1.765091e-006	0.0006875
1.765591e-006	0.000375
1.766091e-006	-0.00025
1.766591e-006	-0.00025
1.767091e-006	0.000375
1.767591e-006	-0.0005625
1.768091e-006	-0.0005625
1.768591e-006	-0.0005625
1.769091e-006	-0.0005625
1.769591e-006	-0.000875
1.770091e-006	-0.0005625
1.770591e-006	6.25e-005
1.771091e-006	6.25e-005
1.771591e-006	-0.00025
1.772091e-006	-0.0005625
1.772591e-006	-0.000875
1.773091e-006	0.000375
1.773591e-006	0.000375
1.774091e-006	6.25e-005
1.774591e-006	6.25e-005
1.775091e-006	6.25e-005
1.775591e-006	6.25e-005
1.776091e-006	6.25e-005
1.776591e-006	-0.00025
1.777091e-006	0.0006875
1.777591e-006	6.25e-005
1.778091e-006	-0.0005625
1.778591e-006	-0.000875
1.779091e-006	-0.000875
1.779591e-006	-0.0005625
1.780091e-006	-0.0005625
1.780591e-006	-0.00025
1.781091e-006	-0.0005625
1.781591e-006	-0.0005625
1.782091e-006	-0.0005625
1.782591e-006	6.25e-005
1.783091e-006	0.000375
1.783591e-006	0.0006875
1.784091e-006	0.000375
1.784591e-006	6.25e-005
1.785091e-006	-0.00025
1.785591e-006	0.0006875
1.786091e-006	-0.00025
1.786591e-006	6.25e-005
1.787091e-006	0.000375
1.787591e-006	-0.0005625
1.788091e-006	-0.0005625
