LECROYWS454	16215	Waveform
Segments	1	SegmentSize	4002
Segment	TrigTime	TimeSinceSegment1
#1	02-May-2024 19:20:53	0                 
Time	Ampl
-2.12399e-007	6.25e-005
-2.11899e-007	0.000375
-2.11399e-007	-0.00025
-2.10899e-007	-0.0015
-2.10399e-007	-0.000875
-2.09899e-007	-0.0011875
-2.09399e-007	-0.0011875
-2.08899e-007	-0.0005625
-2.08399e-007	-0.00025
-2.07899e-007	-0.0005625
-2.07399e-007	-0.000875
-2.06899e-007	-0.00025
-2.06399e-007	0.000375
-2.05899e-007	6.25e-005
-2.05399e-007	0.000375
-2.04899e-007	0.0006875
-2.04399e-007	0.0006875
-2.03899e-007	0.001
-2.03399e-007	0.000375
-2.02899e-007	0.0006875
-2.02399e-007	6.25e-005
-2.01899e-007	-0.00025
-2.01399e-007	-0.00025
-2.00899e-007	-0.0005625
-2.00399e-007	-0.0005625
-1.99899e-007	-0.0015
-1.99399e-007	-0.0011875
-1.98899e-007	-0.000875
-1.98399e-007	-0.0011875
-1.97899e-007	-0.0011875
-1.97399e-007	-0.00025
-1.96899e-007	0.000375
-1.96399e-007	0.000375
-1.95899e-007	0.0006875
-1.95399e-007	0.0013125
-1.94899e-007	0.000375
-1.94399e-007	6.25e-005
-1.93899e-007	0.0013125
-1.93399e-007	0.0006875
-1.92899e-007	0.0006875
-1.92399e-007	0.0006875
-1.91899e-007	-0.00025
-1.91399e-007	-0.0005625
-1.90899e-007	-0.0011875
-1.90399e-007	-0.00025
-1.89899e-007	-0.00025
-1.89399e-007	-0.0018125
-1.88899e-007	-0.002125
-1.88399e-007	-0.0011875
-1.87899e-007	-0.0005625
-1.87399e-007	-0.0005625
-1.86899e-007	6.25e-005
-1.86399e-007	6.25e-005
-1.85899e-007	0.000375
-1.85399e-007	0.0013125
-1.84899e-007	0.0013125
-1.84399e-007	0.0013125
-1.83899e-007	0.0013125
-1.83399e-007	0.000375
-1.82899e-007	0.001
-1.82399e-007	-0.00025
-1.81899e-007	-0.0005625
-1.81399e-007	0.000375
-1.80899e-007	-0.0005625
-1.80399e-007	-0.0005625
-1.79899e-007	-0.0005625
-1.79399e-007	-0.0005625
-1.78899e-007	-0.000875
-1.78399e-007	-0.000875
-1.77899e-007	-0.0005625
-1.77399e-007	-0.0005625
-1.76899e-007	-0.00025
-1.76399e-007	6.25e-005
-1.75899e-007	0.001
-1.75399e-007	0.001
-1.74899e-007	6.25e-005
-1.74399e-007	6.25e-005
-1.73899e-007	0.0006875
-1.73399e-007	0.0013125
-1.72899e-007	0.0013125
-1.72399e-007	6.25e-005
-1.71899e-007	-0.00025
-1.71399e-007	-0.000875
-1.70899e-007	-0.0011875
-1.70399e-007	6.25e-005
-1.69899e-007	6.25e-005
-1.69399e-007	-0.0015
-1.68899e-007	-0.0011875
-1.68399e-007	-0.000875
-1.67899e-007	-0.00025
-1.67399e-007	-0.0005625
-1.66899e-007	-0.00025
-1.66399e-007	0.000375
-1.65899e-007	6.25e-005
-1.65399e-007	0.0006875
-1.64899e-007	0.0006875
-1.64399e-007	6.25e-005
-1.63899e-007	6.25e-005
-1.63399e-007	-0.00025
-1.62899e-007	6.25e-005
-1.62399e-007	0.0006875
-1.61899e-007	-0.0005625
-1.61399e-007	6.25e-005
-1.60899e-007	6.25e-005
-1.60399e-007	-0.0005625
-1.59899e-007	-0.0005625
-1.59399e-007	-0.0005625
-1.58899e-007	-0.0005625
-1.58399e-007	-0.0005625
-1.57899e-007	-0.000875
-1.57399e-007	-0.0005625
-1.56899e-007	-0.00025
-1.56399e-007	6.25e-005
-1.55899e-007	0.000375
-1.55399e-007	0.000375
-1.54899e-007	6.25e-005
-1.54399e-007	6.25e-005
-1.53899e-007	6.25e-005
-1.53399e-007	-0.00025
-1.52899e-007	0.000375
-1.52399e-007	-0.00025
-1.51899e-007	-0.0005625
-1.51399e-007	-0.0005625
-1.50899e-007	-0.000875
-1.50399e-007	-0.0005625
-1.49899e-007	-0.0005625
-1.49399e-007	-0.0005625
-1.48899e-007	0.000375
-1.48399e-007	-0.00025
-1.47899e-007	-0.0005625
-1.47399e-007	-0.00025
-1.46899e-007	6.25e-005
-1.46399e-007	0.000375
-1.45899e-007	0.000375
-1.45399e-007	-0.00025
-1.44899e-007	6.25e-005
-1.44399e-007	6.25e-005
-1.43899e-007	0.000375
-1.43399e-007	6.25e-005
-1.42899e-007	6.25e-005
-1.42399e-007	-0.000875
-1.41899e-007	-0.0011875
-1.41399e-007	-0.0005625
-1.40899e-007	-0.00025
-1.40399e-007	6.25e-005
-1.39899e-007	-0.00025
-1.39399e-007	-0.0005625
-1.38899e-007	0.0006875
-1.38399e-007	0.000375
-1.37899e-007	6.25e-005
-1.37399e-007	0.000375
-1.36899e-007	0.000375
-1.36399e-007	0.0006875
-1.35899e-007	0.000375
-1.35399e-007	0.000375
-1.34899e-007	6.25e-005
-1.34399e-007	0.000375
-1.33899e-007	-0.00025
-1.33399e-007	-0.00025
-1.32899e-007	6.25e-005
-1.32399e-007	-0.0005625
-1.31899e-007	-0.0005625
-1.31399e-007	-0.000875
-1.30899e-007	-0.000875
-1.30399e-007	-0.0011875
-1.29899e-007	-0.0011875
-1.29399e-007	6.25e-005
-1.28899e-007	6.25e-005
-1.28399e-007	-0.0005625
-1.27899e-007	6.25e-005
-1.27399e-007	0.000375
-1.26899e-007	6.25e-005
-1.26399e-007	0.000375
-1.25899e-007	0.000375
-1.25399e-007	0.000375
-1.24899e-007	6.25e-005
-1.24399e-007	0.000375
-1.23899e-007	0.0006875
-1.23399e-007	6.25e-005
-1.22899e-007	0.000375
-1.22399e-007	-0.000875
-1.21899e-007	-0.000875
-1.21399e-007	-0.00025
-1.20899e-007	-0.000875
-1.20399e-007	6.25e-005
-1.19899e-007	-0.00025
-1.19399e-007	6.25e-005
-1.18899e-007	6.25e-005
-1.18399e-007	-0.0005625
-1.17899e-007	-0.000875
-1.17399e-007	6.25e-005
-1.16899e-007	-0.0005625
-1.16399e-007	-0.00025
-1.15899e-007	0.000375
-1.15399e-007	0.0006875
-1.14899e-007	0.0006875
-1.14399e-007	0.0006875
-1.13899e-007	0.0006875
-1.13399e-007	6.25e-005
-1.12899e-007	6.25e-005
-1.12399e-007	-0.0005625
-1.11899e-007	-0.0005625
-1.11399e-007	6.25e-005
-1.10899e-007	-0.0005625
-1.10399e-007	-0.00025
-1.09899e-007	-0.0005625
-1.09399e-007	-0.0005625
-1.08899e-007	-0.000875
-1.08399e-007	-0.0011875
-1.07899e-007	6.25e-005
-1.07399e-007	6.25e-005
-1.06899e-007	6.25e-005
-1.06399e-007	-0.0005625
-1.05899e-007	-0.0005625
-1.05399e-007	0.0006875
-1.04899e-007	0.000375
-1.04399e-007	0.000375
-1.03899e-007	0.0006875
-1.03399e-007	0.001
-1.02899e-007	0.001
-1.02399e-007	-0.00025
-1.01899e-007	6.25e-005
-1.01399e-007	0.000375
-1.00899e-007	0.000375
-1.00399e-007	6.25e-005
-9.9899e-008	-0.0005625
-9.9399e-008	-0.00025
-9.8899e-008	-0.000875
-9.8399e-008	-0.0011875
-9.7899e-008	-0.000875
-9.7399e-008	-0.0005625
-9.6899e-008	6.25e-005
-9.6399e-008	-0.0005625
-9.5899e-008	-0.0005625
-9.5399e-008	0.000375
-9.4899e-008	-0.00025
-9.4399e-008	0.0006875
-9.3899e-008	6.25e-005
-9.3399e-008	0.001
-9.2899e-008	0.0013125
-9.2399e-008	0.0006875
-9.1899e-008	0.0013125
-9.1399e-008	6.25e-005
-9.0899e-008	-0.00025
-9.0399e-008	6.25e-005
-8.9899e-008	-0.000875
-8.9399e-008	-0.0005625
-8.8899e-008	-0.0015
-8.8399e-008	-0.0011875
-8.7899e-008	-0.0005625
-8.7399e-008	-0.00025
-8.6899e-008	6.25e-005
-8.6399e-008	-0.0005625
-8.5899e-008	-0.00025
-8.5399e-008	-0.00025
-8.4899e-008	-0.0005625
-8.4399e-008	6.25e-005
-8.3899e-008	0.000375
-8.3399e-008	6.25e-005
-8.2899e-008	6.25e-005
-8.2399e-008	0.0006875
-8.1899e-008	0.001
-8.1399e-008	6.25e-005
-8.0899e-008	0.000375
-8.0399e-008	6.25e-005
-7.9899e-008	-0.00025
-7.9399e-008	-0.00025
-7.8899e-008	-0.0011875
-7.8399e-008	-0.000875
-7.7899e-008	-0.0005625
-7.7399e-008	-0.0005625
-7.6899e-008	-0.00025
-7.6399e-008	-0.0011875
-7.5899e-008	-0.0005625
-7.5399e-008	-0.00025
-7.4899e-008	-0.0005625
-7.4399e-008	6.25e-005
-7.3899e-008	6.25e-005
-7.3399e-008	0.0006875
-7.2899e-008	0.000375
-7.2399e-008	0.0006875
-7.1899e-008	0.0006875
-7.1399e-008	0.000375
-7.0899e-008	0.0006875
-7.0399e-008	6.25e-005
-6.9899e-008	-0.0005625
-6.9399e-008	6.25e-005
-6.8899e-008	-0.0005625
-6.8399e-008	-0.0005625
-6.7899e-008	-0.000875
-6.7399e-008	-0.0011875
-6.6899e-008	-0.00025
-6.6399e-008	-0.0011875
-6.5899e-008	-0.00025
-6.5399e-008	6.25e-005
-6.4899e-008	6.25e-005
-6.4399e-008	6.25e-005
-6.3899e-008	0.000375
-6.3399e-008	0.0006875
-6.2899e-008	0.000375
-6.2399e-008	-0.00025
-6.1899e-008	0.001
-6.1399e-008	0.000375
-6.0899e-008	0.0006875
-6.0399e-008	6.25e-005
-5.9899e-008	-0.000875
-5.9399e-008	-0.0005625
-5.8899e-008	-0.00025
-5.8399e-008	6.25e-005
-5.7899e-008	-0.0005625
-5.7399e-008	-0.0005625
-5.6899e-008	-0.00025
-5.6399e-008	6.25e-005
-5.5899e-008	-0.00025
-5.5399e-008	-0.00025
-5.4899e-008	6.25e-005
-5.4399e-008	0.000375
-5.3899e-008	0.000375
-5.3399e-008	0.0013125
-5.2899e-008	0.0006875
-5.2399e-008	-0.0005625
-5.1899e-008	-0.0005625
-5.1399e-008	6.25e-005
-5.0899e-008	-0.00025
-5.0399e-008	-0.0005625
-4.9899e-008	-0.0011875
-4.9399e-008	-0.0005625
-4.8899e-008	-0.00025
-4.8399e-008	-0.00025
-4.7899e-008	-0.0005625
-4.7399e-008	-0.00025
-4.6899e-008	6.25e-005
-4.6399e-008	6.25e-005
-4.5899e-008	0.000375
-4.5399e-008	6.25e-005
-4.4899e-008	6.25e-005
-4.4399e-008	0.0006875
-4.3899e-008	0.001
-4.3399e-008	0.0006875
-4.2899e-008	-0.00025
-4.2399e-008	6.25e-005
-4.1899e-008	6.25e-005
-4.1399e-008	-0.0011875
-4.0899e-008	-0.0005625
-4.0399e-008	6.25e-005
-3.9899e-008	-0.0005625
-3.9399e-008	-0.000875
-3.8899e-008	-0.000875
-3.8399e-008	-0.00025
-3.7899e-008	6.25e-005
-3.7399e-008	-0.00025
-3.6899e-008	6.25e-005
-3.6399e-008	0.0006875
-3.5899e-008	0.0006875
-3.5399e-008	0.000375
-3.4899e-008	0.0013125
-3.4399e-008	0.0006875
-3.3899e-008	0.000375
-3.3399e-008	0.0006875
-3.2899e-008	0.000375
-3.2399e-008	6.25e-005
-3.1899e-008	-0.000875
-3.1399e-008	-0.0005625
-3.0899e-008	-0.0005625
-3.0399e-008	-0.0011875
-2.9899e-008	-0.0011875
-2.9399e-008	-0.000875
-2.8899e-008	-0.000875
-2.8399e-008	-0.00025
-2.7899e-008	-0.00025
-2.7399e-008	0.0006875
-2.6899e-008	6.25e-005
-2.6399e-008	0.0006875
-2.5899e-008	0.0006875
-2.5399e-008	0.0006875
-2.4899e-008	0.0006875
-2.4399e-008	0.0006875
-2.3899e-008	0.001
-2.3399e-008	6.25e-005
-2.2899e-008	-0.00025
-2.2399e-008	-0.00025
-2.1899e-008	-0.0011875
-2.1399e-008	-0.000875
-2.0899e-008	-0.00025
-2.0399e-008	-0.000875
-1.9899e-008	-0.0011875
-1.9399e-008	-0.000875
-1.8899e-008	-0.00025
-1.8399e-008	-0.0005625
-1.7899e-008	-0.00025
-1.7399e-008	6.25e-005
-1.6899e-008	6.25e-005
-1.6399e-008	0.000375
-1.5899e-008	0.0006875
-1.5399e-008	0.000375
-1.4899e-008	0.0013125
-1.4399e-008	0.0006875
-1.3899e-008	0.0006875
-1.3399e-008	6.25e-005
-1.2899e-008	-0.0005625
-1.2399e-008	-0.0005625
-1.1899e-008	-0.0005625
-1.1399e-008	-0.00025
-1.0899e-008	-0.0011875
-1.0399e-008	-0.0015
-9.899e-009	-0.000875
-9.399e-009	-0.000875
-8.899e-009	-0.0005625
-8.399e-009	6.25e-005
-7.899e-009	6.25e-005
-7.399e-009	6.25e-005
-6.899e-009	0.000375
-6.399e-009	0.0006875
-5.899e-009	6.25e-005
-5.399e-009	6.25e-005
-4.899e-009	0.001
-4.399e-009	6.25e-005
-3.899e-009	-0.00025
-3.399e-009	-0.0011875
-2.899e-009	-0.0024375
-2.399e-009	-0.0043125
-1.899e-009	-0.0068125
-1.399e-009	-0.007125
-8.99e-010	-0.0093125
-3.99e-010	-0.0118125
1.01e-010	-0.013375
6.01e-010	-0.01525
1.101e-009	-0.015875
1.601e-009	-0.01775
2.101e-009	-0.018375
2.601e-009	-0.019625
3.101e-009	-0.019625
3.601e-009	-0.0199375
4.101e-009	-0.0215
4.601e-009	-0.02275
5.101e-009	-0.0230625
5.601e-009	-0.0249375
6.101e-009	-0.0255625
6.601e-009	-0.0268125
7.101e-009	-0.028375
7.601e-009	-0.0293125
8.101e-009	-0.0299375
8.601e-009	-0.029625
9.101e-009	-0.0293125
9.601e-009	-0.0286875
1.0101e-008	-0.0299375
1.0601e-008	-0.0299375
1.1101e-008	-0.0293125
1.1601e-008	-0.0293125
1.2101e-008	-0.0299375
1.2601e-008	-0.03025
1.3101e-008	-0.0299375
1.3601e-008	-0.0280625
1.4101e-008	-0.028375
1.4601e-008	-0.0286875
1.5101e-008	-0.0280625
1.5601e-008	-0.02775
1.6101e-008	-0.0286875
1.6601e-008	-0.029625
1.7101e-008	-0.0299375
1.7601e-008	-0.0299375
1.8101e-008	-0.029
1.8601e-008	-0.0286875
1.9101e-008	-0.0280625
1.9601e-008	-0.02775
2.0101e-008	-0.0286875
2.0601e-008	-0.0286875
2.1101e-008	-0.028375
2.1601e-008	-0.028375
2.2101e-008	-0.0280625
2.2601e-008	-0.0274375
2.3101e-008	-0.027125
2.3601e-008	-0.027125
2.4101e-008	-0.027125
2.4601e-008	-0.02775
2.5101e-008	-0.028375
2.5601e-008	-0.0293125
2.6101e-008	-0.03025
2.6601e-008	-0.0311875
2.7101e-008	-0.0311875
2.7601e-008	-0.0315
2.8101e-008	-0.0311875
2.8601e-008	-0.0311875
2.9101e-008	-0.030875
2.9601e-008	-0.0305625
3.0101e-008	-0.03025
3.0601e-008	-0.0305625
3.1101e-008	-0.030875
3.1601e-008	-0.0315
3.2101e-008	-0.0318125
3.2601e-008	-0.0315
3.3101e-008	-0.0305625
3.3601e-008	-0.0305625
3.4101e-008	-0.032125
3.4601e-008	-0.0330625
3.5101e-008	-0.0330625
3.5601e-008	-0.033375
3.6101e-008	-0.034625
3.6601e-008	-0.0343125
3.7101e-008	-0.034
3.7601e-008	-0.03525
3.8101e-008	-0.03525
3.8601e-008	-0.0343125
3.9101e-008	-0.034
3.9601e-008	-0.0336875
4.0101e-008	-0.0336875
4.0601e-008	-0.033375
4.1101e-008	-0.03275
4.1601e-008	-0.03275
4.2101e-008	-0.03275
4.2601e-008	-0.0324375
4.3101e-008	-0.03275
4.3601e-008	-0.033375
4.4101e-008	-0.03275
4.4601e-008	-0.03275
4.5101e-008	-0.033375
4.5601e-008	-0.0336875
4.6101e-008	-0.0336875
4.6601e-008	-0.034625
4.7101e-008	-0.033375
4.7601e-008	-0.034
4.8101e-008	-0.034
4.8601e-008	-0.034
4.9101e-008	-0.0336875
4.9601e-008	-0.033375
5.0101e-008	-0.0330625
5.0601e-008	-0.03275
5.1101e-008	-0.0315
5.1601e-008	-0.032125
5.2101e-008	-0.0315
5.2601e-008	-0.032125
5.3101e-008	-0.03275
5.3601e-008	-0.03275
5.4101e-008	-0.03275
5.4601e-008	-0.033375
5.5101e-008	-0.03275
5.5601e-008	-0.0330625
5.6101e-008	-0.033375
5.6601e-008	-0.0330625
5.7101e-008	-0.03275
5.7601e-008	-0.03275
5.8101e-008	-0.032125
5.8601e-008	-0.03275
5.9101e-008	-0.0330625
5.9601e-008	-0.03275
6.0101e-008	-0.0330625
6.0601e-008	-0.0330625
6.1101e-008	-0.03275
6.1601e-008	-0.032125
6.2101e-008	-0.032125
6.2601e-008	-0.03275
6.3101e-008	-0.0330625
6.3601e-008	-0.0336875
6.4101e-008	-0.033375
6.4601e-008	-0.03275
6.5101e-008	-0.0343125
6.5601e-008	-0.034
6.6101e-008	-0.0330625
6.6601e-008	-0.0336875
6.7101e-008	-0.0336875
6.7601e-008	-0.0336875
6.8101e-008	-0.0324375
6.8601e-008	-0.033375
6.9101e-008	-0.0330625
6.9601e-008	-0.03275
7.0101e-008	-0.033375
7.0601e-008	-0.0336875
7.1101e-008	-0.03275
7.1601e-008	-0.03275
7.2101e-008	-0.0324375
7.2601e-008	-0.0336875
7.3101e-008	-0.033375
7.3601e-008	-0.033375
7.4101e-008	-0.0336875
7.4601e-008	-0.033375
7.5101e-008	-0.033375
7.5601e-008	-0.03275
7.6101e-008	-0.03275
7.6601e-008	-0.0324375
7.7101e-008	-0.0311875
7.7601e-008	-0.0315
7.8101e-008	-0.0315
7.8601e-008	-0.032125
7.9101e-008	-0.032125
7.9601e-008	-0.0311875
8.0101e-008	-0.0315
8.0601e-008	-0.032125
8.1101e-008	-0.032125
8.1601e-008	-0.03275
8.2101e-008	-0.03275
8.2601e-008	-0.0330625
8.3101e-008	-0.03275
8.3601e-008	-0.0330625
8.4101e-008	-0.033375
8.4601e-008	-0.03275
8.5101e-008	-0.03275
8.5601e-008	-0.0318125
8.6101e-008	-0.0315
8.6601e-008	-0.032125
8.7101e-008	-0.030875
8.7601e-008	-0.0311875
8.8101e-008	-0.0305625
8.8601e-008	-0.0311875
8.9101e-008	-0.030875
8.9601e-008	-0.03025
9.0101e-008	-0.0305625
9.0601e-008	-0.030875
9.1101e-008	-0.030875
9.1601e-008	-0.0318125
9.2101e-008	-0.0315
9.2601e-008	-0.03275
9.3101e-008	-0.032125
9.3601e-008	-0.03275
9.4101e-008	-0.03275
9.4601e-008	-0.032125
9.5101e-008	-0.032125
9.5601e-008	-0.0315
9.6101e-008	-0.0311875
9.6601e-008	-0.030875
9.7101e-008	-0.03025
9.7601e-008	-0.03025
9.8101e-008	-0.029625
9.8601e-008	-0.029625
9.9101e-008	-0.0299375
9.9601e-008	-0.0286875
1.00101e-007	-0.03025
1.00601e-007	-0.03025
1.01101e-007	-0.03025
1.01601e-007	-0.030875
1.02101e-007	-0.0311875
1.02601e-007	-0.0324375
1.03101e-007	-0.0315
1.03601e-007	-0.0318125
1.04101e-007	-0.032125
1.04601e-007	-0.032125
1.05101e-007	-0.0324375
1.05601e-007	-0.032125
1.06101e-007	-0.0315
1.06601e-007	-0.030875
1.07101e-007	-0.03025
1.07601e-007	-0.030875
1.08101e-007	-0.029625
1.08601e-007	-0.029
1.09101e-007	-0.029
1.09601e-007	-0.029
1.10101e-007	-0.029625
1.10601e-007	-0.029625
1.11101e-007	-0.0299375
1.11601e-007	-0.0305625
1.12101e-007	-0.0299375
1.12601e-007	-0.032125
1.13101e-007	-0.030875
1.13601e-007	-0.030875
1.14101e-007	-0.0305625
1.14601e-007	-0.0305625
1.15101e-007	-0.030875
1.15601e-007	-0.0311875
1.16101e-007	-0.030875
1.16601e-007	-0.030875
1.17101e-007	-0.0299375
1.17601e-007	-0.029625
1.18101e-007	-0.029625
1.18601e-007	-0.0286875
1.19101e-007	-0.029
1.19601e-007	-0.0293125
1.20101e-007	-0.0299375
1.20601e-007	-0.0286875
1.21101e-007	-0.0293125
1.21601e-007	-0.0299375
1.22101e-007	-0.03025
1.22601e-007	-0.03025
1.23101e-007	-0.0299375
1.23601e-007	-0.0305625
1.24101e-007	-0.03025
1.24601e-007	-0.03025
1.25101e-007	-0.030875
1.25601e-007	-0.03025
1.26101e-007	-0.0293125
1.26601e-007	-0.029
1.27101e-007	-0.029625
1.27601e-007	-0.0293125
1.28101e-007	-0.0286875
1.28601e-007	-0.02775
1.29101e-007	-0.02775
1.29601e-007	-0.028375
1.30101e-007	-0.0286875
1.30601e-007	-0.0286875
1.31101e-007	-0.029
1.31601e-007	-0.029
1.32101e-007	-0.029
1.32601e-007	-0.0286875
1.33101e-007	-0.029
1.33601e-007	-0.029
1.34101e-007	-0.029
1.34601e-007	-0.0293125
1.35101e-007	-0.029625
1.35601e-007	-0.0293125
1.36101e-007	-0.028375
1.36601e-007	-0.0286875
1.37101e-007	-0.0286875
1.37601e-007	-0.02775
1.38101e-007	-0.0274375
1.38601e-007	-0.02775
1.39101e-007	-0.028375
1.39601e-007	-0.0274375
1.40101e-007	-0.0274375
1.40601e-007	-0.02775
1.41101e-007	-0.0280625
1.41601e-007	-0.0280625
1.42101e-007	-0.029
1.42601e-007	-0.029
1.43101e-007	-0.029625
1.43601e-007	-0.0286875
1.44101e-007	-0.0293125
1.44601e-007	-0.029
1.45101e-007	-0.028375
1.45601e-007	-0.027125
1.46101e-007	-0.02775
1.46601e-007	-0.02775
1.47101e-007	-0.02775
1.47601e-007	-0.0268125
1.48101e-007	-0.0265
1.48601e-007	-0.0268125
1.49101e-007	-0.027125
1.49601e-007	-0.0268125
1.50101e-007	-0.0268125
1.50601e-007	-0.0268125
1.51101e-007	-0.02775
1.51601e-007	-0.0280625
1.52101e-007	-0.0280625
1.52601e-007	-0.0286875
1.53101e-007	-0.0286875
1.53601e-007	-0.0280625
1.54101e-007	-0.02775
1.54601e-007	-0.02775
1.55101e-007	-0.0274375
1.55601e-007	-0.0274375
1.56101e-007	-0.0274375
1.56601e-007	-0.0274375
1.57101e-007	-0.0268125
1.57601e-007	-0.0268125
1.58101e-007	-0.0268125
1.58601e-007	-0.0261875
1.59101e-007	-0.0255625
1.59601e-007	-0.0255625
1.60101e-007	-0.025875
1.60601e-007	-0.0268125
1.61101e-007	-0.0268125
1.61601e-007	-0.027125
1.62101e-007	-0.02775
1.62601e-007	-0.02775
1.63101e-007	-0.0280625
1.63601e-007	-0.02775
1.64101e-007	-0.028375
1.64601e-007	-0.02775
1.65101e-007	-0.0274375
1.65601e-007	-0.0265
1.66101e-007	-0.027125
1.66601e-007	-0.0261875
1.67101e-007	-0.025875
1.67601e-007	-0.0249375
1.68101e-007	-0.024625
1.68601e-007	-0.024625
1.69101e-007	-0.024625
1.69601e-007	-0.0249375
1.70101e-007	-0.02525
1.70601e-007	-0.025875
1.71101e-007	-0.025875
1.71601e-007	-0.025875
1.72101e-007	-0.027125
1.72601e-007	-0.0274375
1.73101e-007	-0.02775
1.73601e-007	-0.0274375
1.74101e-007	-0.0274375
1.74601e-007	-0.02775
1.75101e-007	-0.02775
1.75601e-007	-0.027125
1.76101e-007	-0.025875
1.76601e-007	-0.0255625
1.77101e-007	-0.02525
1.77601e-007	-0.0249375
1.78101e-007	-0.0243125
1.78601e-007	-0.024
1.79101e-007	-0.024
1.79601e-007	-0.024
1.80101e-007	-0.024
1.80601e-007	-0.02525
1.81101e-007	-0.0249375
1.81601e-007	-0.0255625
1.82101e-007	-0.0261875
1.82601e-007	-0.0268125
1.83101e-007	-0.0274375
1.83601e-007	-0.0268125
1.84101e-007	-0.02775
1.84601e-007	-0.027125
1.85101e-007	-0.0268125
1.85601e-007	-0.025875
1.86101e-007	-0.0249375
1.86601e-007	-0.024
1.87101e-007	-0.0236875
1.87601e-007	-0.0230625
1.88101e-007	-0.023375
1.88601e-007	-0.02275
1.89101e-007	-0.023375
1.89601e-007	-0.02275
1.90101e-007	-0.0230625
1.90601e-007	-0.0236875
1.91101e-007	-0.024
1.91601e-007	-0.02525
1.92101e-007	-0.0255625
1.92601e-007	-0.0261875
1.93101e-007	-0.0261875
1.93601e-007	-0.0261875
1.94101e-007	-0.0268125
1.94601e-007	-0.0268125
1.95101e-007	-0.025875
1.95601e-007	-0.0255625
1.96101e-007	-0.02525
1.96601e-007	-0.0249375
1.97101e-007	-0.023375
1.97601e-007	-0.0230625
1.98101e-007	-0.0224375
1.98601e-007	-0.022125
1.99101e-007	-0.0224375
1.99601e-007	-0.0230625
2.00101e-007	-0.02275
2.00601e-007	-0.023375
2.01101e-007	-0.023375
2.01601e-007	-0.0243125
2.02101e-007	-0.024625
2.02601e-007	-0.0255625
2.03101e-007	-0.02525
2.03601e-007	-0.02525
2.04101e-007	-0.0265
2.04601e-007	-0.0255625
2.05101e-007	-0.0249375
2.05601e-007	-0.024625
2.06101e-007	-0.0243125
2.06601e-007	-0.0236875
2.07101e-007	-0.02275
2.07601e-007	-0.02275
2.08101e-007	-0.02275
2.08601e-007	-0.0218125
2.09101e-007	-0.0218125
2.09601e-007	-0.0211875
2.10101e-007	-0.0218125
2.10601e-007	-0.0218125
2.11101e-007	-0.02275
2.11601e-007	-0.0236875
2.12101e-007	-0.024
2.12601e-007	-0.0243125
2.13101e-007	-0.024
2.13601e-007	-0.024
2.14101e-007	-0.02525
2.14601e-007	-0.02525
2.15101e-007	-0.0249375
2.15601e-007	-0.0236875
2.16101e-007	-0.02275
2.16601e-007	-0.0230625
2.17101e-007	-0.022125
2.17601e-007	-0.022125
2.18101e-007	-0.0211875
2.18601e-007	-0.0211875
2.19101e-007	-0.0218125
2.19601e-007	-0.0211875
2.20101e-007	-0.0218125
2.20601e-007	-0.022125
2.21101e-007	-0.0224375
2.21601e-007	-0.0230625
2.22101e-007	-0.023375
2.22601e-007	-0.0243125
2.23101e-007	-0.024
2.23601e-007	-0.024625
2.24101e-007	-0.024
2.24601e-007	-0.0236875
2.25101e-007	-0.0236875
2.25601e-007	-0.0230625
2.26101e-007	-0.0224375
2.26601e-007	-0.022125
2.27101e-007	-0.0215
2.27601e-007	-0.0205625
2.28101e-007	-0.02025
2.28601e-007	-0.02025
2.29101e-007	-0.0211875
2.29601e-007	-0.020875
2.30101e-007	-0.0215
2.30601e-007	-0.0215
2.31101e-007	-0.0224375
2.31601e-007	-0.0224375
2.32101e-007	-0.0224375
2.32601e-007	-0.02275
2.33101e-007	-0.02275
2.33601e-007	-0.0230625
2.34101e-007	-0.023375
2.34601e-007	-0.02275
2.35101e-007	-0.0230625
2.35601e-007	-0.0218125
2.36101e-007	-0.0215
2.36601e-007	-0.0205625
2.37101e-007	-0.02025
2.37601e-007	-0.0205625
2.38101e-007	-0.019625
2.38601e-007	-0.02025
2.39101e-007	-0.019625
2.39601e-007	-0.02025
2.40101e-007	-0.020875
2.40601e-007	-0.020875
2.41101e-007	-0.020875
2.41601e-007	-0.0215
2.42101e-007	-0.0224375
2.42601e-007	-0.02275
2.43101e-007	-0.0218125
2.43601e-007	-0.0230625
2.44101e-007	-0.0224375
2.44601e-007	-0.022125
2.45101e-007	-0.022125
2.45601e-007	-0.0211875
2.46101e-007	-0.0211875
2.46601e-007	-0.02025
2.47101e-007	-0.02025
2.47601e-007	-0.0199375
2.48101e-007	-0.0186875
2.48601e-007	-0.0199375
2.49101e-007	-0.0199375
2.49601e-007	-0.019625
2.50101e-007	-0.02025
2.50601e-007	-0.02025
2.51101e-007	-0.0218125
2.51601e-007	-0.0211875
2.52101e-007	-0.0224375
2.52601e-007	-0.022125
2.53101e-007	-0.022125
2.53601e-007	-0.0224375
2.54101e-007	-0.0224375
2.54601e-007	-0.0218125
2.55101e-007	-0.0215
2.55601e-007	-0.0205625
2.56101e-007	-0.020875
2.56601e-007	-0.019625
2.57101e-007	-0.0193125
2.57601e-007	-0.0186875
2.58101e-007	-0.018375
2.58601e-007	-0.0193125
2.59101e-007	-0.019
2.59601e-007	-0.0193125
2.60101e-007	-0.019625
2.60601e-007	-0.0205625
2.61101e-007	-0.02025
2.61601e-007	-0.020875
2.62101e-007	-0.022125
2.62601e-007	-0.0224375
2.63101e-007	-0.0211875
2.63601e-007	-0.0211875
2.64101e-007	-0.0215
2.64601e-007	-0.0218125
2.65101e-007	-0.02025
2.65601e-007	-0.02025
2.66101e-007	-0.0205625
2.66601e-007	-0.019625
2.67101e-007	-0.018375
2.67601e-007	-0.0180625
2.68101e-007	-0.0180625
2.68601e-007	-0.019
2.69101e-007	-0.0186875
2.69601e-007	-0.018375
2.70101e-007	-0.019
2.70601e-007	-0.019625
2.71101e-007	-0.02025
2.71601e-007	-0.0199375
2.72101e-007	-0.020875
2.72601e-007	-0.02025
2.73101e-007	-0.020875
2.73601e-007	-0.020875
2.74101e-007	-0.020875
2.74601e-007	-0.020875
2.75101e-007	-0.0205625
2.75601e-007	-0.019625
2.76101e-007	-0.019625
2.76601e-007	-0.019
2.77101e-007	-0.0193125
2.77601e-007	-0.019
2.78101e-007	-0.018375
2.78601e-007	-0.0180625
2.79101e-007	-0.0180625
2.79601e-007	-0.019
2.80101e-007	-0.018375
2.80601e-007	-0.019
2.81101e-007	-0.0199375
2.81601e-007	-0.02025
2.82101e-007	-0.02025
2.82601e-007	-0.0199375
2.83101e-007	-0.0205625
2.83601e-007	-0.02025
2.84101e-007	-0.02025
2.84601e-007	-0.0205625
2.85101e-007	-0.019625
2.85601e-007	-0.019625
2.86101e-007	-0.019
2.86601e-007	-0.019
2.87101e-007	-0.0186875
2.87601e-007	-0.0180625
2.88101e-007	-0.01775
2.88601e-007	-0.0186875
2.89101e-007	-0.018375
2.89601e-007	-0.018375
2.90101e-007	-0.018375
2.90601e-007	-0.018375
2.91101e-007	-0.018375
2.91601e-007	-0.0193125
2.92101e-007	-0.0193125
2.92601e-007	-0.0193125
2.93101e-007	-0.0199375
2.93601e-007	-0.0193125
2.94101e-007	-0.0186875
2.94601e-007	-0.0186875
2.95101e-007	-0.0193125
2.95601e-007	-0.019
2.96101e-007	-0.0180625
2.96601e-007	-0.0180625
2.97101e-007	-0.01775
2.97601e-007	-0.017125
2.98101e-007	-0.01775
2.98601e-007	-0.0180625
2.99101e-007	-0.0180625
2.99601e-007	-0.01775
3.00101e-007	-0.0180625
3.00601e-007	-0.01775
3.01101e-007	-0.01775
3.01601e-007	-0.0186875
3.02101e-007	-0.0193125
3.02601e-007	-0.0193125
3.03101e-007	-0.018375
3.03601e-007	-0.0186875
3.04101e-007	-0.018375
3.04601e-007	-0.019
3.05101e-007	-0.0180625
3.05601e-007	-0.01775
3.06101e-007	-0.0180625
3.06601e-007	-0.0180625
3.07101e-007	-0.0174375
3.07601e-007	-0.0180625
3.08101e-007	-0.0174375
3.08601e-007	-0.0174375
3.09101e-007	-0.01775
3.09601e-007	-0.0174375
3.10101e-007	-0.0174375
3.10601e-007	-0.0180625
3.11101e-007	-0.0186875
3.11601e-007	-0.018375
3.12101e-007	-0.0180625
3.12601e-007	-0.018375
3.13101e-007	-0.018375
3.13601e-007	-0.018375
3.14101e-007	-0.018375
3.14601e-007	-0.0174375
3.15101e-007	-0.01775
3.15601e-007	-0.0174375
3.16101e-007	-0.01775
3.16601e-007	-0.017125
3.17101e-007	-0.0165
3.17601e-007	-0.01775
3.18101e-007	-0.01775
3.18601e-007	-0.0165
3.19101e-007	-0.0174375
3.19601e-007	-0.0174375
3.20101e-007	-0.0168125
3.20601e-007	-0.017125
3.21101e-007	-0.018375
3.21601e-007	-0.018375
3.22101e-007	-0.0180625
3.22601e-007	-0.0180625
3.23101e-007	-0.0174375
3.23601e-007	-0.0174375
3.24101e-007	-0.0168125
3.24601e-007	-0.01775
3.25101e-007	-0.0174375
3.25601e-007	-0.0168125
3.26101e-007	-0.017125
3.26601e-007	-0.0168125
3.27101e-007	-0.0161875
3.27601e-007	-0.017125
3.28101e-007	-0.0165
3.28601e-007	-0.0161875
3.29101e-007	-0.015875
3.29601e-007	-0.0168125
3.30101e-007	-0.017125
3.30601e-007	-0.0174375
3.31101e-007	-0.017125
3.31601e-007	-0.017125
3.32101e-007	-0.0168125
3.32601e-007	-0.01775
3.33101e-007	-0.0174375
3.33601e-007	-0.017125
3.34101e-007	-0.017125
3.34601e-007	-0.017125
3.35101e-007	-0.0165
3.35601e-007	-0.0161875
3.36101e-007	-0.0165
3.36601e-007	-0.0161875
3.37101e-007	-0.0165
3.37601e-007	-0.0161875
3.38101e-007	-0.015875
3.38601e-007	-0.015875
3.39101e-007	-0.015875
3.39601e-007	-0.015875
3.40101e-007	-0.0161875
3.40601e-007	-0.0165
3.41101e-007	-0.0165
3.41601e-007	-0.0161875
3.42101e-007	-0.017125
3.42601e-007	-0.017125
3.43101e-007	-0.017125
3.43601e-007	-0.015875
3.44101e-007	-0.015875
3.44601e-007	-0.0168125
3.45101e-007	-0.0161875
3.45601e-007	-0.0165
3.46101e-007	-0.0161875
3.46601e-007	-0.015875
3.47101e-007	-0.0161875
3.47601e-007	-0.015875
3.48101e-007	-0.015875
3.48601e-007	-0.0165
3.49101e-007	-0.015875
3.49601e-007	-0.0155625
3.50101e-007	-0.0155625
3.50601e-007	-0.015875
3.51101e-007	-0.015875
3.51601e-007	-0.015875
3.52101e-007	-0.015875
3.52601e-007	-0.015875
3.53101e-007	-0.015875
3.53601e-007	-0.0155625
3.54101e-007	-0.0161875
3.54601e-007	-0.0161875
3.55101e-007	-0.01525
3.55601e-007	-0.01525
3.56101e-007	-0.0161875
3.56601e-007	-0.015875
3.57101e-007	-0.015875
3.57601e-007	-0.01525
3.58101e-007	-0.0161875
3.58601e-007	-0.015875
3.59101e-007	-0.015875
3.59601e-007	-0.0155625
3.60101e-007	-0.0149375
3.60601e-007	-0.0143125
3.61101e-007	-0.0149375
3.61601e-007	-0.0149375
3.62101e-007	-0.0155625
3.62601e-007	-0.0149375
3.63101e-007	-0.0143125
3.63601e-007	-0.014625
3.64101e-007	-0.01525
3.64601e-007	-0.0161875
3.65101e-007	-0.014625
3.65601e-007	-0.0149375
3.66101e-007	-0.01525
3.66601e-007	-0.015875
3.67101e-007	-0.0161875
3.67601e-007	-0.0161875
3.68101e-007	-0.0165
3.68601e-007	-0.015875
3.69101e-007	-0.0149375
3.69601e-007	-0.014625
3.70101e-007	-0.014625
3.70601e-007	-0.01525
3.71101e-007	-0.0143125
3.71601e-007	-0.0143125
3.72101e-007	-0.0143125
3.72601e-007	-0.0143125
3.73101e-007	-0.014
3.73601e-007	-0.0143125
3.74101e-007	-0.0143125
3.74601e-007	-0.0143125
3.75101e-007	-0.0143125
3.75601e-007	-0.01525
3.76101e-007	-0.01525
3.76601e-007	-0.0155625
3.77101e-007	-0.0155625
3.77601e-007	-0.01525
3.78101e-007	-0.015875
3.78601e-007	-0.0155625
3.79101e-007	-0.01525
3.79601e-007	-0.014625
3.80101e-007	-0.0149375
3.80601e-007	-0.014625
3.81101e-007	-0.0136875
3.81601e-007	-0.0143125
3.82101e-007	-0.0136875
3.82601e-007	-0.01275
3.83101e-007	-0.01275
3.83601e-007	-0.0130625
3.84101e-007	-0.013375
3.84601e-007	-0.014
3.85101e-007	-0.0136875
3.85601e-007	-0.0143125
3.86101e-007	-0.01525
3.86601e-007	-0.0155625
3.87101e-007	-0.014625
3.87601e-007	-0.01525
3.88101e-007	-0.0161875
3.88601e-007	-0.0149375
3.89101e-007	-0.01525
3.89601e-007	-0.01525
3.90101e-007	-0.014
3.90601e-007	-0.014
3.91101e-007	-0.013375
3.91601e-007	-0.0130625
3.92101e-007	-0.01275
3.92601e-007	-0.0130625
3.93101e-007	-0.0124375
3.93601e-007	-0.01275
3.94101e-007	-0.0130625
3.94601e-007	-0.0130625
3.95101e-007	-0.0130625
3.95601e-007	-0.014
3.96101e-007	-0.014625
3.96601e-007	-0.0149375
3.97101e-007	-0.0149375
3.97601e-007	-0.0149375
3.98101e-007	-0.015875
3.98601e-007	-0.0149375
3.99101e-007	-0.014625
3.99601e-007	-0.014
4.00101e-007	-0.0136875
4.00601e-007	-0.0136875
4.01101e-007	-0.01275
4.01601e-007	-0.01275
4.02101e-007	-0.0124375
4.02601e-007	-0.0124375
4.03101e-007	-0.012125
4.03601e-007	-0.012125
4.04101e-007	-0.012125
4.04601e-007	-0.01275
4.05101e-007	-0.01275
4.05601e-007	-0.0130625
4.06101e-007	-0.0136875
4.06601e-007	-0.0149375
4.07101e-007	-0.014625
4.07601e-007	-0.0143125
4.08101e-007	-0.0149375
4.08601e-007	-0.0149375
4.09101e-007	-0.014625
4.09601e-007	-0.0143125
4.10101e-007	-0.014
4.10601e-007	-0.0136875
4.11101e-007	-0.01275
4.11601e-007	-0.012125
4.12101e-007	-0.0118125
4.12601e-007	-0.012125
4.13101e-007	-0.0118125
4.13601e-007	-0.012125
4.14101e-007	-0.0124375
4.14601e-007	-0.01275
4.15101e-007	-0.01275
4.15601e-007	-0.01275
4.16101e-007	-0.014
4.16601e-007	-0.0149375
4.17101e-007	-0.014625
4.17601e-007	-0.0149375
4.18101e-007	-0.014
4.18601e-007	-0.0143125
4.19101e-007	-0.0143125
4.19601e-007	-0.0136875
4.20101e-007	-0.01275
4.20601e-007	-0.0130625
4.21101e-007	-0.01275
4.21601e-007	-0.012125
4.22101e-007	-0.0115
4.22601e-007	-0.0115
4.23101e-007	-0.010875
4.23601e-007	-0.0115
4.24101e-007	-0.012125
4.24601e-007	-0.01275
4.25101e-007	-0.0124375
4.25601e-007	-0.01275
4.26101e-007	-0.0136875
4.26601e-007	-0.014
4.27101e-007	-0.0143125
4.27601e-007	-0.0136875
4.28101e-007	-0.0136875
4.28601e-007	-0.0136875
4.29101e-007	-0.0136875
4.29601e-007	-0.0130625
4.30101e-007	-0.01275
4.30601e-007	-0.0130625
4.31101e-007	-0.012125
4.31601e-007	-0.0118125
4.32101e-007	-0.0111875
4.32601e-007	-0.0111875
4.33101e-007	-0.010875
4.33601e-007	-0.0111875
4.34101e-007	-0.0115
4.34601e-007	-0.0124375
4.35101e-007	-0.012125
4.35601e-007	-0.0130625
4.36101e-007	-0.0136875
4.36601e-007	-0.013375
4.37101e-007	-0.013375
4.37601e-007	-0.0136875
4.38101e-007	-0.013375
4.38601e-007	-0.013375
4.39101e-007	-0.01275
4.39601e-007	-0.01275
4.40101e-007	-0.0124375
4.40601e-007	-0.012125
4.41101e-007	-0.0111875
4.41601e-007	-0.010875
4.42101e-007	-0.0115
4.42601e-007	-0.0111875
4.43101e-007	-0.0105625
4.43601e-007	-0.010875
4.44101e-007	-0.0111875
4.44601e-007	-0.012125
4.45101e-007	-0.012125
4.45601e-007	-0.0124375
4.46101e-007	-0.013375
4.46601e-007	-0.0136875
4.47101e-007	-0.013375
4.47601e-007	-0.0130625
4.48101e-007	-0.01275
4.48601e-007	-0.0130625
4.49101e-007	-0.0124375
4.49601e-007	-0.0124375
4.50101e-007	-0.0118125
4.50601e-007	-0.010875
4.51101e-007	-0.0105625
4.51601e-007	-0.0105625
4.52101e-007	-0.0105625
4.52601e-007	-0.0105625
4.53101e-007	-0.01025
4.53601e-007	-0.0105625
4.54101e-007	-0.0111875
4.54601e-007	-0.0115
4.55101e-007	-0.0111875
4.55601e-007	-0.012125
4.56101e-007	-0.013375
4.56601e-007	-0.0136875
4.57101e-007	-0.0136875
4.57601e-007	-0.0130625
4.58101e-007	-0.01275
4.58601e-007	-0.0130625
4.59101e-007	-0.012125
4.59601e-007	-0.0115
4.60101e-007	-0.0111875
4.60601e-007	-0.0111875
4.61101e-007	-0.010875
4.61601e-007	-0.0099375
4.62101e-007	-0.0099375
4.62601e-007	-0.01025
4.63101e-007	-0.0099375
4.63601e-007	-0.01025
4.64101e-007	-0.01025
4.64601e-007	-0.0118125
4.65101e-007	-0.0115
4.65601e-007	-0.012125
4.66101e-007	-0.0124375
4.66601e-007	-0.0130625
4.67101e-007	-0.01275
4.67601e-007	-0.01275
4.68101e-007	-0.012125
4.68601e-007	-0.0124375
4.69101e-007	-0.0115
4.69601e-007	-0.0111875
4.70101e-007	-0.0111875
4.70601e-007	-0.010875
4.71101e-007	-0.01025
4.71601e-007	-0.0099375
4.72101e-007	-0.0099375
4.72601e-007	-0.0093125
4.73101e-007	-0.0099375
4.73601e-007	-0.009625
4.74101e-007	-0.009625
4.74601e-007	-0.0105625
4.75101e-007	-0.0111875
4.75601e-007	-0.010875
4.76101e-007	-0.0118125
4.76601e-007	-0.01275
4.77101e-007	-0.0124375
4.77601e-007	-0.0124375
4.78101e-007	-0.012125
4.78601e-007	-0.01275
4.79101e-007	-0.0118125
4.79601e-007	-0.010875
4.80101e-007	-0.0105625
4.80601e-007	-0.010875
4.81101e-007	-0.01025
4.81601e-007	-0.0099375
4.82101e-007	-0.0099375
4.82601e-007	-0.0099375
4.83101e-007	-0.009625
4.83601e-007	-0.009625
4.84101e-007	-0.009625
4.84601e-007	-0.0093125
4.85101e-007	-0.009625
4.85601e-007	-0.0105625
4.86101e-007	-0.010875
4.86601e-007	-0.0118125
4.87101e-007	-0.0111875
4.87601e-007	-0.0111875
4.88101e-007	-0.0111875
4.88601e-007	-0.0118125
4.89101e-007	-0.0111875
4.89601e-007	-0.0111875
4.90101e-007	-0.010875
4.90601e-007	-0.0099375
4.91101e-007	-0.009625
4.91601e-007	-0.009625
4.92101e-007	-0.009625
4.92601e-007	-0.0086875
4.93101e-007	-0.009
4.93601e-007	-0.009625
4.94101e-007	-0.0099375
4.94601e-007	-0.0093125
4.95101e-007	-0.009625
4.95601e-007	-0.0105625
4.96101e-007	-0.010875
4.96601e-007	-0.0105625
4.97101e-007	-0.010875
4.97601e-007	-0.0105625
4.98101e-007	-0.010875
4.98601e-007	-0.0115
4.99101e-007	-0.0111875
4.99601e-007	-0.0111875
5.00101e-007	-0.0099375
5.00601e-007	-0.009625
5.01101e-007	-0.01025
5.01601e-007	-0.0093125
5.02101e-007	-0.0086875
5.02601e-007	-0.0086875
5.03101e-007	-0.0086875
5.03601e-007	-0.0086875
5.04101e-007	-0.0086875
5.04601e-007	-0.0093125
5.05101e-007	-0.009
5.05601e-007	-0.0099375
5.06101e-007	-0.0105625
5.06601e-007	-0.0099375
5.07101e-007	-0.010875
5.07601e-007	-0.010875
5.08101e-007	-0.01025
5.08601e-007	-0.0105625
5.09101e-007	-0.010875
5.09601e-007	-0.010875
5.10101e-007	-0.0099375
5.10601e-007	-0.0099375
5.11101e-007	-0.009625
5.11601e-007	-0.009
5.12101e-007	-0.0093125
5.12601e-007	-0.0093125
5.13101e-007	-0.0086875
5.13601e-007	-0.0086875
5.14101e-007	-0.0093125
5.14601e-007	-0.0086875
5.15101e-007	-0.0093125
5.15601e-007	-0.009625
5.16101e-007	-0.0099375
5.16601e-007	-0.0099375
5.17101e-007	-0.0105625
5.17601e-007	-0.009625
5.18101e-007	-0.0105625
5.18601e-007	-0.01025
5.19101e-007	-0.0105625
5.19601e-007	-0.0099375
5.20101e-007	-0.009625
5.20601e-007	-0.009625
5.21101e-007	-0.0099375
5.21601e-007	-0.0086875
5.22101e-007	-0.0086875
5.22601e-007	-0.008375
5.23101e-007	-0.0086875
5.23601e-007	-0.0086875
5.24101e-007	-0.008375
5.24601e-007	-0.009
5.25101e-007	-0.009625
5.25601e-007	-0.0099375
5.26101e-007	-0.0099375
5.26601e-007	-0.0099375
5.27101e-007	-0.0099375
5.27601e-007	-0.01025
5.28101e-007	-0.009625
5.28601e-007	-0.01025
5.29101e-007	-0.0093125
5.29601e-007	-0.009
5.30101e-007	-0.009625
5.30601e-007	-0.0093125
5.31101e-007	-0.0086875
5.31601e-007	-0.0080625
5.32101e-007	-0.00775
5.32601e-007	-0.008375
5.33101e-007	-0.008375
5.33601e-007	-0.0080625
5.34101e-007	-0.008375
5.34601e-007	-0.0086875
5.35101e-007	-0.009625
5.35601e-007	-0.0099375
5.36101e-007	-0.009625
5.36601e-007	-0.009625
5.37101e-007	-0.0099375
5.37601e-007	-0.0105625
5.38101e-007	-0.01025
5.38601e-007	-0.009
5.39101e-007	-0.0099375
5.39601e-007	-0.0093125
5.40101e-007	-0.0093125
5.40601e-007	-0.009
5.41101e-007	-0.008375
5.41601e-007	-0.00775
5.42101e-007	-0.00775
5.42601e-007	-0.0074375
5.43101e-007	-0.008375
5.43601e-007	-0.008375
5.44101e-007	-0.00775
5.44601e-007	-0.00775
5.45101e-007	-0.0093125
5.45601e-007	-0.009
5.46101e-007	-0.009625
5.46601e-007	-0.0105625
5.47101e-007	-0.009625
5.47601e-007	-0.0093125
5.48101e-007	-0.0099375
5.48601e-007	-0.01025
5.49101e-007	-0.009625
5.49601e-007	-0.0086875
5.50101e-007	-0.0093125
5.50601e-007	-0.009
5.51101e-007	-0.0074375
5.51601e-007	-0.007125
5.52101e-007	-0.0074375
5.52601e-007	-0.0080625
5.53101e-007	-0.007125
5.53601e-007	-0.007125
5.54101e-007	-0.0080625
5.54601e-007	-0.008375
5.55101e-007	-0.009
5.55601e-007	-0.009
5.56101e-007	-0.009
5.56601e-007	-0.0093125
5.57101e-007	-0.009625
5.57601e-007	-0.0093125
5.58101e-007	-0.009625
5.58601e-007	-0.009
5.59101e-007	-0.0093125
5.59601e-007	-0.009
5.60101e-007	-0.009
5.60601e-007	-0.0080625
5.61101e-007	-0.008375
5.61601e-007	-0.0080625
5.62101e-007	-0.00775
5.62601e-007	-0.0074375
5.63101e-007	-0.0074375
5.63601e-007	-0.00775
5.64101e-007	-0.0080625
5.64601e-007	-0.00775
5.65101e-007	-0.008375
5.65601e-007	-0.0086875
5.66101e-007	-0.009
5.66601e-007	-0.008375
5.67101e-007	-0.009
5.67601e-007	-0.009625
5.68101e-007	-0.0093125
5.68601e-007	-0.009
5.69101e-007	-0.0086875
5.69601e-007	-0.008375
5.70101e-007	-0.0086875
5.70601e-007	-0.008375
5.71101e-007	-0.00775
5.71601e-007	-0.0086875
5.72101e-007	-0.00775
5.72601e-007	-0.00775
5.73101e-007	-0.0074375
5.73601e-007	-0.007125
5.74101e-007	-0.0068125
5.74601e-007	-0.0074375
5.75101e-007	-0.0080625
5.75601e-007	-0.0080625
5.76101e-007	-0.0080625
5.76601e-007	-0.008375
5.77101e-007	-0.0086875
5.77601e-007	-0.008375
5.78101e-007	-0.0080625
5.78601e-007	-0.00775
5.79101e-007	-0.0086875
5.79601e-007	-0.0080625
5.80101e-007	-0.0080625
5.80601e-007	-0.00775
5.81101e-007	-0.008375
5.81601e-007	-0.0080625
5.82101e-007	-0.0074375
5.82601e-007	-0.0080625
5.83101e-007	-0.0080625
5.83601e-007	-0.007125
5.84101e-007	-0.0074375
5.84601e-007	-0.0074375
5.85101e-007	-0.0080625
5.85601e-007	-0.0080625
5.86101e-007	-0.007125
5.86601e-007	-0.0074375
5.87101e-007	-0.008375
5.87601e-007	-0.0080625
5.88101e-007	-0.00775
5.88601e-007	-0.0080625
5.89101e-007	-0.00775
5.89601e-007	-0.007125
5.90101e-007	-0.0080625
5.90601e-007	-0.008375
5.91101e-007	-0.0080625
5.91601e-007	-0.00775
5.92101e-007	-0.007125
5.92601e-007	-0.0080625
5.93101e-007	-0.0086875
5.93601e-007	-0.00775
5.94101e-007	-0.007125
5.94601e-007	-0.00775
5.95101e-007	-0.0074375
5.95601e-007	-0.0074375
5.96101e-007	-0.007125
5.96601e-007	-0.007125
5.97101e-007	-0.00775
5.97601e-007	-0.0074375
5.98101e-007	-0.007125
5.98601e-007	-0.0068125
5.99101e-007	-0.007125
5.99601e-007	-0.0074375
6.00101e-007	-0.007125
6.00601e-007	-0.0074375
6.01101e-007	-0.0080625
6.01601e-007	-0.007125
6.02101e-007	-0.0080625
6.02601e-007	-0.0080625
6.03101e-007	-0.008375
6.03601e-007	-0.00775
6.04101e-007	-0.0080625
6.04601e-007	-0.00775
6.05101e-007	-0.0074375
6.05601e-007	-0.0074375
6.06101e-007	-0.00775
6.06601e-007	-0.007125
6.07101e-007	-0.0068125
6.07601e-007	-0.0068125
6.08101e-007	-0.007125
6.08601e-007	-0.007125
6.09101e-007	-0.007125
6.09601e-007	-0.0065
6.10101e-007	-0.0061875
6.10601e-007	-0.007125
6.11101e-007	-0.0074375
6.11601e-007	-0.0080625
6.12101e-007	-0.008375
6.12601e-007	-0.008375
6.13101e-007	-0.0080625
6.13601e-007	-0.0080625
6.14101e-007	-0.0080625
6.14601e-007	-0.0080625
6.15101e-007	-0.007125
6.15601e-007	-0.0068125
6.16101e-007	-0.0068125
6.16601e-007	-0.0068125
6.17101e-007	-0.005875
6.17601e-007	-0.0055625
6.18101e-007	-0.0061875
6.18601e-007	-0.005875
6.19101e-007	-0.0061875
6.19601e-007	-0.0065
6.20101e-007	-0.0061875
6.20601e-007	-0.007125
6.21101e-007	-0.0080625
6.21601e-007	-0.00775
6.22101e-007	-0.0080625
6.22601e-007	-0.0080625
6.23101e-007	-0.009
6.23601e-007	-0.0080625
6.24101e-007	-0.0074375
6.24601e-007	-0.007125
6.25101e-007	-0.007125
6.25601e-007	-0.0068125
6.26101e-007	-0.0061875
6.26601e-007	-0.0061875
6.27101e-007	-0.0065
6.27601e-007	-0.005875
6.28101e-007	-0.005875
6.28601e-007	-0.005875
6.29101e-007	-0.0061875
6.29601e-007	-0.0061875
6.30101e-007	-0.0065
6.30601e-007	-0.007125
6.31101e-007	-0.0074375
6.31601e-007	-0.00775
6.32101e-007	-0.007125
6.32601e-007	-0.007125
6.33101e-007	-0.0080625
6.33601e-007	-0.0074375
6.34101e-007	-0.0068125
6.34601e-007	-0.0068125
6.35101e-007	-0.0061875
6.35601e-007	-0.0065
6.36101e-007	-0.0065
6.36601e-007	-0.0061875
6.37101e-007	-0.0055625
6.37601e-007	-0.005875
6.38101e-007	-0.0061875
6.38601e-007	-0.0061875
6.39101e-007	-0.0065
6.39601e-007	-0.0068125
6.40101e-007	-0.0068125
6.40601e-007	-0.0068125
6.41101e-007	-0.0074375
6.41601e-007	-0.00775
6.42101e-007	-0.008375
6.42601e-007	-0.0074375
6.43101e-007	-0.007125
6.43601e-007	-0.0061875
6.44101e-007	-0.0065
6.44601e-007	-0.0061875
6.45101e-007	-0.0065
6.45601e-007	-0.0055625
6.46101e-007	-0.0049375
6.46601e-007	-0.00525
6.47101e-007	-0.00525
6.47601e-007	-0.0049375
6.48101e-007	-0.0061875
6.48601e-007	-0.0061875
6.49101e-007	-0.0061875
6.49601e-007	-0.0061875
6.50101e-007	-0.0065
6.50601e-007	-0.0074375
6.51101e-007	-0.00775
6.51601e-007	-0.007125
6.52101e-007	-0.007125
6.52601e-007	-0.0074375
6.53101e-007	-0.007125
6.53601e-007	-0.0061875
6.54101e-007	-0.0061875
6.54601e-007	-0.0061875
6.55101e-007	-0.0049375
6.55601e-007	-0.0049375
6.56101e-007	-0.0049375
6.56601e-007	-0.0055625
6.57101e-007	-0.0055625
6.57601e-007	-0.00525
6.58101e-007	-0.005875
6.58601e-007	-0.0068125
6.59101e-007	-0.0061875
6.59601e-007	-0.0068125
6.60101e-007	-0.0074375
6.60601e-007	-0.007125
6.61101e-007	-0.0068125
6.61601e-007	-0.0074375
6.62101e-007	-0.007125
6.62601e-007	-0.0065
6.63101e-007	-0.0074375
6.63601e-007	-0.0061875
6.64101e-007	-0.0055625
6.64601e-007	-0.0049375
6.65101e-007	-0.0043125
6.65601e-007	-0.004625
6.66101e-007	-0.004625
6.66601e-007	-0.004625
6.67101e-007	-0.0049375
6.67601e-007	-0.00525
6.68101e-007	-0.0061875
6.68601e-007	-0.00525
6.69101e-007	-0.005875
6.69601e-007	-0.0074375
6.70101e-007	-0.0074375
6.70601e-007	-0.0065
6.71101e-007	-0.0065
6.71601e-007	-0.0074375
6.72101e-007	-0.00775
6.72601e-007	-0.0065
6.73101e-007	-0.005875
6.73601e-007	-0.005875
6.74101e-007	-0.0049375
6.74601e-007	-0.004625
6.75101e-007	-0.004
6.75601e-007	-0.0049375
6.76101e-007	-0.0043125
6.76601e-007	-0.004
6.77101e-007	-0.0043125
6.77601e-007	-0.004625
6.78101e-007	-0.005875
6.78601e-007	-0.0068125
6.79101e-007	-0.0065
6.79601e-007	-0.0068125
6.80101e-007	-0.0068125
6.80601e-007	-0.0068125
6.81101e-007	-0.0065
6.81601e-007	-0.007125
6.82101e-007	-0.0065
6.82601e-007	-0.0055625
6.83101e-007	-0.0061875
6.83601e-007	-0.0055625
6.84101e-007	-0.0049375
6.84601e-007	-0.004625
6.85101e-007	-0.004625
6.85601e-007	-0.004625
6.86101e-007	-0.004
6.86601e-007	-0.004625
6.87101e-007	-0.0049375
6.87601e-007	-0.0049375
6.88101e-007	-0.005875
6.88601e-007	-0.005875
6.89101e-007	-0.007125
6.89601e-007	-0.0068125
6.90101e-007	-0.0068125
6.90601e-007	-0.007125
6.91101e-007	-0.0061875
6.91601e-007	-0.0061875
6.92101e-007	-0.005875
6.92601e-007	-0.0055625
6.93101e-007	-0.0061875
6.93601e-007	-0.0049375
6.94101e-007	-0.0049375
6.94601e-007	-0.004625
6.95101e-007	-0.0036875
6.95601e-007	-0.004625
6.96101e-007	-0.004625
6.96601e-007	-0.00525
6.97101e-007	-0.0055625
6.97601e-007	-0.0049375
6.98101e-007	-0.0055625
6.98601e-007	-0.0068125
6.99101e-007	-0.007125
6.99601e-007	-0.007125
7.00101e-007	-0.0065
7.00601e-007	-0.0068125
7.01101e-007	-0.0055625
7.01601e-007	-0.0055625
7.02101e-007	-0.00525
7.02601e-007	-0.0049375
7.03101e-007	-0.0055625
7.03601e-007	-0.004625
7.04101e-007	-0.0043125
7.04601e-007	-0.004
7.05101e-007	-0.0043125
7.05601e-007	-0.0049375
7.06101e-007	-0.0036875
7.06601e-007	-0.0049375
7.07101e-007	-0.0049375
7.07601e-007	-0.00525
7.08101e-007	-0.0065
7.08601e-007	-0.0065
7.09101e-007	-0.007125
7.09601e-007	-0.005875
7.10101e-007	-0.005875
7.10601e-007	-0.0061875
7.11101e-007	-0.00525
7.11601e-007	-0.0061875
7.12101e-007	-0.0049375
7.12601e-007	-0.004
7.13101e-007	-0.0049375
7.13601e-007	-0.004
7.14101e-007	-0.0036875
7.14601e-007	-0.0036875
7.15101e-007	-0.0043125
7.15601e-007	-0.004625
7.16101e-007	-0.004
7.16601e-007	-0.0055625
7.17101e-007	-0.0055625
7.17601e-007	-0.0055625
7.18101e-007	-0.005875
7.18601e-007	-0.0055625
7.19101e-007	-0.0068125
7.19601e-007	-0.0065
7.20101e-007	-0.0055625
7.20601e-007	-0.0055625
7.21101e-007	-0.0049375
7.21601e-007	-0.00525
7.22101e-007	-0.004625
7.22601e-007	-0.004
7.23101e-007	-0.0043125
7.23601e-007	-0.0036875
7.24101e-007	-0.003375
7.24601e-007	-0.0030625
7.25101e-007	-0.004625
7.25601e-007	-0.00525
7.26101e-007	-0.0049375
7.26601e-007	-0.0055625
7.27101e-007	-0.0061875
7.27601e-007	-0.0055625
7.28101e-007	-0.0055625
7.28601e-007	-0.00525
7.29101e-007	-0.0065
7.29601e-007	-0.005875
7.30101e-007	-0.005875
7.30601e-007	-0.0055625
7.31101e-007	-0.0043125
7.31601e-007	-0.0049375
7.32101e-007	-0.0043125
7.32601e-007	-0.0043125
7.33101e-007	-0.004625
7.33601e-007	-0.003375
7.34101e-007	-0.0036875
7.34601e-007	-0.0043125
7.35101e-007	-0.0049375
7.35601e-007	-0.00525
7.36101e-007	-0.0049375
7.36601e-007	-0.00525
7.37101e-007	-0.0055625
7.37601e-007	-0.00525
7.38101e-007	-0.0055625
7.38601e-007	-0.0055625
7.39101e-007	-0.005875
7.39601e-007	-0.00525
7.40101e-007	-0.0049375
7.40601e-007	-0.0049375
7.41101e-007	-0.0049375
7.41601e-007	-0.0049375
7.42101e-007	-0.004
7.42601e-007	-0.004
7.43101e-007	-0.004
7.43601e-007	-0.004
7.44101e-007	-0.0043125
7.44601e-007	-0.0036875
7.45101e-007	-0.0036875
7.45601e-007	-0.0049375
7.46101e-007	-0.0049375
7.46601e-007	-0.005875
7.47101e-007	-0.00525
7.47601e-007	-0.0049375
7.48101e-007	-0.0049375
7.48601e-007	-0.0049375
7.49101e-007	-0.00525
7.49601e-007	-0.0049375
7.50101e-007	-0.004625
7.50601e-007	-0.0049375
7.51101e-007	-0.004
7.51601e-007	-0.004
7.52101e-007	-0.0030625
7.52601e-007	-0.0043125
7.53101e-007	-0.0043125
7.53601e-007	-0.004
7.54101e-007	-0.0043125
7.54601e-007	-0.004625
7.55101e-007	-0.0049375
7.55601e-007	-0.0049375
7.56101e-007	-0.0043125
7.56601e-007	-0.00525
7.57101e-007	-0.004625
7.57601e-007	-0.004625
7.58101e-007	-0.0049375
7.58601e-007	-0.004625
7.59101e-007	-0.0043125
7.59601e-007	-0.0043125
7.60101e-007	-0.0036875
7.60601e-007	-0.0036875
7.61101e-007	-0.003375
7.61601e-007	-0.0036875
7.62101e-007	-0.004
7.62601e-007	-0.0043125
7.63101e-007	-0.0049375
7.63601e-007	-0.0049375
7.64101e-007	-0.0049375
7.64601e-007	-0.0049375
7.65101e-007	-0.0049375
7.65601e-007	-0.004625
7.66101e-007	-0.004625
7.66601e-007	-0.00525
7.67101e-007	-0.0049375
7.67601e-007	-0.004625
7.68101e-007	-0.0036875
7.68601e-007	-0.003375
7.69101e-007	-0.0030625
7.69601e-007	-0.003375
7.70101e-007	-0.0036875
7.70601e-007	-0.0030625
7.71101e-007	-0.003375
7.71601e-007	-0.004
7.72101e-007	-0.0036875
7.72601e-007	-0.004
7.73101e-007	-0.004
7.73601e-007	-0.0049375
7.74101e-007	-0.004625
7.74601e-007	-0.0043125
7.75101e-007	-0.00525
7.75601e-007	-0.0049375
7.76101e-007	-0.0049375
7.76601e-007	-0.0049375
7.77101e-007	-0.0043125
7.77601e-007	-0.0043125
7.78101e-007	-0.003375
7.78601e-007	-0.0030625
7.79101e-007	-0.003375
7.79601e-007	-0.0036875
7.80101e-007	-0.0030625
7.80601e-007	-0.0018125
7.81101e-007	-0.0030625
7.81601e-007	-0.0043125
7.82101e-007	-0.004
7.82601e-007	-0.004
7.83101e-007	-0.004
7.83601e-007	-0.004625
7.84101e-007	-0.00525
7.84601e-007	-0.0049375
7.85101e-007	-0.00525
7.85601e-007	-0.0049375
7.86101e-007	-0.00525
7.86601e-007	-0.0049375
7.87101e-007	-0.0043125
7.87601e-007	-0.004625
7.88101e-007	-0.0043125
7.88601e-007	-0.003375
7.89101e-007	-0.00275
7.89601e-007	-0.0030625
7.90101e-007	-0.0030625
7.90601e-007	-0.002125
7.91101e-007	-0.0030625
7.91601e-007	-0.003375
7.92101e-007	-0.0030625
7.92601e-007	-0.004
7.93101e-007	-0.0043125
7.93601e-007	-0.00525
7.94101e-007	-0.0043125
7.94601e-007	-0.004625
7.95101e-007	-0.0043125
7.95601e-007	-0.004625
7.96101e-007	-0.004625
7.96601e-007	-0.004
7.97101e-007	-0.0036875
7.97601e-007	-0.004
7.98101e-007	-0.003375
7.98601e-007	-0.0036875
7.99101e-007	-0.00275
7.99601e-007	-0.002125
8.00101e-007	-0.0030625
8.00601e-007	-0.0030625
8.01101e-007	-0.00275
8.01601e-007	-0.0024375
8.02101e-007	-0.0030625
8.02601e-007	-0.0036875
8.03101e-007	-0.004
8.03601e-007	-0.0043125
8.04101e-007	-0.004625
8.04601e-007	-0.004
8.05101e-007	-0.0043125
8.05601e-007	-0.0043125
8.06101e-007	-0.004625
8.06601e-007	-0.004625
8.07101e-007	-0.004625
8.07601e-007	-0.0043125
8.08101e-007	-0.004
8.08601e-007	-0.0036875
8.09101e-007	-0.003375
8.09601e-007	-0.00275
8.10101e-007	-0.0030625
8.10601e-007	-0.0030625
8.11101e-007	-0.0030625
8.11601e-007	-0.0024375
8.12101e-007	-0.00275
8.12601e-007	-0.0036875
8.13101e-007	-0.0030625
8.13601e-007	-0.0036875
8.14101e-007	-0.0043125
8.14601e-007	-0.0049375
8.15101e-007	-0.004
8.15601e-007	-0.0036875
8.16101e-007	-0.003375
8.16601e-007	-0.0043125
8.17101e-007	-0.0043125
8.17601e-007	-0.0043125
8.18101e-007	-0.0043125
8.18601e-007	-0.003375
8.19101e-007	-0.0036875
8.19601e-007	-0.004
8.20101e-007	-0.0030625
8.20601e-007	-0.003375
8.21101e-007	-0.003375
8.21601e-007	-0.00275
8.22101e-007	-0.003375
8.22601e-007	-0.003375
8.23101e-007	-0.0030625
8.23601e-007	-0.0036875
8.24101e-007	-0.0043125
8.24601e-007	-0.0030625
8.25101e-007	-0.0030625
8.25601e-007	-0.004
8.26101e-007	-0.004
8.26601e-007	-0.0030625
8.27101e-007	-0.0030625
8.27601e-007	-0.003375
8.28101e-007	-0.0043125
8.28601e-007	-0.0036875
8.29101e-007	-0.003375
8.29601e-007	-0.0030625
8.30101e-007	-0.0036875
8.30601e-007	-0.0043125
8.31101e-007	-0.0036875
8.31601e-007	-0.003375
8.32101e-007	-0.0030625
8.32601e-007	-0.003375
8.33101e-007	-0.0036875
8.33601e-007	-0.0036875
8.34101e-007	-0.0036875
8.34601e-007	-0.0036875
8.35101e-007	-0.0030625
8.35601e-007	-0.003375
8.36101e-007	-0.0030625
8.36601e-007	-0.003375
8.37101e-007	-0.003375
8.37601e-007	-0.004
8.38101e-007	-0.0036875
8.38601e-007	-0.003375
8.39101e-007	-0.0036875
8.39601e-007	-0.0036875
8.40101e-007	-0.0036875
8.40601e-007	-0.003375
8.41101e-007	-0.003375
8.41601e-007	-0.004
8.42101e-007	-0.0036875
8.42601e-007	-0.0036875
8.43101e-007	-0.0036875
8.43601e-007	-0.003375
8.44101e-007	-0.0036875
8.44601e-007	-0.0036875
8.45101e-007	-0.0036875
8.45601e-007	-0.0036875
8.46101e-007	-0.0030625
8.46601e-007	-0.0030625
8.47101e-007	-0.0036875
8.47601e-007	-0.003375
8.48101e-007	-0.0030625
8.48601e-007	-0.0036875
8.49101e-007	-0.0036875
8.49601e-007	-0.0030625
8.50101e-007	-0.004
8.50601e-007	-0.003375
8.51101e-007	-0.0036875
8.51601e-007	-0.0036875
8.52101e-007	-0.0036875
8.52601e-007	-0.004
8.53101e-007	-0.003375
8.53601e-007	-0.003375
8.54101e-007	-0.0036875
8.54601e-007	-0.004625
8.55101e-007	-0.0043125
8.55601e-007	-0.0036875
8.56101e-007	-0.00275
8.56601e-007	-0.0030625
8.57101e-007	-0.003375
8.57601e-007	-0.0043125
8.58101e-007	-0.0030625
8.58601e-007	-0.0030625
8.59101e-007	-0.0030625
8.59601e-007	-0.00275
8.60101e-007	-0.00275
8.60601e-007	-0.0030625
8.61101e-007	-0.0030625
8.61601e-007	-0.0030625
8.62101e-007	-0.0024375
8.62601e-007	-0.003375
8.63101e-007	-0.003375
8.63601e-007	-0.0036875
8.64101e-007	-0.0036875
8.64601e-007	-0.0043125
8.65101e-007	-0.004625
8.65601e-007	-0.004
8.66101e-007	-0.0043125
8.66601e-007	-0.0043125
8.67101e-007	-0.004
8.67601e-007	-0.0030625
8.68101e-007	-0.0030625
8.68601e-007	-0.0030625
8.69101e-007	-0.00275
8.69601e-007	-0.0024375
8.70101e-007	-0.00275
8.70601e-007	-0.0024375
8.71101e-007	-0.0024375
8.71601e-007	-0.0011875
8.72101e-007	-0.00275
8.72601e-007	-0.0030625
8.73101e-007	-0.003375
8.73601e-007	-0.0036875
8.74101e-007	-0.0036875
8.74601e-007	-0.0043125
8.75101e-007	-0.0043125
8.75601e-007	-0.004625
8.76101e-007	-0.0049375
8.76601e-007	-0.0049375
8.77101e-007	-0.0043125
8.77601e-007	-0.0036875
8.78101e-007	-0.00275
8.78601e-007	-0.0030625
8.79101e-007	-0.0018125
8.79601e-007	-0.002125
8.80101e-007	-0.000875
8.80601e-007	-0.0015
8.81101e-007	-0.002125
8.81601e-007	-0.002125
8.82101e-007	-0.0018125
8.82601e-007	-0.0018125
8.83101e-007	-0.00275
8.83601e-007	-0.004
8.84101e-007	-0.0030625
8.84601e-007	-0.0043125
8.85101e-007	-0.00525
8.85601e-007	-0.00525
8.86101e-007	-0.0049375
8.86601e-007	-0.004625
8.87101e-007	-0.004625
8.87601e-007	-0.003375
8.88101e-007	-0.0036875
8.88601e-007	-0.003375
8.89101e-007	-0.002125
8.89601e-007	-0.0015
8.90101e-007	-0.0011875
8.90601e-007	-0.0005625
8.91101e-007	-0.000875
8.91601e-007	-0.00025
8.92101e-007	-0.002125
8.92601e-007	-0.0030625
8.93101e-007	-0.00275
8.93601e-007	-0.0024375
8.94101e-007	-0.0030625
8.94601e-007	-0.0049375
8.95101e-007	-0.0055625
8.95601e-007	-0.0049375
8.96101e-007	-0.004625
8.96601e-007	-0.0049375
8.97101e-007	-0.004625
8.97601e-007	-0.0030625
8.98101e-007	-0.0030625
8.98601e-007	-0.00275
8.99101e-007	-0.002125
8.99601e-007	-0.0018125
9.00101e-007	-0.00025
9.00601e-007	-0.0005625
9.01101e-007	-0.000875
9.01601e-007	-0.0018125
9.02101e-007	-0.0018125
9.02601e-007	-0.0024375
9.03101e-007	-0.00275
9.03601e-007	-0.0030625
9.04101e-007	-0.0030625
9.04601e-007	-0.0043125
9.05101e-007	-0.004625
9.05601e-007	-0.005875
9.06101e-007	-0.0049375
9.06601e-007	-0.004625
9.07101e-007	-0.0036875
9.07601e-007	-0.003375
9.08101e-007	-0.004
9.08601e-007	-0.00275
9.09101e-007	-0.002125
9.09601e-007	-0.0015
9.10101e-007	-0.000875
9.10601e-007	-0.000875
9.11101e-007	-0.0015
9.11601e-007	-0.0011875
9.12101e-007	-0.002125
9.12601e-007	-0.0018125
9.13101e-007	-0.0030625
9.13601e-007	-0.003375
9.14101e-007	-0.004
9.14601e-007	-0.0049375
9.15101e-007	-0.0043125
9.15601e-007	-0.004
9.16101e-007	-0.0043125
9.16601e-007	-0.0049375
9.17101e-007	-0.004625
9.17601e-007	-0.003375
9.18101e-007	-0.0024375
9.18601e-007	-0.0018125
9.19101e-007	-0.0011875
9.19601e-007	-0.0011875
9.20101e-007	-0.00025
9.20601e-007	-0.0018125
9.21101e-007	-0.0015
9.21601e-007	-0.002125
9.22101e-007	-0.002125
9.22601e-007	-0.00275
9.23101e-007	-0.00275
9.23601e-007	-0.003375
9.24101e-007	-0.0036875
9.24601e-007	-0.0043125
9.25101e-007	-0.0043125
9.25601e-007	-0.0043125
9.26101e-007	-0.0036875
9.26601e-007	-0.0043125
9.27101e-007	-0.003375
9.27601e-007	-0.00275
9.28101e-007	-0.0018125
9.28601e-007	-0.000875
9.29101e-007	-0.0015
9.29601e-007	-0.000875
9.30101e-007	-0.000875
9.30601e-007	-0.0005625
9.31101e-007	-0.0015
9.31601e-007	-0.0024375
9.32101e-007	-0.0030625
9.32601e-007	-0.0030625
9.33101e-007	-0.0036875
9.33601e-007	-0.0036875
9.34101e-007	-0.004625
9.34601e-007	-0.0036875
9.35101e-007	-0.004625
9.35601e-007	-0.0043125
9.36101e-007	-0.0036875
9.36601e-007	-0.003375
9.37101e-007	-0.00275
9.37601e-007	-0.0015
9.38101e-007	-0.0011875
9.38601e-007	-0.0015
9.39101e-007	-0.0005625
9.39601e-007	-0.0011875
9.40101e-007	-0.0011875
9.40601e-007	-0.0015
9.41101e-007	-0.0015
9.41601e-007	-0.0024375
9.42101e-007	-0.00275
9.42601e-007	-0.004
9.43101e-007	-0.003375
9.43601e-007	-0.004
9.44101e-007	-0.0043125
9.44601e-007	-0.004625
9.45101e-007	-0.0036875
9.45601e-007	-0.0036875
9.46101e-007	-0.00275
9.46601e-007	-0.0030625
9.47101e-007	-0.0018125
9.47601e-007	-0.0011875
9.48101e-007	-0.0011875
9.48601e-007	-0.0011875
9.49101e-007	-0.0011875
9.49601e-007	-0.00025
9.50101e-007	-0.000875
9.50601e-007	-0.0015
9.51101e-007	-0.002125
9.51601e-007	-0.0030625
9.52101e-007	-0.0030625
9.52601e-007	-0.003375
9.53101e-007	-0.004625
9.53601e-007	-0.004
9.54101e-007	-0.004625
9.54601e-007	-0.0043125
9.55101e-007	-0.0043125
9.55601e-007	-0.0036875
9.56101e-007	-0.003375
9.56601e-007	-0.0024375
9.57101e-007	-0.002125
9.57601e-007	-0.000875
9.58101e-007	-0.0011875
9.58601e-007	-0.000875
9.59101e-007	-0.0005625
9.59601e-007	-0.0005625
9.60101e-007	-0.0011875
9.60601e-007	-0.002125
9.61101e-007	-0.0015
9.61601e-007	-0.0024375
9.62101e-007	-0.0030625
9.62601e-007	-0.0043125
9.63101e-007	-0.0043125
9.63601e-007	-0.0043125
9.64101e-007	-0.004625
9.64601e-007	-0.004625
9.65101e-007	-0.0036875
9.65601e-007	-0.0036875
9.66101e-007	-0.0024375
9.66601e-007	-0.0018125
9.67101e-007	-0.0011875
9.67601e-007	-0.000875
9.68101e-007	-0.000875
9.68601e-007	-0.0005625
9.69101e-007	-0.000875
9.69601e-007	-0.0011875
9.70101e-007	-0.0015
9.70601e-007	-0.0018125
9.71101e-007	-0.0018125
9.71601e-007	-0.002125
9.72101e-007	-0.0030625
9.72601e-007	-0.0036875
9.73101e-007	-0.0049375
9.73601e-007	-0.0036875
9.74101e-007	-0.0043125
9.74601e-007	-0.003375
9.75101e-007	-0.003375
9.75601e-007	-0.003375
9.76101e-007	-0.00275
9.76601e-007	-0.002125
9.77101e-007	-0.0015
9.77601e-007	-0.0005625
9.78101e-007	-0.0015
9.78601e-007	-0.0015
9.79101e-007	-0.0024375
9.79601e-007	-0.0015
9.80101e-007	-0.0018125
9.80601e-007	-0.0024375
9.81101e-007	-0.002125
9.81601e-007	-0.00275
9.82101e-007	-0.0030625
9.82601e-007	-0.0043125
9.83101e-007	-0.0036875
9.83601e-007	-0.0036875
9.84101e-007	-0.0030625
9.84601e-007	-0.003375
9.85101e-007	-0.00275
9.85601e-007	-0.0030625
9.86101e-007	-0.002125
9.86601e-007	-0.002125
9.87101e-007	-0.0015
9.87601e-007	-0.002125
9.88101e-007	-0.002125
9.88601e-007	-0.0011875
9.89101e-007	-0.0011875
9.89601e-007	-0.0015
9.90101e-007	-0.002125
9.90601e-007	-0.00275
9.91101e-007	-0.0024375
9.91601e-007	-0.0024375
9.92101e-007	-0.0030625
9.92601e-007	-0.003375
9.93101e-007	-0.003375
9.93601e-007	-0.0024375
9.94101e-007	-0.0030625
9.94601e-007	-0.0030625
9.95101e-007	-0.0030625
9.95601e-007	-0.002125
9.96101e-007	-0.0018125
9.96601e-007	-0.000875
9.97101e-007	-0.0011875
9.97601e-007	-0.0011875
9.98101e-007	-0.0018125
9.98601e-007	-0.0018125
9.99101e-007	-0.0024375
9.99601e-007	-0.002125
1.000101e-006	-0.0024375
1.000601e-006	-0.0030625
1.001101e-006	-0.003375
1.001601e-006	-0.0030625
1.002101e-006	-0.003375
1.002601e-006	-0.0030625
1.003101e-006	-0.0030625
1.003601e-006	-0.0030625
1.004101e-006	-0.00275
1.004601e-006	-0.0024375
1.005101e-006	-0.0015
1.005601e-006	-0.0015
1.006101e-006	-0.0005625
1.006601e-006	-0.0011875
1.007101e-006	-0.0011875
1.007601e-006	-0.0011875
1.008101e-006	-0.0015
1.008601e-006	-0.002125
1.009101e-006	-0.0015
1.009601e-006	-0.0024375
1.010101e-006	-0.0024375
1.010601e-006	-0.0030625
1.011101e-006	-0.0030625
1.011601e-006	-0.0030625
1.012101e-006	-0.00275
1.012601e-006	-0.00275
1.013101e-006	-0.003375
1.013601e-006	-0.0030625
1.014101e-006	-0.002125
1.014601e-006	-0.0018125
1.015101e-006	-0.0015
1.015601e-006	-0.0011875
1.016101e-006	-0.0015
1.016601e-006	-0.0005625
1.017101e-006	-0.0011875
1.017601e-006	-0.000875
1.018101e-006	-0.0018125
1.018601e-006	-0.0018125
1.019101e-006	-0.002125
1.019601e-006	-0.00275
1.020101e-006	-0.003375
1.020601e-006	-0.0036875
1.021101e-006	-0.0036875
1.021601e-006	-0.0030625
1.022101e-006	-0.0036875
1.022601e-006	-0.0030625
1.023101e-006	-0.0030625
1.023601e-006	-0.0024375
1.024101e-006	-0.002125
1.024601e-006	-0.002125
1.025101e-006	-0.000875
1.025601e-006	-0.000875
1.026101e-006	-0.000875
1.026601e-006	-0.0005625
1.027101e-006	-0.000875
1.027601e-006	-0.000875
1.028101e-006	-0.000875
1.028601e-006	-0.0011875
1.029101e-006	-0.0015
1.029601e-006	-0.00275
1.030101e-006	-0.0024375
1.030601e-006	-0.003375
1.031101e-006	-0.0030625
1.031601e-006	-0.003375
1.032101e-006	-0.003375
1.032601e-006	-0.003375
1.033101e-006	-0.0030625
1.033601e-006	-0.0024375
1.034101e-006	-0.0015
1.034601e-006	-0.0018125
1.035101e-006	-0.0015
1.035601e-006	-0.0011875
1.036101e-006	-0.0015
1.036601e-006	-0.000875
1.037101e-006	-0.000875
1.037601e-006	-0.00025
1.038101e-006	-0.0011875
1.038601e-006	-0.0011875
1.039101e-006	-0.0011875
1.039601e-006	-0.002125
1.040101e-006	-0.002125
1.040601e-006	-0.0030625
1.041101e-006	-0.003375
1.041601e-006	-0.002125
1.042101e-006	-0.003375
1.042601e-006	-0.00275
1.043101e-006	-0.00275
1.043601e-006	-0.003375
1.044101e-006	-0.0024375
1.044601e-006	-0.002125
1.045101e-006	-0.0018125
1.045601e-006	-0.002125
1.046101e-006	-0.000875
1.046601e-006	-0.000875
1.047101e-006	-0.0018125
1.047601e-006	-0.0011875
1.048101e-006	-0.0005625
1.048601e-006	-0.0011875
1.049101e-006	-0.0011875
1.049601e-006	-0.0015
1.050101e-006	-0.0018125
1.050601e-006	-0.0024375
1.051101e-006	-0.00275
1.051601e-006	-0.0030625
1.052101e-006	-0.00275
1.052601e-006	-0.00275
1.053101e-006	-0.00275
1.053601e-006	-0.00275
1.054101e-006	-0.0030625
1.054601e-006	-0.003375
1.055101e-006	-0.002125
1.055601e-006	-0.0018125
1.056101e-006	-0.0011875
1.056601e-006	-0.0011875
1.057101e-006	-0.0015
1.057601e-006	-0.000875
1.058101e-006	-0.0011875
1.058601e-006	-0.000875
1.059101e-006	-0.0011875
1.059601e-006	-0.002125
1.060101e-006	-0.0011875
1.060601e-006	-0.0015
1.061101e-006	-0.0024375
1.061601e-006	-0.0024375
1.062101e-006	-0.00275
1.062601e-006	-0.0015
1.063101e-006	-0.0024375
1.063601e-006	-0.0024375
1.064101e-006	-0.00275
1.064601e-006	-0.0030625
1.065101e-006	-0.002125
1.065601e-006	-0.002125
1.066101e-006	-0.002125
1.066601e-006	-0.0015
1.067101e-006	-0.0015
1.067601e-006	6.25e-005
1.068101e-006	-0.0005625
1.068601e-006	-0.000875
1.069101e-006	-0.000875
1.069601e-006	-0.0018125
1.070101e-006	-0.0011875
1.070601e-006	-0.0018125
1.071101e-006	-0.0015
1.071601e-006	-0.0030625
1.072101e-006	-0.0024375
1.072601e-006	-0.002125
1.073101e-006	-0.00275
1.073601e-006	-0.002125
1.074101e-006	-0.0018125
1.074601e-006	-0.0024375
1.075101e-006	-0.0024375
1.075601e-006	-0.00275
1.076101e-006	-0.0011875
1.076601e-006	-0.0011875
1.077101e-006	-0.0015
1.077601e-006	-0.000875
1.078101e-006	-0.000875
1.078601e-006	-0.0005625
1.079101e-006	-0.002125
1.079601e-006	-0.0015
1.080101e-006	-0.0011875
1.080601e-006	-0.0011875
1.081101e-006	-0.002125
1.081601e-006	-0.00275
1.082101e-006	-0.002125
1.082601e-006	-0.0018125
1.083101e-006	-0.0030625
1.083601e-006	-0.002125
1.084101e-006	-0.0018125
1.084601e-006	-0.0018125
1.085101e-006	-0.00275
1.085601e-006	-0.0015
1.086101e-006	-0.000875
1.086601e-006	-0.000875
1.087101e-006	-0.0011875
1.087601e-006	-0.0011875
1.088101e-006	-0.000875
1.088601e-006	-0.000875
1.089101e-006	-0.0011875
1.089601e-006	-0.0018125
1.090101e-006	-0.0015
1.090601e-006	-0.002125
1.091101e-006	-0.0018125
1.091601e-006	-0.0024375
1.092101e-006	-0.0024375
1.092601e-006	-0.00275
1.093101e-006	-0.0018125
1.093601e-006	-0.0018125
1.094101e-006	-0.002125
1.094601e-006	-0.002125
1.095101e-006	-0.0011875
1.095601e-006	-0.0011875
1.096101e-006	-0.0005625
1.096601e-006	6.25e-005
1.097101e-006	-0.0011875
1.097601e-006	-0.0011875
1.098101e-006	-0.000875
1.098601e-006	-0.000875
1.099101e-006	-0.0018125
1.099601e-006	-0.002125
1.100101e-006	-0.0018125
1.100601e-006	-0.0018125
1.101101e-006	-0.0024375
1.101601e-006	-0.0024375
1.102101e-006	-0.0024375
1.102601e-006	-0.002125
1.103101e-006	-0.00275
1.103601e-006	-0.002125
1.104101e-006	-0.002125
1.104601e-006	-0.0015
1.105101e-006	-0.0018125
1.105601e-006	-0.0011875
1.106101e-006	-0.0015
1.106601e-006	-0.0018125
1.107101e-006	-0.0015
1.107601e-006	-0.0005625
1.108101e-006	-0.0005625
1.108601e-006	-0.0011875
1.109101e-006	-0.0018125
1.109601e-006	-0.0011875
1.110101e-006	-0.0015
1.110601e-006	-0.002125
1.111101e-006	-0.0024375
1.111601e-006	-0.00275
1.112101e-006	-0.00275
1.112601e-006	-0.00275
1.113101e-006	-0.002125
1.113601e-006	-0.002125
1.114101e-006	-0.0015
1.114601e-006	-0.0018125
1.115101e-006	-0.0015
1.115601e-006	-0.0015
1.116101e-006	-0.0005625
1.116601e-006	6.25e-005
1.117101e-006	-0.00025
1.117601e-006	-0.000875
1.118101e-006	-0.000875
1.118601e-006	-0.0011875
1.119101e-006	-0.0015
1.119601e-006	-0.0015
1.120101e-006	-0.0015
1.120601e-006	-0.0018125
1.121101e-006	-0.002125
1.121601e-006	-0.002125
1.122101e-006	-0.00275
1.122601e-006	-0.00275
1.123101e-006	-0.00275
1.123601e-006	-0.0024375
1.124101e-006	-0.002125
1.124601e-006	-0.0018125
1.125101e-006	-0.0024375
1.125601e-006	-0.000875
1.126101e-006	-0.0005625
1.126601e-006	-0.00025
1.127101e-006	-0.0011875
1.127601e-006	-0.000875
1.128101e-006	-0.0011875
1.128601e-006	-0.002125
1.129101e-006	-0.002125
1.129601e-006	-0.0018125
1.130101e-006	-0.002125
1.130601e-006	-0.002125
1.131101e-006	-0.0030625
1.131601e-006	-0.0030625
1.132101e-006	-0.00275
1.132601e-006	-0.0030625
1.133101e-006	-0.00275
1.133601e-006	-0.002125
1.134101e-006	-0.002125
1.134601e-006	-0.002125
1.135101e-006	-0.0015
1.135601e-006	-0.0011875
1.136101e-006	-0.0011875
1.136601e-006	-0.0011875
1.137101e-006	-0.0018125
1.137601e-006	-0.0011875
1.138101e-006	-0.000875
1.138601e-006	-0.0011875
1.139101e-006	-0.0015
1.139601e-006	-0.002125
1.140101e-006	-0.0024375
1.140601e-006	-0.002125
1.141101e-006	-0.0018125
1.141601e-006	-0.002125
1.142101e-006	-0.0024375
1.142601e-006	-0.0024375
1.143101e-006	-0.00275
1.143601e-006	-0.0024375
1.144101e-006	-0.002125
1.144601e-006	-0.002125
1.145101e-006	-0.002125
1.145601e-006	-0.0015
1.146101e-006	-0.0015
1.146601e-006	-0.0011875
1.147101e-006	-0.0015
1.147601e-006	-0.000875
1.148101e-006	-0.0018125
1.148601e-006	-0.0018125
1.149101e-006	-0.0018125
1.149601e-006	-0.002125
1.150101e-006	-0.002125
1.150601e-006	-0.0018125
1.151101e-006	-0.0024375
1.151601e-006	-0.002125
1.152101e-006	-0.00275
1.152601e-006	-0.0024375
1.153101e-006	-0.002125
1.153601e-006	-0.002125
1.154101e-006	-0.0018125
1.154601e-006	-0.0018125
1.155101e-006	-0.0011875
1.155601e-006	-0.0011875
1.156101e-006	-0.0015
1.156601e-006	-0.0018125
1.157101e-006	-0.0018125
1.157601e-006	-0.0015
1.158101e-006	-0.0018125
1.158601e-006	-0.0015
1.159101e-006	-0.0011875
1.159601e-006	-0.0024375
1.160101e-006	-0.0024375
1.160601e-006	-0.0030625
1.161101e-006	-0.002125
1.161601e-006	-0.0018125
1.162101e-006	-0.0024375
1.162601e-006	-0.002125
1.163101e-006	-0.002125
1.163601e-006	-0.0018125
1.164101e-006	-0.0018125
1.164601e-006	-0.0018125
1.165101e-006	-0.0015
1.165601e-006	-0.0011875
1.166101e-006	-0.0011875
1.166601e-006	-0.0011875
1.167101e-006	-0.0018125
1.167601e-006	-0.0011875
1.168101e-006	-0.0018125
1.168601e-006	-0.0015
1.169101e-006	-0.0018125
1.169601e-006	-0.0015
1.170101e-006	-0.0015
1.170601e-006	-0.0015
1.171101e-006	-0.0018125
1.171601e-006	-0.0018125
1.172101e-006	-0.0024375
1.172601e-006	-0.002125
1.173101e-006	-0.0024375
1.173601e-006	-0.0018125
1.174101e-006	-0.000875
1.174601e-006	-0.0011875
1.175101e-006	-0.0015
1.175601e-006	-0.0018125
1.176101e-006	-0.0011875
1.176601e-006	-0.000875
1.177101e-006	-0.000875
1.177601e-006	-0.0015
1.178101e-006	-0.0018125
1.178601e-006	-0.0018125
1.179101e-006	-0.0018125
1.179601e-006	-0.0015
1.180101e-006	-0.0011875
1.180601e-006	-0.002125
1.181101e-006	-0.0011875
1.181601e-006	-0.0011875
1.182101e-006	-0.0018125
1.182601e-006	-0.0011875
1.183101e-006	-0.0015
1.183601e-006	-0.0018125
1.184101e-006	-0.0015
1.184601e-006	-0.0011875
1.185101e-006	-0.0015
1.185601e-006	-0.002125
1.186101e-006	-0.000875
1.186601e-006	6.25e-005
1.187101e-006	-0.0011875
1.187601e-006	-0.000875
1.188101e-006	-0.0011875
1.188601e-006	-0.0011875
1.189101e-006	-0.0015
1.189601e-006	-0.0018125
1.190101e-006	-0.002125
1.190601e-006	-0.0018125
1.191101e-006	-0.0024375
1.191601e-006	-0.0018125
1.192101e-006	-0.0015
1.192601e-006	-0.0015
1.193101e-006	-0.0018125
1.193601e-006	-0.0015
1.194101e-006	-0.0015
1.194601e-006	-0.0011875
1.195101e-006	-0.0015
1.195601e-006	-0.0011875
1.196101e-006	-0.0015
1.196601e-006	-0.0018125
1.197101e-006	-0.0015
1.197601e-006	-0.0005625
1.198101e-006	-0.000875
1.198601e-006	-0.0018125
1.199101e-006	-0.0018125
1.199601e-006	-0.0011875
1.200101e-006	-0.0015
1.200601e-006	-0.002125
1.201101e-006	-0.0015
1.201601e-006	-0.0015
1.202101e-006	-0.0011875
1.202601e-006	-0.002125
1.203101e-006	-0.0018125
1.203601e-006	-0.0018125
1.204101e-006	-0.0015
1.204601e-006	-0.0015
1.205101e-006	-0.0018125
1.205601e-006	-0.0015
1.206101e-006	-0.000875
1.206601e-006	-0.000875
1.207101e-006	-0.0015
1.207601e-006	-0.000875
1.208101e-006	-0.000875
1.208601e-006	-0.0005625
1.209101e-006	-0.000875
1.209601e-006	-0.0005625
1.210101e-006	-0.0011875
1.210601e-006	-0.0015
1.211101e-006	-0.0018125
1.211601e-006	-0.0018125
1.212101e-006	-0.0018125
1.212601e-006	-0.000875
1.213101e-006	-0.0015
1.213601e-006	-0.0024375
1.214101e-006	-0.0024375
1.214601e-006	-0.0018125
1.215101e-006	-0.0015
1.215601e-006	-0.002125
1.216101e-006	-0.0018125
1.216601e-006	-0.0005625
1.217101e-006	-0.0011875
1.217601e-006	-0.0011875
1.218101e-006	-0.0011875
1.218601e-006	-0.000875
1.219101e-006	-0.0015
1.219601e-006	-0.0011875
1.220101e-006	-0.0005625
1.220601e-006	-0.0015
1.221101e-006	-0.002125
1.221601e-006	-0.002125
1.222101e-006	-0.0015
1.222601e-006	-0.0011875
1.223101e-006	-0.0018125
1.223601e-006	-0.0015
1.224101e-006	-0.0018125
1.224601e-006	-0.0024375
1.225101e-006	-0.0018125
1.225601e-006	-0.0015
1.226101e-006	-0.0018125
1.226601e-006	-0.0015
1.227101e-006	-0.002125
1.227601e-006	-0.0011875
1.228101e-006	-0.000875
1.228601e-006	-0.000875
1.229101e-006	-0.0011875
1.229601e-006	-0.0011875
1.230101e-006	-0.0015
1.230601e-006	-0.0015
1.231101e-006	-0.0011875
1.231601e-006	-0.0011875
1.232101e-006	-0.0018125
1.232601e-006	-0.0015
1.233101e-006	-0.0018125
1.233601e-006	-0.0018125
1.234101e-006	-0.0015
1.234601e-006	-0.0011875
1.235101e-006	-0.0011875
1.235601e-006	-0.0018125
1.236101e-006	-0.0018125
1.236601e-006	-0.0011875
1.237101e-006	-0.0015
1.237601e-006	-0.0018125
1.238101e-006	-0.0018125
1.238601e-006	-0.0011875
1.239101e-006	-0.000875
1.239601e-006	-0.0005625
1.240101e-006	-0.0005625
1.240601e-006	-0.0018125
1.241101e-006	-0.0015
1.241601e-006	-0.0011875
1.242101e-006	-0.0015
1.242601e-006	-0.0015
1.243101e-006	-0.0011875
1.243601e-006	-0.0015
1.244101e-006	-0.0018125
1.244601e-006	-0.0015
1.245101e-006	-0.000875
1.245601e-006	-0.0011875
1.246101e-006	-0.0011875
1.246601e-006	-0.0018125
1.247101e-006	-0.002125
1.247601e-006	-0.0018125
1.248101e-006	-0.0011875
1.248601e-006	-0.0015
1.249101e-006	-0.0015
1.249601e-006	-0.0015
1.250101e-006	-0.0015
1.250601e-006	-0.0015
1.251101e-006	-0.0015
1.251601e-006	-0.0018125
1.252101e-006	-0.0018125
1.252601e-006	-0.0011875
1.253101e-006	-0.0018125
1.253601e-006	-0.002125
1.254101e-006	-0.0018125
1.254601e-006	-0.000875
1.255101e-006	-0.000875
1.255601e-006	-0.0015
1.256101e-006	-0.0018125
1.256601e-006	-0.0015
1.257101e-006	-0.0018125
1.257601e-006	-0.0011875
1.258101e-006	-0.0011875
1.258601e-006	-0.000875
1.259101e-006	-0.0015
1.259601e-006	-0.0015
1.260101e-006	-0.0015
1.260601e-006	-0.0015
1.261101e-006	-0.0011875
1.261601e-006	-0.0015
1.262101e-006	-0.002125
1.262601e-006	-0.0015
1.263101e-006	-0.0011875
1.263601e-006	-0.000875
1.264101e-006	-0.0005625
1.264601e-006	-0.0011875
1.265101e-006	-0.0011875
1.265601e-006	-0.000875
1.266101e-006	-0.000875
1.266601e-006	-0.0011875
1.267101e-006	-0.0015
1.267601e-006	-0.0018125
1.268101e-006	-0.000875
1.268601e-006	-0.0011875
1.269101e-006	-0.0011875
1.269601e-006	-0.0011875
1.270101e-006	-0.0011875
1.270601e-006	-0.0011875
1.271101e-006	-0.0015
1.271601e-006	-0.0018125
1.272101e-006	-0.0018125
1.272601e-006	-0.000875
1.273101e-006	-0.0015
1.273601e-006	-0.0018125
1.274101e-006	-0.0011875
1.274601e-006	-0.0011875
1.275101e-006	-0.0015
1.275601e-006	-0.0018125
1.276101e-006	-0.0018125
1.276601e-006	-0.0011875
1.277101e-006	-0.0011875
1.277601e-006	-0.0011875
1.278101e-006	-0.0005625
1.278601e-006	-0.000875
1.279101e-006	-0.0015
1.279601e-006	-0.0018125
1.280101e-006	-0.0011875
1.280601e-006	-0.000875
1.281101e-006	-0.0011875
1.281601e-006	-0.000875
1.282101e-006	-0.0011875
1.282601e-006	-0.0018125
1.283101e-006	-0.0018125
1.283601e-006	-0.0015
1.284101e-006	-0.0018125
1.284601e-006	-0.0018125
1.285101e-006	-0.0011875
1.285601e-006	-0.0011875
1.286101e-006	-0.0018125
1.286601e-006	-0.0015
1.287101e-006	-0.00025
1.287601e-006	-0.00025
1.288101e-006	-0.0011875
1.288601e-006	-0.0005625
1.289101e-006	-0.000875
1.289601e-006	-0.0005625
1.290101e-006	-0.0005625
1.290601e-006	-0.0011875
1.291101e-006	-0.0011875
1.291601e-006	-0.0005625
1.292101e-006	-0.00025
1.292601e-006	-0.000875
1.293101e-006	-0.0024375
1.293601e-006	-0.0018125
1.294101e-006	-0.0015
1.294601e-006	-0.0024375
1.295101e-006	-0.0015
1.295601e-006	-0.0011875
1.296101e-006	-0.0005625
1.296601e-006	-0.0005625
1.297101e-006	-0.0015
1.297601e-006	-0.0011875
1.298101e-006	-0.0011875
1.298601e-006	-0.0005625
1.299101e-006	-0.0011875
1.299601e-006	-0.0005625
1.300101e-006	-0.00025
1.300601e-006	-0.0005625
1.301101e-006	-0.0005625
1.301601e-006	-0.0005625
1.302101e-006	-0.0011875
1.302601e-006	-0.0011875
1.303101e-006	-0.0011875
1.303601e-006	-0.0018125
1.304101e-006	-0.0018125
1.304601e-006	-0.0011875
1.305101e-006	-0.002125
1.305601e-006	-0.0024375
1.306101e-006	-0.0018125
1.306601e-006	-0.0011875
1.307101e-006	-0.0011875
1.307601e-006	-0.0015
1.308101e-006	-0.0015
1.308601e-006	-0.00025
1.309101e-006	-0.0005625
1.309601e-006	-0.000875
1.310101e-006	-0.00025
1.310601e-006	-0.0005625
1.311101e-006	-0.000875
1.311601e-006	-0.000875
1.312101e-006	-0.0005625
1.312601e-006	-0.000875
1.313101e-006	-0.0011875
1.313601e-006	-0.0011875
1.314101e-006	-0.0018125
1.314601e-006	-0.0024375
1.315101e-006	-0.002125
1.315601e-006	-0.0015
1.316101e-006	-0.0018125
1.316601e-006	-0.00275
1.317101e-006	-0.0018125
1.317601e-006	6.25e-005
1.318101e-006	-0.000875
1.318601e-006	-0.0011875
1.319101e-006	-0.0011875
1.319601e-006	-0.000875
1.320101e-006	-0.0005625
1.320601e-006	-0.0005625
1.321101e-006	-0.00025
1.321601e-006	-0.00025
1.322101e-006	-0.00025
1.322601e-006	-0.00025
1.323101e-006	-0.000875
1.323601e-006	-0.0005625
1.324101e-006	-0.000875
1.324601e-006	-0.0011875
1.325101e-006	-0.0011875
1.325601e-006	-0.0018125
1.326101e-006	-0.0024375
1.326601e-006	-0.0024375
1.327101e-006	-0.0015
1.327601e-006	-0.0018125
1.328101e-006	-0.0024375
1.328601e-006	-0.0015
1.329101e-006	-0.0011875
1.329601e-006	-0.0011875
1.330101e-006	-0.0011875
1.330601e-006	-0.0005625
1.331101e-006	6.25e-005
1.331601e-006	-0.0005625
1.332101e-006	-0.000875
1.332601e-006	-0.0005625
1.333101e-006	-0.0005625
1.333601e-006	-0.0005625
1.334101e-006	-0.0005625
1.334601e-006	-0.000875
1.335101e-006	-0.0015
1.335601e-006	-0.002125
1.336101e-006	-0.000875
1.336601e-006	-0.0015
1.337101e-006	-0.002125
1.337601e-006	-0.0024375
1.338101e-006	-0.0018125
1.338601e-006	-0.0005625
1.339101e-006	-0.0011875
1.339601e-006	-0.0018125
1.340101e-006	-0.0018125
1.340601e-006	-0.0015
1.341101e-006	-0.0005625
1.341601e-006	-0.00025
1.342101e-006	6.25e-005
1.342601e-006	-0.00025
1.343101e-006	-0.0005625
1.343601e-006	-0.00025
1.344101e-006	-0.0005625
1.344601e-006	-0.000875
1.345101e-006	-0.0005625
1.345601e-006	-0.0005625
1.346101e-006	-0.0011875
1.346601e-006	-0.0011875
1.347101e-006	-0.0015
1.347601e-006	-0.002125
1.348101e-006	-0.0024375
1.348601e-006	-0.0018125
1.349101e-006	-0.0015
1.349601e-006	-0.0011875
1.350101e-006	-0.0015
1.350601e-006	-0.0018125
1.351101e-006	-0.0011875
1.351601e-006	-0.0005625
1.352101e-006	-0.000875
1.352601e-006	6.25e-005
1.353101e-006	6.25e-005
1.353601e-006	0.000375
1.354101e-006	0.000375
1.354601e-006	-0.00025
1.355101e-006	-0.00025
1.355601e-006	-0.000875
1.356101e-006	-0.000875
1.356601e-006	-0.000875
1.357101e-006	-0.0011875
1.357601e-006	-0.002125
1.358101e-006	-0.0024375
1.358601e-006	-0.0018125
1.359101e-006	-0.002125
1.359601e-006	-0.0024375
1.360101e-006	-0.002125
1.360601e-006	-0.0018125
1.361101e-006	-0.0015
1.361601e-006	-0.0005625
1.362101e-006	-0.0005625
1.362601e-006	-0.00025
1.363101e-006	-0.0005625
1.363601e-006	-0.0005625
1.364101e-006	6.25e-005
1.364601e-006	0.000375
1.365101e-006	0.000375
1.365601e-006	-0.0005625
1.366101e-006	-0.0005625
1.366601e-006	6.25e-005
1.367101e-006	-0.0005625
1.367601e-006	-0.002125
1.368101e-006	-0.002125
1.368601e-006	-0.0024375
1.369101e-006	-0.00275
1.369601e-006	-0.0030625
1.370101e-006	-0.002125
1.370601e-006	-0.0018125
1.371101e-006	-0.0015
1.371601e-006	-0.0005625
1.372101e-006	-0.0011875
1.372601e-006	-0.000875
1.373101e-006	-0.0005625
1.373601e-006	-0.00025
1.374101e-006	0.000375
1.374601e-006	0.0006875
1.375101e-006	6.25e-005
1.375601e-006	-0.00025
1.376101e-006	-0.00025
1.376601e-006	-0.00025
1.377101e-006	-0.0011875
1.377601e-006	-0.0011875
1.378101e-006	-0.0011875
1.378601e-006	-0.0018125
1.379101e-006	-0.0018125
1.379601e-006	-0.002125
1.380101e-006	-0.0024375
1.380601e-006	-0.002125
1.381101e-006	-0.0018125
1.381601e-006	-0.0015
1.382101e-006	-0.0011875
1.382601e-006	-0.0005625
1.383101e-006	-0.0005625
1.383601e-006	-0.00025
1.384101e-006	0.0006875
1.384601e-006	-0.0005625
1.385101e-006	-0.0011875
1.385601e-006	-0.0005625
1.386101e-006	-0.000875
1.386601e-006	-0.0005625
1.387101e-006	-0.000875
1.387601e-006	-0.000875
1.388101e-006	-0.000875
1.388601e-006	-0.002125
1.389101e-006	-0.002125
1.389601e-006	-0.0018125
1.390101e-006	-0.0024375
1.390601e-006	-0.0024375
1.391101e-006	-0.002125
1.391601e-006	-0.0011875
1.392101e-006	-0.000875
1.392601e-006	6.25e-005
1.393101e-006	-0.00025
1.393601e-006	-0.0005625
1.394101e-006	-0.00025
1.394601e-006	6.25e-005
1.395101e-006	-0.0005625
1.395601e-006	-0.00025
1.396101e-006	-0.0005625
1.396601e-006	-0.0005625
1.397101e-006	-0.0015
1.397601e-006	-0.0015
1.398101e-006	-0.0015
1.398601e-006	-0.0018125
1.399101e-006	-0.002125
1.399601e-006	-0.0024375
1.400101e-006	-0.0015
1.400601e-006	-0.0015
1.401101e-006	-0.0018125
1.401601e-006	-0.0011875
1.402101e-006	-0.0011875
1.402601e-006	-0.000875
1.403101e-006	0.000375
1.403601e-006	-0.0005625
1.404101e-006	-0.0005625
1.404601e-006	-0.00025
1.405101e-006	-0.00025
1.405601e-006	-0.000875
1.406101e-006	-0.0011875
1.406601e-006	-0.0005625
1.407101e-006	-0.0011875
1.407601e-006	-0.0018125
1.408101e-006	-0.0024375
1.408601e-006	-0.0018125
1.409101e-006	-0.002125
1.409601e-006	-0.0018125
1.410101e-006	-0.0024375
1.410601e-006	-0.0018125
1.411101e-006	-0.0011875
1.411601e-006	-0.0005625
1.412101e-006	-0.00025
1.412601e-006	6.25e-005
1.413101e-006	6.25e-005
1.413601e-006	-0.00025
1.414101e-006	-0.000875
1.414601e-006	-0.000875
1.415101e-006	-0.0005625
1.415601e-006	-0.00025
1.416101e-006	-0.000875
1.416601e-006	-0.0011875
1.417101e-006	-0.0015
1.417601e-006	-0.0018125
1.418101e-006	-0.00275
1.418601e-006	-0.0024375
1.419101e-006	-0.0015
1.419601e-006	-0.0011875
1.420101e-006	-0.0011875
1.420601e-006	-0.0015
1.421101e-006	-0.0015
1.421601e-006	-0.0011875
1.422101e-006	6.25e-005
1.422601e-006	0.000375
1.423101e-006	-0.0005625
1.423601e-006	-0.0005625
1.424101e-006	6.25e-005
1.424601e-006	0.000375
1.425101e-006	6.25e-005
1.425601e-006	-0.0005625
1.426101e-006	-0.000875
1.426601e-006	-0.0015
1.427101e-006	-0.0011875
1.427601e-006	-0.0018125
1.428101e-006	-0.002125
1.428601e-006	-0.002125
1.429101e-006	-0.002125
1.429601e-006	-0.0018125
1.430101e-006	-0.0024375
1.430601e-006	-0.0015
1.431101e-006	-0.000875
1.431601e-006	-0.000875
1.432101e-006	6.25e-005
1.432601e-006	-0.00025
1.433101e-006	-0.00025
1.433601e-006	-0.00025
1.434101e-006	-0.00025
1.434601e-006	6.25e-005
1.435101e-006	-0.0005625
1.435601e-006	-0.0005625
1.436101e-006	-0.0005625
1.436601e-006	-0.0005625
1.437101e-006	-0.0011875
1.437601e-006	-0.0018125
1.438101e-006	-0.002125
1.438601e-006	-0.0018125
1.439101e-006	-0.0018125
1.439601e-006	-0.0018125
1.440101e-006	-0.002125
1.440601e-006	-0.002125
1.441101e-006	-0.0018125
1.441601e-006	-0.0015
1.442101e-006	-0.0011875
1.442601e-006	-0.00025
1.443101e-006	0.0006875
1.443601e-006	6.25e-005
1.444101e-006	-0.0005625
1.444601e-006	-0.00025
1.445101e-006	-0.000875
1.445601e-006	-0.00025
1.446101e-006	6.25e-005
1.446601e-006	-0.0011875
1.447101e-006	-0.0011875
1.447601e-006	-0.0018125
1.448101e-006	-0.0018125
1.448601e-006	-0.0018125
1.449101e-006	-0.002125
1.449601e-006	-0.0024375
1.450101e-006	-0.0015
1.450601e-006	-0.0011875
1.451101e-006	-0.0015
1.451601e-006	-0.0011875
1.452101e-006	-0.000875
1.452601e-006	-0.0011875
1.453101e-006	-0.0005625
1.453601e-006	6.25e-005
1.454101e-006	-0.00025
1.454601e-006	6.25e-005
1.455101e-006	-0.0005625
1.455601e-006	-0.00025
1.456101e-006	-0.000875
1.456601e-006	-0.0011875
1.457101e-006	-0.0011875
1.457601e-006	-0.0018125
1.458101e-006	-0.0018125
1.458601e-006	-0.0018125
1.459101e-006	-0.0018125
1.459601e-006	-0.0011875
1.460101e-006	-0.0011875
1.460601e-006	-0.0015
1.461101e-006	-0.002125
1.461601e-006	-0.0011875
1.462101e-006	-0.000875
1.462601e-006	-0.00025
1.463101e-006	-0.0005625
1.463601e-006	-0.000875
1.464101e-006	6.25e-005
1.464601e-006	0.0006875
1.465101e-006	0.000375
1.465601e-006	-0.00025
1.466101e-006	-0.00025
1.466601e-006	-0.0005625
1.467101e-006	-0.0011875
1.467601e-006	-0.0015
1.468101e-006	-0.000875
1.468601e-006	-0.0011875
1.469101e-006	-0.0011875
1.469601e-006	-0.0024375
1.470101e-006	-0.002125
1.470601e-006	-0.0018125
1.471101e-006	-0.0015
1.471601e-006	-0.0015
1.472101e-006	-0.000875
1.472601e-006	-0.000875
1.473101e-006	-0.0005625
1.473601e-006	6.25e-005
1.474101e-006	6.25e-005
1.474601e-006	-0.00025
1.475101e-006	-0.0005625
1.475601e-006	0.000375
1.476101e-006	6.25e-005
1.476601e-006	-0.0005625
1.477101e-006	-0.0011875
1.477601e-006	-0.0018125
1.478101e-006	-0.002125
1.478601e-006	-0.0018125
1.479101e-006	-0.0011875
1.479601e-006	-0.0015
1.480101e-006	-0.0024375
1.480601e-006	-0.002125
1.481101e-006	-0.0018125
1.481601e-006	-0.0015
1.482101e-006	-0.000875
1.482601e-006	6.25e-005
1.483101e-006	-0.0005625
1.483601e-006	6.25e-005
1.484101e-006	0.000375
1.484601e-006	6.25e-005
1.485101e-006	6.25e-005
1.485601e-006	0.000375
1.486101e-006	6.25e-005
1.486601e-006	-0.000875
1.487101e-006	-0.0011875
1.487601e-006	-0.0018125
1.488101e-006	-0.0018125
1.488601e-006	-0.002125
1.489101e-006	-0.002125
1.489601e-006	-0.002125
1.490101e-006	-0.002125
1.490601e-006	-0.00275
1.491101e-006	-0.002125
1.491601e-006	-0.0011875
1.492101e-006	-0.0011875
1.492601e-006	-0.000875
1.493101e-006	-0.000875
1.493601e-006	-0.00025
1.494101e-006	0.000375
1.494601e-006	6.25e-005
1.495101e-006	-0.00025
1.495601e-006	6.25e-005
1.496101e-006	0.000375
1.496601e-006	6.25e-005
1.497101e-006	-0.000875
1.497601e-006	-0.0015
1.498101e-006	-0.0018125
1.498601e-006	-0.0018125
1.499101e-006	-0.0024375
1.499601e-006	-0.002125
1.500101e-006	-0.002125
1.500601e-006	-0.002125
1.501101e-006	-0.0024375
1.501601e-006	-0.0018125
1.502101e-006	-0.0011875
1.502601e-006	-0.00025
1.503101e-006	0.000375
1.503601e-006	-0.00025
1.504101e-006	6.25e-005
1.504601e-006	0.000375
1.505101e-006	0.000375
1.505601e-006	0.000375
1.506101e-006	0.000375
1.506601e-006	-0.0005625
1.507101e-006	-0.000875
1.507601e-006	-0.0015
1.508101e-006	-0.0011875
1.508601e-006	-0.0015
1.509101e-006	-0.0024375
1.509601e-006	-0.0024375
1.510101e-006	-0.0018125
1.510601e-006	-0.0015
1.511101e-006	-0.0015
1.511601e-006	-0.0011875
1.512101e-006	-0.0005625
1.512601e-006	-0.00025
1.513101e-006	6.25e-005
1.513601e-006	-0.00025
1.514101e-006	6.25e-005
1.514601e-006	6.25e-005
1.515101e-006	0.000375
1.515601e-006	0.000375
1.516101e-006	-0.00025
1.516601e-006	-0.000875
1.517101e-006	-0.000875
1.517601e-006	-0.0005625
1.518101e-006	-0.0011875
1.518601e-006	-0.0018125
1.519101e-006	-0.0024375
1.519601e-006	-0.00275
1.520101e-006	-0.0024375
1.520601e-006	-0.002125
1.521101e-006	-0.002125
1.521601e-006	-0.0011875
1.522101e-006	-0.0011875
1.522601e-006	-0.0011875
1.523101e-006	-0.00025
1.523601e-006	0.000375
1.524101e-006	0.001
1.524601e-006	0.0006875
1.525101e-006	0.0006875
1.525601e-006	0.0006875
1.526101e-006	0.000375
1.526601e-006	6.25e-005
1.527101e-006	-0.0005625
1.527601e-006	-0.0011875
1.528101e-006	-0.0018125
1.528601e-006	-0.0018125
1.529101e-006	-0.002125
1.529601e-006	-0.002125
1.530101e-006	-0.002125
1.530601e-006	-0.0015
1.531101e-006	-0.0011875
1.531601e-006	-0.0018125
1.532101e-006	-0.0011875
1.532601e-006	-0.00025
1.533101e-006	0.000375
1.533601e-006	6.25e-005
1.534101e-006	6.25e-005
1.534601e-006	6.25e-005
1.535101e-006	0.000375
1.535601e-006	0.0006875
1.536101e-006	-0.00025
1.536601e-006	-0.0011875
1.537101e-006	-0.000875
1.537601e-006	-0.0011875
1.538101e-006	-0.0018125
1.538601e-006	-0.0018125
1.539101e-006	-0.0018125
1.539601e-006	-0.0018125
1.540101e-006	-0.0015
1.540601e-006	-0.0018125
1.541101e-006	-0.0015
1.541601e-006	-0.00025
1.542101e-006	-0.0005625
1.542601e-006	-0.0005625
1.543101e-006	6.25e-005
1.543601e-006	6.25e-005
1.544101e-006	-0.00025
1.544601e-006	6.25e-005
1.545101e-006	-0.00025
1.545601e-006	-0.0005625
1.546101e-006	-0.000875
1.546601e-006	-0.0011875
1.547101e-006	-0.0011875
1.547601e-006	-0.0005625
1.548101e-006	-0.0018125
1.548601e-006	-0.0018125
1.549101e-006	-0.0011875
1.549601e-006	-0.0011875
1.550101e-006	-0.0018125
1.550601e-006	-0.0015
1.551101e-006	-0.0005625
1.551601e-006	-0.00025
1.552101e-006	-0.000875
1.552601e-006	6.25e-005
1.553101e-006	0.000375
1.553601e-006	6.25e-005
1.554101e-006	0.001
1.554601e-006	6.25e-005
1.555101e-006	-0.00025
1.555601e-006	-0.000875
1.556101e-006	-0.000875
1.556601e-006	-0.000875
1.557101e-006	-0.0018125
1.557601e-006	-0.0018125
1.558101e-006	-0.0024375
1.558601e-006	-0.002125
1.559101e-006	-0.0018125
1.559601e-006	-0.0018125
1.560101e-006	-0.000875
1.560601e-006	-0.000875
1.561101e-006	-0.0005625
1.561601e-006	6.25e-005
1.562101e-006	6.25e-005
1.562601e-006	6.25e-005
1.563101e-006	0.000375
1.563601e-006	-0.00025
1.564101e-006	-0.0005625
1.564601e-006	-0.0005625
1.565101e-006	-0.000875
1.565601e-006	-0.000875
1.566101e-006	-0.000875
1.566601e-006	-0.000875
1.567101e-006	-0.0018125
1.567601e-006	-0.0018125
1.568101e-006	-0.0024375
1.568601e-006	-0.0024375
1.569101e-006	-0.0011875
1.569601e-006	-0.000875
1.570101e-006	-0.000875
1.570601e-006	-0.000875
1.571101e-006	-0.0005625
1.571601e-006	6.25e-005
1.572101e-006	6.25e-005
1.572601e-006	-0.00025
1.573101e-006	-0.00025
1.573601e-006	6.25e-005
1.574101e-006	-0.0005625
1.574601e-006	-0.000875
1.575101e-006	6.25e-005
1.575601e-006	-0.0015
1.576101e-006	-0.0015
1.576601e-006	-0.0018125
1.577101e-006	-0.0024375
1.577601e-006	-0.0018125
1.578101e-006	-0.002125
1.578601e-006	-0.002125
1.579101e-006	-0.0018125
1.579601e-006	-0.0015
1.580101e-006	-0.0011875
1.580601e-006	-0.0015
1.581101e-006	0.0006875
1.581601e-006	0.0006875
1.582101e-006	-0.0005625
1.582601e-006	6.25e-005
1.583101e-006	6.25e-005
1.583601e-006	6.25e-005
1.584101e-006	6.25e-005
1.584601e-006	-0.0005625
1.585101e-006	-0.00025
1.585601e-006	-0.0011875
1.586101e-006	-0.0018125
1.586601e-006	-0.002125
1.587101e-006	-0.0030625
1.587601e-006	-0.0018125
1.588101e-006	-0.0015
1.588601e-006	-0.000875
1.589101e-006	-0.0011875
1.589601e-006	-0.002125
1.590101e-006	-0.0005625
1.590601e-006	-0.00025
1.591101e-006	-0.000875
1.591601e-006	-0.0005625
1.592101e-006	0.000375
1.592601e-006	0.0006875
1.593101e-006	0.000375
1.593601e-006	0.000375
1.594101e-006	-0.00025
1.594601e-006	-0.0011875
1.595101e-006	-0.0015
1.595601e-006	-0.0011875
1.596101e-006	-0.000875
1.596601e-006	-0.002125
1.597101e-006	-0.0018125
1.597601e-006	-0.0015
1.598101e-006	-0.002125
1.598601e-006	-0.0011875
1.599101e-006	-0.000875
1.599601e-006	-0.000875
1.600101e-006	-0.0011875
1.600601e-006	-0.000875
1.601101e-006	0.000375
1.601601e-006	6.25e-005
1.602101e-006	6.25e-005
1.602601e-006	0.0006875
1.603101e-006	-0.00025
1.603601e-006	-0.0005625
1.604101e-006	-0.000875
1.604601e-006	-0.0005625
1.605101e-006	-0.0011875
1.605601e-006	-0.002125
1.606101e-006	-0.0011875
1.606601e-006	-0.0011875
1.607101e-006	-0.002125
1.607601e-006	-0.0015
1.608101e-006	-0.0015
1.608601e-006	-0.000875
1.609101e-006	-0.0015
1.609601e-006	-0.0005625
1.610101e-006	6.25e-005
1.610601e-006	-0.0005625
1.611101e-006	0.000375
1.611601e-006	6.25e-005
1.612101e-006	-0.0005625
1.612601e-006	6.25e-005
1.613101e-006	-0.0011875
1.613601e-006	-0.0005625
1.614101e-006	-0.000875
1.614601e-006	-0.0005625
1.615101e-006	-0.000875
1.615601e-006	-0.0018125
1.616101e-006	-0.0024375
1.616601e-006	-0.002125
1.617101e-006	-0.0011875
1.617601e-006	-0.0011875
1.618101e-006	-0.0011875
1.618601e-006	-0.0005625
1.619101e-006	-0.0005625
1.619601e-006	6.25e-005
1.620101e-006	0.000375
1.620601e-006	6.25e-005
1.621101e-006	0.000375
1.621601e-006	6.25e-005
1.622101e-006	6.25e-005
1.622601e-006	-0.000875
1.623101e-006	-0.00025
1.623601e-006	-0.000875
1.624101e-006	-0.002125
1.624601e-006	-0.0011875
1.625101e-006	-0.0011875
1.625601e-006	-0.002125
1.626101e-006	-0.002125
1.626601e-006	-0.002125
1.627101e-006	-0.0011875
1.627601e-006	-0.0005625
1.628101e-006	-0.000875
1.628601e-006	6.25e-005
1.629101e-006	0.000375
1.629601e-006	0.000375
1.630101e-006	6.25e-005
1.630601e-006	0.000375
1.631101e-006	6.25e-005
1.631601e-006	-0.000875
1.632101e-006	-0.0005625
1.632601e-006	-0.0011875
1.633101e-006	-0.0015
1.633601e-006	-0.000875
1.634101e-006	-0.0015
1.634601e-006	-0.0015
1.635101e-006	-0.0024375
1.635601e-006	-0.0018125
1.636101e-006	-0.0018125
1.636601e-006	-0.0018125
1.637101e-006	-0.0015
1.637601e-006	-0.0005625
1.638101e-006	-0.0005625
1.638601e-006	-0.00025
1.639101e-006	-0.00025
1.639601e-006	0.000375
1.640101e-006	0.0006875
1.640601e-006	6.25e-005
1.641101e-006	6.25e-005
1.641601e-006	-0.0005625
1.642101e-006	-0.0005625
1.642601e-006	-0.0011875
1.643101e-006	-0.0015
1.643601e-006	-0.0024375
1.644101e-006	-0.0024375
1.644601e-006	-0.0018125
1.645101e-006	-0.002125
1.645601e-006	-0.0018125
1.646101e-006	-0.002125
1.646601e-006	-0.0015
1.647101e-006	-0.0005625
1.647601e-006	-0.0011875
1.648101e-006	6.25e-005
1.648601e-006	-0.00025
1.649101e-006	6.25e-005
1.649601e-006	0.001
1.650101e-006	6.25e-005
1.650601e-006	6.25e-005
1.651101e-006	-0.00025
1.651601e-006	-0.000875
1.652101e-006	-0.000875
1.652601e-006	-0.0011875
1.653101e-006	-0.0018125
1.653601e-006	-0.002125
1.654101e-006	-0.002125
1.654601e-006	-0.0015
1.655101e-006	-0.0024375
1.655601e-006	-0.0024375
1.656101e-006	-0.0018125
1.656601e-006	-0.000875
1.657101e-006	6.25e-005
1.657601e-006	6.25e-005
1.658101e-006	-0.0005625
1.658601e-006	-0.00025
1.659101e-006	0.000375
1.659601e-006	0.0006875
1.660101e-006	6.25e-005
1.660601e-006	-0.00025
1.661101e-006	-0.00025
1.661601e-006	6.25e-005
1.662101e-006	-0.0005625
1.662601e-006	-0.0018125
1.663101e-006	-0.0018125
1.663601e-006	-0.0011875
1.664101e-006	-0.0015
1.664601e-006	-0.0024375
1.665101e-006	-0.0018125
1.665601e-006	-0.002125
1.666101e-006	-0.0011875
1.666601e-006	-0.0011875
1.667101e-006	-0.00025
1.667601e-006	0.000375
1.668101e-006	0.0006875
1.668601e-006	0.0006875
1.669101e-006	6.25e-005
1.669601e-006	-0.0005625
1.670101e-006	6.25e-005
1.670601e-006	6.25e-005
1.671101e-006	-0.00025
1.671601e-006	-0.0005625
1.672101e-006	-0.0015
1.672601e-006	-0.0018125
1.673101e-006	-0.002125
1.673601e-006	-0.0024375
1.674101e-006	-0.0024375
1.674601e-006	-0.0018125
1.675101e-006	-0.0015
1.675601e-006	-0.0011875
1.676101e-006	-0.0011875
1.676601e-006	-0.0005625
1.677101e-006	-0.0005625
1.677601e-006	6.25e-005
1.678101e-006	6.25e-005
1.678601e-006	-0.00025
1.679101e-006	-0.00025
1.679601e-006	0.000375
1.680101e-006	0.0006875
1.680601e-006	-0.00025
1.681101e-006	-0.0011875
1.681601e-006	-0.0015
1.682101e-006	-0.0015
1.682601e-006	-0.0018125
1.683101e-006	-0.0024375
1.683601e-006	-0.0018125
1.684101e-006	-0.0018125
1.684601e-006	-0.0018125
1.685101e-006	-0.0011875
1.685601e-006	-0.000875
1.686101e-006	6.25e-005
1.686601e-006	6.25e-005
1.687101e-006	6.25e-005
1.687601e-006	6.25e-005
1.688101e-006	6.25e-005
1.688601e-006	0.0006875
1.689101e-006	-0.00025
1.689601e-006	-0.00025
1.690101e-006	6.25e-005
1.690601e-006	-0.000875
1.691101e-006	-0.000875
1.691601e-006	-0.0011875
1.692101e-006	-0.0018125
1.692601e-006	-0.0018125
1.693101e-006	-0.0024375
1.693601e-006	-0.0015
1.694101e-006	-0.002125
1.694601e-006	-0.0018125
1.695101e-006	-0.000875
1.695601e-006	-0.000875
1.696101e-006	-0.0005625
1.696601e-006	-0.0005625
1.697101e-006	6.25e-005
1.697601e-006	0.001
1.698101e-006	0.0006875
1.698601e-006	0.0006875
1.699101e-006	6.25e-005
1.699601e-006	-0.00025
1.700101e-006	-0.000875
1.700601e-006	-0.000875
1.701101e-006	-0.000875
1.701601e-006	-0.0018125
1.702101e-006	-0.0030625
1.702601e-006	-0.0024375
1.703101e-006	-0.002125
1.703601e-006	-0.0018125
1.704101e-006	-0.0024375
1.704601e-006	-0.0011875
1.705101e-006	-0.0005625
1.705601e-006	-0.000875
1.706101e-006	6.25e-005
1.706601e-006	6.25e-005
1.707101e-006	0.0006875
1.707601e-006	0.000375
1.708101e-006	0.000375
1.708601e-006	0.0006875
1.709101e-006	6.25e-005
1.709601e-006	6.25e-005
1.710101e-006	-0.00025
1.710601e-006	-0.000875
1.711101e-006	-0.000875
1.711601e-006	-0.002125
1.712101e-006	-0.002125
1.712601e-006	-0.0015
1.713101e-006	-0.0018125
1.713601e-006	-0.0015
1.714101e-006	-0.0018125
1.714601e-006	-0.0018125
1.715101e-006	-0.0015
1.715601e-006	-0.000875
1.716101e-006	6.25e-005
1.716601e-006	0.000375
1.717101e-006	0.0006875
1.717601e-006	0.0013125
1.718101e-006	0.0006875
1.718601e-006	0.0006875
1.719101e-006	6.25e-005
1.719601e-006	6.25e-005
1.720101e-006	-0.00025
1.720601e-006	-0.000875
1.721101e-006	-0.0015
1.721601e-006	-0.000875
1.722101e-006	-0.0015
1.722601e-006	-0.0018125
1.723101e-006	-0.0018125
1.723601e-006	-0.0011875
1.724101e-006	-0.002125
1.724601e-006	-0.0015
1.725101e-006	-0.0011875
1.725601e-006	-0.0005625
1.726101e-006	6.25e-005
1.726601e-006	-0.00025
1.727101e-006	0.000375
1.727601e-006	6.25e-005
1.728101e-006	-0.0005625
1.728601e-006	6.25e-005
1.729101e-006	0.000375
1.729601e-006	-0.0005625
1.730101e-006	-0.0005625
1.730601e-006	-0.0005625
1.731101e-006	-0.0005625
1.731601e-006	-0.0018125
1.732101e-006	-0.0015
1.732601e-006	-0.0018125
1.733101e-006	-0.000875
1.733601e-006	-0.00025
1.734101e-006	-0.0011875
1.734601e-006	-0.0011875
1.735101e-006	-0.0011875
1.735601e-006	-0.0005625
1.736101e-006	-0.0005625
1.736601e-006	-0.000875
1.737101e-006	6.25e-005
1.737601e-006	-0.0005625
1.738101e-006	-0.0005625
1.738601e-006	-0.0005625
1.739101e-006	6.25e-005
1.739601e-006	-0.0005625
1.740101e-006	-0.0011875
1.740601e-006	-0.000875
1.741101e-006	-0.0011875
1.741601e-006	-0.0005625
1.742101e-006	-0.0011875
1.742601e-006	-0.000875
1.743101e-006	-0.000875
1.743601e-006	-0.0011875
1.744101e-006	-0.0015
1.744601e-006	-0.0011875
1.745101e-006	-0.000875
1.745601e-006	-0.0005625
1.746101e-006	-0.000875
1.746601e-006	-0.000875
1.747101e-006	-0.0011875
1.747601e-006	-0.000875
1.748101e-006	-0.00025
1.748601e-006	-0.000875
1.749101e-006	-0.0005625
1.749601e-006	-0.000875
1.750101e-006	-0.000875
1.750601e-006	-0.0011875
1.751101e-006	-0.0005625
1.751601e-006	-0.00025
1.752101e-006	-0.000875
1.752601e-006	-0.000875
1.753101e-006	6.25e-005
1.753601e-006	-0.000875
1.754101e-006	-0.0005625
1.754601e-006	-0.00025
1.755101e-006	-0.00025
1.755601e-006	-0.000875
1.756101e-006	-0.0011875
1.756601e-006	-0.0005625
1.757101e-006	-0.0015
1.757601e-006	-0.0011875
1.758101e-006	6.25e-005
1.758601e-006	-0.000875
1.759101e-006	-0.0005625
1.759601e-006	-0.00025
1.760101e-006	-0.0005625
1.760601e-006	-0.0011875
1.761101e-006	-0.002125
1.761601e-006	-0.0005625
1.762101e-006	-0.0005625
1.762601e-006	-0.0005625
1.763101e-006	-0.000875
1.763601e-006	-0.00025
1.764101e-006	-0.00025
1.764601e-006	-0.0005625
1.765101e-006	-0.000875
1.765601e-006	-0.00025
1.766101e-006	-0.0005625
1.766601e-006	-0.0015
1.767101e-006	-0.0011875
1.767601e-006	-0.0005625
1.768101e-006	-0.00025
1.768601e-006	-0.000875
1.769101e-006	-0.0011875
1.769601e-006	-0.000875
1.770101e-006	-0.0005625
1.770601e-006	-0.00025
1.771101e-006	-0.000875
1.771601e-006	-0.000875
1.772101e-006	-0.000875
1.772601e-006	-0.000875
1.773101e-006	-0.0005625
1.773601e-006	-0.0005625
1.774101e-006	-0.0005625
1.774601e-006	-0.0015
1.775101e-006	-0.0005625
1.775601e-006	-0.00025
1.776101e-006	-0.0005625
1.776601e-006	-0.000875
1.777101e-006	-0.000875
1.777601e-006	-0.0005625
1.778101e-006	-0.00025
1.778601e-006	-0.0011875
1.779101e-006	-0.0011875
1.779601e-006	-0.000875
1.780101e-006	-0.0005625
1.780601e-006	-0.000875
1.781101e-006	-0.0011875
1.781601e-006	-0.0005625
1.782101e-006	-0.0005625
1.782601e-006	-0.000875
1.783101e-006	-0.000875
1.783601e-006	-0.000875
1.784101e-006	-0.000875
1.784601e-006	-0.00025
1.785101e-006	-0.00025
1.785601e-006	-0.0005625
1.786101e-006	-0.0011875
1.786601e-006	0.000375
1.787101e-006	-0.00025
1.787601e-006	-0.0005625
1.788101e-006	6.25e-005
