LECROYWS454	16215	Waveform
Segments	1	SegmentSize	4002
Segment	TrigTime	TimeSinceSegment1
#1	02-May-2024 19:33:27	0                 
Time	Ampl
-2.12249e-007	0.0006875
-2.11749e-007	6.25e-005
-2.11249e-007	-0.00025
-2.10749e-007	6.25e-005
-2.10249e-007	-0.00025
-2.09749e-007	-0.0005625
-2.09249e-007	-0.0011875
-2.08749e-007	-0.0005625
-2.08249e-007	-0.0011875
-2.07749e-007	-0.002125
-2.07249e-007	-0.0011875
-2.06749e-007	-0.0005625
-2.06249e-007	6.25e-005
-2.05749e-007	0.000375
-2.05249e-007	6.25e-005
-2.04749e-007	0.000375
-2.04249e-007	0.0006875
-2.03749e-007	0.001625
-2.03249e-007	0.0013125
-2.02749e-007	0.001
-2.02249e-007	0.0013125
-2.01749e-007	0.0006875
-2.01249e-007	6.25e-005
-2.00749e-007	6.25e-005
-2.00249e-007	6.25e-005
-1.99749e-007	-0.0005625
-1.99249e-007	-0.000875
-1.98749e-007	-0.0011875
-1.98249e-007	-0.002125
-1.97749e-007	-0.002125
-1.97249e-007	-0.0018125
-1.96749e-007	-0.0015
-1.96249e-007	-0.0005625
-1.95749e-007	-0.0005625
-1.95249e-007	6.25e-005
-1.94749e-007	0.0013125
-1.94249e-007	0.001
-1.93749e-007	0.0006875
-1.93249e-007	0.0019375
-1.92749e-007	0.001625
-1.92249e-007	0.001625
-1.91749e-007	0.001
-1.91249e-007	0.001
-1.90749e-007	0.000375
-1.90249e-007	6.25e-005
-1.89749e-007	-0.0005625
-1.89249e-007	-0.0018125
-1.88749e-007	-0.0015
-1.88249e-007	-0.0018125
-1.87749e-007	-0.0015
-1.87249e-007	-0.0011875
-1.86749e-007	-0.002125
-1.86249e-007	-0.0018125
-1.85749e-007	-0.0011875
-1.85249e-007	-0.00025
-1.84749e-007	0.000375
-1.84249e-007	0.001
-1.83749e-007	0.00225
-1.83249e-007	0.0013125
-1.82749e-007	0.001
-1.82249e-007	0.001625
-1.81749e-007	0.001625
-1.81249e-007	0.0013125
-1.80749e-007	0.0006875
-1.80249e-007	-0.0005625
-1.79749e-007	-0.0005625
-1.79249e-007	-0.0011875
-1.78749e-007	-0.0015
-1.78249e-007	-0.0024375
-1.77749e-007	-0.002125
-1.77249e-007	-0.0015
-1.76749e-007	-0.0018125
-1.76249e-007	-0.0011875
-1.75749e-007	-0.0011875
-1.75249e-007	-0.000875
-1.74749e-007	6.25e-005
-1.74249e-007	0.000375
-1.73749e-007	0.001
-1.73249e-007	0.001625
-1.72749e-007	0.0019375
-1.72249e-007	0.0019375
-1.71749e-007	0.001
-1.71249e-007	0.0013125
-1.70749e-007	-0.00025
-1.70249e-007	6.25e-005
-1.69749e-007	0.0006875
-1.69249e-007	-0.0005625
-1.68749e-007	-0.0011875
-1.68249e-007	-0.0011875
-1.67749e-007	-0.0011875
-1.67249e-007	-0.000875
-1.66749e-007	-0.0018125
-1.66249e-007	-0.0015
-1.65749e-007	-0.0005625
-1.65249e-007	-0.0005625
-1.64749e-007	0.000375
-1.64249e-007	0.001
-1.63749e-007	0.001
-1.63249e-007	0.000375
-1.62749e-007	0.0013125
-1.62249e-007	0.001625
-1.61749e-007	0.000375
-1.61249e-007	0.001
-1.60749e-007	6.25e-005
-1.60249e-007	-0.000875
-1.59749e-007	-0.00025
-1.59249e-007	-0.000875
-1.58749e-007	-0.0005625
-1.58249e-007	-0.0011875
-1.57749e-007	-0.000875
-1.57249e-007	-0.0011875
-1.56749e-007	-0.0015
-1.56249e-007	-0.0011875
-1.55749e-007	-0.000875
-1.55249e-007	-0.00025
-1.54749e-007	6.25e-005
-1.54249e-007	0.0006875
-1.53749e-007	0.0013125
-1.53249e-007	0.000375
-1.52749e-007	0.001
-1.52249e-007	0.0006875
-1.51749e-007	6.25e-005
-1.51249e-007	6.25e-005
-1.50749e-007	6.25e-005
-1.50249e-007	0.000375
-1.49749e-007	-0.0005625
-1.49249e-007	-0.0011875
-1.48749e-007	-0.000875
-1.48249e-007	-0.0005625
-1.47749e-007	-0.0005625
-1.47249e-007	-0.000875
-1.46749e-007	-0.00025
-1.46249e-007	0.0006875
-1.45749e-007	6.25e-005
-1.45249e-007	6.25e-005
-1.44749e-007	0.000375
-1.44249e-007	6.25e-005
-1.43749e-007	0.000375
-1.43249e-007	6.25e-005
-1.42749e-007	0.000375
-1.42249e-007	0.0006875
-1.41749e-007	0.000375
-1.41249e-007	-0.00025
-1.40749e-007	-0.000875
-1.40249e-007	-0.0005625
-1.39749e-007	-0.0011875
-1.39249e-007	-0.000875
-1.38749e-007	-0.000875
-1.38249e-007	-0.0005625
-1.37749e-007	6.25e-005
-1.37249e-007	-0.0005625
-1.36749e-007	6.25e-005
-1.36249e-007	0.000375
-1.35749e-007	0.0006875
-1.35249e-007	0.0006875
-1.34749e-007	0.0006875
-1.34249e-007	0.001
-1.33749e-007	0.000375
-1.33249e-007	0.0006875
-1.32749e-007	0.0006875
-1.32249e-007	-0.00025
-1.31749e-007	-0.0005625
-1.31249e-007	-0.0011875
-1.30749e-007	-0.0018125
-1.30249e-007	-0.0018125
-1.29749e-007	-0.0015
-1.29249e-007	-0.0015
-1.28749e-007	-0.0015
-1.28249e-007	-0.0011875
-1.27749e-007	-0.0005625
-1.27249e-007	6.25e-005
-1.26749e-007	0.0006875
-1.26249e-007	0.001
-1.25749e-007	0.001625
-1.25249e-007	0.001625
-1.24749e-007	0.0006875
-1.24249e-007	0.0013125
-1.23749e-007	0.0006875
-1.23249e-007	6.25e-005
-1.22749e-007	6.25e-005
-1.22249e-007	-0.00025
-1.21749e-007	-0.00025
-1.21249e-007	-0.0011875
-1.20749e-007	-0.0018125
-1.20249e-007	-0.0015
-1.19749e-007	-0.0011875
-1.19249e-007	-0.000875
-1.18749e-007	-0.0015
-1.18249e-007	-0.0011875
-1.17749e-007	-0.00025
-1.17249e-007	6.25e-005
-1.16749e-007	6.25e-005
-1.16249e-007	0.0006875
-1.15749e-007	0.0019375
-1.15249e-007	0.001625
-1.14749e-007	0.0006875
-1.14249e-007	0.0013125
-1.13749e-007	0.0006875
-1.13249e-007	0.0006875
-1.12749e-007	0.0006875
-1.12249e-007	-0.00025
-1.11749e-007	-0.0005625
-1.11249e-007	-0.0011875
-1.10749e-007	-0.0011875
-1.10249e-007	-0.0011875
-1.09749e-007	-0.0018125
-1.09249e-007	-0.0015
-1.08749e-007	-0.0011875
-1.08249e-007	-0.0005625
-1.07749e-007	-0.00025
-1.07249e-007	-0.0005625
-1.06749e-007	6.25e-005
-1.06249e-007	0.0006875
-1.05749e-007	0.001
-1.05249e-007	0.0013125
-1.04749e-007	0.0013125
-1.04249e-007	0.001625
-1.03749e-007	0.0006875
-1.03249e-007	0.0006875
-1.02749e-007	-0.00025
-1.02249e-007	6.25e-005
-1.01749e-007	6.25e-005
-1.01249e-007	-0.0011875
-1.00749e-007	-0.0011875
-1.00249e-007	-0.0015
-9.9749e-008	-0.0011875
-9.9249e-008	-0.0011875
-9.8749e-008	-0.0011875
-9.8249e-008	-0.0015
-9.7749e-008	-0.0011875
-9.7249e-008	-0.0005625
-9.6749e-008	-0.0005625
-9.6249e-008	6.25e-005
-9.5749e-008	0.0006875
-9.5249e-008	0.001
-9.4749e-008	0.001625
-9.4249e-008	0.001
-9.3749e-008	6.25e-005
-9.3249e-008	0.000375
-9.2749e-008	-0.0005625
-9.2249e-008	0.000375
-9.1749e-008	0.000375
-9.1249e-008	-0.00025
-9.0749e-008	-0.00025
-9.0249e-008	-0.0015
-8.9749e-008	-0.0015
-8.9249e-008	-0.0011875
-8.8749e-008	-0.0011875
-8.8249e-008	-0.00025
-8.7749e-008	-0.0011875
-8.7249e-008	-0.0015
-8.6749e-008	-0.0005625
-8.6249e-008	6.25e-005
-8.5749e-008	0.001
-8.5249e-008	0.000375
-8.4749e-008	6.25e-005
-8.4249e-008	-0.00025
-8.3749e-008	0.000375
-8.3249e-008	0.0006875
-8.2749e-008	-0.0005625
-8.2249e-008	-0.0005625
-8.1749e-008	-0.00025
-8.1249e-008	6.25e-005
-8.0749e-008	6.25e-005
-8.0249e-008	-0.0005625
-7.9749e-008	-0.0005625
-7.9249e-008	-0.0005625
-7.8749e-008	-0.0011875
-7.8249e-008	-0.0005625
-7.7749e-008	-0.00025
-7.7249e-008	-0.000875
-7.6749e-008	-0.000875
-7.6249e-008	6.25e-005
-7.5749e-008	-0.0005625
-7.5249e-008	-0.000875
-7.4749e-008	-0.00025
-7.4249e-008	6.25e-005
-7.3749e-008	6.25e-005
-7.3249e-008	0.000375
-7.2749e-008	0.000375
-7.2249e-008	-0.00025
-7.1749e-008	-0.0005625
-7.1249e-008	0.0006875
-7.0749e-008	6.25e-005
-7.0249e-008	-0.000875
-6.9749e-008	-0.000875
-6.9249e-008	-0.0005625
-6.8749e-008	6.25e-005
-6.8249e-008	6.25e-005
-6.7749e-008	-0.000875
-6.7249e-008	-0.0011875
-6.6749e-008	-0.0005625
-6.6249e-008	6.25e-005
-6.5749e-008	6.25e-005
-6.5249e-008	-0.0005625
-6.4749e-008	6.25e-005
-6.4249e-008	-0.00025
-6.3749e-008	-0.000875
-6.3249e-008	-0.0018125
-6.2749e-008	-0.0011875
-6.2249e-008	-0.002125
-6.1749e-008	-0.0030625
-6.1249e-008	-0.003375
-6.0749e-008	-0.004
-6.0249e-008	-0.0043125
-5.9749e-008	-0.0043125
-5.9249e-008	-0.005875
-5.8749e-008	-0.0061875
-5.8249e-008	-0.0068125
-5.7749e-008	-0.0065
-5.7249e-008	-0.007125
-5.6749e-008	-0.0068125
-5.6249e-008	-0.0068125
-5.5749e-008	-0.0074375
-5.5249e-008	-0.0065
-5.4749e-008	-0.007125
-5.4249e-008	-0.0086875
-5.3749e-008	-0.0080625
-5.3249e-008	-0.008375
-5.2749e-008	-0.0080625
-5.2249e-008	-0.0093125
-5.1749e-008	-0.0105625
-5.1249e-008	-0.0099375
-5.0749e-008	-0.0105625
-5.0249e-008	-0.0105625
-4.9749e-008	-0.0111875
-4.9249e-008	-0.0099375
-4.8749e-008	-0.0099375
-4.8249e-008	-0.0099375
-4.7749e-008	-0.009
-4.7249e-008	-0.009
-4.6749e-008	-0.009625
-4.6249e-008	-0.0086875
-4.5749e-008	-0.009
-4.5249e-008	-0.009
-4.4749e-008	-0.0086875
-4.4249e-008	-0.0080625
-4.3749e-008	-0.007125
-4.3249e-008	-0.008375
-4.2749e-008	-0.008375
-4.2249e-008	-0.009
-4.1749e-008	-0.0086875
-4.1249e-008	-0.008375
-4.0749e-008	-0.0093125
-4.0249e-008	-0.0093125
-3.9749e-008	-0.0093125
-3.9249e-008	-0.009625
-3.8749e-008	-0.009
-3.8249e-008	-0.009
-3.7749e-008	-0.008375
-3.7249e-008	-0.009
-3.6749e-008	-0.008375
-3.6249e-008	-0.0086875
-3.5749e-008	-0.00775
-3.5249e-008	-0.0074375
-3.4749e-008	-0.0074375
-3.4249e-008	-0.0074375
-3.3749e-008	-0.00775
-3.3249e-008	-0.008375
-3.2749e-008	-0.0080625
-3.2249e-008	-0.0093125
-3.1749e-008	-0.0093125
-3.1249e-008	-0.0093125
-3.0749e-008	-0.009625
-3.0249e-008	-0.0105625
-2.9749e-008	-0.010875
-2.9249e-008	-0.01025
-2.8749e-008	-0.010875
-2.8249e-008	-0.010875
-2.7749e-008	-0.01025
-2.7249e-008	-0.0099375
-2.6749e-008	-0.0099375
-2.6249e-008	-0.0099375
-2.5749e-008	-0.009625
-2.5249e-008	-0.009625
-2.4749e-008	-0.009625
-2.4249e-008	-0.009
-2.3749e-008	-0.0099375
-2.3249e-008	-0.0105625
-2.2749e-008	-0.0093125
-2.2249e-008	-0.01025
-2.1749e-008	-0.0111875
-2.1249e-008	-0.0111875
-2.0749e-008	-0.01275
-2.0249e-008	-0.0118125
-1.9749e-008	-0.0115
-1.9249e-008	-0.012125
-1.8749e-008	-0.0115
-1.8249e-008	-0.010875
-1.7749e-008	-0.0105625
-1.7249e-008	-0.0105625
-1.6749e-008	-0.0099375
-1.6249e-008	-0.0099375
-1.5749e-008	-0.009625
-1.5249e-008	-0.009625
-1.4749e-008	-0.0093125
-1.4249e-008	-0.0093125
-1.3749e-008	-0.0086875
-1.3249e-008	-0.0093125
-1.2749e-008	-0.009625
-1.2249e-008	-0.0099375
-1.1749e-008	-0.0105625
-1.1249e-008	-0.0111875
-1.0749e-008	-0.010875
-1.0249e-008	-0.0105625
-9.749e-009	-0.0115
-9.249e-009	-0.0115
-8.749e-009	-0.0111875
-8.249e-009	-0.0115
-7.749e-009	-0.010875
-7.249e-009	-0.01025
-6.749e-009	-0.0105625
-6.249e-009	-0.0099375
-5.749e-009	-0.0099375
-5.249e-009	-0.0086875
-4.749e-009	-0.0086875
-4.249e-009	-0.009
-3.749e-009	-0.0099375
-3.249e-009	-0.0099375
-2.749e-009	-0.01025
-2.249e-009	-0.0105625
-1.749e-009	-0.0105625
-1.249e-009	-0.010875
-7.49e-010	-0.0118125
-2.49e-010	-0.0118125
2.51e-010	-0.0124375
7.51e-010	-0.0115
1.251e-009	-0.0111875
1.751e-009	-0.010875
2.251e-009	-0.0111875
2.751e-009	-0.010875
3.251e-009	-0.0099375
3.751e-009	-0.0105625
4.251e-009	-0.01025
4.751e-009	-0.0099375
5.251e-009	-0.0093125
5.751e-009	-0.009625
6.251e-009	-0.0105625
6.751e-009	-0.01025
7.251e-009	-0.009625
7.751e-009	-0.010875
8.251e-009	-0.0111875
8.751e-009	-0.0115
9.251e-009	-0.0118125
9.751e-009	-0.0118125
1.0251e-008	-0.0118125
1.0751e-008	-0.010875
1.1251e-008	-0.010875
1.1751e-008	-0.010875
1.2251e-008	-0.010875
1.2751e-008	-0.0105625
1.3251e-008	-0.0093125
1.3751e-008	-0.01025
1.4251e-008	-0.01025
1.4751e-008	-0.01025
1.5251e-008	-0.0099375
1.5751e-008	-0.009625
1.6251e-008	-0.01025
1.6751e-008	-0.0099375
1.7251e-008	-0.0111875
1.7751e-008	-0.0111875
1.8251e-008	-0.0111875
1.8751e-008	-0.0111875
1.9251e-008	-0.0115
1.9751e-008	-0.0115
2.0251e-008	-0.0111875
2.0751e-008	-0.010875
2.1251e-008	-0.010875
2.1751e-008	-0.009
2.2251e-008	-0.009
2.2751e-008	-0.0093125
2.3251e-008	-0.009625
2.3751e-008	-0.0099375
2.4251e-008	-0.0093125
2.4751e-008	-0.01025
2.5251e-008	-0.0105625
2.5751e-008	-0.010875
2.6251e-008	-0.010875
2.6751e-008	-0.0099375
2.7251e-008	-0.0111875
2.7751e-008	-0.0115
2.8251e-008	-0.010875
2.8751e-008	-0.010875
2.9251e-008	-0.0105625
2.9751e-008	-0.0118125
3.0251e-008	-0.0111875
3.0751e-008	-0.01025
3.1251e-008	-0.0099375
3.1751e-008	-0.0086875
3.2251e-008	-0.008375
3.2751e-008	-0.009
3.3251e-008	-0.0093125
3.3751e-008	-0.009625
3.4251e-008	-0.009625
3.4751e-008	-0.009625
3.5251e-008	-0.0099375
3.5751e-008	-0.0105625
3.6251e-008	-0.010875
3.6751e-008	-0.010875
3.7251e-008	-0.0111875
3.7751e-008	-0.0111875
3.8251e-008	-0.0118125
3.8751e-008	-0.01025
3.9251e-008	-0.0099375
3.9751e-008	-0.010875
4.0251e-008	-0.01025
4.0751e-008	-0.0099375
4.1251e-008	-0.0093125
4.1751e-008	-0.009
4.2251e-008	-0.009
4.2751e-008	-0.0086875
4.3251e-008	-0.0086875
4.3751e-008	-0.009
4.4251e-008	-0.0093125
4.4751e-008	-0.009625
4.5251e-008	-0.01025
4.5751e-008	-0.0105625
4.6251e-008	-0.01025
4.6751e-008	-0.01025
4.7251e-008	-0.0105625
4.7751e-008	-0.0111875
4.8251e-008	-0.0118125
4.8751e-008	-0.010875
4.9251e-008	-0.009625
4.9751e-008	-0.0099375
5.0251e-008	-0.009625
5.0751e-008	-0.009
5.1251e-008	-0.0086875
5.1751e-008	-0.009
5.2251e-008	-0.0093125
5.2751e-008	-0.009625
5.3251e-008	-0.0086875
5.3751e-008	-0.0086875
5.4251e-008	-0.0099375
5.4751e-008	-0.0099375
5.5251e-008	-0.009625
5.5751e-008	-0.0099375
5.6251e-008	-0.0105625
5.6751e-008	-0.010875
5.7251e-008	-0.01025
5.7751e-008	-0.0105625
5.8251e-008	-0.0099375
5.8751e-008	-0.0099375
5.9251e-008	-0.0105625
5.9751e-008	-0.009625
6.0251e-008	-0.009
6.0751e-008	-0.009
6.1251e-008	-0.008375
6.1751e-008	-0.0080625
6.2251e-008	-0.0086875
6.2751e-008	-0.0093125
6.3251e-008	-0.009
6.3751e-008	-0.0086875
6.4251e-008	-0.0086875
6.4751e-008	-0.0099375
6.5251e-008	-0.01025
6.5751e-008	-0.01025
6.6251e-008	-0.0099375
6.6751e-008	-0.009625
6.7251e-008	-0.0099375
6.7751e-008	-0.009625
6.8251e-008	-0.009
6.8751e-008	-0.009
6.9251e-008	-0.0086875
6.9751e-008	-0.009
7.0251e-008	-0.0080625
7.0751e-008	-0.0080625
7.1251e-008	-0.0086875
7.1751e-008	-0.0093125
7.2251e-008	-0.0086875
7.2751e-008	-0.0086875
7.3251e-008	-0.009
7.3751e-008	-0.009625
7.4251e-008	-0.0093125
7.4751e-008	-0.009625
7.5251e-008	-0.01025
7.5751e-008	-0.0099375
7.6251e-008	-0.009625
7.6751e-008	-0.009625
7.7251e-008	-0.0093125
7.7751e-008	-0.0086875
7.8251e-008	-0.008375
7.8751e-008	-0.0086875
7.9251e-008	-0.0086875
7.9751e-008	-0.0086875
8.0251e-008	-0.0086875
8.0751e-008	-0.009
8.1251e-008	-0.008375
8.1751e-008	-0.009
8.2251e-008	-0.009
8.2751e-008	-0.009
8.3251e-008	-0.0086875
8.3751e-008	-0.0086875
8.4251e-008	-0.009
8.4751e-008	-0.009625
8.5251e-008	-0.0093125
8.5751e-008	-0.0093125
8.6251e-008	-0.0086875
8.6751e-008	-0.009
8.7251e-008	-0.0080625
8.7751e-008	-0.0086875
8.8251e-008	-0.0093125
8.8751e-008	-0.008375
8.9251e-008	-0.008375
8.9751e-008	-0.0093125
9.0251e-008	-0.0086875
9.0751e-008	-0.008375
9.1251e-008	-0.0080625
9.1751e-008	-0.0086875
9.2251e-008	-0.0080625
9.2751e-008	-0.0086875
9.3251e-008	-0.009
9.3751e-008	-0.008375
9.4251e-008	-0.0093125
9.4751e-008	-0.009625
9.5251e-008	-0.0080625
9.5751e-008	-0.008375
9.6251e-008	-0.0093125
9.6751e-008	-0.0093125
9.7251e-008	-0.00775
9.7751e-008	-0.00775
9.8251e-008	-0.0086875
9.8751e-008	-0.0086875
9.9251e-008	-0.0080625
9.9751e-008	-0.008375
1.00251e-007	-0.008375
1.00751e-007	-0.0086875
1.01251e-007	-0.009
1.01751e-007	-0.008375
1.02251e-007	-0.008375
1.02751e-007	-0.0093125
1.03251e-007	-0.0086875
1.03751e-007	-0.008375
1.04251e-007	-0.008375
1.04751e-007	-0.00775
1.05251e-007	-0.008375
1.05751e-007	-0.0080625
1.06251e-007	-0.0080625
1.06751e-007	-0.0086875
1.07251e-007	-0.008375
1.07751e-007	-0.0086875
1.08251e-007	-0.0086875
1.08751e-007	-0.009
1.09251e-007	-0.0086875
1.09751e-007	-0.008375
1.10251e-007	-0.0086875
1.10751e-007	-0.0080625
1.11251e-007	-0.0080625
1.11751e-007	-0.0086875
1.12251e-007	-0.00775
1.12751e-007	-0.00775
1.13251e-007	-0.00775
1.13751e-007	-0.0080625
1.14251e-007	-0.00775
1.14751e-007	-0.007125
1.15251e-007	-0.007125
1.15751e-007	-0.00775
1.16251e-007	-0.00775
1.16751e-007	-0.00775
1.17251e-007	-0.0080625
1.17751e-007	-0.008375
1.18251e-007	-0.0080625
1.18751e-007	-0.0086875
1.19251e-007	-0.008375
1.19751e-007	-0.008375
1.20251e-007	-0.0086875
1.20751e-007	-0.0086875
1.21251e-007	-0.008375
1.21751e-007	-0.0080625
1.22251e-007	-0.0080625
1.22751e-007	-0.0080625
1.23251e-007	-0.0068125
1.23751e-007	-0.0074375
1.24251e-007	-0.007125
1.24751e-007	-0.0065
1.25251e-007	-0.0061875
1.25751e-007	-0.0068125
1.26251e-007	-0.0080625
1.26751e-007	-0.0074375
1.27251e-007	-0.00775
1.27751e-007	-0.00775
1.28251e-007	-0.008375
1.28751e-007	-0.009
1.29251e-007	-0.008375
1.29751e-007	-0.009
1.30251e-007	-0.0093125
1.30751e-007	-0.008375
1.31251e-007	-0.0080625
1.31751e-007	-0.00775
1.32251e-007	-0.0074375
1.32751e-007	-0.0074375
1.33251e-007	-0.0074375
1.33751e-007	-0.0074375
1.34251e-007	-0.0065
1.34751e-007	-0.0065
1.35251e-007	-0.0061875
1.35751e-007	-0.0065
1.36251e-007	-0.0068125
1.36751e-007	-0.007125
1.37251e-007	-0.0080625
1.37751e-007	-0.009
1.38251e-007	-0.0080625
1.38751e-007	-0.0086875
1.39251e-007	-0.0086875
1.39751e-007	-0.0086875
1.40251e-007	-0.0080625
1.40751e-007	-0.008375
1.41251e-007	-0.0080625
1.41751e-007	-0.0074375
1.42251e-007	-0.0074375
1.42751e-007	-0.007125
1.43251e-007	-0.0068125
1.43751e-007	-0.0068125
1.44251e-007	-0.005875
1.44751e-007	-0.00525
1.45251e-007	-0.0055625
1.45751e-007	-0.0065
1.46251e-007	-0.0074375
1.46751e-007	-0.0074375
1.47251e-007	-0.0074375
1.47751e-007	-0.008375
1.48251e-007	-0.009
1.48751e-007	-0.0086875
1.49251e-007	-0.0080625
1.49751e-007	-0.0080625
1.50251e-007	-0.00775
1.50751e-007	-0.00775
1.51251e-007	-0.0074375
1.51751e-007	-0.0068125
1.52251e-007	-0.0061875
1.52751e-007	-0.0065
1.53251e-007	-0.0061875
1.53751e-007	-0.0065
1.54251e-007	-0.0061875
1.54751e-007	-0.0061875
1.55251e-007	-0.0065
1.55751e-007	-0.0068125
1.56251e-007	-0.00775
1.56751e-007	-0.008375
1.57251e-007	-0.00775
1.57751e-007	-0.0080625
1.58251e-007	-0.008375
1.58751e-007	-0.0086875
1.59251e-007	-0.0080625
1.59751e-007	-0.0080625
1.60251e-007	-0.00775
1.60751e-007	-0.0065
1.61251e-007	-0.0068125
1.61751e-007	-0.0068125
1.62251e-007	-0.0061875
1.62751e-007	-0.005875
1.63251e-007	-0.0055625
1.63751e-007	-0.0065
1.64251e-007	-0.0068125
1.64751e-007	-0.007125
1.65251e-007	-0.0068125
1.65751e-007	-0.007125
1.66251e-007	-0.00775
1.66751e-007	-0.0074375
1.67251e-007	-0.00775
1.67751e-007	-0.0080625
1.68251e-007	-0.0080625
1.68751e-007	-0.008375
1.69251e-007	-0.00775
1.69751e-007	-0.00775
1.70251e-007	-0.007125
1.70751e-007	-0.0061875
1.71251e-007	-0.0055625
1.71751e-007	-0.00525
1.72251e-007	-0.005875
1.72751e-007	-0.00525
1.73251e-007	-0.005875
1.73751e-007	-0.0061875
1.74251e-007	-0.005875
1.74751e-007	-0.0061875
1.75251e-007	-0.007125
1.75751e-007	-0.007125
1.76251e-007	-0.0074375
1.76751e-007	-0.008375
1.77251e-007	-0.0080625
1.77751e-007	-0.0086875
1.78251e-007	-0.0080625
1.78751e-007	-0.008375
1.79251e-007	-0.0074375
1.79751e-007	-0.007125
1.80251e-007	-0.0061875
1.80751e-007	-0.005875
1.81251e-007	-0.0049375
1.81751e-007	-0.004625
1.82251e-007	-0.0049375
1.82751e-007	-0.00525
1.83251e-007	-0.00525
1.83751e-007	-0.0061875
1.84251e-007	-0.0061875
1.84751e-007	-0.0068125
1.85251e-007	-0.0068125
1.85751e-007	-0.0080625
1.86251e-007	-0.0080625
1.86751e-007	-0.0086875
1.87251e-007	-0.0086875
1.87751e-007	-0.0086875
1.88251e-007	-0.0080625
1.88751e-007	-0.007125
1.89251e-007	-0.0068125
1.89751e-007	-0.0068125
1.90251e-007	-0.005875
1.90751e-007	-0.004625
1.91251e-007	-0.0049375
1.91751e-007	-0.0049375
1.92251e-007	-0.0043125
1.92751e-007	-0.0043125
1.93251e-007	-0.00525
1.93751e-007	-0.005875
1.94251e-007	-0.0068125
1.94751e-007	-0.0065
1.95251e-007	-0.00775
1.95751e-007	-0.008375
1.96251e-007	-0.0086875
1.96751e-007	-0.008375
1.97251e-007	-0.008375
1.97751e-007	-0.008375
1.98251e-007	-0.007125
1.98751e-007	-0.007125
1.99251e-007	-0.0061875
1.99751e-007	-0.005875
2.00251e-007	-0.0055625
2.00751e-007	-0.0055625
2.01251e-007	-0.00525
2.01751e-007	-0.0036875
2.02251e-007	-0.004
2.02751e-007	-0.0049375
2.03251e-007	-0.0049375
2.03751e-007	-0.0055625
2.04251e-007	-0.0065
2.04751e-007	-0.007125
2.05251e-007	-0.007125
2.05751e-007	-0.007125
2.06251e-007	-0.0080625
2.06751e-007	-0.00775
2.07251e-007	-0.0074375
2.07751e-007	-0.008375
2.08251e-007	-0.007125
2.08751e-007	-0.0061875
2.09251e-007	-0.005875
2.09751e-007	-0.0055625
2.10251e-007	-0.0055625
2.10751e-007	-0.004625
2.11251e-007	-0.004625
2.11751e-007	-0.004
2.12251e-007	-0.004625
2.12751e-007	-0.0055625
2.13251e-007	-0.0061875
2.13751e-007	-0.0055625
2.14251e-007	-0.0055625
2.14751e-007	-0.0061875
2.15251e-007	-0.00775
2.15751e-007	-0.00775
2.16251e-007	-0.0080625
2.16751e-007	-0.00775
2.17251e-007	-0.007125
2.17751e-007	-0.007125
2.18251e-007	-0.0061875
2.18751e-007	-0.0065
2.19251e-007	-0.0061875
2.19751e-007	-0.0049375
2.20251e-007	-0.0036875
2.20751e-007	-0.004
2.21251e-007	-0.00525
2.21751e-007	-0.0043125
2.22251e-007	-0.0049375
2.22751e-007	-0.005875
2.23251e-007	-0.005875
2.23751e-007	-0.0061875
2.24251e-007	-0.0061875
2.24751e-007	-0.00775
2.25251e-007	-0.0068125
2.25751e-007	-0.0074375
2.26251e-007	-0.0068125
2.26751e-007	-0.0065
2.27251e-007	-0.0068125
2.27751e-007	-0.007125
2.28251e-007	-0.0061875
2.28751e-007	-0.0055625
2.29251e-007	-0.00525
2.29751e-007	-0.00525
2.30251e-007	-0.004
2.30751e-007	-0.0043125
2.31251e-007	-0.00525
2.31751e-007	-0.0049375
2.32251e-007	-0.0055625
2.32751e-007	-0.00525
2.33251e-007	-0.0065
2.33751e-007	-0.0074375
2.34251e-007	-0.007125
2.34751e-007	-0.007125
2.35251e-007	-0.00775
2.35751e-007	-0.007125
2.36251e-007	-0.0065
2.36751e-007	-0.0068125
2.37251e-007	-0.0061875
2.37751e-007	-0.00525
2.38251e-007	-0.0055625
2.38751e-007	-0.0049375
2.39251e-007	-0.004625
2.39751e-007	-0.004
2.40251e-007	-0.0036875
2.40751e-007	-0.004625
2.41251e-007	-0.00525
2.41751e-007	-0.00525
2.42251e-007	-0.00525
2.42751e-007	-0.0055625
2.43251e-007	-0.0065
2.43751e-007	-0.007125
2.44251e-007	-0.0074375
2.44751e-007	-0.0074375
2.45251e-007	-0.00775
2.45751e-007	-0.008375
2.46251e-007	-0.0068125
2.46751e-007	-0.0061875
2.47251e-007	-0.005875
2.47751e-007	-0.0055625
2.48251e-007	-0.005875
2.48751e-007	-0.004625
2.49251e-007	-0.004
2.49751e-007	-0.0043125
2.50251e-007	-0.004
2.50751e-007	-0.0043125
2.51251e-007	-0.0043125
2.51751e-007	-0.0055625
2.52251e-007	-0.0055625
2.52751e-007	-0.0065
2.53251e-007	-0.0074375
2.53751e-007	-0.0074375
2.54251e-007	-0.0074375
2.54751e-007	-0.0074375
2.55251e-007	-0.0074375
2.55751e-007	-0.007125
2.56251e-007	-0.0068125
2.56751e-007	-0.0061875
2.57251e-007	-0.00525
2.57751e-007	-0.004625
2.58251e-007	-0.0049375
2.58751e-007	-0.004
2.59251e-007	-0.0036875
2.59751e-007	-0.0030625
2.60251e-007	-0.004625
2.60751e-007	-0.004
2.61251e-007	-0.0043125
2.61751e-007	-0.00525
2.62251e-007	-0.0055625
2.62751e-007	-0.0055625
2.63251e-007	-0.0065
2.63751e-007	-0.0074375
2.64251e-007	-0.0074375
2.64751e-007	-0.007125
2.65251e-007	-0.0074375
2.65751e-007	-0.007125
2.66251e-007	-0.0068125
2.66751e-007	-0.0068125
2.67251e-007	-0.005875
2.67751e-007	-0.00525
2.68251e-007	-0.0049375
2.68751e-007	-0.004
2.69251e-007	-0.004
2.69751e-007	-0.0036875
2.70251e-007	-0.003375
2.70751e-007	-0.0036875
2.71251e-007	-0.004
2.71751e-007	-0.004625
2.72251e-007	-0.0049375
2.72751e-007	-0.0055625
2.73251e-007	-0.0055625
2.73751e-007	-0.005875
2.74251e-007	-0.007125
2.74751e-007	-0.007125
2.75251e-007	-0.0061875
2.75751e-007	-0.007125
2.76251e-007	-0.007125
2.76751e-007	-0.0065
2.77251e-007	-0.0061875
2.77751e-007	-0.00525
2.78251e-007	-0.0043125
2.78751e-007	-0.004625
2.79251e-007	-0.0049375
2.79751e-007	-0.003375
2.80251e-007	-0.004
2.80751e-007	-0.0036875
2.81251e-007	-0.0036875
2.81751e-007	-0.004
2.82251e-007	-0.0043125
2.82751e-007	-0.0049375
2.83251e-007	-0.0055625
2.83751e-007	-0.0055625
2.84251e-007	-0.0055625
2.84751e-007	-0.005875
2.85251e-007	-0.0065
2.85751e-007	-0.005875
2.86251e-007	-0.0061875
2.86751e-007	-0.0068125
2.87251e-007	-0.0065
2.87751e-007	-0.0061875
2.88251e-007	-0.0049375
2.88751e-007	-0.0055625
2.89251e-007	-0.0049375
2.89751e-007	-0.0043125
2.90251e-007	-0.0043125
2.90751e-007	-0.003375
2.91251e-007	-0.0036875
2.91751e-007	-0.0049375
2.92251e-007	-0.0049375
2.92751e-007	-0.0049375
2.93251e-007	-0.004
2.93751e-007	-0.004625
2.94251e-007	-0.0055625
2.94751e-007	-0.0055625
2.95251e-007	-0.0055625
2.95751e-007	-0.0065
2.96251e-007	-0.0068125
2.96751e-007	-0.0061875
2.97251e-007	-0.0055625
2.97751e-007	-0.0061875
2.98251e-007	-0.00525
2.98751e-007	-0.0055625
2.99251e-007	-0.0055625
2.99751e-007	-0.0049375
3.00251e-007	-0.0055625
3.00751e-007	-0.004625
3.01251e-007	-0.004625
3.01751e-007	-0.004
3.02251e-007	-0.004
3.02751e-007	-0.0049375
3.03251e-007	-0.004625
3.03751e-007	-0.0043125
3.04251e-007	-0.0049375
3.04751e-007	-0.0049375
3.05251e-007	-0.0055625
3.05751e-007	-0.0049375
3.06251e-007	-0.005875
3.06751e-007	-0.0055625
3.07251e-007	-0.00525
3.07751e-007	-0.0065
3.08251e-007	-0.005875
3.08751e-007	-0.0065
3.09251e-007	-0.005875
3.09751e-007	-0.0049375
3.10251e-007	-0.00525
3.10751e-007	-0.004625
3.11251e-007	-0.00525
3.11751e-007	-0.0049375
3.12251e-007	-0.0043125
3.12751e-007	-0.004625
3.13251e-007	-0.0049375
3.13751e-007	-0.00525
3.14251e-007	-0.0043125
3.14751e-007	-0.004
3.15251e-007	-0.0049375
3.15751e-007	-0.004625
3.16251e-007	-0.005875
3.16751e-007	-0.005875
3.17251e-007	-0.0049375
3.17751e-007	-0.0055625
3.18251e-007	-0.00525
3.18751e-007	-0.0061875
3.19251e-007	-0.0055625
3.19751e-007	-0.00525
3.20251e-007	-0.005875
3.20751e-007	-0.004625
3.21251e-007	-0.004625
3.21751e-007	-0.0049375
3.22251e-007	-0.0049375
3.22751e-007	-0.0049375
3.23251e-007	-0.0043125
3.23751e-007	-0.0049375
3.24251e-007	-0.004625
3.24751e-007	-0.004
3.25251e-007	-0.004625
3.25751e-007	-0.0043125
3.26251e-007	-0.004625
3.26751e-007	-0.004625
3.27251e-007	-0.0049375
3.27751e-007	-0.00525
3.28251e-007	-0.0049375
3.28751e-007	-0.0055625
3.29251e-007	-0.0055625
3.29751e-007	-0.005875
3.30251e-007	-0.00525
3.30751e-007	-0.0043125
3.31251e-007	-0.0049375
3.31751e-007	-0.0043125
3.32251e-007	-0.0049375
3.32751e-007	-0.00525
3.33251e-007	-0.004
3.33751e-007	-0.0043125
3.34251e-007	-0.0049375
3.34751e-007	-0.0049375
3.35251e-007	-0.0049375
3.35751e-007	-0.0049375
3.36251e-007	-0.00525
3.36751e-007	-0.004625
3.37251e-007	-0.0043125
3.37751e-007	-0.0049375
3.38251e-007	-0.004625
3.38751e-007	-0.0055625
3.39251e-007	-0.004625
3.39751e-007	-0.004625
3.40251e-007	-0.0049375
3.40751e-007	-0.0043125
3.41251e-007	-0.0049375
3.41751e-007	-0.0043125
3.42251e-007	-0.004625
3.42751e-007	-0.0049375
3.43251e-007	-0.0043125
3.43751e-007	-0.0049375
3.44251e-007	-0.0055625
3.44751e-007	-0.0049375
3.45251e-007	-0.0049375
3.45751e-007	-0.00525
3.46251e-007	-0.0061875
3.46751e-007	-0.0055625
3.47251e-007	-0.0049375
3.47751e-007	-0.0049375
3.48251e-007	-0.004625
3.48751e-007	-0.0049375
3.49251e-007	-0.004625
3.49751e-007	-0.0036875
3.50251e-007	-0.004625
3.50751e-007	-0.004
3.51251e-007	-0.003375
3.51751e-007	-0.0036875
3.52251e-007	-0.0049375
3.52751e-007	-0.0049375
3.53251e-007	-0.004
3.53751e-007	-0.0043125
3.54251e-007	-0.004625
3.54751e-007	-0.0055625
3.55251e-007	-0.0055625
3.55751e-007	-0.00525
3.56251e-007	-0.0055625
3.56751e-007	-0.00525
3.57251e-007	-0.0049375
3.57751e-007	-0.0049375
3.58251e-007	-0.004625
3.58751e-007	-0.0043125
3.59251e-007	-0.0036875
3.59751e-007	-0.004
3.60251e-007	-0.0036875
3.60751e-007	-0.0030625
3.61251e-007	-0.003375
3.61751e-007	-0.0030625
3.62251e-007	-0.0036875
3.62751e-007	-0.004
3.63251e-007	-0.003375
3.63751e-007	-0.004625
3.64251e-007	-0.004625
3.64751e-007	-0.0049375
3.65251e-007	-0.00525
3.65751e-007	-0.0055625
3.66251e-007	-0.0061875
3.66751e-007	-0.005875
3.67251e-007	-0.0055625
3.67751e-007	-0.004625
3.68251e-007	-0.0043125
3.68751e-007	-0.004
3.69251e-007	-0.004
3.69751e-007	-0.004
3.70251e-007	-0.0030625
3.70751e-007	-0.0030625
3.71251e-007	-0.003375
3.71751e-007	-0.00275
3.72251e-007	-0.003375
3.72751e-007	-0.0036875
3.73251e-007	-0.0036875
3.73751e-007	-0.0043125
3.74251e-007	-0.0043125
3.74751e-007	-0.00525
3.75251e-007	-0.005875
3.75751e-007	-0.005875
3.76251e-007	-0.0055625
3.76751e-007	-0.00525
3.77251e-007	-0.005875
3.77751e-007	-0.0055625
3.78251e-007	-0.0043125
3.78751e-007	-0.003375
3.79251e-007	-0.0036875
3.79751e-007	-0.003375
3.80251e-007	-0.002125
3.80751e-007	-0.00275
3.81251e-007	-0.0024375
3.81751e-007	-0.0024375
3.82251e-007	-0.0024375
3.82751e-007	-0.0030625
3.83251e-007	-0.004
3.83751e-007	-0.004
3.84251e-007	-0.0043125
3.84751e-007	-0.0049375
3.85251e-007	-0.00525
3.85751e-007	-0.0061875
3.86251e-007	-0.005875
3.86751e-007	-0.0055625
3.87251e-007	-0.00525
3.87751e-007	-0.0049375
3.88251e-007	-0.0049375
3.88751e-007	-0.004
3.89251e-007	-0.004
3.89751e-007	-0.003375
3.90251e-007	-0.0018125
3.90751e-007	-0.0024375
3.91251e-007	-0.0024375
3.91751e-007	-0.0024375
3.92251e-007	-0.0036875
3.92751e-007	-0.0036875
3.93251e-007	-0.0036875
3.93751e-007	-0.0043125
3.94251e-007	-0.004625
3.94751e-007	-0.0043125
3.95251e-007	-0.0049375
3.95751e-007	-0.0061875
3.96251e-007	-0.00525
3.96751e-007	-0.0049375
3.97251e-007	-0.004625
3.97751e-007	-0.004
3.98251e-007	-0.004
3.98751e-007	-0.003375
3.99251e-007	-0.003375
3.99751e-007	-0.0030625
4.00251e-007	-0.0030625
4.00751e-007	-0.00275
4.01251e-007	-0.002125
4.01751e-007	-0.0024375
4.02251e-007	-0.0024375
4.02751e-007	-0.0030625
4.03251e-007	-0.004625
4.03751e-007	-0.004
4.04251e-007	-0.004625
4.04751e-007	-0.004625
4.05251e-007	-0.004625
4.05751e-007	-0.00525
4.06251e-007	-0.00525
4.06751e-007	-0.00525
4.07251e-007	-0.004625
4.07751e-007	-0.0036875
4.08251e-007	-0.0036875
4.08751e-007	-0.0030625
4.09251e-007	-0.0030625
4.09751e-007	-0.0030625
4.10251e-007	-0.0024375
4.10751e-007	-0.0024375
4.11251e-007	-0.002125
4.11751e-007	-0.0024375
4.12251e-007	-0.0030625
4.12751e-007	-0.003375
4.13251e-007	-0.004
4.13751e-007	-0.004
4.14251e-007	-0.004625
4.14751e-007	-0.0049375
4.15251e-007	-0.0049375
4.15751e-007	-0.0049375
4.16251e-007	-0.004625
4.16751e-007	-0.0043125
4.17251e-007	-0.0043125
4.17751e-007	-0.0036875
4.18251e-007	-0.004
4.18751e-007	-0.0030625
4.19251e-007	-0.0024375
4.19751e-007	-0.002125
4.20251e-007	-0.0024375
4.20751e-007	-0.003375
4.21251e-007	-0.0024375
4.21751e-007	-0.0030625
4.22251e-007	-0.003375
4.22751e-007	-0.0036875
4.23251e-007	-0.0043125
4.23751e-007	-0.004
4.24251e-007	-0.0049375
4.24751e-007	-0.00525
4.25251e-007	-0.004625
4.25751e-007	-0.0043125
4.26251e-007	-0.003375
4.26751e-007	-0.003375
4.27251e-007	-0.003375
4.27751e-007	-0.0030625
4.28251e-007	-0.0030625
4.28751e-007	-0.00275
4.29251e-007	-0.0030625
4.29751e-007	-0.002125
4.30251e-007	-0.002125
4.30751e-007	-0.0030625
4.31251e-007	-0.0030625
4.31751e-007	-0.003375
4.32251e-007	-0.0036875
4.32751e-007	-0.004
4.33251e-007	-0.004625
4.33751e-007	-0.004625
4.34251e-007	-0.0049375
4.34751e-007	-0.004
4.35251e-007	-0.004
4.35751e-007	-0.004
4.36251e-007	-0.0043125
4.36751e-007	-0.003375
4.37251e-007	-0.0030625
4.37751e-007	-0.00275
4.38251e-007	-0.0030625
4.38751e-007	-0.002125
4.39251e-007	-0.00275
4.39751e-007	-0.0024375
4.40251e-007	-0.0024375
4.40751e-007	-0.003375
4.41251e-007	-0.0036875
4.41751e-007	-0.0043125
4.42251e-007	-0.004
4.42751e-007	-0.004625
4.43251e-007	-0.004
4.43751e-007	-0.0043125
4.44251e-007	-0.00525
4.44751e-007	-0.004625
4.45251e-007	-0.0036875
4.45751e-007	-0.0043125
4.46251e-007	-0.003375
4.46751e-007	-0.0030625
4.47251e-007	-0.0024375
4.47751e-007	-0.003375
4.48251e-007	-0.00275
4.48751e-007	-0.0024375
4.49251e-007	-0.002125
4.49751e-007	-0.0024375
4.50251e-007	-0.0030625
4.50751e-007	-0.003375
4.51251e-007	-0.0030625
4.51751e-007	-0.0036875
4.52251e-007	-0.004625
4.52751e-007	-0.0049375
4.53251e-007	-0.0043125
4.53751e-007	-0.003375
4.54251e-007	-0.004
4.54751e-007	-0.003375
4.55251e-007	-0.0036875
4.55751e-007	-0.0030625
4.56251e-007	-0.0030625
4.56751e-007	-0.0024375
4.57251e-007	-0.0018125
4.57751e-007	-0.0024375
4.58251e-007	-0.0024375
4.58751e-007	-0.00275
4.59251e-007	-0.0030625
4.59751e-007	-0.0030625
4.60251e-007	-0.0036875
4.60751e-007	-0.003375
4.61251e-007	-0.003375
4.61751e-007	-0.0036875
4.62251e-007	-0.0043125
4.62751e-007	-0.004625
4.63251e-007	-0.0036875
4.63751e-007	-0.003375
4.64251e-007	-0.003375
4.64751e-007	-0.003375
4.65251e-007	-0.0030625
4.65751e-007	-0.00275
4.66251e-007	-0.00275
4.66751e-007	-0.0024375
4.67251e-007	-0.0015
4.67751e-007	-0.002125
4.68251e-007	-0.0024375
4.68751e-007	-0.00275
4.69251e-007	-0.00275
4.69751e-007	-0.003375
4.70251e-007	-0.0043125
4.70751e-007	-0.004
4.71251e-007	-0.004
4.71751e-007	-0.0043125
4.72251e-007	-0.004625
4.72751e-007	-0.004625
4.73251e-007	-0.0036875
4.73751e-007	-0.0036875
4.74251e-007	-0.0043125
4.74751e-007	-0.003375
4.75251e-007	-0.0024375
4.75751e-007	-0.0018125
4.76251e-007	-0.0018125
4.76751e-007	-0.0011875
4.77251e-007	-0.0018125
4.77751e-007	-0.002125
4.78251e-007	-0.00275
4.78751e-007	-0.0030625
4.79251e-007	-0.0030625
4.79751e-007	-0.0030625
4.80251e-007	-0.0036875
4.80751e-007	-0.0030625
4.81251e-007	-0.0043125
4.81751e-007	-0.0043125
4.82251e-007	-0.0043125
4.82751e-007	-0.0036875
4.83251e-007	-0.0036875
4.83751e-007	-0.004
4.84251e-007	-0.003375
4.84751e-007	-0.003375
4.85251e-007	-0.0030625
4.85751e-007	-0.002125
4.86251e-007	-0.0015
4.86751e-007	-0.0018125
4.87251e-007	-0.0024375
4.87751e-007	-0.0024375
4.88251e-007	-0.0024375
4.88751e-007	-0.00275
4.89251e-007	-0.0024375
4.89751e-007	-0.0030625
4.90251e-007	-0.0036875
4.90751e-007	-0.0043125
4.91251e-007	-0.003375
4.91751e-007	-0.003375
4.92251e-007	-0.004
4.92751e-007	-0.004
4.93251e-007	-0.0030625
4.93751e-007	-0.0030625
4.94251e-007	-0.0030625
4.94751e-007	-0.0024375
4.95251e-007	-0.0024375
4.95751e-007	-0.0018125
4.96251e-007	-0.00275
4.96751e-007	-0.0030625
4.97251e-007	-0.00275
4.97751e-007	-0.002125
4.98251e-007	-0.0030625
4.98751e-007	-0.003375
4.99251e-007	-0.003375
4.99751e-007	-0.0024375
5.00251e-007	-0.0030625
5.00751e-007	-0.003375
5.01251e-007	-0.0036875
5.01751e-007	-0.00275
5.02251e-007	-0.00275
5.02751e-007	-0.0024375
5.03251e-007	-0.0030625
5.03751e-007	-0.0030625
5.04251e-007	-0.002125
5.04751e-007	-0.0024375
5.05251e-007	-0.0024375
5.05751e-007	-0.0024375
5.06251e-007	-0.00275
5.06751e-007	-0.0030625
5.07251e-007	-0.0024375
5.07751e-007	-0.00275
5.08251e-007	-0.003375
5.08751e-007	-0.0036875
5.09251e-007	-0.0036875
5.09751e-007	-0.003375
5.10251e-007	-0.0030625
5.10751e-007	-0.00275
5.11251e-007	-0.0024375
5.11751e-007	-0.00275
5.12251e-007	-0.002125
5.12751e-007	-0.0024375
5.13251e-007	-0.002125
5.13751e-007	-0.002125
5.14251e-007	-0.002125
5.14751e-007	-0.00275
5.15251e-007	-0.0030625
5.15751e-007	-0.0024375
5.16251e-007	-0.0024375
5.16751e-007	-0.0030625
5.17251e-007	-0.0036875
5.17751e-007	-0.0030625
5.18251e-007	-0.0030625
5.18751e-007	-0.0030625
5.19251e-007	-0.0036875
5.19751e-007	-0.0030625
5.20251e-007	-0.0030625
5.20751e-007	-0.0024375
5.21251e-007	-0.0018125
5.21751e-007	-0.002125
5.22251e-007	-0.002125
5.22751e-007	-0.0015
5.23251e-007	-0.0018125
5.23751e-007	-0.002125
5.24251e-007	-0.0024375
5.24751e-007	-0.002125
5.25251e-007	-0.00275
5.25751e-007	-0.0030625
5.26251e-007	-0.003375
5.26751e-007	-0.0036875
5.27251e-007	-0.0036875
5.27751e-007	-0.0036875
5.28251e-007	-0.004
5.28751e-007	-0.004
5.29251e-007	-0.003375
5.29751e-007	-0.00275
5.30251e-007	-0.00275
5.30751e-007	-0.002125
5.31251e-007	-0.0011875
5.31751e-007	-0.002125
5.32251e-007	-0.0015
5.32751e-007	-0.0018125
5.33251e-007	-0.000875
5.33751e-007	-0.000875
5.34251e-007	-0.0018125
5.34751e-007	-0.0024375
5.35251e-007	-0.0024375
5.35751e-007	-0.00275
5.36251e-007	-0.00275
5.36751e-007	-0.0036875
5.37251e-007	-0.0043125
5.37751e-007	-0.004625
5.38251e-007	-0.0036875
5.38751e-007	-0.003375
5.39251e-007	-0.0036875
5.39751e-007	-0.0024375
5.40251e-007	-0.0024375
5.40751e-007	-0.002125
5.41251e-007	-0.0018125
5.41751e-007	-0.0015
5.42251e-007	-0.0011875
5.42751e-007	-0.0015
5.43251e-007	-0.000875
5.43751e-007	-0.0015
5.44251e-007	-0.002125
5.44751e-007	-0.0018125
5.45251e-007	-0.0030625
5.45751e-007	-0.00275
5.46251e-007	-0.003375
5.46751e-007	-0.004
5.47251e-007	-0.004
5.47751e-007	-0.0036875
5.48251e-007	-0.0030625
5.48751e-007	-0.0030625
5.49251e-007	-0.0030625
5.49751e-007	-0.002125
5.50251e-007	-0.0024375
5.50751e-007	-0.0024375
5.51251e-007	-0.0018125
5.51751e-007	-0.0015
5.52251e-007	-0.0011875
5.52751e-007	-0.0024375
5.53251e-007	-0.0011875
5.53751e-007	-0.002125
5.54251e-007	-0.0015
5.54751e-007	-0.0018125
5.55251e-007	-0.0024375
5.55751e-007	-0.0024375
5.56251e-007	-0.0036875
5.56751e-007	-0.003375
5.57251e-007	-0.0030625
5.57751e-007	-0.0030625
5.58251e-007	-0.0024375
5.58751e-007	-0.0030625
5.59251e-007	-0.0030625
5.59751e-007	-0.002125
5.60251e-007	-0.0018125
5.60751e-007	-0.002125
5.61251e-007	-0.00275
5.61751e-007	-0.0024375
5.62251e-007	-0.002125
5.62751e-007	-0.0024375
5.63251e-007	-0.00275
5.63751e-007	-0.0024375
5.64251e-007	-0.002125
5.64751e-007	-0.00275
5.65251e-007	-0.0030625
5.65751e-007	-0.0024375
5.66251e-007	-0.0030625
5.66751e-007	-0.00275
5.67251e-007	-0.0024375
5.67751e-007	-0.0018125
5.68251e-007	-0.0018125
5.68751e-007	-0.0024375
5.69251e-007	-0.002125
5.69751e-007	-0.0024375
5.70251e-007	-0.002125
5.70751e-007	-0.0024375
5.71251e-007	-0.00275
5.71751e-007	-0.00275
5.72251e-007	-0.0024375
5.72751e-007	-0.0030625
5.73251e-007	-0.003375
5.73751e-007	-0.003375
5.74251e-007	-0.00275
5.74751e-007	-0.0030625
5.75251e-007	-0.0024375
5.75751e-007	-0.002125
5.76251e-007	-0.0024375
5.76751e-007	-0.0018125
5.77251e-007	-0.0018125
5.77751e-007	-0.002125
5.78251e-007	-0.0015
5.78751e-007	-0.0011875
5.79251e-007	-0.0011875
5.79751e-007	-0.002125
5.80251e-007	-0.002125
5.80751e-007	-0.00275
5.81251e-007	-0.0030625
5.81751e-007	-0.0030625
5.82251e-007	-0.00275
5.82751e-007	-0.0030625
5.83251e-007	-0.004
5.83751e-007	-0.003375
5.84251e-007	-0.0030625
5.84751e-007	-0.003375
5.85251e-007	-0.0030625
5.85751e-007	-0.0024375
5.86251e-007	-0.0018125
5.86751e-007	-0.002125
5.87251e-007	-0.000875
5.87751e-007	-0.0011875
5.88251e-007	-0.0015
5.88751e-007	-0.0011875
5.89251e-007	-0.0005625
5.89751e-007	-0.000875
5.90251e-007	-0.0018125
5.90751e-007	-0.002125
5.91251e-007	-0.0024375
5.91751e-007	-0.0036875
5.92251e-007	-0.003375
5.92751e-007	-0.0030625
5.93251e-007	-0.003375
5.93751e-007	-0.0036875
5.94251e-007	-0.003375
5.94751e-007	-0.003375
5.95251e-007	-0.0030625
5.95751e-007	-0.002125
5.96251e-007	-0.0011875
5.96751e-007	-0.0015
5.97251e-007	-0.0011875
5.97751e-007	-0.0018125
5.98251e-007	-0.000875
5.98751e-007	-0.00025
5.99251e-007	-0.000875
5.99751e-007	-0.0005625
6.00251e-007	-0.000875
6.00751e-007	-0.002125
6.01251e-007	-0.0024375
6.01751e-007	-0.003375
6.02251e-007	-0.003375
6.02751e-007	-0.003375
6.03251e-007	-0.003375
6.03751e-007	-0.0036875
6.04251e-007	-0.004
6.04751e-007	-0.0024375
6.05251e-007	-0.0024375
6.05751e-007	-0.002125
6.06251e-007	-0.0011875
6.06751e-007	-0.000875
6.07251e-007	-0.00025
6.07751e-007	-0.0011875
6.08251e-007	-0.0005625
6.08751e-007	-0.00025
6.09251e-007	-0.0015
6.09751e-007	-0.0015
6.10251e-007	-0.0011875
6.10751e-007	-0.002125
6.11251e-007	-0.00275
6.11751e-007	-0.003375
6.12251e-007	-0.00275
6.12751e-007	-0.003375
6.13251e-007	-0.003375
6.13751e-007	-0.0030625
6.14251e-007	-0.0030625
6.14751e-007	-0.0024375
6.15251e-007	-0.002125
6.15751e-007	-0.0015
6.16251e-007	-0.000875
6.16751e-007	-0.002125
6.17251e-007	-0.000875
6.17751e-007	-0.000875
6.18251e-007	-0.000875
6.18751e-007	-0.000875
6.19251e-007	-0.0015
6.19751e-007	-0.002125
6.20251e-007	-0.0024375
6.20751e-007	-0.0024375
6.21251e-007	-0.0030625
6.21751e-007	-0.003375
6.22251e-007	-0.0030625
6.22751e-007	-0.0030625
6.23251e-007	-0.0024375
6.23751e-007	-0.0024375
6.24251e-007	-0.0024375
6.24751e-007	-0.0015
6.25251e-007	-0.0018125
6.25751e-007	-0.0015
6.26251e-007	-0.0011875
6.26751e-007	-0.0015
6.27251e-007	-0.0011875
6.27751e-007	-0.0011875
6.28251e-007	-0.0015
6.28751e-007	-0.0018125
6.29251e-007	-0.0024375
6.29751e-007	-0.0024375
6.30251e-007	-0.00275
6.30751e-007	-0.0030625
6.31251e-007	-0.003375
6.31751e-007	-0.0030625
6.32251e-007	-0.00275
6.32751e-007	-0.00275
6.33251e-007	-0.0018125
6.33751e-007	-0.002125
6.34251e-007	-0.0018125
6.34751e-007	-0.0011875
6.35251e-007	-0.0011875
6.35751e-007	-0.0005625
6.36251e-007	-0.00025
6.36751e-007	-0.000875
6.37251e-007	-0.0005625
6.37751e-007	-0.0011875
6.38251e-007	-0.0015
6.38751e-007	-0.0024375
6.39251e-007	-0.00275
6.39751e-007	-0.00275
6.40251e-007	-0.003375
6.40751e-007	-0.004
6.41251e-007	-0.0036875
6.41751e-007	-0.00275
6.42251e-007	-0.00275
6.42751e-007	-0.0030625
6.43251e-007	-0.0024375
6.43751e-007	-0.0018125
6.44251e-007	-0.0011875
6.44751e-007	6.25e-005
6.45251e-007	-0.0011875
6.45751e-007	-0.0005625
6.46251e-007	6.25e-005
6.46751e-007	-0.000875
6.47251e-007	-0.000875
6.47751e-007	-0.0011875
6.48251e-007	-0.0011875
6.48751e-007	-0.0024375
6.49251e-007	-0.0036875
6.49751e-007	-0.002125
6.50251e-007	-0.0030625
6.50751e-007	-0.0036875
6.51251e-007	-0.0043125
6.51751e-007	-0.003375
6.52251e-007	-0.00275
6.52751e-007	-0.0030625
6.53251e-007	-0.0011875
6.53751e-007	-0.0015
6.54251e-007	-0.0015
6.54751e-007	6.25e-005
6.55251e-007	6.25e-005
6.55751e-007	-0.00025
6.56251e-007	-0.00025
6.56751e-007	-0.0011875
6.57251e-007	-0.000875
6.57751e-007	-0.0015
6.58251e-007	-0.0018125
6.58751e-007	-0.00275
6.59251e-007	-0.00275
6.59751e-007	-0.00275
6.60251e-007	-0.0030625
6.60751e-007	-0.0030625
6.61251e-007	-0.003375
6.61751e-007	-0.0024375
6.62251e-007	-0.0024375
6.62751e-007	-0.00275
6.63251e-007	-0.0018125
6.63751e-007	-0.0005625
6.64251e-007	6.25e-005
6.64751e-007	-0.00025
6.65251e-007	-0.0005625
6.65751e-007	0.000375
6.66251e-007	-0.0005625
6.66751e-007	-0.000875
6.67251e-007	-0.0005625
6.67751e-007	-0.000875
6.68251e-007	-0.0015
6.68751e-007	-0.0024375
6.69251e-007	-0.0024375
6.69751e-007	-0.00275
6.70251e-007	-0.0030625
6.70751e-007	-0.0024375
6.71251e-007	-0.0024375
6.71751e-007	-0.00275
6.72251e-007	-0.0024375
6.72751e-007	-0.0018125
6.73251e-007	-0.000875
6.73751e-007	-0.0018125
6.74251e-007	-0.0011875
6.74751e-007	-0.0005625
6.75251e-007	-0.0005625
6.75751e-007	-0.00025
6.76251e-007	-0.0005625
6.76751e-007	-0.0005625
6.77251e-007	-0.0005625
6.77751e-007	-0.0011875
6.78251e-007	-0.0018125
6.78751e-007	-0.0024375
6.79251e-007	-0.0024375
6.79751e-007	-0.00275
6.80251e-007	-0.0030625
6.80751e-007	-0.0024375
6.81251e-007	-0.0024375
6.81751e-007	-0.002125
6.82251e-007	-0.0018125
6.82751e-007	-0.000875
6.83251e-007	-0.0011875
6.83751e-007	-0.0018125
6.84251e-007	-0.0011875
6.84751e-007	-0.0011875
6.85251e-007	-0.0011875
6.85751e-007	-0.000875
6.86251e-007	-0.000875
6.86751e-007	-0.0011875
6.87251e-007	-0.0015
6.87751e-007	-0.002125
6.88251e-007	-0.0024375
6.88751e-007	-0.0024375
6.89251e-007	-0.0018125
6.89751e-007	-0.0018125
6.90251e-007	-0.0018125
6.90751e-007	-0.0018125
6.91251e-007	-0.0018125
6.91751e-007	-0.0015
6.92251e-007	-0.0018125
6.92751e-007	-0.0011875
6.93251e-007	-0.0015
6.93751e-007	-0.0011875
6.94251e-007	-0.0011875
6.94751e-007	-0.0011875
6.95251e-007	-0.0015
6.95751e-007	-0.0015
6.96251e-007	-0.0015
6.96751e-007	-0.0018125
6.97251e-007	-0.0018125
6.97751e-007	-0.0018125
6.98251e-007	-0.0018125
6.98751e-007	-0.0015
6.99251e-007	-0.0018125
6.99751e-007	-0.0018125
7.00251e-007	-0.000875
7.00751e-007	-0.0018125
7.01251e-007	-0.0018125
7.01751e-007	-0.000875
7.02251e-007	-0.0011875
7.02751e-007	-0.0011875
7.03251e-007	-0.000875
7.03751e-007	-0.000875
7.04251e-007	-0.0011875
7.04751e-007	-0.0018125
7.05251e-007	-0.0011875
7.05751e-007	-0.0011875
7.06251e-007	-0.002125
7.06751e-007	-0.00275
7.07251e-007	-0.0024375
7.07751e-007	-0.002125
7.08251e-007	-0.0024375
7.08751e-007	-0.002125
7.09251e-007	-0.0018125
7.09751e-007	-0.002125
7.10251e-007	-0.0011875
7.10751e-007	-0.0011875
7.11251e-007	-0.0005625
7.11751e-007	-0.000875
7.12251e-007	-0.0015
7.12751e-007	-0.00025
7.13251e-007	-0.00025
7.13751e-007	-0.0011875
7.14251e-007	-0.000875
7.14751e-007	-0.0011875
7.15251e-007	-0.0015
7.15751e-007	-0.0011875
7.16251e-007	-0.0011875
7.16751e-007	-0.0024375
7.17251e-007	-0.00275
7.17751e-007	-0.0018125
7.18251e-007	-0.0015
7.18751e-007	-0.002125
7.19251e-007	-0.0024375
7.19751e-007	-0.0011875
7.20251e-007	-0.0005625
7.20751e-007	-0.0018125
7.21251e-007	-0.0011875
7.21751e-007	-0.000875
7.22251e-007	-0.0005625
7.22751e-007	-0.0011875
7.23251e-007	-0.000875
7.23751e-007	-0.000875
7.24251e-007	-0.0011875
7.24751e-007	-0.0011875
7.25251e-007	-0.0018125
7.25751e-007	-0.002125
7.26251e-007	-0.0011875
7.26751e-007	-0.0018125
7.27251e-007	-0.0018125
7.27751e-007	-0.002125
7.28251e-007	-0.0018125
7.28751e-007	-0.0018125
7.29251e-007	-0.0018125
7.29751e-007	-0.0015
7.30251e-007	-0.0011875
7.30751e-007	-0.0018125
7.31251e-007	-0.0011875
7.31751e-007	-0.0015
7.32251e-007	-0.000875
7.32751e-007	-0.0011875
7.33251e-007	-0.0011875
7.33751e-007	-0.000875
7.34251e-007	-0.0011875
7.34751e-007	-0.0011875
7.35251e-007	-0.000875
7.35751e-007	-0.0011875
7.36251e-007	-0.000875
7.36751e-007	-0.0011875
7.37251e-007	-0.0005625
7.37751e-007	-0.0011875
7.38251e-007	-0.0015
7.38751e-007	-0.0015
7.39251e-007	-0.0015
7.39751e-007	-0.0011875
7.40251e-007	-0.0018125
7.40751e-007	-0.0024375
7.41251e-007	-0.0018125
7.41751e-007	-0.0018125
7.42251e-007	-0.0018125
7.42751e-007	-0.0018125
7.43251e-007	-0.0018125
7.43751e-007	-0.0015
7.44251e-007	-0.0015
7.44751e-007	-0.000875
7.45251e-007	-0.000875
7.45751e-007	-0.0005625
7.46251e-007	-0.0005625
7.46751e-007	-0.0005625
7.47251e-007	-0.0005625
7.47751e-007	-0.000875
7.48251e-007	-0.0005625
7.48751e-007	-0.000875
7.49251e-007	-0.0015
7.49751e-007	-0.0015
7.50251e-007	-0.002125
7.50751e-007	-0.0024375
7.51251e-007	-0.0018125
7.51751e-007	-0.0018125
7.52251e-007	-0.002125
7.52751e-007	-0.0024375
7.53251e-007	-0.0018125
7.53751e-007	-0.0018125
7.54251e-007	-0.000875
7.54751e-007	-0.000875
7.55251e-007	-0.0011875
7.55751e-007	6.25e-005
7.56251e-007	0.000375
7.56751e-007	-0.0005625
7.57251e-007	-0.0005625
7.57751e-007	-0.0011875
7.58251e-007	-0.000875
7.58751e-007	-0.0015
7.59251e-007	-0.0015
7.59751e-007	-0.0018125
7.60251e-007	-0.0024375
7.60751e-007	-0.0024375
7.61251e-007	-0.002125
7.61751e-007	-0.0024375
7.62251e-007	-0.0030625
7.62751e-007	-0.002125
7.63251e-007	-0.0015
7.63751e-007	-0.0011875
7.64251e-007	-0.0015
7.64751e-007	-0.0005625
7.65251e-007	-0.000875
7.65751e-007	-0.00025
7.66251e-007	6.25e-005
7.66751e-007	-0.00025
7.67251e-007	-0.0005625
7.67751e-007	-0.00025
7.68251e-007	-0.0005625
7.68751e-007	-0.0005625
7.69251e-007	-0.000875
7.69751e-007	-0.0011875
7.70251e-007	-0.0024375
7.70751e-007	-0.0030625
7.71251e-007	-0.0024375
7.71751e-007	-0.0024375
7.72251e-007	-0.0024375
7.72751e-007	-0.0024375
7.73251e-007	-0.0024375
7.73751e-007	-0.0018125
7.74251e-007	-0.0018125
7.74751e-007	-0.0005625
7.75251e-007	-0.0005625
7.75751e-007	-0.0011875
7.76251e-007	6.25e-005
7.76751e-007	0.000375
7.77251e-007	-0.0005625
7.77751e-007	-0.000875
7.78251e-007	-0.00025
7.78751e-007	-0.000875
7.79251e-007	-0.002125
7.79751e-007	-0.0018125
7.80251e-007	-0.0015
7.80751e-007	-0.0024375
7.81251e-007	-0.0024375
7.81751e-007	-0.0024375
7.82251e-007	-0.0024375
7.82751e-007	-0.0018125
7.83251e-007	-0.0018125
7.83751e-007	-0.0018125
7.84251e-007	-0.0018125
7.84751e-007	-0.0005625
7.85251e-007	6.25e-005
7.85751e-007	0.000375
7.86251e-007	6.25e-005
7.86751e-007	-0.00025
7.87251e-007	6.25e-005
7.87751e-007	-0.00025
7.88251e-007	-0.0011875
7.88751e-007	-0.0015
7.89251e-007	-0.0018125
7.89751e-007	-0.0015
7.90251e-007	-0.00275
7.90751e-007	-0.0024375
7.91251e-007	-0.0024375
7.91751e-007	-0.00275
7.92251e-007	-0.002125
7.92751e-007	-0.0015
7.93251e-007	-0.0005625
7.93751e-007	-0.000875
7.94251e-007	-0.000875
7.94751e-007	6.25e-005
7.95251e-007	-0.00025
7.95751e-007	6.25e-005
7.96251e-007	0.000375
7.96751e-007	6.25e-005
7.97251e-007	-0.00025
7.97751e-007	-0.0018125
7.98251e-007	-0.0018125
7.98751e-007	-0.0015
7.99251e-007	-0.00275
7.99751e-007	-0.0030625
8.00251e-007	-0.00275
8.00751e-007	-0.002125
8.01251e-007	-0.0018125
8.01751e-007	-0.002125
8.02251e-007	-0.0011875
8.02751e-007	-0.0015
8.03251e-007	-0.0011875
8.03751e-007	-0.0011875
8.04251e-007	-0.0005625
8.04751e-007	-0.00025
8.05251e-007	-0.00025
8.05751e-007	-0.00025
8.06251e-007	-0.00025
8.06751e-007	-0.0005625
8.07251e-007	-0.0005625
8.07751e-007	-0.0011875
8.08251e-007	-0.002125
8.08751e-007	-0.00275
8.09251e-007	-0.0036875
8.09751e-007	-0.0024375
8.10251e-007	-0.0024375
8.10751e-007	-0.002125
8.11251e-007	-0.002125
8.11751e-007	-0.0015
8.12251e-007	-0.0011875
8.12751e-007	-0.0011875
8.13251e-007	6.25e-005
8.13751e-007	0.000375
8.14251e-007	6.25e-005
8.14751e-007	0.000375
8.15251e-007	0.000375
8.15751e-007	0.000375
8.16251e-007	-0.000875
8.16751e-007	-0.00025
8.17251e-007	6.25e-005
8.17751e-007	-0.0018125
8.18251e-007	-0.002125
8.18751e-007	-0.0030625
8.19251e-007	-0.00275
8.19751e-007	-0.0024375
8.20251e-007	-0.002125
8.20751e-007	-0.0018125
8.21251e-007	-0.0024375
8.21751e-007	-0.0024375
8.22251e-007	-0.000875
8.22751e-007	6.25e-005
8.23251e-007	6.25e-005
8.23751e-007	-0.0005625
8.24251e-007	0.000375
8.24751e-007	0.001
8.25251e-007	6.25e-005
8.25751e-007	6.25e-005
8.26251e-007	-0.0005625
8.26751e-007	-0.0005625
8.27251e-007	-0.0011875
8.27751e-007	-0.002125
8.28251e-007	-0.0024375
8.28751e-007	-0.00275
8.29251e-007	-0.00275
8.29751e-007	-0.002125
8.30251e-007	-0.0024375
8.30751e-007	-0.002125
8.31251e-007	-0.0018125
8.31751e-007	-0.000875
8.32251e-007	-0.0005625
8.32751e-007	-0.0005625
8.33251e-007	0.000375
8.33751e-007	6.25e-005
8.34251e-007	0.0006875
8.34751e-007	0.0006875
8.35251e-007	-0.0005625
8.35751e-007	-0.00025
8.36251e-007	-0.000875
8.36751e-007	-0.0011875
8.37251e-007	-0.002125
8.37751e-007	-0.00275
8.38251e-007	-0.0024375
8.38751e-007	-0.0036875
8.39251e-007	-0.003375
8.39751e-007	-0.00275
8.40251e-007	-0.002125
8.40751e-007	-0.0018125
8.41251e-007	-0.0018125
8.41751e-007	-0.000875
8.42251e-007	-0.0005625
8.42751e-007	-0.0005625
8.43251e-007	0.000375
8.43751e-007	-0.00025
8.44251e-007	0.0006875
8.44751e-007	-0.00025
8.45251e-007	-0.0011875
8.45751e-007	-0.000875
8.46251e-007	-0.0015
8.46751e-007	-0.0018125
8.47251e-007	-0.002125
8.47751e-007	-0.00275
8.48251e-007	-0.0024375
8.48751e-007	-0.0024375
8.49251e-007	-0.00275
8.49751e-007	-0.0030625
8.50251e-007	-0.00275
8.50751e-007	-0.000875
8.51251e-007	-0.000875
8.51751e-007	-0.0005625
8.52251e-007	-0.0005625
8.52751e-007	6.25e-005
8.53251e-007	0.000375
8.53751e-007	0.0006875
8.54251e-007	6.25e-005
8.54751e-007	-0.000875
8.55251e-007	-0.0011875
8.55751e-007	-0.000875
8.56251e-007	-0.0005625
8.56751e-007	-0.0018125
8.57251e-007	-0.00275
8.57751e-007	-0.0024375
8.58251e-007	-0.002125
8.58751e-007	-0.0030625
8.59251e-007	-0.00275
8.59751e-007	-0.002125
8.60251e-007	-0.0015
8.60751e-007	-0.002125
8.61251e-007	-0.0011875
8.61751e-007	6.25e-005
8.62251e-007	6.25e-005
8.62751e-007	6.25e-005
8.63251e-007	6.25e-005
8.63751e-007	-0.00025
8.64251e-007	6.25e-005
8.64751e-007	-0.000875
8.65251e-007	-0.0011875
8.65751e-007	-0.000875
8.66251e-007	-0.0011875
8.66751e-007	-0.0011875
8.67251e-007	-0.0024375
8.67751e-007	-0.00275
8.68251e-007	-0.0030625
8.68751e-007	-0.00275
8.69251e-007	-0.0018125
8.69751e-007	-0.002125
8.70251e-007	-0.0018125
8.70751e-007	-0.0015
8.71251e-007	-0.0011875
8.71751e-007	-0.00025
8.72251e-007	-0.00025
8.72751e-007	-0.00025
8.73251e-007	0.000375
8.73751e-007	6.25e-005
8.74251e-007	6.25e-005
8.74751e-007	-0.000875
8.75251e-007	-0.0018125
8.75751e-007	-0.0015
8.76251e-007	-0.0011875
8.76751e-007	-0.002125
8.77251e-007	-0.002125
8.77751e-007	-0.0024375
8.78251e-007	-0.0018125
8.78751e-007	-0.0015
8.79251e-007	-0.0015
8.79751e-007	-0.0011875
8.80251e-007	-0.0011875
8.80751e-007	-0.0011875
8.81251e-007	-0.000875
8.81751e-007	-0.00025
8.82251e-007	6.25e-005
8.82751e-007	-0.0005625
8.83251e-007	-0.00025
8.83751e-007	-0.00025
8.84251e-007	-0.0005625
8.84751e-007	-0.0011875
8.85251e-007	-0.0018125
8.85751e-007	-0.0018125
8.86251e-007	-0.0018125
8.86751e-007	-0.0015
8.87251e-007	-0.0011875
8.87751e-007	-0.0015
8.88251e-007	-0.0015
8.88751e-007	-0.0015
8.89251e-007	-0.0015
8.89751e-007	-0.0011875
8.90251e-007	-0.000875
8.90751e-007	-0.000875
8.91251e-007	-0.0015
8.91751e-007	-0.0011875
8.92251e-007	-0.0005625
8.92751e-007	-0.0005625
8.93251e-007	-0.0011875
8.93751e-007	-0.0015
8.94251e-007	-0.0011875
8.94751e-007	-0.0015
8.95251e-007	-0.0011875
8.95751e-007	-0.0005625
8.96251e-007	-0.0015
8.96751e-007	-0.002125
8.97251e-007	-0.000875
8.97751e-007	-0.0005625
8.98251e-007	-0.000875
8.98751e-007	-0.0011875
8.99251e-007	-0.0011875
8.99751e-007	-0.0018125
9.00251e-007	-0.000875
9.00751e-007	0.000375
9.01251e-007	6.25e-005
9.01751e-007	-0.0015
9.02251e-007	-0.0018125
9.02751e-007	-0.0015
9.03251e-007	-0.000875
9.03751e-007	-0.0015
9.04251e-007	-0.0011875
9.04751e-007	-0.0011875
9.05251e-007	-0.0018125
9.05751e-007	-0.0018125
9.06251e-007	-0.0011875
9.06751e-007	-0.0011875
9.07251e-007	-0.0011875
9.07751e-007	-0.0005625
9.08251e-007	0.000375
9.08751e-007	-0.0005625
9.09251e-007	-0.0005625
9.09751e-007	-0.0005625
9.10251e-007	-0.000875
9.10751e-007	-0.000875
9.11251e-007	-0.0015
9.11751e-007	-0.0018125
9.12251e-007	-0.0018125
9.12751e-007	-0.0011875
9.13251e-007	-0.0011875
9.13751e-007	-0.002125
9.14251e-007	-0.002125
9.14751e-007	-0.0018125
9.15251e-007	-0.0005625
9.15751e-007	-0.0015
9.16251e-007	-0.0018125
9.16751e-007	-0.000875
9.17251e-007	-0.0005625
9.17751e-007	-0.0005625
9.18251e-007	-0.0005625
9.18751e-007	-0.00025
9.19251e-007	-0.00025
9.19751e-007	6.25e-005
9.20251e-007	-0.00025
9.20751e-007	-0.000875
9.21251e-007	-0.0005625
9.21751e-007	-0.000875
9.22251e-007	-0.0015
9.22751e-007	-0.002125
9.23251e-007	-0.0018125
9.23751e-007	-0.002125
9.24251e-007	-0.0018125
9.24751e-007	-0.002125
9.25251e-007	-0.0015
9.25751e-007	-0.0015
9.26251e-007	-0.0011875
9.26751e-007	-0.0015
9.27251e-007	-0.000875
9.27751e-007	-0.000875
9.28251e-007	-0.0005625
9.28751e-007	0.0006875
9.29251e-007	0.0006875
9.29751e-007	-0.00025
9.30251e-007	-0.0005625
9.30751e-007	-0.00025
9.31251e-007	-0.00025
9.31751e-007	-0.0005625
9.32251e-007	-0.0011875
9.32751e-007	-0.0018125
9.33251e-007	-0.0018125
9.33751e-007	-0.0018125
9.34251e-007	-0.002125
9.34751e-007	-0.0015
9.35251e-007	-0.0024375
9.35751e-007	-0.0024375
9.36251e-007	-0.0011875
9.36751e-007	-0.0011875
9.37251e-007	-0.0011875
9.37751e-007	-0.0015
9.38251e-007	-0.000875
9.38751e-007	6.25e-005
9.39251e-007	6.25e-005
9.39751e-007	0.000375
9.40251e-007	-0.0005625
9.40751e-007	-0.0005625
9.41251e-007	-0.0005625
9.41751e-007	-0.0018125
9.42251e-007	-0.0011875
9.42751e-007	-0.0015
9.43251e-007	-0.0018125
9.43751e-007	-0.002125
9.44251e-007	-0.002125
9.44751e-007	-0.0015
9.45251e-007	-0.0011875
9.45751e-007	-0.0018125
9.46251e-007	-0.0011875
9.46751e-007	-0.0011875
9.47251e-007	-0.0011875
9.47751e-007	-0.0011875
9.48251e-007	-0.000875
9.48751e-007	6.25e-005
9.49251e-007	-0.0005625
9.49751e-007	-0.0005625
9.50251e-007	-0.0005625
9.50751e-007	-0.00025
9.51251e-007	-0.00025
9.51751e-007	-0.0015
9.52251e-007	-0.0015
9.52751e-007	-0.0005625
9.53251e-007	-0.000875
9.53751e-007	-0.000875
9.54251e-007	-0.0011875
9.54751e-007	-0.0011875
9.55251e-007	-0.0018125
9.55751e-007	-0.0015
9.56251e-007	-0.0011875
9.56751e-007	-0.0015
9.57251e-007	-0.0015
9.57751e-007	-0.0005625
9.58251e-007	-0.0005625
9.58751e-007	-0.0011875
9.59251e-007	-0.0011875
9.59751e-007	-0.000875
9.60251e-007	-0.0005625
9.60751e-007	-0.00025
9.61251e-007	-0.0005625
9.61751e-007	-0.0005625
9.62251e-007	-0.000875
9.62751e-007	-0.0015
9.63251e-007	-0.0011875
9.63751e-007	-0.000875
9.64251e-007	-0.000875
9.64751e-007	-0.0011875
9.65251e-007	-0.0011875
9.65751e-007	-0.0015
9.66251e-007	-0.0011875
9.66751e-007	-0.0015
9.67251e-007	-0.0011875
9.67751e-007	-0.0011875
9.68251e-007	-0.000875
9.68751e-007	-0.0015
9.69251e-007	-0.0015
9.69751e-007	-0.0011875
9.70251e-007	-0.0018125
9.70751e-007	-0.000875
9.71251e-007	6.25e-005
9.71751e-007	-0.000875
9.72251e-007	-0.000875
9.72751e-007	-0.000875
9.73251e-007	-0.00025
9.73751e-007	6.25e-005
9.74251e-007	-0.0005625
9.74751e-007	-0.000875
9.75251e-007	-0.000875
9.75751e-007	-0.000875
9.76251e-007	-0.000875
9.76751e-007	-0.000875
9.77251e-007	-0.0011875
9.77751e-007	-0.0018125
9.78251e-007	-0.0011875
9.78751e-007	-0.0018125
9.79251e-007	-0.0011875
9.79751e-007	6.25e-005
9.80251e-007	-0.0015
9.80751e-007	-0.0018125
9.81251e-007	-0.0011875
9.81751e-007	-0.0011875
9.82251e-007	-0.00025
9.82751e-007	-0.000875
9.83251e-007	-0.0005625
9.83751e-007	-0.0005625
9.84251e-007	-0.0005625
9.84751e-007	6.25e-005
9.85251e-007	-0.0005625
9.85751e-007	-0.0005625
9.86251e-007	-0.000875
9.86751e-007	-0.0011875
9.87251e-007	-0.000875
9.87751e-007	-0.0011875
9.88251e-007	-0.0015
9.88751e-007	-0.000875
9.89251e-007	-0.000875
9.89751e-007	-0.0015
9.90251e-007	-0.0018125
9.90751e-007	-0.000875
9.91251e-007	-0.000875
9.91751e-007	-0.0011875
9.92251e-007	-0.0011875
9.92751e-007	-0.0011875
9.93251e-007	-0.0005625
9.93751e-007	-0.0005625
9.94251e-007	-0.0011875
9.94751e-007	-0.000875
9.95251e-007	-0.000875
9.95751e-007	-0.0005625
9.96251e-007	-0.00025
9.96751e-007	-0.0011875
9.97251e-007	-0.000875
9.97751e-007	-0.000875
9.98251e-007	-0.0005625
9.98751e-007	-0.000875
9.99251e-007	-0.0011875
9.99751e-007	-0.0011875
1.000251e-006	-0.0015
1.000751e-006	-0.0011875
1.001251e-006	-0.000875
1.001751e-006	-0.0011875
1.002251e-006	-0.000875
1.002751e-006	-0.0015
1.003251e-006	-0.0005625
1.003751e-006	-0.000875
1.004251e-006	-0.0018125
1.004751e-006	-0.0015
1.005251e-006	-0.0015
1.005751e-006	-0.0005625
1.006251e-006	-0.00025
1.006751e-006	-0.00025
1.007251e-006	-0.00025
1.007751e-006	6.25e-005
1.008251e-006	-0.000875
1.008751e-006	-0.000875
1.009251e-006	-0.0005625
1.009751e-006	-0.0005625
1.010251e-006	-0.0011875
1.010751e-006	-0.0011875
1.011251e-006	-0.0015
1.011751e-006	-0.0015
1.012251e-006	-0.000875
1.012751e-006	-0.0011875
1.013251e-006	-0.0011875
1.013751e-006	-0.002125
1.014251e-006	-0.0015
1.014751e-006	-0.000875
1.015251e-006	-0.0018125
1.015751e-006	-0.0015
1.016251e-006	-0.0005625
1.016751e-006	-0.00025
1.017251e-006	-0.0005625
1.017751e-006	-0.0011875
1.018251e-006	6.25e-005
1.018751e-006	6.25e-005
1.019251e-006	-0.0005625
1.019751e-006	6.25e-005
1.020251e-006	6.25e-005
1.020751e-006	-0.0005625
1.021251e-006	-0.00025
1.021751e-006	-0.000875
1.022251e-006	-0.0015
1.022751e-006	-0.002125
1.023251e-006	-0.0018125
1.023751e-006	-0.0018125
1.024251e-006	-0.002125
1.024751e-006	-0.0011875
1.025251e-006	-0.0011875
1.025751e-006	-0.000875
1.026251e-006	-0.000875
1.026751e-006	-0.0011875
1.027251e-006	-0.0005625
1.027751e-006	-0.000875
1.028251e-006	-0.000875
1.028751e-006	6.25e-005
1.029251e-006	6.25e-005
1.029751e-006	6.25e-005
1.030251e-006	-0.00025
1.030751e-006	6.25e-005
1.031251e-006	6.25e-005
1.031751e-006	-0.0005625
1.032251e-006	-0.0005625
1.032751e-006	-0.0005625
1.033251e-006	-0.0011875
1.033751e-006	-0.0018125
1.034251e-006	-0.0024375
1.034751e-006	-0.002125
1.035251e-006	-0.0015
1.035751e-006	-0.0015
1.036251e-006	-0.0018125
1.036751e-006	-0.0011875
1.037251e-006	6.25e-005
1.037751e-006	6.25e-005
1.038251e-006	6.25e-005
1.038751e-006	-0.0005625
1.039251e-006	6.25e-005
1.039751e-006	0.000375
1.040251e-006	-0.00025
1.040751e-006	-0.00025
1.041251e-006	-0.0005625
1.041751e-006	-0.000875
1.042251e-006	-0.0005625
1.042751e-006	-0.0011875
1.043251e-006	-0.0011875
1.043751e-006	-0.0018125
1.044251e-006	-0.002125
1.044751e-006	-0.0015
1.045251e-006	-0.0018125
1.045751e-006	-0.0015
1.046251e-006	-0.000875
1.046751e-006	-0.0005625
1.047251e-006	-0.0005625
1.047751e-006	6.25e-005
1.048251e-006	-0.0005625
1.048751e-006	-0.0005625
1.049251e-006	6.25e-005
1.049751e-006	6.25e-005
1.050251e-006	-0.00025
1.050751e-006	-0.00025
1.051251e-006	-0.0005625
1.051751e-006	6.25e-005
1.052251e-006	-0.0005625
1.052751e-006	-0.0018125
1.053251e-006	-0.000875
1.053751e-006	-0.0011875
1.054251e-006	-0.0018125
1.054751e-006	-0.0011875
1.055251e-006	-0.0011875
1.055751e-006	-0.0005625
1.056251e-006	-0.0011875
1.056751e-006	-0.0011875
1.057251e-006	-0.0005625
1.057751e-006	6.25e-005
1.058251e-006	-0.00025
1.058751e-006	-0.000875
1.059251e-006	-0.0005625
1.059751e-006	-0.0005625
1.060251e-006	-0.0011875
1.060751e-006	-0.0005625
1.061251e-006	-0.00025
1.061751e-006	-0.000875
1.062251e-006	-0.0005625
1.062751e-006	-0.0011875
1.063251e-006	-0.0011875
1.063751e-006	-0.0015
1.064251e-006	-0.0018125
1.064751e-006	-0.0018125
1.065251e-006	-0.000875
1.065751e-006	-0.000875
1.066251e-006	-0.00025
1.066751e-006	-0.00025
1.067251e-006	-0.0005625
1.067751e-006	-0.000875
1.068251e-006	-0.0005625
1.068751e-006	-0.0005625
1.069251e-006	6.25e-005
1.069751e-006	-0.0005625
1.070251e-006	-0.000875
1.070751e-006	-0.0005625
1.071251e-006	-0.000875
1.071751e-006	-0.0005625
1.072251e-006	-0.0005625
1.072751e-006	-0.0005625
1.073251e-006	-0.0015
1.073751e-006	-0.0011875
1.074251e-006	-0.0005625
1.074751e-006	-0.0005625
1.075251e-006	-0.000875
1.075751e-006	6.25e-005
1.076251e-006	6.25e-005
1.076751e-006	0.000375
1.077251e-006	-0.0005625
1.077751e-006	6.25e-005
1.078251e-006	-0.00025
1.078751e-006	-0.0005625
1.079251e-006	-0.0005625
1.079751e-006	-0.0005625
1.080251e-006	-0.000875
1.080751e-006	-0.0018125
1.081251e-006	-0.0018125
1.081751e-006	-0.0011875
1.082251e-006	-0.000875
1.082751e-006	-0.000875
1.083251e-006	-0.0011875
1.083751e-006	-0.0015
1.084251e-006	-0.00025
1.084751e-006	-0.000875
1.085251e-006	6.25e-005
1.085751e-006	-0.00025
1.086251e-006	0.0006875
1.086751e-006	0.000375
1.087251e-006	-0.00025
1.087751e-006	-0.00025
1.088251e-006	-0.00025
1.088751e-006	-0.000875
1.089251e-006	6.25e-005
1.089751e-006	-0.00025
1.090251e-006	-0.0005625
1.090751e-006	-0.0018125
1.091251e-006	-0.0011875
1.091751e-006	-0.0011875
1.092251e-006	-0.0015
1.092751e-006	-0.0011875
1.093251e-006	-0.0018125
1.093751e-006	-0.0005625
1.094251e-006	-0.000875
1.094751e-006	-0.000875
1.095251e-006	-0.0005625
1.095751e-006	-0.0005625
1.096251e-006	-0.0005625
1.096751e-006	0.000375
1.097251e-006	-0.00025
1.097751e-006	6.25e-005
1.098251e-006	-0.0011875
1.098751e-006	-0.00025
1.099251e-006	6.25e-005
1.099751e-006	-0.000875
1.100251e-006	-0.0011875
1.100751e-006	-0.0018125
1.101251e-006	-0.000875
1.101751e-006	-0.0011875
1.102251e-006	-0.0011875
1.102751e-006	-0.000875
1.103251e-006	-0.0011875
1.103751e-006	-0.0005625
1.104251e-006	-0.000875
1.104751e-006	-0.0018125
1.105251e-006	-0.00025
1.105751e-006	-0.0005625
1.106251e-006	6.25e-005
1.106751e-006	-0.0005625
1.107251e-006	-0.0005625
1.107751e-006	0.000375
1.108251e-006	-0.000875
1.108751e-006	-0.000875
1.109251e-006	6.25e-005
1.109751e-006	-0.0005625
1.110251e-006	6.25e-005
1.110751e-006	-0.0011875
1.111251e-006	-0.0011875
1.111751e-006	-0.000875
1.112251e-006	-0.000875
1.112751e-006	-0.000875
1.113251e-006	-0.0018125
1.113751e-006	-0.000875
1.114251e-006	-0.0005625
1.114751e-006	-0.000875
1.115251e-006	-0.0011875
1.115751e-006	-0.000875
1.116251e-006	6.25e-005
1.116751e-006	-0.0005625
1.117251e-006	-0.0011875
1.117751e-006	-0.0005625
1.118251e-006	-0.0015
1.118751e-006	6.25e-005
1.119251e-006	6.25e-005
1.119751e-006	6.25e-005
1.120251e-006	-0.0005625
1.120751e-006	-0.000875
1.121251e-006	6.25e-005
1.121751e-006	-0.000875
1.122251e-006	-0.0011875
1.122751e-006	-0.0005625
1.123251e-006	-0.0005625
1.123751e-006	-0.0005625
1.124251e-006	-0.000875
1.124751e-006	-0.0011875
1.125251e-006	-0.0005625
1.125751e-006	-0.0018125
1.126251e-006	-0.000875
1.126751e-006	-0.0011875
1.127251e-006	-0.0011875
1.127751e-006	-0.0011875
1.128251e-006	-0.0011875
1.128751e-006	-0.0005625
1.129251e-006	-0.000875
1.129751e-006	-0.0005625
1.130251e-006	6.25e-005
1.130751e-006	-0.00025
1.131251e-006	0.000375
1.131751e-006	-0.000875
1.132251e-006	-0.0005625
1.132751e-006	0.000375
1.133251e-006	6.25e-005
1.133751e-006	6.25e-005
1.134251e-006	-0.000875
1.134751e-006	-0.0005625
1.135251e-006	-0.0005625
1.135751e-006	-0.0015
1.136251e-006	-0.0011875
1.136751e-006	-0.0018125
1.137251e-006	-0.002125
1.137751e-006	-0.0018125
1.138251e-006	-0.0015
1.138751e-006	-0.0005625
1.139251e-006	-0.000875
1.139751e-006	-0.000875
1.140251e-006	-0.0005625
1.140751e-006	-0.0005625
1.141251e-006	-0.00025
1.141751e-006	-0.00025
1.142251e-006	0.000375
1.142751e-006	6.25e-005
1.143251e-006	-0.00025
1.143751e-006	0.000375
1.144251e-006	-0.00025
1.144751e-006	-0.00025
1.145251e-006	-0.0011875
1.145751e-006	-0.0015
1.146251e-006	-0.0011875
1.146751e-006	-0.0011875
1.147251e-006	-0.0011875
1.147751e-006	-0.0018125
1.148251e-006	-0.0018125
1.148751e-006	-0.0011875
1.149251e-006	-0.000875
1.149751e-006	-0.00025
1.150251e-006	-0.0005625
1.150751e-006	-0.00025
1.151251e-006	0.001
1.151751e-006	-0.00025
1.152251e-006	6.25e-005
1.152751e-006	-0.00025
1.153251e-006	-0.00025
1.153751e-006	-0.0005625
1.154251e-006	-0.000875
1.154751e-006	-0.0005625
1.155251e-006	-0.0005625
1.155751e-006	-0.000875
1.156251e-006	-0.0015
1.156751e-006	-0.0024375
1.157251e-006	-0.0018125
1.157751e-006	-0.000875
1.158251e-006	-0.000875
1.158751e-006	-0.0011875
1.159251e-006	-0.0011875
1.159751e-006	6.25e-005
1.160251e-006	-0.0005625
1.160751e-006	6.25e-005
1.161251e-006	0.000375
1.161751e-006	0.0006875
1.162251e-006	6.25e-005
1.162751e-006	6.25e-005
1.163251e-006	6.25e-005
1.163751e-006	-0.000875
1.164251e-006	-0.0005625
1.164751e-006	6.25e-005
1.165251e-006	-0.000875
1.165751e-006	-0.0015
1.166251e-006	-0.0011875
1.166751e-006	-0.0011875
1.167251e-006	-0.0015
1.167751e-006	-0.0018125
1.168251e-006	-0.000875
1.168751e-006	-0.0005625
1.169251e-006	-0.000875
1.169751e-006	-0.00025
1.170251e-006	6.25e-005
1.170751e-006	-0.00025
1.171251e-006	6.25e-005
1.171751e-006	6.25e-005
1.172251e-006	0.0006875
1.172751e-006	-0.0005625
1.173251e-006	-0.000875
1.173751e-006	-0.0011875
1.174251e-006	-0.0005625
1.174751e-006	-0.0005625
1.175251e-006	-0.000875
1.175751e-006	-0.0011875
1.176251e-006	-0.0015
1.176751e-006	-0.0015
1.177251e-006	-0.0011875
1.177751e-006	-0.0005625
1.178251e-006	-0.0005625
1.178751e-006	-0.000875
1.179251e-006	-0.000875
1.179751e-006	0.0006875
1.180251e-006	6.25e-005
1.180751e-006	0.000375
1.181251e-006	-0.00025
1.181751e-006	-0.00025
1.182251e-006	-0.00025
1.182751e-006	-0.0005625
1.183251e-006	-0.0015
1.183751e-006	-0.0011875
1.184251e-006	-0.000875
1.184751e-006	-0.0005625
1.185251e-006	-0.0015
1.185751e-006	-0.0011875
1.186251e-006	-0.0005625
1.186751e-006	-0.000875
1.187251e-006	-0.0005625
1.187751e-006	-0.0011875
1.188251e-006	6.25e-005
1.188751e-006	-0.0005625
1.189251e-006	6.25e-005
1.189751e-006	0.0013125
1.190251e-006	0.0006875
1.190751e-006	0.000375
1.191251e-006	6.25e-005
1.191751e-006	6.25e-005
1.192251e-006	-0.000875
1.192751e-006	-0.0018125
1.193251e-006	-0.000875
1.193751e-006	-0.000875
1.194251e-006	-0.0018125
1.194751e-006	-0.0011875
1.195251e-006	-0.0005625
1.195751e-006	-0.0011875
1.196251e-006	-0.0018125
1.196751e-006	-0.0011875
1.197251e-006	-0.0005625
1.197751e-006	-0.0011875
1.198251e-006	-0.00025
1.198751e-006	6.25e-005
1.199251e-006	-0.0005625
1.199751e-006	0.000375
1.200251e-006	6.25e-005
1.200751e-006	0.001
1.201251e-006	0.000375
1.201751e-006	0.0006875
1.202251e-006	6.25e-005
1.202751e-006	-0.000875
1.203251e-006	-0.0005625
1.203751e-006	-0.000875
1.204251e-006	-0.0018125
1.204751e-006	-0.0015
1.205251e-006	-0.0018125
1.205751e-006	-0.0018125
1.206251e-006	-0.0011875
1.206751e-006	-0.000875
1.207251e-006	-0.0011875
1.207751e-006	-0.000875
1.208251e-006	-0.00025
1.208751e-006	-0.000875
1.209251e-006	6.25e-005
1.209751e-006	0.001
1.210251e-006	0.001
1.210751e-006	0.0006875
1.211251e-006	6.25e-005
1.211751e-006	6.25e-005
1.212251e-006	0.000375
1.212751e-006	-0.000875
1.213251e-006	-0.00025
1.213751e-006	-0.000875
1.214251e-006	-0.000875
1.214751e-006	-0.0018125
1.215251e-006	-0.0024375
1.215751e-006	-0.0018125
1.216251e-006	-0.0011875
1.216751e-006	-0.0005625
1.217251e-006	-0.000875
1.217751e-006	-0.0011875
1.218251e-006	-0.0005625
1.218751e-006	-0.00025
1.219251e-006	6.25e-005
1.219751e-006	0.000375
1.220251e-006	0.000375
1.220751e-006	0.001625
1.221251e-006	0.0006875
1.221751e-006	6.25e-005
1.222251e-006	-0.00025
1.222751e-006	6.25e-005
1.223251e-006	6.25e-005
1.223751e-006	-0.0005625
1.224251e-006	-0.0011875
1.224751e-006	-0.000875
1.225251e-006	-0.0015
1.225751e-006	-0.0011875
1.226251e-006	-0.0011875
1.226751e-006	-0.000875
1.227251e-006	-0.0011875
1.227751e-006	-0.0015
1.228251e-006	-0.000875
1.228751e-006	-0.00025
1.229251e-006	0.0006875
1.229751e-006	6.25e-005
1.230251e-006	6.25e-005
1.230751e-006	0.0006875
1.231251e-006	0.000375
1.231751e-006	0.0006875
1.232251e-006	0.0006875
1.232751e-006	6.25e-005
1.233251e-006	6.25e-005
1.233751e-006	-0.0011875
1.234251e-006	-0.0005625
1.234751e-006	-0.0015
1.235251e-006	-0.0015
1.235751e-006	-0.0015
1.236251e-006	-0.0015
1.236751e-006	-0.002125
1.237251e-006	-0.0015
1.237751e-006	-0.0005625
1.238251e-006	6.25e-005
1.238751e-006	-0.000875
1.239251e-006	-0.00025
1.239751e-006	6.25e-005
1.240251e-006	6.25e-005
1.240751e-006	0.0006875
1.241251e-006	0.001
1.241751e-006	0.001
1.242251e-006	0.0006875
1.242751e-006	0.0006875
1.243251e-006	6.25e-005
1.243751e-006	0.000375
1.244251e-006	-0.0005625
1.244751e-006	-0.0011875
1.245251e-006	-0.0011875
1.245751e-006	-0.0011875
1.246251e-006	-0.0024375
1.246751e-006	-0.0015
1.247251e-006	-0.0011875
1.247751e-006	-0.0011875
1.248251e-006	-0.0018125
1.248751e-006	-0.0011875
1.249251e-006	-0.00025
1.249751e-006	6.25e-005
1.250251e-006	6.25e-005
1.250751e-006	0.000375
1.251251e-006	0.000375
1.251751e-006	0.001
1.252251e-006	0.000375
1.252751e-006	0.000375
1.253251e-006	0.000375
1.253751e-006	-0.0005625
1.254251e-006	-0.000875
1.254751e-006	-0.0015
1.255251e-006	-0.0005625
1.255751e-006	-0.0018125
1.256251e-006	-0.0018125
1.256751e-006	-0.002125
1.257251e-006	-0.0011875
1.257751e-006	-0.0011875
1.258251e-006	-0.0005625
1.258751e-006	-0.00025
1.259251e-006	6.25e-005
1.259751e-006	-0.00025
1.260251e-006	0.001
1.260751e-006	0.001
1.261251e-006	0.0006875
1.261751e-006	6.25e-005
1.262251e-006	6.25e-005
1.262751e-006	0.0006875
1.263251e-006	6.25e-005
1.263751e-006	-0.00025
1.264251e-006	-0.000875
1.264751e-006	-0.0018125
1.265251e-006	-0.0018125
1.265751e-006	-0.0011875
1.266251e-006	-0.0011875
1.266751e-006	-0.0015
1.267251e-006	-0.0015
1.267751e-006	6.25e-005
1.268251e-006	6.25e-005
1.268751e-006	0.000375
1.269251e-006	0.000375
1.269751e-006	0.001
1.270251e-006	0.0006875
1.270751e-006	0.001
1.271251e-006	0.0006875
1.271751e-006	0.001
1.272251e-006	6.25e-005
1.272751e-006	-0.00025
1.273251e-006	-0.0005625
1.273751e-006	-0.0005625
1.274251e-006	-0.0011875
1.274751e-006	-0.0018125
1.275251e-006	-0.0015
1.275751e-006	-0.002125
1.276251e-006	-0.000875
1.276751e-006	-0.0015
1.277251e-006	-0.0011875
1.277751e-006	-0.000875
1.278251e-006	6.25e-005
1.278751e-006	0.000375
1.279251e-006	0.001
1.279751e-006	0.000375
1.280251e-006	0.001
1.280751e-006	0.0013125
1.281251e-006	0.001
1.281751e-006	0.0006875
1.282251e-006	0.000375
1.282751e-006	6.25e-005
1.283251e-006	-0.000875
1.283751e-006	-0.0015
1.284251e-006	-0.0011875
1.284751e-006	-0.0015
1.285251e-006	-0.0018125
1.285751e-006	-0.0018125
1.286251e-006	-0.00275
1.286751e-006	-0.0015
1.287251e-006	-0.0005625
1.287751e-006	-0.00025
1.288251e-006	-0.0005625
1.288751e-006	0.000375
1.289251e-006	0.0006875
1.289751e-006	0.0013125
1.290251e-006	0.0013125
1.290751e-006	0.001625
1.291251e-006	0.001
1.291751e-006	0.0013125
1.292251e-006	6.25e-005
1.292751e-006	-0.00025
1.293251e-006	-0.000875
1.293751e-006	-0.0015
1.294251e-006	-0.0018125
1.294751e-006	-0.0024375
1.295251e-006	-0.0018125
1.295751e-006	-0.0018125
1.296251e-006	-0.0024375
1.296751e-006	-0.0018125
1.297251e-006	-0.0005625
1.297751e-006	-0.00025
1.298251e-006	0.000375
1.298751e-006	0.000375
1.299251e-006	0.0013125
1.299751e-006	0.001
1.300251e-006	0.0019375
1.300751e-006	0.0013125
1.301251e-006	0.0006875
1.301751e-006	-0.00025
1.302251e-006	-0.0005625
1.302751e-006	-0.00025
1.303251e-006	-0.0011875
1.303751e-006	-0.0018125
1.304251e-006	-0.0018125
1.304751e-006	-0.0024375
1.305251e-006	-0.0011875
1.305751e-006	-0.0018125
1.306251e-006	-0.0018125
1.306751e-006	-0.0011875
1.307251e-006	6.25e-005
1.307751e-006	0.000375
1.308251e-006	6.25e-005
1.308751e-006	0.001625
1.309251e-006	0.0019375
1.309751e-006	0.0013125
1.310251e-006	0.0013125
1.310751e-006	0.000375
1.311251e-006	-0.0005625
1.311751e-006	6.25e-005
1.312251e-006	-0.0011875
1.312751e-006	-0.000875
1.313251e-006	-0.0018125
1.313751e-006	-0.0011875
1.314251e-006	-0.0018125
1.314751e-006	-0.0015
1.315251e-006	-0.000875
1.315751e-006	-0.0011875
1.316251e-006	-0.000875
1.316751e-006	-0.00025
1.317251e-006	-0.00025
1.317751e-006	6.25e-005
1.318251e-006	6.25e-005
1.318751e-006	0.0006875
1.319251e-006	0.0013125
1.319751e-006	0.0013125
1.320251e-006	0.0006875
1.320751e-006	-0.0005625
1.321251e-006	6.25e-005
1.321751e-006	-0.0005625
1.322251e-006	-0.0015
1.322751e-006	-0.0018125
1.323251e-006	-0.0011875
1.323751e-006	-0.0011875
1.324251e-006	-0.0011875
1.324751e-006	-0.0011875
1.325251e-006	-0.000875
1.325751e-006	-0.0011875
1.326251e-006	6.25e-005
1.326751e-006	0.0006875
1.327251e-006	0.0006875
1.327751e-006	0.0006875
1.328251e-006	0.0006875
1.328751e-006	0.001625
1.329251e-006	0.0006875
1.329751e-006	6.25e-005
1.330251e-006	6.25e-005
1.330751e-006	-0.00025
1.331251e-006	-0.0005625
1.331751e-006	-0.0011875
1.332251e-006	-0.0018125
1.332751e-006	-0.0015
1.333251e-006	-0.002125
1.333751e-006	-0.0015
1.334251e-006	-0.000875
1.334751e-006	-0.0005625
1.335251e-006	-0.0005625
1.335751e-006	6.25e-005
1.336251e-006	0.0006875
1.336751e-006	0.0013125
1.337251e-006	0.0013125
1.337751e-006	0.001625
1.338251e-006	0.001
1.338751e-006	0.001
1.339251e-006	0.000375
1.339751e-006	6.25e-005
1.340251e-006	-0.0005625
1.340751e-006	-0.0011875
1.341251e-006	-0.0011875
1.341751e-006	-0.0024375
1.342251e-006	-0.0015
1.342751e-006	-0.0015
1.343251e-006	-0.002125
1.343751e-006	-0.0018125
1.344251e-006	-0.0005625
1.344751e-006	-0.00025
1.345251e-006	0.000375
1.345751e-006	6.25e-005
1.346251e-006	0.0006875
1.346751e-006	0.0006875
1.347251e-006	0.0019375
1.347751e-006	0.001625
1.348251e-006	0.0006875
1.348751e-006	0.0006875
1.349251e-006	0.0006875
1.349751e-006	6.25e-005
1.350251e-006	6.25e-005
1.350751e-006	-0.0011875
1.351251e-006	-0.0018125
1.351751e-006	-0.002125
1.352251e-006	-0.002125
1.352751e-006	-0.0018125
1.353251e-006	-0.0018125
1.353751e-006	-0.0015
1.354251e-006	-0.0011875
1.354751e-006	-0.0005625
1.355251e-006	6.25e-005
1.355751e-006	0.0006875
1.356251e-006	0.0006875
1.356751e-006	0.0013125
1.357251e-006	0.0006875
1.357751e-006	0.001625
1.358251e-006	0.0006875
1.358751e-006	0.000375
1.359251e-006	6.25e-005
1.359751e-006	0.0006875
1.360251e-006	-0.000875
1.360751e-006	-0.0015
1.361251e-006	-0.0015
1.361751e-006	-0.0018125
1.362251e-006	-0.002125
1.362751e-006	-0.002125
1.363251e-006	-0.0015
1.363751e-006	-0.0005625
1.364251e-006	-0.00025
1.364751e-006	-0.0005625
1.365251e-006	6.25e-005
1.365751e-006	0.0013125
1.366251e-006	0.0013125
1.366751e-006	0.0006875
1.367251e-006	0.0013125
1.367751e-006	0.0013125
1.368251e-006	0.0006875
1.368751e-006	6.25e-005
1.369251e-006	-0.0005625
1.369751e-006	-0.000875
1.370251e-006	-0.000875
1.370751e-006	-0.0015
1.371251e-006	-0.0011875
1.371751e-006	-0.002125
1.372251e-006	-0.0018125
1.372751e-006	-0.0011875
1.373251e-006	-0.0005625
1.373751e-006	6.25e-005
1.374251e-006	-0.0005625
1.374751e-006	6.25e-005
1.375251e-006	6.25e-005
1.375751e-006	6.25e-005
1.376251e-006	6.25e-005
1.376751e-006	0.0006875
1.377251e-006	0.0006875
1.377751e-006	-0.00025
1.378251e-006	-0.000875
1.378751e-006	-0.0005625
1.379251e-006	-0.0005625
1.379751e-006	-0.0005625
1.380251e-006	-0.0018125
1.380751e-006	-0.0015
1.381251e-006	-0.000875
1.381751e-006	-0.000875
1.382251e-006	-0.0005625
1.382751e-006	-0.00025
1.383251e-006	6.25e-005
1.383751e-006	6.25e-005
1.384251e-006	-0.0011875
1.384751e-006	-0.00025
1.385251e-006	6.25e-005
1.385751e-006	6.25e-005
1.386251e-006	6.25e-005
1.386751e-006	-0.00025
1.387251e-006	6.25e-005
1.387751e-006	-0.0005625
1.388251e-006	-0.000875
1.388751e-006	-0.0015
1.389251e-006	-0.000875
1.389751e-006	-0.00025
1.390251e-006	-0.0005625
1.390751e-006	-0.000875
1.391251e-006	-0.0011875
1.391751e-006	-0.0011875
1.392251e-006	-0.0005625
1.392751e-006	-0.000875
1.393251e-006	0.000375
1.393751e-006	6.25e-005
1.394251e-006	-0.0005625
1.394751e-006	6.25e-005
1.395251e-006	6.25e-005
1.395751e-006	0.000375
1.396251e-006	0.0006875
1.396751e-006	6.25e-005
1.397251e-006	-0.00025
1.397751e-006	-0.0005625
1.398251e-006	-0.0005625
1.398751e-006	-0.0018125
1.399251e-006	-0.002125
1.399751e-006	-0.0005625
1.400251e-006	-0.000875
1.400751e-006	-0.0005625
1.401251e-006	-0.000875
1.401751e-006	-0.0005625
1.402251e-006	0.000375
1.402751e-006	-0.00025
1.403251e-006	6.25e-005
1.403751e-006	6.25e-005
1.404251e-006	6.25e-005
1.404751e-006	0.001
1.405251e-006	0.000375
1.405751e-006	0.0006875
1.406251e-006	-0.00025
1.406751e-006	-0.000875
1.407251e-006	6.25e-005
1.407751e-006	-0.0015
1.408251e-006	-0.000875
1.408751e-006	-0.0005625
1.409251e-006	-0.000875
1.409751e-006	-0.0005625
1.410251e-006	-0.0015
1.410751e-006	-0.000875
1.411251e-006	-0.0005625
1.411751e-006	-0.0005625
1.412251e-006	0.0006875
1.412751e-006	-0.0005625
1.413251e-006	0.0006875
1.413751e-006	0.000375
1.414251e-006	0.000375
1.414751e-006	0.0006875
1.415251e-006	-0.0005625
1.415751e-006	6.25e-005
1.416251e-006	-0.00025
1.416751e-006	6.25e-005
1.417251e-006	6.25e-005
1.417751e-006	-0.0005625
1.418251e-006	6.25e-005
1.418751e-006	-0.0005625
1.419251e-006	-0.000875
1.419751e-006	-0.0005625
1.420251e-006	-0.0011875
1.420751e-006	-0.0005625
1.421251e-006	-0.0015
1.421751e-006	-0.000875
1.422251e-006	-0.0005625
1.422751e-006	-0.00025
1.423251e-006	-0.00025
1.423751e-006	6.25e-005
1.424251e-006	0.0006875
1.424751e-006	6.25e-005
1.425251e-006	-0.0011875
1.425751e-006	0.000375
1.426251e-006	-0.00025
1.426751e-006	0.000375
1.427251e-006	0.000375
1.427751e-006	-0.00025
1.428251e-006	0.000375
1.428751e-006	-0.00025
1.429251e-006	-0.0005625
1.429751e-006	-0.0005625
1.430251e-006	-0.000875
1.430751e-006	-0.0005625
1.431251e-006	-0.00025
1.431751e-006	0.000375
1.432251e-006	-0.0005625
1.432751e-006	-0.0015
1.433251e-006	-0.00025
1.433751e-006	-0.000875
1.434251e-006	-0.0005625
1.434751e-006	-0.0005625
1.435251e-006	-0.00025
1.435751e-006	6.25e-005
1.436251e-006	-0.0005625
1.436751e-006	6.25e-005
1.437251e-006	0.000375
1.437751e-006	0.0006875
1.438251e-006	0.001
1.438751e-006	-0.00025
1.439251e-006	6.25e-005
1.439751e-006	-0.00025
1.440251e-006	-0.00025
1.440751e-006	-0.0005625
1.441251e-006	-0.0011875
1.441751e-006	-0.000875
1.442251e-006	-0.0011875
1.442751e-006	-0.0018125
1.443251e-006	-0.002125
1.443751e-006	-0.000875
1.444251e-006	-0.0005625
1.444751e-006	-0.000875
1.445251e-006	-0.0005625
1.445751e-006	6.25e-005
1.446251e-006	6.25e-005
1.446751e-006	0.0019375
1.447251e-006	0.000375
1.447751e-006	0.0006875
1.448251e-006	0.001
1.448751e-006	0.001
1.449251e-006	0.000375
1.449751e-006	0.000375
1.450251e-006	0.0006875
1.450751e-006	-0.0005625
1.451251e-006	-0.0011875
1.451751e-006	-0.0018125
1.452251e-006	-0.002125
1.452751e-006	-0.0015
1.453251e-006	-0.0011875
1.453751e-006	-0.0011875
1.454251e-006	-0.0005625
1.454751e-006	-0.000875
1.455251e-006	-0.0005625
1.455751e-006	-0.0005625
1.456251e-006	0.0006875
1.456751e-006	0.001625
1.457251e-006	0.001
1.457751e-006	0.000375
1.458251e-006	0.000375
1.458751e-006	0.001
1.459251e-006	0.001
1.459751e-006	6.25e-005
1.460251e-006	-0.00025
1.460751e-006	-0.0011875
1.461251e-006	-0.002125
1.461751e-006	-0.002125
1.462251e-006	-0.0018125
1.462751e-006	-0.0018125
1.463251e-006	-0.0018125
1.463751e-006	-0.000875
1.464251e-006	-0.000875
1.464751e-006	6.25e-005
1.465251e-006	0.000375
1.465751e-006	0.000375
1.466251e-006	-0.00025
1.466751e-006	0.0006875
1.467251e-006	0.001
1.467751e-006	0.0013125
1.468251e-006	0.001
1.468751e-006	0.001
1.469251e-006	-0.00025
1.469751e-006	-0.0005625
1.470251e-006	-0.000875
1.470751e-006	-0.0011875
1.471251e-006	-0.0011875
1.471751e-006	-0.0015
1.472251e-006	-0.0015
1.472751e-006	-0.0018125
1.473251e-006	-0.0015
1.473751e-006	-0.0005625
1.474251e-006	6.25e-005
1.474751e-006	6.25e-005
1.475251e-006	0.000375
1.475751e-006	0.000375
1.476251e-006	0.001
1.476751e-006	0.001
1.477251e-006	0.001625
1.477751e-006	0.0013125
1.478251e-006	0.001
1.478751e-006	-0.0005625
1.479251e-006	-0.0005625
1.479751e-006	-0.00025
1.480251e-006	-0.0005625
1.480751e-006	-0.0015
1.481251e-006	-0.0018125
1.481751e-006	-0.002125
1.482251e-006	-0.0015
1.482751e-006	-0.0018125
1.483251e-006	-0.0011875
1.483751e-006	-0.0005625
1.484251e-006	6.25e-005
1.484751e-006	0.0013125
1.485251e-006	0.001
1.485751e-006	0.0019375
1.486251e-006	0.0019375
1.486751e-006	0.001625
1.487251e-006	0.001
1.487751e-006	0.001
1.488251e-006	-0.00025
1.488751e-006	-0.00025
1.489251e-006	-0.0005625
1.489751e-006	-0.0011875
1.490251e-006	-0.002125
1.490751e-006	-0.0015
1.491251e-006	-0.0024375
1.491751e-006	-0.002125
1.492251e-006	-0.0015
1.492751e-006	-0.0015
1.493251e-006	6.25e-005
1.493751e-006	0.000375
1.494251e-006	0.000375
1.494751e-006	0.001
1.495251e-006	0.0019375
1.495751e-006	0.00225
1.496251e-006	0.001625
1.496751e-006	0.0013125
1.497251e-006	0.001625
1.497751e-006	6.25e-005
1.498251e-006	-0.0005625
1.498751e-006	-0.002125
1.499251e-006	-0.002125
1.499751e-006	-0.0024375
1.500251e-006	-0.0024375
1.500751e-006	-0.00275
1.501251e-006	-0.0018125
1.501751e-006	-0.0011875
1.502251e-006	-0.000875
1.502751e-006	-0.0011875
1.503251e-006	6.25e-005
1.503751e-006	0.0006875
1.504251e-006	0.00225
1.504751e-006	0.0025625
1.505251e-006	0.0025625
1.505751e-006	0.0035
1.506251e-006	0.001625
1.506751e-006	0.0006875
1.507251e-006	6.25e-005
1.507751e-006	0.000375
1.508251e-006	-0.000875
1.508751e-006	-0.002125
1.509251e-006	-0.0030625
1.509751e-006	-0.002125
1.510251e-006	-0.00275
1.510751e-006	-0.0024375
1.511251e-006	-0.0024375
1.511751e-006	-0.0015
1.512251e-006	-0.0005625
1.512751e-006	6.25e-005
1.513251e-006	0.001
1.513751e-006	0.0019375
1.514251e-006	0.00225
1.514751e-006	0.0025625
1.515251e-006	0.0025625
1.515751e-006	0.0025625
1.516251e-006	0.0025625
1.516751e-006	0.001625
1.517251e-006	0.0006875
1.517751e-006	-0.0005625
1.518251e-006	-0.0011875
1.518751e-006	-0.0024375
1.519251e-006	-0.00275
1.519751e-006	-0.0030625
1.520251e-006	-0.00275
1.520751e-006	-0.0024375
1.521251e-006	-0.002125
1.521751e-006	-0.002125
1.522251e-006	-0.00025
1.522751e-006	0.000375
1.523251e-006	0.0013125
1.523751e-006	0.0013125
1.524251e-006	0.002875
1.524751e-006	0.002875
1.525251e-006	0.00225
1.525751e-006	0.0025625
1.526251e-006	0.001625
1.526751e-006	0.0013125
1.527251e-006	0.0006875
1.527751e-006	-0.0005625
1.528251e-006	-0.0024375
1.528751e-006	-0.0024375
1.529251e-006	-0.00275
1.529751e-006	-0.00275
1.530251e-006	-0.003375
1.530751e-006	-0.002125
1.531251e-006	-0.002125
1.531751e-006	-0.000875
1.532251e-006	-0.0005625
1.532751e-006	0.0006875
1.533251e-006	0.001625
1.533751e-006	0.00225
1.534251e-006	0.002875
1.534751e-006	0.0031875
1.535251e-006	0.0025625
1.535751e-006	0.0025625
1.536251e-006	0.001
1.536751e-006	0.001
1.537251e-006	6.25e-005
1.537751e-006	-0.0011875
1.538251e-006	-0.0018125
1.538751e-006	-0.0024375
1.539251e-006	-0.0024375
1.539751e-006	-0.00275
1.540251e-006	-0.0024375
1.540751e-006	-0.002125
1.541251e-006	-0.000875
1.541751e-006	-0.000875
1.542251e-006	0.0006875
1.542751e-006	0.0013125
1.543251e-006	0.00225
1.543751e-006	0.00225
1.544251e-006	0.0031875
1.544751e-006	0.00225
1.545251e-006	0.0013125
1.545751e-006	0.001
1.546251e-006	0.0006875
1.546751e-006	0.000375
1.547251e-006	-0.0005625
1.547751e-006	-0.0011875
1.548251e-006	-0.0024375
1.548751e-006	-0.0024375
1.549251e-006	-0.0024375
1.549751e-006	-0.0024375
1.550251e-006	-0.0018125
1.550751e-006	-0.0011875
1.551251e-006	-0.0005625
1.551751e-006	0.000375
1.552251e-006	6.25e-005
1.552751e-006	0.0019375
1.553251e-006	0.0019375
1.553751e-006	0.0025625
1.554251e-006	0.000375
1.554751e-006	0.001
1.555251e-006	0.001625
1.555751e-006	0.001625
1.556251e-006	-0.00025
1.556751e-006	-0.000875
1.557251e-006	-0.0011875
1.557751e-006	-0.0015
1.558251e-006	-0.0015
1.558751e-006	-0.0018125
1.559251e-006	-0.0011875
1.559751e-006	-0.0011875
1.560251e-006	-0.000875
1.560751e-006	-0.0011875
1.561251e-006	0.0006875
1.561751e-006	0.001
1.562251e-006	0.001
1.562751e-006	0.0013125
1.563251e-006	0.001625
1.563751e-006	0.001625
1.564251e-006	0.001625
1.564751e-006	6.25e-005
1.565251e-006	0.0006875
1.565751e-006	6.25e-005
1.566251e-006	-0.0005625
1.566751e-006	-0.0015
1.567251e-006	-0.000875
1.567751e-006	-0.0011875
1.568251e-006	-0.0018125
1.568751e-006	-0.002125
1.569251e-006	-0.0018125
1.569751e-006	-0.0011875
1.570251e-006	-0.000875
1.570751e-006	0.000375
1.571251e-006	0.0006875
1.571751e-006	6.25e-005
1.572251e-006	0.0013125
1.572751e-006	0.0019375
1.573251e-006	0.0013125
1.573751e-006	0.0019375
1.574251e-006	0.001
1.574751e-006	0.001
1.575251e-006	6.25e-005
1.575751e-006	6.25e-005
1.576251e-006	-0.0005625
1.576751e-006	-0.000875
1.577251e-006	-0.0015
1.577751e-006	-0.0011875
1.578251e-006	-0.0018125
1.578751e-006	-0.0015
1.579251e-006	-0.0011875
1.579751e-006	-0.0005625
1.580251e-006	-0.00025
1.580751e-006	6.25e-005
1.581251e-006	0.0013125
1.581751e-006	0.001
1.582251e-006	0.0013125
1.582751e-006	0.001
1.583251e-006	0.001
1.583751e-006	0.000375
1.584251e-006	6.25e-005
1.584751e-006	-0.00025
1.585251e-006	0.000375
1.585751e-006	-0.0005625
1.586251e-006	-0.0005625
1.586751e-006	-0.0011875
1.587251e-006	-0.000875
1.587751e-006	-0.000875
1.588251e-006	-0.0005625
1.588751e-006	-0.000875
1.589251e-006	-0.000875
1.589751e-006	-0.000875
1.590251e-006	6.25e-005
1.590751e-006	0.0006875
1.591251e-006	0.000375
1.591751e-006	0.000375
1.592251e-006	0.001
1.592751e-006	0.001
1.593251e-006	0.001
1.593751e-006	0.0013125
1.594251e-006	-0.0005625
1.594751e-006	-0.0005625
1.595251e-006	-0.00025
1.595751e-006	-0.0005625
1.596251e-006	-0.000875
1.596751e-006	-0.000875
1.597251e-006	-0.000875
1.597751e-006	-0.000875
1.598251e-006	-0.0005625
1.598751e-006	6.25e-005
1.599251e-006	-0.000875
1.599751e-006	-0.0005625
1.600251e-006	-0.0005625
1.600751e-006	0.0006875
1.601251e-006	0.0006875
1.601751e-006	0.0006875
1.602251e-006	0.001
1.602751e-006	0.000375
1.603251e-006	0.000375
1.603751e-006	0.000375
1.604251e-006	6.25e-005
1.604751e-006	-0.0005625
1.605251e-006	-0.0005625
1.605751e-006	-0.000875
1.606251e-006	-0.0005625
1.606751e-006	-0.0005625
1.607251e-006	-0.0005625
1.607751e-006	-0.0005625
1.608251e-006	-0.0005625
1.608751e-006	6.25e-005
1.609251e-006	0.000375
1.609751e-006	6.25e-005
1.610251e-006	0.000375
1.610751e-006	0.000375
1.611251e-006	0.0006875
1.611751e-006	0.0006875
1.612251e-006	0.000375
1.612751e-006	0.000375
1.613251e-006	6.25e-005
1.613751e-006	-0.00025
1.614251e-006	6.25e-005
1.614751e-006	-0.0005625
1.615251e-006	-0.000875
1.615751e-006	6.25e-005
1.616251e-006	-0.0005625
1.616751e-006	-0.00025
1.617251e-006	-0.00025
1.617751e-006	0.0006875
1.618251e-006	6.25e-005
1.618751e-006	-0.00025
1.619251e-006	-0.00025
1.619751e-006	0.000375
1.620251e-006	0.000375
1.620751e-006	-0.00025
1.621251e-006	6.25e-005
1.621751e-006	6.25e-005
1.622251e-006	-0.00025
1.622751e-006	6.25e-005
1.623251e-006	-0.0005625
1.623751e-006	-0.000875
1.624251e-006	-0.0005625
1.624751e-006	-0.000875
1.625251e-006	-0.0005625
1.625751e-006	-0.00025
1.626251e-006	6.25e-005
1.626751e-006	-0.00025
1.627251e-006	-0.0005625
1.627751e-006	-0.0005625
1.628251e-006	6.25e-005
1.628751e-006	6.25e-005
1.629251e-006	0.001
1.629751e-006	6.25e-005
1.630251e-006	6.25e-005
1.630751e-006	0.0006875
1.631251e-006	0.0006875
1.631751e-006	-0.00025
1.632251e-006	-0.0005625
1.632751e-006	-0.00025
1.633251e-006	6.25e-005
1.633751e-006	6.25e-005
1.634251e-006	-0.00025
1.634751e-006	-0.00025
1.635251e-006	-0.0005625
1.635751e-006	-0.00025
1.636251e-006	-0.0005625
1.636751e-006	-0.00025
1.637251e-006	-0.0005625
1.637751e-006	0.000375
1.638251e-006	6.25e-005
1.638751e-006	0.000375
1.639251e-006	0.000375
1.639751e-006	-0.0005625
1.640251e-006	0.000375
1.640751e-006	0.0006875
1.641251e-006	-0.0005625
1.641751e-006	-0.0005625
1.642251e-006	-0.00025
1.642751e-006	6.25e-005
1.643251e-006	-0.0005625
1.643751e-006	-0.0005625
1.644251e-006	0.000375
1.644751e-006	-0.0005625
1.645251e-006	-0.00025
1.645751e-006	6.25e-005
1.646251e-006	-0.0005625
1.646751e-006	-0.0011875
1.647251e-006	6.25e-005
1.647751e-006	0.0006875
1.648251e-006	0.000375
1.648751e-006	-0.00025
1.649251e-006	6.25e-005
1.649751e-006	-0.00025
1.650251e-006	0.000375
1.650751e-006	6.25e-005
1.651251e-006	-0.0005625
1.651751e-006	-0.0005625
1.652251e-006	-0.00025
1.652751e-006	6.25e-005
1.653251e-006	6.25e-005
1.653751e-006	-0.00025
1.654251e-006	-0.00025
1.654751e-006	6.25e-005
1.655251e-006	0.000375
1.655751e-006	-0.0005625
1.656251e-006	-0.0005625
1.656751e-006	-0.00025
1.657251e-006	6.25e-005
1.657751e-006	-0.0005625
1.658251e-006	-0.0005625
1.658751e-006	0.000375
1.659251e-006	-0.0005625
1.659751e-006	-0.000875
1.660251e-006	-0.0005625
1.660751e-006	6.25e-005
1.661251e-006	0.000375
1.661751e-006	-0.00025
1.662251e-006	-0.00025
1.662751e-006	-0.00025
1.663251e-006	-0.000875
1.663751e-006	-0.00025
1.664251e-006	6.25e-005
1.664751e-006	0.0006875
1.665251e-006	6.25e-005
1.665751e-006	-0.00025
1.666251e-006	-0.000875
1.666751e-006	-0.0005625
1.667251e-006	6.25e-005
1.667751e-006	-0.00025
1.668251e-006	-0.000875
1.668751e-006	-0.000875
1.669251e-006	-0.00025
1.669751e-006	-0.0005625
1.670251e-006	-0.00025
1.670751e-006	6.25e-005
1.671251e-006	0.0006875
1.671751e-006	6.25e-005
1.672251e-006	-0.0005625
1.672751e-006	-0.0005625
1.673251e-006	6.25e-005
1.673751e-006	-0.00025
1.674251e-006	6.25e-005
1.674751e-006	-0.0005625
1.675251e-006	-0.0005625
1.675751e-006	6.25e-005
1.676251e-006	-0.0005625
1.676751e-006	-0.0005625
1.677251e-006	-0.00025
1.677751e-006	-0.0005625
1.678251e-006	-0.0005625
1.678751e-006	6.25e-005
1.679251e-006	-0.00025
1.679751e-006	6.25e-005
1.680251e-006	-0.00025
1.680751e-006	0.0006875
1.681251e-006	6.25e-005
1.681751e-006	6.25e-005
1.682251e-006	0.000375
1.682751e-006	-0.0005625
1.683251e-006	-0.0015
1.683751e-006	-0.000875
1.684251e-006	-0.0005625
1.684751e-006	-0.00025
1.685251e-006	-0.0005625
1.685751e-006	-0.0005625
1.686251e-006	-0.00025
1.686751e-006	6.25e-005
1.687251e-006	6.25e-005
1.687751e-006	6.25e-005
1.688251e-006	6.25e-005
1.688751e-006	-0.00025
1.689251e-006	6.25e-005
1.689751e-006	0.000375
1.690251e-006	6.25e-005
1.690751e-006	-0.0005625
1.691251e-006	-0.00025
1.691751e-006	-0.0005625
1.692251e-006	6.25e-005
1.692751e-006	-0.00025
1.693251e-006	-0.00025
1.693751e-006	-0.00025
1.694251e-006	-0.00025
1.694751e-006	-0.0011875
1.695251e-006	-0.000875
1.695751e-006	-0.0011875
1.696251e-006	-0.0011875
1.696751e-006	-0.00025
1.697251e-006	6.25e-005
1.697751e-006	6.25e-005
1.698251e-006	-0.0005625
1.698751e-006	-0.0005625
1.699251e-006	6.25e-005
1.699751e-006	0.001
1.700251e-006	0.0006875
1.700751e-006	0.000375
1.701251e-006	6.25e-005
1.701751e-006	0.000375
1.702251e-006	-0.00025
1.702751e-006	6.25e-005
1.703251e-006	-0.0005625
1.703751e-006	-0.0015
1.704251e-006	-0.000875
1.704751e-006	-0.000875
1.705251e-006	-0.0011875
1.705751e-006	-0.0005625
1.706251e-006	-0.0005625
1.706751e-006	-0.0005625
1.707251e-006	-0.00025
1.707751e-006	0.000375
1.708251e-006	6.25e-005
1.708751e-006	6.25e-005
1.709251e-006	0.000375
1.709751e-006	6.25e-005
1.710251e-006	6.25e-005
1.710751e-006	0.0006875
1.711251e-006	0.0006875
1.711751e-006	0.0006875
1.712251e-006	-0.00025
1.712751e-006	-0.0005625
1.713251e-006	6.25e-005
1.713751e-006	-0.0011875
1.714251e-006	-0.0015
1.714751e-006	-0.0015
1.715251e-006	-0.000875
1.715751e-006	-0.0005625
1.716251e-006	-0.00025
1.716751e-006	-0.000875
1.717251e-006	-0.0005625
1.717751e-006	6.25e-005
1.718251e-006	6.25e-005
1.718751e-006	-0.00025
1.719251e-006	6.25e-005
1.719751e-006	0.0013125
1.720251e-006	0.0013125
1.720751e-006	0.001
1.721251e-006	0.0006875
1.721751e-006	6.25e-005
1.722251e-006	0.000375
1.722751e-006	-0.00025
1.723251e-006	-0.0005625
1.723751e-006	-0.0011875
1.724251e-006	-0.000875
1.724751e-006	-0.0005625
1.725251e-006	-0.000875
1.725751e-006	-0.0015
1.726251e-006	-0.0018125
1.726751e-006	-0.0005625
1.727251e-006	-0.0005625
1.727751e-006	6.25e-005
1.728251e-006	6.25e-005
1.728751e-006	0.000375
1.729251e-006	0.0006875
1.729751e-006	6.25e-005
1.730251e-006	0.000375
1.730751e-006	0.001
1.731251e-006	6.25e-005
1.731751e-006	6.25e-005
1.732251e-006	6.25e-005
1.732751e-006	0.0006875
1.733251e-006	0.000375
1.733751e-006	-0.000875
1.734251e-006	-0.00025
1.734751e-006	-0.0005625
1.735251e-006	-0.0011875
1.735751e-006	-0.000875
1.736251e-006	-0.0005625
1.736751e-006	6.25e-005
1.737251e-006	-0.00025
1.737751e-006	-0.0005625
1.738251e-006	0.000375
1.738751e-006	6.25e-005
1.739251e-006	0.0006875
1.739751e-006	0.000375
1.740251e-006	0.000375
1.740751e-006	-0.00025
1.741251e-006	-0.00025
1.741751e-006	0.000375
1.742251e-006	-0.00025
1.742751e-006	6.25e-005
1.743251e-006	0.000375
1.743751e-006	0.000375
1.744251e-006	-0.0005625
1.744751e-006	-0.0005625
1.745251e-006	-0.000875
1.745751e-006	-0.0011875
1.746251e-006	-0.0005625
1.746751e-006	6.25e-005
1.747251e-006	-0.000875
1.747751e-006	6.25e-005
1.748251e-006	6.25e-005
1.748751e-006	6.25e-005
1.749251e-006	6.25e-005
1.749751e-006	-0.00025
1.750251e-006	-0.00025
1.750751e-006	-0.00025
1.751251e-006	-0.0005625
1.751751e-006	-0.000875
1.752251e-006	-0.000875
1.752751e-006	-0.0005625
1.753251e-006	-0.000875
1.753751e-006	-0.000875
1.754251e-006	6.25e-005
1.754751e-006	6.25e-005
1.755251e-006	-0.00025
1.755751e-006	-0.0005625
1.756251e-006	0.000375
1.756751e-006	-0.00025
1.757251e-006	-0.0005625
1.757751e-006	0.0006875
1.758251e-006	6.25e-005
1.758751e-006	6.25e-005
1.759251e-006	0.000375
1.759751e-006	-0.000875
1.760251e-006	-0.000875
1.760751e-006	-0.0011875
1.761251e-006	-0.0005625
1.761751e-006	-0.000875
1.762251e-006	-0.000875
1.762751e-006	-0.000875
1.763251e-006	-0.000875
1.763751e-006	-0.000875
1.764251e-006	-0.00025
1.764751e-006	-0.0005625
1.765251e-006	-0.00025
1.765751e-006	-0.0005625
1.766251e-006	6.25e-005
1.766751e-006	0.000375
1.767251e-006	6.25e-005
1.767751e-006	0.0006875
1.768251e-006	0.000375
1.768751e-006	0.0006875
1.769251e-006	6.25e-005
1.769751e-006	-0.0005625
1.770251e-006	-0.0005625
1.770751e-006	-0.0011875
1.771251e-006	-0.0015
1.771751e-006	-0.000875
1.772251e-006	-0.000875
1.772751e-006	-0.0011875
1.773251e-006	-0.000875
1.773751e-006	-0.0005625
1.774251e-006	-0.0011875
1.774751e-006	-0.000875
1.775251e-006	-0.0005625
1.775751e-006	0.001
1.776251e-006	0.0006875
1.776751e-006	6.25e-005
1.777251e-006	0.000375
1.777751e-006	0.001
1.778251e-006	0.001
1.778751e-006	-0.00025
1.779251e-006	-0.0005625
1.779751e-006	-0.00025
1.780251e-006	-0.00025
1.780751e-006	-0.0005625
1.781251e-006	-0.0005625
1.781751e-006	-0.0015
1.782251e-006	-0.0018125
1.782751e-006	-0.002125
1.783251e-006	-0.0018125
1.783751e-006	-0.0015
1.784251e-006	-0.000875
1.784751e-006	-0.000875
1.785251e-006	-0.00025
1.785751e-006	-0.00025
1.786251e-006	0.000375
1.786751e-006	0.0006875
1.787251e-006	0.000375
1.787751e-006	0.0013125
1.788251e-006	0.0006875
