LECROYWS454	16215	Waveform
Segments	1	SegmentSize	4002
Segment	TrigTime	TimeSinceSegment1
#1	02-May-2024 19:14:45	0                 
Time	Ampl
-2.12269e-007	6.25e-005
-2.11769e-007	0.0006875
-2.11269e-007	0.001
-2.10769e-007	0.001
-2.10269e-007	0.001
-2.09769e-007	0.0006875
-2.09269e-007	0.0006875
-2.08769e-007	0.000375
-2.08269e-007	-0.00025
-2.07769e-007	-0.0005625
-2.07269e-007	-0.0005625
-2.06769e-007	-0.000875
-2.06269e-007	-0.000875
-2.05769e-007	-0.0018125
-2.05269e-007	-0.0018125
-2.04769e-007	-0.0018125
-2.04269e-007	-0.000875
-2.03769e-007	-0.0005625
-2.03269e-007	-0.000875
-2.02769e-007	0.000375
-2.02269e-007	0.000375
-2.01769e-007	0.0013125
-2.01269e-007	0.0019375
-2.00769e-007	0.0013125
-2.00269e-007	0.001
-1.99769e-007	0.0006875
-1.99269e-007	0.001
-1.98769e-007	0.0006875
-1.98269e-007	6.25e-005
-1.97769e-007	-0.0005625
-1.97269e-007	-0.000875
-1.96769e-007	-0.000875
-1.96269e-007	-0.0015
-1.95769e-007	-0.0015
-1.95269e-007	-0.0011875
-1.94769e-007	-0.0011875
-1.94269e-007	-0.000875
-1.93769e-007	-0.000875
-1.93269e-007	-0.00025
-1.92769e-007	0.000375
-1.92269e-007	0.0006875
-1.91769e-007	0.0006875
-1.91269e-007	0.0013125
-1.90769e-007	0.001
-1.90269e-007	0.0013125
-1.89769e-007	0.001
-1.89269e-007	0.0006875
-1.88769e-007	0.0006875
-1.88269e-007	0.000375
-1.87769e-007	0.000375
-1.87269e-007	6.25e-005
-1.86769e-007	-0.000875
-1.86269e-007	-0.0011875
-1.85769e-007	-0.002125
-1.85269e-007	-0.0018125
-1.84769e-007	-0.0011875
-1.84269e-007	-0.0005625
-1.83769e-007	-0.0005625
-1.83269e-007	-0.0005625
-1.82769e-007	6.25e-005
-1.82269e-007	6.25e-005
-1.81769e-007	0.0006875
-1.81269e-007	0.001
-1.80769e-007	0.001
-1.80269e-007	0.0013125
-1.79769e-007	0.0013125
-1.79269e-007	0.0006875
-1.78769e-007	6.25e-005
-1.78269e-007	6.25e-005
-1.77769e-007	0.0006875
-1.77269e-007	-0.0005625
-1.76769e-007	6.25e-005
-1.76269e-007	-0.0005625
-1.75769e-007	-0.0018125
-1.75269e-007	-0.000875
-1.74769e-007	-0.00025
-1.74269e-007	-0.0015
-1.73769e-007	-0.0015
-1.73269e-007	-0.0005625
-1.72769e-007	0.0006875
-1.72269e-007	-0.00025
-1.71769e-007	6.25e-005
-1.71269e-007	0.0006875
-1.70769e-007	6.25e-005
-1.70269e-007	0.0006875
-1.69769e-007	6.25e-005
-1.69269e-007	0.0006875
-1.68769e-007	0.001
-1.68269e-007	0.000375
-1.67769e-007	6.25e-005
-1.67269e-007	-0.000875
-1.66769e-007	-0.0005625
-1.66269e-007	-0.00025
-1.65769e-007	-0.0005625
-1.65269e-007	-0.00025
-1.64769e-007	-0.000875
-1.64269e-007	-0.0005625
-1.63769e-007	0.000375
-1.63269e-007	-0.00025
-1.62769e-007	-0.0005625
-1.62269e-007	-0.00025
-1.61769e-007	6.25e-005
-1.61269e-007	6.25e-005
-1.60769e-007	-0.0005625
-1.60269e-007	0.000375
-1.59769e-007	0.0013125
-1.59269e-007	0.0006875
-1.58769e-007	0.0006875
-1.58269e-007	0.0006875
-1.57769e-007	0.000375
-1.57269e-007	-0.0005625
-1.56769e-007	-0.0005625
-1.56269e-007	6.25e-005
-1.55769e-007	-0.00025
-1.55269e-007	-0.0005625
-1.54769e-007	-0.0005625
-1.54269e-007	-0.0005625
-1.53769e-007	-0.00025
-1.53269e-007	-0.00025
-1.52769e-007	0.000375
-1.52269e-007	0.000375
-1.51769e-007	0.000375
-1.51269e-007	6.25e-005
-1.50769e-007	6.25e-005
-1.50269e-007	6.25e-005
-1.49769e-007	0.000375
-1.49269e-007	0.0013125
-1.48769e-007	0.000375
-1.48269e-007	6.25e-005
-1.47769e-007	0.000375
-1.47269e-007	6.25e-005
-1.46769e-007	-0.00025
-1.46269e-007	6.25e-005
-1.45769e-007	-0.0005625
-1.45269e-007	-0.0011875
-1.44769e-007	-0.000875
-1.44269e-007	-0.0011875
-1.43769e-007	-0.0011875
-1.43269e-007	-0.0005625
-1.42769e-007	-0.00025
-1.42269e-007	6.25e-005
-1.41769e-007	6.25e-005
-1.41269e-007	0.000375
-1.40769e-007	6.25e-005
-1.40269e-007	0.0006875
-1.39769e-007	0.0013125
-1.39269e-007	0.0006875
-1.38769e-007	-0.00025
-1.38269e-007	6.25e-005
-1.37769e-007	0.0006875
-1.37269e-007	0.0006875
-1.36769e-007	6.25e-005
-1.36269e-007	-0.00025
-1.35769e-007	-0.000875
-1.35269e-007	-0.000875
-1.34769e-007	-0.0005625
-1.34269e-007	-0.000875
-1.33769e-007	-0.000875
-1.33269e-007	-0.0005625
-1.32769e-007	-0.0005625
-1.32269e-007	6.25e-005
-1.31769e-007	0.0006875
-1.31269e-007	0.000375
-1.30769e-007	6.25e-005
-1.30269e-007	0.0006875
-1.29769e-007	0.0013125
-1.29269e-007	6.25e-005
-1.28769e-007	0.000375
-1.28269e-007	0.0006875
-1.27769e-007	0.000375
-1.27269e-007	0.0006875
-1.26769e-007	6.25e-005
-1.26269e-007	-0.00025
-1.25769e-007	-0.00025
-1.25269e-007	-0.00025
-1.24769e-007	6.25e-005
-1.24269e-007	-0.000875
-1.23769e-007	-0.0005625
-1.23269e-007	-0.0005625
-1.22769e-007	-0.0005625
-1.22269e-007	0.000375
-1.21769e-007	0.0006875
-1.21269e-007	0.000375
-1.20769e-007	0.000375
-1.20269e-007	0.0006875
-1.19769e-007	0.0006875
-1.19269e-007	0.000375
-1.18769e-007	0.0006875
-1.18269e-007	0.001
-1.17769e-007	6.25e-005
-1.17269e-007	0.0006875
-1.16769e-007	6.25e-005
-1.16269e-007	-0.00025
-1.15769e-007	6.25e-005
-1.15269e-007	-0.00025
-1.14769e-007	-0.0005625
-1.14269e-007	-0.0011875
-1.13769e-007	-0.000875
-1.13269e-007	-0.0005625
-1.12769e-007	-0.0005625
-1.12269e-007	-0.00025
-1.11769e-007	6.25e-005
-1.11269e-007	0.000375
-1.10769e-007	0.0013125
-1.10269e-007	0.001
-1.09769e-007	0.001
-1.09269e-007	6.25e-005
-1.08769e-007	0.000375
-1.08269e-007	0.0006875
-1.07769e-007	0.0006875
-1.07269e-007	6.25e-005
-1.06769e-007	6.25e-005
-1.06269e-007	-0.00025
-1.05769e-007	6.25e-005
-1.05269e-007	-0.000875
-1.04769e-007	-0.000875
-1.04269e-007	-0.0011875
-1.03769e-007	-0.0011875
-1.03269e-007	-0.000875
-1.02769e-007	-0.00025
-1.02269e-007	6.25e-005
-1.01769e-007	-0.00025
-1.01269e-007	0.0006875
-1.00769e-007	0.0013125
-1.00269e-007	0.0006875
-9.9769e-008	6.25e-005
-9.9269e-008	6.25e-005
-9.8769e-008	6.25e-005
-9.8269e-008	0.000375
-9.7769e-008	-0.0005625
-9.7269e-008	-0.00025
-9.6769e-008	-0.0005625
-9.6269e-008	-0.0005625
-9.5769e-008	6.25e-005
-9.5269e-008	-0.0005625
-9.4769e-008	-0.000875
-9.4269e-008	-0.0005625
-9.3769e-008	-0.0005625
-9.3269e-008	-0.0005625
-9.2769e-008	-0.0005625
-9.2269e-008	0.000375
-9.1769e-008	0.0006875
-9.1269e-008	0.0006875
-9.0769e-008	0.0006875
-9.0269e-008	0.0006875
-8.9769e-008	0.000375
-8.9269e-008	6.25e-005
-8.8769e-008	0.000375
-8.8269e-008	6.25e-005
-8.7769e-008	-0.0005625
-8.7269e-008	-0.00025
-8.6769e-008	-0.00025
-8.6269e-008	-0.0005625
-8.5769e-008	6.25e-005
-8.5269e-008	-0.0011875
-8.4769e-008	-0.0005625
-8.4269e-008	-0.000875
-8.3769e-008	-0.0005625
-8.3269e-008	-0.00025
-8.2769e-008	0.000375
-8.2269e-008	0.001
-8.1769e-008	0.001
-8.1269e-008	0.0006875
-8.0769e-008	0.001
-8.0269e-008	0.0013125
-7.9769e-008	0.001
-7.9269e-008	6.25e-005
-7.8769e-008	-0.00025
-7.8269e-008	-0.00025
-7.7769e-008	-0.000875
-7.7269e-008	-0.000875
-7.6769e-008	-0.0011875
-7.6269e-008	-0.0011875
-7.5769e-008	-0.0005625
-7.5269e-008	-0.000875
-7.4769e-008	-0.0005625
-7.4269e-008	6.25e-005
-7.3769e-008	6.25e-005
-7.3269e-008	6.25e-005
-7.2769e-008	0.000375
-7.2269e-008	0.001
-7.1769e-008	0.0006875
-7.1269e-008	0.0013125
-7.0769e-008	0.0013125
-7.0269e-008	0.000375
-6.9769e-008	6.25e-005
-6.9269e-008	-0.00025
-6.8769e-008	-0.00025
-6.8269e-008	-0.00025
-6.7769e-008	-0.0005625
-6.7269e-008	-0.000875
-6.6769e-008	-0.000875
-6.6269e-008	-0.0011875
-6.5769e-008	-0.0011875
-6.5269e-008	-0.0011875
-6.4769e-008	6.25e-005
-6.4269e-008	0.000375
-6.3769e-008	-0.00025
-6.3269e-008	-0.00025
-6.2769e-008	0.0006875
-6.2269e-008	0.001625
-6.1769e-008	0.001625
-6.1269e-008	0.001625
-6.0769e-008	0.0006875
-6.0269e-008	0.000375
-5.9769e-008	6.25e-005
-5.9269e-008	0.000375
-5.8769e-008	-0.0005625
-5.8269e-008	-0.000875
-5.7769e-008	-0.0015
-5.7269e-008	-0.002125
-5.6769e-008	-0.0015
-5.6269e-008	-0.0018125
-5.5769e-008	-0.0011875
-5.5269e-008	-0.0011875
-5.4769e-008	-0.0005625
-5.4269e-008	6.25e-005
-5.3769e-008	6.25e-005
-5.3269e-008	0.000375
-5.2769e-008	0.001
-5.2269e-008	0.001625
-5.1769e-008	0.001625
-5.1269e-008	0.001
-5.0769e-008	0.001625
-5.0269e-008	0.001
-4.9769e-008	6.25e-005
-4.9269e-008	-0.0005625
-4.8769e-008	-0.0005625
-4.8269e-008	-0.000875
-4.7769e-008	-0.0011875
-4.7269e-008	-0.0018125
-4.6769e-008	-0.0018125
-4.6269e-008	-0.002125
-4.5769e-008	-0.0011875
-4.5269e-008	-0.0005625
-4.4769e-008	-0.0005625
-4.4269e-008	-0.00025
-4.3769e-008	6.25e-005
-4.3269e-008	0.000375
-4.2769e-008	0.0006875
-4.2269e-008	0.001
-4.1769e-008	0.001
-4.1269e-008	0.0013125
-4.0769e-008	0.0013125
-4.0269e-008	0.000375
-3.9769e-008	6.25e-005
-3.9269e-008	-0.0005625
-3.8769e-008	-0.00025
-3.8269e-008	-0.00025
-3.7769e-008	-0.0011875
-3.7269e-008	-0.0018125
-3.6769e-008	-0.000875
-3.6269e-008	-0.00025
-3.5769e-008	-0.000875
-3.5269e-008	-0.0011875
-3.4769e-008	-0.000875
-3.4269e-008	6.25e-005
-3.3769e-008	0.000375
-3.3269e-008	6.25e-005
-3.2769e-008	6.25e-005
-3.2269e-008	0.000375
-3.1769e-008	0.000375
-3.1269e-008	0.000375
-3.0769e-008	0.0006875
-3.0269e-008	0.0006875
-2.9769e-008	6.25e-005
-2.9269e-008	-0.00025
-2.8769e-008	-0.000875
-2.8269e-008	-0.0015
-2.7769e-008	-0.0011875
-2.7269e-008	-0.0015
-2.6769e-008	-0.002125
-2.6269e-008	-0.0024375
-2.5769e-008	-0.0015
-2.5269e-008	-0.0024375
-2.4769e-008	-0.00275
-2.4269e-008	-0.003375
-2.3769e-008	-0.0043125
-2.3269e-008	-0.0049375
-2.2769e-008	-0.00525
-2.2269e-008	-0.00525
-2.1769e-008	-0.005875
-2.1269e-008	-0.0061875
-2.0769e-008	-0.0068125
-2.0269e-008	-0.0074375
-1.9769e-008	-0.0080625
-1.9269e-008	-0.008375
-1.8769e-008	-0.0086875
-1.8269e-008	-0.008375
-1.7769e-008	-0.008375
-1.7269e-008	-0.009
-1.6769e-008	-0.009
-1.6269e-008	-0.0086875
-1.5769e-008	-0.0093125
-1.5269e-008	-0.0093125
-1.4769e-008	-0.0086875
-1.4269e-008	-0.0086875
-1.3769e-008	-0.0086875
-1.3269e-008	-0.01025
-1.2769e-008	-0.009625
-1.2269e-008	-0.009
-1.1769e-008	-0.009625
-1.1269e-008	-0.01025
-1.0769e-008	-0.0111875
-1.0269e-008	-0.0115
-9.769e-009	-0.0115
-9.269e-009	-0.0115
-8.769e-009	-0.010875
-8.269e-009	-0.0111875
-7.769e-009	-0.01025
-7.269e-009	-0.0099375
-6.769e-009	-0.0099375
-6.269e-009	-0.0093125
-5.769e-009	-0.009
-5.269e-009	-0.009
-4.769e-009	-0.009625
-4.269e-009	-0.009
-3.769e-009	-0.0080625
-3.269e-009	-0.0093125
-2.769e-009	-0.01025
-2.269e-009	-0.010875
-1.769e-009	-0.0118125
-1.269e-009	-0.0115
-7.69e-010	-0.012125
-2.69e-010	-0.0118125
2.31e-010	-0.0124375
7.31e-010	-0.012125
1.231e-009	-0.0118125
1.731e-009	-0.0115
2.231e-009	-0.010875
2.731e-009	-0.01025
3.231e-009	-0.01025
3.731e-009	-0.0099375
4.231e-009	-0.009625
4.731e-009	-0.009625
5.231e-009	-0.009625
5.731e-009	-0.0099375
6.231e-009	-0.0099375
6.731e-009	-0.0105625
7.231e-009	-0.0115
7.731e-009	-0.0115
8.231e-009	-0.0124375
8.731e-009	-0.012125
9.231e-009	-0.0130625
9.731e-009	-0.01275
1.0231e-008	-0.01275
1.0731e-008	-0.0130625
1.1231e-008	-0.0124375
1.1731e-008	-0.012125
1.2231e-008	-0.0118125
1.2731e-008	-0.0115
1.3231e-008	-0.010875
1.3731e-008	-0.0099375
1.4231e-008	-0.009625
1.4731e-008	-0.01025
1.5231e-008	-0.01025
1.5731e-008	-0.01025
1.6231e-008	-0.0099375
1.6731e-008	-0.0111875
1.7231e-008	-0.0115
1.7731e-008	-0.0115
1.8231e-008	-0.01275
1.8731e-008	-0.0124375
1.9231e-008	-0.0124375
1.9731e-008	-0.0130625
2.0231e-008	-0.01275
2.0731e-008	-0.013375
2.1231e-008	-0.0124375
2.1731e-008	-0.0115
2.2231e-008	-0.012125
2.2731e-008	-0.010875
2.3231e-008	-0.0115
2.3731e-008	-0.0105625
2.4231e-008	-0.0105625
2.4731e-008	-0.010875
2.5231e-008	-0.0111875
2.5731e-008	-0.0111875
2.6231e-008	-0.0111875
2.6731e-008	-0.012125
2.7231e-008	-0.0130625
2.7731e-008	-0.01275
2.8231e-008	-0.014
2.8731e-008	-0.0130625
2.9231e-008	-0.01275
2.9731e-008	-0.0136875
3.0231e-008	-0.0136875
3.0731e-008	-0.01275
3.1231e-008	-0.0124375
3.1731e-008	-0.012125
3.2231e-008	-0.0130625
3.2731e-008	-0.0124375
3.3231e-008	-0.0118125
3.3731e-008	-0.0115
3.4231e-008	-0.012125
3.4731e-008	-0.012125
3.5231e-008	-0.012125
3.5731e-008	-0.01275
3.6231e-008	-0.0130625
3.6731e-008	-0.0136875
3.7231e-008	-0.01275
3.7731e-008	-0.01275
3.8231e-008	-0.013375
3.8731e-008	-0.013375
3.9231e-008	-0.0136875
3.9731e-008	-0.0136875
4.0231e-008	-0.0130625
4.0731e-008	-0.01275
4.1231e-008	-0.0124375
4.1731e-008	-0.01275
4.2231e-008	-0.0124375
4.2731e-008	-0.0111875
4.3231e-008	-0.0118125
4.3731e-008	-0.010875
4.4231e-008	-0.0118125
4.4731e-008	-0.0118125
4.5231e-008	-0.012125
4.5731e-008	-0.0124375
4.6231e-008	-0.013375
4.6731e-008	-0.0130625
4.7231e-008	-0.013375
4.7731e-008	-0.013375
4.8231e-008	-0.013375
4.8731e-008	-0.013375
4.9231e-008	-0.013375
4.9731e-008	-0.0130625
5.0231e-008	-0.0124375
5.0731e-008	-0.0118125
5.1231e-008	-0.0115
5.1731e-008	-0.0115
5.2231e-008	-0.0111875
5.2731e-008	-0.0111875
5.3231e-008	-0.0118125
5.3731e-008	-0.0111875
5.4231e-008	-0.0111875
5.4731e-008	-0.012125
5.5231e-008	-0.0124375
5.5731e-008	-0.0124375
5.6231e-008	-0.0130625
5.6731e-008	-0.0130625
5.7231e-008	-0.013375
5.7731e-008	-0.01275
5.8231e-008	-0.0130625
5.8731e-008	-0.013375
5.9231e-008	-0.0124375
5.9731e-008	-0.0124375
6.0231e-008	-0.0124375
6.0731e-008	-0.012125
6.1231e-008	-0.0115
6.1731e-008	-0.0115
6.2231e-008	-0.0118125
6.2731e-008	-0.0115
6.3231e-008	-0.0111875
6.3731e-008	-0.0115
6.4231e-008	-0.0118125
6.4731e-008	-0.0111875
6.5231e-008	-0.0118125
6.5731e-008	-0.0124375
6.6231e-008	-0.0136875
6.6731e-008	-0.013375
6.7231e-008	-0.0136875
6.7731e-008	-0.0136875
6.8231e-008	-0.0130625
6.8731e-008	-0.0130625
6.9231e-008	-0.01275
6.9731e-008	-0.0118125
7.0231e-008	-0.0118125
7.0731e-008	-0.0111875
7.1231e-008	-0.0111875
7.1731e-008	-0.0105625
7.2231e-008	-0.010875
7.2731e-008	-0.010875
7.3231e-008	-0.0115
7.3731e-008	-0.0115
7.4231e-008	-0.0111875
7.4731e-008	-0.0111875
7.5231e-008	-0.0115
7.5731e-008	-0.0124375
7.6231e-008	-0.01275
7.6731e-008	-0.01275
7.7231e-008	-0.013375
7.7731e-008	-0.01275
7.8231e-008	-0.0130625
7.8731e-008	-0.013375
7.9231e-008	-0.012125
7.9731e-008	-0.012125
8.0231e-008	-0.0111875
8.0731e-008	-0.010875
8.1231e-008	-0.0111875
8.1731e-008	-0.0111875
8.2231e-008	-0.010875
8.2731e-008	-0.010875
8.3231e-008	-0.0105625
8.3731e-008	-0.010875
8.4231e-008	-0.0105625
8.4731e-008	-0.0115
8.5231e-008	-0.0118125
8.5731e-008	-0.0115
8.6231e-008	-0.01275
8.6731e-008	-0.012125
8.7231e-008	-0.0124375
8.7731e-008	-0.013375
8.8231e-008	-0.0130625
8.8731e-008	-0.012125
8.9231e-008	-0.0118125
8.9731e-008	-0.0115
9.0231e-008	-0.0115
9.0731e-008	-0.0111875
9.1231e-008	-0.0118125
9.1731e-008	-0.0111875
9.2231e-008	-0.010875
9.2731e-008	-0.0105625
9.3231e-008	-0.0111875
9.3731e-008	-0.0115
9.4231e-008	-0.010875
9.4731e-008	-0.010875
9.5231e-008	-0.0124375
9.5731e-008	-0.012125
9.6231e-008	-0.012125
9.6731e-008	-0.0124375
9.7231e-008	-0.0124375
9.7731e-008	-0.012125
9.8231e-008	-0.012125
9.8731e-008	-0.0115
9.9231e-008	-0.0115
9.9731e-008	-0.012125
1.00231e-007	-0.0111875
1.00731e-007	-0.0105625
1.01231e-007	-0.0111875
1.01731e-007	-0.010875
1.02231e-007	-0.0111875
1.02731e-007	-0.010875
1.03231e-007	-0.010875
1.03731e-007	-0.0111875
1.04231e-007	-0.0111875
1.04731e-007	-0.0105625
1.05231e-007	-0.0111875
1.05731e-007	-0.0115
1.06231e-007	-0.0115
1.06731e-007	-0.0105625
1.07231e-007	-0.0111875
1.07731e-007	-0.0111875
1.08231e-007	-0.0111875
1.08731e-007	-0.0115
1.09231e-007	-0.012125
1.09731e-007	-0.0111875
1.10231e-007	-0.0115
1.10731e-007	-0.0118125
1.11231e-007	-0.012125
1.11731e-007	-0.0115
1.12231e-007	-0.0118125
1.12731e-007	-0.0115
1.13231e-007	-0.0115
1.13731e-007	-0.0111875
1.14231e-007	-0.010875
1.14731e-007	-0.010875
1.15231e-007	-0.010875
1.15731e-007	-0.0105625
1.16231e-007	-0.01025
1.16731e-007	-0.01025
1.17231e-007	-0.0105625
1.17731e-007	-0.0105625
1.18231e-007	-0.0111875
1.18731e-007	-0.0118125
1.19231e-007	-0.012125
1.19731e-007	-0.0111875
1.20231e-007	-0.0105625
1.20731e-007	-0.012125
1.21231e-007	-0.012125
1.21731e-007	-0.0118125
1.22231e-007	-0.0111875
1.22731e-007	-0.0105625
1.23231e-007	-0.0111875
1.23731e-007	-0.010875
1.24231e-007	-0.010875
1.24731e-007	-0.01025
1.25231e-007	-0.01025
1.25731e-007	-0.01025
1.26231e-007	-0.0093125
1.26731e-007	-0.0099375
1.27231e-007	-0.0105625
1.27731e-007	-0.01025
1.28231e-007	-0.0111875
1.28731e-007	-0.0105625
1.29231e-007	-0.0115
1.29731e-007	-0.0115
1.30231e-007	-0.0111875
1.30731e-007	-0.0115
1.31231e-007	-0.0118125
1.31731e-007	-0.0115
1.32231e-007	-0.0111875
1.32731e-007	-0.0111875
1.33231e-007	-0.0118125
1.33731e-007	-0.01025
1.34231e-007	-0.0093125
1.34731e-007	-0.009
1.35231e-007	-0.0086875
1.35731e-007	-0.009
1.36231e-007	-0.00775
1.36731e-007	-0.009
1.37231e-007	-0.009625
1.37731e-007	-0.0093125
1.38231e-007	-0.0099375
1.38731e-007	-0.0111875
1.39231e-007	-0.01275
1.39731e-007	-0.012125
1.40231e-007	-0.0115
1.40731e-007	-0.012125
1.41231e-007	-0.0118125
1.41731e-007	-0.0115
1.42231e-007	-0.0111875
1.42731e-007	-0.01025
1.43231e-007	-0.01025
1.43731e-007	-0.01025
1.44231e-007	-0.0099375
1.44731e-007	-0.008375
1.45231e-007	-0.0080625
1.45731e-007	-0.008375
1.46231e-007	-0.0080625
1.46731e-007	-0.009
1.47231e-007	-0.0093125
1.47731e-007	-0.0093125
1.48231e-007	-0.0105625
1.48731e-007	-0.010875
1.49231e-007	-0.0118125
1.49731e-007	-0.0115
1.50231e-007	-0.0118125
1.50731e-007	-0.0118125
1.51231e-007	-0.0118125
1.51731e-007	-0.0111875
1.52231e-007	-0.01025
1.52731e-007	-0.01025
1.53231e-007	-0.01025
1.53731e-007	-0.0086875
1.54231e-007	-0.0080625
1.54731e-007	-0.0074375
1.55231e-007	-0.0080625
1.55731e-007	-0.0080625
1.56231e-007	-0.007125
1.56731e-007	-0.008375
1.57231e-007	-0.0086875
1.57731e-007	-0.009625
1.58231e-007	-0.0105625
1.58731e-007	-0.0105625
1.59231e-007	-0.0115
1.59731e-007	-0.0115
1.60231e-007	-0.012125
1.60731e-007	-0.012125
1.61231e-007	-0.010875
1.61731e-007	-0.0111875
1.62231e-007	-0.0099375
1.62731e-007	-0.0099375
1.63231e-007	-0.0086875
1.63731e-007	-0.0080625
1.64231e-007	-0.00775
1.64731e-007	-0.0074375
1.65231e-007	-0.007125
1.65731e-007	-0.0068125
1.66231e-007	-0.0068125
1.66731e-007	-0.0080625
1.67231e-007	-0.0080625
1.67731e-007	-0.009625
1.68231e-007	-0.0099375
1.68731e-007	-0.010875
1.69231e-007	-0.012125
1.69731e-007	-0.0115
1.70231e-007	-0.0124375
1.70731e-007	-0.0118125
1.71231e-007	-0.010875
1.71731e-007	-0.010875
1.72231e-007	-0.0105625
1.72731e-007	-0.0093125
1.73231e-007	-0.009
1.73731e-007	-0.00775
1.74231e-007	-0.007125
1.74731e-007	-0.0065
1.75231e-007	-0.0068125
1.75731e-007	-0.0068125
1.76231e-007	-0.0068125
1.76731e-007	-0.0074375
1.77231e-007	-0.0080625
1.77731e-007	-0.0093125
1.78231e-007	-0.009625
1.78731e-007	-0.010875
1.79231e-007	-0.0115
1.79731e-007	-0.0115
1.80231e-007	-0.0118125
1.80731e-007	-0.0111875
1.81231e-007	-0.0111875
1.81731e-007	-0.01025
1.82231e-007	-0.009
1.82731e-007	-0.0086875
1.83231e-007	-0.00775
1.83731e-007	-0.00775
1.84231e-007	-0.0068125
1.84731e-007	-0.0065
1.85231e-007	-0.0061875
1.85731e-007	-0.0065
1.86231e-007	-0.0065
1.86731e-007	-0.0074375
1.87231e-007	-0.0086875
1.87731e-007	-0.0086875
1.88231e-007	-0.0093125
1.88731e-007	-0.01025
1.89231e-007	-0.0105625
1.89731e-007	-0.0105625
1.90231e-007	-0.0115
1.90731e-007	-0.0111875
1.91231e-007	-0.0105625
1.91731e-007	-0.009
1.92231e-007	-0.0093125
1.92731e-007	-0.008375
1.93231e-007	-0.0074375
1.93731e-007	-0.007125
1.94231e-007	-0.0068125
1.94731e-007	-0.0065
1.95231e-007	-0.0065
1.95731e-007	-0.0074375
1.96231e-007	-0.0074375
1.96731e-007	-0.00775
1.97231e-007	-0.008375
1.97731e-007	-0.0093125
1.98231e-007	-0.0099375
1.98731e-007	-0.0105625
1.99231e-007	-0.0105625
1.99731e-007	-0.01025
2.00231e-007	-0.0099375
2.00731e-007	-0.0105625
2.01231e-007	-0.009
2.01731e-007	-0.008375
2.02231e-007	-0.0080625
2.02731e-007	-0.0074375
2.03231e-007	-0.0074375
2.03731e-007	-0.007125
2.04231e-007	-0.0061875
2.04731e-007	-0.0068125
2.05231e-007	-0.0068125
2.05731e-007	-0.00775
2.06231e-007	-0.00775
2.06731e-007	-0.00775
2.07231e-007	-0.0086875
2.07731e-007	-0.0093125
2.08231e-007	-0.0099375
2.08731e-007	-0.009625
2.09231e-007	-0.009
2.09731e-007	-0.009625
2.10231e-007	-0.0093125
2.10731e-007	-0.009
2.11231e-007	-0.0074375
2.11731e-007	-0.00775
2.12231e-007	-0.00775
2.12731e-007	-0.007125
2.13231e-007	-0.0068125
2.13731e-007	-0.0061875
2.14231e-007	-0.0068125
2.14731e-007	-0.0068125
2.15231e-007	-0.0068125
2.15731e-007	-0.0080625
2.16231e-007	-0.0080625
2.16731e-007	-0.0086875
2.17231e-007	-0.0086875
2.17731e-007	-0.0086875
2.18231e-007	-0.009
2.18731e-007	-0.0093125
2.19231e-007	-0.0093125
2.19731e-007	-0.009
2.20231e-007	-0.0086875
2.20731e-007	-0.009
2.21231e-007	-0.00775
2.21731e-007	-0.0068125
2.22231e-007	-0.0061875
2.22731e-007	-0.0065
2.23231e-007	-0.0068125
2.23731e-007	-0.005875
2.24231e-007	-0.0061875
2.24731e-007	-0.0068125
2.25231e-007	-0.0068125
2.25731e-007	-0.0074375
2.26231e-007	-0.00775
2.26731e-007	-0.0086875
2.27231e-007	-0.008375
2.27731e-007	-0.0093125
2.28231e-007	-0.009625
2.28731e-007	-0.009
2.29231e-007	-0.009
2.29731e-007	-0.008375
2.30231e-007	-0.0080625
2.30731e-007	-0.0080625
2.31231e-007	-0.0074375
2.31731e-007	-0.0074375
2.32231e-007	-0.0068125
2.32731e-007	-0.0065
2.33231e-007	-0.0061875
2.33731e-007	-0.0065
2.34231e-007	-0.0065
2.34731e-007	-0.0068125
2.35231e-007	-0.0074375
2.35731e-007	-0.00775
2.36231e-007	-0.0080625
2.36731e-007	-0.008375
2.37231e-007	-0.008375
2.37731e-007	-0.009
2.38231e-007	-0.008375
2.38731e-007	-0.0086875
2.39231e-007	-0.008375
2.39731e-007	-0.0074375
2.40231e-007	-0.0080625
2.40731e-007	-0.0080625
2.41231e-007	-0.007125
2.41731e-007	-0.0074375
2.42231e-007	-0.0068125
2.42731e-007	-0.0065
2.43231e-007	-0.0065
2.43731e-007	-0.0068125
2.44231e-007	-0.0061875
2.44731e-007	-0.0061875
2.45231e-007	-0.007125
2.45731e-007	-0.0074375
2.46231e-007	-0.007125
2.46731e-007	-0.00775
2.47231e-007	-0.00775
2.47731e-007	-0.0080625
2.48231e-007	-0.0074375
2.48731e-007	-0.0080625
2.49231e-007	-0.008375
2.49731e-007	-0.008375
2.50231e-007	-0.008375
2.50731e-007	-0.0080625
2.51231e-007	-0.00775
2.51731e-007	-0.00775
2.52231e-007	-0.0074375
2.52731e-007	-0.0074375
2.53231e-007	-0.005875
2.53731e-007	-0.0061875
2.54231e-007	-0.0061875
2.54731e-007	-0.0065
2.55231e-007	-0.0061875
2.55731e-007	-0.0065
2.56231e-007	-0.0068125
2.56731e-007	-0.0068125
2.57231e-007	-0.0061875
2.57731e-007	-0.0074375
2.58231e-007	-0.0080625
2.58731e-007	-0.0080625
2.59231e-007	-0.0080625
2.59731e-007	-0.008375
2.60231e-007	-0.0080625
2.60731e-007	-0.0074375
2.61231e-007	-0.00775
2.61731e-007	-0.0080625
2.62231e-007	-0.0074375
2.62731e-007	-0.0074375
2.63231e-007	-0.0074375
2.63731e-007	-0.0068125
2.64231e-007	-0.0068125
2.64731e-007	-0.0068125
2.65231e-007	-0.0061875
2.65731e-007	-0.005875
2.66231e-007	-0.0065
2.66731e-007	-0.0065
2.67231e-007	-0.0068125
2.67731e-007	-0.0065
2.68231e-007	-0.0068125
2.68731e-007	-0.007125
2.69231e-007	-0.0074375
2.69731e-007	-0.00775
2.70231e-007	-0.0080625
2.70731e-007	-0.008375
2.71231e-007	-0.0080625
2.71731e-007	-0.008375
2.72231e-007	-0.0080625
2.72731e-007	-0.008375
2.73231e-007	-0.00775
2.73731e-007	-0.007125
2.74231e-007	-0.0068125
2.74731e-007	-0.0065
2.75231e-007	-0.005875
2.75731e-007	-0.0061875
2.76231e-007	-0.005875
2.76731e-007	-0.0061875
2.77231e-007	-0.0065
2.77731e-007	-0.0061875
2.78231e-007	-0.0061875
2.78731e-007	-0.0065
2.79231e-007	-0.0065
2.79731e-007	-0.0068125
2.80231e-007	-0.0074375
2.80731e-007	-0.0080625
2.81231e-007	-0.0080625
2.81731e-007	-0.008375
2.82231e-007	-0.0080625
2.82731e-007	-0.0080625
2.83231e-007	-0.008375
2.83731e-007	-0.00775
2.84231e-007	-0.007125
2.84731e-007	-0.0065
2.85231e-007	-0.0055625
2.85731e-007	-0.00525
2.86231e-007	-0.00525
2.86731e-007	-0.0055625
2.87231e-007	-0.00525
2.87731e-007	-0.005875
2.88231e-007	-0.005875
2.88731e-007	-0.005875
2.89231e-007	-0.0068125
2.89731e-007	-0.0068125
2.90231e-007	-0.0068125
2.90731e-007	-0.007125
2.91231e-007	-0.007125
2.91731e-007	-0.00775
2.92231e-007	-0.0080625
2.92731e-007	-0.008375
2.93231e-007	-0.008375
2.93731e-007	-0.0074375
2.94231e-007	-0.0068125
2.94731e-007	-0.007125
2.95231e-007	-0.0065
2.95731e-007	-0.0055625
2.96231e-007	-0.0055625
2.96731e-007	-0.0049375
2.97231e-007	-0.004625
2.97731e-007	-0.00525
2.98231e-007	-0.0049375
2.98731e-007	-0.00525
2.99231e-007	-0.005875
2.99731e-007	-0.0065
3.00231e-007	-0.0068125
3.00731e-007	-0.00775
3.01231e-007	-0.0074375
3.01731e-007	-0.0074375
3.02231e-007	-0.00775
3.02731e-007	-0.0086875
3.03231e-007	-0.0074375
3.03731e-007	-0.0068125
3.04231e-007	-0.0068125
3.04731e-007	-0.0068125
3.05231e-007	-0.0061875
3.05731e-007	-0.0049375
3.06231e-007	-0.0049375
3.06731e-007	-0.004625
3.07231e-007	-0.0055625
3.07731e-007	-0.005875
3.08231e-007	-0.0055625
3.08731e-007	-0.0055625
3.09231e-007	-0.0055625
3.09731e-007	-0.0068125
3.10231e-007	-0.007125
3.10731e-007	-0.0065
3.11231e-007	-0.0074375
3.11731e-007	-0.0074375
3.12231e-007	-0.00775
3.12731e-007	-0.007125
3.13231e-007	-0.0074375
3.13731e-007	-0.0074375
3.14231e-007	-0.0065
3.14731e-007	-0.0065
3.15231e-007	-0.005875
3.15731e-007	-0.00525
3.16231e-007	-0.0055625
3.16731e-007	-0.0055625
3.17231e-007	-0.0055625
3.17731e-007	-0.0043125
3.18231e-007	-0.00525
3.18731e-007	-0.005875
3.19231e-007	-0.005875
3.19731e-007	-0.0065
3.20231e-007	-0.0061875
3.20731e-007	-0.0068125
3.21231e-007	-0.007125
3.21731e-007	-0.007125
3.22231e-007	-0.0074375
3.22731e-007	-0.007125
3.23231e-007	-0.005875
3.23731e-007	-0.0055625
3.24231e-007	-0.0055625
3.24731e-007	-0.005875
3.25231e-007	-0.0049375
3.25731e-007	-0.0049375
3.26231e-007	-0.00525
3.26731e-007	-0.0049375
3.27231e-007	-0.0049375
3.27731e-007	-0.00525
3.28231e-007	-0.005875
3.28731e-007	-0.005875
3.29231e-007	-0.0055625
3.29731e-007	-0.0065
3.30231e-007	-0.0061875
3.30731e-007	-0.0068125
3.31231e-007	-0.0068125
3.31731e-007	-0.0068125
3.32231e-007	-0.0074375
3.32731e-007	-0.005875
3.33231e-007	-0.005875
3.33731e-007	-0.005875
3.34231e-007	-0.005875
3.34731e-007	-0.0055625
3.35231e-007	-0.004625
3.35731e-007	-0.0049375
3.36231e-007	-0.00525
3.36731e-007	-0.0043125
3.37231e-007	-0.00525
3.37731e-007	-0.0049375
3.38231e-007	-0.005875
3.38731e-007	-0.0061875
3.39231e-007	-0.0055625
3.39731e-007	-0.0065
3.40231e-007	-0.0061875
3.40731e-007	-0.0065
3.41231e-007	-0.0068125
3.41731e-007	-0.0068125
3.42231e-007	-0.0065
3.42731e-007	-0.0061875
3.43231e-007	-0.0061875
3.43731e-007	-0.005875
3.44231e-007	-0.0055625
3.44731e-007	-0.0055625
3.45231e-007	-0.0049375
3.45731e-007	-0.00525
3.46231e-007	-0.004625
3.46731e-007	-0.004625
3.47231e-007	-0.0049375
3.47731e-007	-0.004625
3.48231e-007	-0.0055625
3.48731e-007	-0.0055625
3.49231e-007	-0.0049375
3.49731e-007	-0.0055625
3.50231e-007	-0.0055625
3.50731e-007	-0.005875
3.51231e-007	-0.005875
3.51731e-007	-0.0065
3.52231e-007	-0.0068125
3.52731e-007	-0.0065
3.53231e-007	-0.005875
3.53731e-007	-0.00525
3.54231e-007	-0.0061875
3.54731e-007	-0.00525
3.55231e-007	-0.0049375
3.55731e-007	-0.0055625
3.56231e-007	-0.0049375
3.56731e-007	-0.0043125
3.57231e-007	-0.0043125
3.57731e-007	-0.004
3.58231e-007	-0.0049375
3.58731e-007	-0.0055625
3.59231e-007	-0.0055625
3.59731e-007	-0.005875
3.60231e-007	-0.00525
3.60731e-007	-0.0055625
3.61231e-007	-0.0061875
3.61731e-007	-0.0065
3.62231e-007	-0.005875
3.62731e-007	-0.0055625
3.63231e-007	-0.0065
3.63731e-007	-0.0061875
3.64231e-007	-0.00525
3.64731e-007	-0.0055625
3.65231e-007	-0.0061875
3.65731e-007	-0.005875
3.66231e-007	-0.004625
3.66731e-007	-0.004
3.67231e-007	-0.004625
3.67731e-007	-0.004625
3.68231e-007	-0.0043125
3.68731e-007	-0.0036875
3.69231e-007	-0.0043125
3.69731e-007	-0.0049375
3.70231e-007	-0.00525
3.70731e-007	-0.0055625
3.71231e-007	-0.0055625
3.71731e-007	-0.0055625
3.72231e-007	-0.005875
3.72731e-007	-0.0065
3.73231e-007	-0.0061875
3.73731e-007	-0.0065
3.74231e-007	-0.0061875
3.74731e-007	-0.0061875
3.75231e-007	-0.0055625
3.75731e-007	-0.0049375
3.76231e-007	-0.0055625
3.76731e-007	-0.0055625
3.77231e-007	-0.0049375
3.77731e-007	-0.004
3.78231e-007	-0.003375
3.78731e-007	-0.0036875
3.79231e-007	-0.0036875
3.79731e-007	-0.0043125
3.80231e-007	-0.004
3.80731e-007	-0.0043125
3.81231e-007	-0.00525
3.81731e-007	-0.0055625
3.82231e-007	-0.0055625
3.82731e-007	-0.005875
3.83231e-007	-0.0065
3.83731e-007	-0.0074375
3.84231e-007	-0.0065
3.84731e-007	-0.005875
3.85231e-007	-0.005875
3.85731e-007	-0.0061875
3.86231e-007	-0.0061875
3.86731e-007	-0.004625
3.87231e-007	-0.0043125
3.87731e-007	-0.0036875
3.88231e-007	-0.0030625
3.88731e-007	-0.0030625
3.89231e-007	-0.003375
3.89731e-007	-0.0030625
3.90231e-007	-0.0030625
3.90731e-007	-0.0043125
3.91231e-007	-0.004625
3.91731e-007	-0.0043125
3.92231e-007	-0.0055625
3.92731e-007	-0.005875
3.93231e-007	-0.0068125
3.93731e-007	-0.007125
3.94231e-007	-0.0068125
3.94731e-007	-0.0065
3.95231e-007	-0.0061875
3.95731e-007	-0.0055625
3.96231e-007	-0.00525
3.96731e-007	-0.004625
3.97231e-007	-0.0043125
3.97731e-007	-0.003375
3.98231e-007	-0.003375
3.98731e-007	-0.00275
3.99231e-007	-0.00275
3.99731e-007	-0.0030625
4.00231e-007	-0.0030625
4.00731e-007	-0.003375
4.01231e-007	-0.004625
4.01731e-007	-0.004625
4.02231e-007	-0.0049375
4.02731e-007	-0.0055625
4.03231e-007	-0.0061875
4.03731e-007	-0.0068125
4.04231e-007	-0.0065
4.04731e-007	-0.0065
4.05231e-007	-0.005875
4.05731e-007	-0.005875
4.06231e-007	-0.005875
4.06731e-007	-0.00525
4.07231e-007	-0.0043125
4.07731e-007	-0.004
4.08231e-007	-0.0036875
4.08731e-007	-0.003375
4.09231e-007	-0.0024375
4.09731e-007	-0.0024375
4.10231e-007	-0.0036875
4.10731e-007	-0.0036875
4.11231e-007	-0.0036875
4.11731e-007	-0.0036875
4.12231e-007	-0.0055625
4.12731e-007	-0.0055625
4.13231e-007	-0.0055625
4.13731e-007	-0.005875
4.14231e-007	-0.0068125
4.14731e-007	-0.0068125
4.15231e-007	-0.0061875
4.15731e-007	-0.005875
4.16231e-007	-0.00525
4.16731e-007	-0.0043125
4.17231e-007	-0.0043125
4.17731e-007	-0.0030625
4.18231e-007	-0.00275
4.18731e-007	-0.0024375
4.19231e-007	-0.0024375
4.19731e-007	-0.003375
4.20231e-007	-0.0030625
4.20731e-007	-0.0036875
4.21231e-007	-0.0043125
4.21731e-007	-0.0043125
4.22231e-007	-0.0049375
4.22731e-007	-0.0049375
4.23231e-007	-0.0055625
4.23731e-007	-0.0065
4.24231e-007	-0.005875
4.24731e-007	-0.0061875
4.25231e-007	-0.0055625
4.25731e-007	-0.0049375
4.26231e-007	-0.0036875
4.26731e-007	-0.004
4.27231e-007	-0.004
4.27731e-007	-0.003375
4.28231e-007	-0.004
4.28731e-007	-0.0030625
4.29231e-007	-0.0024375
4.29731e-007	-0.003375
4.30231e-007	-0.003375
4.30731e-007	-0.0043125
4.31231e-007	-0.004625
4.31731e-007	-0.004625
4.32231e-007	-0.004625
4.32731e-007	-0.0049375
4.33231e-007	-0.0055625
4.33731e-007	-0.005875
4.34231e-007	-0.005875
4.34731e-007	-0.00525
4.35231e-007	-0.0055625
4.35731e-007	-0.0049375
4.36231e-007	-0.0043125
4.36731e-007	-0.003375
4.37231e-007	-0.0030625
4.37731e-007	-0.0024375
4.38231e-007	-0.0030625
4.38731e-007	-0.0030625
4.39231e-007	-0.0030625
4.39731e-007	-0.003375
4.40231e-007	-0.0043125
4.40731e-007	-0.003375
4.41231e-007	-0.003375
4.41731e-007	-0.004625
4.42231e-007	-0.00525
4.42731e-007	-0.00525
4.43231e-007	-0.0055625
4.43731e-007	-0.0055625
4.44231e-007	-0.0055625
4.44731e-007	-0.0055625
4.45231e-007	-0.004625
4.45731e-007	-0.0049375
4.46231e-007	-0.0036875
4.46731e-007	-0.0036875
4.47231e-007	-0.0036875
4.47731e-007	-0.00275
4.48231e-007	-0.002125
4.48731e-007	-0.00275
4.49231e-007	-0.00275
4.49731e-007	-0.0030625
4.50231e-007	-0.003375
4.50731e-007	-0.004
4.51231e-007	-0.004625
4.51731e-007	-0.0049375
4.52231e-007	-0.0049375
4.52731e-007	-0.0055625
4.53231e-007	-0.0055625
4.53731e-007	-0.0049375
4.54231e-007	-0.0055625
4.54731e-007	-0.0049375
4.55231e-007	-0.00525
4.55731e-007	-0.0049375
4.56231e-007	-0.0036875
4.56731e-007	-0.0030625
4.57231e-007	-0.003375
4.57731e-007	-0.0024375
4.58231e-007	-0.00275
4.58731e-007	-0.00275
4.59231e-007	-0.0030625
4.59731e-007	-0.002125
4.60231e-007	-0.0030625
4.60731e-007	-0.0036875
4.61231e-007	-0.0036875
4.61731e-007	-0.004625
4.62231e-007	-0.0049375
4.62731e-007	-0.0055625
4.63231e-007	-0.0055625
4.63731e-007	-0.00525
4.64231e-007	-0.0055625
4.64731e-007	-0.00525
4.65231e-007	-0.0049375
4.65731e-007	-0.0043125
4.66231e-007	-0.003375
4.66731e-007	-0.0036875
4.67231e-007	-0.00275
4.67731e-007	-0.00275
4.68231e-007	-0.0024375
4.68731e-007	-0.002125
4.69231e-007	-0.002125
4.69731e-007	-0.0030625
4.70231e-007	-0.004
4.70731e-007	-0.0036875
4.71231e-007	-0.0030625
4.71731e-007	-0.003375
4.72231e-007	-0.0036875
4.72731e-007	-0.0049375
4.73231e-007	-0.00525
4.73731e-007	-0.0055625
4.74231e-007	-0.00525
4.74731e-007	-0.004
4.75231e-007	-0.0049375
4.75731e-007	-0.0043125
4.76231e-007	-0.003375
4.76731e-007	-0.003375
4.77231e-007	-0.0036875
4.77731e-007	-0.0030625
4.78231e-007	-0.0024375
4.78731e-007	-0.00275
4.79231e-007	-0.003375
4.79731e-007	-0.0024375
4.80231e-007	-0.0024375
4.80731e-007	-0.00275
4.81231e-007	-0.003375
4.81731e-007	-0.004
4.82231e-007	-0.0043125
4.82731e-007	-0.0043125
4.83231e-007	-0.004
4.83731e-007	-0.0036875
4.84231e-007	-0.004625
4.84731e-007	-0.004625
4.85231e-007	-0.004625
4.85731e-007	-0.004
4.86231e-007	-0.0036875
4.86731e-007	-0.003375
4.87231e-007	-0.003375
4.87731e-007	-0.0030625
4.88231e-007	-0.0024375
4.88731e-007	-0.003375
4.89231e-007	-0.0030625
4.89731e-007	-0.0030625
4.90231e-007	-0.0030625
4.90731e-007	-0.00275
4.91231e-007	-0.0030625
4.91731e-007	-0.0030625
4.92231e-007	-0.003375
4.92731e-007	-0.004
4.93231e-007	-0.0030625
4.93731e-007	-0.004
4.94231e-007	-0.004
4.94731e-007	-0.0043125
4.95231e-007	-0.0049375
4.95731e-007	-0.004
4.96231e-007	-0.0036875
4.96731e-007	-0.0036875
4.97231e-007	-0.003375
4.97731e-007	-0.0036875
4.98231e-007	-0.003375
4.98731e-007	-0.0036875
4.99231e-007	-0.0036875
4.99731e-007	-0.0024375
5.00231e-007	-0.0030625
5.00731e-007	-0.0024375
5.01231e-007	-0.0030625
5.01731e-007	-0.003375
5.02231e-007	-0.003375
5.02731e-007	-0.003375
5.03231e-007	-0.004
5.03731e-007	-0.0036875
5.04231e-007	-0.003375
5.04731e-007	-0.003375
5.05231e-007	-0.004
5.05731e-007	-0.004
5.06231e-007	-0.0043125
5.06731e-007	-0.0036875
5.07231e-007	-0.0036875
5.07731e-007	-0.003375
5.08231e-007	-0.0024375
5.08731e-007	-0.0036875
5.09231e-007	-0.0030625
5.09731e-007	-0.00275
5.10231e-007	-0.0030625
5.10731e-007	-0.0030625
5.11231e-007	-0.003375
5.11731e-007	-0.003375
5.12231e-007	-0.003375
5.12731e-007	-0.003375
5.13231e-007	-0.00275
5.13731e-007	-0.003375
5.14231e-007	-0.003375
5.14731e-007	-0.0036875
5.15231e-007	-0.0036875
5.15731e-007	-0.004
5.16231e-007	-0.0043125
5.16731e-007	-0.004
5.17231e-007	-0.003375
5.17731e-007	-0.0030625
5.18231e-007	-0.003375
5.18731e-007	-0.003375
5.19231e-007	-0.003375
5.19731e-007	-0.0036875
5.20231e-007	-0.003375
5.20731e-007	-0.00275
5.21231e-007	-0.0030625
5.21731e-007	-0.003375
5.22231e-007	-0.003375
5.22731e-007	-0.0024375
5.23231e-007	-0.0030625
5.23731e-007	-0.0036875
5.24231e-007	-0.0030625
5.24731e-007	-0.0030625
5.25231e-007	-0.0043125
5.25731e-007	-0.0036875
5.26231e-007	-0.0036875
5.26731e-007	-0.003375
5.27231e-007	-0.004
5.27731e-007	-0.0030625
5.28231e-007	-0.0030625
5.28731e-007	-0.0024375
5.29231e-007	-0.0024375
5.29731e-007	-0.0024375
5.30231e-007	-0.0030625
5.30731e-007	-0.003375
5.31231e-007	-0.0030625
5.31731e-007	-0.0030625
5.32231e-007	-0.0030625
5.32731e-007	-0.0024375
5.33231e-007	-0.0024375
5.33731e-007	-0.003375
5.34231e-007	-0.00275
5.34731e-007	-0.0036875
5.35231e-007	-0.003375
5.35731e-007	-0.0036875
5.36231e-007	-0.0043125
5.36731e-007	-0.0043125
5.37231e-007	-0.004
5.37731e-007	-0.0030625
5.38231e-007	-0.0030625
5.38731e-007	-0.003375
5.39231e-007	-0.0024375
5.39731e-007	-0.0024375
5.40231e-007	-0.0030625
5.40731e-007	-0.0030625
5.41231e-007	-0.00275
5.41731e-007	-0.0024375
5.42231e-007	-0.00275
5.42731e-007	-0.0030625
5.43231e-007	-0.0030625
5.43731e-007	-0.00275
5.44231e-007	-0.003375
5.44731e-007	-0.004
5.45231e-007	-0.0030625
5.45731e-007	-0.0030625
5.46231e-007	-0.003375
5.46731e-007	-0.0036875
5.47231e-007	-0.0036875
5.47731e-007	-0.0024375
5.48231e-007	-0.0030625
5.48731e-007	-0.0030625
5.49231e-007	-0.0030625
5.49731e-007	-0.003375
5.50231e-007	-0.00275
5.50731e-007	-0.002125
5.51231e-007	-0.0018125
5.51731e-007	-0.002125
5.52231e-007	-0.00275
5.52731e-007	-0.0024375
5.53231e-007	-0.0030625
5.53731e-007	-0.0024375
5.54231e-007	-0.0030625
5.54731e-007	-0.0036875
5.55231e-007	-0.00275
5.55731e-007	-0.0036875
5.56231e-007	-0.0043125
5.56731e-007	-0.0036875
5.57231e-007	-0.003375
5.57731e-007	-0.003375
5.58231e-007	-0.0030625
5.58731e-007	-0.0024375
5.59231e-007	-0.0030625
5.59731e-007	-0.00275
5.60231e-007	-0.0018125
5.60731e-007	-0.0024375
5.61231e-007	-0.0018125
5.61731e-007	-0.0015
5.62231e-007	-0.0015
5.62731e-007	-0.002125
5.63231e-007	-0.0030625
5.63731e-007	-0.00275
5.64231e-007	-0.0030625
5.64731e-007	-0.0036875
5.65231e-007	-0.0036875
5.65731e-007	-0.0036875
5.66231e-007	-0.0036875
5.66731e-007	-0.0036875
5.67231e-007	-0.0036875
5.67731e-007	-0.003375
5.68231e-007	-0.003375
5.68731e-007	-0.0024375
5.69231e-007	-0.0024375
5.69731e-007	-0.0024375
5.70231e-007	-0.0018125
5.70731e-007	-0.002125
5.71231e-007	-0.0015
5.71731e-007	-0.002125
5.72231e-007	-0.0018125
5.72731e-007	-0.0018125
5.73231e-007	-0.00275
5.73731e-007	-0.00275
5.74231e-007	-0.0024375
5.74731e-007	-0.00275
5.75231e-007	-0.003375
5.75731e-007	-0.0043125
5.76231e-007	-0.004625
5.76731e-007	-0.004
5.77231e-007	-0.0036875
5.77731e-007	-0.0030625
5.78231e-007	-0.004
5.78731e-007	-0.004
5.79231e-007	-0.0030625
5.79731e-007	-0.0018125
5.80231e-007	-0.0015
5.80731e-007	-0.002125
5.81231e-007	-0.002125
5.81731e-007	-0.002125
5.82231e-007	-0.0015
5.82731e-007	-0.0018125
5.83231e-007	-0.002125
5.83731e-007	-0.002125
5.84231e-007	-0.0024375
5.84731e-007	-0.0030625
5.85231e-007	-0.0030625
5.85731e-007	-0.0036875
5.86231e-007	-0.003375
5.86731e-007	-0.003375
5.87231e-007	-0.003375
5.87731e-007	-0.0030625
5.88231e-007	-0.003375
5.88731e-007	-0.0030625
5.89231e-007	-0.00275
5.89731e-007	-0.0024375
5.90231e-007	-0.002125
5.90731e-007	-0.0030625
5.91231e-007	-0.0011875
5.91731e-007	-0.0011875
5.92231e-007	-0.0015
5.92731e-007	-0.0015
5.93231e-007	-0.002125
5.93731e-007	-0.0018125
5.94231e-007	-0.00275
5.94731e-007	-0.00275
5.95231e-007	-0.0030625
5.95731e-007	-0.0030625
5.96231e-007	-0.003375
5.96731e-007	-0.004
5.97231e-007	-0.0036875
5.97731e-007	-0.003375
5.98231e-007	-0.003375
5.98731e-007	-0.0024375
5.99231e-007	-0.00275
5.99731e-007	-0.002125
6.00231e-007	-0.0015
6.00731e-007	-0.0024375
6.01231e-007	-0.0018125
6.01731e-007	-0.002125
6.02231e-007	-0.0018125
6.02731e-007	-0.0015
6.03231e-007	-0.002125
6.03731e-007	-0.002125
6.04231e-007	-0.0024375
6.04731e-007	-0.00275
6.05231e-007	-0.0024375
6.05731e-007	-0.00275
6.06231e-007	-0.0030625
6.06731e-007	-0.0036875
6.07231e-007	-0.003375
6.07731e-007	-0.0024375
6.08231e-007	-0.00275
6.08731e-007	-0.0030625
6.09231e-007	-0.0030625
6.09731e-007	-0.00275
6.10231e-007	-0.0024375
6.10731e-007	-0.0011875
6.11231e-007	6.25e-005
6.11731e-007	-0.0018125
6.12231e-007	-0.0024375
6.12731e-007	-0.0015
6.13231e-007	-0.0024375
6.13731e-007	-0.0024375
6.14231e-007	-0.0024375
6.14731e-007	-0.0024375
6.15231e-007	-0.0030625
6.15731e-007	-0.0036875
6.16231e-007	-0.0030625
6.16731e-007	-0.00275
6.17231e-007	-0.0024375
6.17731e-007	-0.0024375
6.18231e-007	-0.0030625
6.18731e-007	-0.00275
6.19231e-007	-0.0024375
6.19731e-007	-0.0024375
6.20231e-007	-0.002125
6.20731e-007	-0.0018125
6.21231e-007	-0.0015
6.21731e-007	-0.0018125
6.22231e-007	-0.0015
6.22731e-007	-0.0015
6.23231e-007	-0.002125
6.23731e-007	-0.002125
6.24231e-007	-0.0024375
6.24731e-007	-0.0024375
6.25231e-007	-0.0024375
6.25731e-007	-0.003375
6.26231e-007	-0.0030625
6.26731e-007	-0.0030625
6.27231e-007	-0.0030625
6.27731e-007	-0.003375
6.28231e-007	-0.0036875
6.28731e-007	-0.002125
6.29231e-007	-0.0018125
6.29731e-007	-0.0018125
6.30231e-007	-0.0018125
6.30731e-007	-0.0015
6.31231e-007	-0.000875
6.31731e-007	-0.0015
6.32231e-007	-0.000875
6.32731e-007	-0.0011875
6.33231e-007	-0.0018125
6.33731e-007	-0.002125
6.34231e-007	-0.0018125
6.34731e-007	-0.002125
6.35231e-007	-0.003375
6.35731e-007	-0.0030625
6.36231e-007	-0.0030625
6.36731e-007	-0.003375
6.37231e-007	-0.003375
6.37731e-007	-0.0030625
6.38231e-007	-0.0030625
6.38731e-007	-0.0030625
6.39231e-007	-0.0024375
6.39731e-007	-0.0018125
6.40231e-007	-0.000875
6.40731e-007	-0.0015
6.41231e-007	-0.0018125
6.41731e-007	-0.0015
6.42231e-007	-0.0018125
6.42731e-007	-0.002125
6.43231e-007	-0.0015
6.43731e-007	-0.0018125
6.44231e-007	-0.0024375
6.44731e-007	-0.0024375
6.45231e-007	-0.00275
6.45731e-007	-0.00275
6.46231e-007	-0.0030625
6.46731e-007	-0.0030625
6.47231e-007	-0.0030625
6.47731e-007	-0.00275
6.48231e-007	-0.00275
6.48731e-007	-0.00275
6.49231e-007	-0.00275
6.49731e-007	-0.002125
6.50231e-007	-0.0018125
6.50731e-007	-0.0018125
6.51231e-007	-0.0015
6.51731e-007	-0.0011875
6.52231e-007	-0.000875
6.52731e-007	-0.0011875
6.53231e-007	-0.0015
6.53731e-007	-0.0015
6.54231e-007	-0.0015
6.54731e-007	-0.002125
6.55231e-007	-0.0015
6.55731e-007	-0.002125
6.56231e-007	-0.00275
6.56731e-007	-0.0030625
6.57231e-007	-0.0030625
6.57731e-007	-0.00275
6.58231e-007	-0.0030625
6.58731e-007	-0.00275
6.59231e-007	-0.0024375
6.59731e-007	-0.00275
6.60231e-007	-0.0024375
6.60731e-007	-0.002125
6.61231e-007	-0.0015
6.61731e-007	-0.0015
6.62231e-007	-0.0018125
6.62731e-007	-0.0011875
6.63231e-007	-0.0011875
6.63731e-007	-0.000875
6.64231e-007	-0.0011875
6.64731e-007	-0.0024375
6.65231e-007	-0.002125
6.65731e-007	-0.002125
6.66231e-007	-0.0024375
6.66731e-007	-0.002125
6.67231e-007	-0.00275
6.67731e-007	-0.003375
6.68231e-007	-0.0030625
6.68731e-007	-0.003375
6.69231e-007	-0.0030625
6.69731e-007	-0.0024375
6.70231e-007	-0.0024375
6.70731e-007	-0.002125
6.71231e-007	-0.0018125
6.71731e-007	-0.002125
6.72231e-007	-0.0015
6.72731e-007	-0.0018125
6.73231e-007	-0.0011875
6.73731e-007	-0.0005625
6.74231e-007	-0.0018125
6.74731e-007	-0.0018125
6.75231e-007	-0.0011875
6.75731e-007	-0.0015
6.76231e-007	-0.0024375
6.76731e-007	-0.00275
6.77231e-007	-0.002125
6.77731e-007	-0.0030625
6.78231e-007	-0.003375
6.78731e-007	-0.0024375
6.79231e-007	-0.0024375
6.79731e-007	-0.00275
6.80231e-007	-0.002125
6.80731e-007	-0.0024375
6.81231e-007	-0.002125
6.81731e-007	-0.0015
6.82231e-007	-0.0015
6.82731e-007	-0.0018125
6.83231e-007	-0.0011875
6.83731e-007	-0.0015
6.84231e-007	-0.0018125
6.84731e-007	-0.0015
6.85231e-007	-0.0018125
6.85731e-007	-0.0018125
6.86231e-007	-0.0018125
6.86731e-007	-0.0024375
6.87231e-007	-0.002125
6.87731e-007	-0.0024375
6.88231e-007	-0.0024375
6.88731e-007	-0.0015
6.89231e-007	-0.0018125
6.89731e-007	-0.002125
6.90231e-007	-0.0024375
6.90731e-007	-0.002125
6.91231e-007	-0.0018125
6.91731e-007	-0.0024375
6.92231e-007	-0.0018125
6.92731e-007	-0.0015
6.93231e-007	-0.0018125
6.93731e-007	-0.002125
6.94231e-007	-0.0018125
6.94731e-007	-0.0015
6.95231e-007	-0.0018125
6.95731e-007	-0.0018125
6.96231e-007	-0.0018125
6.96731e-007	-0.0024375
6.97231e-007	-0.0018125
6.97731e-007	-0.002125
6.98231e-007	-0.0015
6.98731e-007	-0.0015
6.99231e-007	-0.0024375
6.99731e-007	-0.0011875
7.00231e-007	-0.0018125
7.00731e-007	-0.0024375
7.01231e-007	-0.0024375
7.01731e-007	-0.0015
7.02231e-007	-0.0018125
7.02731e-007	-0.0030625
7.03231e-007	-0.0018125
7.03731e-007	-0.0015
7.04231e-007	-0.002125
7.04731e-007	-0.002125
7.05231e-007	-0.0018125
7.05731e-007	-0.002125
7.06231e-007	-0.0018125
7.06731e-007	-0.002125
7.07231e-007	-0.0011875
7.07731e-007	-0.0011875
7.08231e-007	-0.0018125
7.08731e-007	-0.0015
7.09231e-007	-0.000875
7.09731e-007	-0.0011875
7.10231e-007	-0.0015
7.10731e-007	-0.0018125
7.11231e-007	-0.0018125
7.11731e-007	-0.0015
7.12231e-007	-0.0018125
7.12731e-007	-0.0018125
7.13231e-007	-0.0024375
7.13731e-007	-0.00275
7.14231e-007	-0.0024375
7.14731e-007	-0.0024375
7.15231e-007	-0.0024375
7.15731e-007	-0.0024375
7.16231e-007	-0.0018125
7.16731e-007	-0.0018125
7.17231e-007	-0.002125
7.17731e-007	-0.0018125
7.18231e-007	-0.002125
7.18731e-007	-0.0011875
7.19231e-007	-0.0011875
7.19731e-007	-0.0015
7.20231e-007	-0.000875
7.20731e-007	-0.0011875
7.21231e-007	-0.0011875
7.21731e-007	-0.002125
7.22231e-007	-0.0018125
7.22731e-007	-0.0018125
7.23231e-007	-0.0024375
7.23731e-007	-0.002125
7.24231e-007	-0.0024375
7.24731e-007	-0.0024375
7.25231e-007	-0.0024375
7.25731e-007	-0.00275
7.26231e-007	-0.002125
7.26731e-007	-0.00275
7.27231e-007	-0.00275
7.27731e-007	-0.002125
7.28231e-007	-0.0018125
7.28731e-007	-0.0015
7.29231e-007	-0.000875
7.29731e-007	-0.0011875
7.30231e-007	-0.0005625
7.30731e-007	-0.000875
7.31231e-007	-0.0005625
7.31731e-007	-0.0011875
7.32231e-007	-0.0015
7.32731e-007	-0.0011875
7.33231e-007	-0.002125
7.33731e-007	-0.0024375
7.34231e-007	-0.0030625
7.34731e-007	-0.002125
7.35231e-007	-0.002125
7.35731e-007	-0.003375
7.36231e-007	-0.00275
7.36731e-007	-0.002125
7.37231e-007	-0.0015
7.37731e-007	-0.0018125
7.38231e-007	-0.0018125
7.38731e-007	-0.0005625
7.39231e-007	6.25e-005
7.39731e-007	6.25e-005
7.40231e-007	-0.0005625
7.40731e-007	-0.000875
7.41231e-007	-0.000875
7.41731e-007	-0.0015
7.42231e-007	-0.0005625
7.42731e-007	-0.0011875
7.43231e-007	-0.002125
7.43731e-007	-0.002125
7.44231e-007	-0.002125
7.44731e-007	-0.0018125
7.45231e-007	-0.00275
7.45731e-007	-0.0030625
7.46231e-007	-0.0018125
7.46731e-007	-0.002125
7.47231e-007	-0.002125
7.47731e-007	-0.0015
7.48231e-007	-0.0011875
7.48731e-007	-0.0011875
7.49231e-007	-0.0011875
7.49731e-007	-0.000875
7.50231e-007	-0.000875
7.50731e-007	-0.0015
7.51231e-007	-0.0005625
7.51731e-007	-0.0005625
7.52231e-007	-0.000875
7.52731e-007	-0.0015
7.53231e-007	-0.0018125
7.53731e-007	-0.0018125
7.54231e-007	-0.0018125
7.54731e-007	-0.002125
7.55231e-007	-0.0018125
7.55731e-007	-0.002125
7.56231e-007	-0.0015
7.56731e-007	-0.002125
7.57231e-007	-0.0018125
7.57731e-007	-0.0015
7.58231e-007	-0.002125
7.58731e-007	-0.0018125
7.59231e-007	-0.0015
7.59731e-007	-0.0011875
7.60231e-007	-0.000875
7.60731e-007	-0.0015
7.61231e-007	-0.0015
7.61731e-007	-0.0015
7.62231e-007	-0.0018125
7.62731e-007	-0.0018125
7.63231e-007	-0.0018125
7.63731e-007	-0.0011875
7.64231e-007	-0.0011875
7.64731e-007	-0.0018125
7.65231e-007	-0.0018125
7.65731e-007	-0.0018125
7.66231e-007	-0.0018125
7.66731e-007	-0.002125
7.67231e-007	-0.000875
7.67731e-007	-0.00025
7.68231e-007	-0.0015
7.68731e-007	-0.0018125
7.69231e-007	-0.0011875
7.69731e-007	-0.0015
7.70231e-007	-0.0018125
7.70731e-007	-0.0011875
7.71231e-007	-0.0015
7.71731e-007	-0.0015
7.72231e-007	-0.0018125
7.72731e-007	-0.002125
7.73231e-007	-0.0018125
7.73731e-007	-0.0018125
7.74231e-007	-0.0011875
7.74731e-007	-0.0018125
7.75231e-007	-0.0015
7.75731e-007	-0.0015
7.76231e-007	-0.0011875
7.76731e-007	-0.0011875
7.77231e-007	-0.000875
7.77731e-007	-0.0005625
7.78231e-007	-0.000875
7.78731e-007	-0.0011875
7.79231e-007	-0.000875
7.79731e-007	-0.0011875
7.80231e-007	-0.002125
7.80731e-007	-0.0018125
7.81231e-007	-0.0018125
7.81731e-007	-0.0018125
7.82231e-007	-0.002125
7.82731e-007	-0.002125
7.83231e-007	-0.0024375
7.83731e-007	-0.002125
7.84231e-007	-0.000875
7.84731e-007	-0.000875
7.85231e-007	-0.0011875
7.85731e-007	-0.0011875
7.86231e-007	-0.000875
7.86731e-007	-0.0005625
7.87231e-007	-0.0005625
7.87731e-007	6.25e-005
7.88231e-007	-0.0005625
7.88731e-007	-0.0011875
7.89231e-007	-0.000875
7.89731e-007	-0.000875
7.90231e-007	-0.0011875
7.90731e-007	-0.002125
7.91231e-007	-0.0024375
7.91731e-007	-0.0024375
7.92231e-007	-0.0024375
7.92731e-007	-0.0018125
7.93231e-007	-0.002125
7.93731e-007	-0.0024375
7.94231e-007	-0.0018125
7.94731e-007	-0.002125
7.95231e-007	-0.0018125
7.95731e-007	-0.0005625
7.96231e-007	-0.000875
7.96731e-007	-0.000875
7.97231e-007	-0.00025
7.97731e-007	0.000375
7.98231e-007	-0.00025
7.98731e-007	-0.0011875
7.99231e-007	-0.0011875
7.99731e-007	-0.0015
8.00231e-007	-0.0011875
8.00731e-007	-0.002125
8.01231e-007	-0.0024375
8.01731e-007	-0.002125
8.02231e-007	-0.002125
8.02731e-007	-0.0024375
8.03231e-007	-0.002125
8.03731e-007	-0.0024375
8.04231e-007	-0.0024375
8.04731e-007	-0.0015
8.05231e-007	-0.0011875
8.05731e-007	-0.0018125
8.06231e-007	-0.0015
8.06731e-007	-0.000875
8.07231e-007	-0.0005625
8.07731e-007	6.25e-005
8.08231e-007	6.25e-005
8.08731e-007	-0.000875
8.09231e-007	-0.000875
8.09731e-007	-0.0011875
8.10231e-007	-0.0015
8.10731e-007	-0.0018125
8.11231e-007	-0.0024375
8.11731e-007	-0.00275
8.12231e-007	-0.0030625
8.12731e-007	-0.0030625
8.13231e-007	-0.002125
8.13731e-007	-0.0011875
8.14231e-007	-0.0018125
8.14731e-007	-0.002125
8.15231e-007	-0.0011875
8.15731e-007	-0.000875
8.16231e-007	-0.0011875
8.16731e-007	-0.000875
8.17231e-007	-0.00025
8.17731e-007	-0.0005625
8.18231e-007	-0.000875
8.18731e-007	-0.0011875
8.19231e-007	-0.0011875
8.19731e-007	-0.000875
8.20231e-007	-0.0011875
8.20731e-007	-0.0015
8.21231e-007	-0.0011875
8.21731e-007	-0.0015
8.22231e-007	-0.0018125
8.22731e-007	-0.0018125
8.23231e-007	-0.0018125
8.23731e-007	-0.0018125
8.24231e-007	-0.0015
8.24731e-007	-0.0015
8.25231e-007	-0.0015
8.25731e-007	-0.0005625
8.26231e-007	-0.000875
8.26731e-007	-0.0015
8.27231e-007	-0.000875
8.27731e-007	-0.000875
8.28231e-007	-0.0011875
8.28731e-007	-0.0011875
8.29231e-007	-0.0018125
8.29731e-007	-0.0015
8.30231e-007	-0.0011875
8.30731e-007	-0.0018125
8.31231e-007	-0.0011875
8.31731e-007	-0.0018125
8.32231e-007	-0.0011875
8.32731e-007	-0.0018125
8.33231e-007	-0.0015
8.33731e-007	-0.0011875
8.34231e-007	-0.0018125
8.34731e-007	-0.0015
8.35231e-007	-0.0018125
8.35731e-007	-0.000875
8.36231e-007	-0.0011875
8.36731e-007	-0.0015
8.37231e-007	-0.000875
8.37731e-007	-0.0018125
8.38231e-007	-0.0011875
8.38731e-007	-0.0011875
8.39231e-007	-0.0018125
8.39731e-007	-0.0015
8.40231e-007	-0.0018125
8.40731e-007	-0.002125
8.41231e-007	-0.002125
8.41731e-007	-0.0018125
8.42231e-007	-0.0011875
8.42731e-007	-0.0011875
8.43231e-007	-0.0011875
8.43731e-007	-0.000875
8.44231e-007	-0.000875
8.44731e-007	-0.000875
8.45231e-007	-0.0011875
8.45731e-007	-0.0011875
8.46231e-007	-0.0005625
8.46731e-007	-0.000875
8.47231e-007	-0.0011875
8.47731e-007	-0.0018125
8.48231e-007	-0.000875
8.48731e-007	-0.0011875
8.49231e-007	-0.002125
8.49731e-007	-0.002125
8.50231e-007	-0.002125
8.50731e-007	-0.002125
8.51231e-007	-0.0018125
8.51731e-007	-0.0015
8.52231e-007	-0.0011875
8.52731e-007	-0.0015
8.53231e-007	-0.0011875
8.53731e-007	-0.0011875
8.54231e-007	-0.000875
8.54731e-007	-0.00025
8.55231e-007	-0.00025
8.55731e-007	-0.000875
8.56231e-007	-0.0011875
8.56731e-007	-0.000875
8.57231e-007	-0.0011875
8.57731e-007	-0.0018125
8.58231e-007	-0.0011875
8.58731e-007	-0.0011875
8.59231e-007	-0.0018125
8.59731e-007	-0.0024375
8.60231e-007	-0.0015
8.60731e-007	-0.0018125
8.61231e-007	-0.0018125
8.61731e-007	-0.0011875
8.62231e-007	-0.0018125
8.62731e-007	-0.0005625
8.63231e-007	-0.00025
8.63731e-007	-0.00025
8.64231e-007	-0.000875
8.64731e-007	-0.0011875
8.65231e-007	-0.0005625
8.65731e-007	-0.0005625
8.66231e-007	-0.0011875
8.66731e-007	-0.0011875
8.67231e-007	-0.0011875
8.67731e-007	-0.0011875
8.68231e-007	-0.0011875
8.68731e-007	-0.0018125
8.69231e-007	-0.0018125
8.69731e-007	-0.0018125
8.70231e-007	-0.0018125
8.70731e-007	-0.0018125
8.71231e-007	-0.002125
8.71731e-007	-0.0015
8.72231e-007	-0.0015
8.72731e-007	-0.0018125
8.73231e-007	-0.0015
8.73731e-007	-0.0005625
8.74231e-007	-0.00025
8.74731e-007	-0.000875
8.75231e-007	-0.0005625
8.75731e-007	-0.0005625
8.76231e-007	-0.000875
8.76731e-007	-0.0011875
8.77231e-007	-0.0011875
8.77731e-007	-0.0015
8.78231e-007	-0.0015
8.78731e-007	-0.0018125
8.79231e-007	-0.0015
8.79731e-007	-0.00275
8.80231e-007	-0.002125
8.80731e-007	-0.0015
8.81231e-007	-0.0018125
8.81731e-007	-0.0015
8.82231e-007	-0.000875
8.82731e-007	-0.000875
8.83231e-007	-0.0005625
8.83731e-007	-0.000875
8.84231e-007	-0.0005625
8.84731e-007	-0.000875
8.85231e-007	-0.0005625
8.85731e-007	-0.00025
8.86231e-007	-0.000875
8.86731e-007	-0.00025
8.87231e-007	-0.000875
8.87731e-007	-0.0015
8.88231e-007	-0.002125
8.88731e-007	-0.0018125
8.89231e-007	-0.0011875
8.89731e-007	-0.0018125
8.90231e-007	-0.0011875
8.90731e-007	-0.000875
8.91231e-007	-0.000875
8.91731e-007	-0.0011875
8.92231e-007	-0.0015
8.92731e-007	-0.0015
8.93231e-007	-0.0011875
8.93731e-007	-0.000875
8.94231e-007	-0.0005625
8.94731e-007	-0.0011875
8.95231e-007	-0.000875
8.95731e-007	-0.0005625
8.96231e-007	-0.000875
8.96731e-007	-0.0005625
8.97231e-007	-0.0005625
8.97731e-007	-0.0018125
8.98231e-007	-0.0011875
8.98731e-007	-0.0018125
8.99231e-007	-0.0015
8.99731e-007	-0.0018125
9.00231e-007	-0.000875
9.00731e-007	-0.0015
9.01231e-007	-0.0018125
9.01731e-007	-0.000875
9.02231e-007	-0.0005625
9.02731e-007	-0.0011875
9.03231e-007	-0.000875
9.03731e-007	-0.000875
9.04231e-007	-0.0005625
9.04731e-007	-0.000875
9.05231e-007	-0.0005625
9.05731e-007	6.25e-005
9.06231e-007	-0.000875
9.06731e-007	-0.000875
9.07231e-007	-0.0018125
9.07731e-007	-0.0015
9.08231e-007	-0.0011875
9.08731e-007	-0.002125
9.09231e-007	-0.0015
9.09731e-007	-0.0018125
9.10231e-007	-0.0024375
9.10731e-007	-0.0018125
9.11231e-007	-0.0011875
9.11731e-007	-0.00025
9.12231e-007	-0.0005625
9.12731e-007	-0.000875
9.13231e-007	-0.0005625
9.13731e-007	-0.0005625
9.14231e-007	-0.0005625
9.14731e-007	-0.000875
9.15231e-007	-0.0005625
9.15731e-007	6.25e-005
9.16231e-007	-0.000875
9.16731e-007	-0.0018125
9.17231e-007	-0.002125
9.17731e-007	-0.0015
9.18231e-007	-0.0011875
9.18731e-007	-0.0018125
9.19231e-007	-0.002125
9.19731e-007	-0.002125
9.20231e-007	-0.0011875
9.20731e-007	-0.0011875
9.21231e-007	-0.000875
9.21731e-007	-0.00025
9.22231e-007	-0.0005625
9.22731e-007	-0.0011875
9.23231e-007	-0.0005625
9.23731e-007	6.25e-005
9.24231e-007	0.000375
9.24731e-007	-0.00025
9.25231e-007	-0.0005625
9.25731e-007	-0.000875
9.26231e-007	-0.0011875
9.26731e-007	-0.0011875
9.27231e-007	-0.0018125
9.27731e-007	-0.002125
9.28231e-007	-0.0018125
9.28731e-007	-0.002125
9.29231e-007	-0.0024375
9.29731e-007	-0.0018125
9.30231e-007	-0.000875
9.30731e-007	-0.0011875
9.31231e-007	-0.0018125
9.31731e-007	-0.00025
9.32231e-007	-0.00025
9.32731e-007	-0.0005625
9.33231e-007	-0.0005625
9.33731e-007	6.25e-005
9.34231e-007	6.25e-005
9.34731e-007	-0.0005625
9.35231e-007	-0.0005625
9.35731e-007	6.25e-005
9.36231e-007	-0.0011875
9.36731e-007	-0.0015
9.37231e-007	-0.0015
9.37731e-007	-0.0018125
9.38231e-007	-0.0018125
9.38731e-007	-0.0018125
9.39231e-007	-0.0018125
9.39731e-007	-0.002125
9.40231e-007	-0.0018125
9.40731e-007	-0.0015
9.41231e-007	-0.0011875
9.41731e-007	-0.0011875
9.42231e-007	-0.00025
9.42731e-007	-0.00025
9.43231e-007	6.25e-005
9.43731e-007	6.25e-005
9.44231e-007	0.000375
9.44731e-007	-0.0005625
9.45231e-007	-0.0005625
9.45731e-007	-0.00025
9.46231e-007	-0.0015
9.46731e-007	-0.0015
9.47231e-007	-0.0011875
9.47731e-007	-0.002125
9.48231e-007	-0.002125
9.48731e-007	-0.0024375
9.49231e-007	-0.002125
9.49731e-007	-0.002125
9.50231e-007	-0.0015
9.50731e-007	-0.0015
9.51231e-007	-0.0011875
9.51731e-007	-0.0005625
9.52231e-007	-0.0005625
9.52731e-007	6.25e-005
9.53231e-007	6.25e-005
9.53731e-007	-0.00025
9.54231e-007	-0.0005625
9.54731e-007	-0.0005625
9.55231e-007	-0.0005625
9.55731e-007	-0.0005625
9.56231e-007	-0.000875
9.56731e-007	-0.0018125
9.57231e-007	-0.0018125
9.57731e-007	-0.0018125
9.58231e-007	-0.002125
9.58731e-007	-0.002125
9.59231e-007	-0.0018125
9.59731e-007	-0.0018125
9.60231e-007	-0.000875
9.60731e-007	-0.000875
9.61231e-007	-0.000875
9.61731e-007	-0.00025
9.62231e-007	-0.00025
9.62731e-007	-0.0005625
9.63231e-007	6.25e-005
9.63731e-007	6.25e-005
9.64231e-007	-0.0005625
9.64731e-007	-0.0011875
9.65231e-007	-0.00025
9.65731e-007	-0.0015
9.66231e-007	-0.0018125
9.66731e-007	-0.0018125
9.67231e-007	-0.0018125
9.67731e-007	-0.002125
9.68231e-007	-0.0018125
9.68731e-007	-0.0015
9.69231e-007	-0.0018125
9.69731e-007	-0.0015
9.70231e-007	-0.0018125
9.70731e-007	-0.0018125
9.71231e-007	6.25e-005
9.71731e-007	-0.0005625
9.72231e-007	-0.0005625
9.72731e-007	6.25e-005
9.73231e-007	-0.000875
9.73731e-007	6.25e-005
9.74231e-007	-0.0005625
9.74731e-007	-0.000875
9.75231e-007	-0.0011875
9.75731e-007	-0.0018125
9.76231e-007	-0.0018125
9.76731e-007	-0.0018125
9.77231e-007	-0.0024375
9.77731e-007	-0.0024375
9.78231e-007	-0.0018125
9.78731e-007	-0.0018125
9.79231e-007	-0.002125
9.79731e-007	-0.0015
9.80231e-007	-0.0005625
9.80731e-007	-0.0005625
9.81231e-007	-0.00025
9.81731e-007	-0.0005625
9.82231e-007	-0.0005625
9.82731e-007	-0.0005625
9.83231e-007	-0.000875
9.83731e-007	6.25e-005
9.84231e-007	0.000375
9.84731e-007	-0.0005625
9.85231e-007	-0.0011875
9.85731e-007	-0.002125
9.86231e-007	-0.0015
9.86731e-007	-0.002125
9.87231e-007	-0.0024375
9.87731e-007	-0.002125
9.88231e-007	-0.0018125
9.88731e-007	-0.0011875
9.89231e-007	-0.0018125
9.89731e-007	-0.0015
9.90231e-007	-0.0005625
9.90731e-007	-0.000875
9.91231e-007	6.25e-005
9.91731e-007	6.25e-005
9.92231e-007	6.25e-005
9.92731e-007	6.25e-005
9.93231e-007	6.25e-005
9.93731e-007	-0.00025
9.94231e-007	6.25e-005
9.94731e-007	-0.0005625
9.95231e-007	-0.000875
9.95731e-007	-0.0011875
9.96231e-007	-0.002125
9.96731e-007	-0.0024375
9.97231e-007	-0.0015
9.97731e-007	-0.002125
9.98231e-007	-0.0024375
9.98731e-007	-0.0018125
9.99231e-007	-0.0018125
9.99731e-007	-0.0011875
1.000231e-006	-0.0011875
1.000731e-006	-0.0005625
1.001231e-006	6.25e-005
1.001731e-006	6.25e-005
1.002231e-006	0.0006875
1.002731e-006	0.0013125
1.003231e-006	6.25e-005
1.003731e-006	-0.000875
1.004231e-006	-0.0005625
1.004731e-006	-0.000875
1.005231e-006	-0.000875
1.005731e-006	-0.0015
1.006231e-006	-0.002125
1.006731e-006	-0.0018125
1.007231e-006	-0.002125
1.007731e-006	-0.002125
1.008231e-006	-0.002125
1.008731e-006	-0.0015
1.009231e-006	-0.000875
1.009731e-006	-0.0011875
1.010231e-006	-0.000875
1.010731e-006	-0.0005625
1.011231e-006	-0.00025
1.011731e-006	0.0006875
1.012231e-006	0.000375
1.012731e-006	6.25e-005
1.013231e-006	6.25e-005
1.013731e-006	0.000375
1.014231e-006	6.25e-005
1.014731e-006	-0.000875
1.015231e-006	-0.0011875
1.015731e-006	-0.0005625
1.016231e-006	-0.0011875
1.016731e-006	-0.0015
1.017231e-006	-0.0018125
1.017731e-006	-0.002125
1.018231e-006	-0.002125
1.018731e-006	-0.002125
1.019231e-006	-0.0018125
1.019731e-006	-0.0015
1.020231e-006	-0.000875
1.020731e-006	-0.000875
1.021231e-006	-0.0011875
1.021731e-006	-0.00025
1.022231e-006	6.25e-005
1.022731e-006	-0.00025
1.023231e-006	-0.0005625
1.023731e-006	6.25e-005
1.024231e-006	0.000375
1.024731e-006	-0.0005625
1.025231e-006	-0.000875
1.025731e-006	-0.000875
1.026231e-006	-0.0011875
1.026731e-006	-0.0015
1.027231e-006	-0.0018125
1.027731e-006	-0.002125
1.028231e-006	-0.0015
1.028731e-006	-0.0018125
1.029231e-006	-0.0015
1.029731e-006	-0.002125
1.030231e-006	-0.002125
1.030731e-006	-0.000875
1.031231e-006	-0.0011875
1.031731e-006	-0.000875
1.032231e-006	-0.00025
1.032731e-006	6.25e-005
1.033231e-006	6.25e-005
1.033731e-006	0.000375
1.034231e-006	0.0006875
1.034731e-006	-0.00025
1.035231e-006	-0.00025
1.035731e-006	-0.0005625
1.036231e-006	-0.000875
1.036731e-006	-0.000875
1.037231e-006	-0.000875
1.037731e-006	-0.0018125
1.038231e-006	-0.0011875
1.038731e-006	-0.0011875
1.039231e-006	-0.0015
1.039731e-006	-0.002125
1.040231e-006	-0.0018125
1.040731e-006	-0.0011875
1.041231e-006	-0.0018125
1.041731e-006	-0.000875
1.042231e-006	-0.00025
1.042731e-006	-0.00025
1.043231e-006	6.25e-005
1.043731e-006	-0.0005625
1.044231e-006	6.25e-005
1.044731e-006	-0.00025
1.045231e-006	6.25e-005
1.045731e-006	-0.00025
1.046231e-006	-0.0011875
1.046731e-006	-0.0011875
1.047231e-006	-0.0011875
1.047731e-006	-0.0011875
1.048231e-006	-0.0015
1.048731e-006	-0.0018125
1.049231e-006	-0.0011875
1.049731e-006	-0.0018125
1.050231e-006	-0.0015
1.050731e-006	-0.000875
1.051231e-006	-0.0015
1.051731e-006	-0.0015
1.052231e-006	-0.0005625
1.052731e-006	-0.00025
1.053231e-006	6.25e-005
1.053731e-006	-0.0005625
1.054231e-006	-0.0005625
1.054731e-006	6.25e-005
1.055231e-006	-0.00025
1.055731e-006	-0.0005625
1.056231e-006	-0.000875
1.056731e-006	-0.000875
1.057231e-006	-0.0015
1.057731e-006	-0.0015
1.058231e-006	-0.0011875
1.058731e-006	-0.0015
1.059231e-006	-0.0015
1.059731e-006	-0.0011875
1.060231e-006	-0.0018125
1.060731e-006	-0.0015
1.061231e-006	-0.000875
1.061731e-006	-0.0005625
1.062231e-006	-0.000875
1.062731e-006	-0.00025
1.063231e-006	0.000375
1.063731e-006	-0.000875
1.064231e-006	-0.00025
1.064731e-006	6.25e-005
1.065231e-006	6.25e-005
1.065731e-006	-0.00025
1.066231e-006	-0.0005625
1.066731e-006	-0.000875
1.067231e-006	-0.0011875
1.067731e-006	-0.0018125
1.068231e-006	-0.000875
1.068731e-006	-0.002125
1.069231e-006	-0.0024375
1.069731e-006	-0.002125
1.070231e-006	-0.000875
1.070731e-006	-0.0011875
1.071231e-006	-0.0011875
1.071731e-006	-0.000875
1.072231e-006	-0.00025
1.072731e-006	6.25e-005
1.073231e-006	0.000375
1.073731e-006	6.25e-005
1.074231e-006	-0.00025
1.074731e-006	-0.00025
1.075231e-006	6.25e-005
1.075731e-006	6.25e-005
1.076231e-006	-0.0005625
1.076731e-006	-0.0011875
1.077231e-006	-0.0015
1.077731e-006	-0.0011875
1.078231e-006	-0.0018125
1.078731e-006	-0.0018125
1.079231e-006	-0.002125
1.079731e-006	-0.0015
1.080231e-006	-0.0011875
1.080731e-006	-0.000875
1.081231e-006	-0.0011875
1.081731e-006	-0.000875
1.082231e-006	6.25e-005
1.082731e-006	6.25e-005
1.083231e-006	-0.0005625
1.083731e-006	-0.00025
1.084231e-006	0.000375
1.084731e-006	6.25e-005
1.085231e-006	-0.00025
1.085731e-006	-0.000875
1.086231e-006	-0.0005625
1.086731e-006	-0.0011875
1.087231e-006	-0.0018125
1.087731e-006	-0.0018125
1.088231e-006	-0.0011875
1.088731e-006	-0.0011875
1.089231e-006	-0.002125
1.089731e-006	-0.002125
1.090231e-006	-0.0005625
1.090731e-006	-0.000875
1.091231e-006	-0.0011875
1.091731e-006	-0.000875
1.092231e-006	0.0006875
1.092731e-006	0.0006875
1.093231e-006	0.000375
1.093731e-006	0.0006875
1.094231e-006	6.25e-005
1.094731e-006	6.25e-005
1.095231e-006	-0.0005625
1.095731e-006	-0.000875
1.096231e-006	-0.0005625
1.096731e-006	-0.0011875
1.097231e-006	-0.0015
1.097731e-006	-0.0018125
1.098231e-006	-0.0024375
1.098731e-006	-0.0015
1.099231e-006	-0.0015
1.099731e-006	-0.002125
1.100231e-006	-0.002125
1.100731e-006	-0.0011875
1.101231e-006	6.25e-005
1.101731e-006	-0.00025
1.102231e-006	-0.00025
1.102731e-006	-0.00025
1.103231e-006	6.25e-005
1.103731e-006	0.0006875
1.104231e-006	6.25e-005
1.104731e-006	-0.00025
1.105231e-006	-0.0005625
1.105731e-006	-0.00025
1.106231e-006	-0.0005625
1.106731e-006	-0.0015
1.107231e-006	-0.0015
1.107731e-006	-0.0005625
1.108231e-006	-0.0011875
1.108731e-006	-0.0015
1.109231e-006	-0.0018125
1.109731e-006	-0.0011875
1.110231e-006	-0.0011875
1.110731e-006	-0.0015
1.111231e-006	-0.0005625
1.111731e-006	-0.0005625
1.112231e-006	6.25e-005
1.112731e-006	0.000375
1.113231e-006	-0.0005625
1.113731e-006	-0.000875
1.114231e-006	6.25e-005
1.114731e-006	6.25e-005
1.115231e-006	-0.00025
1.115731e-006	-0.000875
1.116231e-006	-0.000875
1.116731e-006	-0.0011875
1.117231e-006	-0.0005625
1.117731e-006	-0.0011875
1.118231e-006	-0.0011875
1.118731e-006	-0.0015
1.119231e-006	-0.0011875
1.119731e-006	-0.0011875
1.120231e-006	-0.0005625
1.120731e-006	-0.000875
1.121231e-006	-0.0011875
1.121731e-006	-0.0011875
1.122231e-006	-0.000875
1.122731e-006	6.25e-005
1.123231e-006	-0.00025
1.123731e-006	-0.000875
1.124231e-006	-0.0011875
1.124731e-006	-0.0005625
1.125231e-006	6.25e-005
1.125731e-006	0.000375
1.126231e-006	-0.00025
1.126731e-006	-0.0005625
1.127231e-006	-0.0005625
1.127731e-006	-0.000875
1.128231e-006	-0.0011875
1.128731e-006	-0.000875
1.129231e-006	-0.000875
1.129731e-006	-0.0011875
1.130231e-006	-0.0005625
1.130731e-006	-0.000875
1.131231e-006	-0.000875
1.131731e-006	-0.0018125
1.132231e-006	-0.0005625
1.132731e-006	-0.000875
1.133231e-006	-0.0005625
1.133731e-006	-0.00025
1.134231e-006	-0.0005625
1.134731e-006	-0.000875
1.135231e-006	-0.0005625
1.135731e-006	-0.0005625
1.136231e-006	-0.0005625
1.136731e-006	-0.000875
1.137231e-006	-0.000875
1.137731e-006	6.25e-005
1.138231e-006	6.25e-005
1.138731e-006	-0.000875
1.139231e-006	-0.0005625
1.139731e-006	-0.0005625
1.140231e-006	-0.0005625
1.140731e-006	-0.0011875
1.141231e-006	-0.000875
1.141731e-006	-0.000875
1.142231e-006	-0.000875
1.142731e-006	-0.0018125
1.143231e-006	-0.0018125
1.143731e-006	-0.000875
1.144231e-006	-0.00025
1.144731e-006	6.25e-005
1.145231e-006	-0.0005625
1.145731e-006	-0.000875
1.146231e-006	-0.000875
1.146731e-006	-0.0005625
1.147231e-006	-0.0005625
1.147731e-006	-0.00025
1.148231e-006	-0.00025
1.148731e-006	6.25e-005
1.149231e-006	-0.00025
1.149731e-006	-0.0005625
1.150231e-006	-0.0005625
1.150731e-006	-0.000875
1.151231e-006	-0.000875
1.151731e-006	-0.0005625
1.152231e-006	-0.000875
1.152731e-006	-0.0015
1.153231e-006	-0.0011875
1.153731e-006	-0.000875
1.154231e-006	-0.000875
1.154731e-006	-0.00025
1.155231e-006	-0.0005625
1.155731e-006	-0.0005625
1.156231e-006	-0.00025
1.156731e-006	0.000375
1.157231e-006	6.25e-005
1.157731e-006	-0.000875
1.158231e-006	-0.0005625
1.158731e-006	6.25e-005
1.159231e-006	6.25e-005
1.159731e-006	-0.0011875
1.160231e-006	-0.0011875
1.160731e-006	-0.0011875
1.161231e-006	-0.0011875
1.161731e-006	-0.000875
1.162231e-006	-0.0011875
1.162731e-006	-0.0011875
1.163231e-006	-0.0015
1.163731e-006	-0.0011875
1.164231e-006	-0.0005625
1.164731e-006	6.25e-005
1.165231e-006	-0.00025
1.165731e-006	6.25e-005
1.166231e-006	6.25e-005
1.166731e-006	0.000375
1.167231e-006	6.25e-005
1.167731e-006	-0.0005625
1.168231e-006	6.25e-005
1.168731e-006	-0.0005625
1.169231e-006	-0.0011875
1.169731e-006	-0.000875
1.170231e-006	-0.0018125
1.170731e-006	-0.0015
1.171231e-006	-0.002125
1.171731e-006	-0.0024375
1.172231e-006	-0.0018125
1.172731e-006	-0.0011875
1.173231e-006	-0.0005625
1.173731e-006	-0.000875
1.174231e-006	6.25e-005
1.174731e-006	6.25e-005
1.175231e-006	0.000375
1.175731e-006	0.001
1.176231e-006	0.0013125
1.176731e-006	0.001
1.177231e-006	-0.00025
1.177731e-006	-0.000875
1.178231e-006	-0.0005625
1.178731e-006	-0.000875
1.179231e-006	-0.0005625
1.179731e-006	-0.002125
1.180231e-006	-0.0024375
1.180731e-006	-0.002125
1.181231e-006	-0.0018125
1.181731e-006	-0.0015
1.182231e-006	-0.0018125
1.182731e-006	-0.0018125
1.183231e-006	-0.000875
1.183731e-006	-0.000875
1.184231e-006	0.000375
1.184731e-006	0.0013125
1.185231e-006	0.001
1.185731e-006	0.0013125
1.186231e-006	0.000375
1.186731e-006	0.001
1.187231e-006	0.001
1.187731e-006	0.000375
1.188231e-006	6.25e-005
1.188731e-006	-0.0005625
1.189231e-006	-0.000875
1.189731e-006	-0.0015
1.190231e-006	-0.0018125
1.190731e-006	-0.002125
1.191231e-006	-0.0030625
1.191731e-006	-0.0024375
1.192231e-006	-0.0018125
1.192731e-006	-0.0011875
1.193231e-006	-0.000875
1.193731e-006	-0.00025
1.194231e-006	6.25e-005
1.194731e-006	0.0006875
1.195231e-006	0.001625
1.195731e-006	0.00225
1.196231e-006	0.001625
1.196731e-006	0.0013125
1.197231e-006	0.0006875
1.197731e-006	0.000375
1.198231e-006	-0.00025
1.198731e-006	-0.000875
1.199231e-006	-0.0018125
1.199731e-006	-0.0015
1.200231e-006	-0.0015
1.200731e-006	-0.0024375
1.201231e-006	-0.0030625
1.201731e-006	-0.002125
1.202231e-006	-0.002125
1.202731e-006	-0.0015
1.203231e-006	6.25e-005
1.203731e-006	6.25e-005
1.204231e-006	6.25e-005
1.204731e-006	0.0006875
1.205231e-006	0.001625
1.205731e-006	0.001625
1.206231e-006	0.001625
1.206731e-006	0.001625
1.207231e-006	0.000375
1.207731e-006	6.25e-005
1.208231e-006	-0.0005625
1.208731e-006	-0.0011875
1.209231e-006	-0.000875
1.209731e-006	-0.0015
1.210231e-006	-0.002125
1.210731e-006	-0.0030625
1.211231e-006	-0.00275
1.211731e-006	-0.002125
1.212231e-006	-0.0018125
1.212731e-006	-0.0011875
1.213231e-006	-0.0011875
1.213731e-006	-0.00025
1.214231e-006	6.25e-005
1.214731e-006	0.001
1.215231e-006	0.001625
1.215731e-006	0.0013125
1.216231e-006	0.0013125
1.216731e-006	0.0013125
1.217231e-006	0.0006875
1.217731e-006	6.25e-005
1.218231e-006	-0.0005625
1.218731e-006	-0.000875
1.219231e-006	-0.0011875
1.219731e-006	-0.0011875
1.220231e-006	-0.0011875
1.220731e-006	-0.0018125
1.221231e-006	-0.0018125
1.221731e-006	-0.0024375
1.222231e-006	-0.0018125
1.222731e-006	-0.0005625
1.223231e-006	-0.0005625
1.223731e-006	6.25e-005
1.224231e-006	0.000375
1.224731e-006	0.000375
1.225231e-006	0.0006875
1.225731e-006	0.001
1.226231e-006	0.001625
1.226731e-006	0.000375
1.227231e-006	0.0006875
1.227731e-006	6.25e-005
1.228231e-006	-0.000875
1.228731e-006	-0.0005625
1.229231e-006	-0.0011875
1.229731e-006	-0.002125
1.230231e-006	-0.0015
1.230731e-006	-0.0018125
1.231231e-006	-0.0011875
1.231731e-006	-0.0005625
1.232231e-006	-0.0005625
1.232731e-006	-0.000875
1.233231e-006	-0.00025
1.233731e-006	0.000375
1.234231e-006	0.000375
1.234731e-006	0.000375
1.235231e-006	6.25e-005
1.235731e-006	0.0006875
1.236231e-006	0.0013125
1.236731e-006	-0.00025
1.237231e-006	-0.00025
1.237731e-006	-0.00025
1.238231e-006	-0.000875
1.238731e-006	-0.0018125
1.239231e-006	-0.0011875
1.239731e-006	-0.000875
1.240231e-006	-0.0015
1.240731e-006	-0.0015
1.241231e-006	-0.0005625
1.241731e-006	6.25e-005
1.242231e-006	6.25e-005
1.242731e-006	-0.0005625
1.243231e-006	-0.00025
1.243731e-006	0.000375
1.244231e-006	-0.00025
1.244731e-006	-0.00025
1.245231e-006	-0.00025
1.245731e-006	-0.00025
1.246231e-006	-0.00025
1.246731e-006	-0.0005625
1.247231e-006	-0.000875
1.247731e-006	-0.000875
1.248231e-006	-0.0005625
1.248731e-006	-0.0011875
1.249231e-006	-0.0011875
1.249731e-006	-0.000875
1.250231e-006	-0.0015
1.250731e-006	-0.000875
1.251231e-006	-0.0005625
1.251731e-006	0.000375
1.252231e-006	0.0006875
1.252731e-006	0.000375
1.253231e-006	0.0006875
1.253731e-006	0.000375
1.254231e-006	-0.00025
1.254731e-006	-0.0005625
1.255231e-006	-0.0005625
1.255731e-006	-0.0005625
1.256231e-006	6.25e-005
1.256731e-006	-0.00025
1.257231e-006	-0.00025
1.257731e-006	-0.000875
1.258231e-006	-0.0011875
1.258731e-006	-0.0015
1.259231e-006	-0.0011875
1.259731e-006	-0.0011875
1.260231e-006	-0.00025
1.260731e-006	-0.0005625
1.261231e-006	-0.00025
1.261731e-006	-0.0005625
1.262231e-006	6.25e-005
1.262731e-006	0.000375
1.263231e-006	6.25e-005
1.263731e-006	0.000375
1.264231e-006	-0.00025
1.264731e-006	6.25e-005
1.265231e-006	6.25e-005
1.265731e-006	-0.0005625
1.266231e-006	-0.0011875
1.266731e-006	-0.000875
1.267231e-006	-0.0005625
1.267731e-006	-0.0005625
1.268231e-006	-0.0005625
1.268731e-006	-0.000875
1.269231e-006	-0.0011875
1.269731e-006	-0.0005625
1.270231e-006	-0.0005625
1.270731e-006	6.25e-005
1.271231e-006	6.25e-005
1.271731e-006	6.25e-005
1.272231e-006	0.000375
1.272731e-006	6.25e-005
1.273231e-006	-0.00025
1.273731e-006	6.25e-005
1.274231e-006	6.25e-005
1.274731e-006	6.25e-005
1.275231e-006	-0.0005625
1.275731e-006	-0.000875
1.276231e-006	-0.000875
1.276731e-006	-0.0005625
1.277231e-006	-0.0005625
1.277731e-006	-0.0005625
1.278231e-006	-0.0005625
1.278731e-006	-0.000875
1.279231e-006	-0.0005625
1.279731e-006	-0.00025
1.280231e-006	-0.0005625
1.280731e-006	6.25e-005
1.281231e-006	6.25e-005
1.281731e-006	-0.00025
1.282231e-006	-0.0005625
1.282731e-006	-0.0005625
1.283231e-006	-0.0005625
1.283731e-006	-0.0011875
1.284231e-006	-0.000875
1.284731e-006	-0.0005625
1.285231e-006	-0.0005625
1.285731e-006	-0.0005625
1.286231e-006	-0.0005625
1.286731e-006	-0.0005625
1.287231e-006	0.000375
1.287731e-006	6.25e-005
1.288231e-006	-0.00025
1.288731e-006	-0.000875
1.289231e-006	-0.0005625
1.289731e-006	0.000375
1.290231e-006	0.000375
1.290731e-006	-0.0005625
1.291231e-006	-0.0011875
1.291731e-006	-0.0005625
1.292231e-006	-0.0011875
1.292731e-006	-0.0018125
1.293231e-006	-0.0011875
1.293731e-006	-0.0011875
1.294231e-006	-0.0005625
1.294731e-006	-0.000875
1.295231e-006	-0.000875
1.295731e-006	6.25e-005
1.296231e-006	6.25e-005
1.296731e-006	0.000375
1.297231e-006	-0.0005625
1.297731e-006	-0.00025
1.298231e-006	0.0006875
1.298731e-006	0.000375
1.299231e-006	0.000375
1.299731e-006	0.000375
1.300231e-006	6.25e-005
1.300731e-006	-0.00025
1.301231e-006	-0.000875
1.301731e-006	-0.000875
1.302231e-006	-0.000875
1.302731e-006	-0.0018125
1.303231e-006	-0.0018125
1.303731e-006	-0.0018125
1.304231e-006	-0.000875
1.304731e-006	-0.0018125
1.305231e-006	-0.000875
1.305731e-006	6.25e-005
1.306231e-006	-0.0005625
1.306731e-006	0.000375
1.307231e-006	0.000375
1.307731e-006	6.25e-005
1.308231e-006	0.0013125
1.308731e-006	0.001625
1.309231e-006	0.001625
1.309731e-006	6.25e-005
1.310231e-006	0.000375
1.310731e-006	6.25e-005
1.311231e-006	-0.0011875
1.311731e-006	-0.0015
1.312231e-006	-0.0018125
1.312731e-006	-0.0011875
1.313231e-006	-0.0011875
1.313731e-006	-0.002125
1.314231e-006	-0.0018125
1.314731e-006	-0.0011875
1.315231e-006	-0.00025
1.315731e-006	-0.00025
1.316231e-006	-0.0005625
1.316731e-006	6.25e-005
1.317231e-006	-0.00025
1.317731e-006	0.001
1.318231e-006	0.0013125
1.318731e-006	0.0013125
1.319231e-006	0.0019375
1.319731e-006	0.000375
1.320231e-006	-0.00025
1.320731e-006	-0.00025
1.321231e-006	-0.0011875
1.321731e-006	-0.0015
1.322231e-006	-0.0015
1.322731e-006	-0.0018125
1.323231e-006	-0.0015
1.323731e-006	-0.0018125
1.324231e-006	-0.0015
1.324731e-006	-0.0018125
1.325231e-006	-0.0005625
1.325731e-006	-0.00025
1.326231e-006	6.25e-005
1.326731e-006	0.000375
1.327231e-006	0.0006875
1.327731e-006	0.001
1.328231e-006	0.001
1.328731e-006	0.001
1.329231e-006	0.001
1.329731e-006	0.000375
1.330231e-006	0.0006875
1.330731e-006	6.25e-005
1.331231e-006	-0.0005625
1.331731e-006	-0.0011875
1.332231e-006	-0.0018125
1.332731e-006	-0.0018125
1.333231e-006	-0.0015
1.333731e-006	-0.0018125
1.334231e-006	-0.0018125
1.334731e-006	-0.0011875
1.335231e-006	-0.0005625
1.335731e-006	-0.00025
1.336231e-006	6.25e-005
1.336731e-006	0.0006875
1.337231e-006	0.0013125
1.337731e-006	0.0006875
1.338231e-006	6.25e-005
1.338731e-006	6.25e-005
1.339231e-006	0.001
1.339731e-006	0.0006875
1.340231e-006	6.25e-005
1.340731e-006	6.25e-005
1.341231e-006	-0.0005625
1.341731e-006	-0.000875
1.342231e-006	-0.0011875
1.342731e-006	-0.0018125
1.343231e-006	-0.0018125
1.343731e-006	-0.0015
1.344231e-006	-0.0011875
1.344731e-006	-0.000875
1.345231e-006	-0.0011875
1.345731e-006	-0.0005625
1.346231e-006	-0.00025
1.346731e-006	6.25e-005
1.347231e-006	6.25e-005
1.347731e-006	0.0013125
1.348231e-006	0.001625
1.348731e-006	0.0006875
1.349231e-006	0.0006875
1.349731e-006	0.000375
1.350231e-006	6.25e-005
1.350731e-006	-0.000875
1.351231e-006	-0.000875
1.351731e-006	-0.000875
1.352231e-006	-0.000875
1.352731e-006	-0.0011875
1.353231e-006	-0.0011875
1.353731e-006	-0.0011875
1.354231e-006	-0.000875
1.354731e-006	-0.0015
1.355231e-006	-0.000875
1.355731e-006	6.25e-005
1.356231e-006	6.25e-005
1.356731e-006	6.25e-005
1.357231e-006	0.000375
1.357731e-006	0.0006875
1.358231e-006	0.0006875
1.358731e-006	0.000375
1.359231e-006	0.0006875
1.359731e-006	0.000375
1.360231e-006	-0.00025
1.360731e-006	-0.0005625
1.361231e-006	-0.0005625
1.361731e-006	-0.0011875
1.362231e-006	-0.002125
1.362731e-006	-0.0015
1.363231e-006	-0.000875
1.363731e-006	-0.0005625
1.364231e-006	-0.000875
1.364731e-006	-0.000875
1.365231e-006	-0.00025
1.365731e-006	-0.0005625
1.366231e-006	6.25e-005
1.366731e-006	0.000375
1.367231e-006	-0.00025
1.367731e-006	0.0006875
1.368231e-006	0.000375
1.368731e-006	0.000375
1.369231e-006	0.000375
1.369731e-006	-0.00025
1.370231e-006	6.25e-005
1.370731e-006	-0.0005625
1.371231e-006	-0.000875
1.371731e-006	-0.000875
1.372231e-006	-0.000875
1.372731e-006	-0.000875
1.373231e-006	-0.0005625
1.373731e-006	-0.0011875
1.374231e-006	-0.0011875
1.374731e-006	-0.000875
1.375231e-006	-0.00025
1.375731e-006	-0.0005625
1.376231e-006	6.25e-005
1.376731e-006	6.25e-005
1.377231e-006	0.000375
1.377731e-006	6.25e-005
1.378231e-006	0.000375
1.378731e-006	0.0013125
1.379231e-006	0.000375
1.379731e-006	-0.00025
1.380231e-006	0.000375
1.380731e-006	0.000375
1.381231e-006	6.25e-005
1.381731e-006	-0.0005625
1.382231e-006	-0.00025
1.382731e-006	-0.000875
1.383231e-006	-0.0011875
1.383731e-006	-0.0005625
1.384231e-006	-0.0011875
1.384731e-006	-0.0011875
1.385231e-006	-0.0011875
1.385731e-006	-0.0005625
1.386231e-006	-0.00025
1.386731e-006	-0.0005625
1.387231e-006	-0.0005625
1.387731e-006	6.25e-005
1.388231e-006	6.25e-005
1.388731e-006	0.000375
1.389231e-006	0.000375
1.389731e-006	0.001
1.390231e-006	6.25e-005
1.390731e-006	-0.0005625
1.391231e-006	0.000375
1.391731e-006	-0.00025
1.392231e-006	-0.00025
1.392731e-006	-0.0005625
1.393231e-006	-0.0005625
1.393731e-006	-0.0005625
1.394231e-006	-0.0018125
1.394731e-006	-0.0018125
1.395231e-006	-0.0011875
1.395731e-006	-0.0015
1.396231e-006	-0.000875
1.396731e-006	-0.0011875
1.397231e-006	6.25e-005
1.397731e-006	-0.00025
1.398231e-006	6.25e-005
1.398731e-006	0.0006875
1.399231e-006	0.000375
1.399731e-006	0.0013125
1.400231e-006	0.0013125
1.400731e-006	0.000375
1.401231e-006	0.000375
1.401731e-006	0.000375
1.402231e-006	6.25e-005
1.402731e-006	-0.0005625
1.403231e-006	-0.0011875
1.403731e-006	-0.0011875
1.404231e-006	-0.0018125
1.404731e-006	-0.0018125
1.405231e-006	-0.0024375
1.405731e-006	-0.002125
1.406231e-006	-0.0018125
1.406731e-006	-0.0018125
1.407231e-006	-0.0005625
1.407731e-006	-0.00025
1.408231e-006	-0.00025
1.408731e-006	6.25e-005
1.409231e-006	0.0006875
1.409731e-006	0.001
1.410231e-006	0.0013125
1.410731e-006	0.0013125
1.411231e-006	0.0006875
1.411731e-006	0.000375
1.412231e-006	0.000375
1.412731e-006	-0.0005625
1.413231e-006	-0.000875
1.413731e-006	-0.0011875
1.414231e-006	-0.0018125
1.414731e-006	-0.0024375
1.415231e-006	-0.0024375
1.415731e-006	-0.0024375
1.416231e-006	-0.000875
1.416731e-006	-0.000875
1.417231e-006	-0.00025
1.417731e-006	-0.0005625
1.418231e-006	6.25e-005
1.418731e-006	0.0006875
1.419231e-006	0.001
1.419731e-006	0.001
1.420231e-006	0.0006875
1.420731e-006	0.001
1.421231e-006	0.001
1.421731e-006	0.0006875
1.422231e-006	0.0006875
1.422731e-006	-0.000875
1.423231e-006	-0.0018125
1.423731e-006	-0.0018125
1.424231e-006	-0.0015
1.424731e-006	-0.0018125
1.425231e-006	-0.0018125
1.425731e-006	-0.0024375
1.426231e-006	-0.002125
1.426731e-006	-0.0018125
1.427231e-006	-0.00025
1.427731e-006	6.25e-005
1.428231e-006	-0.00025
1.428731e-006	0.001
1.429231e-006	0.0013125
1.429731e-006	0.001625
1.430231e-006	0.001625
1.430731e-006	0.001
1.431231e-006	0.001
1.431731e-006	0.0006875
1.432231e-006	0.000375
1.432731e-006	-0.0005625
1.433231e-006	-0.000875
1.433731e-006	-0.0018125
1.434231e-006	-0.0024375
1.434731e-006	-0.0015
1.435231e-006	-0.0011875
1.435731e-006	-0.0018125
1.436231e-006	-0.0011875
1.436731e-006	-0.000875
1.437231e-006	6.25e-005
1.437731e-006	0.000375
1.438231e-006	0.0006875
1.438731e-006	0.001625
1.439231e-006	0.0019375
1.439731e-006	0.001625
1.440231e-006	0.0013125
1.440731e-006	0.0006875
1.441231e-006	0.000375
1.441731e-006	0.000375
1.442231e-006	0.000375
1.442731e-006	-0.0005625
1.443231e-006	-0.002125
1.443731e-006	-0.0018125
1.444231e-006	-0.0015
1.444731e-006	-0.002125
1.445231e-006	-0.0015
1.445731e-006	-0.0011875
1.446231e-006	-0.000875
1.446731e-006	-0.0005625
1.447231e-006	6.25e-005
1.447731e-006	0.001
1.448231e-006	0.001
1.448731e-006	0.0013125
1.449231e-006	0.001625
1.449731e-006	0.0019375
1.450231e-006	0.001
1.450731e-006	0.001
1.451231e-006	0.0006875
1.451731e-006	6.25e-005
1.452231e-006	-0.000875
1.452731e-006	-0.0011875
1.453231e-006	-0.0011875
1.453731e-006	-0.0024375
1.454231e-006	-0.0024375
1.454731e-006	-0.0018125
1.455231e-006	-0.0018125
1.455731e-006	-0.0015
1.456231e-006	-0.0011875
1.456731e-006	-0.00025
1.457231e-006	0.001
1.457731e-006	0.001625
1.458231e-006	0.0019375
1.458731e-006	0.001625
1.459231e-006	0.0019375
1.459731e-006	0.0019375
1.460231e-006	0.0013125
1.460731e-006	6.25e-005
1.461231e-006	-0.00025
1.461731e-006	-0.00025
1.462231e-006	-0.000875
1.462731e-006	-0.0018125
1.463231e-006	-0.0024375
1.463731e-006	-0.002125
1.464231e-006	-0.0015
1.464731e-006	-0.0018125
1.465231e-006	-0.0015
1.465731e-006	-0.0011875
1.466231e-006	-0.0005625
1.466731e-006	0.000375
1.467231e-006	0.0013125
1.467731e-006	0.001625
1.468231e-006	0.001625
1.468731e-006	0.0019375
1.469231e-006	0.001625
1.469731e-006	0.0019375
1.470231e-006	0.001625
1.470731e-006	0.0006875
1.471231e-006	6.25e-005
1.471731e-006	-0.0005625
1.472231e-006	-0.0011875
1.472731e-006	-0.002125
1.473231e-006	-0.0024375
1.473731e-006	-0.00275
1.474231e-006	-0.0030625
1.474731e-006	-0.0018125
1.475231e-006	-0.0011875
1.475731e-006	-0.000875
1.476231e-006	-0.0005625
1.476731e-006	6.25e-005
1.477231e-006	0.001
1.477731e-006	0.0013125
1.478231e-006	0.0019375
1.478731e-006	0.002875
1.479231e-006	0.0019375
1.479731e-006	0.0013125
1.480231e-006	0.0013125
1.480731e-006	0.000375
1.481231e-006	-0.000875
1.481731e-006	-0.000875
1.482231e-006	-0.0005625
1.482731e-006	-0.0015
1.483231e-006	-0.002125
1.483731e-006	-0.002125
1.484231e-006	-0.0015
1.484731e-006	-0.0024375
1.485231e-006	-0.002125
1.485731e-006	-0.0011875
1.486231e-006	6.25e-005
1.486731e-006	0.000375
1.487231e-006	0.0013125
1.487731e-006	0.0013125
1.488231e-006	0.0013125
1.488731e-006	0.0019375
1.489231e-006	0.0025625
1.489731e-006	0.0025625
1.490231e-006	0.0006875
1.490731e-006	0.0006875
1.491231e-006	-0.0005625
1.491731e-006	-0.0005625
1.492231e-006	-0.000875
1.492731e-006	-0.0018125
1.493231e-006	-0.0018125
1.493731e-006	-0.002125
1.494231e-006	-0.0018125
1.494731e-006	-0.0018125
1.495231e-006	-0.002125
1.495731e-006	-0.00025
1.496231e-006	6.25e-005
1.496731e-006	-0.00025
1.497231e-006	0.0013125
1.497731e-006	0.001
1.498231e-006	0.001625
1.498731e-006	0.001
1.499231e-006	0.0013125
1.499731e-006	0.001625
1.500231e-006	0.0006875
1.500731e-006	6.25e-005
1.501231e-006	-0.000875
1.501731e-006	-0.0005625
1.502231e-006	-0.00025
1.502731e-006	-0.0018125
1.503231e-006	-0.0011875
1.503731e-006	-0.0018125
1.504231e-006	-0.000875
1.504731e-006	-0.000875
1.505231e-006	-0.0011875
1.505731e-006	-0.000875
1.506231e-006	-0.0011875
1.506731e-006	6.25e-005
1.507231e-006	0.001
1.507731e-006	0.0006875
1.508231e-006	0.0013125
1.508731e-006	0.0006875
1.509231e-006	6.25e-005
1.509731e-006	0.001
1.510231e-006	0.0006875
1.510731e-006	0.0006875
1.511231e-006	-0.0011875
1.511731e-006	-0.0011875
1.512231e-006	-0.0005625
1.512731e-006	-0.0005625
1.513231e-006	-0.0005625
1.513731e-006	-0.0011875
1.514231e-006	-0.000875
1.514731e-006	-0.0005625
1.515231e-006	-0.000875
1.515731e-006	-0.0005625
1.516231e-006	-0.0005625
1.516731e-006	0.000375
1.517231e-006	0.0013125
1.517731e-006	6.25e-005
1.518231e-006	6.25e-005
1.518731e-006	-0.00025
1.519231e-006	6.25e-005
1.519731e-006	0.000375
1.520231e-006	6.25e-005
1.520731e-006	-0.000875
1.521231e-006	-0.0011875
1.521731e-006	-0.0011875
1.522231e-006	-0.00025
1.522731e-006	-0.000875
1.523231e-006	-0.00025
1.523731e-006	-0.00025
1.524231e-006	-0.00025
1.524731e-006	-0.0005625
1.525231e-006	-0.00025
1.525731e-006	0.000375
1.526231e-006	6.25e-005
1.526731e-006	6.25e-005
1.527231e-006	0.0006875
1.527731e-006	6.25e-005
1.528231e-006	6.25e-005
1.528731e-006	6.25e-005
1.529231e-006	-0.00025
1.529731e-006	-0.00025
1.530231e-006	-0.0011875
1.530731e-006	-0.000875
1.531231e-006	-0.0015
1.531731e-006	-0.0011875
1.532231e-006	-0.0005625
1.532731e-006	-0.0005625
1.533231e-006	-0.000875
1.533731e-006	-0.0005625
1.534231e-006	-0.00025
1.534731e-006	0.000375
1.535231e-006	6.25e-005
1.535731e-006	0.0013125
1.536231e-006	0.0006875
1.536731e-006	0.0006875
1.537231e-006	0.000375
1.537731e-006	-0.00025
1.538231e-006	6.25e-005
1.538731e-006	6.25e-005
1.539231e-006	-0.0005625
1.539731e-006	-0.000875
1.540231e-006	-0.0005625
1.540731e-006	-0.0011875
1.541231e-006	-0.0011875
1.541731e-006	-0.0011875
1.542231e-006	-0.000875
1.542731e-006	-0.0011875
1.543231e-006	-0.0005625
1.543731e-006	-0.000875
1.544231e-006	-0.00025
1.544731e-006	6.25e-005
1.545231e-006	0.0013125
1.545731e-006	0.0013125
1.546231e-006	0.0006875
1.546731e-006	0.000375
1.547231e-006	0.0006875
1.547731e-006	6.25e-005
1.548231e-006	6.25e-005
1.548731e-006	-0.0005625
1.549231e-006	-0.0005625
1.549731e-006	-0.0005625
1.550231e-006	-0.0005625
1.550731e-006	-0.000875
1.551231e-006	-0.0018125
1.551731e-006	-0.0015
1.552231e-006	-0.0011875
1.552731e-006	-0.0011875
1.553231e-006	-0.0005625
1.553731e-006	-0.00025
1.554231e-006	6.25e-005
1.554731e-006	6.25e-005
1.555231e-006	0.000375
1.555731e-006	0.0013125
1.556231e-006	0.0006875
1.556731e-006	0.001
1.557231e-006	0.0013125
1.557731e-006	0.0013125
1.558231e-006	-0.00025
1.558731e-006	-0.00025
1.559231e-006	-0.0005625
1.559731e-006	-0.00025
1.560231e-006	-0.00025
1.560731e-006	-0.000875
1.561231e-006	-0.000875
1.561731e-006	-0.0011875
1.562231e-006	-0.0011875
1.562731e-006	-0.0005625
1.563231e-006	-0.0005625
1.563731e-006	-0.0015
1.564231e-006	-0.00025
1.564731e-006	6.25e-005
1.565231e-006	6.25e-005
1.565731e-006	6.25e-005
1.566231e-006	0.001
1.566731e-006	0.001
1.567231e-006	0.0006875
1.567731e-006	0.0006875
1.568231e-006	0.0006875
1.568731e-006	6.25e-005
1.569231e-006	0.000375
1.569731e-006	6.25e-005
1.570231e-006	-0.0005625
1.570731e-006	-0.0018125
1.571231e-006	-0.000875
1.571731e-006	-0.000875
1.572231e-006	-0.000875
1.572731e-006	-0.000875
1.573231e-006	-0.0015
1.573731e-006	-0.00025
1.574231e-006	6.25e-005
1.574731e-006	-0.0005625
1.575231e-006	6.25e-005
1.575731e-006	0.000375
1.576231e-006	-0.00025
1.576731e-006	6.25e-005
1.577231e-006	0.0006875
1.577731e-006	0.0013125
1.578231e-006	6.25e-005
1.578731e-006	0.000375
1.579231e-006	6.25e-005
1.579731e-006	-0.00025
1.580231e-006	-0.00025
1.580731e-006	-0.0005625
1.581231e-006	6.25e-005
1.581731e-006	-0.0005625
1.582231e-006	-0.0005625
1.582731e-006	-0.0005625
1.583231e-006	-0.000875
1.583731e-006	-0.0011875
1.584231e-006	-0.000875
1.584731e-006	0.000375
1.585231e-006	6.25e-005
1.585731e-006	-0.00025
1.586231e-006	6.25e-005
1.586731e-006	-0.00025
1.587231e-006	0.0006875
1.587731e-006	0.001
1.588231e-006	6.25e-005
1.588731e-006	0.000375
1.589231e-006	0.0006875
1.589731e-006	6.25e-005
1.590231e-006	0.000375
1.590731e-006	-0.0005625
1.591231e-006	-0.0005625
1.591731e-006	-0.000875
1.592231e-006	-0.000875
1.592731e-006	-0.0005625
1.593231e-006	-0.000875
1.593731e-006	-0.0011875
1.594231e-006	-0.000875
1.594731e-006	-0.0005625
1.595231e-006	-0.0005625
1.595731e-006	-0.00025
1.596231e-006	-0.00025
1.596731e-006	6.25e-005
1.597231e-006	6.25e-005
1.597731e-006	0.000375
1.598231e-006	0.0006875
1.598731e-006	0.001
1.599231e-006	6.25e-005
1.599731e-006	6.25e-005
1.600231e-006	0.000375
1.600731e-006	-0.0005625
1.601231e-006	-0.000875
1.601731e-006	-0.00025
1.602231e-006	-0.0005625
1.602731e-006	-0.0005625
1.603231e-006	-0.000875
1.603731e-006	-0.0011875
1.604231e-006	-0.000875
1.604731e-006	-0.000875
1.605231e-006	6.25e-005
1.605731e-006	6.25e-005
1.606231e-006	-0.0005625
1.606731e-006	6.25e-005
1.607231e-006	0.0006875
1.607731e-006	6.25e-005
1.608231e-006	-0.0005625
1.608731e-006	0.000375
1.609231e-006	0.000375
1.609731e-006	0.000375
1.610231e-006	-0.00025
1.610731e-006	-0.000875
1.611231e-006	-0.0005625
1.611731e-006	-0.0005625
1.612231e-006	-0.000875
1.612731e-006	-0.0011875
1.613231e-006	-0.000875
1.613731e-006	-0.0005625
1.614231e-006	-0.0005625
1.614731e-006	-0.000875
1.615231e-006	-0.0005625
1.615731e-006	-0.00025
1.616231e-006	6.25e-005
1.616731e-006	0.000375
1.617231e-006	0.001
1.617731e-006	0.000375
1.618231e-006	6.25e-005
1.618731e-006	-0.00025
1.619231e-006	6.25e-005
1.619731e-006	-0.0005625
1.620231e-006	-0.000875
1.620731e-006	6.25e-005
1.621231e-006	-0.00025
1.621731e-006	-0.000875
1.622231e-006	-0.000875
1.622731e-006	-0.0005625
1.623231e-006	-0.000875
1.623731e-006	-0.0005625
1.624231e-006	6.25e-005
1.624731e-006	-0.00025
1.625231e-006	-0.000875
1.625731e-006	6.25e-005
1.626231e-006	0.0006875
1.626731e-006	0.000375
1.627231e-006	0.001
1.627731e-006	0.0006875
1.628231e-006	0.000375
1.628731e-006	0.000375
1.629231e-006	0.000375
1.629731e-006	-0.00025
1.630231e-006	-0.000875
1.630731e-006	-0.00025
1.631231e-006	-0.0005625
1.631731e-006	-0.000875
1.632231e-006	-0.0011875
1.632731e-006	-0.0015
1.633231e-006	-0.000875
1.633731e-006	-0.0005625
1.634231e-006	-0.0005625
1.634731e-006	-0.0005625
1.635231e-006	6.25e-005
1.635731e-006	0.0006875
1.636231e-006	0.000375
1.636731e-006	0.000375
1.637231e-006	0.001
1.637731e-006	6.25e-005
1.638231e-006	0.000375
1.638731e-006	6.25e-005
1.639231e-006	-0.00025
1.639731e-006	-0.0005625
1.640231e-006	-0.000875
1.640731e-006	-0.0011875
1.641231e-006	-0.0018125
1.641731e-006	-0.0011875
1.642231e-006	-0.000875
1.642731e-006	-0.0015
1.643231e-006	-0.0005625
1.643731e-006	-0.0005625
1.644231e-006	-0.00025
1.644731e-006	6.25e-005
1.645231e-006	6.25e-005
1.645731e-006	6.25e-005
1.646231e-006	0.0006875
1.646731e-006	0.0013125
1.647231e-006	0.001
1.647731e-006	0.000375
1.648231e-006	0.000375
1.648731e-006	6.25e-005
1.649231e-006	-0.00025
1.649731e-006	-0.0005625
1.650231e-006	-0.000875
1.650731e-006	-0.0005625
1.651231e-006	-0.0011875
1.651731e-006	-0.0011875
1.652231e-006	-0.000875
1.652731e-006	-0.0011875
1.653231e-006	-0.000875
1.653731e-006	-0.0011875
1.654231e-006	-0.000875
1.654731e-006	-0.0005625
1.655231e-006	6.25e-005
1.655731e-006	0.0013125
1.656231e-006	6.25e-005
1.656731e-006	6.25e-005
1.657231e-006	0.000375
1.657731e-006	-0.00025
1.658231e-006	6.25e-005
1.658731e-006	-0.00025
1.659231e-006	-0.0005625
1.659731e-006	-0.000875
1.660231e-006	-0.000875
1.660731e-006	-0.0015
1.661231e-006	-0.002125
1.661731e-006	-0.0011875
1.662231e-006	-0.0005625
1.662731e-006	-0.00025
1.663231e-006	-0.0005625
1.663731e-006	-0.000875
1.664231e-006	6.25e-005
1.664731e-006	6.25e-005
1.665231e-006	0.0006875
1.665731e-006	0.0006875
1.666231e-006	6.25e-005
1.666731e-006	0.000375
1.667231e-006	0.0006875
1.667731e-006	-0.00025
1.668231e-006	-0.00025
1.668731e-006	-0.00025
1.669231e-006	-0.00025
1.669731e-006	-0.000875
1.670231e-006	-0.0005625
1.670731e-006	-0.0005625
1.671231e-006	-0.000875
1.671731e-006	-0.0005625
1.672231e-006	-0.0011875
1.672731e-006	-0.00025
1.673231e-006	6.25e-005
1.673731e-006	-0.00025
1.674231e-006	-0.0005625
1.674731e-006	6.25e-005
1.675231e-006	0.001
1.675731e-006	0.0006875
1.676231e-006	6.25e-005
1.676731e-006	0.0006875
1.677231e-006	6.25e-005
1.677731e-006	-0.0005625
1.678231e-006	-0.0005625
1.678731e-006	-0.00025
1.679231e-006	-0.0011875
1.679731e-006	-0.0018125
1.680231e-006	-0.0015
1.680731e-006	-0.0015
1.681231e-006	-0.000875
1.681731e-006	-0.00025
1.682231e-006	-0.0005625
1.682731e-006	-0.0005625
1.683231e-006	6.25e-005
1.683731e-006	-0.0005625
1.684231e-006	0.000375
1.684731e-006	0.000375
1.685231e-006	0.000375
1.685731e-006	-0.0005625
1.686231e-006	-0.0005625
1.686731e-006	-0.00025
1.687231e-006	-0.00025
1.687731e-006	6.25e-005
1.688231e-006	-0.000875
1.688731e-006	-0.0011875
1.689231e-006	-0.0011875
1.689731e-006	-0.0011875
1.690231e-006	-0.00025
1.690731e-006	-0.00025
1.691231e-006	-0.0011875
1.691731e-006	-0.0011875
1.692231e-006	6.25e-005
1.692731e-006	-0.00025
1.693231e-006	0.000375
1.693731e-006	0.000375
1.694231e-006	0.000375
1.694731e-006	6.25e-005
1.695231e-006	0.0006875
1.695731e-006	0.000375
1.696231e-006	-0.0005625
1.696731e-006	-0.000875
1.697231e-006	-0.000875
1.697731e-006	-0.0005625
1.698231e-006	-0.0011875
1.698731e-006	-0.000875
1.699231e-006	-0.0005625
1.699731e-006	-0.0011875
1.700231e-006	-0.0011875
1.700731e-006	-0.000875
1.701231e-006	-0.00025
1.701731e-006	0.0006875
1.702231e-006	-0.00025
1.702731e-006	6.25e-005
1.703231e-006	0.0006875
1.703731e-006	0.000375
1.704231e-006	0.000375
1.704731e-006	6.25e-005
1.705231e-006	6.25e-005
1.705731e-006	-0.000875
1.706231e-006	-0.000875
1.706731e-006	-0.0005625
1.707231e-006	-0.0005625
1.707731e-006	-0.0005625
1.708231e-006	-0.0011875
1.708731e-006	-0.0015
1.709231e-006	-0.0005625
1.709731e-006	-0.0011875
1.710231e-006	-0.000875
1.710731e-006	-0.0005625
1.711231e-006	-0.0005625
1.711731e-006	-0.0005625
1.712231e-006	6.25e-005
1.712731e-006	0.0006875
1.713231e-006	6.25e-005
1.713731e-006	0.0006875
1.714231e-006	0.0013125
1.714731e-006	6.25e-005
1.715231e-006	0.000375
1.715731e-006	-0.0005625
1.716231e-006	-0.000875
1.716731e-006	-0.000875
1.717231e-006	-0.000875
1.717731e-006	-0.0011875
1.718231e-006	-0.0015
1.718731e-006	-0.000875
1.719231e-006	-0.000875
1.719731e-006	-0.00025
1.720231e-006	0.000375
1.720731e-006	-0.00025
1.721231e-006	-0.0005625
1.721731e-006	6.25e-005
1.722231e-006	0.0006875
1.722731e-006	0.0019375
1.723231e-006	0.0006875
1.723731e-006	0.000375
1.724231e-006	6.25e-005
1.724731e-006	6.25e-005
1.725231e-006	-0.00025
1.725731e-006	-0.0005625
1.726231e-006	-0.00025
1.726731e-006	-0.0011875
1.727231e-006	-0.0015
1.727731e-006	-0.0011875
1.728231e-006	-0.0011875
1.728731e-006	-0.000875
1.729231e-006	-0.0011875
1.729731e-006	-0.0005625
1.730231e-006	0.0013125
1.730731e-006	0.0006875
1.731231e-006	0.000375
1.731731e-006	0.0006875
1.732231e-006	0.001
1.732731e-006	0.001
1.733231e-006	6.25e-005
1.733731e-006	0.000375
1.734231e-006	-0.0005625
1.734731e-006	-0.000875
1.735231e-006	-0.0005625
1.735731e-006	-0.0011875
1.736231e-006	-0.000875
1.736731e-006	-0.0018125
1.737231e-006	-0.002125
1.737731e-006	-0.0011875
1.738231e-006	-0.0011875
1.738731e-006	-0.0005625
1.739231e-006	-0.0005625
1.739731e-006	-0.00025
1.740231e-006	0.000375
1.740731e-006	0.001
1.741231e-006	0.0013125
1.741731e-006	0.001
1.742231e-006	0.000375
1.742731e-006	0.000375
1.743231e-006	6.25e-005
1.743731e-006	0.000375
1.744231e-006	6.25e-005
1.744731e-006	-0.0005625
1.745231e-006	-0.000875
1.745731e-006	-0.0015
1.746231e-006	-0.0018125
1.746731e-006	-0.0015
1.747231e-006	-0.0015
1.747731e-006	-0.0011875
1.748231e-006	-0.0011875
1.748731e-006	-0.000875
1.749231e-006	-0.0005625
1.749731e-006	0.001
1.750231e-006	0.0019375
1.750731e-006	0.0013125
1.751231e-006	0.000375
1.751731e-006	0.0006875
1.752231e-006	0.0013125
1.752731e-006	0.001
1.753231e-006	0.000375
1.753731e-006	6.25e-005
1.754231e-006	6.25e-005
1.754731e-006	-0.00025
1.755231e-006	-0.0011875
1.755731e-006	-0.002125
1.756231e-006	-0.0018125
1.756731e-006	-0.0018125
1.757231e-006	-0.0011875
1.757731e-006	-0.0018125
1.758231e-006	-0.0011875
1.758731e-006	-0.000875
1.759231e-006	-0.000875
1.759731e-006	0.000375
1.760231e-006	0.001
1.760731e-006	0.0006875
1.761231e-006	0.001625
1.761731e-006	0.0019375
1.762231e-006	0.001625
1.762731e-006	0.001
1.763231e-006	6.25e-005
1.763731e-006	-0.00025
1.764231e-006	0.000375
1.764731e-006	-0.0005625
1.765231e-006	-0.0015
1.765731e-006	-0.0011875
1.766231e-006	-0.0015
1.766731e-006	-0.0015
1.767231e-006	-0.0018125
1.767731e-006	-0.0015
1.768231e-006	-0.0011875
1.768731e-006	-0.0005625
1.769231e-006	6.25e-005
1.769731e-006	0.001
1.770231e-006	0.0006875
1.770731e-006	0.0006875
1.771231e-006	0.0006875
1.771731e-006	0.0013125
1.772231e-006	0.0013125
1.772731e-006	0.0006875
1.773231e-006	6.25e-005
1.773731e-006	6.25e-005
1.774231e-006	-0.000875
1.774731e-006	-0.0018125
1.775231e-006	-0.0011875
1.775731e-006	-0.000875
1.776231e-006	-0.0011875
1.776731e-006	-0.0018125
1.777231e-006	-0.0005625
1.777731e-006	-0.000875
1.778231e-006	-0.000875
1.778731e-006	-0.0005625
1.779231e-006	6.25e-005
1.779731e-006	6.25e-005
1.780231e-006	0.0006875
1.780731e-006	0.0006875
1.781231e-006	0.0013125
1.781731e-006	0.000375
1.782231e-006	0.0006875
1.782731e-006	0.000375
1.783231e-006	0.000375
1.783731e-006	-0.00025
1.784231e-006	-0.0005625
1.784731e-006	-0.0011875
1.785231e-006	-0.0018125
1.785731e-006	-0.0011875
1.786231e-006	-0.0011875
1.786731e-006	-0.0018125
1.787231e-006	-0.0011875
1.787731e-006	-0.00025
1.788231e-006	-0.0005625
