LECROYWS454	16215	Waveform
Segments	1	SegmentSize	4002
Segment	TrigTime	TimeSinceSegment1
#1	02-May-2024 19:11:25	0                 
Time	Ampl
-2.12369e-007	-0.00025
-2.11869e-007	6.25e-005
-2.11369e-007	0.001
-2.10869e-007	0.0013125
-2.10369e-007	0.0006875
-2.09869e-007	0.001625
-2.09369e-007	0.0019375
-2.08869e-007	0.001
-2.08369e-007	0.000375
-2.07869e-007	0.000375
-2.07369e-007	6.25e-005
-2.06869e-007	-0.000875
-2.06369e-007	-0.0015
-2.05869e-007	-0.000875
-2.05369e-007	-0.0011875
-2.04869e-007	-0.0011875
-2.04369e-007	-0.0018125
-2.03869e-007	-0.0011875
-2.03369e-007	-0.000875
-2.02869e-007	-0.00025
-2.02369e-007	-0.0005625
-2.01869e-007	6.25e-005
-2.01369e-007	0.0006875
-2.00869e-007	0.0006875
-2.00369e-007	0.001
-1.99869e-007	0.0006875
-1.99369e-007	0.0006875
-1.98869e-007	0.001
-1.98369e-007	6.25e-005
-1.97869e-007	6.25e-005
-1.97369e-007	0.000375
-1.96869e-007	-0.00025
-1.96369e-007	-0.0011875
-1.95869e-007	-0.000875
-1.95369e-007	-0.000875
-1.94869e-007	-0.0015
-1.94369e-007	-0.000875
-1.93869e-007	-0.0005625
-1.93369e-007	-0.000875
-1.92869e-007	-0.0011875
-1.92369e-007	-0.000875
-1.91869e-007	6.25e-005
-1.91369e-007	0.000375
-1.90869e-007	0.000375
-1.90369e-007	0.0013125
-1.89869e-007	0.001
-1.89369e-007	0.0013125
-1.88869e-007	0.001
-1.88369e-007	0.0006875
-1.87869e-007	6.25e-005
-1.87369e-007	-0.000875
-1.86869e-007	-0.00025
-1.86369e-007	-0.0005625
-1.85869e-007	-0.0015
-1.85369e-007	-0.0015
-1.84869e-007	-0.0011875
-1.84369e-007	-0.0011875
-1.83869e-007	-0.0011875
-1.83369e-007	-0.000875
-1.82869e-007	0.000375
-1.82369e-007	-0.00025
-1.81869e-007	-0.00025
-1.81369e-007	0.000375
-1.80869e-007	0.001
-1.80369e-007	0.001
-1.79869e-007	0.0006875
-1.79369e-007	0.001
-1.78869e-007	0.001
-1.78369e-007	0.0006875
-1.77869e-007	6.25e-005
-1.77369e-007	6.25e-005
-1.76869e-007	0.0006875
-1.76369e-007	-0.0005625
-1.75869e-007	-0.00025
-1.75369e-007	-0.0005625
-1.74869e-007	-0.0005625
-1.74369e-007	6.25e-005
-1.73869e-007	-0.0005625
-1.73369e-007	-0.000875
-1.72869e-007	-0.00025
-1.72369e-007	6.25e-005
-1.71869e-007	0.000375
-1.71369e-007	0.000375
-1.70869e-007	-0.00025
-1.70369e-007	0.000375
-1.69869e-007	0.001
-1.69369e-007	0.0006875
-1.68869e-007	0.000375
-1.68369e-007	6.25e-005
-1.67869e-007	6.25e-005
-1.67369e-007	-0.0005625
-1.66869e-007	-0.0005625
-1.66369e-007	-0.00025
-1.65869e-007	6.25e-005
-1.65369e-007	6.25e-005
-1.64869e-007	-0.0005625
-1.64369e-007	-0.0005625
-1.63869e-007	-0.0005625
-1.63369e-007	6.25e-005
-1.62869e-007	-0.0005625
-1.62369e-007	-0.0005625
-1.61869e-007	0.000375
-1.61369e-007	6.25e-005
-1.60869e-007	6.25e-005
-1.60369e-007	6.25e-005
-1.59869e-007	6.25e-005
-1.59369e-007	-0.0005625
-1.58869e-007	-0.0005625
-1.58369e-007	-0.00025
-1.57869e-007	-0.00025
-1.57369e-007	6.25e-005
-1.56869e-007	6.25e-005
-1.56369e-007	-0.0005625
-1.55869e-007	6.25e-005
-1.55369e-007	-0.00025
-1.54869e-007	6.25e-005
-1.54369e-007	0.000375
-1.53869e-007	0.000375
-1.53369e-007	6.25e-005
-1.52869e-007	6.25e-005
-1.52369e-007	-0.00025
-1.51869e-007	0.000375
-1.51369e-007	-0.00025
-1.50869e-007	-0.0005625
-1.50369e-007	6.25e-005
-1.49869e-007	6.25e-005
-1.49369e-007	6.25e-005
-1.48869e-007	-0.0005625
-1.48369e-007	-0.000875
-1.47869e-007	-0.00025
-1.47369e-007	6.25e-005
-1.46869e-007	6.25e-005
-1.46369e-007	6.25e-005
-1.45869e-007	6.25e-005
-1.45369e-007	6.25e-005
-1.44869e-007	6.25e-005
-1.44369e-007	0.000375
-1.43869e-007	-0.00025
-1.43369e-007	6.25e-005
-1.42869e-007	0.000375
-1.42369e-007	6.25e-005
-1.41869e-007	-0.0005625
-1.41369e-007	-0.00025
-1.40869e-007	6.25e-005
-1.40369e-007	-0.0005625
-1.39869e-007	-0.00025
-1.39369e-007	-0.0005625
-1.38869e-007	-0.000875
-1.38369e-007	6.25e-005
-1.37869e-007	6.25e-005
-1.37369e-007	-0.00025
-1.36869e-007	-0.0005625
-1.36369e-007	-0.0005625
-1.35869e-007	0.0013125
-1.35369e-007	0.001
-1.34869e-007	6.25e-005
-1.34369e-007	6.25e-005
-1.33869e-007	6.25e-005
-1.33369e-007	0.000375
-1.32869e-007	6.25e-005
-1.32369e-007	6.25e-005
-1.31869e-007	6.25e-005
-1.31369e-007	-0.000875
-1.30869e-007	-0.0005625
-1.30369e-007	-0.0005625
-1.29869e-007	-0.000875
-1.29369e-007	-0.000875
-1.28869e-007	-0.0005625
-1.28369e-007	-0.00025
-1.27869e-007	-0.0005625
-1.27369e-007	6.25e-005
-1.26869e-007	-0.00025
-1.26369e-007	6.25e-005
-1.25869e-007	0.0013125
-1.25369e-007	0.0006875
-1.24869e-007	0.0006875
-1.24369e-007	0.0006875
-1.23869e-007	0.0006875
-1.23369e-007	6.25e-005
-1.22869e-007	-0.000875
-1.22369e-007	-0.0005625
-1.21869e-007	6.25e-005
-1.21369e-007	-0.0005625
-1.20869e-007	-0.0005625
-1.20369e-007	-0.000875
-1.19869e-007	-0.00025
-1.19369e-007	-0.0005625
-1.18869e-007	-0.00025
-1.18369e-007	0.0006875
-1.17869e-007	-0.00025
-1.17369e-007	0.000375
-1.16869e-007	0.0006875
-1.16369e-007	0.0006875
-1.15869e-007	0.0013125
-1.15369e-007	0.000375
-1.14869e-007	6.25e-005
-1.14369e-007	-0.0005625
-1.13869e-007	0.000375
-1.13369e-007	0.0006875
-1.12869e-007	-0.00025
-1.12369e-007	-0.0005625
-1.11869e-007	-0.0005625
-1.11369e-007	-0.00025
-1.10869e-007	6.25e-005
-1.10369e-007	-0.0018125
-1.09869e-007	-0.0018125
-1.09369e-007	-0.0015
-1.08869e-007	-0.0005625
-1.08369e-007	-0.0005625
-1.07869e-007	-0.0005625
-1.07369e-007	0.0006875
-1.06869e-007	0.001
-1.06369e-007	0.001
-1.05869e-007	0.0013125
-1.05369e-007	0.0013125
-1.04869e-007	0.001
-1.04369e-007	0.000375
-1.03869e-007	0.0006875
-1.03369e-007	0.0006875
-1.02869e-007	6.25e-005
-1.02369e-007	-0.0005625
-1.01869e-007	-0.0011875
-1.01369e-007	-0.0011875
-1.00869e-007	-0.000875
-1.00369e-007	-0.0011875
-9.9869e-008	-0.0015
-9.9369e-008	-0.0005625
-9.8869e-008	-0.0005625
-9.8369e-008	-0.000875
-9.7869e-008	-0.00025
-9.7369e-008	0.001
-9.6869e-008	0.001
-9.6369e-008	0.0013125
-9.5869e-008	0.001
-9.5369e-008	0.0013125
-9.4869e-008	0.0013125
-9.4369e-008	0.0006875
-9.3869e-008	6.25e-005
-9.3369e-008	6.25e-005
-9.2869e-008	0.000375
-9.2369e-008	-0.000875
-9.1869e-008	-0.0011875
-9.1369e-008	-0.000875
-9.0869e-008	-0.0005625
-9.0369e-008	-0.0018125
-8.9869e-008	-0.0018125
-8.9369e-008	-0.000875
-8.8869e-008	-0.0005625
-8.8369e-008	6.25e-005
-8.7869e-008	0.0013125
-8.7369e-008	0.001
-8.6869e-008	0.000375
-8.6369e-008	0.0013125
-8.5869e-008	0.0019375
-8.5369e-008	0.001625
-8.4869e-008	0.0006875
-8.4369e-008	6.25e-005
-8.3869e-008	0.0006875
-8.3369e-008	0.000375
-8.2869e-008	6.25e-005
-8.2369e-008	6.25e-005
-8.1869e-008	-0.0005625
-8.1369e-008	-0.0015
-8.0869e-008	-0.0018125
-8.0369e-008	-0.0018125
-7.9869e-008	-0.0018125
-7.9369e-008	-0.000875
-7.8869e-008	-0.000875
-7.8369e-008	-0.0005625
-7.7869e-008	6.25e-005
-7.7369e-008	0.000375
-7.6869e-008	0.0013125
-7.6369e-008	0.0019375
-7.5869e-008	0.0019375
-7.5369e-008	0.0019375
-7.4869e-008	0.001
-7.4369e-008	0.001625
-7.3869e-008	0.0006875
-7.3369e-008	0.001
-7.2869e-008	0.0013125
-7.2369e-008	-0.000875
-7.1869e-008	-0.0011875
-7.1369e-008	-0.0018125
-7.0869e-008	-0.002125
-7.0369e-008	-0.0011875
-6.9869e-008	-0.0018125
-6.9369e-008	-0.000875
-6.8869e-008	-0.0011875
-6.8369e-008	-0.0015
-6.7869e-008	6.25e-005
-6.7369e-008	6.25e-005
-6.6869e-008	0.001
-6.6369e-008	0.001
-6.5869e-008	0.0013125
-6.5369e-008	0.001625
-6.4869e-008	0.001625
-6.4369e-008	0.0019375
-6.3869e-008	0.0013125
-6.3369e-008	0.001
-6.2869e-008	6.25e-005
-6.2369e-008	-0.0011875
-6.1869e-008	-0.0005625
-6.1369e-008	-0.0015
-6.0869e-008	-0.0015
-6.0369e-008	-0.0011875
-5.9869e-008	-0.0018125
-5.9369e-008	-0.0011875
-5.8869e-008	-0.000875
-5.8369e-008	-0.0005625
-5.7869e-008	6.25e-005
-5.7369e-008	-0.00025
-5.6869e-008	0.001
-5.6369e-008	0.0006875
-5.5869e-008	0.0006875
-5.5369e-008	0.00225
-5.4869e-008	0.001
-5.4369e-008	0.0013125
-5.3869e-008	6.25e-005
-5.3369e-008	0.0006875
-5.2869e-008	0.000375
-5.2369e-008	-0.00025
-5.1869e-008	-0.00025
-5.1369e-008	-0.000875
-5.0869e-008	-0.000875
-5.0369e-008	-0.000875
-4.9869e-008	-0.0018125
-4.9369e-008	-0.0005625
-4.8869e-008	-0.000875
-4.8369e-008	-0.000875
-4.7869e-008	-0.0005625
-4.7369e-008	-0.0005625
-4.6869e-008	0.0006875
-4.6369e-008	0.0006875
-4.5869e-008	0.001
-4.5369e-008	0.0006875
-4.4869e-008	0.001
-4.4369e-008	0.001625
-4.3869e-008	0.0013125
-4.3369e-008	0.0006875
-4.2869e-008	6.25e-005
-4.2369e-008	-0.000875
-4.1869e-008	-0.00025
-4.1369e-008	-0.0015
-4.0869e-008	-0.0011875
-4.0369e-008	-0.0011875
-3.9869e-008	-0.0018125
-3.9369e-008	-0.0005625
-3.8869e-008	-0.0011875
-3.8369e-008	-0.000875
-3.7869e-008	-0.0005625
-3.7369e-008	6.25e-005
-3.6869e-008	0.001
-3.6369e-008	0.0006875
-3.5869e-008	0.001
-3.5369e-008	0.0013125
-3.4869e-008	0.000375
-3.4369e-008	0.000375
-3.3869e-008	0.000375
-3.3369e-008	0.0006875
-3.2869e-008	6.25e-005
-3.2369e-008	-0.0005625
-3.1869e-008	-0.00025
-3.1369e-008	-0.00025
-3.0869e-008	-0.0011875
-3.0369e-008	-0.0015
-2.9869e-008	-0.000875
-2.9369e-008	-0.00025
-2.8869e-008	-0.0005625
-2.8369e-008	6.25e-005
-2.7869e-008	6.25e-005
-2.7369e-008	0.0006875
-2.6869e-008	0.0006875
-2.6369e-008	0.000375
-2.5869e-008	0.0013125
-2.5369e-008	0.0013125
-2.4869e-008	0.000375
-2.4369e-008	0.0006875
-2.3869e-008	6.25e-005
-2.3369e-008	6.25e-005
-2.2869e-008	6.25e-005
-2.2369e-008	-0.0005625
-2.1869e-008	-0.0005625
-2.1369e-008	-0.0011875
-2.0869e-008	-0.000875
-2.0369e-008	-0.0015
-1.9869e-008	-0.000875
-1.9369e-008	-0.0005625
-1.8869e-008	6.25e-005
-1.8369e-008	0.000375
-1.7869e-008	-0.00025
-1.7369e-008	0.001
-1.6869e-008	0.0013125
-1.6369e-008	0.000375
-1.5869e-008	0.0013125
-1.5369e-008	0.001
-1.4869e-008	0.0006875
-1.4369e-008	0.0006875
-1.3869e-008	-0.00025
-1.3369e-008	-0.00025
-1.2869e-008	-0.0005625
-1.2369e-008	-0.000875
-1.1869e-008	-0.0011875
-1.1369e-008	-0.000875
-1.0869e-008	-0.0005625
-1.0369e-008	-0.0015
-9.869e-009	-0.000875
-9.369e-009	6.25e-005
-8.869e-009	6.25e-005
-8.369e-009	0.001
-7.869e-009	0.0006875
-7.369e-009	0.001
-6.869e-009	0.0013125
-6.369e-009	0.0019375
-5.869e-009	0.0013125
-5.369e-009	0.001
-4.869e-009	0.001
-4.369e-009	0.000375
-3.869e-009	-0.0005625
-3.369e-009	-0.0018125
-2.869e-009	-0.0030625
-2.369e-009	-0.0043125
-1.869e-009	-0.0065
-1.369e-009	-0.008375
-8.69e-010	-0.0105625
-3.69e-010	-0.01275
1.31e-010	-0.0124375
6.31e-010	-0.01275
1.131e-009	-0.01275
1.631e-009	-0.013375
2.131e-009	-0.014
2.631e-009	-0.014
3.131e-009	-0.0149375
3.631e-009	-0.0165
4.131e-009	-0.0168125
4.631e-009	-0.0186875
5.131e-009	-0.0186875
5.631e-009	-0.02025
6.131e-009	-0.02025
6.631e-009	-0.0205625
7.131e-009	-0.0211875
7.631e-009	-0.020875
8.131e-009	-0.02275
8.631e-009	-0.0236875
9.131e-009	-0.0236875
9.631e-009	-0.0236875
1.0131e-008	-0.0230625
1.0631e-008	-0.022125
1.1131e-008	-0.0215
1.1631e-008	-0.020875
1.2131e-008	-0.0211875
1.2631e-008	-0.0205625
1.3131e-008	-0.0218125
1.3631e-008	-0.022125
1.4131e-008	-0.0211875
1.4631e-008	-0.020875
1.5131e-008	-0.0205625
1.5631e-008	-0.020875
1.6131e-008	-0.020875
1.6631e-008	-0.0205625
1.7131e-008	-0.0211875
1.7631e-008	-0.022125
1.8131e-008	-0.0230625
1.8631e-008	-0.0224375
1.9131e-008	-0.0218125
1.9631e-008	-0.0215
2.0131e-008	-0.02025
2.0631e-008	-0.0205625
2.1131e-008	-0.0193125
2.1631e-008	-0.0193125
2.2131e-008	-0.0193125
2.2631e-008	-0.0186875
2.3131e-008	-0.019
2.3631e-008	-0.02025
2.4131e-008	-0.02025
2.4631e-008	-0.0199375
2.5131e-008	-0.0193125
2.5631e-008	-0.0205625
2.6131e-008	-0.02025
2.6631e-008	-0.0218125
2.7131e-008	-0.0224375
2.7631e-008	-0.0218125
2.8131e-008	-0.02275
2.8631e-008	-0.02275
2.9131e-008	-0.0224375
2.9631e-008	-0.0224375
3.0131e-008	-0.0215
3.0631e-008	-0.022125
3.1131e-008	-0.022125
3.1631e-008	-0.02275
3.2131e-008	-0.023375
3.2631e-008	-0.023375
3.3131e-008	-0.023375
3.3631e-008	-0.02275
3.4131e-008	-0.02275
3.4631e-008	-0.0224375
3.5131e-008	-0.0230625
3.5631e-008	-0.024
3.6131e-008	-0.0243125
3.6631e-008	-0.024
3.7131e-008	-0.0236875
3.7631e-008	-0.0243125
3.8131e-008	-0.024625
3.8631e-008	-0.024
3.9131e-008	-0.023375
3.9631e-008	-0.02275
4.0131e-008	-0.02275
4.0631e-008	-0.022125
4.1131e-008	-0.0215
4.1631e-008	-0.0218125
4.2131e-008	-0.0211875
4.2631e-008	-0.0211875
4.3131e-008	-0.0211875
4.3631e-008	-0.0205625
4.4131e-008	-0.0205625
4.4631e-008	-0.0218125
4.5131e-008	-0.0224375
4.5631e-008	-0.0224375
4.6131e-008	-0.02275
4.6631e-008	-0.023375
4.7131e-008	-0.023375
4.7631e-008	-0.023375
4.8131e-008	-0.0224375
4.8631e-008	-0.022125
4.9131e-008	-0.0211875
4.9631e-008	-0.02025
5.0131e-008	-0.0205625
5.0631e-008	-0.0211875
5.1131e-008	-0.0205625
5.1631e-008	-0.0205625
5.2131e-008	-0.0199375
5.2631e-008	-0.0211875
5.3131e-008	-0.0205625
5.3631e-008	-0.02025
5.4131e-008	-0.020875
5.4631e-008	-0.0215
5.5131e-008	-0.022125
5.5631e-008	-0.022125
5.6131e-008	-0.0230625
5.6631e-008	-0.0236875
5.7131e-008	-0.0230625
5.7631e-008	-0.023375
5.8131e-008	-0.0230625
5.8631e-008	-0.0224375
5.9131e-008	-0.0218125
5.9631e-008	-0.0211875
6.0131e-008	-0.0211875
6.0631e-008	-0.02025
6.1131e-008	-0.0205625
6.1631e-008	-0.02025
6.2131e-008	-0.019625
6.2631e-008	-0.019625
6.3131e-008	-0.019
6.3631e-008	-0.02025
6.4131e-008	-0.0215
6.4631e-008	-0.0211875
6.5131e-008	-0.0224375
6.5631e-008	-0.0230625
6.6131e-008	-0.02275
6.6631e-008	-0.02275
6.7131e-008	-0.02275
6.7631e-008	-0.0230625
6.8131e-008	-0.0224375
6.8631e-008	-0.02275
6.9131e-008	-0.02275
6.9631e-008	-0.0215
7.0131e-008	-0.0211875
7.0631e-008	-0.0205625
7.1131e-008	-0.02025
7.1631e-008	-0.019625
7.2131e-008	-0.0186875
7.2631e-008	-0.019
7.3131e-008	-0.0186875
7.3631e-008	-0.019625
7.4131e-008	-0.02025
7.4631e-008	-0.0205625
7.5131e-008	-0.0211875
7.5631e-008	-0.0218125
7.6131e-008	-0.022125
7.6631e-008	-0.0224375
7.7131e-008	-0.0218125
7.7631e-008	-0.0224375
7.8131e-008	-0.0215
7.8631e-008	-0.022125
7.9131e-008	-0.0215
7.9631e-008	-0.0205625
8.0131e-008	-0.020875
8.0631e-008	-0.020875
8.1131e-008	-0.0199375
8.1631e-008	-0.018375
8.2131e-008	-0.0186875
8.2631e-008	-0.019
8.3131e-008	-0.018375
8.3631e-008	-0.0186875
8.4131e-008	-0.0199375
8.4631e-008	-0.0205625
8.5131e-008	-0.0211875
8.5631e-008	-0.022125
8.6131e-008	-0.02275
8.6631e-008	-0.0224375
8.7131e-008	-0.022125
8.7631e-008	-0.022125
8.8131e-008	-0.022125
8.8631e-008	-0.0224375
8.9131e-008	-0.022125
8.9631e-008	-0.0215
9.0131e-008	-0.020875
9.0631e-008	-0.0199375
9.1131e-008	-0.0186875
9.1631e-008	-0.019
9.2131e-008	-0.019
9.2631e-008	-0.018375
9.3131e-008	-0.018375
9.3631e-008	-0.019
9.4131e-008	-0.019625
9.4631e-008	-0.02025
9.5131e-008	-0.02025
9.5631e-008	-0.0218125
9.6131e-008	-0.022125
9.6631e-008	-0.022125
9.7131e-008	-0.0224375
9.7631e-008	-0.0230625
9.8131e-008	-0.0236875
9.8631e-008	-0.0230625
9.9131e-008	-0.0218125
9.9631e-008	-0.0215
1.00131e-007	-0.020875
1.00631e-007	-0.0205625
1.01131e-007	-0.02025
1.01631e-007	-0.02025
1.02131e-007	-0.0193125
1.02631e-007	-0.019
1.03131e-007	-0.019
1.03631e-007	-0.0193125
1.04131e-007	-0.019625
1.04631e-007	-0.02025
1.05131e-007	-0.0205625
1.05631e-007	-0.0205625
1.06131e-007	-0.020875
1.06631e-007	-0.0211875
1.07131e-007	-0.0218125
1.07631e-007	-0.022125
1.08131e-007	-0.0218125
1.08631e-007	-0.0211875
1.09131e-007	-0.020875
1.09631e-007	-0.020875
1.10131e-007	-0.0205625
1.10631e-007	-0.0199375
1.11131e-007	-0.0193125
1.11631e-007	-0.0193125
1.12131e-007	-0.019
1.12631e-007	-0.0186875
1.13131e-007	-0.0193125
1.13631e-007	-0.019
1.14131e-007	-0.018375
1.14631e-007	-0.019625
1.15131e-007	-0.02025
1.15631e-007	-0.020875
1.16131e-007	-0.020875
1.16631e-007	-0.020875
1.17131e-007	-0.020875
1.17631e-007	-0.0211875
1.18131e-007	-0.0205625
1.18631e-007	-0.020875
1.19131e-007	-0.0199375
1.19631e-007	-0.019625
1.20131e-007	-0.019625
1.20631e-007	-0.019625
1.21131e-007	-0.0186875
1.21631e-007	-0.019
1.22131e-007	-0.019
1.22631e-007	-0.019
1.23131e-007	-0.0186875
1.23631e-007	-0.0193125
1.24131e-007	-0.02025
1.24631e-007	-0.02025
1.25131e-007	-0.0199375
1.25631e-007	-0.0211875
1.26131e-007	-0.0211875
1.26631e-007	-0.02025
1.27131e-007	-0.0199375
1.27631e-007	-0.02025
1.28131e-007	-0.019625
1.28631e-007	-0.0186875
1.29131e-007	-0.0193125
1.29631e-007	-0.0186875
1.30131e-007	-0.018375
1.30631e-007	-0.0186875
1.31131e-007	-0.019
1.31631e-007	-0.018375
1.32131e-007	-0.018375
1.32631e-007	-0.0186875
1.33131e-007	-0.019
1.33631e-007	-0.0193125
1.34131e-007	-0.0199375
1.34631e-007	-0.0199375
1.35131e-007	-0.0205625
1.35631e-007	-0.020875
1.36131e-007	-0.0205625
1.36631e-007	-0.02025
1.37131e-007	-0.02025
1.37631e-007	-0.0205625
1.38131e-007	-0.0199375
1.38631e-007	-0.019
1.39131e-007	-0.0186875
1.39631e-007	-0.018375
1.40131e-007	-0.01775
1.40631e-007	-0.018375
1.41131e-007	-0.0180625
1.41631e-007	-0.018375
1.42131e-007	-0.018375
1.42631e-007	-0.019
1.43131e-007	-0.0193125
1.43631e-007	-0.019
1.44131e-007	-0.0199375
1.44631e-007	-0.02025
1.45131e-007	-0.0205625
1.45631e-007	-0.0205625
1.46131e-007	-0.0205625
1.46631e-007	-0.0205625
1.47131e-007	-0.0199375
1.47631e-007	-0.0199375
1.48131e-007	-0.0193125
1.48631e-007	-0.018375
1.49131e-007	-0.0180625
1.49631e-007	-0.01775
1.50131e-007	-0.01775
1.50631e-007	-0.0174375
1.51131e-007	-0.0168125
1.51631e-007	-0.01775
1.52131e-007	-0.0180625
1.52631e-007	-0.01775
1.53131e-007	-0.018375
1.53631e-007	-0.018375
1.54131e-007	-0.0199375
1.54631e-007	-0.019625
1.55131e-007	-0.0199375
1.55631e-007	-0.02025
1.56131e-007	-0.0199375
1.56631e-007	-0.019625
1.57131e-007	-0.019625
1.57631e-007	-0.0193125
1.58131e-007	-0.018375
1.58631e-007	-0.01775
1.59131e-007	-0.0174375
1.59631e-007	-0.0165
1.60131e-007	-0.0165
1.60631e-007	-0.015875
1.61131e-007	-0.015875
1.61631e-007	-0.017125
1.62131e-007	-0.0165
1.62631e-007	-0.0174375
1.63131e-007	-0.01775
1.63631e-007	-0.018375
1.64131e-007	-0.0193125
1.64631e-007	-0.019625
1.65131e-007	-0.019625
1.65631e-007	-0.019
1.66131e-007	-0.0193125
1.66631e-007	-0.019625
1.67131e-007	-0.018375
1.67631e-007	-0.0180625
1.68131e-007	-0.01775
1.68631e-007	-0.0174375
1.69131e-007	-0.017125
1.69631e-007	-0.0161875
1.70131e-007	-0.017125
1.70631e-007	-0.0165
1.71131e-007	-0.0149375
1.71631e-007	-0.015875
1.72131e-007	-0.017125
1.72631e-007	-0.0174375
1.73131e-007	-0.0174375
1.73631e-007	-0.0180625
1.74131e-007	-0.019625
1.74631e-007	-0.0186875
1.75131e-007	-0.019
1.75631e-007	-0.0193125
1.76131e-007	-0.019625
1.76631e-007	-0.0186875
1.77131e-007	-0.0174375
1.77631e-007	-0.0180625
1.78131e-007	-0.0180625
1.78631e-007	-0.017125
1.79131e-007	-0.017125
1.79631e-007	-0.0165
1.80131e-007	-0.0165
1.80631e-007	-0.0165
1.81131e-007	-0.0165
1.81631e-007	-0.0161875
1.82131e-007	-0.015875
1.82631e-007	-0.0165
1.83131e-007	-0.0174375
1.83631e-007	-0.01775
1.84131e-007	-0.0180625
1.84631e-007	-0.018375
1.85131e-007	-0.019
1.85631e-007	-0.0186875
1.86131e-007	-0.018375
1.86631e-007	-0.018375
1.87131e-007	-0.01775
1.87631e-007	-0.0180625
1.88131e-007	-0.017125
1.88631e-007	-0.0165
1.89131e-007	-0.0165
1.89631e-007	-0.0161875
1.90131e-007	-0.0161875
1.90631e-007	-0.01525
1.91131e-007	-0.0155625
1.91631e-007	-0.0165
1.92131e-007	-0.0161875
1.92631e-007	-0.017125
1.93131e-007	-0.017125
1.93631e-007	-0.017125
1.94131e-007	-0.0180625
1.94631e-007	-0.01775
1.95131e-007	-0.018375
1.95631e-007	-0.0180625
1.96131e-007	-0.0174375
1.96631e-007	-0.0165
1.97131e-007	-0.017125
1.97631e-007	-0.0174375
1.98131e-007	-0.0165
1.98631e-007	-0.01525
1.99131e-007	-0.01525
1.99631e-007	-0.01525
2.00131e-007	-0.0161875
2.00631e-007	-0.0161875
2.01131e-007	-0.01525
2.01631e-007	-0.015875
2.02131e-007	-0.0161875
2.02631e-007	-0.0165
2.03131e-007	-0.0168125
2.03631e-007	-0.017125
2.04131e-007	-0.0174375
2.04631e-007	-0.017125
2.05131e-007	-0.0174375
2.05631e-007	-0.01775
2.06131e-007	-0.017125
2.06631e-007	-0.0165
2.07131e-007	-0.015875
2.07631e-007	-0.0161875
2.08131e-007	-0.015875
2.08631e-007	-0.015875
2.09131e-007	-0.01525
2.09631e-007	-0.014625
2.10131e-007	-0.01525
2.10631e-007	-0.0161875
2.11131e-007	-0.015875
2.11631e-007	-0.0155625
2.12131e-007	-0.015875
2.12631e-007	-0.015875
2.13131e-007	-0.015875
2.13631e-007	-0.0161875
2.14131e-007	-0.0165
2.14631e-007	-0.0165
2.15131e-007	-0.0165
2.15631e-007	-0.0165
2.16131e-007	-0.0165
2.16631e-007	-0.0161875
2.17131e-007	-0.015875
2.17631e-007	-0.01525
2.18131e-007	-0.0155625
2.18631e-007	-0.0155625
2.19131e-007	-0.014625
2.19631e-007	-0.014625
2.20131e-007	-0.0155625
2.20631e-007	-0.014625
2.21131e-007	-0.014625
2.21631e-007	-0.015875
2.22131e-007	-0.0155625
2.22631e-007	-0.015875
2.23131e-007	-0.0161875
2.23631e-007	-0.0165
2.24131e-007	-0.015875
2.24631e-007	-0.0161875
2.25131e-007	-0.0161875
2.25631e-007	-0.0161875
2.26131e-007	-0.015875
2.26631e-007	-0.015875
2.27131e-007	-0.0155625
2.27631e-007	-0.015875
2.28131e-007	-0.0149375
2.28631e-007	-0.014625
2.29131e-007	-0.014625
2.29631e-007	-0.01525
2.30131e-007	-0.0143125
2.30631e-007	-0.014
2.31131e-007	-0.0149375
2.31631e-007	-0.0155625
2.32131e-007	-0.015875
2.32631e-007	-0.015875
2.33131e-007	-0.0165
2.33631e-007	-0.015875
2.34131e-007	-0.015875
2.34631e-007	-0.0161875
2.35131e-007	-0.0155625
2.35631e-007	-0.01525
2.36131e-007	-0.01525
2.36631e-007	-0.015875
2.37131e-007	-0.015875
2.37631e-007	-0.014
2.38131e-007	-0.0143125
2.38631e-007	-0.0143125
2.39131e-007	-0.0136875
2.39631e-007	-0.0143125
2.40131e-007	-0.0143125
2.40631e-007	-0.014625
2.41131e-007	-0.01525
2.41631e-007	-0.01525
2.42131e-007	-0.01525
2.42631e-007	-0.014625
2.43131e-007	-0.0149375
2.43631e-007	-0.01525
2.44131e-007	-0.0155625
2.44631e-007	-0.0155625
2.45131e-007	-0.014625
2.45631e-007	-0.0155625
2.46131e-007	-0.0155625
2.46631e-007	-0.014625
2.47131e-007	-0.0143125
2.47631e-007	-0.014625
2.48131e-007	-0.014
2.48631e-007	-0.014
2.49131e-007	-0.0143125
2.49631e-007	-0.014625
2.50131e-007	-0.0143125
2.50631e-007	-0.014625
2.51131e-007	-0.014625
2.51631e-007	-0.014625
2.52131e-007	-0.014625
2.52631e-007	-0.0149375
2.53131e-007	-0.01525
2.53631e-007	-0.0149375
2.54131e-007	-0.0143125
2.54631e-007	-0.014
2.55131e-007	-0.0136875
2.55631e-007	-0.014
2.56131e-007	-0.014625
2.56631e-007	-0.014
2.57131e-007	-0.0136875
2.57631e-007	-0.013375
2.58131e-007	-0.014625
2.58631e-007	-0.014
2.59131e-007	-0.014
2.59631e-007	-0.014
2.60131e-007	-0.014
2.60631e-007	-0.014625
2.61131e-007	-0.014
2.61631e-007	-0.0136875
2.62131e-007	-0.0149375
2.62631e-007	-0.014
2.63131e-007	-0.014625
2.63631e-007	-0.014625
2.64131e-007	-0.0143125
2.64631e-007	-0.0143125
2.65131e-007	-0.013375
2.65631e-007	-0.013375
2.66131e-007	-0.0130625
2.66631e-007	-0.0130625
2.67131e-007	-0.0136875
2.67631e-007	-0.013375
2.68131e-007	-0.013375
2.68631e-007	-0.0136875
2.69131e-007	-0.013375
2.69631e-007	-0.0136875
2.70131e-007	-0.0136875
2.70631e-007	-0.014625
2.71131e-007	-0.0149375
2.71631e-007	-0.014625
2.72131e-007	-0.0143125
2.72631e-007	-0.0136875
2.73131e-007	-0.014
2.73631e-007	-0.0143125
2.74131e-007	-0.013375
2.74631e-007	-0.0136875
2.75131e-007	-0.0130625
2.75631e-007	-0.01275
2.76131e-007	-0.013375
2.76631e-007	-0.01275
2.77131e-007	-0.01275
2.77631e-007	-0.012125
2.78131e-007	-0.01275
2.78631e-007	-0.0136875
2.79131e-007	-0.014
2.79631e-007	-0.014
2.80131e-007	-0.014625
2.80631e-007	-0.0143125
2.81131e-007	-0.0143125
2.81631e-007	-0.014
2.82131e-007	-0.0143125
2.82631e-007	-0.0136875
2.83131e-007	-0.0136875
2.83631e-007	-0.0130625
2.84131e-007	-0.0130625
2.84631e-007	-0.0130625
2.85131e-007	-0.012125
2.85631e-007	-0.012125
2.86131e-007	-0.0124375
2.86631e-007	-0.0115
2.87131e-007	-0.0124375
2.87631e-007	-0.0130625
2.88131e-007	-0.0130625
2.88631e-007	-0.01275
2.89131e-007	-0.013375
2.89631e-007	-0.014
2.90131e-007	-0.013375
2.90631e-007	-0.014
2.91131e-007	-0.0136875
2.91631e-007	-0.0130625
2.92131e-007	-0.0136875
2.92631e-007	-0.0136875
2.93131e-007	-0.0130625
2.93631e-007	-0.0130625
2.94131e-007	-0.0124375
2.94631e-007	-0.0124375
2.95131e-007	-0.0118125
2.95631e-007	-0.0115
2.96131e-007	-0.0115
2.96631e-007	-0.0118125
2.97131e-007	-0.0124375
2.97631e-007	-0.012125
2.98131e-007	-0.01275
2.98631e-007	-0.013375
2.99131e-007	-0.0130625
2.99631e-007	-0.013375
3.00131e-007	-0.0136875
3.00631e-007	-0.013375
3.01131e-007	-0.014
3.01631e-007	-0.0130625
3.02131e-007	-0.0124375
3.02631e-007	-0.012125
3.03131e-007	-0.0130625
3.03631e-007	-0.012125
3.04131e-007	-0.0118125
3.04631e-007	-0.0105625
3.05131e-007	-0.0105625
3.05631e-007	-0.0105625
3.06131e-007	-0.0111875
3.06631e-007	-0.0115
3.07131e-007	-0.0118125
3.07631e-007	-0.0124375
3.08131e-007	-0.01275
3.08631e-007	-0.01275
3.09131e-007	-0.013375
3.09631e-007	-0.013375
3.10131e-007	-0.0136875
3.10631e-007	-0.013375
3.11131e-007	-0.013375
3.11631e-007	-0.013375
3.12131e-007	-0.0130625
3.12631e-007	-0.0124375
3.13131e-007	-0.0105625
3.13631e-007	-0.010875
3.14131e-007	-0.0111875
3.14631e-007	-0.0105625
3.15131e-007	-0.010875
3.15631e-007	-0.0105625
3.16131e-007	-0.0105625
3.16631e-007	-0.0115
3.17131e-007	-0.0118125
3.17631e-007	-0.012125
3.18131e-007	-0.0118125
3.18631e-007	-0.0124375
3.19131e-007	-0.013375
3.19631e-007	-0.013375
3.20131e-007	-0.014
3.20631e-007	-0.013375
3.21131e-007	-0.0130625
3.21631e-007	-0.013375
3.22131e-007	-0.0124375
3.22631e-007	-0.0115
3.23131e-007	-0.0111875
3.23631e-007	-0.0099375
3.24131e-007	-0.009625
3.24631e-007	-0.0093125
3.25131e-007	-0.01025
3.25631e-007	-0.009
3.26131e-007	-0.010875
3.26631e-007	-0.0111875
3.27131e-007	-0.01025
3.27631e-007	-0.0118125
3.28131e-007	-0.0130625
3.28631e-007	-0.013375
3.29131e-007	-0.013375
3.29631e-007	-0.0130625
3.30131e-007	-0.0136875
3.30631e-007	-0.013375
3.31131e-007	-0.0130625
3.31631e-007	-0.0124375
3.32131e-007	-0.0124375
3.32631e-007	-0.0118125
3.33131e-007	-0.0099375
3.33631e-007	-0.01025
3.34131e-007	-0.0099375
3.34631e-007	-0.008375
3.35131e-007	-0.0093125
3.35631e-007	-0.0093125
3.36131e-007	-0.009625
3.36631e-007	-0.0099375
3.37131e-007	-0.009625
3.37631e-007	-0.012125
3.38131e-007	-0.0124375
3.38631e-007	-0.0130625
3.39131e-007	-0.0130625
3.39631e-007	-0.0130625
3.40131e-007	-0.0136875
3.40631e-007	-0.0124375
3.41131e-007	-0.0130625
3.41631e-007	-0.01275
3.42131e-007	-0.012125
3.42631e-007	-0.0118125
3.43131e-007	-0.0105625
3.43631e-007	-0.01025
3.44131e-007	-0.0086875
3.44631e-007	-0.008375
3.45131e-007	-0.0086875
3.45631e-007	-0.0080625
3.46131e-007	-0.0093125
3.46631e-007	-0.0099375
3.47131e-007	-0.0099375
3.47631e-007	-0.0111875
3.48131e-007	-0.0111875
3.48631e-007	-0.0118125
3.49131e-007	-0.01275
3.49631e-007	-0.0130625
3.50131e-007	-0.013375
3.50631e-007	-0.0130625
3.51131e-007	-0.0136875
3.51631e-007	-0.0124375
3.52131e-007	-0.012125
3.52631e-007	-0.0111875
3.53131e-007	-0.0099375
3.53631e-007	-0.009625
3.54131e-007	-0.009
3.54631e-007	-0.0086875
3.55131e-007	-0.0086875
3.55631e-007	-0.008375
3.56131e-007	-0.008375
3.56631e-007	-0.009
3.57131e-007	-0.009
3.57631e-007	-0.0099375
3.58131e-007	-0.0111875
3.58631e-007	-0.0124375
3.59131e-007	-0.0118125
3.59631e-007	-0.0118125
3.60131e-007	-0.013375
3.60631e-007	-0.0130625
3.61131e-007	-0.0124375
3.61631e-007	-0.0118125
3.62131e-007	-0.0118125
3.62631e-007	-0.0115
3.63131e-007	-0.0105625
3.63631e-007	-0.0105625
3.64131e-007	-0.009
3.64631e-007	-0.0086875
3.65131e-007	-0.008375
3.65631e-007	-0.0086875
3.66131e-007	-0.0080625
3.66631e-007	-0.0080625
3.67131e-007	-0.008375
3.67631e-007	-0.0099375
3.68131e-007	-0.01025
3.68631e-007	-0.0105625
3.69131e-007	-0.0115
3.69631e-007	-0.0115
3.70131e-007	-0.0124375
3.70631e-007	-0.0124375
3.71131e-007	-0.0124375
3.71631e-007	-0.0111875
3.72131e-007	-0.0115
3.72631e-007	-0.0118125
3.73131e-007	-0.0115
3.73631e-007	-0.0099375
3.74131e-007	-0.0093125
3.74631e-007	-0.009
3.75131e-007	-0.008375
3.75631e-007	-0.009
3.76131e-007	-0.0086875
3.76631e-007	-0.00775
3.77131e-007	-0.008375
3.77631e-007	-0.0093125
3.78131e-007	-0.01025
3.78631e-007	-0.0105625
3.79131e-007	-0.01025
3.79631e-007	-0.0105625
3.80131e-007	-0.0105625
3.80631e-007	-0.0118125
3.81131e-007	-0.0118125
3.81631e-007	-0.0111875
3.82131e-007	-0.0118125
3.82631e-007	-0.0115
3.83131e-007	-0.0111875
3.83631e-007	-0.01025
3.84131e-007	-0.009625
3.84631e-007	-0.009
3.85131e-007	-0.009
3.85631e-007	-0.009
3.86131e-007	-0.008375
3.86631e-007	-0.008375
3.87131e-007	-0.0080625
3.87631e-007	-0.009
3.88131e-007	-0.0093125
3.88631e-007	-0.009
3.89131e-007	-0.0086875
3.89631e-007	-0.0099375
3.90131e-007	-0.01025
3.90631e-007	-0.0105625
3.91131e-007	-0.010875
3.91631e-007	-0.0111875
3.92131e-007	-0.0115
3.92631e-007	-0.0105625
3.93131e-007	-0.010875
3.93631e-007	-0.0105625
3.94131e-007	-0.01025
3.94631e-007	-0.009625
3.95131e-007	-0.0086875
3.95631e-007	-0.0086875
3.96131e-007	-0.0086875
3.96631e-007	-0.0086875
3.97131e-007	-0.0080625
3.97631e-007	-0.008375
3.98131e-007	-0.0086875
3.98631e-007	-0.009
3.99131e-007	-0.009
3.99631e-007	-0.009625
4.00131e-007	-0.01025
4.00631e-007	-0.0105625
4.01131e-007	-0.010875
4.01631e-007	-0.010875
4.02131e-007	-0.01025
4.02631e-007	-0.0105625
4.03131e-007	-0.010875
4.03631e-007	-0.0099375
4.04131e-007	-0.0099375
4.04631e-007	-0.009625
4.05131e-007	-0.008375
4.05631e-007	-0.0080625
4.06131e-007	-0.00775
4.06631e-007	-0.008375
4.07131e-007	-0.00775
4.07631e-007	-0.0080625
4.08131e-007	-0.0080625
4.08631e-007	-0.0086875
4.09131e-007	-0.0086875
4.09631e-007	-0.0093125
4.10131e-007	-0.009625
4.10631e-007	-0.0099375
4.11131e-007	-0.01025
4.11631e-007	-0.0105625
4.12131e-007	-0.0105625
4.12631e-007	-0.0099375
4.13131e-007	-0.0093125
4.13631e-007	-0.009625
4.14131e-007	-0.0086875
4.14631e-007	-0.0086875
4.15131e-007	-0.008375
4.15631e-007	-0.00775
4.16131e-007	-0.0080625
4.16631e-007	-0.00775
4.17131e-007	-0.00775
4.17631e-007	-0.0080625
4.18131e-007	-0.0080625
4.18631e-007	-0.008375
4.19131e-007	-0.0093125
4.19631e-007	-0.009
4.20131e-007	-0.009625
4.20631e-007	-0.01025
4.21131e-007	-0.0105625
4.21631e-007	-0.0099375
4.22131e-007	-0.009625
4.22631e-007	-0.009625
4.23131e-007	-0.009625
4.23631e-007	-0.009
4.24131e-007	-0.0086875
4.24631e-007	-0.008375
4.25131e-007	-0.0080625
4.25631e-007	-0.00775
4.26131e-007	-0.007125
4.26631e-007	-0.0068125
4.27131e-007	-0.0074375
4.27631e-007	-0.00775
4.28131e-007	-0.0080625
4.28631e-007	-0.0086875
4.29131e-007	-0.008375
4.29631e-007	-0.009625
4.30131e-007	-0.0099375
4.30631e-007	-0.0105625
4.31131e-007	-0.0105625
4.31631e-007	-0.01025
4.32131e-007	-0.0093125
4.32631e-007	-0.0099375
4.33131e-007	-0.009
4.33631e-007	-0.009
4.34131e-007	-0.0080625
4.34631e-007	-0.00775
4.35131e-007	-0.0074375
4.35631e-007	-0.0068125
4.36131e-007	-0.0065
4.36631e-007	-0.0068125
4.37131e-007	-0.0061875
4.37631e-007	-0.0068125
4.38131e-007	-0.0074375
4.38631e-007	-0.0080625
4.39131e-007	-0.0080625
4.39631e-007	-0.009
4.40131e-007	-0.0099375
4.40631e-007	-0.0099375
4.41131e-007	-0.0115
4.41631e-007	-0.0099375
4.42131e-007	-0.009625
4.42631e-007	-0.0099375
4.43131e-007	-0.0093125
4.43631e-007	-0.0086875
4.44131e-007	-0.0074375
4.44631e-007	-0.0065
4.45131e-007	-0.007125
4.45631e-007	-0.0061875
4.46131e-007	-0.0065
4.46631e-007	-0.0061875
4.47131e-007	-0.0061875
4.47631e-007	-0.0061875
4.48131e-007	-0.0061875
4.48631e-007	-0.0080625
4.49131e-007	-0.0086875
4.49631e-007	-0.0093125
4.50131e-007	-0.0093125
4.50631e-007	-0.0099375
4.51131e-007	-0.010875
4.51631e-007	-0.0099375
4.52131e-007	-0.009625
4.52631e-007	-0.0099375
4.53131e-007	-0.0080625
4.53631e-007	-0.008375
4.54131e-007	-0.0068125
4.54631e-007	-0.007125
4.55131e-007	-0.0065
4.55631e-007	-0.0061875
4.56131e-007	-0.0068125
4.56631e-007	-0.005875
4.57131e-007	-0.0055625
4.57631e-007	-0.005875
4.58131e-007	-0.0061875
4.58631e-007	-0.007125
4.59131e-007	-0.0074375
4.59631e-007	-0.0086875
4.60131e-007	-0.008375
4.60631e-007	-0.0086875
4.61131e-007	-0.0093125
4.61631e-007	-0.0099375
4.62131e-007	-0.01025
4.62631e-007	-0.0093125
4.63131e-007	-0.0086875
4.63631e-007	-0.0086875
4.64131e-007	-0.0080625
4.64631e-007	-0.007125
4.65131e-007	-0.005875
4.65631e-007	-0.005875
4.66131e-007	-0.0065
4.66631e-007	-0.00525
4.67131e-007	-0.0061875
4.67631e-007	-0.0061875
4.68131e-007	-0.0061875
4.68631e-007	-0.0068125
4.69131e-007	-0.0068125
4.69631e-007	-0.00775
4.70131e-007	-0.00775
4.70631e-007	-0.008375
4.71131e-007	-0.009
4.71631e-007	-0.009
4.72131e-007	-0.009
4.72631e-007	-0.0086875
4.73131e-007	-0.0093125
4.73631e-007	-0.008375
4.74131e-007	-0.007125
4.74631e-007	-0.00775
4.75131e-007	-0.0068125
4.75631e-007	-0.007125
4.76131e-007	-0.0061875
4.76631e-007	-0.0055625
4.77131e-007	-0.005875
4.77631e-007	-0.0055625
4.78131e-007	-0.005875
4.78631e-007	-0.0061875
4.79131e-007	-0.0061875
4.79631e-007	-0.007125
4.80131e-007	-0.007125
4.80631e-007	-0.00775
4.81131e-007	-0.0074375
4.81631e-007	-0.0080625
4.82131e-007	-0.0086875
4.82631e-007	-0.008375
4.83131e-007	-0.0080625
4.83631e-007	-0.0080625
4.84131e-007	-0.0080625
4.84631e-007	-0.00775
4.85131e-007	-0.0061875
4.85631e-007	-0.007125
4.86131e-007	-0.0068125
4.86631e-007	-0.0065
4.87131e-007	-0.0068125
4.87631e-007	-0.0061875
4.88131e-007	-0.0065
4.88631e-007	-0.005875
4.89131e-007	-0.0061875
4.89631e-007	-0.007125
4.90131e-007	-0.007125
4.90631e-007	-0.007125
4.91131e-007	-0.0074375
4.91631e-007	-0.0074375
4.92131e-007	-0.00775
4.92631e-007	-0.0074375
4.93131e-007	-0.00775
4.93631e-007	-0.00775
4.94131e-007	-0.00775
4.94631e-007	-0.0068125
4.95131e-007	-0.0068125
4.95631e-007	-0.0074375
4.96131e-007	-0.0068125
4.96631e-007	-0.0065
4.97131e-007	-0.0061875
4.97631e-007	-0.0061875
4.98131e-007	-0.0065
4.98631e-007	-0.0061875
4.99131e-007	-0.0061875
4.99631e-007	-0.0065
5.00131e-007	-0.0061875
5.00631e-007	-0.0068125
5.01131e-007	-0.007125
5.01631e-007	-0.007125
5.02131e-007	-0.0068125
5.02631e-007	-0.007125
5.03131e-007	-0.0074375
5.03631e-007	-0.0080625
5.04131e-007	-0.0074375
5.04631e-007	-0.00775
5.05131e-007	-0.0074375
5.05631e-007	-0.007125
5.06131e-007	-0.0068125
5.06631e-007	-0.007125
5.07131e-007	-0.0061875
5.07631e-007	-0.0061875
5.08131e-007	-0.0061875
5.08631e-007	-0.0061875
5.09131e-007	-0.0061875
5.09631e-007	-0.0055625
5.10131e-007	-0.005875
5.10631e-007	-0.005875
5.11131e-007	-0.0065
5.11631e-007	-0.0074375
5.12131e-007	-0.0068125
5.12631e-007	-0.007125
5.13131e-007	-0.0074375
5.13631e-007	-0.007125
5.14131e-007	-0.00775
5.14631e-007	-0.0080625
5.15131e-007	-0.00775
5.15631e-007	-0.007125
5.16131e-007	-0.0074375
5.16631e-007	-0.0068125
5.17131e-007	-0.0055625
5.17631e-007	-0.005875
5.18131e-007	-0.0055625
5.18631e-007	-0.0049375
5.19131e-007	-0.0055625
5.19631e-007	-0.005875
5.20131e-007	-0.005875
5.20631e-007	-0.0061875
5.21131e-007	-0.0061875
5.21631e-007	-0.007125
5.22131e-007	-0.0068125
5.22631e-007	-0.007125
5.23131e-007	-0.007125
5.23631e-007	-0.0074375
5.24131e-007	-0.007125
5.24631e-007	-0.0074375
5.25131e-007	-0.007125
5.25631e-007	-0.0065
5.26131e-007	-0.005875
5.26631e-007	-0.0061875
5.27131e-007	-0.00525
5.27631e-007	-0.0049375
5.28131e-007	-0.0055625
5.28631e-007	-0.0061875
5.29131e-007	-0.005875
5.29631e-007	-0.0055625
5.30131e-007	-0.0055625
5.30631e-007	-0.0061875
5.31131e-007	-0.0068125
5.31631e-007	-0.0068125
5.32131e-007	-0.007125
5.32631e-007	-0.0074375
5.33131e-007	-0.00775
5.33631e-007	-0.007125
5.34131e-007	-0.007125
5.34631e-007	-0.00775
5.35131e-007	-0.007125
5.35631e-007	-0.0061875
5.36131e-007	-0.005875
5.36631e-007	-0.005875
5.37131e-007	-0.0049375
5.37631e-007	-0.0049375
5.38131e-007	-0.004625
5.38631e-007	-0.004625
5.39131e-007	-0.0049375
5.39631e-007	-0.004625
5.40131e-007	-0.0055625
5.40631e-007	-0.0061875
5.41131e-007	-0.0061875
5.41631e-007	-0.007125
5.42131e-007	-0.0074375
5.42631e-007	-0.0080625
5.43131e-007	-0.00775
5.43631e-007	-0.0074375
5.44131e-007	-0.0074375
5.44631e-007	-0.007125
5.45131e-007	-0.007125
5.45631e-007	-0.0065
5.46131e-007	-0.0049375
5.46631e-007	-0.004625
5.47131e-007	-0.004
5.47631e-007	-0.004
5.48131e-007	-0.0036875
5.48631e-007	-0.0036875
5.49131e-007	-0.0049375
5.49631e-007	-0.004625
5.50131e-007	-0.00525
5.50631e-007	-0.0061875
5.51131e-007	-0.0068125
5.51631e-007	-0.007125
5.52131e-007	-0.007125
5.52631e-007	-0.0086875
5.53131e-007	-0.009
5.53631e-007	-0.0080625
5.54131e-007	-0.0074375
5.54631e-007	-0.0074375
5.55131e-007	-0.0068125
5.55631e-007	-0.0061875
5.56131e-007	-0.0043125
5.56631e-007	-0.004
5.57131e-007	-0.0036875
5.57631e-007	-0.003375
5.58131e-007	-0.003375
5.58631e-007	-0.0030625
5.59131e-007	-0.004
5.59631e-007	-0.004
5.60131e-007	-0.00525
5.60631e-007	-0.005875
5.61131e-007	-0.0068125
5.61631e-007	-0.0074375
5.62131e-007	-0.0074375
5.62631e-007	-0.0080625
5.63131e-007	-0.0074375
5.63631e-007	-0.0074375
5.64131e-007	-0.00775
5.64631e-007	-0.0061875
5.65131e-007	-0.0061875
5.65631e-007	-0.005875
5.66131e-007	-0.004625
5.66631e-007	-0.0036875
5.67131e-007	-0.003375
5.67631e-007	-0.004
5.68131e-007	-0.003375
5.68631e-007	-0.0024375
5.69131e-007	-0.0036875
5.69631e-007	-0.0043125
5.70131e-007	-0.00525
5.70631e-007	-0.005875
5.71131e-007	-0.0061875
5.71631e-007	-0.007125
5.72131e-007	-0.007125
5.72631e-007	-0.0080625
5.73131e-007	-0.0074375
5.73631e-007	-0.00775
5.74131e-007	-0.0068125
5.74631e-007	-0.0065
5.75131e-007	-0.0061875
5.75631e-007	-0.0055625
5.76131e-007	-0.0043125
5.76631e-007	-0.0043125
5.77131e-007	-0.0030625
5.77631e-007	-0.0030625
5.78131e-007	-0.0036875
5.78631e-007	-0.004
5.79131e-007	-0.0043125
5.79631e-007	-0.004
5.80131e-007	-0.0049375
5.80631e-007	-0.0061875
5.81131e-007	-0.0068125
5.81631e-007	-0.0061875
5.82131e-007	-0.0068125
5.82631e-007	-0.0074375
5.83131e-007	-0.007125
5.83631e-007	-0.007125
5.84131e-007	-0.0068125
5.84631e-007	-0.0061875
5.85131e-007	-0.005875
5.85631e-007	-0.0055625
5.86131e-007	-0.0049375
5.86631e-007	-0.0036875
5.87131e-007	-0.0036875
5.87631e-007	-0.004
5.88131e-007	-0.004
5.88631e-007	-0.004625
5.89131e-007	-0.004625
5.89631e-007	-0.004
5.90131e-007	-0.0049375
5.90631e-007	-0.0055625
5.91131e-007	-0.005875
5.91631e-007	-0.0061875
5.92131e-007	-0.0065
5.92631e-007	-0.0068125
5.93131e-007	-0.0061875
5.93631e-007	-0.0061875
5.94131e-007	-0.0061875
5.94631e-007	-0.005875
5.95131e-007	-0.00525
5.95631e-007	-0.004625
5.96131e-007	-0.0043125
5.96631e-007	-0.004
5.97131e-007	-0.0043125
5.97631e-007	-0.0043125
5.98131e-007	-0.0036875
5.98631e-007	-0.004
5.99131e-007	-0.0049375
5.99631e-007	-0.0055625
6.00131e-007	-0.005875
6.00631e-007	-0.00525
6.01131e-007	-0.0061875
6.01631e-007	-0.0068125
6.02131e-007	-0.005875
6.02631e-007	-0.0061875
6.03131e-007	-0.005875
6.03631e-007	-0.0061875
6.04131e-007	-0.00525
6.04631e-007	-0.0049375
6.05131e-007	-0.0049375
6.05631e-007	-0.004
6.06131e-007	-0.0049375
6.06631e-007	-0.004625
6.07131e-007	-0.004
6.07631e-007	-0.0049375
6.08131e-007	-0.004625
6.08631e-007	-0.0049375
6.09131e-007	-0.0049375
6.09631e-007	-0.0049375
6.10131e-007	-0.0055625
6.10631e-007	-0.005875
6.11131e-007	-0.0055625
6.11631e-007	-0.0055625
6.12131e-007	-0.005875
6.12631e-007	-0.005875
6.13131e-007	-0.0055625
6.13631e-007	-0.00525
6.14131e-007	-0.0049375
6.14631e-007	-0.004625
6.15131e-007	-0.0043125
6.15631e-007	-0.004
6.16131e-007	-0.0043125
6.16631e-007	-0.0049375
6.17131e-007	-0.0049375
6.17631e-007	-0.0049375
6.18131e-007	-0.004625
6.18631e-007	-0.004625
6.19131e-007	-0.0043125
6.19631e-007	-0.0049375
6.20131e-007	-0.0049375
6.20631e-007	-0.0043125
6.21131e-007	-0.0049375
6.21631e-007	-0.004625
6.22131e-007	-0.00525
6.22631e-007	-0.0055625
6.23131e-007	-0.0049375
6.23631e-007	-0.00525
6.24131e-007	-0.0049375
6.24631e-007	-0.004625
6.25131e-007	-0.0043125
6.25631e-007	-0.0049375
6.26131e-007	-0.0049375
6.26631e-007	-0.0043125
6.27131e-007	-0.0049375
6.27631e-007	-0.0049375
6.28131e-007	-0.00525
6.28631e-007	-0.0043125
6.29131e-007	-0.0036875
6.29631e-007	-0.004625
6.30131e-007	-0.0043125
6.30631e-007	-0.0043125
6.31131e-007	-0.004625
6.31631e-007	-0.0043125
6.32131e-007	-0.0049375
6.32631e-007	-0.0049375
6.33131e-007	-0.0043125
6.33631e-007	-0.0049375
6.34131e-007	-0.00525
6.34631e-007	-0.004625
6.35131e-007	-0.004625
6.35631e-007	-0.0049375
6.36131e-007	-0.00525
6.36631e-007	-0.0049375
6.37131e-007	-0.004625
6.37631e-007	-0.0049375
6.38131e-007	-0.004625
6.38631e-007	-0.0043125
6.39131e-007	-0.0036875
6.39631e-007	-0.003375
6.40131e-007	-0.003375
6.40631e-007	-0.003375
6.41131e-007	-0.0043125
6.41631e-007	-0.004
6.42131e-007	-0.004
6.42631e-007	-0.004
6.43131e-007	-0.004625
6.43631e-007	-0.0043125
6.44131e-007	-0.004
6.44631e-007	-0.0049375
6.45131e-007	-0.00525
6.45631e-007	-0.0049375
6.46131e-007	-0.0055625
6.46631e-007	-0.0055625
6.47131e-007	-0.0055625
6.47631e-007	-0.0049375
6.48131e-007	-0.0043125
6.48631e-007	-0.004625
6.49131e-007	-0.004
6.49631e-007	-0.003375
6.50131e-007	-0.0036875
6.50631e-007	-0.0030625
6.51131e-007	-0.003375
6.51631e-007	-0.003375
6.52131e-007	-0.004
6.52631e-007	-0.0036875
6.53131e-007	-0.003375
6.53631e-007	-0.004625
6.54131e-007	-0.00525
6.54631e-007	-0.005875
6.55131e-007	-0.0049375
6.55631e-007	-0.0055625
6.56131e-007	-0.005875
6.56631e-007	-0.0049375
6.57131e-007	-0.0049375
6.57631e-007	-0.0043125
6.58131e-007	-0.0036875
6.58631e-007	-0.0036875
6.59131e-007	-0.003375
6.59631e-007	-0.003375
6.60131e-007	-0.0030625
6.60631e-007	-0.0030625
6.61131e-007	-0.0030625
6.61631e-007	-0.0030625
6.62131e-007	-0.003375
6.62631e-007	-0.0036875
6.63131e-007	-0.0036875
6.63631e-007	-0.0049375
6.64131e-007	-0.0049375
6.64631e-007	-0.0049375
6.65131e-007	-0.005875
6.65631e-007	-0.0061875
6.66131e-007	-0.005875
6.66631e-007	-0.00525
6.67131e-007	-0.00525
6.67631e-007	-0.0043125
6.68131e-007	-0.0036875
6.68631e-007	-0.0030625
6.69131e-007	-0.0024375
6.69631e-007	-0.0030625
6.70131e-007	-0.003375
6.70631e-007	-0.0030625
6.71131e-007	-0.0030625
6.71631e-007	-0.0030625
6.72131e-007	-0.004
6.72631e-007	-0.0036875
6.73131e-007	-0.0036875
6.73631e-007	-0.004625
6.74131e-007	-0.0049375
6.74631e-007	-0.0055625
6.75131e-007	-0.00525
6.75631e-007	-0.0055625
6.76131e-007	-0.005875
6.76631e-007	-0.00525
6.77131e-007	-0.0049375
6.77631e-007	-0.004
6.78131e-007	-0.0043125
6.78631e-007	-0.0036875
6.79131e-007	-0.00275
6.79631e-007	-0.00275
6.80131e-007	-0.0024375
6.80631e-007	-0.002125
6.81131e-007	-0.0030625
6.81631e-007	-0.003375
6.82131e-007	-0.004
6.82631e-007	-0.0043125
6.83131e-007	-0.0043125
6.83631e-007	-0.0043125
6.84131e-007	-0.004
6.84631e-007	-0.00525
6.85131e-007	-0.0055625
6.85631e-007	-0.0055625
6.86131e-007	-0.004625
6.86631e-007	-0.003375
6.87131e-007	-0.0043125
6.87631e-007	-0.0036875
6.88131e-007	-0.003375
6.88631e-007	-0.00275
6.89131e-007	-0.0024375
6.89631e-007	-0.003375
6.90131e-007	-0.003375
6.90631e-007	-0.0024375
6.91131e-007	-0.0030625
6.91631e-007	-0.003375
6.92131e-007	-0.0043125
6.92631e-007	-0.004625
6.93131e-007	-0.0049375
6.93631e-007	-0.0043125
6.94131e-007	-0.004625
6.94631e-007	-0.0049375
6.95131e-007	-0.004625
6.95631e-007	-0.004625
6.96131e-007	-0.0043125
6.96631e-007	-0.0036875
6.97131e-007	-0.004
6.97631e-007	-0.0030625
6.98131e-007	-0.00275
6.98631e-007	-0.00275
6.99131e-007	-0.00275
6.99631e-007	-0.0030625
7.00131e-007	-0.003375
7.00631e-007	-0.0036875
7.01131e-007	-0.0036875
7.01631e-007	-0.004
7.02131e-007	-0.004
7.02631e-007	-0.004
7.03131e-007	-0.004
7.03631e-007	-0.0049375
7.04131e-007	-0.004625
7.04631e-007	-0.0036875
7.05131e-007	-0.0036875
7.05631e-007	-0.004
7.06131e-007	-0.004
7.06631e-007	-0.003375
7.07131e-007	-0.0024375
7.07631e-007	-0.003375
7.08131e-007	-0.0036875
7.08631e-007	-0.0024375
7.09131e-007	-0.00275
7.09631e-007	-0.0030625
7.10131e-007	-0.0036875
7.10631e-007	-0.003375
7.11131e-007	-0.0036875
7.11631e-007	-0.0036875
7.12131e-007	-0.004
7.12631e-007	-0.004
7.13131e-007	-0.0036875
7.13631e-007	-0.004
7.14131e-007	-0.0036875
7.14631e-007	-0.003375
7.15131e-007	-0.0036875
7.15631e-007	-0.004
7.16131e-007	-0.004
7.16631e-007	-0.0024375
7.17131e-007	-0.0030625
7.17631e-007	-0.003375
7.18131e-007	-0.0024375
7.18631e-007	-0.0030625
7.19131e-007	-0.0030625
7.19631e-007	-0.0036875
7.20131e-007	-0.0030625
7.20631e-007	-0.00275
7.21131e-007	-0.0036875
7.21631e-007	-0.003375
7.22131e-007	-0.0036875
7.22631e-007	-0.004
7.23131e-007	-0.0030625
7.23631e-007	-0.0036875
7.24131e-007	-0.0036875
7.24631e-007	-0.0030625
7.25131e-007	-0.003375
7.25631e-007	-0.003375
7.26131e-007	-0.0030625
7.26631e-007	-0.0030625
7.27131e-007	-0.0036875
7.27631e-007	-0.0030625
7.28131e-007	-0.0030625
7.28631e-007	-0.003375
7.29131e-007	-0.003375
7.29631e-007	-0.004
7.30131e-007	-0.0036875
7.30631e-007	-0.0030625
7.31131e-007	-0.003375
7.31631e-007	-0.0030625
7.32131e-007	-0.003375
7.32631e-007	-0.00275
7.33131e-007	-0.00275
7.33631e-007	-0.0030625
7.34131e-007	-0.00275
7.34631e-007	-0.00275
7.35131e-007	-0.003375
7.35631e-007	-0.0030625
7.36131e-007	-0.003375
7.36631e-007	-0.0036875
7.37131e-007	-0.0043125
7.37631e-007	-0.004
7.38131e-007	-0.0036875
7.38631e-007	-0.0036875
7.39131e-007	-0.004625
7.39631e-007	-0.0043125
7.40131e-007	-0.003375
7.40631e-007	-0.0030625
7.41131e-007	-0.00275
7.41631e-007	-0.0030625
7.42131e-007	-0.0024375
7.42631e-007	-0.002125
7.43131e-007	-0.0015
7.43631e-007	-0.0018125
7.44131e-007	-0.0018125
7.44631e-007	-0.0024375
7.45131e-007	-0.00275
7.45631e-007	-0.003375
7.46131e-007	-0.0036875
7.46631e-007	-0.0036875
7.47131e-007	-0.0043125
7.47631e-007	-0.004625
7.48131e-007	-0.0049375
7.48631e-007	-0.0055625
7.49131e-007	-0.0043125
7.49631e-007	-0.004625
7.50131e-007	-0.0043125
7.50631e-007	-0.0030625
7.51131e-007	-0.0024375
7.51631e-007	-0.002125
7.52131e-007	-0.002125
7.52631e-007	-0.0015
7.53131e-007	-0.0018125
7.53631e-007	-0.0015
7.54131e-007	-0.0011875
7.54631e-007	-0.0011875
7.55131e-007	-0.0018125
7.55631e-007	-0.00275
7.56131e-007	-0.004
7.56631e-007	-0.004625
7.57131e-007	-0.0055625
7.57631e-007	-0.004625
7.58131e-007	-0.0055625
7.58631e-007	-0.00525
7.59131e-007	-0.00525
7.59631e-007	-0.004625
7.60131e-007	-0.004
7.60631e-007	-0.003375
7.61131e-007	-0.0024375
7.61631e-007	-0.002125
7.62131e-007	-0.0011875
7.62631e-007	-0.000875
7.63131e-007	-0.0005625
7.63631e-007	-0.00025
7.64131e-007	-0.000875
7.64631e-007	-0.0018125
7.65131e-007	-0.002125
7.65631e-007	-0.0036875
7.66131e-007	-0.004
7.66631e-007	-0.0043125
7.67131e-007	-0.00525
7.67631e-007	-0.0055625
7.68131e-007	-0.0055625
7.68631e-007	-0.005875
7.69131e-007	-0.005875
7.69631e-007	-0.0049375
7.70131e-007	-0.004
7.70631e-007	-0.003375
7.71131e-007	-0.0024375
7.71631e-007	-0.0024375
7.72131e-007	-0.0015
7.72631e-007	-0.0005625
7.73131e-007	6.25e-005
7.73631e-007	-0.00025
7.74131e-007	-0.000875
7.74631e-007	-0.0015
7.75131e-007	-0.0024375
7.75631e-007	-0.0036875
7.76131e-007	-0.0043125
7.76631e-007	-0.0049375
7.77131e-007	-0.0049375
7.77631e-007	-0.0049375
7.78131e-007	-0.005875
7.78631e-007	-0.0055625
7.79131e-007	-0.005875
7.79631e-007	-0.00525
7.80131e-007	-0.0043125
7.80631e-007	-0.00275
7.81131e-007	-0.0018125
7.81631e-007	-0.0024375
7.82131e-007	-0.0018125
7.82631e-007	-0.000875
7.83131e-007	-0.0005625
7.83631e-007	-0.00025
7.84131e-007	-0.0011875
7.84631e-007	-0.0024375
7.85131e-007	-0.0024375
7.85631e-007	-0.00275
7.86131e-007	-0.0036875
7.86631e-007	-0.004625
7.87131e-007	-0.0043125
7.87631e-007	-0.00525
7.88131e-007	-0.0055625
7.88631e-007	-0.00525
7.89131e-007	-0.0049375
7.89631e-007	-0.0036875
7.90131e-007	-0.0030625
7.90631e-007	-0.0030625
7.91131e-007	-0.0015
7.91631e-007	-0.0018125
7.92131e-007	-0.0005625
7.92631e-007	-0.000875
7.93131e-007	-0.0005625
7.93631e-007	-0.000875
7.94131e-007	-0.0015
7.94631e-007	-0.0018125
7.95131e-007	-0.00275
7.95631e-007	-0.0036875
7.96131e-007	-0.0036875
7.96631e-007	-0.004625
7.97131e-007	-0.004625
7.97631e-007	-0.004625
7.98131e-007	-0.004625
7.98631e-007	-0.004
7.99131e-007	-0.0036875
7.99631e-007	-0.0024375
8.00131e-007	-0.0030625
8.00631e-007	-0.0024375
8.01131e-007	-0.0005625
8.01631e-007	-0.0011875
8.02131e-007	-0.0011875
8.02631e-007	-0.0005625
8.03131e-007	-0.0005625
8.03631e-007	-0.000875
8.04131e-007	-0.0030625
8.04631e-007	-0.00275
8.05131e-007	-0.0036875
8.05631e-007	-0.0043125
8.06131e-007	-0.004625
8.06631e-007	-0.004625
8.07131e-007	-0.004625
8.07631e-007	-0.004625
8.08131e-007	-0.004
8.08631e-007	-0.003375
8.09131e-007	-0.0036875
8.09631e-007	-0.00275
8.10131e-007	-0.0018125
8.10631e-007	-0.000875
8.11131e-007	-0.00025
8.11631e-007	-0.0005625
8.12131e-007	-0.0005625
8.12631e-007	-0.0015
8.13131e-007	-0.0011875
8.13631e-007	-0.0024375
8.14131e-007	-0.00275
8.14631e-007	-0.00275
8.15131e-007	-0.004
8.15631e-007	-0.0049375
8.16131e-007	-0.00525
8.16631e-007	-0.00525
8.17131e-007	-0.0043125
8.17631e-007	-0.0049375
8.18131e-007	-0.0036875
8.18631e-007	-0.0030625
8.19131e-007	-0.00275
8.19631e-007	-0.0018125
8.20131e-007	-0.0011875
8.20631e-007	-0.0005625
8.21131e-007	-0.0005625
8.21631e-007	6.25e-005
8.22131e-007	-0.00025
8.22631e-007	-0.000875
8.23131e-007	-0.000875
8.23631e-007	-0.002125
8.24131e-007	-0.003375
8.24631e-007	-0.0036875
8.25131e-007	-0.0043125
8.25631e-007	-0.004625
8.26131e-007	-0.00525
8.26631e-007	-0.0049375
8.27131e-007	-0.004625
8.27631e-007	-0.004625
8.28131e-007	-0.0030625
8.28631e-007	-0.0030625
8.29131e-007	-0.0030625
8.29631e-007	-0.002125
8.30131e-007	-0.0015
8.30631e-007	-0.00025
8.31131e-007	6.25e-005
8.31631e-007	-0.00025
8.32131e-007	6.25e-005
8.32631e-007	-0.00025
8.33131e-007	-0.0005625
8.33631e-007	-0.00275
8.34131e-007	-0.0036875
8.34631e-007	-0.0036875
8.35131e-007	-0.004625
8.35631e-007	-0.00525
8.36131e-007	-0.00525
8.36631e-007	-0.0049375
8.37131e-007	-0.0043125
8.37631e-007	-0.004625
8.38131e-007	-0.004
8.38631e-007	-0.003375
8.39131e-007	-0.0018125
8.39631e-007	-0.0018125
8.40131e-007	-0.0015
8.40631e-007	-0.000875
8.41131e-007	-0.0011875
8.41631e-007	-0.000875
8.42131e-007	-0.0005625
8.42631e-007	-0.000875
8.43131e-007	-0.0011875
8.43631e-007	-0.002125
8.44131e-007	-0.00275
8.44631e-007	-0.0036875
8.45131e-007	-0.0043125
8.45631e-007	-0.004
8.46131e-007	-0.004625
8.46631e-007	-0.0049375
8.47131e-007	-0.004625
8.47631e-007	-0.0036875
8.48131e-007	-0.0036875
8.48631e-007	-0.0030625
8.49131e-007	-0.0024375
8.49631e-007	-0.0015
8.50131e-007	-0.0011875
8.50631e-007	-0.0005625
8.51131e-007	-0.0005625
8.51631e-007	-0.00025
8.52131e-007	-0.0005625
8.52631e-007	-0.000875
8.53131e-007	-0.000875
8.53631e-007	-0.0024375
8.54131e-007	-0.00275
8.54631e-007	-0.0024375
8.55131e-007	-0.0030625
8.55631e-007	-0.0036875
8.56131e-007	-0.004
8.56631e-007	-0.0043125
8.57131e-007	-0.0043125
8.57631e-007	-0.0036875
8.58131e-007	-0.0030625
8.58631e-007	-0.00275
8.59131e-007	-0.0018125
8.59631e-007	-0.0018125
8.60131e-007	-0.0011875
8.60631e-007	-0.0011875
8.61131e-007	-0.0005625
8.61631e-007	-0.0011875
8.62131e-007	-0.0011875
8.62631e-007	-0.0015
8.63131e-007	-0.0011875
8.63631e-007	-0.0015
8.64131e-007	-0.0015
8.64631e-007	-0.0024375
8.65131e-007	-0.00275
8.65631e-007	-0.00275
8.66131e-007	-0.00275
8.66631e-007	-0.0030625
8.67131e-007	-0.0036875
8.67631e-007	-0.003375
8.68131e-007	-0.0030625
8.68631e-007	-0.0024375
8.69131e-007	-0.0024375
8.69631e-007	-0.0018125
8.70131e-007	-0.002125
8.70631e-007	-0.002125
8.71131e-007	-0.0018125
8.71631e-007	-0.0015
8.72131e-007	-0.0018125
8.72631e-007	-0.0011875
8.73131e-007	-0.002125
8.73631e-007	-0.0015
8.74131e-007	-0.0018125
8.74631e-007	-0.0024375
8.75131e-007	-0.0024375
8.75631e-007	-0.0024375
8.76131e-007	-0.002125
8.76631e-007	-0.0030625
8.77131e-007	-0.0030625
8.77631e-007	-0.002125
8.78131e-007	-0.00275
8.78631e-007	-0.0024375
8.79131e-007	-0.0011875
8.79631e-007	-0.002125
8.80131e-007	-0.0024375
8.80631e-007	-0.0024375
8.81131e-007	-0.0018125
8.81631e-007	-0.002125
8.82131e-007	-0.0011875
8.82631e-007	-0.0018125
8.83131e-007	-0.002125
8.83631e-007	-0.002125
8.84131e-007	-0.0018125
8.84631e-007	-0.002125
8.85131e-007	-0.0018125
8.85631e-007	-0.0018125
8.86131e-007	-0.0018125
8.86631e-007	-0.002125
8.87131e-007	-0.0018125
8.87631e-007	-0.0018125
8.88131e-007	-0.0018125
8.88631e-007	-0.0018125
8.89131e-007	-0.0024375
8.89631e-007	-0.0024375
8.90131e-007	-0.0018125
8.90631e-007	-0.0018125
8.91131e-007	-0.0015
8.91631e-007	-0.002125
8.92131e-007	-0.002125
8.92631e-007	-0.002125
8.93131e-007	-0.0030625
8.93631e-007	-0.0024375
8.94131e-007	-0.00275
8.94631e-007	-0.002125
8.95131e-007	-0.0024375
8.95631e-007	-0.0024375
8.96131e-007	-0.002125
8.96631e-007	-0.0018125
8.97131e-007	-0.0015
8.97631e-007	-0.0011875
8.98131e-007	-0.0015
8.98631e-007	-0.0011875
8.99131e-007	-0.0018125
8.99631e-007	-0.002125
9.00131e-007	-0.0015
9.00631e-007	-0.0015
9.01131e-007	-0.000875
9.01631e-007	-0.002125
9.02131e-007	-0.0024375
9.02631e-007	-0.003375
9.03131e-007	-0.0030625
9.03631e-007	-0.002125
9.04131e-007	-0.0030625
9.04631e-007	-0.0030625
9.05131e-007	-0.0024375
9.05631e-007	-0.0024375
9.06131e-007	-0.002125
9.06631e-007	-0.003375
9.07131e-007	-0.0018125
9.07631e-007	-0.0015
9.08131e-007	-0.0018125
9.08631e-007	-0.0018125
9.09131e-007	-0.000875
9.09631e-007	-0.0005625
9.10131e-007	-0.0011875
9.10631e-007	-0.0015
9.11131e-007	-0.000875
9.11631e-007	-0.0018125
9.12131e-007	-0.0015
9.12631e-007	-0.0024375
9.13131e-007	-0.0024375
9.13631e-007	-0.0024375
9.14131e-007	-0.0036875
9.14631e-007	-0.0030625
9.15131e-007	-0.003375
9.15631e-007	-0.00275
9.16131e-007	-0.002125
9.16631e-007	-0.0024375
9.17131e-007	-0.002125
9.17631e-007	-0.0018125
9.18131e-007	-0.0018125
9.18631e-007	-0.0011875
9.19131e-007	-0.000875
9.19631e-007	-0.0011875
9.20131e-007	-0.0011875
9.20631e-007	-0.0005625
9.21131e-007	-0.0011875
9.21631e-007	-0.0018125
9.22131e-007	-0.0011875
9.22631e-007	-0.002125
9.23131e-007	-0.0024375
9.23631e-007	-0.002125
9.24131e-007	-0.003375
9.24631e-007	-0.00275
9.25131e-007	-0.0030625
9.25631e-007	-0.003375
9.26131e-007	-0.0030625
9.26631e-007	-0.0030625
9.27131e-007	-0.0024375
9.27631e-007	-0.002125
9.28131e-007	-0.0015
9.28631e-007	-0.0011875
9.29131e-007	-0.000875
9.29631e-007	-0.0011875
9.30131e-007	-0.0005625
9.30631e-007	6.25e-005
9.31131e-007	-0.00025
9.31631e-007	-0.0011875
9.32131e-007	-0.0011875
9.32631e-007	-0.0015
9.33131e-007	-0.002125
9.33631e-007	-0.0024375
9.34131e-007	-0.002125
9.34631e-007	-0.0024375
9.35131e-007	-0.0030625
9.35631e-007	-0.00275
9.36131e-007	-0.0030625
9.36631e-007	-0.003375
9.37131e-007	-0.0030625
9.37631e-007	-0.0024375
9.38131e-007	-0.0024375
9.38631e-007	-0.0018125
9.39131e-007	-0.0015
9.39631e-007	-0.0015
9.40131e-007	-0.0005625
9.40631e-007	-0.00025
9.41131e-007	-0.000875
9.41631e-007	-0.000875
9.42131e-007	-0.0005625
9.42631e-007	-0.000875
9.43131e-007	-0.0015
9.43631e-007	-0.002125
9.44131e-007	-0.0018125
9.44631e-007	-0.002125
9.45131e-007	-0.0030625
9.45631e-007	-0.0024375
9.46131e-007	-0.002125
9.46631e-007	-0.0030625
9.47131e-007	-0.00275
9.47631e-007	-0.0024375
9.48131e-007	-0.0018125
9.48631e-007	-0.0018125
9.49131e-007	-0.0011875
9.49631e-007	-0.000875
9.50131e-007	-0.0011875
9.50631e-007	-0.0015
9.51131e-007	-0.0005625
9.51631e-007	-0.00025
9.52131e-007	-0.000875
9.52631e-007	-0.0015
9.53131e-007	-0.0011875
9.53631e-007	-0.0018125
9.54131e-007	-0.002125
9.54631e-007	-0.0018125
9.55131e-007	-0.002125
9.55631e-007	-0.0024375
9.56131e-007	-0.0024375
9.56631e-007	-0.0024375
9.57131e-007	-0.002125
9.57631e-007	-0.0024375
9.58131e-007	-0.0018125
9.58631e-007	-0.0015
9.59131e-007	-0.0018125
9.59631e-007	-0.0015
9.60131e-007	-0.0011875
9.60631e-007	-0.0011875
9.61131e-007	-0.0011875
9.61631e-007	-0.0005625
9.62131e-007	-0.0011875
9.62631e-007	-0.0015
9.63131e-007	-0.000875
9.63631e-007	-0.0018125
9.64131e-007	-0.002125
9.64631e-007	-0.0011875
9.65131e-007	-0.0011875
9.65631e-007	-0.0018125
9.66131e-007	-0.0024375
9.66631e-007	-0.002125
9.67131e-007	-0.0018125
9.67631e-007	-0.0024375
9.68131e-007	-0.002125
9.68631e-007	-0.0024375
9.69131e-007	-0.0015
9.69631e-007	-0.0018125
9.70131e-007	-0.0011875
9.70631e-007	-0.00025
9.71131e-007	-0.0011875
9.71631e-007	-0.0011875
9.72131e-007	-0.000875
9.72631e-007	-0.0015
9.73131e-007	-0.0015
9.73631e-007	-0.0018125
9.74131e-007	-0.0018125
9.74631e-007	-0.002125
9.75131e-007	-0.0018125
9.75631e-007	-0.0018125
9.76131e-007	-0.0024375
9.76631e-007	-0.002125
9.77131e-007	-0.002125
9.77631e-007	-0.0024375
9.78131e-007	-0.0011875
9.78631e-007	-0.000875
9.79131e-007	-0.0005625
9.79631e-007	-0.000875
9.80131e-007	-0.0011875
9.80631e-007	-0.000875
9.81131e-007	-0.000875
9.81631e-007	-0.000875
9.82131e-007	-0.0015
9.82631e-007	-0.002125
9.83131e-007	-0.002125
9.83631e-007	-0.0015
9.84131e-007	-0.000875
9.84631e-007	-0.0018125
9.85131e-007	-0.0024375
9.85631e-007	-0.002125
9.86131e-007	-0.002125
9.86631e-007	-0.0015
9.87131e-007	-0.0011875
9.87631e-007	-0.0011875
9.88131e-007	-0.0005625
9.88631e-007	-0.0018125
9.89131e-007	-0.0018125
9.89631e-007	-0.000875
9.90131e-007	-0.0011875
9.90631e-007	-0.0011875
9.91131e-007	-0.000875
9.91631e-007	-0.0011875
9.92131e-007	-0.0024375
9.92631e-007	-0.0018125
9.93131e-007	-0.0011875
9.93631e-007	-0.0018125
9.94131e-007	-0.0015
9.94631e-007	-0.0018125
9.95131e-007	-0.0011875
9.95631e-007	-0.0015
9.96131e-007	-0.0018125
9.96631e-007	-0.0015
9.97131e-007	-0.0011875
9.97631e-007	-0.0015
9.98131e-007	-0.0015
9.98631e-007	-0.0018125
9.99131e-007	-0.0018125
9.99631e-007	-0.0018125
1.000131e-006	-0.0011875
1.000631e-006	-0.000875
1.001131e-006	-0.0015
1.001631e-006	-0.0011875
1.002131e-006	-0.0018125
1.002631e-006	-0.0018125
1.003131e-006	-0.0011875
1.003631e-006	-0.0018125
1.004131e-006	-0.0018125
1.004631e-006	-0.0015
1.005131e-006	-0.0015
1.005631e-006	-0.0018125
1.006131e-006	-0.000875
1.006631e-006	-0.0011875
1.007131e-006	-0.0015
1.007631e-006	-0.0011875
1.008131e-006	-0.0011875
1.008631e-006	-0.0018125
1.009131e-006	-0.0018125
1.009631e-006	-0.0011875
1.010131e-006	-0.0005625
1.010631e-006	-0.0018125
1.011131e-006	-0.0018125
1.011631e-006	-0.002125
1.012131e-006	-0.0018125
1.012631e-006	-0.0018125
1.013131e-006	-0.0015
1.013631e-006	-0.0018125
1.014131e-006	-0.0024375
1.014631e-006	-0.002125
1.015131e-006	-0.0015
1.015631e-006	-0.0018125
1.016131e-006	-0.0024375
1.016631e-006	-0.0018125
1.017131e-006	-0.002125
1.017631e-006	-0.0015
1.018131e-006	-0.0011875
1.018631e-006	-0.002125
1.019131e-006	-0.0018125
1.019631e-006	-0.0018125
1.020131e-006	-0.0015
1.020631e-006	-0.0015
1.021131e-006	-0.0011875
1.021631e-006	-0.0018125
1.022131e-006	-0.0018125
1.022631e-006	-0.0015
1.023131e-006	-0.0015
1.023631e-006	-0.0018125
1.024131e-006	-0.0011875
1.024631e-006	-0.0015
1.025131e-006	-0.0015
1.025631e-006	-0.0015
1.026131e-006	-0.0015
1.026631e-006	-0.0011875
1.027131e-006	-0.0018125
1.027631e-006	-0.0015
1.028131e-006	-0.0015
1.028631e-006	-0.0015
1.029131e-006	-0.0011875
1.029631e-006	-0.0018125
1.030131e-006	-0.0015
1.030631e-006	-0.0011875
1.031131e-006	-0.0018125
1.031631e-006	-0.0018125
1.032131e-006	-0.0011875
1.032631e-006	-0.0015
1.033131e-006	-0.0015
1.033631e-006	-0.0011875
1.034131e-006	-0.000875
1.034631e-006	-0.0018125
1.035131e-006	-0.0011875
1.035631e-006	-0.000875
1.036131e-006	-0.000875
1.036631e-006	-0.0011875
1.037131e-006	-0.0018125
1.037631e-006	-0.002125
1.038131e-006	-0.0018125
1.038631e-006	-0.0018125
1.039131e-006	-0.000875
1.039631e-006	-0.0015
1.040131e-006	-0.0018125
1.040631e-006	-0.002125
1.041131e-006	-0.0015
1.041631e-006	-0.0015
1.042131e-006	-0.0011875
1.042631e-006	-0.0015
1.043131e-006	-0.0011875
1.043631e-006	-0.0015
1.044131e-006	-0.0015
1.044631e-006	-0.000875
1.045131e-006	-0.0011875
1.045631e-006	-0.0015
1.046131e-006	-0.000875
1.046631e-006	-0.0011875
1.047131e-006	-0.0011875
1.047631e-006	-0.0015
1.048131e-006	-0.0015
1.048631e-006	-0.0011875
1.049131e-006	-0.0011875
1.049631e-006	-0.002125
1.050131e-006	-0.002125
1.050631e-006	-0.0015
1.051131e-006	-0.0011875
1.051631e-006	-0.0015
1.052131e-006	-0.002125
1.052631e-006	-0.0018125
1.053131e-006	-0.0011875
1.053631e-006	-0.0015
1.054131e-006	-0.0011875
1.054631e-006	-0.00025
1.055131e-006	-0.0005625
1.055631e-006	-0.0011875
1.056131e-006	-0.000875
1.056631e-006	-0.000875
1.057131e-006	-0.0005625
1.057631e-006	-0.0015
1.058131e-006	-0.0011875
1.058631e-006	-0.0011875
1.059131e-006	-0.000875
1.059631e-006	-0.0018125
1.060131e-006	-0.0018125
1.060631e-006	-0.0018125
1.061131e-006	-0.0018125
1.061631e-006	-0.002125
1.062131e-006	-0.0011875
1.062631e-006	-0.0015
1.063131e-006	-0.000875
1.063631e-006	-0.0015
1.064131e-006	-0.0011875
1.064631e-006	-0.00025
1.065131e-006	-0.000875
1.065631e-006	-0.000875
1.066131e-006	-0.00025
1.066631e-006	-0.000875
1.067131e-006	-0.0011875
1.067631e-006	-0.0015
1.068131e-006	-0.000875
1.068631e-006	-0.000875
1.069131e-006	-0.0018125
1.069631e-006	-0.002125
1.070131e-006	-0.0024375
1.070631e-006	-0.0018125
1.071131e-006	-0.000875
1.071631e-006	-0.0011875
1.072131e-006	-0.0015
1.072631e-006	-0.0018125
1.073131e-006	-0.0011875
1.073631e-006	-0.0015
1.074131e-006	-0.0011875
1.074631e-006	-0.0011875
1.075131e-006	-0.0011875
1.075631e-006	-0.0005625
1.076131e-006	-0.000875
1.076631e-006	-0.0015
1.077131e-006	-0.0005625
1.077631e-006	-0.0011875
1.078131e-006	-0.000875
1.078631e-006	-0.0011875
1.079131e-006	-0.0011875
1.079631e-006	-0.0018125
1.080131e-006	-0.002125
1.080631e-006	-0.0011875
1.081131e-006	-0.0015
1.081631e-006	-0.002125
1.082131e-006	-0.0015
1.082631e-006	-0.0011875
1.083131e-006	-0.000875
1.083631e-006	-0.0011875
1.084131e-006	-0.0011875
1.084631e-006	-0.0015
1.085131e-006	-0.000875
1.085631e-006	-0.0011875
1.086131e-006	-0.0015
1.086631e-006	-0.0015
1.087131e-006	-0.0011875
1.087631e-006	-0.0011875
1.088131e-006	-0.0011875
1.088631e-006	-0.002125
1.089131e-006	-0.0015
1.089631e-006	-0.0018125
1.090131e-006	-0.002125
1.090631e-006	-0.0011875
1.091131e-006	-0.0018125
1.091631e-006	-0.0015
1.092131e-006	-0.0011875
1.092631e-006	-0.000875
1.093131e-006	-0.000875
1.093631e-006	-0.0005625
1.094131e-006	-0.0005625
1.094631e-006	-0.0011875
1.095131e-006	-0.000875
1.095631e-006	-0.000875
1.096131e-006	-0.0011875
1.096631e-006	-0.0015
1.097131e-006	-0.0011875
1.097631e-006	-0.0018125
1.098131e-006	-0.002125
1.098631e-006	-0.002125
1.099131e-006	-0.002125
1.099631e-006	-0.0011875
1.100131e-006	-0.000875
1.100631e-006	-0.0018125
1.101131e-006	-0.0018125
1.101631e-006	-0.0018125
1.102131e-006	-0.0011875
1.102631e-006	-0.000875
1.103131e-006	-0.0005625
1.103631e-006	-0.0011875
1.104131e-006	-0.000875
1.104631e-006	-0.0005625
1.105131e-006	-0.0005625
1.105631e-006	-0.0015
1.106131e-006	-0.002125
1.106631e-006	-0.002125
1.107131e-006	6.25e-005
1.107631e-006	-0.0011875
1.108131e-006	-0.0018125
1.108631e-006	-0.002125
1.109131e-006	-0.0024375
1.109631e-006	-0.0018125
1.110131e-006	-0.002125
1.110631e-006	-0.0018125
1.111131e-006	-0.0011875
1.111631e-006	-0.000875
1.112131e-006	-0.00025
1.112631e-006	-0.000875
1.113131e-006	-0.0015
1.113631e-006	-0.000875
1.114131e-006	-0.0005625
1.114631e-006	-0.00025
1.115131e-006	-0.000875
1.115631e-006	-0.0011875
1.116131e-006	-0.0015
1.116631e-006	-0.0018125
1.117131e-006	-0.0011875
1.117631e-006	-0.0011875
1.118131e-006	-0.0015
1.118631e-006	-0.0015
1.119131e-006	-0.002125
1.119631e-006	-0.002125
1.120131e-006	-0.0018125
1.120631e-006	-0.0011875
1.121131e-006	-0.0011875
1.121631e-006	-0.0011875
1.122131e-006	-0.0005625
1.122631e-006	-0.0005625
1.123131e-006	-0.0005625
1.123631e-006	-0.000875
1.124131e-006	-0.000875
1.124631e-006	-0.0011875
1.125131e-006	-0.000875
1.125631e-006	-0.0005625
1.126131e-006	-0.0011875
1.126631e-006	-0.0015
1.127131e-006	-0.0015
1.127631e-006	-0.0024375
1.128131e-006	-0.0018125
1.128631e-006	-0.002125
1.129131e-006	-0.0011875
1.129631e-006	-0.000875
1.130131e-006	-0.0011875
1.130631e-006	-0.002125
1.131131e-006	-0.000875
1.131631e-006	-0.000875
1.132131e-006	-0.0005625
1.132631e-006	-0.000875
1.133131e-006	-0.0005625
1.133631e-006	-0.000875
1.134131e-006	-0.000875
1.134631e-006	-0.0005625
1.135131e-006	-0.000875
1.135631e-006	-0.0011875
1.136131e-006	-0.0018125
1.136631e-006	-0.002125
1.137131e-006	-0.0018125
1.137631e-006	-0.0018125
1.138131e-006	-0.0011875
1.138631e-006	-0.000875
1.139131e-006	-0.0011875
1.139631e-006	-0.0018125
1.140131e-006	-0.002125
1.140631e-006	-0.000875
1.141131e-006	-0.0005625
1.141631e-006	-0.0005625
1.142131e-006	-0.0005625
1.142631e-006	-0.00025
1.143131e-006	-0.000875
1.143631e-006	-0.0011875
1.144131e-006	-0.0011875
1.144631e-006	-0.0011875
1.145131e-006	-0.0011875
1.145631e-006	-0.0015
1.146131e-006	-0.0011875
1.146631e-006	-0.0015
1.147131e-006	-0.0015
1.147631e-006	-0.0018125
1.148131e-006	-0.0011875
1.148631e-006	-0.0011875
1.149131e-006	-0.000875
1.149631e-006	6.25e-005
1.150131e-006	6.25e-005
1.150631e-006	-0.0015
1.151131e-006	6.25e-005
1.151631e-006	-0.00025
1.152131e-006	-0.00025
1.152631e-006	-0.00025
1.153131e-006	-0.0005625
1.153631e-006	-0.000875
1.154131e-006	-0.0015
1.154631e-006	-0.0015
1.155131e-006	-0.0015
1.155631e-006	-0.00275
1.156131e-006	-0.002125
1.156631e-006	-0.0018125
1.157131e-006	-0.0024375
1.157631e-006	-0.0015
1.158131e-006	-0.0011875
1.158631e-006	-0.000875
1.159131e-006	-0.000875
1.159631e-006	-0.000875
1.160131e-006	6.25e-005
1.160631e-006	0.000375
1.161131e-006	0.000375
1.161631e-006	6.25e-005
1.162131e-006	-0.0005625
1.162631e-006	-0.0005625
1.163131e-006	-0.0005625
1.163631e-006	-0.0005625
1.164131e-006	-0.0015
1.164631e-006	-0.0018125
1.165131e-006	-0.002125
1.165631e-006	-0.002125
1.166131e-006	-0.00275
1.166631e-006	-0.0030625
1.167131e-006	-0.0018125
1.167631e-006	-0.0015
1.168131e-006	-0.0018125
1.168631e-006	-0.0011875
1.169131e-006	-0.0011875
1.169631e-006	-0.0005625
1.170131e-006	6.25e-005
1.170631e-006	6.25e-005
1.171131e-006	6.25e-005
1.171631e-006	-0.00025
1.172131e-006	6.25e-005
1.172631e-006	-0.0005625
1.173131e-006	-0.000875
1.173631e-006	-0.000875
1.174131e-006	-0.0011875
1.174631e-006	-0.0018125
1.175131e-006	-0.0015
1.175631e-006	-0.00275
1.176131e-006	-0.00275
1.176631e-006	-0.0030625
1.177131e-006	-0.0024375
1.177631e-006	-0.0018125
1.178131e-006	-0.000875
1.178631e-006	-0.00025
1.179131e-006	-0.0005625
1.179631e-006	6.25e-005
1.180131e-006	6.25e-005
1.180631e-006	-0.0005625
1.181131e-006	6.25e-005
1.181631e-006	0.000375
1.182131e-006	-0.00025
1.182631e-006	-0.00025
1.183131e-006	-0.0005625
1.183631e-006	-0.000875
1.184131e-006	-0.0015
1.184631e-006	-0.0015
1.185131e-006	-0.002125
1.185631e-006	-0.0015
1.186131e-006	-0.0015
1.186631e-006	-0.002125
1.187131e-006	-0.002125
1.187631e-006	-0.002125
1.188131e-006	-0.0015
1.188631e-006	-0.00025
1.189131e-006	-0.0005625
1.189631e-006	6.25e-005
1.190131e-006	-0.0005625
1.190631e-006	6.25e-005
1.191131e-006	0.0006875
1.191631e-006	-0.0005625
1.192131e-006	6.25e-005
1.192631e-006	6.25e-005
1.193131e-006	-0.000875
1.193631e-006	-0.0005625
1.194131e-006	-0.0005625
1.194631e-006	-0.0018125
1.195131e-006	-0.002125
1.195631e-006	-0.002125
1.196131e-006	-0.0018125
1.196631e-006	-0.002125
1.197131e-006	-0.0011875
1.197631e-006	-0.0018125
1.198131e-006	-0.000875
1.198631e-006	6.25e-005
1.199131e-006	-0.00025
1.199631e-006	-0.00025
1.200131e-006	-0.000875
1.200631e-006	-0.0011875
1.201131e-006	-0.00025
1.201631e-006	-0.0005625
1.202131e-006	-0.0005625
1.202631e-006	-0.000875
1.203131e-006	-0.0005625
1.203631e-006	-0.0011875
1.204131e-006	-0.0018125
1.204631e-006	-0.000875
1.205131e-006	-0.0015
1.205631e-006	-0.0011875
1.206131e-006	-0.000875
1.206631e-006	-0.0015
1.207131e-006	-0.0011875
1.207631e-006	-0.0011875
1.208131e-006	-0.0015
1.208631e-006	-0.0015
1.209131e-006	-0.00025
1.209631e-006	0.0006875
1.210131e-006	-0.000875
1.210631e-006	-0.0011875
1.211131e-006	-0.000875
1.211631e-006	-0.0005625
1.212131e-006	-0.000875
1.212631e-006	-0.0015
1.213131e-006	-0.0011875
1.213631e-006	-0.0018125
1.214131e-006	-0.0018125
1.214631e-006	-0.0011875
1.215131e-006	-0.000875
1.215631e-006	-0.000875
1.216131e-006	-0.0005625
1.216631e-006	-0.000875
1.217131e-006	-0.0005625
1.217631e-006	-0.000875
1.218131e-006	-0.0005625
1.218631e-006	-0.00025
1.219131e-006	-0.0005625
1.219631e-006	-0.000875
1.220131e-006	-0.0011875
1.220631e-006	-0.000875
1.221131e-006	-0.0005625
1.221631e-006	-0.0011875
1.222131e-006	-0.0011875
1.222631e-006	-0.0018125
1.223131e-006	-0.0018125
1.223631e-006	-0.0018125
1.224131e-006	-0.0011875
1.224631e-006	-0.000875
1.225131e-006	-0.000875
1.225631e-006	-0.0011875
1.226131e-006	-0.000875
1.226631e-006	-0.000875
1.227131e-006	-0.0005625
1.227631e-006	6.25e-005
1.228131e-006	6.25e-005
1.228631e-006	-0.0005625
1.229131e-006	-0.0005625
1.229631e-006	-0.00025
1.230131e-006	6.25e-005
1.230631e-006	-0.00025
1.231131e-006	-0.0011875
1.231631e-006	-0.0024375
1.232131e-006	-0.00275
1.232631e-006	-0.0018125
1.233131e-006	-0.0011875
1.233631e-006	-0.0018125
1.234131e-006	-0.0018125
1.234631e-006	-0.0018125
1.235131e-006	-0.000875
1.235631e-006	-0.0005625
1.236131e-006	-0.000875
1.236631e-006	-0.00025
1.237131e-006	-0.0005625
1.237631e-006	6.25e-005
1.238131e-006	6.25e-005
1.238631e-006	0.000375
1.239131e-006	-0.0005625
1.239631e-006	-0.0005625
1.240131e-006	6.25e-005
1.240631e-006	-0.0005625
1.241131e-006	-0.000875
1.241631e-006	-0.0011875
1.242131e-006	-0.0011875
1.242631e-006	-0.0015
1.243131e-006	-0.0024375
1.243631e-006	-0.0024375
1.244131e-006	-0.0015
1.244631e-006	-0.0018125
1.245131e-006	-0.000875
1.245631e-006	-0.0005625
1.246131e-006	-0.0005625
1.246631e-006	-0.000875
1.247131e-006	6.25e-005
1.247631e-006	0.000375
1.248131e-006	6.25e-005
1.248631e-006	6.25e-005
1.249131e-006	0.000375
1.249631e-006	6.25e-005
1.250131e-006	-0.00025
1.250631e-006	-0.000875
1.251131e-006	-0.0005625
1.251631e-006	-0.000875
1.252131e-006	-0.0018125
1.252631e-006	-0.0011875
1.253131e-006	-0.0015
1.253631e-006	-0.0018125
1.254131e-006	-0.0018125
1.254631e-006	-0.0011875
1.255131e-006	-0.0011875
1.255631e-006	-0.0011875
1.256131e-006	-0.00025
1.256631e-006	6.25e-005
1.257131e-006	-0.0005625
1.257631e-006	0.001
1.258131e-006	0.000375
1.258631e-006	0.000375
1.259131e-006	-0.00025
1.259631e-006	-0.0011875
1.260131e-006	-0.000875
1.260631e-006	-0.000875
1.261131e-006	-0.00025
1.261631e-006	-0.0011875
1.262131e-006	-0.002125
1.262631e-006	-0.0011875
1.263131e-006	-0.0018125
1.263631e-006	-0.002125
1.264131e-006	-0.0011875
1.264631e-006	-0.0015
1.265131e-006	-0.0011875
1.265631e-006	-0.0018125
1.266131e-006	-0.000875
1.266631e-006	-0.0011875
1.267131e-006	-0.00025
1.267631e-006	6.25e-005
1.268131e-006	-0.00025
1.268631e-006	6.25e-005
1.269131e-006	-0.00025
1.269631e-006	-0.000875
1.270131e-006	-0.0005625
1.270631e-006	-0.0005625
1.271131e-006	-0.0005625
1.271631e-006	-0.000875
1.272131e-006	-0.000875
1.272631e-006	-0.0015
1.273131e-006	-0.0015
1.273631e-006	-0.0005625
1.274131e-006	-0.0011875
1.274631e-006	-0.0011875
1.275131e-006	-0.000875
1.275631e-006	-0.0015
1.276131e-006	-0.0005625
1.276631e-006	-0.0011875
1.277131e-006	-0.0011875
1.277631e-006	-0.0005625
1.278131e-006	6.25e-005
1.278631e-006	6.25e-005
1.279131e-006	-0.0011875
1.279631e-006	-0.0005625
1.280131e-006	-0.00025
1.280631e-006	-0.0005625
1.281131e-006	-0.0011875
1.281631e-006	-0.000875
1.282131e-006	-0.0005625
1.282631e-006	-0.0015
1.283131e-006	-0.000875
1.283631e-006	-0.0005625
1.284131e-006	-0.000875
1.284631e-006	-0.0018125
1.285131e-006	-0.0015
1.285631e-006	-0.0005625
1.286131e-006	6.25e-005
1.286631e-006	-0.00025
1.287131e-006	-0.00025
1.287631e-006	-0.00025
1.288131e-006	-0.00025
1.288631e-006	6.25e-005
1.289131e-006	-0.00025
1.289631e-006	-0.000875
1.290131e-006	-0.000875
1.290631e-006	-0.000875
1.291131e-006	-0.000875
1.291631e-006	-0.002125
1.292131e-006	-0.0024375
1.292631e-006	-0.002125
1.293131e-006	-0.000875
1.293631e-006	-0.000875
1.294131e-006	-0.0011875
1.294631e-006	-0.000875
1.295131e-006	-0.0005625
1.295631e-006	-0.00025
1.296131e-006	0.000375
1.296631e-006	6.25e-005
1.297131e-006	0.000375
1.297631e-006	6.25e-005
1.298131e-006	-0.0005625
1.298631e-006	-0.0005625
1.299131e-006	-0.0005625
1.299631e-006	-0.000875
1.300131e-006	-0.0015
1.300631e-006	-0.0011875
1.301131e-006	-0.0015
1.301631e-006	-0.0015
1.302131e-006	-0.0015
1.302631e-006	-0.0011875
1.303131e-006	-0.0018125
1.303631e-006	-0.002125
1.304131e-006	-0.0011875
1.304631e-006	-0.000875
1.305131e-006	-0.0005625
1.305631e-006	-0.0005625
1.306131e-006	-0.00025
1.306631e-006	0.000375
1.307131e-006	0.000375
1.307631e-006	6.25e-005
1.308131e-006	6.25e-005
1.308631e-006	-0.00025
1.309131e-006	6.25e-005
1.309631e-006	6.25e-005
1.310131e-006	-0.000875
1.310631e-006	-0.002125
1.311131e-006	-0.0018125
1.311631e-006	-0.0024375
1.312131e-006	-0.00275
1.312631e-006	-0.00275
1.313131e-006	-0.0018125
1.313631e-006	-0.002125
1.314131e-006	-0.0011875
1.314631e-006	-0.0011875
1.315131e-006	-0.0005625
1.315631e-006	6.25e-005
1.316131e-006	0.0006875
1.316631e-006	-0.00025
1.317131e-006	6.25e-005
1.317631e-006	0.001
1.318131e-006	0.001
1.318631e-006	6.25e-005
1.319131e-006	0.000375
1.319631e-006	6.25e-005
1.320131e-006	-0.000875
1.320631e-006	-0.0011875
1.321131e-006	-0.0018125
1.321631e-006	-0.0024375
1.322131e-006	-0.0024375
1.322631e-006	-0.0024375
1.323131e-006	-0.0024375
1.323631e-006	-0.0011875
1.324131e-006	-0.0018125
1.324631e-006	-0.002125
1.325131e-006	-0.000875
1.325631e-006	0.0006875
1.326131e-006	6.25e-005
1.326631e-006	0.0006875
1.327131e-006	6.25e-005
1.327631e-006	0.0006875
1.328131e-006	0.0013125
1.328631e-006	0.0019375
1.329131e-006	0.0013125
1.329631e-006	6.25e-005
1.330131e-006	-0.0005625
1.330631e-006	-0.0015
1.331131e-006	-0.0018125
1.331631e-006	-0.0024375
1.332131e-006	-0.0030625
1.332631e-006	-0.0024375
1.333131e-006	-0.00275
1.333631e-006	-0.0030625
1.334131e-006	-0.0024375
1.334631e-006	-0.0018125
1.335131e-006	-0.000875
1.335631e-006	-0.000875
1.336131e-006	6.25e-005
1.336631e-006	0.001
1.337131e-006	0.0013125
1.337631e-006	0.001
1.338131e-006	0.00225
1.338631e-006	0.001625
1.339131e-006	0.0006875
1.339631e-006	-0.0005625
1.340131e-006	-0.0005625
1.340631e-006	-0.000875
1.341131e-006	-0.0018125
1.341631e-006	-0.0018125
1.342131e-006	-0.0024375
1.342631e-006	-0.0030625
1.343131e-006	-0.00275
1.343631e-006	-0.003375
1.344131e-006	-0.00275
1.344631e-006	-0.0018125
1.345131e-006	-0.000875
1.345631e-006	6.25e-005
1.346131e-006	0.0006875
1.346631e-006	0.0006875
1.347131e-006	0.0006875
1.347631e-006	0.0019375
1.348131e-006	0.0013125
1.348631e-006	0.0006875
1.349131e-006	0.0006875
1.349631e-006	0.001
1.350131e-006	6.25e-005
1.350631e-006	-0.000875
1.351131e-006	-0.0018125
1.351631e-006	-0.0024375
1.352131e-006	-0.0030625
1.352631e-006	-0.002125
1.353131e-006	-0.0024375
1.353631e-006	-0.00275
1.354131e-006	-0.0024375
1.354631e-006	-0.002125
1.355131e-006	-0.000875
1.355631e-006	-0.00025
1.356131e-006	-0.00025
1.356631e-006	0.000375
1.357131e-006	0.0006875
1.357631e-006	0.0013125
1.358131e-006	0.001
1.358631e-006	0.000375
1.359131e-006	0.0019375
1.359631e-006	0.000375
1.360131e-006	-0.00025
1.360631e-006	-0.000875
1.361131e-006	-0.0018125
1.361631e-006	-0.0018125
1.362131e-006	-0.00275
1.362631e-006	-0.0030625
1.363131e-006	-0.0018125
1.363631e-006	-0.0024375
1.364131e-006	-0.00275
1.364631e-006	-0.0018125
1.365131e-006	-0.0005625
1.365631e-006	-0.0005625
1.366131e-006	-0.00025
1.366631e-006	0.000375
1.367131e-006	0.0006875
1.367631e-006	6.25e-005
1.368131e-006	0.001
1.368631e-006	0.0013125
1.369131e-006	0.001
1.369631e-006	0.000375
1.370131e-006	-0.00025
1.370631e-006	-0.000875
1.371131e-006	-0.0011875
1.371631e-006	-0.0018125
1.372131e-006	-0.0024375
1.372631e-006	-0.0024375
1.373131e-006	-0.0030625
1.373631e-006	-0.0024375
1.374131e-006	-0.0011875
1.374631e-006	-0.0011875
1.375131e-006	-0.0011875
1.375631e-006	-0.0005625
1.376131e-006	6.25e-005
1.376631e-006	0.000375
1.377131e-006	6.25e-005
1.377631e-006	0.0006875
1.378131e-006	0.001
1.378631e-006	0.001
1.379131e-006	0.000375
1.379631e-006	-0.000875
1.380131e-006	-0.000875
1.380631e-006	-0.000875
1.381131e-006	-0.0011875
1.381631e-006	-0.002125
1.382131e-006	-0.002125
1.382631e-006	-0.0018125
1.383131e-006	-0.00275
1.383631e-006	-0.0024375
1.384131e-006	-0.0011875
1.384631e-006	-0.000875
1.385131e-006	-0.0005625
1.385631e-006	-0.0005625
1.386131e-006	0.000375
1.386631e-006	0.000375
1.387131e-006	6.25e-005
1.387631e-006	6.25e-005
1.388131e-006	6.25e-005
1.388631e-006	0.000375
1.389131e-006	0.000375
1.389631e-006	-0.0005625
1.390131e-006	-0.000875
1.390631e-006	-0.0015
1.391131e-006	-0.002125
1.391631e-006	-0.002125
1.392131e-006	-0.0018125
1.392631e-006	-0.002125
1.393131e-006	-0.002125
1.393631e-006	-0.0018125
1.394131e-006	-0.0015
1.394631e-006	-0.0011875
1.395131e-006	-0.0005625
1.395631e-006	0.000375
1.396131e-006	0.000375
1.396631e-006	6.25e-005
1.397131e-006	6.25e-005
1.397631e-006	0.000375
1.398131e-006	0.001625
1.398631e-006	0.0006875
1.399131e-006	-0.0011875
1.399631e-006	-0.0011875
1.400131e-006	-0.0011875
1.400631e-006	-0.0011875
1.401131e-006	-0.0018125
1.401631e-006	-0.0024375
1.402131e-006	-0.0018125
1.402631e-006	-0.0024375
1.403131e-006	-0.002125
1.403631e-006	-0.0018125
1.404131e-006	-0.0015
1.404631e-006	-0.0005625
1.405131e-006	-0.00025
1.405631e-006	0.000375
1.406131e-006	0.0013125
1.406631e-006	0.001
1.407131e-006	0.0013125
1.407631e-006	0.000375
1.408131e-006	0.000375
1.408631e-006	0.0006875
1.409131e-006	6.25e-005
1.409631e-006	-0.00025
1.410131e-006	-0.0015
1.410631e-006	-0.002125
1.411131e-006	-0.0015
1.411631e-006	-0.0024375
1.412131e-006	-0.0024375
1.412631e-006	-0.002125
1.413131e-006	-0.002125
1.413631e-006	-0.0015
1.414131e-006	-0.0018125
1.414631e-006	-0.0005625
1.415131e-006	-0.00025
1.415631e-006	0.000375
1.416131e-006	0.001
1.416631e-006	0.0006875
1.417131e-006	0.001625
1.417631e-006	0.001
1.418131e-006	0.0006875
1.418631e-006	0.000375
1.419131e-006	-0.000875
1.419631e-006	-0.000875
1.420131e-006	-0.0015
1.420631e-006	-0.0018125
1.421131e-006	-0.0024375
1.421631e-006	-0.0030625
1.422131e-006	-0.002125
1.422631e-006	-0.0024375
1.423131e-006	-0.002125
1.423631e-006	-0.000875
1.424131e-006	-0.0011875
1.424631e-006	-0.000875
1.425131e-006	-0.00025
1.425631e-006	0.0006875
1.426131e-006	0.0013125
1.426631e-006	0.000375
1.427131e-006	0.001625
1.427631e-006	0.0013125
1.428131e-006	0.001
1.428631e-006	0.000375
1.429131e-006	-0.000875
1.429631e-006	-0.00025
1.430131e-006	-0.0015
1.430631e-006	-0.0018125
1.431131e-006	-0.0018125
1.431631e-006	-0.00275
1.432131e-006	-0.002125
1.432631e-006	-0.00275
1.433131e-006	-0.000875
1.433631e-006	-0.000875
1.434131e-006	-0.0018125
1.434631e-006	-0.00025
1.435131e-006	-0.0005625
1.435631e-006	0.0006875
1.436131e-006	0.00225
1.436631e-006	0.0013125
1.437131e-006	0.001625
1.437631e-006	0.000375
1.438131e-006	0.0006875
1.438631e-006	0.000375
1.439131e-006	-0.000875
1.439631e-006	-0.00025
1.440131e-006	-0.0011875
1.440631e-006	-0.0011875
1.441131e-006	-0.0015
1.441631e-006	-0.00275
1.442131e-006	-0.0018125
1.442631e-006	-0.002125
1.443131e-006	-0.0015
1.443631e-006	-0.000875
1.444131e-006	-0.0005625
1.444631e-006	0.000375
1.445131e-006	-0.0005625
1.445631e-006	0.0006875
1.446131e-006	0.0019375
1.446631e-006	0.0013125
1.447131e-006	0.001625
1.447631e-006	0.001
1.448131e-006	0.0013125
1.448631e-006	6.25e-005
1.449131e-006	-0.0011875
1.449631e-006	-0.000875
1.450131e-006	-0.0018125
1.450631e-006	-0.0018125
1.451131e-006	-0.0024375
1.451631e-006	-0.002125
1.452131e-006	-0.0011875
1.452631e-006	-0.002125
1.453131e-006	-0.000875
1.453631e-006	-0.0005625
1.454131e-006	-0.00025
1.454631e-006	0.0006875
1.455131e-006	6.25e-005
1.455631e-006	0.0006875
1.456131e-006	0.0006875
1.456631e-006	0.001
1.457131e-006	0.001625
1.457631e-006	6.25e-005
1.458131e-006	0.000375
1.458631e-006	6.25e-005
1.459131e-006	-0.0005625
1.459631e-006	-0.0005625
1.460131e-006	-0.002125
1.460631e-006	-0.002125
1.461131e-006	-0.0018125
1.461631e-006	-0.0018125
1.462131e-006	-0.0018125
1.462631e-006	-0.0024375
1.463131e-006	-0.0011875
1.463631e-006	-0.000875
1.464131e-006	-0.0005625
1.464631e-006	6.25e-005
1.465131e-006	6.25e-005
1.465631e-006	0.000375
1.466131e-006	6.25e-005
1.466631e-006	0.000375
1.467131e-006	0.001
1.467631e-006	0.000375
1.468131e-006	6.25e-005
1.468631e-006	-0.00025
1.469131e-006	-0.0011875
1.469631e-006	-0.000875
1.470131e-006	-0.0018125
1.470631e-006	-0.0018125
1.471131e-006	-0.0011875
1.471631e-006	-0.002125
1.472131e-006	-0.0018125
1.472631e-006	-0.0015
1.473131e-006	-0.0005625
1.473631e-006	-0.00025
1.474131e-006	-0.00025
1.474631e-006	6.25e-005
1.475131e-006	-0.00025
1.475631e-006	6.25e-005
1.476131e-006	6.25e-005
1.476631e-006	0.001
1.477131e-006	0.001
1.477631e-006	6.25e-005
1.478131e-006	6.25e-005
1.478631e-006	-0.000875
1.479131e-006	-0.0011875
1.479631e-006	-0.0011875
1.480131e-006	-0.0011875
1.480631e-006	-0.0011875
1.481131e-006	-0.000875
1.481631e-006	-0.0011875
1.482131e-006	-0.0015
1.482631e-006	-0.000875
1.483131e-006	6.25e-005
1.483631e-006	-0.0005625
1.484131e-006	-0.0005625
1.484631e-006	6.25e-005
1.485131e-006	-0.00025
1.485631e-006	6.25e-005
1.486131e-006	6.25e-005
1.486631e-006	6.25e-005
1.487131e-006	6.25e-005
1.487631e-006	6.25e-005
1.488131e-006	6.25e-005
1.488631e-006	-0.00025
1.489131e-006	-0.0011875
1.489631e-006	-0.000875
1.490131e-006	-0.0005625
1.490631e-006	-0.000875
1.491131e-006	-0.000875
1.491631e-006	-0.0011875
1.492131e-006	-0.000875
1.492631e-006	-0.0005625
1.493131e-006	-0.000875
1.493631e-006	-0.0005625
1.494131e-006	6.25e-005
1.494631e-006	-0.00025
1.495131e-006	6.25e-005
1.495631e-006	-0.00025
1.496131e-006	6.25e-005
1.496631e-006	0.000375
1.497131e-006	-0.000875
1.497631e-006	-0.0005625
1.498131e-006	-0.0005625
1.498631e-006	-0.0005625
1.499131e-006	-0.0005625
1.499631e-006	-0.000875
1.500131e-006	-0.0005625
1.500631e-006	-0.00025
1.501131e-006	-0.0005625
1.501631e-006	-0.0005625
1.502131e-006	-0.0005625
1.502631e-006	6.25e-005
1.503131e-006	-0.00025
1.503631e-006	-0.0005625
1.504131e-006	-0.0005625
1.504631e-006	-0.00025
1.505131e-006	6.25e-005
1.505631e-006	-0.000875
1.506131e-006	-0.0011875
1.506631e-006	-0.0005625
1.507131e-006	-0.000875
1.507631e-006	-0.000875
1.508131e-006	-0.000875
1.508631e-006	-0.00025
1.509131e-006	6.25e-005
1.509631e-006	-0.0005625
1.510131e-006	-0.0005625
1.510631e-006	-0.0005625
1.511131e-006	-0.00025
1.511631e-006	6.25e-005
1.512131e-006	-0.00025
1.512631e-006	6.25e-005
1.513131e-006	0.000375
1.513631e-006	0.000375
1.514131e-006	6.25e-005
1.514631e-006	-0.000875
1.515131e-006	-0.0005625
1.515631e-006	-0.000875
1.516131e-006	-0.000875
1.516631e-006	-0.0015
1.517131e-006	-0.000875
1.517631e-006	-0.0011875
1.518131e-006	-0.0018125
1.518631e-006	-0.0011875
1.519131e-006	-0.0005625
1.519631e-006	-0.000875
1.520131e-006	-0.00025
1.520631e-006	-0.00025
1.521131e-006	0.000375
1.521631e-006	0.001
1.522131e-006	0.000375
1.522631e-006	0.000375
1.523131e-006	6.25e-005
1.523631e-006	0.0006875
1.524131e-006	0.000375
1.524631e-006	-0.0005625
1.525131e-006	-0.0005625
1.525631e-006	-0.000875
1.526131e-006	-0.000875
1.526631e-006	-0.0011875
1.527131e-006	-0.0011875
1.527631e-006	-0.0011875
1.528131e-006	-0.0015
1.528631e-006	-0.0011875
1.529131e-006	-0.0005625
1.529631e-006	-0.0011875
1.530131e-006	-0.0005625
1.530631e-006	0.000375
1.531131e-006	6.25e-005
1.531631e-006	-0.00025
1.532131e-006	0.000375
1.532631e-006	0.0006875
1.533131e-006	6.25e-005
1.533631e-006	0.000375
1.534131e-006	6.25e-005
1.534631e-006	-0.00025
1.535131e-006	-0.0005625
1.535631e-006	-0.0005625
1.536131e-006	-0.00025
1.536631e-006	-0.000875
1.537131e-006	-0.0015
1.537631e-006	-0.0011875
1.538131e-006	-0.0005625
1.538631e-006	-0.0005625
1.539131e-006	-0.00025
1.539631e-006	-0.000875
1.540131e-006	-0.00025
1.540631e-006	6.25e-005
1.541131e-006	-0.0005625
1.541631e-006	-0.0005625
1.542131e-006	6.25e-005
1.542631e-006	0.000375
1.543131e-006	0.000375
1.543631e-006	6.25e-005
1.544131e-006	-0.0005625
1.544631e-006	-0.0005625
1.545131e-006	-0.000875
1.545631e-006	-0.0005625
1.546131e-006	-0.000875
1.546631e-006	-0.0011875
1.547131e-006	-0.0011875
1.547631e-006	-0.000875
1.548131e-006	-0.0005625
1.548631e-006	-0.00025
1.549131e-006	-0.0005625
1.549631e-006	-0.0005625
1.550131e-006	6.25e-005
1.550631e-006	-0.00025
1.551131e-006	-0.0005625
1.551631e-006	6.25e-005
1.552131e-006	-0.00025
1.552631e-006	6.25e-005
1.553131e-006	-0.00025
1.553631e-006	-0.0005625
1.554131e-006	-0.0005625
1.554631e-006	6.25e-005
1.555131e-006	-0.0005625
1.555631e-006	-0.000875
1.556131e-006	-0.0005625
1.556631e-006	-0.000875
1.557131e-006	-0.000875
1.557631e-006	-0.00025
1.558131e-006	-0.00025
1.558631e-006	-0.000875
1.559131e-006	6.25e-005
1.559631e-006	-0.0005625
1.560131e-006	6.25e-005
1.560631e-006	-0.00025
1.561131e-006	-0.0005625
1.561631e-006	-0.000875
1.562131e-006	-0.00025
1.562631e-006	-0.00025
1.563131e-006	-0.00025
1.563631e-006	-0.000875
1.564131e-006	-0.000875
1.564631e-006	-0.000875
1.565131e-006	-0.0005625
1.565631e-006	-0.0005625
1.566131e-006	-0.0005625
1.566631e-006	6.25e-005
1.567131e-006	6.25e-005
1.567631e-006	-0.000875
1.568131e-006	-0.0005625
1.568631e-006	6.25e-005
1.569131e-006	-0.00025
1.569631e-006	6.25e-005
1.570131e-006	-0.00025
1.570631e-006	-0.0005625
1.571131e-006	-0.0005625
1.571631e-006	-0.0005625
1.572131e-006	-0.0005625
1.572631e-006	0.000375
1.573131e-006	6.25e-005
1.573631e-006	6.25e-005
1.574131e-006	-0.0011875
1.574631e-006	-0.0011875
1.575131e-006	6.25e-005
1.575631e-006	-0.00025
1.576131e-006	-0.0005625
1.576631e-006	-0.0005625
1.577131e-006	-0.00025
1.577631e-006	-0.0005625
1.578131e-006	6.25e-005
1.578631e-006	6.25e-005
1.579131e-006	-0.000875
1.579631e-006	-0.0015
1.580131e-006	-0.0005625
1.580631e-006	-0.00025
1.581131e-006	0.0006875
1.581631e-006	6.25e-005
1.582131e-006	-0.0005625
1.582631e-006	-0.0011875
1.583131e-006	-0.0011875
1.583631e-006	-0.0005625
1.584131e-006	-0.00025
1.584631e-006	-0.0005625
1.585131e-006	-0.000875
1.585631e-006	-0.0005625
1.586131e-006	0.000375
1.586631e-006	-0.00025
1.587131e-006	-0.0005625
1.587631e-006	-0.0005625
1.588131e-006	-0.000875
1.588631e-006	0.001
1.589131e-006	0.001
1.589631e-006	-0.00025
1.590131e-006	-0.0005625
1.590631e-006	-0.0005625
1.591131e-006	6.25e-005
1.591631e-006	-0.00025
1.592131e-006	6.25e-005
1.592631e-006	0.0006875
1.593131e-006	-0.00025
1.593631e-006	0.000375
1.594131e-006	-0.0005625
1.594631e-006	-0.00025
1.595131e-006	-0.00025
1.595631e-006	-0.0005625
1.596131e-006	-0.0005625
1.596631e-006	-0.000875
1.597131e-006	-0.0005625
1.597631e-006	-0.0015
1.598131e-006	-0.0011875
1.598631e-006	-0.0005625
1.599131e-006	-0.000875
1.599631e-006	-0.0005625
1.600131e-006	-0.000875
1.600631e-006	-0.000875
1.601131e-006	0.000375
1.601631e-006	6.25e-005
1.602131e-006	6.25e-005
1.602631e-006	6.25e-005
1.603131e-006	0.000375
1.603631e-006	0.001
1.604131e-006	0.0006875
1.604631e-006	6.25e-005
1.605131e-006	6.25e-005
1.605631e-006	-0.000875
1.606131e-006	-0.0005625
1.606631e-006	-0.000875
1.607131e-006	-0.0005625
1.607631e-006	-0.0018125
1.608131e-006	-0.0018125
1.608631e-006	-0.000875
1.609131e-006	-0.0011875
1.609631e-006	-0.0018125
1.610131e-006	-0.000875
1.610631e-006	-0.0011875
1.611131e-006	-0.0005625
1.611631e-006	6.25e-005
1.612131e-006	0.0006875
1.612631e-006	0.001
1.613131e-006	6.25e-005
1.613631e-006	0.0013125
1.614131e-006	0.001
1.614631e-006	0.000375
1.615131e-006	6.25e-005
1.615631e-006	-0.0005625
1.616131e-006	-0.00025
1.616631e-006	-0.00025
1.617131e-006	-0.0018125
1.617631e-006	-0.0011875
1.618131e-006	-0.0018125
1.618631e-006	-0.0011875
1.619131e-006	-0.0015
1.619631e-006	-0.0018125
1.620131e-006	-0.0005625
1.620631e-006	6.25e-005
1.621131e-006	0.000375
1.621631e-006	0.000375
1.622131e-006	0.0006875
1.622631e-006	0.0013125
1.623131e-006	0.001
1.623631e-006	0.0006875
1.624131e-006	0.0006875
1.624631e-006	0.0006875
1.625131e-006	0.0006875
1.625631e-006	-0.0005625
1.626131e-006	-0.0005625
1.626631e-006	-0.000875
1.627131e-006	-0.0011875
1.627631e-006	-0.002125
1.628131e-006	-0.0018125
1.628631e-006	-0.0011875
1.629131e-006	-0.000875
1.629631e-006	-0.0018125
1.630131e-006	-0.000875
1.630631e-006	-0.000875
1.631131e-006	6.25e-005
1.631631e-006	-0.00025
1.632131e-006	0.000375
1.632631e-006	0.001625
1.633131e-006	0.0019375
1.633631e-006	0.0025625
1.634131e-006	0.000375
1.634631e-006	-0.00025
1.635131e-006	0.000375
1.635631e-006	-0.000875
1.636131e-006	-0.0015
1.636631e-006	-0.0011875
1.637131e-006	-0.0018125
1.637631e-006	-0.0024375
1.638131e-006	-0.0024375
1.638631e-006	-0.0018125
1.639131e-006	-0.0011875
1.639631e-006	-0.000875
1.640131e-006	-0.000875
1.640631e-006	-0.000875
1.641131e-006	0.0006875
1.641631e-006	0.0019375
1.642131e-006	0.001
1.642631e-006	0.001
1.643131e-006	0.0006875
1.643631e-006	0.0019375
1.644131e-006	0.001
1.644631e-006	6.25e-005
1.645131e-006	6.25e-005
1.645631e-006	-0.0005625
1.646131e-006	-0.0011875
1.646631e-006	-0.0018125
1.647131e-006	-0.0024375
1.647631e-006	-0.002125
1.648131e-006	-0.0018125
1.648631e-006	-0.0015
1.649131e-006	-0.000875
1.649631e-006	-0.0011875
1.650131e-006	0.000375
1.650631e-006	0.0006875
1.651131e-006	0.0006875
1.651631e-006	0.0006875
1.652131e-006	0.001625
1.652631e-006	0.001625
1.653131e-006	0.001
1.653631e-006	0.0013125
1.654131e-006	0.000375
1.654631e-006	6.25e-005
1.655131e-006	6.25e-005
1.655631e-006	-0.000875
1.656131e-006	-0.0015
1.656631e-006	-0.0015
1.657131e-006	-0.0018125
1.657631e-006	-0.002125
1.658131e-006	-0.002125
1.658631e-006	-0.0011875
1.659131e-006	-0.0011875
1.659631e-006	-0.00025
1.660131e-006	6.25e-005
1.660631e-006	0.000375
1.661131e-006	0.0013125
1.661631e-006	0.0013125
1.662131e-006	0.001625
1.662631e-006	0.001625
1.663131e-006	0.0006875
1.663631e-006	0.001
1.664131e-006	6.25e-005
1.664631e-006	-0.0005625
1.665131e-006	-0.0011875
1.665631e-006	-0.0011875
1.666131e-006	-0.0011875
1.666631e-006	-0.0024375
1.667131e-006	-0.0024375
1.667631e-006	-0.0024375
1.668131e-006	-0.0018125
1.668631e-006	-0.0005625
1.669131e-006	-0.0005625
1.669631e-006	6.25e-005
1.670131e-006	0.0006875
1.670631e-006	0.0013125
1.671131e-006	0.00225
1.671631e-006	0.001625
1.672131e-006	0.0019375
1.672631e-006	0.0013125
1.673131e-006	0.001
1.673631e-006	0.000375
1.674131e-006	-0.000875
1.674631e-006	-0.0011875
1.675131e-006	-0.0018125
1.675631e-006	-0.00275
1.676131e-006	-0.0024375
1.676631e-006	-0.0024375
1.677131e-006	-0.0018125
1.677631e-006	-0.002125
1.678131e-006	-0.0015
1.678631e-006	-0.00025
1.679131e-006	0.000375
1.679631e-006	0.0006875
1.680131e-006	0.001
1.680631e-006	0.0019375
1.681131e-006	0.0019375
1.681631e-006	0.001625
1.682131e-006	0.0019375
1.682631e-006	0.0006875
1.683131e-006	0.000375
1.683631e-006	0.000375
1.684131e-006	-0.000875
1.684631e-006	-0.0005625
1.685131e-006	-0.0018125
1.685631e-006	-0.0018125
1.686131e-006	-0.0024375
1.686631e-006	-0.0024375
1.687131e-006	-0.0015
1.687631e-006	-0.002125
1.688131e-006	-0.0015
1.688631e-006	-0.00025
1.689131e-006	6.25e-005
1.689631e-006	0.001625
1.690131e-006	0.0006875
1.690631e-006	0.001
1.691131e-006	0.001
1.691631e-006	0.0013125
1.692131e-006	0.0019375
1.692631e-006	0.0013125
1.693131e-006	0.0006875
1.693631e-006	-0.0005625
1.694131e-006	-0.000875
1.694631e-006	-0.000875
1.695131e-006	-0.0011875
1.695631e-006	-0.0018125
1.696131e-006	-0.002125
1.696631e-006	-0.0024375
1.697131e-006	-0.0011875
1.697631e-006	-0.0011875
1.698131e-006	6.25e-005
1.698631e-006	-0.0005625
1.699131e-006	0.000375
1.699631e-006	0.0013125
1.700131e-006	0.0013125
1.700631e-006	0.001625
1.701131e-006	0.001
1.701631e-006	0.000375
1.702131e-006	0.001
1.702631e-006	0.000375
1.703131e-006	0.0006875
1.703631e-006	-0.00025
1.704131e-006	-0.0015
1.704631e-006	-0.0005625
1.705131e-006	-0.0018125
1.705631e-006	-0.002125
1.706131e-006	-0.002125
1.706631e-006	-0.0011875
1.707131e-006	-0.0005625
1.707631e-006	-0.000875
1.708131e-006	-0.00025
1.708631e-006	0.000375
1.709131e-006	-0.0005625
1.709631e-006	0.0006875
1.710131e-006	0.001
1.710631e-006	0.0013125
1.711131e-006	0.001
1.711631e-006	0.0006875
1.712131e-006	6.25e-005
1.712631e-006	-0.00025
1.713131e-006	-0.00025
1.713631e-006	-0.0011875
1.714131e-006	-0.0011875
1.714631e-006	-0.000875
1.715131e-006	-0.000875
1.715631e-006	-0.000875
1.716131e-006	-0.0005625
1.716631e-006	-0.0005625
1.717131e-006	-0.0005625
1.717631e-006	-0.00025
1.718131e-006	0.000375
1.718631e-006	0.0006875
1.719131e-006	0.001
1.719631e-006	0.0006875
1.720131e-006	0.0006875
1.720631e-006	0.000375
1.721131e-006	0.000375
1.721631e-006	-0.0005625
1.722131e-006	-0.0005625
1.722631e-006	-0.0005625
1.723131e-006	-0.00025
1.723631e-006	-0.0015
1.724131e-006	-0.0015
1.724631e-006	-0.0005625
1.725131e-006	-0.00025
1.725631e-006	-0.0005625
1.726131e-006	-0.00025
1.726631e-006	-0.00025
1.727131e-006	6.25e-005
1.727631e-006	0.0006875
1.728131e-006	0.0006875
1.728631e-006	0.001
1.729131e-006	0.000375
1.729631e-006	6.25e-005
1.730131e-006	0.000375
1.730631e-006	6.25e-005
1.731131e-006	-0.000875
1.731631e-006	-0.0005625
1.732131e-006	-0.000875
1.732631e-006	-0.000875
1.733131e-006	-0.0011875
1.733631e-006	-0.0005625
1.734131e-006	-0.000875
1.734631e-006	6.25e-005
1.735131e-006	6.25e-005
1.735631e-006	-0.00025
1.736131e-006	6.25e-005
1.736631e-006	0.001
1.737131e-006	0.001625
1.737631e-006	0.001
1.738131e-006	0.000375
1.738631e-006	0.0006875
1.739131e-006	0.000375
1.739631e-006	6.25e-005
1.740131e-006	-0.00025
1.740631e-006	-0.000875
1.741131e-006	-0.0005625
1.741631e-006	-0.0011875
1.742131e-006	-0.000875
1.742631e-006	-0.0011875
1.743131e-006	-0.0015
1.743631e-006	-0.0011875
1.744131e-006	-0.0011875
1.744631e-006	-0.0005625
1.745131e-006	0.000375
1.745631e-006	0.0006875
1.746131e-006	0.0006875
1.746631e-006	0.0006875
1.747131e-006	0.001
1.747631e-006	0.000375
1.748131e-006	0.000375
1.748631e-006	0.001
1.749131e-006	6.25e-005
1.749631e-006	-0.00025
1.750131e-006	6.25e-005
1.750631e-006	-0.000875
1.751131e-006	-0.0005625
1.751631e-006	-0.0011875
1.752131e-006	-0.0011875
1.752631e-006	-0.000875
1.753131e-006	-0.0011875
1.753631e-006	-0.0011875
1.754131e-006	-0.000875
1.754631e-006	-0.0005625
1.755131e-006	-0.00025
1.755631e-006	0.000375
1.756131e-006	0.0006875
1.756631e-006	0.0006875
1.757131e-006	0.001
1.757631e-006	0.000375
1.758131e-006	6.25e-005
1.758631e-006	0.0006875
1.759131e-006	-0.0005625
1.759631e-006	-0.0005625
1.760131e-006	-0.00025
1.760631e-006	-0.000875
1.761131e-006	-0.0005625
1.761631e-006	-0.000875
1.762131e-006	-0.000875
1.762631e-006	-0.000875
1.763131e-006	-0.0005625
1.763631e-006	-0.0005625
1.764131e-006	-0.000875
1.764631e-006	-0.0005625
1.765131e-006	0.000375
1.765631e-006	0.000375
1.766131e-006	0.0006875
1.766631e-006	-0.00025
1.767131e-006	0.000375
1.767631e-006	6.25e-005
1.768131e-006	6.25e-005
1.768631e-006	-0.0011875
1.769131e-006	-0.000875
1.769631e-006	-0.00025
1.770131e-006	-0.000875
1.770631e-006	-0.0011875
1.771131e-006	-0.0005625
1.771631e-006	-0.00025
1.772131e-006	6.25e-005
1.772631e-006	6.25e-005
1.773131e-006	-0.00025
1.773631e-006	-0.00025
1.774131e-006	0.000375
1.774631e-006	0.001
1.775131e-006	0.000375
1.775631e-006	0.000375
1.776131e-006	0.000375
1.776631e-006	0.000375
1.777131e-006	-0.00025
1.777631e-006	-0.0005625
1.778131e-006	-0.0005625
1.778631e-006	-0.0005625
1.779131e-006	-0.0011875
1.779631e-006	-0.0015
1.780131e-006	-0.000875
1.780631e-006	-0.0011875
1.781131e-006	-0.0011875
1.781631e-006	6.25e-005
1.782131e-006	0.000375
1.782631e-006	-0.0005625
1.783131e-006	-0.00025
1.783631e-006	0.0006875
1.784131e-006	0.001625
1.784631e-006	0.0013125
1.785131e-006	0.0006875
1.785631e-006	0.000375
1.786131e-006	0.0006875
1.786631e-006	6.25e-005
1.787131e-006	-0.0005625
1.787631e-006	-0.00025
1.788131e-006	-0.0005625
