LECROYWS454	16215	Waveform
Segments	1	SegmentSize	4002
Segment	TrigTime	TimeSinceSegment1
#1	02-May-2024 19:08:36	0                 
Time	Ampl
-2.12229e-007	0.0006875
-2.11729e-007	6.25e-005
-2.11229e-007	0.001
-2.10729e-007	0.000375
-2.10229e-007	0.0006875
-2.09729e-007	0.001
-2.09229e-007	-0.0005625
-2.08729e-007	-0.0005625
-2.08229e-007	-0.00025
-2.07729e-007	0.000375
-2.07229e-007	-0.00025
-2.06729e-007	-0.000875
-2.06229e-007	6.25e-005
-2.05729e-007	0.000375
-2.05229e-007	0.000375
-2.04729e-007	-0.00025
-2.04229e-007	6.25e-005
-2.03729e-007	0.0006875
-2.03229e-007	-0.00025
-2.02729e-007	0.000375
-2.02229e-007	0.000375
-2.01729e-007	0.0006875
-2.01229e-007	0.0006875
-2.00729e-007	6.25e-005
-2.00229e-007	0.000375
-1.99729e-007	6.25e-005
-1.99229e-007	6.25e-005
-1.98729e-007	-0.0005625
-1.98229e-007	-0.0005625
-1.97729e-007	0.000375
-1.97229e-007	0.0006875
-1.96729e-007	-0.00025
-1.96229e-007	6.25e-005
-1.95729e-007	0.000375
-1.95229e-007	0.000375
-1.94729e-007	-0.00025
-1.94229e-007	-0.00025
-1.93729e-007	0.0006875
-1.93229e-007	0.000375
-1.92729e-007	6.25e-005
-1.92229e-007	-0.00025
-1.91729e-007	-0.0005625
-1.91229e-007	6.25e-005
-1.90729e-007	6.25e-005
-1.90229e-007	0.000375
-1.89729e-007	6.25e-005
-1.89229e-007	-0.00025
-1.88729e-007	0.000375
-1.88229e-007	0.0006875
-1.87729e-007	0.000375
-1.87229e-007	6.25e-005
-1.86729e-007	0.000375
-1.86229e-007	6.25e-005
-1.85729e-007	6.25e-005
-1.85229e-007	0.000375
-1.84729e-007	6.25e-005
-1.84229e-007	-0.0005625
-1.83729e-007	6.25e-005
-1.83229e-007	-0.0005625
-1.82729e-007	-0.00025
-1.82229e-007	6.25e-005
-1.81729e-007	-0.0005625
-1.81229e-007	-0.000875
-1.80729e-007	-0.000875
-1.80229e-007	6.25e-005
-1.79729e-007	0.0006875
-1.79229e-007	0.0013125
-1.78729e-007	0.0006875
-1.78229e-007	6.25e-005
-1.77729e-007	6.25e-005
-1.77229e-007	0.000375
-1.76729e-007	0.0006875
-1.76229e-007	0.001
-1.75729e-007	0.0006875
-1.75229e-007	0.0006875
-1.74729e-007	0.000375
-1.74229e-007	6.25e-005
-1.73729e-007	-0.00025
-1.73229e-007	6.25e-005
-1.72729e-007	-0.00025
-1.72229e-007	6.25e-005
-1.71729e-007	-0.0005625
-1.71229e-007	-0.000875
-1.70729e-007	-0.0005625
-1.70229e-007	6.25e-005
-1.69729e-007	-0.00025
-1.69229e-007	0.000375
-1.68729e-007	-0.00025
-1.68229e-007	6.25e-005
-1.67729e-007	0.0006875
-1.67229e-007	0.001
-1.66729e-007	0.001
-1.66229e-007	0.001
-1.65729e-007	0.001
-1.65229e-007	0.0006875
-1.64729e-007	0.0006875
-1.64229e-007	0.000375
-1.63729e-007	6.25e-005
-1.63229e-007	6.25e-005
-1.62729e-007	6.25e-005
-1.62229e-007	-0.0005625
-1.61729e-007	-0.00025
-1.61229e-007	-0.00025
-1.60729e-007	-0.00025
-1.60229e-007	-0.0011875
-1.59729e-007	-0.000875
-1.59229e-007	-0.0005625
-1.58729e-007	6.25e-005
-1.58229e-007	0.000375
-1.57729e-007	0.000375
-1.57229e-007	0.0006875
-1.56729e-007	0.001
-1.56229e-007	0.0006875
-1.55729e-007	6.25e-005
-1.55229e-007	0.0006875
-1.54729e-007	0.0006875
-1.54229e-007	6.25e-005
-1.53729e-007	6.25e-005
-1.53229e-007	6.25e-005
-1.52729e-007	6.25e-005
-1.52229e-007	6.25e-005
-1.51729e-007	-0.0005625
-1.51229e-007	6.25e-005
-1.50729e-007	-0.000875
-1.50229e-007	-0.0011875
-1.49729e-007	6.25e-005
-1.49229e-007	6.25e-005
-1.48729e-007	-0.00025
-1.48229e-007	-0.00025
-1.47729e-007	-0.00025
-1.47229e-007	0.001
-1.46729e-007	0.000375
-1.46229e-007	0.000375
-1.45729e-007	0.0006875
-1.45229e-007	6.25e-005
-1.44729e-007	-0.0005625
-1.44229e-007	-0.00025
-1.43729e-007	0.000375
-1.43229e-007	0.001
-1.42729e-007	0.000375
-1.42229e-007	6.25e-005
-1.41729e-007	6.25e-005
-1.41229e-007	6.25e-005
-1.40729e-007	-0.0005625
-1.40229e-007	-0.000875
-1.39729e-007	-0.00025
-1.39229e-007	-0.0005625
-1.38729e-007	0.000375
-1.38229e-007	-0.00025
-1.37729e-007	-0.00025
-1.37229e-007	6.25e-005
-1.36729e-007	-0.00025
-1.36229e-007	6.25e-005
-1.35729e-007	0.000375
-1.35229e-007	0.000375
-1.34729e-007	6.25e-005
-1.34229e-007	6.25e-005
-1.33729e-007	0.0006875
-1.33229e-007	0.0006875
-1.32729e-007	0.000375
-1.32229e-007	0.0006875
-1.31729e-007	6.25e-005
-1.31229e-007	6.25e-005
-1.30729e-007	6.25e-005
-1.30229e-007	-0.00025
-1.29729e-007	-0.0005625
-1.29229e-007	-0.0005625
-1.28729e-007	-0.0005625
-1.28229e-007	-0.0005625
-1.27729e-007	-0.00025
-1.27229e-007	6.25e-005
-1.26729e-007	-0.0011875
-1.26229e-007	-0.0005625
-1.25729e-007	6.25e-005
-1.25229e-007	0.0006875
-1.24729e-007	0.000375
-1.24229e-007	6.25e-005
-1.23729e-007	6.25e-005
-1.23229e-007	-0.00025
-1.22729e-007	6.25e-005
-1.22229e-007	0.0013125
-1.21729e-007	0.0006875
-1.21229e-007	6.25e-005
-1.20729e-007	-0.00025
-1.20229e-007	0.000375
-1.19729e-007	6.25e-005
-1.19229e-007	-0.00025
-1.18729e-007	6.25e-005
-1.18229e-007	-0.00025
-1.17729e-007	0.000375
-1.17229e-007	-0.00025
-1.16729e-007	-0.0005625
-1.16229e-007	-0.00025
-1.15729e-007	-0.00025
-1.15229e-007	-0.00025
-1.14729e-007	-0.0005625
-1.14229e-007	-0.000875
-1.13729e-007	6.25e-005
-1.13229e-007	6.25e-005
-1.12729e-007	6.25e-005
-1.12229e-007	0.000375
-1.11729e-007	0.000375
-1.11229e-007	0.000375
-1.10729e-007	6.25e-005
-1.10229e-007	6.25e-005
-1.09729e-007	0.0006875
-1.09229e-007	6.25e-005
-1.08729e-007	6.25e-005
-1.08229e-007	-0.00025
-1.07729e-007	-0.0005625
-1.07229e-007	6.25e-005
-1.06729e-007	-0.00025
-1.06229e-007	-0.0005625
-1.05729e-007	-0.000875
-1.05229e-007	6.25e-005
-1.04729e-007	-0.0005625
-1.04229e-007	-0.000875
-1.03729e-007	-0.0005625
-1.03229e-007	0.000375
-1.02729e-007	0.0006875
-1.02229e-007	0.0006875
-1.01729e-007	6.25e-005
-1.01229e-007	0.001
-1.00729e-007	0.0006875
-1.00229e-007	6.25e-005
-9.9729e-008	0.0006875
-9.9229e-008	0.000375
-9.8729e-008	0.000375
-9.8229e-008	6.25e-005
-9.7729e-008	-0.000875
-9.7229e-008	-0.000875
-9.6729e-008	6.25e-005
-9.6229e-008	-0.00025
-9.5729e-008	-0.0005625
-9.5229e-008	6.25e-005
-9.4729e-008	-0.00025
-9.4229e-008	-0.0011875
-9.3729e-008	-0.00025
-9.3229e-008	-0.00025
-9.2729e-008	6.25e-005
-9.2229e-008	0.000375
-9.1729e-008	0.000375
-9.1229e-008	0.0006875
-9.0729e-008	0.001
-9.0229e-008	0.001
-8.9729e-008	0.0006875
-8.9229e-008	6.25e-005
-8.8729e-008	0.000375
-8.8229e-008	6.25e-005
-8.7729e-008	-0.0005625
-8.7229e-008	-0.00025
-8.6729e-008	6.25e-005
-8.6229e-008	-0.00025
-8.5729e-008	-0.0005625
-8.5229e-008	-0.0005625
-8.4729e-008	-0.0005625
-8.4229e-008	-0.0005625
-8.3729e-008	-0.0005625
-8.3229e-008	-0.00025
-8.2729e-008	0.0006875
-8.2229e-008	0.0013125
-8.1729e-008	-0.00025
-8.1229e-008	6.25e-005
-8.0729e-008	0.0006875
-8.0229e-008	0.001
-7.9729e-008	0.001
-7.9229e-008	0.000375
-7.8729e-008	0.0006875
-7.8229e-008	0.0006875
-7.7729e-008	6.25e-005
-7.7229e-008	-0.0005625
-7.6729e-008	-0.000875
-7.6229e-008	-0.0005625
-7.5729e-008	-0.0011875
-7.5229e-008	-0.000875
-7.4729e-008	-0.000875
-7.4229e-008	-0.0005625
-7.3729e-008	-0.0005625
-7.3229e-008	-0.00025
-7.2729e-008	0.0006875
-7.2229e-008	6.25e-005
-7.1729e-008	0.0006875
-7.1229e-008	0.0013125
-7.0729e-008	0.0006875
-7.0229e-008	0.001
-6.9729e-008	0.001
-6.9229e-008	0.000375
-6.8729e-008	0.0006875
-6.8229e-008	0.000375
-6.7729e-008	-0.00025
-6.7229e-008	-0.0011875
-6.6729e-008	-0.0018125
-6.6229e-008	-0.0015
-6.5729e-008	-0.0011875
-6.5229e-008	-0.0005625
-6.4729e-008	-0.0005625
-6.4229e-008	-0.00025
-6.3729e-008	-0.00025
-6.3229e-008	-0.0005625
-6.2729e-008	6.25e-005
-6.2229e-008	0.0006875
-6.1729e-008	0.001
-6.1229e-008	0.0013125
-6.0729e-008	0.0013125
-6.0229e-008	0.001
-5.9729e-008	0.0006875
-5.9229e-008	6.25e-005
-5.8729e-008	0.000375
-5.8229e-008	0.001
-5.7729e-008	-0.0005625
-5.7229e-008	-0.0011875
-5.6729e-008	-0.000875
-5.6229e-008	-0.0011875
-5.5729e-008	-0.0015
-5.5229e-008	-0.0015
-5.4729e-008	-0.0015
-5.4229e-008	-0.000875
-5.3729e-008	-0.0005625
-5.3229e-008	0.000375
-5.2729e-008	0.0006875
-5.2229e-008	0.0006875
-5.1729e-008	0.001
-5.1229e-008	0.0013125
-5.0729e-008	0.0013125
-5.0229e-008	0.0006875
-4.9729e-008	0.000375
-4.9229e-008	0.000375
-4.8729e-008	6.25e-005
-4.8229e-008	-0.00025
-4.7729e-008	-0.000875
-4.7229e-008	-0.0011875
-4.6729e-008	-0.000875
-4.6229e-008	-0.0011875
-4.5729e-008	-0.0015
-4.5229e-008	-0.002125
-4.4729e-008	-0.0015
-4.4229e-008	-0.000875
-4.3729e-008	-0.00025
-4.3229e-008	0.0006875
-4.2729e-008	0.000375
-4.2229e-008	-0.0005625
-4.1729e-008	6.25e-005
-4.1229e-008	0.0013125
-4.0729e-008	0.001625
-4.0229e-008	0.0006875
-3.9729e-008	0.001
-3.9229e-008	0.000375
-3.8729e-008	6.25e-005
-3.8229e-008	6.25e-005
-3.7729e-008	-0.00025
-3.7229e-008	-0.0005625
-3.6729e-008	-0.0011875
-3.6229e-008	-0.000875
-3.5729e-008	-0.0011875
-3.5229e-008	-0.0015
-3.4729e-008	-0.0011875
-3.4229e-008	-0.0015
-3.3729e-008	-0.000875
-3.3229e-008	6.25e-005
-3.2729e-008	-0.00025
-3.2229e-008	0.0006875
-3.1729e-008	0.0006875
-3.1229e-008	0.001625
-3.0729e-008	0.0013125
-3.0229e-008	0.0013125
-2.9729e-008	0.001
-2.9229e-008	0.000375
-2.8729e-008	6.25e-005
-2.8229e-008	0.0006875
-2.7729e-008	-0.00025
-2.7229e-008	-0.0011875
-2.6729e-008	-0.0015
-2.6229e-008	-0.000875
-2.5729e-008	-0.0011875
-2.5229e-008	-0.000875
-2.4729e-008	-0.000875
-2.4229e-008	-0.000875
-2.3729e-008	-0.00025
-2.3229e-008	6.25e-005
-2.2729e-008	-0.0005625
-2.2229e-008	6.25e-005
-2.1729e-008	0.001
-2.1229e-008	0.0006875
-2.0729e-008	0.0013125
-2.0229e-008	0.0006875
-1.9729e-008	6.25e-005
-1.9229e-008	6.25e-005
-1.8729e-008	6.25e-005
-1.8229e-008	6.25e-005
-1.7729e-008	-0.00025
-1.7229e-008	-0.0005625
-1.6729e-008	6.25e-005
-1.6229e-008	-0.0005625
-1.5729e-008	-0.0005625
-1.5229e-008	-0.0005625
-1.4729e-008	-0.0015
-1.4229e-008	-0.000875
-1.3729e-008	0.000375
-1.3229e-008	0.0006875
-1.2729e-008	6.25e-005
-1.2229e-008	0.000375
-1.1729e-008	0.000375
-1.1229e-008	6.25e-005
-1.0729e-008	-0.00025
-1.0229e-008	6.25e-005
-9.729e-009	0.0006875
-9.229e-009	0.001
-8.729e-009	0.000375
-8.229e-009	-0.0005625
-7.729e-009	-0.0011875
-7.229e-009	-0.0015
-6.729e-009	-0.0024375
-6.229e-009	-0.003375
-5.729e-009	-0.004625
-5.229e-009	-0.005875
-4.729e-009	-0.0061875
-4.229e-009	-0.0065
-3.729e-009	-0.00775
-3.229e-009	-0.0080625
-2.729e-009	-0.009
-2.229e-009	-0.009
-1.729e-009	-0.0093125
-1.229e-009	-0.0105625
-7.29e-010	-0.0111875
-2.29e-010	-0.012125
2.71e-010	-0.0130625
7.71e-010	-0.014625
1.271e-009	-0.014625
1.771e-009	-0.014625
2.271e-009	-0.0143125
2.771e-009	-0.014
3.271e-009	-0.0136875
3.771e-009	-0.0136875
4.271e-009	-0.0143125
4.771e-009	-0.0155625
5.271e-009	-0.015875
5.771e-009	-0.015875
6.271e-009	-0.0161875
6.771e-009	-0.0161875
7.271e-009	-0.0161875
7.771e-009	-0.0161875
8.271e-009	-0.0161875
8.771e-009	-0.0168125
9.271e-009	-0.0165
9.771e-009	-0.0161875
1.0271e-008	-0.0165
1.0771e-008	-0.015875
1.1271e-008	-0.015875
1.1771e-008	-0.0155625
1.2271e-008	-0.015875
1.2771e-008	-0.0155625
1.3271e-008	-0.01525
1.3771e-008	-0.0149375
1.4271e-008	-0.0149375
1.4771e-008	-0.014625
1.5271e-008	-0.014625
1.5771e-008	-0.01525
1.6271e-008	-0.0161875
1.6771e-008	-0.015875
1.7271e-008	-0.0161875
1.7771e-008	-0.0165
1.8271e-008	-0.0168125
1.8771e-008	-0.0165
1.9271e-008	-0.0165
1.9771e-008	-0.0168125
2.0271e-008	-0.0174375
2.0771e-008	-0.017125
2.1271e-008	-0.0165
2.1771e-008	-0.0168125
2.2271e-008	-0.0161875
2.2771e-008	-0.0161875
2.3271e-008	-0.0161875
2.3771e-008	-0.0168125
2.4271e-008	-0.0161875
2.4771e-008	-0.0165
2.5271e-008	-0.0174375
2.5771e-008	-0.01775
2.6271e-008	-0.01775
2.6771e-008	-0.018375
2.7271e-008	-0.01775
2.7771e-008	-0.0180625
2.8271e-008	-0.0174375
2.8771e-008	-0.0174375
2.9271e-008	-0.01775
2.9771e-008	-0.01775
3.0271e-008	-0.0174375
3.0771e-008	-0.0174375
3.1271e-008	-0.018375
3.1771e-008	-0.018375
3.2271e-008	-0.017125
3.2771e-008	-0.0180625
3.3271e-008	-0.0180625
3.3771e-008	-0.0174375
3.4271e-008	-0.0180625
3.4771e-008	-0.0180625
3.5271e-008	-0.01775
3.5771e-008	-0.0180625
3.6271e-008	-0.018375
3.6771e-008	-0.0180625
3.7271e-008	-0.0174375
3.7771e-008	-0.0174375
3.8271e-008	-0.01775
3.8771e-008	-0.01775
3.9271e-008	-0.01775
3.9771e-008	-0.0174375
4.0271e-008	-0.017125
4.0771e-008	-0.0161875
4.1271e-008	-0.0161875
4.1771e-008	-0.0161875
4.2271e-008	-0.0165
4.2771e-008	-0.01775
4.3271e-008	-0.017125
4.3771e-008	-0.017125
4.4271e-008	-0.0174375
4.4771e-008	-0.01775
4.5271e-008	-0.0186875
4.5771e-008	-0.0186875
4.6271e-008	-0.0193125
4.6771e-008	-0.0186875
4.7271e-008	-0.0180625
4.7771e-008	-0.0180625
4.8271e-008	-0.0180625
4.8771e-008	-0.01775
4.9271e-008	-0.0165
4.9771e-008	-0.0168125
5.0271e-008	-0.017125
5.0771e-008	-0.0155625
5.1271e-008	-0.0161875
5.1771e-008	-0.0168125
5.2271e-008	-0.0161875
5.2771e-008	-0.0168125
5.3271e-008	-0.0174375
5.3771e-008	-0.0180625
5.4271e-008	-0.017125
5.4771e-008	-0.01775
5.5271e-008	-0.0186875
5.5771e-008	-0.0186875
5.6271e-008	-0.0186875
5.6771e-008	-0.0180625
5.7271e-008	-0.0180625
5.7771e-008	-0.0180625
5.8271e-008	-0.01775
5.8771e-008	-0.0174375
5.9271e-008	-0.0168125
5.9771e-008	-0.015875
6.0271e-008	-0.015875
6.0771e-008	-0.015875
6.1271e-008	-0.015875
6.1771e-008	-0.0155625
6.2271e-008	-0.0161875
6.2771e-008	-0.015875
6.3271e-008	-0.0165
6.3771e-008	-0.0168125
6.4271e-008	-0.0174375
6.4771e-008	-0.01775
6.5271e-008	-0.01775
6.5771e-008	-0.018375
6.6271e-008	-0.018375
6.6771e-008	-0.0180625
6.7271e-008	-0.0180625
6.7771e-008	-0.017125
6.8271e-008	-0.0174375
6.8771e-008	-0.017125
6.9271e-008	-0.0161875
6.9771e-008	-0.01525
7.0271e-008	-0.014625
7.0771e-008	-0.014625
7.1271e-008	-0.014625
7.1771e-008	-0.014625
7.2271e-008	-0.015875
7.2771e-008	-0.01525
7.3271e-008	-0.0149375
7.3771e-008	-0.0161875
7.4271e-008	-0.0165
7.4771e-008	-0.017125
7.5271e-008	-0.0174375
7.5771e-008	-0.0180625
7.6271e-008	-0.0180625
7.6771e-008	-0.0174375
7.7271e-008	-0.017125
7.7771e-008	-0.0174375
7.8271e-008	-0.0174375
7.8771e-008	-0.017125
7.9271e-008	-0.015875
7.9771e-008	-0.01525
8.0271e-008	-0.01525
8.0771e-008	-0.0149375
8.1271e-008	-0.014625
8.1771e-008	-0.0149375
8.2271e-008	-0.01525
8.2771e-008	-0.0155625
8.3271e-008	-0.015875
8.3771e-008	-0.015875
8.4271e-008	-0.0161875
8.4771e-008	-0.017125
8.5271e-008	-0.0174375
8.5771e-008	-0.0174375
8.6271e-008	-0.01775
8.6771e-008	-0.017125
8.7271e-008	-0.01775
8.7771e-008	-0.01775
8.8271e-008	-0.017125
8.8771e-008	-0.0165
8.9271e-008	-0.0165
8.9771e-008	-0.0155625
9.0271e-008	-0.0155625
9.0771e-008	-0.01525
9.1271e-008	-0.014625
9.1771e-008	-0.0149375
9.2271e-008	-0.0149375
9.2771e-008	-0.014625
9.3271e-008	-0.0155625
9.3771e-008	-0.015875
9.4271e-008	-0.0165
9.4771e-008	-0.0168125
9.5271e-008	-0.0165
9.5771e-008	-0.0174375
9.6271e-008	-0.01775
9.6771e-008	-0.0174375
9.7271e-008	-0.017125
9.7771e-008	-0.0165
9.8271e-008	-0.0165
9.8771e-008	-0.0155625
9.9271e-008	-0.0155625
9.9771e-008	-0.0155625
1.00271e-007	-0.0149375
1.00771e-007	-0.014
1.01271e-007	-0.0130625
1.01771e-007	-0.013375
1.02271e-007	-0.0143125
1.02771e-007	-0.0149375
1.03271e-007	-0.014
1.03771e-007	-0.0149375
1.04271e-007	-0.0161875
1.04771e-007	-0.0161875
1.05271e-007	-0.0161875
1.05771e-007	-0.0161875
1.06271e-007	-0.0165
1.06771e-007	-0.0161875
1.07271e-007	-0.0161875
1.07771e-007	-0.0155625
1.08271e-007	-0.0149375
1.08771e-007	-0.01525
1.09271e-007	-0.01525
1.09771e-007	-0.0143125
1.10271e-007	-0.014
1.10771e-007	-0.014
1.11271e-007	-0.0143125
1.11771e-007	-0.013375
1.12271e-007	-0.0130625
1.12771e-007	-0.0136875
1.13271e-007	-0.01525
1.13771e-007	-0.015875
1.14271e-007	-0.015875
1.14771e-007	-0.0155625
1.15271e-007	-0.0165
1.15771e-007	-0.0165
1.16271e-007	-0.0165
1.16771e-007	-0.0161875
1.17271e-007	-0.015875
1.17771e-007	-0.015875
1.18271e-007	-0.015875
1.18771e-007	-0.01525
1.19271e-007	-0.01525
1.19771e-007	-0.014625
1.20271e-007	-0.0143125
1.20771e-007	-0.0136875
1.21271e-007	-0.014
1.21771e-007	-0.0143125
1.22271e-007	-0.014
1.22771e-007	-0.0143125
1.23271e-007	-0.0149375
1.23771e-007	-0.01525
1.24271e-007	-0.01525
1.24771e-007	-0.0155625
1.25271e-007	-0.0161875
1.25771e-007	-0.0165
1.26271e-007	-0.015875
1.26771e-007	-0.015875
1.27271e-007	-0.0155625
1.27771e-007	-0.01525
1.28271e-007	-0.0155625
1.28771e-007	-0.015875
1.29271e-007	-0.01525
1.29771e-007	-0.014
1.30271e-007	-0.014
1.30771e-007	-0.013375
1.31271e-007	-0.013375
1.31771e-007	-0.0143125
1.32271e-007	-0.014
1.32771e-007	-0.0130625
1.33271e-007	-0.0136875
1.33771e-007	-0.014625
1.34271e-007	-0.0149375
1.34771e-007	-0.0149375
1.35271e-007	-0.0161875
1.35771e-007	-0.015875
1.36271e-007	-0.015875
1.36771e-007	-0.01525
1.37271e-007	-0.0149375
1.37771e-007	-0.01525
1.38271e-007	-0.0155625
1.38771e-007	-0.014625
1.39271e-007	-0.014625
1.39771e-007	-0.014
1.40271e-007	-0.013375
1.40771e-007	-0.0130625
1.41271e-007	-0.01275
1.41771e-007	-0.013375
1.42271e-007	-0.01275
1.42771e-007	-0.0130625
1.43271e-007	-0.014
1.43771e-007	-0.014
1.44271e-007	-0.013375
1.44771e-007	-0.014
1.45271e-007	-0.01525
1.45771e-007	-0.0155625
1.46271e-007	-0.0149375
1.46771e-007	-0.0149375
1.47271e-007	-0.01525
1.47771e-007	-0.0155625
1.48271e-007	-0.014625
1.48771e-007	-0.014
1.49271e-007	-0.014
1.49771e-007	-0.014
1.50271e-007	-0.0130625
1.50771e-007	-0.0130625
1.51271e-007	-0.0130625
1.51771e-007	-0.0130625
1.52271e-007	-0.0124375
1.52771e-007	-0.0130625
1.53271e-007	-0.0124375
1.53771e-007	-0.013375
1.54271e-007	-0.0136875
1.54771e-007	-0.013375
1.55271e-007	-0.0143125
1.55771e-007	-0.0149375
1.56271e-007	-0.0149375
1.56771e-007	-0.0149375
1.57271e-007	-0.01525
1.57771e-007	-0.0143125
1.58271e-007	-0.014625
1.58771e-007	-0.0143125
1.59271e-007	-0.0136875
1.59771e-007	-0.013375
1.60271e-007	-0.013375
1.60771e-007	-0.0130625
1.61271e-007	-0.0130625
1.61771e-007	-0.0124375
1.62271e-007	-0.012125
1.62771e-007	-0.0111875
1.63271e-007	-0.012125
1.63771e-007	-0.0130625
1.64271e-007	-0.013375
1.64771e-007	-0.013375
1.65271e-007	-0.0130625
1.65771e-007	-0.014625
1.66271e-007	-0.0155625
1.66771e-007	-0.0143125
1.67271e-007	-0.014
1.67771e-007	-0.0143125
1.68271e-007	-0.0143125
1.68771e-007	-0.0136875
1.69271e-007	-0.014
1.69771e-007	-0.0143125
1.70271e-007	-0.013375
1.70771e-007	-0.01275
1.71271e-007	-0.0124375
1.71771e-007	-0.012125
1.72271e-007	-0.012125
1.72771e-007	-0.0130625
1.73271e-007	-0.012125
1.73771e-007	-0.01275
1.74271e-007	-0.0130625
1.74771e-007	-0.0130625
1.75271e-007	-0.0136875
1.75771e-007	-0.014
1.76271e-007	-0.0136875
1.76771e-007	-0.014
1.77271e-007	-0.0136875
1.77771e-007	-0.014
1.78271e-007	-0.014
1.78771e-007	-0.014
1.79271e-007	-0.013375
1.79771e-007	-0.0130625
1.80271e-007	-0.0130625
1.80771e-007	-0.01275
1.81271e-007	-0.0124375
1.81771e-007	-0.012125
1.82271e-007	-0.0118125
1.82771e-007	-0.0124375
1.83271e-007	-0.0124375
1.83771e-007	-0.012125
1.84271e-007	-0.0124375
1.84771e-007	-0.01275
1.85271e-007	-0.0130625
1.85771e-007	-0.013375
1.86271e-007	-0.0130625
1.86771e-007	-0.0130625
1.87271e-007	-0.0130625
1.87771e-007	-0.0136875
1.88271e-007	-0.0143125
1.88771e-007	-0.014
1.89271e-007	-0.013375
1.89771e-007	-0.0130625
1.90271e-007	-0.0118125
1.90771e-007	-0.0118125
1.91271e-007	-0.0118125
1.91771e-007	-0.0124375
1.92271e-007	-0.012125
1.92771e-007	-0.0124375
1.93271e-007	-0.0118125
1.93771e-007	-0.01275
1.94271e-007	-0.0124375
1.94771e-007	-0.0124375
1.95271e-007	-0.013375
1.95771e-007	-0.013375
1.96271e-007	-0.0130625
1.96771e-007	-0.0136875
1.97271e-007	-0.013375
1.97771e-007	-0.0136875
1.98271e-007	-0.0136875
1.98771e-007	-0.013375
1.99271e-007	-0.01275
1.99771e-007	-0.0124375
2.00271e-007	-0.01275
2.00771e-007	-0.0124375
2.01271e-007	-0.0115
2.01771e-007	-0.0115
2.02271e-007	-0.0118125
2.02771e-007	-0.0118125
2.03271e-007	-0.0115
2.03771e-007	-0.0118125
2.04271e-007	-0.0124375
2.04771e-007	-0.0124375
2.05271e-007	-0.0124375
2.05771e-007	-0.0124375
2.06271e-007	-0.0130625
2.06771e-007	-0.013375
2.07271e-007	-0.0136875
2.07771e-007	-0.013375
2.08271e-007	-0.012125
2.08771e-007	-0.0124375
2.09271e-007	-0.01275
2.09771e-007	-0.0118125
2.10271e-007	-0.0115
2.10771e-007	-0.0118125
2.11271e-007	-0.0111875
2.11771e-007	-0.0115
2.12271e-007	-0.0115
2.12771e-007	-0.0111875
2.13271e-007	-0.0105625
2.13771e-007	-0.0118125
2.14271e-007	-0.012125
2.14771e-007	-0.0124375
2.15271e-007	-0.012125
2.15771e-007	-0.0124375
2.16271e-007	-0.01275
2.16771e-007	-0.0124375
2.17271e-007	-0.0124375
2.17771e-007	-0.01275
2.18271e-007	-0.0115
2.18771e-007	-0.012125
2.19271e-007	-0.012125
2.19771e-007	-0.0118125
2.20271e-007	-0.0111875
2.20771e-007	-0.0111875
2.21271e-007	-0.0111875
2.21771e-007	-0.0105625
2.22271e-007	-0.0105625
2.22771e-007	-0.0111875
2.23271e-007	-0.0115
2.23771e-007	-0.0124375
2.24271e-007	-0.0115
2.24771e-007	-0.0105625
2.25271e-007	-0.0111875
2.25771e-007	-0.0111875
2.26271e-007	-0.012125
2.26771e-007	-0.0130625
2.27271e-007	-0.0124375
2.27771e-007	-0.0118125
2.28271e-007	-0.0118125
2.28771e-007	-0.012125
2.29271e-007	-0.0118125
2.29771e-007	-0.0115
2.30271e-007	-0.0115
2.30771e-007	-0.010875
2.31271e-007	-0.010875
2.31771e-007	-0.0105625
2.32271e-007	-0.01025
2.32771e-007	-0.0105625
2.33271e-007	-0.0105625
2.33771e-007	-0.0115
2.34271e-007	-0.0111875
2.34771e-007	-0.0111875
2.35271e-007	-0.012125
2.35771e-007	-0.0115
2.36271e-007	-0.0115
2.36771e-007	-0.0115
2.37271e-007	-0.0115
2.37771e-007	-0.0124375
2.38271e-007	-0.0115
2.38771e-007	-0.0118125
2.39271e-007	-0.0111875
2.39771e-007	-0.0111875
2.40271e-007	-0.0111875
2.40771e-007	-0.0105625
2.41271e-007	-0.01025
2.41771e-007	-0.01025
2.42271e-007	-0.0099375
2.42771e-007	-0.0099375
2.43271e-007	-0.009625
2.43771e-007	-0.0111875
2.44271e-007	-0.010875
2.44771e-007	-0.010875
2.45271e-007	-0.0111875
2.45771e-007	-0.0115
2.46271e-007	-0.0111875
2.46771e-007	-0.010875
2.47271e-007	-0.0111875
2.47771e-007	-0.010875
2.48271e-007	-0.010875
2.48771e-007	-0.010875
2.49271e-007	-0.010875
2.49771e-007	-0.0105625
2.50271e-007	-0.0099375
2.50771e-007	-0.0093125
2.51271e-007	-0.01025
2.51771e-007	-0.0099375
2.52271e-007	-0.01025
2.52771e-007	-0.0099375
2.53271e-007	-0.01025
2.53771e-007	-0.0099375
2.54271e-007	-0.01025
2.54771e-007	-0.0105625
2.55271e-007	-0.0105625
2.55771e-007	-0.0105625
2.56271e-007	-0.010875
2.56771e-007	-0.0099375
2.57271e-007	-0.010875
2.57771e-007	-0.010875
2.58271e-007	-0.010875
2.58771e-007	-0.010875
2.59271e-007	-0.0105625
2.59771e-007	-0.0099375
2.60271e-007	-0.009625
2.60771e-007	-0.0099375
2.61271e-007	-0.0099375
2.61771e-007	-0.0099375
2.62271e-007	-0.0099375
2.62771e-007	-0.0099375
2.63271e-007	-0.0099375
2.63771e-007	-0.009625
2.64271e-007	-0.009625
2.64771e-007	-0.0099375
2.65271e-007	-0.0093125
2.65771e-007	-0.0099375
2.66271e-007	-0.01025
2.66771e-007	-0.009625
2.67271e-007	-0.0099375
2.67771e-007	-0.0099375
2.68271e-007	-0.0099375
2.68771e-007	-0.0099375
2.69271e-007	-0.0093125
2.69771e-007	-0.0099375
2.70271e-007	-0.0099375
2.70771e-007	-0.01025
2.71271e-007	-0.01025
2.71771e-007	-0.0099375
2.72271e-007	-0.009625
2.72771e-007	-0.0093125
2.73271e-007	-0.0105625
2.73771e-007	-0.0099375
2.74271e-007	-0.0093125
2.74771e-007	-0.009625
2.75271e-007	-0.0099375
2.75771e-007	-0.0105625
2.76271e-007	-0.0099375
2.76771e-007	-0.009
2.77271e-007	-0.009
2.77771e-007	-0.0093125
2.78271e-007	-0.0099375
2.78771e-007	-0.0086875
2.79271e-007	-0.0093125
2.79771e-007	-0.0093125
2.80271e-007	-0.009625
2.80771e-007	-0.0093125
2.81271e-007	-0.009625
2.81771e-007	-0.01025
2.82271e-007	-0.0105625
2.82771e-007	-0.0105625
2.83271e-007	-0.0105625
2.83771e-007	-0.0105625
2.84271e-007	-0.01025
2.84771e-007	-0.009625
2.85271e-007	-0.01025
2.85771e-007	-0.0099375
2.86271e-007	-0.009
2.86771e-007	-0.0093125
2.87271e-007	-0.009
2.87771e-007	-0.0086875
2.88271e-007	-0.0093125
2.88771e-007	-0.008375
2.89271e-007	-0.009
2.89771e-007	-0.0093125
2.90271e-007	-0.009
2.90771e-007	-0.0093125
2.91271e-007	-0.009625
2.91771e-007	-0.0105625
2.92271e-007	-0.0105625
2.92771e-007	-0.0099375
2.93271e-007	-0.01025
2.93771e-007	-0.01025
2.94271e-007	-0.0099375
2.94771e-007	-0.009
2.95271e-007	-0.009625
2.95771e-007	-0.0099375
2.96271e-007	-0.008375
2.96771e-007	-0.0080625
2.97271e-007	-0.0086875
2.97771e-007	-0.0080625
2.98271e-007	-0.0086875
2.98771e-007	-0.0093125
2.99271e-007	-0.009
2.99771e-007	-0.0074375
3.00271e-007	-0.009
3.00771e-007	-0.0093125
3.01271e-007	-0.009
3.01771e-007	-0.009625
3.02271e-007	-0.0093125
3.02771e-007	-0.009
3.03271e-007	-0.0099375
3.03771e-007	-0.0099375
3.04271e-007	-0.0099375
3.04771e-007	-0.009
3.05271e-007	-0.009
3.05771e-007	-0.009
3.06271e-007	-0.0086875
3.06771e-007	-0.0080625
3.07271e-007	-0.0080625
3.07771e-007	-0.0086875
3.08271e-007	-0.0086875
3.08771e-007	-0.00775
3.09271e-007	-0.0086875
3.09771e-007	-0.0080625
3.10271e-007	-0.009
3.10771e-007	-0.0093125
3.11271e-007	-0.0093125
3.11771e-007	-0.009625
3.12271e-007	-0.009
3.12771e-007	-0.0086875
3.13271e-007	-0.009
3.13771e-007	-0.0093125
3.14271e-007	-0.009625
3.14771e-007	-0.0086875
3.15271e-007	-0.009
3.15771e-007	-0.009
3.16271e-007	-0.0080625
3.16771e-007	-0.008375
3.17271e-007	-0.00775
3.17771e-007	-0.0086875
3.18271e-007	-0.0086875
3.18771e-007	-0.00775
3.19271e-007	-0.00775
3.19771e-007	-0.0080625
3.20271e-007	-0.0086875
3.20771e-007	-0.009
3.21271e-007	-0.0093125
3.21771e-007	-0.0093125
3.22271e-007	-0.0093125
3.22771e-007	-0.0086875
3.23271e-007	-0.009
3.23771e-007	-0.009
3.24271e-007	-0.009
3.24771e-007	-0.0080625
3.25271e-007	-0.008375
3.25771e-007	-0.0074375
3.26271e-007	-0.0080625
3.26771e-007	-0.00775
3.27271e-007	-0.00775
3.27771e-007	-0.008375
3.28271e-007	-0.0080625
3.28771e-007	-0.008375
3.29271e-007	-0.0086875
3.29771e-007	-0.0080625
3.30271e-007	-0.0086875
3.30771e-007	-0.009
3.31271e-007	-0.009
3.31771e-007	-0.0086875
3.32271e-007	-0.009
3.32771e-007	-0.0086875
3.33271e-007	-0.008375
3.33771e-007	-0.0086875
3.34271e-007	-0.0080625
3.34771e-007	-0.00775
3.35271e-007	-0.0086875
3.35771e-007	-0.0074375
3.36271e-007	-0.0074375
3.36771e-007	-0.0074375
3.37271e-007	-0.0074375
3.37771e-007	-0.00775
3.38271e-007	-0.00775
3.38771e-007	-0.0080625
3.39271e-007	-0.0086875
3.39771e-007	-0.009
3.40271e-007	-0.0086875
3.40771e-007	-0.0080625
3.41271e-007	-0.009
3.41771e-007	-0.0093125
3.42271e-007	-0.0086875
3.42771e-007	-0.008375
3.43271e-007	-0.008375
3.43771e-007	-0.0080625
3.44271e-007	-0.0074375
3.44771e-007	-0.0074375
3.45271e-007	-0.00775
3.45771e-007	-0.0074375
3.46271e-007	-0.0080625
3.46771e-007	-0.0074375
3.47271e-007	-0.0074375
3.47771e-007	-0.007125
3.48271e-007	-0.00775
3.48771e-007	-0.0080625
3.49271e-007	-0.0080625
3.49771e-007	-0.0080625
3.50271e-007	-0.0080625
3.50771e-007	-0.0080625
3.51271e-007	-0.009625
3.51771e-007	-0.0086875
3.52271e-007	-0.00775
3.52771e-007	-0.00775
3.53271e-007	-0.008375
3.53771e-007	-0.0080625
3.54271e-007	-0.0080625
3.54771e-007	-0.0074375
3.55271e-007	-0.0068125
3.55771e-007	-0.0074375
3.56271e-007	-0.0074375
3.56771e-007	-0.0065
3.57271e-007	-0.0074375
3.57771e-007	-0.00775
3.58271e-007	-0.0074375
3.58771e-007	-0.0074375
3.59271e-007	-0.0074375
3.59771e-007	-0.0074375
3.60271e-007	-0.00775
3.60771e-007	-0.008375
3.61271e-007	-0.009
3.61771e-007	-0.008375
3.62271e-007	-0.0080625
3.62771e-007	-0.008375
3.63271e-007	-0.0086875
3.63771e-007	-0.0080625
3.64271e-007	-0.007125
3.64771e-007	-0.007125
3.65271e-007	-0.00775
3.65771e-007	-0.0074375
3.66271e-007	-0.0068125
3.66771e-007	-0.0068125
3.67271e-007	-0.007125
3.67771e-007	-0.0065
3.68271e-007	-0.0074375
3.68771e-007	-0.0080625
3.69271e-007	-0.0074375
3.69771e-007	-0.0080625
3.70271e-007	-0.0086875
3.70771e-007	-0.0080625
3.71271e-007	-0.0074375
3.71771e-007	-0.00775
3.72271e-007	-0.008375
3.72771e-007	-0.007125
3.73271e-007	-0.0068125
3.73771e-007	-0.007125
3.74271e-007	-0.007125
3.74771e-007	-0.007125
3.75271e-007	-0.0068125
3.75771e-007	-0.0074375
3.76271e-007	-0.0068125
3.76771e-007	-0.0061875
3.77271e-007	-0.00775
3.77771e-007	-0.00775
3.78271e-007	-0.0074375
3.78771e-007	-0.0068125
3.79271e-007	-0.0074375
3.79771e-007	-0.00775
3.80271e-007	-0.007125
3.80771e-007	-0.00775
3.81271e-007	-0.00775
3.81771e-007	-0.0074375
3.82271e-007	-0.0074375
3.82771e-007	-0.0074375
3.83271e-007	-0.0074375
3.83771e-007	-0.007125
3.84271e-007	-0.0068125
3.84771e-007	-0.0068125
3.85271e-007	-0.0065
3.85771e-007	-0.0068125
3.86271e-007	-0.0065
3.86771e-007	-0.0068125
3.87271e-007	-0.007125
3.87771e-007	-0.0065
3.88271e-007	-0.007125
3.88771e-007	-0.007125
3.89271e-007	-0.0074375
3.89771e-007	-0.0074375
3.90271e-007	-0.0074375
3.90771e-007	-0.0074375
3.91271e-007	-0.0074375
3.91771e-007	-0.0074375
3.92271e-007	-0.007125
3.92771e-007	-0.007125
3.93271e-007	-0.0074375
3.93771e-007	-0.0061875
3.94271e-007	-0.0065
3.94771e-007	-0.0074375
3.95271e-007	-0.0068125
3.95771e-007	-0.0068125
3.96271e-007	-0.007125
3.96771e-007	-0.005875
3.97271e-007	-0.0061875
3.97771e-007	-0.0065
3.98271e-007	-0.007125
3.98771e-007	-0.007125
3.99271e-007	-0.007125
3.99771e-007	-0.0068125
4.00271e-007	-0.007125
4.00771e-007	-0.0074375
4.01271e-007	-0.007125
4.01771e-007	-0.0065
4.02271e-007	-0.007125
4.02771e-007	-0.0068125
4.03271e-007	-0.0074375
4.03771e-007	-0.0068125
4.04271e-007	-0.0065
4.04771e-007	-0.00775
4.05271e-007	-0.0068125
4.05771e-007	-0.0061875
4.06271e-007	-0.005875
4.06771e-007	-0.0055625
4.07271e-007	-0.0065
4.07771e-007	-0.0065
4.08271e-007	-0.0068125
4.08771e-007	-0.0061875
4.09271e-007	-0.0061875
4.09771e-007	-0.007125
4.10271e-007	-0.0068125
4.10771e-007	-0.0068125
4.11271e-007	-0.0074375
4.11771e-007	-0.007125
4.12271e-007	-0.0068125
4.12771e-007	-0.0061875
4.13271e-007	-0.0074375
4.13771e-007	-0.007125
4.14271e-007	-0.0065
4.14771e-007	-0.0068125
4.15271e-007	-0.0065
4.15771e-007	-0.005875
4.16271e-007	-0.00525
4.16771e-007	-0.0055625
4.17271e-007	-0.0061875
4.17771e-007	-0.005875
4.18271e-007	-0.0055625
4.18771e-007	-0.0061875
4.19271e-007	-0.0068125
4.19771e-007	-0.0068125
4.20271e-007	-0.0068125
4.20771e-007	-0.0068125
4.21271e-007	-0.0061875
4.21771e-007	-0.0068125
4.22271e-007	-0.0068125
4.22771e-007	-0.0065
4.23271e-007	-0.0074375
4.23771e-007	-0.007125
4.24271e-007	-0.0068125
4.24771e-007	-0.0061875
4.25271e-007	-0.0055625
4.25771e-007	-0.005875
4.26271e-007	-0.005875
4.26771e-007	-0.00525
4.27271e-007	-0.0049375
4.27771e-007	-0.0055625
4.28271e-007	-0.007125
4.28771e-007	-0.005875
4.29271e-007	-0.005875
4.29771e-007	-0.0061875
4.30271e-007	-0.0065
4.30771e-007	-0.0068125
4.31271e-007	-0.0074375
4.31771e-007	-0.0074375
4.32271e-007	-0.0068125
4.32771e-007	-0.0068125
4.33271e-007	-0.0074375
4.33771e-007	-0.0061875
4.34271e-007	-0.005875
4.34771e-007	-0.0061875
4.35271e-007	-0.0055625
4.35771e-007	-0.0055625
4.36271e-007	-0.00525
4.36771e-007	-0.0055625
4.37271e-007	-0.0055625
4.37771e-007	-0.00525
4.38271e-007	-0.0049375
4.38771e-007	-0.0055625
4.39271e-007	-0.00525
4.39771e-007	-0.0055625
4.40271e-007	-0.0061875
4.40771e-007	-0.0068125
4.41271e-007	-0.0068125
4.41771e-007	-0.0068125
4.42271e-007	-0.007125
4.42771e-007	-0.00775
4.43271e-007	-0.0074375
4.43771e-007	-0.0068125
4.44271e-007	-0.0068125
4.44771e-007	-0.0061875
4.45271e-007	-0.005875
4.45771e-007	-0.004625
4.46271e-007	-0.004625
4.46771e-007	-0.0049375
4.47271e-007	-0.004625
4.47771e-007	-0.0043125
4.48271e-007	-0.004
4.48771e-007	-0.004
4.49271e-007	-0.00525
4.49771e-007	-0.0055625
4.50271e-007	-0.0065
4.50771e-007	-0.0061875
4.51271e-007	-0.0068125
4.51771e-007	-0.007125
4.52271e-007	-0.007125
4.52771e-007	-0.00775
4.53271e-007	-0.0068125
4.53771e-007	-0.0061875
4.54271e-007	-0.0068125
4.54771e-007	-0.005875
4.55271e-007	-0.00525
4.55771e-007	-0.0049375
4.56271e-007	-0.004625
4.56771e-007	-0.004
4.57271e-007	-0.0030625
4.57771e-007	-0.0043125
4.58271e-007	-0.0043125
4.58771e-007	-0.0049375
4.59271e-007	-0.0049375
4.59771e-007	-0.00525
4.60271e-007	-0.0061875
4.60771e-007	-0.0065
4.61271e-007	-0.0065
4.61771e-007	-0.007125
4.62271e-007	-0.00775
4.62771e-007	-0.00775
4.63271e-007	-0.0068125
4.63771e-007	-0.0068125
4.64271e-007	-0.0061875
4.64771e-007	-0.00525
4.65271e-007	-0.00525
4.65771e-007	-0.004625
4.66271e-007	-0.0043125
4.66771e-007	-0.004
4.67271e-007	-0.0043125
4.67771e-007	-0.0043125
4.68271e-007	-0.0043125
4.68771e-007	-0.004625
4.69271e-007	-0.0049375
4.69771e-007	-0.00525
4.70271e-007	-0.0061875
4.70771e-007	-0.005875
4.71271e-007	-0.0068125
4.71771e-007	-0.007125
4.72271e-007	-0.007125
4.72771e-007	-0.0068125
4.73271e-007	-0.0061875
4.73771e-007	-0.005875
4.74271e-007	-0.0055625
4.74771e-007	-0.0055625
4.75271e-007	-0.004625
4.75771e-007	-0.004
4.76271e-007	-0.004625
4.76771e-007	-0.004
4.77271e-007	-0.004
4.77771e-007	-0.0049375
4.78271e-007	-0.0043125
4.78771e-007	-0.0049375
4.79271e-007	-0.0055625
4.79771e-007	-0.0061875
4.80271e-007	-0.005875
4.80771e-007	-0.0061875
4.81271e-007	-0.005875
4.81771e-007	-0.005875
4.82271e-007	-0.0068125
4.82771e-007	-0.0061875
4.83271e-007	-0.0055625
4.83771e-007	-0.00525
4.84271e-007	-0.0049375
4.84771e-007	-0.00525
4.85271e-007	-0.0043125
4.85771e-007	-0.0043125
4.86271e-007	-0.0043125
4.86771e-007	-0.0036875
4.87271e-007	-0.0043125
4.87771e-007	-0.0049375
4.88271e-007	-0.0049375
4.88771e-007	-0.0049375
4.89271e-007	-0.0055625
4.89771e-007	-0.0061875
4.90271e-007	-0.0055625
4.90771e-007	-0.005875
4.91271e-007	-0.0065
4.91771e-007	-0.0055625
4.92271e-007	-0.005875
4.92771e-007	-0.0055625
4.93271e-007	-0.0055625
4.93771e-007	-0.0049375
4.94271e-007	-0.0036875
4.94771e-007	-0.0030625
4.95271e-007	-0.0036875
4.95771e-007	-0.0043125
4.96271e-007	-0.003375
4.96771e-007	-0.0036875
4.97271e-007	-0.004
4.97771e-007	-0.004
4.98271e-007	-0.005875
4.98771e-007	-0.0065
4.99271e-007	-0.0061875
4.99771e-007	-0.005875
5.00271e-007	-0.0061875
5.00771e-007	-0.0068125
5.01271e-007	-0.0065
5.01771e-007	-0.005875
5.02271e-007	-0.0049375
5.02771e-007	-0.004625
5.03271e-007	-0.004625
5.03771e-007	-0.0036875
5.04271e-007	-0.0030625
5.04771e-007	-0.003375
5.05271e-007	-0.00275
5.05771e-007	-0.0043125
5.06271e-007	-0.0043125
5.06771e-007	-0.0043125
5.07271e-007	-0.004
5.07771e-007	-0.00525
5.08271e-007	-0.0065
5.08771e-007	-0.005875
5.09271e-007	-0.0068125
5.09771e-007	-0.00775
5.10271e-007	-0.0068125
5.10771e-007	-0.0068125
5.11271e-007	-0.005875
5.11771e-007	-0.0055625
5.12271e-007	-0.0049375
5.12771e-007	-0.0036875
5.13271e-007	-0.004
5.13771e-007	-0.0030625
5.14271e-007	-0.0024375
5.14771e-007	-0.0030625
5.15271e-007	-0.003375
5.15771e-007	-0.003375
5.16271e-007	-0.0036875
5.16771e-007	-0.0049375
5.17271e-007	-0.0049375
5.17771e-007	-0.00525
5.18271e-007	-0.0068125
5.18771e-007	-0.0065
5.19271e-007	-0.0065
5.19771e-007	-0.0061875
5.20271e-007	-0.0061875
5.20771e-007	-0.0061875
5.21271e-007	-0.005875
5.21771e-007	-0.005875
5.22271e-007	-0.0043125
5.22771e-007	-0.0030625
5.23271e-007	-0.004
5.23771e-007	-0.0036875
5.24271e-007	-0.003375
5.24771e-007	-0.00275
5.25271e-007	-0.0030625
5.25771e-007	-0.004
5.26271e-007	-0.003375
5.26771e-007	-0.004
5.27271e-007	-0.0043125
5.27771e-007	-0.0055625
5.28271e-007	-0.0061875
5.28771e-007	-0.005875
5.29271e-007	-0.0065
5.29771e-007	-0.0061875
5.30271e-007	-0.0065
5.30771e-007	-0.0068125
5.31271e-007	-0.00525
5.31771e-007	-0.004625
5.32271e-007	-0.0043125
5.32771e-007	-0.004
5.33271e-007	-0.0043125
5.33771e-007	-0.003375
5.34271e-007	-0.0036875
5.34771e-007	-0.00275
5.35271e-007	-0.00275
5.35771e-007	-0.0036875
5.36271e-007	-0.003375
5.36771e-007	-0.0049375
5.37271e-007	-0.004625
5.37771e-007	-0.0049375
5.38271e-007	-0.0055625
5.38771e-007	-0.0055625
5.39271e-007	-0.0061875
5.39771e-007	-0.0055625
5.40271e-007	-0.00525
5.40771e-007	-0.0055625
5.41271e-007	-0.00525
5.41771e-007	-0.0049375
5.42271e-007	-0.0030625
5.42771e-007	-0.003375
5.43271e-007	-0.0036875
5.43771e-007	-0.0030625
5.44271e-007	-0.003375
5.44771e-007	-0.00275
5.45271e-007	-0.003375
5.45771e-007	-0.004
5.46271e-007	-0.0036875
5.46771e-007	-0.004625
5.47271e-007	-0.004625
5.47771e-007	-0.00525
5.48271e-007	-0.0049375
5.48771e-007	-0.004625
5.49271e-007	-0.0055625
5.49771e-007	-0.0049375
5.50271e-007	-0.0055625
5.50771e-007	-0.0049375
5.51271e-007	-0.0036875
5.51771e-007	-0.0043125
5.52271e-007	-0.004
5.52771e-007	-0.004625
5.53271e-007	-0.0043125
5.53771e-007	-0.0036875
5.54271e-007	-0.0036875
5.54771e-007	-0.003375
5.55271e-007	-0.0043125
5.55771e-007	-0.0049375
5.56271e-007	-0.004
5.56771e-007	-0.004625
5.57271e-007	-0.0043125
5.57771e-007	-0.0055625
5.58271e-007	-0.0055625
5.58771e-007	-0.00525
5.59271e-007	-0.004625
5.59771e-007	-0.004
5.60271e-007	-0.004625
5.60771e-007	-0.0043125
5.61271e-007	-0.003375
5.61771e-007	-0.003375
5.62271e-007	-0.00275
5.62771e-007	-0.0036875
5.63271e-007	-0.004
5.63771e-007	-0.003375
5.64271e-007	-0.004625
5.64771e-007	-0.004
5.65271e-007	-0.004
5.65771e-007	-0.0036875
5.66271e-007	-0.004625
5.66771e-007	-0.00525
5.67271e-007	-0.0049375
5.67771e-007	-0.004625
5.68271e-007	-0.004625
5.68771e-007	-0.004
5.69271e-007	-0.0043125
5.69771e-007	-0.004
5.70271e-007	-0.0043125
5.70771e-007	-0.0036875
5.71271e-007	-0.0030625
5.71771e-007	-0.0036875
5.72271e-007	-0.003375
5.72771e-007	-0.0036875
5.73271e-007	-0.003375
5.73771e-007	-0.003375
5.74271e-007	-0.004
5.74771e-007	-0.0043125
5.75271e-007	-0.004625
5.75771e-007	-0.004625
5.76271e-007	-0.0049375
5.76771e-007	-0.004625
5.77271e-007	-0.0036875
5.77771e-007	-0.0043125
5.78271e-007	-0.0043125
5.78771e-007	-0.0043125
5.79271e-007	-0.0036875
5.79771e-007	-0.003375
5.80271e-007	-0.004
5.80771e-007	-0.0043125
5.81271e-007	-0.0030625
5.81771e-007	-0.003375
5.82271e-007	-0.003375
5.82771e-007	-0.004
5.83271e-007	-0.0036875
5.83771e-007	-0.004
5.84271e-007	-0.0043125
5.84771e-007	-0.0036875
5.85271e-007	-0.004
5.85771e-007	-0.0043125
5.86271e-007	-0.004625
5.86771e-007	-0.0043125
5.87271e-007	-0.004
5.87771e-007	-0.0043125
5.88271e-007	-0.0043125
5.88771e-007	-0.0036875
5.89271e-007	-0.0036875
5.89771e-007	-0.0030625
5.90271e-007	-0.00275
5.90771e-007	-0.0030625
5.91271e-007	-0.004625
5.91771e-007	-0.004625
5.92271e-007	-0.004625
5.92771e-007	-0.004
5.93271e-007	-0.0036875
5.93771e-007	-0.0030625
5.94271e-007	-0.003375
5.94771e-007	-0.003375
5.95271e-007	-0.0036875
5.95771e-007	-0.0036875
5.96271e-007	-0.0030625
5.96771e-007	-0.003375
5.97271e-007	-0.0036875
5.97771e-007	-0.003375
5.98271e-007	-0.0030625
5.98771e-007	-0.0036875
5.99271e-007	-0.0049375
5.99771e-007	-0.0043125
6.00271e-007	-0.0036875
6.00771e-007	-0.004625
6.01271e-007	-0.004625
6.01771e-007	-0.004625
6.02271e-007	-0.004625
6.02771e-007	-0.004
6.03271e-007	-0.0036875
6.03771e-007	-0.0036875
6.04271e-007	-0.004
6.04771e-007	-0.0030625
6.05271e-007	-0.0030625
6.05771e-007	-0.0036875
6.06271e-007	-0.00275
6.06771e-007	-0.0030625
6.07271e-007	-0.00275
6.07771e-007	-0.0030625
6.08271e-007	-0.0030625
6.08771e-007	-0.0030625
6.09271e-007	-0.0030625
6.09771e-007	-0.004
6.10271e-007	-0.004625
6.10771e-007	-0.0055625
6.11271e-007	-0.0049375
6.11771e-007	-0.0049375
6.12271e-007	-0.0049375
6.12771e-007	-0.004625
6.13271e-007	-0.004625
6.13771e-007	-0.0036875
6.14271e-007	-0.003375
6.14771e-007	-0.00275
6.15271e-007	-0.0024375
6.15771e-007	-0.002125
6.16271e-007	-0.002125
6.16771e-007	-0.0024375
6.17271e-007	-0.0024375
6.17771e-007	-0.0018125
6.18271e-007	-0.0024375
6.18771e-007	-0.0030625
6.19271e-007	-0.0043125
6.19771e-007	-0.0036875
6.20271e-007	-0.0036875
6.20771e-007	-0.0049375
6.21271e-007	-0.0061875
6.21771e-007	-0.0055625
6.22271e-007	-0.004625
6.22771e-007	-0.0043125
6.23271e-007	-0.004
6.23771e-007	-0.0036875
6.24271e-007	-0.003375
6.24771e-007	-0.00275
6.25271e-007	-0.002125
6.25771e-007	-0.0018125
6.26271e-007	-0.0011875
6.26771e-007	-0.0015
6.27271e-007	-0.0015
6.27771e-007	-0.0024375
6.28271e-007	-0.0024375
6.28771e-007	-0.003375
6.29271e-007	-0.0036875
6.29771e-007	-0.0043125
6.30271e-007	-0.0055625
6.30771e-007	-0.0055625
6.31271e-007	-0.00525
6.31771e-007	-0.00525
6.32271e-007	-0.0049375
6.32771e-007	-0.00525
6.33271e-007	-0.0036875
6.33771e-007	-0.0030625
6.34271e-007	-0.003375
6.34771e-007	-0.002125
6.35271e-007	-0.0024375
6.35771e-007	-0.0018125
6.36271e-007	-0.0005625
6.36771e-007	-0.0011875
6.37271e-007	-0.0011875
6.37771e-007	-0.002125
6.38271e-007	-0.003375
6.38771e-007	-0.003375
6.39271e-007	-0.004
6.39771e-007	-0.0036875
6.40271e-007	-0.0049375
6.40771e-007	-0.0055625
6.41271e-007	-0.0061875
6.41771e-007	-0.0055625
6.42271e-007	-0.0049375
6.42771e-007	-0.0055625
6.43271e-007	-0.0036875
6.43771e-007	-0.00275
6.44271e-007	-0.0024375
6.44771e-007	-0.0024375
6.45271e-007	-0.0015
6.45771e-007	-0.000875
6.46271e-007	-0.0015
6.46771e-007	-0.0015
6.47271e-007	-0.0015
6.47771e-007	-0.0024375
6.48271e-007	-0.00275
6.48771e-007	-0.0030625
6.49271e-007	-0.0036875
6.49771e-007	-0.004625
6.50271e-007	-0.0055625
6.50771e-007	-0.00525
6.51271e-007	-0.0049375
6.51771e-007	-0.0043125
6.52271e-007	-0.004
6.52771e-007	-0.0043125
6.53271e-007	-0.0030625
6.53771e-007	-0.003375
6.54271e-007	-0.0024375
6.54771e-007	-0.0018125
6.55271e-007	-0.0015
6.55771e-007	-0.0015
6.56271e-007	-0.0024375
6.56771e-007	-0.0018125
6.57271e-007	-0.0024375
6.57771e-007	-0.003375
6.58271e-007	-0.003375
6.58771e-007	-0.004
6.59271e-007	-0.004625
6.59771e-007	-0.0049375
6.60271e-007	-0.0049375
6.60771e-007	-0.004625
6.61271e-007	-0.0049375
6.61771e-007	-0.0049375
6.62271e-007	-0.004
6.62771e-007	-0.004
6.63271e-007	-0.0030625
6.63771e-007	-0.002125
6.64271e-007	-0.00275
6.64771e-007	-0.0024375
6.65271e-007	-0.002125
6.65771e-007	-0.0011875
6.66271e-007	-0.0024375
6.66771e-007	-0.0024375
6.67271e-007	-0.0024375
6.67771e-007	-0.003375
6.68271e-007	-0.0036875
6.68771e-007	-0.004625
6.69271e-007	-0.0049375
6.69771e-007	-0.004625
6.70271e-007	-0.0043125
6.70771e-007	-0.004625
6.71271e-007	-0.0049375
6.71771e-007	-0.0043125
6.72271e-007	-0.003375
6.72771e-007	-0.0036875
6.73271e-007	-0.0024375
6.73771e-007	-0.0024375
6.74271e-007	-0.002125
6.74771e-007	-0.002125
6.75271e-007	-0.00275
6.75771e-007	-0.002125
6.76271e-007	-0.00275
6.76771e-007	-0.0024375
6.77271e-007	-0.00275
6.77771e-007	-0.0036875
6.78271e-007	-0.003375
6.78771e-007	-0.0043125
6.79271e-007	-0.0043125
6.79771e-007	-0.0043125
6.80271e-007	-0.004625
6.80771e-007	-0.004
6.81271e-007	-0.003375
6.81771e-007	-0.00275
6.82271e-007	-0.00275
6.82771e-007	-0.0030625
6.83271e-007	-0.0024375
6.83771e-007	-0.0024375
6.84271e-007	-0.002125
6.84771e-007	-0.0015
6.85271e-007	-0.0024375
6.85771e-007	-0.0024375
6.86271e-007	-0.0024375
6.86771e-007	-0.0030625
6.87271e-007	-0.003375
6.87771e-007	-0.0030625
6.88271e-007	-0.0030625
6.88771e-007	-0.0036875
6.89271e-007	-0.0036875
6.89771e-007	-0.0043125
6.90271e-007	-0.0043125
6.90771e-007	-0.0036875
6.91271e-007	-0.003375
6.91771e-007	-0.003375
6.92271e-007	-0.0030625
6.92771e-007	-0.0030625
6.93271e-007	-0.002125
6.93771e-007	-0.0018125
6.94271e-007	-0.00275
6.94771e-007	-0.0024375
6.95271e-007	-0.00275
6.95771e-007	-0.0030625
6.96271e-007	-0.0024375
6.96771e-007	-0.0024375
6.97271e-007	-0.0030625
6.97771e-007	-0.0043125
6.98271e-007	-0.003375
6.98771e-007	-0.00275
6.99271e-007	-0.0030625
6.99771e-007	-0.003375
7.00271e-007	-0.00275
7.00771e-007	-0.003375
7.01271e-007	-0.0030625
7.01771e-007	-0.0030625
7.02271e-007	-0.00275
7.02771e-007	-0.00275
7.03271e-007	-0.002125
7.03771e-007	-0.0024375
7.04271e-007	-0.0030625
7.04771e-007	-0.003375
7.05271e-007	-0.00275
7.05771e-007	-0.002125
7.06271e-007	-0.0036875
7.06771e-007	-0.003375
7.07271e-007	-0.00275
7.07771e-007	-0.0030625
7.08271e-007	-0.00275
7.08771e-007	-0.0030625
7.09271e-007	-0.0030625
7.09771e-007	-0.00275
7.10271e-007	-0.00275
7.10771e-007	-0.00275
7.11271e-007	-0.00275
7.11771e-007	-0.0024375
7.12271e-007	-0.0024375
7.12771e-007	-0.0030625
7.13271e-007	-0.0030625
7.13771e-007	-0.0030625
7.14271e-007	-0.00275
7.14771e-007	-0.0030625
7.15271e-007	-0.0030625
7.15771e-007	-0.0030625
7.16271e-007	-0.0030625
7.16771e-007	-0.00275
7.17271e-007	-0.00275
7.17771e-007	-0.0024375
7.18271e-007	-0.00275
7.18771e-007	-0.00275
7.19271e-007	-0.0024375
7.19771e-007	-0.00275
7.20271e-007	-0.00275
7.20771e-007	-0.0024375
7.21271e-007	-0.0024375
7.21771e-007	-0.00275
7.22271e-007	-0.0036875
7.22771e-007	-0.003375
7.23271e-007	-0.00275
7.23771e-007	-0.0030625
7.24271e-007	-0.0030625
7.24771e-007	-0.003375
7.25271e-007	-0.00275
7.25771e-007	-0.0030625
7.26271e-007	-0.00275
7.26771e-007	-0.0030625
7.27271e-007	-0.0030625
7.27771e-007	-0.0018125
7.28271e-007	-0.002125
7.28771e-007	-0.002125
7.29271e-007	-0.0018125
7.29771e-007	-0.0024375
7.30271e-007	-0.0030625
7.30771e-007	-0.0030625
7.31271e-007	-0.0024375
7.31771e-007	-0.00275
7.32271e-007	-0.0030625
7.32771e-007	-0.0030625
7.33271e-007	-0.003375
7.33771e-007	-0.0030625
7.34271e-007	-0.003375
7.34771e-007	-0.003375
7.35271e-007	-0.00275
7.35771e-007	-0.0030625
7.36271e-007	-0.003375
7.36771e-007	-0.0030625
7.37271e-007	-0.00275
7.37771e-007	-0.0018125
7.38271e-007	-0.0018125
7.38771e-007	-0.0015
7.39271e-007	-0.0018125
7.39771e-007	-0.002125
7.40271e-007	-0.0015
7.40771e-007	-0.0024375
7.41271e-007	-0.0030625
7.41771e-007	-0.0030625
7.42271e-007	-0.00275
7.42771e-007	-0.00275
7.43271e-007	-0.0030625
7.43771e-007	-0.0030625
7.44271e-007	-0.0030625
7.44771e-007	-0.0030625
7.45271e-007	-0.00275
7.45771e-007	-0.003375
7.46271e-007	-0.0018125
7.46771e-007	-0.002125
7.47271e-007	-0.002125
7.47771e-007	-0.0015
7.48271e-007	-0.002125
7.48771e-007	-0.002125
7.49271e-007	-0.002125
7.49771e-007	-0.0018125
7.50271e-007	-0.0015
7.50771e-007	-0.0024375
7.51271e-007	-0.00275
7.51771e-007	-0.0030625
7.52271e-007	-0.0030625
7.52771e-007	-0.0030625
7.53271e-007	-0.003375
7.53771e-007	-0.003375
7.54271e-007	-0.0030625
7.54771e-007	-0.00275
7.55271e-007	-0.0024375
7.55771e-007	-0.0024375
7.56271e-007	-0.0015
7.56771e-007	-0.000875
7.57271e-007	-0.0011875
7.57771e-007	-0.0011875
7.58271e-007	-0.0018125
7.58771e-007	-0.0015
7.59271e-007	-0.0015
7.59771e-007	-0.0018125
7.60271e-007	-0.00275
7.60771e-007	-0.0024375
7.61271e-007	-0.00275
7.61771e-007	-0.0030625
7.62271e-007	-0.0030625
7.62771e-007	-0.0036875
7.63271e-007	-0.003375
7.63771e-007	-0.00275
7.64271e-007	-0.00275
7.64771e-007	-0.00275
7.65271e-007	-0.00275
7.65771e-007	-0.0018125
7.66271e-007	-0.0011875
7.66771e-007	-0.0018125
7.67271e-007	-0.0018125
7.67771e-007	-0.0011875
7.68271e-007	-0.000875
7.68771e-007	-0.0018125
7.69271e-007	-0.002125
7.69771e-007	-0.002125
7.70271e-007	-0.002125
7.70771e-007	-0.00275
7.71271e-007	-0.0024375
7.71771e-007	-0.0030625
7.72271e-007	-0.003375
7.72771e-007	-0.003375
7.73271e-007	-0.0030625
7.73771e-007	-0.0030625
7.74271e-007	-0.0030625
7.74771e-007	-0.0030625
7.75271e-007	-0.0024375
7.75771e-007	-0.0018125
7.76271e-007	-0.000875
7.76771e-007	-0.000875
7.77271e-007	-0.0015
7.77771e-007	-0.0011875
7.78271e-007	-0.0015
7.78771e-007	-0.0011875
7.79271e-007	-0.002125
7.79771e-007	-0.0024375
7.80271e-007	-0.00275
7.80771e-007	-0.0024375
7.81271e-007	-0.003375
7.81771e-007	-0.0036875
7.82271e-007	-0.003375
7.82771e-007	-0.003375
7.83271e-007	-0.0030625
7.83771e-007	-0.0030625
7.84271e-007	-0.0030625
7.84771e-007	-0.0024375
7.85271e-007	-0.002125
7.85771e-007	-0.0015
7.86271e-007	-0.000875
7.86771e-007	-0.00025
7.87271e-007	-0.000875
7.87771e-007	-0.0011875
7.88271e-007	-0.000875
7.88771e-007	-0.0018125
7.89271e-007	-0.002125
7.89771e-007	-0.0018125
7.90271e-007	-0.002125
7.90771e-007	-0.0024375
7.91271e-007	-0.0024375
7.91771e-007	-0.003375
7.92271e-007	-0.0036875
7.92771e-007	-0.004
7.93271e-007	-0.0030625
7.93771e-007	-0.0024375
7.94271e-007	-0.00275
7.94771e-007	-0.0024375
7.95271e-007	-0.0015
7.95771e-007	-0.0005625
7.96271e-007	-0.0011875
7.96771e-007	-0.0011875
7.97271e-007	-0.0015
7.97771e-007	-0.0011875
7.98271e-007	-0.000875
7.98771e-007	-0.0011875
7.99271e-007	-0.0015
7.99771e-007	-0.0015
8.00271e-007	-0.0018125
8.00771e-007	-0.00275
8.01271e-007	-0.00275
8.01771e-007	-0.0024375
8.02271e-007	-0.0030625
8.02771e-007	-0.003375
8.03271e-007	-0.002125
8.03771e-007	-0.0024375
8.04271e-007	-0.00275
8.04771e-007	-0.00275
8.05271e-007	-0.00275
8.05771e-007	-0.0018125
8.06271e-007	-0.0018125
8.06771e-007	-0.0005625
8.07271e-007	-0.000875
8.07771e-007	-0.0011875
8.08271e-007	-0.0015
8.08771e-007	-0.0015
8.09271e-007	-0.0015
8.09771e-007	-0.0011875
8.10271e-007	-0.002125
8.10771e-007	-0.0018125
8.11271e-007	-0.00275
8.11771e-007	-0.00275
8.12271e-007	-0.0024375
8.12771e-007	-0.00275
8.13271e-007	-0.002125
8.13771e-007	-0.0024375
8.14271e-007	-0.00275
8.14771e-007	-0.002125
8.15271e-007	-0.002125
8.15771e-007	-0.0015
8.16271e-007	-0.0011875
8.16771e-007	-0.0011875
8.17271e-007	-0.002125
8.17771e-007	-0.0011875
8.18271e-007	-0.0011875
8.18771e-007	-0.002125
8.19271e-007	-0.002125
8.19771e-007	-0.0018125
8.20271e-007	-0.002125
8.20771e-007	-0.002125
8.21271e-007	-0.0024375
8.21771e-007	-0.0024375
8.22271e-007	-0.002125
8.22771e-007	-0.00275
8.23271e-007	-0.0024375
8.23771e-007	-0.0024375
8.24271e-007	-0.002125
8.24771e-007	-0.0024375
8.25271e-007	-0.0024375
8.25771e-007	-0.0015
8.26271e-007	-0.002125
8.26771e-007	-0.0024375
8.27271e-007	-0.0018125
8.27771e-007	-0.0018125
8.28271e-007	-0.002125
8.28771e-007	-0.0018125
8.29271e-007	-0.0018125
8.29771e-007	-0.00275
8.30271e-007	-0.0030625
8.30771e-007	-0.0018125
8.31271e-007	-0.0015
8.31771e-007	-0.0015
8.32271e-007	-0.0024375
8.32771e-007	-0.002125
8.33271e-007	-0.0018125
8.33771e-007	-0.0018125
8.34271e-007	-0.002125
8.34771e-007	-0.0018125
8.35271e-007	-0.002125
8.35771e-007	-0.000875
8.36271e-007	-0.0011875
8.36771e-007	-0.0015
8.37271e-007	-0.0018125
8.37771e-007	-0.0015
8.38271e-007	-0.0018125
8.38771e-007	-0.002125
8.39271e-007	-0.002125
8.39771e-007	-0.002125
8.40271e-007	-0.002125
8.40771e-007	-0.0015
8.41271e-007	-0.0018125
8.41771e-007	-0.002125
8.42271e-007	-0.0024375
8.42771e-007	-0.0018125
8.43271e-007	-0.000875
8.43771e-007	-0.000875
8.44271e-007	-0.0018125
8.44771e-007	-0.0018125
8.45271e-007	-0.0018125
8.45771e-007	-0.0011875
8.46271e-007	-0.0011875
8.46771e-007	-0.0018125
8.47271e-007	-0.0018125
8.47771e-007	-0.0018125
8.48271e-007	-0.002125
8.48771e-007	-0.0024375
8.49271e-007	-0.0024375
8.49771e-007	-0.002125
8.50271e-007	-0.0024375
8.50771e-007	-0.0024375
8.51271e-007	-0.002125
8.51771e-007	-0.0018125
8.52271e-007	-0.0018125
8.52771e-007	-0.0018125
8.53271e-007	-0.0011875
8.53771e-007	-0.0011875
8.54271e-007	-0.0018125
8.54771e-007	-0.0015
8.55271e-007	-0.0018125
8.55771e-007	-0.0011875
8.56271e-007	-0.000875
8.56771e-007	-0.000875
8.57271e-007	-0.002125
8.57771e-007	-0.0018125
8.58271e-007	-0.002125
8.58771e-007	-0.0024375
8.59271e-007	-0.0030625
8.59771e-007	-0.002125
8.60271e-007	-0.0018125
8.60771e-007	-0.002125
8.61271e-007	-0.0024375
8.61771e-007	-0.0018125
8.62271e-007	-0.0018125
8.62771e-007	-0.0011875
8.63271e-007	-0.0005625
8.63771e-007	-0.000875
8.64271e-007	-0.0011875
8.64771e-007	-0.000875
8.65271e-007	-0.0011875
8.65771e-007	-0.0015
8.66271e-007	-0.0018125
8.66771e-007	-0.0011875
8.67271e-007	-0.000875
8.67771e-007	-0.0015
8.68271e-007	-0.0015
8.68771e-007	-0.002125
8.69271e-007	-0.0018125
8.69771e-007	-0.0018125
8.70271e-007	-0.002125
8.70771e-007	-0.0024375
8.71271e-007	-0.0024375
8.71771e-007	-0.0018125
8.72271e-007	-0.0015
8.72771e-007	-0.000875
8.73271e-007	-0.0011875
8.73771e-007	-0.0018125
8.74271e-007	-0.0015
8.74771e-007	-0.0011875
8.75271e-007	-0.0015
8.75771e-007	-0.0015
8.76271e-007	-0.002125
8.76771e-007	-0.0015
8.77271e-007	-0.0018125
8.77771e-007	-0.0018125
8.78271e-007	-0.0015
8.78771e-007	-0.0018125
8.79271e-007	-0.0018125
8.79771e-007	-0.0018125
8.80271e-007	-0.002125
8.80771e-007	-0.0015
8.81271e-007	-0.0015
8.81771e-007	-0.0011875
8.82271e-007	-0.0018125
8.82771e-007	-0.0015
8.83271e-007	-0.0011875
8.83771e-007	-0.0018125
8.84271e-007	-0.0015
8.84771e-007	-0.0018125
8.85271e-007	-0.0024375
8.85771e-007	-0.0018125
8.86271e-007	-0.002125
8.86771e-007	-0.0018125
8.87271e-007	-0.002125
8.87771e-007	-0.0011875
8.88271e-007	-0.0015
8.88771e-007	-0.0024375
8.89271e-007	-0.0018125
8.89771e-007	-0.0015
8.90271e-007	-0.0011875
8.90771e-007	-0.0015
8.91271e-007	-0.0018125
8.91771e-007	-0.000875
8.92271e-007	-0.0011875
8.92771e-007	-0.0018125
8.93271e-007	-0.0011875
8.93771e-007	-0.0011875
8.94271e-007	-0.0018125
8.94771e-007	-0.0024375
8.95271e-007	-0.002125
8.95771e-007	-0.0024375
8.96271e-007	-0.00275
8.96771e-007	-0.0024375
8.97271e-007	-0.0018125
8.97771e-007	-0.002125
8.98271e-007	-0.0024375
8.98771e-007	-0.0011875
8.99271e-007	-0.000875
8.99771e-007	-0.00025
9.00271e-007	-0.000875
9.00771e-007	-0.000875
9.01271e-007	-0.0005625
9.01771e-007	6.25e-005
9.02271e-007	-0.0005625
9.02771e-007	-0.0005625
9.03271e-007	-0.0005625
9.03771e-007	-0.000875
9.04271e-007	-0.002125
9.04771e-007	-0.0018125
9.05271e-007	-0.0024375
9.05771e-007	-0.0030625
9.06271e-007	-0.003375
9.06771e-007	-0.003375
9.07271e-007	-0.0030625
9.07771e-007	-0.002125
9.08271e-007	-0.0018125
9.08771e-007	-0.0005625
9.09271e-007	-0.0005625
9.09771e-007	-0.000875
9.10271e-007	-0.000875
9.10771e-007	6.25e-005
9.11271e-007	0.0006875
9.11771e-007	6.25e-005
9.12271e-007	-0.00025
9.12771e-007	-0.000875
9.13271e-007	-0.0005625
9.13771e-007	-0.000875
9.14271e-007	-0.002125
9.14771e-007	-0.002125
9.15271e-007	-0.0024375
9.15771e-007	-0.0036875
9.16271e-007	-0.0036875
9.16771e-007	-0.004
9.17271e-007	-0.00275
9.17771e-007	-0.0030625
9.18271e-007	-0.003375
9.18771e-007	-0.002125
9.19271e-007	-0.000875
9.19771e-007	-0.0005625
9.20271e-007	-0.00025
9.20771e-007	0.0006875
9.21271e-007	0.001
9.21771e-007	6.25e-005
9.22271e-007	0.0006875
9.22771e-007	0.000375
9.23271e-007	-0.00025
9.23771e-007	-0.000875
9.24271e-007	-0.0015
9.24771e-007	-0.002125
9.25271e-007	-0.0030625
9.25771e-007	-0.0030625
9.26271e-007	-0.0036875
9.26771e-007	-0.0043125
9.27271e-007	-0.00275
9.27771e-007	-0.0030625
9.28271e-007	-0.0030625
9.28771e-007	-0.002125
9.29271e-007	-0.0015
9.29771e-007	6.25e-005
9.30271e-007	6.25e-005
9.30771e-007	0.0006875
9.31271e-007	0.0006875
9.31771e-007	0.001
9.32271e-007	0.001
9.32771e-007	0.0006875
9.33271e-007	0.000375
9.33771e-007	-0.00025
9.34271e-007	-0.0015
9.34771e-007	-0.002125
9.35271e-007	-0.00275
9.35771e-007	-0.0030625
9.36271e-007	-0.0036875
9.36771e-007	-0.0036875
9.37271e-007	-0.0030625
9.37771e-007	-0.003375
9.38271e-007	-0.0024375
9.38771e-007	-0.0018125
9.39271e-007	-0.0011875
9.39771e-007	-0.0005625
9.40271e-007	-0.0005625
9.40771e-007	0.000375
9.41271e-007	0.001
9.41771e-007	0.001
9.42271e-007	0.001625
9.42771e-007	0.001
9.43271e-007	6.25e-005
9.43771e-007	-0.000875
9.44271e-007	-0.0018125
9.44771e-007	-0.0018125
9.45271e-007	-0.0030625
9.45771e-007	-0.0030625
9.46271e-007	-0.0030625
9.46771e-007	-0.0036875
9.47271e-007	-0.0036875
9.47771e-007	-0.003375
9.48271e-007	-0.00275
9.48771e-007	-0.002125
9.49271e-007	-0.0015
9.49771e-007	-0.00025
9.50271e-007	6.25e-005
9.50771e-007	0.0006875
9.51271e-007	0.0006875
9.51771e-007	0.001
9.52271e-007	0.0006875
9.52771e-007	6.25e-005
9.53271e-007	6.25e-005
9.53771e-007	-0.0005625
9.54271e-007	-0.002125
9.54771e-007	-0.0024375
9.55271e-007	-0.00275
9.55771e-007	-0.00275
9.56271e-007	-0.00275
9.56771e-007	-0.0030625
9.57271e-007	-0.00275
9.57771e-007	-0.0030625
9.58271e-007	-0.002125
9.58771e-007	-0.0015
9.59271e-007	-0.000875
9.59771e-007	0.000375
9.60271e-007	-0.00025
9.60771e-007	6.25e-005
9.61271e-007	0.001
9.61771e-007	6.25e-005
9.62271e-007	6.25e-005
9.62771e-007	-0.00025
9.63271e-007	-0.00025
9.63771e-007	-0.0015
9.64271e-007	-0.00275
9.64771e-007	-0.00275
9.65271e-007	-0.0024375
9.65771e-007	-0.0024375
9.66271e-007	-0.0024375
9.66771e-007	-0.00275
9.67271e-007	-0.00275
9.67771e-007	-0.0018125
9.68271e-007	-0.0011875
9.68771e-007	-0.0005625
9.69271e-007	-0.000875
9.69771e-007	-0.0005625
9.70271e-007	-0.00025
9.70771e-007	0.000375
9.71271e-007	0.0006875
9.71771e-007	0.000375
9.72271e-007	-0.00025
9.72771e-007	-0.0011875
9.73271e-007	-0.000875
9.73771e-007	-0.0011875
9.74271e-007	-0.0024375
9.74771e-007	-0.00275
9.75271e-007	-0.0030625
9.75771e-007	-0.0024375
9.76271e-007	-0.00275
9.76771e-007	-0.0024375
9.77271e-007	-0.0018125
9.77771e-007	-0.0011875
9.78271e-007	-0.000875
9.78771e-007	-0.000875
9.79271e-007	-0.0005625
9.79771e-007	6.25e-005
9.80271e-007	-0.00025
9.80771e-007	0.0006875
9.81271e-007	0.0006875
9.81771e-007	6.25e-005
9.82271e-007	-0.0005625
9.82771e-007	-0.000875
9.83271e-007	-0.000875
9.83771e-007	-0.0018125
9.84271e-007	-0.002125
9.84771e-007	-0.0024375
9.85271e-007	-0.0024375
9.85771e-007	-0.0024375
9.86271e-007	-0.00275
9.86771e-007	-0.0018125
9.87271e-007	-0.0018125
9.87771e-007	-0.0018125
9.88271e-007	-0.0011875
9.88771e-007	6.25e-005
9.89271e-007	0.000375
9.89771e-007	0.000375
9.90271e-007	0.001
9.90771e-007	0.0006875
9.91271e-007	6.25e-005
9.91771e-007	-0.0005625
9.92271e-007	-0.00025
9.92771e-007	-0.0005625
9.93271e-007	-0.0011875
9.93771e-007	-0.0024375
9.94271e-007	-0.002125
9.94771e-007	-0.0015
9.95271e-007	-0.002125
9.95771e-007	-0.00275
9.96271e-007	-0.00275
9.96771e-007	-0.002125
9.97271e-007	-0.0015
9.97771e-007	-0.000875
9.98271e-007	-0.000875
9.98771e-007	-0.0011875
9.99271e-007	-0.0005625
9.99771e-007	6.25e-005
1.000271e-006	6.25e-005
1.000771e-006	6.25e-005
1.001271e-006	6.25e-005
1.001771e-006	0.000375
1.002271e-006	-0.0011875
1.002771e-006	-0.000875
1.003271e-006	-0.000875
1.003771e-006	-0.0018125
1.004271e-006	-0.0018125
1.004771e-006	-0.0018125
1.005271e-006	-0.002125
1.005771e-006	-0.002125
1.006271e-006	-0.002125
1.006771e-006	-0.0015
1.007271e-006	-0.0011875
1.007771e-006	-0.0011875
1.008271e-006	-0.0011875
1.008771e-006	-0.000875
1.009271e-006	6.25e-005
1.009771e-006	-0.0005625
1.010271e-006	-0.00025
1.010771e-006	0.0006875
1.011271e-006	0.0006875
1.011771e-006	6.25e-005
1.012271e-006	-0.0005625
1.012771e-006	-0.0005625
1.013271e-006	6.25e-005
1.013771e-006	-0.0011875
1.014271e-006	-0.0011875
1.014771e-006	-0.0015
1.015271e-006	-0.0011875
1.015771e-006	-0.0015
1.016271e-006	-0.0018125
1.016771e-006	-0.0011875
1.017271e-006	-0.0018125
1.017771e-006	-0.0011875
1.018271e-006	-0.0018125
1.018771e-006	-0.002125
1.019271e-006	-0.002125
1.019771e-006	-0.0015
1.020271e-006	6.25e-005
1.020771e-006	0.000375
1.021271e-006	-0.0005625
1.021771e-006	6.25e-005
1.022271e-006	-0.00025
1.022771e-006	0.0006875
1.023271e-006	0.000375
1.023771e-006	-0.00025
1.024271e-006	-0.0005625
1.024771e-006	-0.0011875
1.025271e-006	-0.0015
1.025771e-006	-0.0015
1.026271e-006	-0.0015
1.026771e-006	-0.0018125
1.027271e-006	-0.00275
1.027771e-006	-0.002125
1.028271e-006	-0.0018125
1.028771e-006	-0.0018125
1.029271e-006	-0.002125
1.029771e-006	-0.0018125
1.030271e-006	-0.0005625
1.030771e-006	-0.0005625
1.031271e-006	-0.0005625
1.031771e-006	0.000375
1.032271e-006	0.000375
1.032771e-006	-0.00025
1.033271e-006	-0.0005625
1.033771e-006	6.25e-005
1.034271e-006	6.25e-005
1.034771e-006	-0.0005625
1.035271e-006	-0.00025
1.035771e-006	-0.000875
1.036271e-006	-0.0018125
1.036771e-006	-0.0018125
1.037271e-006	-0.0024375
1.037771e-006	-0.0018125
1.038271e-006	-0.002125
1.038771e-006	-0.002125
1.039271e-006	-0.0015
1.039771e-006	-0.0011875
1.040271e-006	-0.0011875
1.040771e-006	-0.0011875
1.041271e-006	-0.0005625
1.041771e-006	6.25e-005
1.042271e-006	-0.00025
1.042771e-006	6.25e-005
1.043271e-006	0.001
1.043771e-006	0.000375
1.044271e-006	6.25e-005
1.044771e-006	-0.00025
1.045271e-006	-0.000875
1.045771e-006	-0.000875
1.046271e-006	-0.0015
1.046771e-006	-0.0018125
1.047271e-006	-0.00275
1.047771e-006	-0.0024375
1.048271e-006	-0.0015
1.048771e-006	-0.0018125
1.049271e-006	-0.0024375
1.049771e-006	-0.0015
1.050271e-006	-0.0015
1.050771e-006	-0.0005625
1.051271e-006	-0.00025
1.051771e-006	6.25e-005
1.052271e-006	6.25e-005
1.052771e-006	6.25e-005
1.053271e-006	0.0006875
1.053771e-006	0.000375
1.054271e-006	-0.0005625
1.054771e-006	-0.000875
1.055271e-006	-0.000875
1.055771e-006	-0.000875
1.056271e-006	-0.0015
1.056771e-006	-0.0018125
1.057271e-006	-0.0018125
1.057771e-006	-0.0018125
1.058271e-006	-0.002125
1.058771e-006	-0.0015
1.059271e-006	-0.0011875
1.059771e-006	-0.0018125
1.060271e-006	-0.000875
1.060771e-006	-0.00025
1.061271e-006	-0.00025
1.061771e-006	6.25e-005
1.062271e-006	0.0006875
1.062771e-006	0.000375
1.063271e-006	6.25e-005
1.063771e-006	-0.00025
1.064271e-006	6.25e-005
1.064771e-006	-0.00025
1.065271e-006	-0.0005625
1.065771e-006	-0.0011875
1.066271e-006	-0.002125
1.066771e-006	-0.0011875
1.067271e-006	-0.0015
1.067771e-006	-0.0015
1.068271e-006	-0.0018125
1.068771e-006	-0.0011875
1.069271e-006	-0.000875
1.069771e-006	-0.0011875
1.070271e-006	-0.0011875
1.070771e-006	-0.00025
1.071271e-006	6.25e-005
1.071771e-006	6.25e-005
1.072271e-006	6.25e-005
1.072771e-006	6.25e-005
1.073271e-006	0.000375
1.073771e-006	-0.00025
1.074271e-006	-0.000875
1.074771e-006	-0.00025
1.075271e-006	-0.0005625
1.075771e-006	-0.0011875
1.076271e-006	-0.0024375
1.076771e-006	-0.002125
1.077271e-006	-0.0011875
1.077771e-006	-0.0011875
1.078271e-006	-0.000875
1.078771e-006	-0.000875
1.079271e-006	-0.0011875
1.079771e-006	-0.000875
1.080271e-006	-0.000875
1.080771e-006	-0.00025
1.081271e-006	0.0006875
1.081771e-006	0.0006875
1.082271e-006	-0.00025
1.082771e-006	-0.00025
1.083271e-006	-0.00025
1.083771e-006	-0.00025
1.084271e-006	-0.0005625
1.084771e-006	-0.0011875
1.085271e-006	-0.000875
1.085771e-006	-0.000875
1.086271e-006	-0.0011875
1.086771e-006	-0.0015
1.087271e-006	-0.0018125
1.087771e-006	-0.0011875
1.088271e-006	-0.0011875
1.088771e-006	-0.0005625
1.089271e-006	-0.000875
1.089771e-006	-0.0005625
1.090271e-006	0.0006875
1.090771e-006	0.0006875
1.091271e-006	6.25e-005
1.091771e-006	-0.00025
1.092271e-006	-0.00025
1.092771e-006	0.0006875
1.093271e-006	-0.0005625
1.093771e-006	-0.000875
1.094271e-006	-0.0018125
1.094771e-006	-0.0015
1.095271e-006	-0.0011875
1.095771e-006	-0.0011875
1.096271e-006	-0.0018125
1.096771e-006	-0.0011875
1.097271e-006	-0.0015
1.097771e-006	-0.0011875
1.098271e-006	-0.0015
1.098771e-006	-0.0005625
1.099271e-006	6.25e-005
1.099771e-006	0.000375
1.100271e-006	6.25e-005
1.100771e-006	-0.0005625
1.101271e-006	6.25e-005
1.101771e-006	6.25e-005
1.102271e-006	-0.00025
1.102771e-006	-0.00025
1.103271e-006	-0.0005625
1.103771e-006	-0.000875
1.104271e-006	-0.0011875
1.104771e-006	-0.0011875
1.105271e-006	-0.000875
1.105771e-006	-0.0011875
1.106271e-006	-0.0011875
1.106771e-006	-0.0005625
1.107271e-006	-0.0011875
1.107771e-006	-0.0015
1.108271e-006	-0.000875
1.108771e-006	6.25e-005
1.109271e-006	6.25e-005
1.109771e-006	6.25e-005
1.110271e-006	-0.00025
1.110771e-006	-0.0005625
1.111271e-006	-0.0005625
1.111771e-006	6.25e-005
1.112271e-006	6.25e-005
1.112771e-006	-0.00025
1.113271e-006	-0.0011875
1.113771e-006	-0.0011875
1.114271e-006	-0.0005625
1.114771e-006	-0.0005625
1.115271e-006	-0.0011875
1.115771e-006	-0.0005625
1.116271e-006	-0.000875
1.116771e-006	-0.000875
1.117271e-006	-0.0015
1.117771e-006	-0.0005625
1.118271e-006	-0.00025
1.118771e-006	-0.00025
1.119271e-006	-0.00025
1.119771e-006	-0.0005625
1.120271e-006	-0.0005625
1.120771e-006	-0.00025
1.121271e-006	-0.000875
1.121771e-006	-0.0005625
1.122271e-006	-0.0011875
1.122771e-006	-0.000875
1.123271e-006	-0.0005625
1.123771e-006	-0.0005625
1.124271e-006	-0.0005625
1.124771e-006	-0.0011875
1.125271e-006	-0.000875
1.125771e-006	-0.00025
1.126271e-006	-0.000875
1.126771e-006	-0.00025
1.127271e-006	6.25e-005
1.127771e-006	-0.00025
1.128271e-006	-0.00025
1.128771e-006	-0.00025
1.129271e-006	6.25e-005
1.129771e-006	-0.0005625
1.130271e-006	6.25e-005
1.130771e-006	-0.000875
1.131271e-006	-0.0011875
1.131771e-006	-0.0005625
1.132271e-006	-0.0011875
1.132771e-006	-0.0011875
1.133271e-006	-0.000875
1.133771e-006	-0.0015
1.134271e-006	-0.0011875
1.134771e-006	-0.0011875
1.135271e-006	-0.00025
1.135771e-006	0.000375
1.136271e-006	6.25e-005
1.136771e-006	0.000375
1.137271e-006	-0.0005625
1.137771e-006	-0.000875
1.138271e-006	-0.000875
1.138771e-006	-0.00025
1.139271e-006	-0.00025
1.139771e-006	-0.0015
1.140271e-006	-0.0015
1.140771e-006	-0.000875
1.141271e-006	-0.0018125
1.141771e-006	-0.0018125
1.142271e-006	-0.0018125
1.142771e-006	-0.0018125
1.143271e-006	-0.002125
1.143771e-006	-0.0011875
1.144271e-006	-0.0005625
1.144771e-006	-0.0005625
1.145271e-006	-0.0005625
1.145771e-006	-0.00025
1.146271e-006	6.25e-005
1.146771e-006	0.000375
1.147271e-006	6.25e-005
1.147771e-006	-0.00025
1.148271e-006	-0.00025
1.148771e-006	-0.00025
1.149271e-006	-0.0005625
1.149771e-006	-0.0018125
1.150271e-006	-0.0018125
1.150771e-006	-0.0018125
1.151271e-006	-0.0018125
1.151771e-006	-0.0015
1.152271e-006	-0.0018125
1.152771e-006	-0.0015
1.153271e-006	-0.0011875
1.153771e-006	-0.000875
1.154271e-006	-0.00025
1.154771e-006	0.0006875
1.155271e-006	6.25e-005
1.155771e-006	6.25e-005
1.156271e-006	0.001
1.156771e-006	0.001
1.157271e-006	0.0006875
1.157771e-006	-0.0005625
1.158271e-006	-0.0005625
1.158771e-006	-0.0005625
1.159271e-006	-0.0018125
1.159771e-006	-0.0018125
1.160271e-006	-0.0018125
1.160771e-006	-0.0011875
1.161271e-006	-0.002125
1.161771e-006	-0.002125
1.162271e-006	-0.0011875
1.162771e-006	-0.000875
1.163271e-006	-0.0005625
1.163771e-006	-0.0005625
1.164271e-006	-0.00025
1.164771e-006	0.0006875
1.165271e-006	0.001
1.165771e-006	0.000375
1.166271e-006	-0.00025
1.166771e-006	6.25e-005
1.167271e-006	0.000375
1.167771e-006	-0.00025
1.168271e-006	-0.0005625
1.168771e-006	-0.0011875
1.169271e-006	-0.0015
1.169771e-006	-0.0011875
1.170271e-006	-0.0018125
1.170771e-006	-0.0018125
1.171271e-006	-0.0018125
1.171771e-006	-0.0011875
1.172271e-006	-0.0005625
1.172771e-006	-0.000875
1.173271e-006	-0.0005625
1.173771e-006	6.25e-005
1.174271e-006	0.000375
1.174771e-006	0.0013125
1.175271e-006	0.0006875
1.175771e-006	0.0019375
1.176271e-006	0.001
1.176771e-006	-0.00025
1.177271e-006	-0.0005625
1.177771e-006	-0.0011875
1.178271e-006	-0.000875
1.178771e-006	-0.0015
1.179271e-006	-0.0015
1.179771e-006	-0.0018125
1.180271e-006	-0.0018125
1.180771e-006	-0.0015
1.181271e-006	-0.002125
1.181771e-006	-0.0011875
1.182271e-006	-0.0005625
1.182771e-006	-0.000875
1.183271e-006	6.25e-005
1.183771e-006	0.0006875
1.184271e-006	0.000375
1.184771e-006	6.25e-005
1.185271e-006	6.25e-005
1.185771e-006	0.001
1.186271e-006	0.000375
1.186771e-006	6.25e-005
1.187271e-006	-0.000875
1.187771e-006	-0.000875
1.188271e-006	-0.0005625
1.188771e-006	-0.0018125
1.189271e-006	-0.002125
1.189771e-006	-0.002125
1.190271e-006	-0.002125
1.190771e-006	-0.0011875
1.191271e-006	-0.0018125
1.191771e-006	-0.0011875
1.192271e-006	-0.0005625
1.192771e-006	0.000375
1.193271e-006	0.000375
1.193771e-006	0.000375
1.194271e-006	0.000375
1.194771e-006	0.000375
1.195271e-006	0.0013125
1.195771e-006	0.001
1.196271e-006	-0.000875
1.196771e-006	6.25e-005
1.197271e-006	6.25e-005
1.197771e-006	-0.000875
1.198271e-006	-0.0018125
1.198771e-006	-0.002125
1.199271e-006	-0.0018125
1.199771e-006	-0.002125
1.200271e-006	-0.002125
1.200771e-006	-0.0015
1.201271e-006	-0.002125
1.201771e-006	-0.0018125
1.202271e-006	6.25e-005
1.202771e-006	0.000375
1.203271e-006	0.0006875
1.203771e-006	0.0006875
1.204271e-006	0.0006875
1.204771e-006	0.0013125
1.205271e-006	0.0019375
1.205771e-006	0.0006875
1.206271e-006	0.000375
1.206771e-006	-0.00025
1.207271e-006	-0.0005625
1.207771e-006	-0.00025
1.208271e-006	-0.000875
1.208771e-006	-0.0015
1.209271e-006	-0.0024375
1.209771e-006	-0.00275
1.210271e-006	-0.0024375
1.210771e-006	-0.0015
1.211271e-006	-0.0011875
1.211771e-006	-0.0011875
1.212271e-006	-0.0005625
1.212771e-006	6.25e-005
1.213271e-006	6.25e-005
1.213771e-006	6.25e-005
1.214271e-006	0.0006875
1.214771e-006	0.0006875
1.215271e-006	0.000375
1.215771e-006	6.25e-005
1.216271e-006	0.0006875
1.216771e-006	6.25e-005
1.217271e-006	-0.00025
1.217771e-006	-0.00025
1.218271e-006	-0.000875
1.218771e-006	-0.0011875
1.219271e-006	-0.0018125
1.219771e-006	-0.0015
1.220271e-006	-0.0018125
1.220771e-006	-0.0024375
1.221271e-006	-0.0015
1.221771e-006	-0.0011875
1.222271e-006	-0.0005625
1.222771e-006	6.25e-005
1.223271e-006	6.25e-005
1.223771e-006	0.001
1.224271e-006	0.0006875
1.224771e-006	0.000375
1.225271e-006	0.001
1.225771e-006	0.000375
1.226271e-006	-0.00025
1.226771e-006	6.25e-005
1.227271e-006	-0.00025
1.227771e-006	-0.0005625
1.228271e-006	-0.000875
1.228771e-006	-0.000875
1.229271e-006	-0.0011875
1.229771e-006	-0.000875
1.230271e-006	-0.0011875
1.230771e-006	-0.0015
1.231271e-006	-0.000875
1.231771e-006	-0.0011875
1.232271e-006	-0.000875
1.232771e-006	6.25e-005
1.233271e-006	-0.00025
1.233771e-006	-0.00025
1.234271e-006	-0.0005625
1.234771e-006	0.000375
1.235271e-006	6.25e-005
1.235771e-006	6.25e-005
1.236271e-006	0.000375
1.236771e-006	-0.00025
1.237271e-006	-0.000875
1.237771e-006	-0.00025
1.238271e-006	6.25e-005
1.238771e-006	0.0006875
1.239271e-006	-0.000875
1.239771e-006	-0.0011875
1.240271e-006	-0.0011875
1.240771e-006	-0.0015
1.241271e-006	-0.000875
1.241771e-006	-0.000875
1.242271e-006	-0.0005625
1.242771e-006	6.25e-005
1.243271e-006	-0.0005625
1.243771e-006	6.25e-005
1.244271e-006	-0.00025
1.244771e-006	6.25e-005
1.245271e-006	0.000375
1.245771e-006	6.25e-005
1.246271e-006	-0.00025
1.246771e-006	-0.0005625
1.247271e-006	6.25e-005
1.247771e-006	6.25e-005
1.248271e-006	-0.0005625
1.248771e-006	-0.0005625
1.249271e-006	6.25e-005
1.249771e-006	-0.0005625
1.250271e-006	-0.0005625
1.250771e-006	-0.000875
1.251271e-006	-0.0011875
1.251771e-006	-0.0015
1.252271e-006	-0.000875
1.252771e-006	-0.0005625
1.253271e-006	-0.0005625
1.253771e-006	-0.000875
1.254271e-006	-0.0011875
1.254771e-006	-0.000875
1.255271e-006	-0.000875
1.255771e-006	-0.00025
1.256271e-006	0.000375
1.256771e-006	0.0006875
1.257271e-006	-0.00025
1.257771e-006	6.25e-005
1.258271e-006	-0.00025
1.258771e-006	6.25e-005
1.259271e-006	-0.0005625
1.259771e-006	-0.0005625
1.260271e-006	-0.000875
1.260771e-006	-0.000875
1.261271e-006	-0.0005625
1.261771e-006	-0.000875
1.262271e-006	-0.0011875
1.262771e-006	-0.0005625
1.263271e-006	-0.00025
1.263771e-006	-0.0005625
1.264271e-006	-0.0005625
1.264771e-006	6.25e-005
1.265271e-006	-0.00025
1.265771e-006	0.000375
1.266271e-006	0.000375
1.266771e-006	0.000375
1.267271e-006	0.000375
1.267771e-006	6.25e-005
1.268271e-006	6.25e-005
1.268771e-006	6.25e-005
1.269271e-006	-0.00025
1.269771e-006	-0.00025
1.270271e-006	-0.0005625
1.270771e-006	-0.0005625
1.271271e-006	-0.0005625
1.271771e-006	-0.0011875
1.272271e-006	-0.0018125
1.272771e-006	-0.000875
1.273271e-006	-0.0005625
1.273771e-006	6.25e-005
1.274271e-006	-0.0005625
1.274771e-006	-0.0005625
1.275271e-006	6.25e-005
1.275771e-006	0.0006875
1.276271e-006	0.0006875
1.276771e-006	6.25e-005
1.277271e-006	0.0006875
1.277771e-006	0.000375
1.278271e-006	-0.0005625
1.278771e-006	-0.0005625
1.279271e-006	-0.000875
1.279771e-006	-0.0005625
1.280271e-006	-0.000875
1.280771e-006	-0.0005625
1.281271e-006	-0.000875
1.281771e-006	-0.0015
1.282271e-006	-0.000875
1.282771e-006	-0.0005625
1.283271e-006	-0.0011875
1.283771e-006	-0.000875
1.284271e-006	-0.00025
1.284771e-006	6.25e-005
1.285271e-006	6.25e-005
1.285771e-006	6.25e-005
1.286271e-006	0.0006875
1.286771e-006	0.0006875
1.287271e-006	0.001
1.287771e-006	6.25e-005
1.288271e-006	6.25e-005
1.288771e-006	-0.000875
1.289271e-006	-0.0011875
1.289771e-006	-0.0005625
1.290271e-006	-0.0011875
1.290771e-006	-0.0005625
1.291271e-006	-0.000875
1.291771e-006	-0.0015
1.292271e-006	-0.0015
1.292771e-006	-0.0011875
1.293271e-006	-0.0005625
1.293771e-006	-0.0005625
1.294271e-006	-0.0005625
1.294771e-006	6.25e-005
1.295271e-006	0.000375
1.295771e-006	0.001
1.296271e-006	0.001
1.296771e-006	0.000375
1.297271e-006	0.0006875
1.297771e-006	6.25e-005
1.298271e-006	-0.000875
1.298771e-006	-0.0011875
1.299271e-006	-0.000875
1.299771e-006	-0.00025
1.300271e-006	-0.0011875
1.300771e-006	-0.0015
1.301271e-006	-0.0011875
1.301771e-006	-0.0011875
1.302271e-006	-0.000875
1.302771e-006	-0.000875
1.303271e-006	-0.000875
1.303771e-006	-0.000875
1.304271e-006	-0.0011875
1.304771e-006	-0.00025
1.305271e-006	0.0006875
1.305771e-006	0.001
1.306271e-006	0.001
1.306771e-006	0.0006875
1.307271e-006	0.001
1.307771e-006	-0.00025
1.308271e-006	-0.0005625
1.308771e-006	6.25e-005
1.309271e-006	6.25e-005
1.309771e-006	-0.00025
1.310271e-006	-0.000875
1.310771e-006	-0.000875
1.311271e-006	-0.0018125
1.311771e-006	-0.0011875
1.312271e-006	-0.000875
1.312771e-006	-0.0011875
1.313271e-006	-0.0015
1.313771e-006	-0.0011875
1.314271e-006	-0.000875
1.314771e-006	0.000375
1.315271e-006	-0.00025
1.315771e-006	-0.00025
1.316271e-006	6.25e-005
1.316771e-006	0.0006875
1.317271e-006	0.001
1.317771e-006	0.001
1.318271e-006	0.0006875
1.318771e-006	-0.0005625
1.319271e-006	-0.0011875
1.319771e-006	-0.0005625
1.320271e-006	-0.0005625
1.320771e-006	-0.0005625
1.321271e-006	-0.000875
1.321771e-006	-0.0018125
1.322271e-006	-0.000875
1.322771e-006	-0.0011875
1.323271e-006	-0.0011875
1.323771e-006	-0.000875
1.324271e-006	-0.0005625
1.324771e-006	6.25e-005
1.325271e-006	6.25e-005
1.325771e-006	6.25e-005
1.326271e-006	-0.00025
1.326771e-006	-0.00025
1.327271e-006	0.0006875
1.327771e-006	0.000375
1.328271e-006	0.0006875
1.328771e-006	-0.00025
1.329271e-006	-0.00025
1.329771e-006	6.25e-005
1.330271e-006	-0.0011875
1.330771e-006	-0.000875
1.331271e-006	-0.000875
1.331771e-006	-0.000875
1.332271e-006	-0.000875
1.332771e-006	-0.0011875
1.333271e-006	-0.0005625
1.333771e-006	-0.00025
1.334271e-006	-0.000875
1.334771e-006	-0.0005625
1.335271e-006	-0.0005625
1.335771e-006	6.25e-005
1.336271e-006	6.25e-005
1.336771e-006	6.25e-005
1.337271e-006	0.000375
1.337771e-006	0.000375
1.338271e-006	0.0006875
1.338771e-006	6.25e-005
1.339271e-006	-0.00025
1.339771e-006	-0.00025
1.340271e-006	-0.000875
1.340771e-006	-0.0005625
1.341271e-006	-0.00025
1.341771e-006	-0.000875
1.342271e-006	-0.00025
1.342771e-006	-0.00025
1.343271e-006	-0.0011875
1.343771e-006	-0.0011875
1.344271e-006	-0.0005625
1.344771e-006	-0.0005625
1.345271e-006	6.25e-005
1.345771e-006	-0.00025
1.346271e-006	-0.000875
1.346771e-006	-0.00025
1.347271e-006	-0.00025
1.347771e-006	-0.00025
1.348271e-006	6.25e-005
1.348771e-006	6.25e-005
1.349271e-006	-0.00025
1.349771e-006	-0.0005625
1.350271e-006	6.25e-005
1.350771e-006	0.000375
1.351271e-006	-0.0005625
1.351771e-006	-0.0005625
1.352271e-006	-0.0005625
1.352771e-006	-0.00025
1.353271e-006	-0.0005625
1.353771e-006	-0.0005625
1.354271e-006	-0.0005625
1.354771e-006	-0.000875
1.355271e-006	-0.0005625
1.355771e-006	-0.00025
1.356271e-006	-0.000875
1.356771e-006	6.25e-005
1.357271e-006	-0.0005625
1.357771e-006	-0.00025
1.358271e-006	-0.0005625
1.358771e-006	-0.000875
1.359271e-006	-0.0005625
1.359771e-006	-0.0005625
1.360271e-006	-0.000875
1.360771e-006	-0.0005625
1.361271e-006	6.25e-005
1.361771e-006	6.25e-005
1.362271e-006	-0.00025
1.362771e-006	-0.0005625
1.363271e-006	-0.000875
1.363771e-006	-0.0005625
1.364271e-006	-0.0005625
1.364771e-006	-0.000875
1.365271e-006	-0.0005625
1.365771e-006	-0.00025
1.366271e-006	6.25e-005
1.366771e-006	-0.00025
1.367271e-006	-0.0011875
1.367771e-006	-0.0005625
1.368271e-006	0.000375
1.368771e-006	-0.00025
1.369271e-006	-0.00025
1.369771e-006	6.25e-005
1.370271e-006	0.000375
1.370771e-006	-0.00025
1.371271e-006	-0.000875
1.371771e-006	-0.0005625
1.372271e-006	6.25e-005
1.372771e-006	6.25e-005
1.373271e-006	6.25e-005
1.373771e-006	6.25e-005
1.374271e-006	-0.00025
1.374771e-006	-0.0005625
1.375271e-006	-0.00025
1.375771e-006	-0.0005625
1.376271e-006	-0.0005625
1.376771e-006	-0.00025
1.377271e-006	-0.000875
1.377771e-006	-0.00025
1.378271e-006	-0.0005625
1.378771e-006	-0.00025
1.379271e-006	6.25e-005
1.379771e-006	6.25e-005
1.380271e-006	-0.00025
1.380771e-006	-0.00025
1.381271e-006	-0.00025
1.381771e-006	0.000375
1.382271e-006	-0.0011875
1.382771e-006	-0.000875
1.383271e-006	-0.00025
1.383771e-006	0.000375
1.384271e-006	-0.00025
1.384771e-006	-0.0005625
1.385271e-006	-0.0005625
1.385771e-006	-0.000875
1.386271e-006	-0.0011875
1.386771e-006	-0.0005625
1.387271e-006	6.25e-005
1.387771e-006	-0.000875
1.388271e-006	-0.000875
1.388771e-006	0.000375
1.389271e-006	6.25e-005
1.389771e-006	-0.00025
1.390271e-006	-0.00025
1.390771e-006	-0.00025
1.391271e-006	-0.0005625
1.391771e-006	-0.0011875
1.392271e-006	-0.000875
1.392771e-006	6.25e-005
1.393271e-006	-0.00025
1.393771e-006	-0.000875
1.394271e-006	-0.000875
1.394771e-006	-0.000875
1.395271e-006	-0.0011875
1.395771e-006	-0.0005625
1.396271e-006	-0.0005625
1.396771e-006	-0.0005625
1.397271e-006	6.25e-005
1.397771e-006	6.25e-005
1.398271e-006	0.000375
1.398771e-006	6.25e-005
1.399271e-006	-0.00025
1.399771e-006	6.25e-005
1.400271e-006	-0.0005625
1.400771e-006	6.25e-005
1.401271e-006	6.25e-005
1.401771e-006	6.25e-005
1.402271e-006	-0.0005625
1.402771e-006	-0.0005625
1.403271e-006	-0.0011875
1.403771e-006	-0.0005625
1.404271e-006	-0.00025
1.404771e-006	-0.000875
1.405271e-006	-0.000875
1.405771e-006	-0.00025
1.406271e-006	-0.000875
1.406771e-006	-0.000875
1.407271e-006	-0.000875
1.407771e-006	-0.00025
1.408271e-006	6.25e-005
1.408771e-006	6.25e-005
1.409271e-006	0.0006875
1.409771e-006	0.0006875
1.410271e-006	6.25e-005
1.410771e-006	0.0006875
1.411271e-006	-0.00025
1.411771e-006	-0.0005625
1.412271e-006	-0.000875
1.412771e-006	-0.0005625
1.413271e-006	6.25e-005
1.413771e-006	-0.000875
1.414271e-006	-0.0011875
1.414771e-006	-0.0015
1.415271e-006	-0.0015
1.415771e-006	-0.000875
1.416271e-006	-0.0011875
1.416771e-006	-0.000875
1.417271e-006	-0.000875
1.417771e-006	6.25e-005
1.418271e-006	0.001
1.418771e-006	0.000375
1.419271e-006	0.001
1.419771e-006	0.001
1.420271e-006	0.0013125
1.420771e-006	0.0006875
1.421271e-006	-0.00025
1.421771e-006	-0.00025
1.422271e-006	-0.0005625
1.422771e-006	-0.0011875
1.423271e-006	-0.0011875
1.423771e-006	-0.0011875
1.424271e-006	-0.000875
1.424771e-006	-0.0015
1.425271e-006	-0.0018125
1.425771e-006	-0.0015
1.426271e-006	-0.0005625
1.426771e-006	-0.00025
1.427271e-006	-0.0011875
1.427771e-006	-0.00025
1.428271e-006	0.001
1.428771e-006	0.0006875
1.429271e-006	0.001
1.429771e-006	0.0019375
1.430271e-006	0.0013125
1.430771e-006	0.000375
1.431271e-006	0.000375
1.431771e-006	-0.00025
1.432271e-006	-0.00025
1.432771e-006	-0.00025
1.433271e-006	-0.0015
1.433771e-006	-0.000875
1.434271e-006	-0.0005625
1.434771e-006	-0.000875
1.435271e-006	-0.000875
1.435771e-006	-0.0018125
1.436271e-006	-0.0011875
1.436771e-006	-0.0011875
1.437271e-006	-0.0011875
1.437771e-006	-0.00025
1.438271e-006	0.000375
1.438771e-006	0.000375
1.439271e-006	0.0013125
1.439771e-006	0.001
1.440271e-006	0.0006875
1.440771e-006	6.25e-005
1.441271e-006	0.001
1.441771e-006	6.25e-005
1.442271e-006	-0.000875
1.442771e-006	-0.000875
1.443271e-006	-0.0005625
1.443771e-006	-0.000875
1.444271e-006	-0.0015
1.444771e-006	-0.0011875
1.445271e-006	-0.000875
1.445771e-006	-0.0005625
1.446271e-006	-0.0011875
1.446771e-006	-0.0011875
1.447271e-006	-0.000875
1.447771e-006	-0.0005625
1.448271e-006	6.25e-005
1.448771e-006	0.0013125
1.449271e-006	0.0006875
1.449771e-006	6.25e-005
1.450271e-006	0.001
1.450771e-006	0.000375
1.451271e-006	-0.00025
1.451771e-006	6.25e-005
1.452271e-006	-0.0005625
1.452771e-006	-0.0011875
1.453271e-006	-0.000875
1.453771e-006	-0.0011875
1.454271e-006	-0.0018125
1.454771e-006	-0.0005625
1.455271e-006	-0.000875
1.455771e-006	-0.0005625
1.456271e-006	-0.0011875
1.456771e-006	-0.0011875
1.457271e-006	-0.0005625
1.457771e-006	-0.0005625
1.458271e-006	6.25e-005
1.458771e-006	0.001
1.459271e-006	6.25e-005
1.459771e-006	0.000375
1.460271e-006	0.000375
1.460771e-006	6.25e-005
1.461271e-006	-0.00025
1.461771e-006	-0.0011875
1.462271e-006	-0.0005625
1.462771e-006	-0.000875
1.463271e-006	-0.0011875
1.463771e-006	-0.0011875
1.464271e-006	-0.0015
1.464771e-006	-0.0005625
1.465271e-006	-0.00025
1.465771e-006	-0.0005625
1.466271e-006	6.25e-005
1.466771e-006	-0.00025
1.467271e-006	6.25e-005
1.467771e-006	0.000375
1.468271e-006	-0.00025
1.468771e-006	-0.00025
1.469271e-006	6.25e-005
1.469771e-006	0.000375
1.470271e-006	6.25e-005
1.470771e-006	-0.0005625
1.471271e-006	-0.0011875
1.471771e-006	-0.000875
1.472271e-006	-0.000875
1.472771e-006	-0.0011875
1.473271e-006	-0.002125
1.473771e-006	-0.0018125
1.474271e-006	-0.00025
1.474771e-006	6.25e-005
1.475271e-006	-0.00025
1.475771e-006	-0.0005625
1.476271e-006	-0.0005625
1.476771e-006	0.0006875
1.477271e-006	6.25e-005
1.477771e-006	6.25e-005
1.478271e-006	0.001
1.478771e-006	-0.0005625
1.479271e-006	-0.0005625
1.479771e-006	-0.0005625
1.480271e-006	-0.000875
1.480771e-006	-0.00025
1.481271e-006	-0.0011875
1.481771e-006	-0.000875
1.482271e-006	-0.0018125
1.482771e-006	-0.0018125
1.483271e-006	-0.0011875
1.483771e-006	-0.000875
1.484271e-006	-0.00025
1.484771e-006	-0.000875
1.485271e-006	-0.0005625
1.485771e-006	6.25e-005
1.486271e-006	6.25e-005
1.486771e-006	0.000375
1.487271e-006	0.000375
1.487771e-006	0.000375
1.488271e-006	0.000375
1.488771e-006	6.25e-005
1.489271e-006	-0.0005625
1.489771e-006	-0.0011875
1.490271e-006	-0.0015
1.490771e-006	-0.0015
1.491271e-006	-0.002125
1.491771e-006	-0.0011875
1.492271e-006	-0.00025
1.492771e-006	-0.0011875
1.493271e-006	-0.0011875
1.493771e-006	-0.000875
1.494271e-006	6.25e-005
1.494771e-006	-0.00025
1.495271e-006	6.25e-005
1.495771e-006	0.000375
1.496271e-006	0.000375
1.496771e-006	0.0006875
1.497271e-006	0.0006875
1.497771e-006	0.001
1.498271e-006	0.000375
1.498771e-006	-0.0005625
1.499271e-006	-0.000875
1.499771e-006	-0.000875
1.500271e-006	-0.0011875
1.500771e-006	-0.0015
1.501271e-006	-0.0024375
1.501771e-006	-0.0018125
1.502271e-006	-0.0011875
1.502771e-006	-0.000875
1.503271e-006	-0.000875
1.503771e-006	-0.0005625
1.504271e-006	-0.0005625
1.504771e-006	0.000375
1.505271e-006	0.0013125
1.505771e-006	0.0006875
1.506271e-006	6.25e-005
1.506771e-006	0.001
1.507271e-006	0.0006875
1.507771e-006	6.25e-005
1.508271e-006	-0.00025
1.508771e-006	-0.0005625
1.509271e-006	-0.000875
1.509771e-006	-0.0015
1.510271e-006	-0.002125
1.510771e-006	-0.002125
1.511271e-006	-0.0018125
1.511771e-006	-0.0015
1.512271e-006	-0.0011875
1.512771e-006	-0.000875
1.513271e-006	-0.00025
1.513771e-006	6.25e-005
1.514271e-006	0.001
1.514771e-006	0.0006875
1.515271e-006	0.000375
1.515771e-006	0.0006875
1.516271e-006	0.0006875
1.516771e-006	0.0006875
1.517271e-006	0.0013125
1.517771e-006	6.25e-005
1.518271e-006	-0.0005625
1.518771e-006	-0.0015
1.519271e-006	-0.002125
1.519771e-006	-0.002125
1.520271e-006	-0.002125
1.520771e-006	-0.0011875
1.521271e-006	-0.0018125
1.521771e-006	-0.0018125
1.522271e-006	-0.0011875
1.522771e-006	-0.0005625
1.523271e-006	6.25e-005
1.523771e-006	6.25e-005
1.524271e-006	0.000375
1.524771e-006	0.0013125
1.525271e-006	0.0013125
1.525771e-006	0.0013125
1.526271e-006	0.001
1.526771e-006	0.000375
1.527271e-006	6.25e-005
1.527771e-006	-0.0011875
1.528271e-006	-0.000875
1.528771e-006	-0.000875
1.529271e-006	-0.0018125
1.529771e-006	-0.0018125
1.530271e-006	-0.0024375
1.530771e-006	-0.0018125
1.531271e-006	-0.0018125
1.531771e-006	-0.0005625
1.532271e-006	6.25e-005
1.532771e-006	6.25e-005
1.533271e-006	0.001
1.533771e-006	0.0013125
1.534271e-006	0.0013125
1.534771e-006	0.0013125
1.535271e-006	0.001625
1.535771e-006	0.0013125
1.536271e-006	0.0006875
1.536771e-006	-0.00025
1.537271e-006	-0.000875
1.537771e-006	-0.000875
1.538271e-006	-0.000875
1.538771e-006	-0.0018125
1.539271e-006	-0.0024375
1.539771e-006	-0.002125
1.540271e-006	-0.002125
1.540771e-006	-0.002125
1.541271e-006	-0.0018125
1.541771e-006	-0.000875
1.542271e-006	-0.00025
1.542771e-006	-0.00025
1.543271e-006	0.001
1.543771e-006	0.001
1.544271e-006	0.0006875
1.544771e-006	0.001625
1.545271e-006	0.0019375
1.545771e-006	0.001
1.546271e-006	0.000375
1.546771e-006	0.0006875
1.547271e-006	6.25e-005
1.547771e-006	-0.0011875
1.548271e-006	-0.002125
1.548771e-006	-0.002125
1.549271e-006	-0.002125
1.549771e-006	-0.0011875
1.550271e-006	-0.0015
1.550771e-006	-0.000875
1.551271e-006	-0.0005625
1.551771e-006	-0.0005625
1.552271e-006	6.25e-005
1.552771e-006	0.0006875
1.553271e-006	0.001
1.553771e-006	0.0019375
1.554271e-006	0.001625
1.554771e-006	0.001625
1.555271e-006	0.000375
1.555771e-006	-0.00025
1.556271e-006	0.000375
1.556771e-006	-0.00025
1.557271e-006	-0.0011875
1.557771e-006	-0.0015
1.558271e-006	-0.0015
1.558771e-006	-0.0011875
1.559271e-006	-0.0015
1.559771e-006	-0.0015
1.560271e-006	-0.0015
1.560771e-006	-0.0011875
1.561271e-006	-0.0005625
1.561771e-006	-0.0005625
1.562271e-006	0.0006875
1.562771e-006	0.0006875
1.563271e-006	0.0013125
1.563771e-006	0.001625
1.564271e-006	0.000375
1.564771e-006	6.25e-005
1.565271e-006	0.001
1.565771e-006	6.25e-005
1.566271e-006	-0.0005625
1.566771e-006	-0.0011875
1.567271e-006	-0.0015
1.567771e-006	-0.0011875
1.568271e-006	-0.0011875
1.568771e-006	-0.0018125
1.569271e-006	-0.0018125
1.569771e-006	-0.000875
1.570271e-006	-0.00025
1.570771e-006	-0.00025
1.571271e-006	-0.0005625
1.571771e-006	6.25e-005
1.572271e-006	0.0013125
1.572771e-006	0.001
1.573271e-006	0.000375
1.573771e-006	0.001
1.574271e-006	0.0006875
1.574771e-006	6.25e-005
1.575271e-006	-0.000875
1.575771e-006	-0.000875
1.576271e-006	-0.0005625
1.576771e-006	-0.0011875
1.577271e-006	-0.0018125
1.577771e-006	-0.0018125
1.578271e-006	-0.0015
1.578771e-006	-0.0015
1.579271e-006	-0.0015
1.579771e-006	0.000375
1.580271e-006	-0.00025
1.580771e-006	-0.0005625
1.581271e-006	-0.00025
1.581771e-006	0.0006875
1.582271e-006	0.001
1.582771e-006	0.000375
1.583271e-006	0.0006875
1.583771e-006	0.0006875
1.584271e-006	6.25e-005
1.584771e-006	-0.00025
1.585271e-006	-0.000875
1.585771e-006	-0.0015
1.586271e-006	-0.0011875
1.586771e-006	-0.0011875
1.587271e-006	-0.0011875
1.587771e-006	-0.0015
1.588271e-006	-0.0018125
1.588771e-006	-0.0015
1.589271e-006	-0.000875
1.589771e-006	6.25e-005
1.590271e-006	6.25e-005
1.590771e-006	0.0006875
1.591271e-006	0.0013125
1.591771e-006	0.0013125
1.592271e-006	0.001625
1.592771e-006	0.0006875
1.593271e-006	6.25e-005
1.593771e-006	6.25e-005
1.594271e-006	-0.0005625
1.594771e-006	-0.00025
1.595271e-006	-0.0005625
1.595771e-006	-0.0015
1.596271e-006	-0.002125
1.596771e-006	-0.0024375
1.597271e-006	-0.002125
1.597771e-006	-0.0011875
1.598271e-006	-0.0005625
1.598771e-006	-0.000875
1.599271e-006	-0.0005625
1.599771e-006	0.000375
1.600271e-006	-0.0005625
1.600771e-006	6.25e-005
1.601271e-006	0.0006875
1.601771e-006	0.0013125
1.602271e-006	0.0006875
1.602771e-006	0.0006875
1.603271e-006	0.0013125
1.603771e-006	-0.0005625
1.604271e-006	-0.0005625
1.604771e-006	-0.0005625
1.605271e-006	-0.0015
1.605771e-006	-0.000875
1.606271e-006	-0.000875
1.606771e-006	-0.0015
1.607271e-006	-0.002125
1.607771e-006	-0.0018125
1.608271e-006	-0.00025
1.608771e-006	-0.0005625
1.609271e-006	-0.0005625
1.609771e-006	6.25e-005
1.610271e-006	6.25e-005
1.610771e-006	0.0006875
1.611271e-006	0.001
1.611771e-006	0.001
1.612271e-006	0.0006875
1.612771e-006	0.0006875
1.613271e-006	0.000375
1.613771e-006	-0.0011875
1.614271e-006	-0.0005625
1.614771e-006	-0.0005625
1.615271e-006	-0.0005625
1.615771e-006	-0.0005625
1.616271e-006	-0.0015
1.616771e-006	-0.0011875
1.617271e-006	-0.000875
1.617771e-006	-0.0005625
1.618271e-006	-0.000875
1.618771e-006	-0.000875
1.619271e-006	-0.0005625
1.619771e-006	-0.00025
1.620271e-006	0.000375
1.620771e-006	0.0006875
1.621271e-006	-0.0005625
1.621771e-006	6.25e-005
1.622271e-006	6.25e-005
1.622771e-006	-0.00025
1.623271e-006	-0.000875
1.623771e-006	-0.00025
1.624271e-006	-0.00025
1.624771e-006	-0.00025
1.625271e-006	0.000375
1.625771e-006	6.25e-005
1.626271e-006	-0.0011875
1.626771e-006	-0.00025
1.627271e-006	-0.00025
1.627771e-006	0.000375
1.628271e-006	-0.00025
1.628771e-006	-0.000875
1.629271e-006	0.000375
1.629771e-006	6.25e-005
1.630271e-006	-0.0005625
1.630771e-006	-0.00025
1.631271e-006	6.25e-005
1.631771e-006	-0.0005625
1.632271e-006	-0.000875
1.632771e-006	-0.0005625
1.633271e-006	-0.0005625
1.633771e-006	-0.0005625
1.634271e-006	6.25e-005
1.634771e-006	-0.0005625
1.635271e-006	-0.000875
1.635771e-006	-0.00025
1.636271e-006	0.001
1.636771e-006	0.0006875
1.637271e-006	6.25e-005
1.637771e-006	6.25e-005
1.638271e-006	6.25e-005
1.638771e-006	-0.00025
1.639271e-006	6.25e-005
1.639771e-006	-0.00025
1.640271e-006	6.25e-005
1.640771e-006	6.25e-005
1.641271e-006	-0.0011875
1.641771e-006	-0.0011875
1.642271e-006	-0.0011875
1.642771e-006	-0.0011875
1.643271e-006	-0.0018125
1.643771e-006	-0.0005625
1.644271e-006	-0.00025
1.644771e-006	-0.0005625
1.645271e-006	-0.0005625
1.645771e-006	6.25e-005
1.646271e-006	6.25e-005
1.646771e-006	6.25e-005
1.647271e-006	0.0006875
1.647771e-006	0.0006875
1.648271e-006	6.25e-005
1.648771e-006	0.001
1.649271e-006	0.0006875
1.649771e-006	-0.00025
1.650271e-006	-0.000875
1.650771e-006	-0.000875
1.651271e-006	-0.000875
1.651771e-006	-0.000875
1.652271e-006	-0.000875
1.652771e-006	-0.0018125
1.653271e-006	-0.0015
1.653771e-006	-0.000875
1.654271e-006	-0.0011875
1.654771e-006	-0.0005625
1.655271e-006	6.25e-005
1.655771e-006	-0.0005625
1.656271e-006	0.000375
1.656771e-006	0.000375
1.657271e-006	0.001
1.657771e-006	0.0006875
1.658271e-006	0.000375
1.658771e-006	0.0006875
1.659271e-006	0.0006875
1.659771e-006	6.25e-005
1.660271e-006	-0.000875
1.660771e-006	-0.0011875
1.661271e-006	-0.00025
1.661771e-006	-0.0005625
1.662271e-006	-0.000875
1.662771e-006	-0.0015
1.663271e-006	-0.0011875
1.663771e-006	-0.0005625
1.664271e-006	-0.0011875
1.664771e-006	-0.0011875
1.665271e-006	-0.000875
1.665771e-006	-0.00025
1.666271e-006	0.000375
1.666771e-006	0.000375
1.667271e-006	6.25e-005
1.667771e-006	0.0006875
1.668271e-006	0.000375
1.668771e-006	0.000375
1.669271e-006	0.000375
1.669771e-006	0.001
1.670271e-006	6.25e-005
1.670771e-006	6.25e-005
1.671271e-006	-0.0005625
1.671771e-006	-0.0005625
1.672271e-006	-0.0005625
1.672771e-006	-0.0005625
1.673271e-006	-0.000875
1.673771e-006	-0.000875
1.674271e-006	-0.0015
1.674771e-006	-0.0018125
1.675271e-006	-0.0015
1.675771e-006	-0.000875
1.676271e-006	-0.000875
1.676771e-006	-0.0005625
1.677271e-006	6.25e-005
1.677771e-006	0.000375
1.678271e-006	-0.0005625
1.678771e-006	6.25e-005
1.679271e-006	0.0006875
1.679771e-006	-0.0005625
1.680271e-006	6.25e-005
1.680771e-006	6.25e-005
1.681271e-006	0.000375
1.681771e-006	-0.00025
1.682271e-006	-0.00025
1.682771e-006	-0.0005625
1.683271e-006	-0.000875
1.683771e-006	-0.0011875
1.684271e-006	-0.000875
1.684771e-006	-0.000875
1.685271e-006	-0.0015
1.685771e-006	-0.0015
1.686271e-006	-0.0005625
1.686771e-006	-0.0011875
1.687271e-006	-0.0018125
1.687771e-006	-0.000875
1.688271e-006	-0.000875
1.688771e-006	-0.0005625
1.689271e-006	-0.00025
1.689771e-006	6.25e-005
1.690271e-006	0.000375
1.690771e-006	0.0006875
1.691271e-006	0.000375
1.691771e-006	0.000375
1.692271e-006	6.25e-005
1.692771e-006	6.25e-005
1.693271e-006	-0.0005625
1.693771e-006	-0.00025
1.694271e-006	-0.000875
1.694771e-006	-0.0015
1.695271e-006	-0.0015
1.695771e-006	-0.0015
1.696271e-006	-0.0015
1.696771e-006	-0.000875
1.697271e-006	-0.0011875
1.697771e-006	-0.0011875
1.698271e-006	-0.0011875
1.698771e-006	-0.0005625
1.699271e-006	-0.000875
1.699771e-006	-0.0005625
1.700271e-006	0.000375
1.700771e-006	6.25e-005
1.701271e-006	0.001
1.701771e-006	0.0006875
1.702271e-006	0.000375
1.702771e-006	0.000375
1.703271e-006	6.25e-005
1.703771e-006	-0.0005625
1.704271e-006	6.25e-005
1.704771e-006	-0.000875
1.705271e-006	-0.0015
1.705771e-006	-0.0015
1.706271e-006	-0.0018125
1.706771e-006	-0.0015
1.707271e-006	-0.0018125
1.707771e-006	-0.0011875
1.708271e-006	-0.0011875
1.708771e-006	-0.0011875
1.709271e-006	-0.00025
1.709771e-006	6.25e-005
1.710271e-006	0.000375
1.710771e-006	6.25e-005
1.711271e-006	6.25e-005
1.711771e-006	0.0006875
1.712271e-006	0.0006875
1.712771e-006	0.0006875
1.713271e-006	6.25e-005
1.713771e-006	6.25e-005
1.714271e-006	-0.00025
1.714771e-006	-0.0005625
1.715271e-006	-0.0011875
1.715771e-006	-0.0011875
1.716271e-006	-0.0011875
1.716771e-006	-0.0011875
1.717271e-006	-0.0011875
1.717771e-006	-0.0011875
1.718271e-006	-0.000875
1.718771e-006	-0.0005625
1.719271e-006	-0.00025
1.719771e-006	6.25e-005
1.720271e-006	6.25e-005
1.720771e-006	6.25e-005
1.721271e-006	0.0006875
1.721771e-006	0.0006875
1.722271e-006	6.25e-005
1.722771e-006	6.25e-005
1.723271e-006	6.25e-005
1.723771e-006	-0.000875
1.724271e-006	6.25e-005
1.724771e-006	-0.000875
1.725271e-006	-0.000875
1.725771e-006	-0.000875
1.726271e-006	-0.0015
1.726771e-006	-0.0011875
1.727271e-006	-0.000875
1.727771e-006	-0.00025
1.728271e-006	-0.0005625
1.728771e-006	-0.0005625
1.729271e-006	6.25e-005
1.729771e-006	-0.00025
1.730271e-006	0.0006875
1.730771e-006	0.000375
1.731271e-006	6.25e-005
1.731771e-006	6.25e-005
1.732271e-006	-0.0005625
1.732771e-006	-0.00025
1.733271e-006	-0.0011875
1.733771e-006	-0.0015
1.734271e-006	-0.0005625
1.734771e-006	-0.0011875
1.735271e-006	-0.000875
1.735771e-006	-0.000875
1.736271e-006	-0.0015
1.736771e-006	-0.0005625
1.737271e-006	-0.0011875
1.737771e-006	-0.0005625
1.738271e-006	6.25e-005
1.738771e-006	6.25e-005
1.739271e-006	6.25e-005
1.739771e-006	0.0006875
1.740271e-006	0.0013125
1.740771e-006	0.001
1.741271e-006	6.25e-005
1.741771e-006	0.000375
1.742271e-006	-0.0005625
1.742771e-006	-0.000875
1.743271e-006	-0.0011875
1.743771e-006	-0.002125
1.744271e-006	-0.0018125
1.744771e-006	-0.0018125
1.745271e-006	-0.0018125
1.745771e-006	-0.000875
1.746271e-006	-0.0011875
1.746771e-006	-0.0011875
1.747271e-006	-0.000875
1.747771e-006	6.25e-005
1.748271e-006	0.000375
1.748771e-006	0.000375
1.749271e-006	0.0013125
1.749771e-006	0.0013125
1.750271e-006	0.001625
1.750771e-006	0.0013125
1.751271e-006	0.000375
1.751771e-006	0.0006875
1.752271e-006	-0.00025
1.752771e-006	-0.0015
1.753271e-006	-0.0018125
1.753771e-006	-0.0024375
1.754271e-006	-0.002125
1.754771e-006	-0.0024375
1.755271e-006	-0.0024375
1.755771e-006	-0.0018125
1.756271e-006	-0.0018125
1.756771e-006	-0.0005625
1.757271e-006	6.25e-005
1.757771e-006	6.25e-005
1.758271e-006	0.0006875
1.758771e-006	0.001
1.759271e-006	0.0019375
1.759771e-006	0.00225
1.760271e-006	0.0013125
1.760771e-006	0.0013125
1.761271e-006	6.25e-005
1.761771e-006	-0.00025
1.762271e-006	-0.0005625
1.762771e-006	-0.0015
1.763271e-006	-0.0011875
1.763771e-006	-0.0018125
1.764271e-006	-0.002125
1.764771e-006	-0.0024375
1.765271e-006	-0.002125
1.765771e-006	-0.0018125
1.766271e-006	-0.0024375
1.766771e-006	-0.000875
1.767271e-006	-0.00025
1.767771e-006	6.25e-005
1.768271e-006	0.0013125
1.768771e-006	0.0013125
1.769271e-006	0.0025625
1.769771e-006	0.0025625
1.770271e-006	0.001625
1.770771e-006	0.0019375
1.771271e-006	0.001
1.771771e-006	0.0006875
1.772271e-006	0.000375
1.772771e-006	-0.0011875
1.773271e-006	-0.0011875
1.773771e-006	-0.0024375
1.774271e-006	-0.00275
1.774771e-006	-0.0024375
1.775271e-006	-0.0024375
1.775771e-006	-0.0018125
1.776271e-006	-0.0018125
1.776771e-006	-0.0005625
1.777271e-006	0.000375
1.777771e-006	0.000375
1.778271e-006	0.000375
1.778771e-006	0.0013125
1.779271e-006	0.0025625
1.779771e-006	0.0019375
1.780271e-006	0.0013125
1.780771e-006	0.00225
1.781271e-006	0.0013125
1.781771e-006	0.000375
1.782271e-006	-0.0005625
1.782771e-006	-0.0015
1.783271e-006	-0.0011875
1.783771e-006	-0.0018125
1.784271e-006	-0.0024375
1.784771e-006	-0.0024375
1.785271e-006	-0.0024375
1.785771e-006	-0.0015
1.786271e-006	-0.0018125
1.786771e-006	-0.0011875
1.787271e-006	-0.000875
1.787771e-006	0.000375
1.788271e-006	0.001
