LECROYWS454	16215	Waveform
Segments	1	SegmentSize	4002
Segment	TrigTime	TimeSinceSegment1
#1	02-May-2024 19:30:09	0                 
Time	Ampl
-2.12474e-007	-0.0005625
-2.11974e-007	-0.00025
-2.11474e-007	-0.0005625
-2.10974e-007	-0.0005625
-2.10474e-007	0.000375
-2.09974e-007	0.000375
-2.09474e-007	6.25e-005
-2.08974e-007	6.25e-005
-2.08474e-007	0.000375
-2.07974e-007	6.25e-005
-2.07474e-007	-0.00025
-2.06974e-007	-0.00025
-2.06474e-007	6.25e-005
-2.05974e-007	6.25e-005
-2.05474e-007	6.25e-005
-2.04974e-007	6.25e-005
-2.04474e-007	-0.0005625
-2.03974e-007	-0.000875
-2.03474e-007	-0.000875
-2.02974e-007	-0.00025
-2.02474e-007	-0.00025
-2.01974e-007	-0.00025
-2.01474e-007	-0.0005625
-2.00974e-007	6.25e-005
-2.00474e-007	6.25e-005
-1.99974e-007	-0.000875
-1.99474e-007	6.25e-005
-1.98974e-007	6.25e-005
-1.98474e-007	6.25e-005
-1.97974e-007	0.000375
-1.97474e-007	-0.0005625
-1.96974e-007	-0.0005625
-1.96474e-007	-0.0005625
-1.95974e-007	-0.00025
-1.95474e-007	-0.00025
-1.94974e-007	-0.00025
-1.94474e-007	0.000375
-1.93974e-007	-0.00025
-1.93474e-007	6.25e-005
-1.92974e-007	-0.0005625
-1.92474e-007	-0.0005625
-1.91974e-007	-0.0005625
-1.91474e-007	-0.0005625
-1.90974e-007	-0.0005625
-1.90474e-007	-0.0005625
-1.89974e-007	-0.0005625
-1.89474e-007	-0.00025
-1.88974e-007	0.0006875
-1.88474e-007	0.000375
-1.87974e-007	-0.00025
-1.87474e-007	6.25e-005
-1.86974e-007	-0.0005625
-1.86474e-007	-0.0011875
-1.85974e-007	-0.00025
-1.85474e-007	6.25e-005
-1.84974e-007	6.25e-005
-1.84474e-007	-0.0005625
-1.83974e-007	-0.0011875
-1.83474e-007	-0.0005625
-1.82974e-007	-0.0005625
-1.82474e-007	6.25e-005
-1.81974e-007	6.25e-005
-1.81474e-007	-0.0005625
-1.80974e-007	-0.00025
-1.80474e-007	6.25e-005
-1.79974e-007	-0.00025
-1.79474e-007	6.25e-005
-1.78974e-007	6.25e-005
-1.78474e-007	6.25e-005
-1.77974e-007	-0.000875
-1.77474e-007	-0.0011875
-1.76974e-007	-0.0005625
-1.76474e-007	-0.00025
-1.75974e-007	-0.00025
-1.75474e-007	-0.0005625
-1.74974e-007	-0.000875
-1.74474e-007	-0.00025
-1.73974e-007	-0.00025
-1.73474e-007	0.000375
-1.72974e-007	6.25e-005
-1.72474e-007	-0.000875
-1.71974e-007	-0.000875
-1.71474e-007	-0.0011875
-1.70974e-007	-0.0005625
-1.70474e-007	-0.0005625
-1.69974e-007	-0.0005625
-1.69474e-007	6.25e-005
-1.68974e-007	-0.00025
-1.68474e-007	6.25e-005
-1.67974e-007	-0.0005625
-1.67474e-007	-0.0005625
-1.66974e-007	0.000375
-1.66474e-007	6.25e-005
-1.65974e-007	0.000375
-1.65474e-007	-0.0005625
-1.64974e-007	-0.000875
-1.64474e-007	-0.00025
-1.63974e-007	6.25e-005
-1.63474e-007	6.25e-005
-1.62974e-007	-0.000875
-1.62474e-007	-0.000875
-1.61974e-007	-0.00025
-1.61474e-007	-0.00025
-1.60974e-007	6.25e-005
-1.60474e-007	6.25e-005
-1.59974e-007	-0.00025
-1.59474e-007	-0.0005625
-1.58974e-007	-0.0018125
-1.58474e-007	-0.000875
-1.57974e-007	-0.0005625
-1.57474e-007	-0.000875
-1.56974e-007	-0.0005625
-1.56474e-007	-0.0005625
-1.55974e-007	-0.0005625
-1.55474e-007	6.25e-005
-1.54974e-007	0.000375
-1.54474e-007	-0.0005625
-1.53974e-007	-0.000875
-1.53474e-007	6.25e-005
-1.52974e-007	-0.000875
-1.52474e-007	-0.0011875
-1.51974e-007	-0.0011875
-1.51474e-007	-0.0011875
-1.50974e-007	-0.0005625
-1.50474e-007	-0.0005625
-1.49974e-007	-0.0018125
-1.49474e-007	-0.000875
-1.48974e-007	-0.0011875
-1.48474e-007	-0.0005625
-1.47974e-007	-0.0005625
-1.47474e-007	-0.0005625
-1.46974e-007	-0.0005625
-1.46474e-007	6.25e-005
-1.45974e-007	0.000375
-1.45474e-007	6.25e-005
-1.44974e-007	6.25e-005
-1.44474e-007	-0.0005625
-1.43974e-007	-0.0011875
-1.43474e-007	-0.000875
-1.42974e-007	-0.0005625
-1.42474e-007	-0.0005625
-1.41974e-007	-0.000875
-1.41474e-007	-0.0011875
-1.40974e-007	-0.0011875
-1.40474e-007	-0.0011875
-1.39974e-007	-0.000875
-1.39474e-007	-0.0011875
-1.38974e-007	-0.0005625
-1.38474e-007	-0.00025
-1.37974e-007	-0.0005625
-1.37474e-007	-0.000875
-1.36974e-007	-0.0005625
-1.36474e-007	6.25e-005
-1.35974e-007	0.000375
-1.35474e-007	6.25e-005
-1.34974e-007	0.000375
-1.34474e-007	0.000375
-1.33974e-007	0.0006875
-1.33474e-007	6.25e-005
-1.32974e-007	-0.0005625
-1.32474e-007	-0.0005625
-1.31974e-007	-0.0005625
-1.31474e-007	-0.0005625
-1.30974e-007	-0.0011875
-1.30474e-007	-0.000875
-1.29974e-007	-0.0005625
-1.29474e-007	-0.000875
-1.28974e-007	-0.0018125
-1.28474e-007	-0.0015
-1.27974e-007	-0.0005625
-1.27474e-007	6.25e-005
-1.26974e-007	-0.000875
-1.26474e-007	-0.0005625
-1.25974e-007	-0.00025
-1.25474e-007	-0.00025
-1.24974e-007	6.25e-005
-1.24474e-007	6.25e-005
-1.23974e-007	0.000375
-1.23474e-007	-0.00025
-1.22974e-007	-0.0005625
-1.22474e-007	-0.00025
-1.21974e-007	-0.00025
-1.21474e-007	6.25e-005
-1.20974e-007	-0.0005625
-1.20474e-007	-0.0018125
-1.19974e-007	-0.000875
-1.19474e-007	-0.0005625
-1.18974e-007	-0.000875
-1.18474e-007	-0.00025
-1.17974e-007	-0.00025
-1.17474e-007	-0.000875
-1.16974e-007	-0.000875
-1.16474e-007	6.25e-005
-1.15974e-007	-0.0005625
-1.15474e-007	-0.00025
-1.14974e-007	0.0006875
-1.14474e-007	0.000375
-1.13974e-007	0.0006875
-1.13474e-007	6.25e-005
-1.12974e-007	6.25e-005
-1.12474e-007	0.000375
-1.11974e-007	-0.00025
-1.11474e-007	-0.0005625
-1.10974e-007	-0.0005625
-1.10474e-007	-0.0005625
-1.09974e-007	-0.0005625
-1.09474e-007	-0.0011875
-1.08974e-007	-0.0015
-1.08474e-007	-0.0005625
-1.07974e-007	-0.000875
-1.07474e-007	-0.0005625
-1.06974e-007	-0.000875
-1.06474e-007	-0.000875
-1.05974e-007	-0.000875
-1.05474e-007	-0.00025
-1.04974e-007	0.0006875
-1.04474e-007	-0.0005625
-1.03974e-007	6.25e-005
-1.03474e-007	6.25e-005
-1.02974e-007	6.25e-005
-1.02474e-007	0.0006875
-1.01974e-007	0.000375
-1.01474e-007	6.25e-005
-1.00974e-007	-0.000875
-1.00474e-007	-0.0011875
-9.9974e-008	6.25e-005
-9.9474e-008	-0.0011875
-9.8974e-008	6.25e-005
-9.8474e-008	-0.0005625
-9.7974e-008	-0.000875
-9.7474e-008	-0.0011875
-9.6974e-008	-0.0015
-9.6474e-008	-0.0005625
-9.5974e-008	-0.0011875
-9.5474e-008	-0.000875
-9.4974e-008	6.25e-005
-9.4474e-008	-0.000875
-9.3974e-008	6.25e-005
-9.3474e-008	0.000375
-9.2974e-008	0.0006875
-9.2474e-008	6.25e-005
-9.1974e-008	6.25e-005
-9.1474e-008	0.001
-9.0974e-008	-0.00025
-9.0474e-008	-0.0005625
-8.9974e-008	-0.000875
-8.9474e-008	-0.0011875
-8.8974e-008	-0.0005625
-8.8474e-008	-0.000875
-8.7974e-008	-0.0011875
-8.7474e-008	-0.00025
-8.6974e-008	-0.0011875
-8.6474e-008	-0.0011875
-8.5974e-008	-0.0011875
-8.5474e-008	-0.00025
-8.4974e-008	-0.0005625
-8.4474e-008	-0.0005625
-8.3974e-008	0.000375
-8.3474e-008	-0.00025
-8.2974e-008	0.001
-8.2474e-008	0.001
-8.1974e-008	0.000375
-8.1474e-008	0.001
-8.0974e-008	6.25e-005
-8.0474e-008	-0.0005625
-7.9974e-008	-0.0005625
-7.9474e-008	-0.0005625
-7.8974e-008	-0.00025
-7.8474e-008	-0.0011875
-7.7974e-008	-0.0015
-7.7474e-008	-0.0011875
-7.6974e-008	-0.000875
-7.6474e-008	-0.0011875
-7.5974e-008	-0.0018125
-7.5474e-008	-0.0005625
-7.4974e-008	-0.0005625
-7.4474e-008	-0.0005625
-7.3974e-008	6.25e-005
-7.3474e-008	6.25e-005
-7.2974e-008	6.25e-005
-7.2474e-008	6.25e-005
-7.1974e-008	0.0013125
-7.1474e-008	0.0013125
-7.0974e-008	0.001
-7.0474e-008	0.000375
-6.9974e-008	-0.0005625
-6.9474e-008	-0.00025
-6.8974e-008	6.25e-005
-6.8474e-008	-0.0015
-6.7974e-008	-0.0015
-6.7474e-008	-0.0005625
-6.6974e-008	-0.000875
-6.6474e-008	-0.0011875
-6.5974e-008	-0.000875
-6.5474e-008	-0.0005625
-6.4974e-008	-0.000875
-6.4474e-008	-0.00025
-6.3974e-008	6.25e-005
-6.3474e-008	0.0006875
-6.2974e-008	0.001
-6.2474e-008	0.0006875
-6.1974e-008	0.0013125
-6.1474e-008	0.000375
-6.0974e-008	0.001
-6.0474e-008	0.000375
-5.9974e-008	-0.000875
-5.9474e-008	-0.0005625
-5.8974e-008	-0.0011875
-5.8474e-008	-0.0011875
-5.7974e-008	-0.0018125
-5.7474e-008	-0.0015
-5.6974e-008	-0.000875
-5.6474e-008	-0.0011875
-5.5974e-008	-0.000875
-5.5474e-008	-0.0005625
-5.4974e-008	-0.00025
-5.4474e-008	6.25e-005
-5.3974e-008	0.000375
-5.3474e-008	0.001
-5.2974e-008	0.001625
-5.2474e-008	0.0006875
-5.1974e-008	0.001
-5.1474e-008	0.0006875
-5.0974e-008	0.001
-5.0474e-008	-0.0005625
-4.9974e-008	-0.000875
-4.9474e-008	-0.0005625
-4.8974e-008	-0.0011875
-4.8474e-008	-0.0018125
-4.7974e-008	-0.002125
-4.7474e-008	-0.0015
-4.6974e-008	-0.000875
-4.6474e-008	-0.0015
-4.5974e-008	-0.000875
-4.5474e-008	6.25e-005
-4.4974e-008	0.000375
-4.4474e-008	0.001
-4.3974e-008	0.0006875
-4.3474e-008	0.0013125
-4.2974e-008	0.0006875
-4.2474e-008	0.0013125
-4.1974e-008	0.0006875
-4.1474e-008	0.000375
-4.0974e-008	0.000375
-4.0474e-008	-0.000875
-3.9974e-008	-0.0015
-3.9474e-008	-0.000875
-3.8974e-008	-0.002125
-3.8474e-008	-0.002125
-3.7974e-008	-0.002125
-3.7474e-008	-0.0018125
-3.6974e-008	-0.0015
-3.6474e-008	-0.0005625
-3.5974e-008	0.000375
-3.5474e-008	0.000375
-3.4974e-008	0.001
-3.4474e-008	0.0013125
-3.3974e-008	0.0019375
-3.3474e-008	0.0025625
-3.2974e-008	0.00225
-3.2474e-008	0.001625
-3.1974e-008	0.001
-3.1474e-008	6.25e-005
-3.0974e-008	0.000375
-3.0474e-008	6.25e-005
-2.9974e-008	-0.000875
-2.9474e-008	-0.002125
-2.8974e-008	-0.0024375
-2.8474e-008	-0.00275
-2.7974e-008	-0.0024375
-2.7474e-008	-0.0018125
-2.6974e-008	-0.0011875
-2.6474e-008	-0.0005625
-2.5974e-008	-0.0005625
-2.5474e-008	0.0006875
-2.4974e-008	0.0013125
-2.4474e-008	0.0013125
-2.3974e-008	0.001625
-2.3474e-008	0.0025625
-2.2974e-008	0.0025625
-2.2474e-008	0.0013125
-2.1974e-008	0.0006875
-2.1474e-008	0.0006875
-2.0974e-008	6.25e-005
-2.0474e-008	-0.000875
-1.9974e-008	-0.002125
-1.9474e-008	-0.002125
-1.8974e-008	-0.0024375
-1.8474e-008	-0.00275
-1.7974e-008	-0.0024375
-1.7474e-008	-0.002125
-1.6974e-008	-0.0015
-1.6474e-008	-0.0011875
-1.5974e-008	0.000375
-1.5474e-008	0.0006875
-1.4974e-008	0.001
-1.4474e-008	0.001625
-1.3974e-008	0.0019375
-1.3474e-008	0.0019375
-1.2974e-008	0.00225
-1.2474e-008	0.001625
-1.1974e-008	0.0013125
-1.1474e-008	0.000375
-1.0974e-008	-0.0005625
-1.0474e-008	-0.0011875
-9.974e-009	-0.002125
-9.474e-009	-0.0024375
-8.974e-009	-0.0024375
-8.474e-009	-0.0030625
-7.974e-009	-0.0030625
-7.474e-009	-0.0043125
-6.974e-009	-0.0055625
-6.474e-009	-0.0055625
-5.974e-009	-0.00525
-5.474e-009	-0.0049375
-4.974e-009	-0.0061875
-4.474e-009	-0.0055625
-3.974e-009	-0.0055625
-3.474e-009	-0.0068125
-2.974e-009	-0.00775
-2.474e-009	-0.00775
-1.974e-009	-0.0080625
-1.474e-009	-0.009625
-9.74e-010	-0.0105625
-4.74e-010	-0.0115
2.6e-011	-0.0124375
5.26e-010	-0.012125
1.026e-009	-0.0118125
1.526e-009	-0.01275
2.026e-009	-0.0136875
2.526e-009	-0.01275
3.026e-009	-0.012125
3.526e-009	-0.01275
4.026e-009	-0.013375
4.526e-009	-0.01275
5.026e-009	-0.012125
5.526e-009	-0.0118125
6.026e-009	-0.012125
6.526e-009	-0.0124375
7.026e-009	-0.0130625
7.526e-009	-0.014
8.026e-009	-0.014
8.526e-009	-0.014625
9.026e-009	-0.014625
9.526e-009	-0.0149375
1.0026e-008	-0.015875
1.0526e-008	-0.0161875
1.1026e-008	-0.0165
1.1526e-008	-0.017125
1.2026e-008	-0.0174375
1.2526e-008	-0.0168125
1.3026e-008	-0.0161875
1.3526e-008	-0.0155625
1.4026e-008	-0.0143125
1.4526e-008	-0.013375
1.5026e-008	-0.01275
1.5526e-008	-0.0130625
1.6026e-008	-0.0130625
1.6526e-008	-0.014
1.7026e-008	-0.014625
1.7526e-008	-0.014625
1.8026e-008	-0.014625
1.8526e-008	-0.015875
1.9026e-008	-0.0165
1.9526e-008	-0.0168125
2.0026e-008	-0.017125
2.0526e-008	-0.0168125
2.1026e-008	-0.017125
2.1526e-008	-0.0168125
2.2026e-008	-0.0165
2.2526e-008	-0.0161875
2.3026e-008	-0.0161875
2.3526e-008	-0.0155625
2.4026e-008	-0.0149375
2.4526e-008	-0.0149375
2.5026e-008	-0.014625
2.5526e-008	-0.014625
2.6026e-008	-0.015875
2.6526e-008	-0.0168125
2.7026e-008	-0.0161875
2.7526e-008	-0.0168125
2.8026e-008	-0.0174375
2.8526e-008	-0.0180625
2.9026e-008	-0.018375
2.9526e-008	-0.018375
3.0026e-008	-0.019
3.0526e-008	-0.0193125
3.1026e-008	-0.019
3.1526e-008	-0.0186875
3.2026e-008	-0.0186875
3.2526e-008	-0.0180625
3.3026e-008	-0.0174375
3.3526e-008	-0.0174375
3.4026e-008	-0.017125
3.4526e-008	-0.0165
3.5026e-008	-0.017125
3.5526e-008	-0.017125
3.6026e-008	-0.0174375
3.6526e-008	-0.01775
3.7026e-008	-0.019
3.7526e-008	-0.019
3.8026e-008	-0.018375
3.8526e-008	-0.0193125
3.9026e-008	-0.019625
3.9526e-008	-0.019625
4.0026e-008	-0.019
4.0526e-008	-0.018375
4.1026e-008	-0.0186875
4.1526e-008	-0.018375
4.2026e-008	-0.01775
4.2526e-008	-0.0180625
4.3026e-008	-0.0174375
4.3526e-008	-0.0165
4.4026e-008	-0.0165
4.4526e-008	-0.0168125
4.5026e-008	-0.017125
4.5526e-008	-0.017125
4.6026e-008	-0.017125
4.6526e-008	-0.0174375
4.7026e-008	-0.01775
4.7526e-008	-0.018375
4.8026e-008	-0.019
4.8526e-008	-0.0193125
4.9026e-008	-0.019
4.9526e-008	-0.019625
5.0026e-008	-0.0199375
5.0526e-008	-0.0193125
5.1026e-008	-0.018375
5.1526e-008	-0.0180625
5.2026e-008	-0.0174375
5.2526e-008	-0.0174375
5.3026e-008	-0.0168125
5.3526e-008	-0.0161875
5.4026e-008	-0.0161875
5.4526e-008	-0.017125
5.5026e-008	-0.0168125
5.5526e-008	-0.017125
5.6026e-008	-0.0174375
5.6526e-008	-0.01775
5.7026e-008	-0.018375
5.7526e-008	-0.018375
5.8026e-008	-0.019
5.8526e-008	-0.019625
5.9026e-008	-0.0186875
5.9526e-008	-0.019
6.0026e-008	-0.019
6.0526e-008	-0.018375
6.1026e-008	-0.0180625
6.1526e-008	-0.0174375
6.2026e-008	-0.01775
6.2526e-008	-0.017125
6.3026e-008	-0.0161875
6.3526e-008	-0.0168125
6.4026e-008	-0.017125
6.4526e-008	-0.01775
6.5026e-008	-0.01775
6.5526e-008	-0.017125
6.6026e-008	-0.0174375
6.6526e-008	-0.017125
6.7026e-008	-0.018375
6.7526e-008	-0.019
6.8026e-008	-0.019
6.8526e-008	-0.019
6.9026e-008	-0.019
6.9526e-008	-0.019
7.0026e-008	-0.0186875
7.0526e-008	-0.018375
7.1026e-008	-0.01775
7.1526e-008	-0.0174375
7.2026e-008	-0.0174375
7.2526e-008	-0.0168125
7.3026e-008	-0.017125
7.3526e-008	-0.0174375
7.4026e-008	-0.0165
7.4526e-008	-0.0174375
7.5026e-008	-0.017125
7.5526e-008	-0.017125
7.6026e-008	-0.017125
7.6526e-008	-0.017125
7.7026e-008	-0.0174375
7.7526e-008	-0.0174375
7.8026e-008	-0.0186875
7.8526e-008	-0.0186875
7.9026e-008	-0.0180625
7.9526e-008	-0.0180625
8.0026e-008	-0.01775
8.0526e-008	-0.0168125
8.1026e-008	-0.0174375
8.1526e-008	-0.0168125
8.2026e-008	-0.0165
8.2526e-008	-0.0168125
8.3026e-008	-0.017125
8.3526e-008	-0.0168125
8.4026e-008	-0.0168125
8.4526e-008	-0.017125
8.5026e-008	-0.0165
8.5526e-008	-0.015875
8.6026e-008	-0.0165
8.6526e-008	-0.017125
8.7026e-008	-0.0180625
8.7526e-008	-0.01775
8.8026e-008	-0.01775
8.8526e-008	-0.0180625
8.9026e-008	-0.0174375
8.9526e-008	-0.0180625
9.0026e-008	-0.01775
9.0526e-008	-0.0174375
9.1026e-008	-0.0168125
9.1526e-008	-0.0161875
9.2026e-008	-0.017125
9.2526e-008	-0.0165
9.3026e-008	-0.0165
9.3526e-008	-0.017125
9.4026e-008	-0.0174375
9.4526e-008	-0.0168125
9.5026e-008	-0.0165
9.5526e-008	-0.0174375
9.6026e-008	-0.017125
9.6526e-008	-0.017125
9.7026e-008	-0.017125
9.7526e-008	-0.0165
9.8026e-008	-0.0165
9.8526e-008	-0.017125
9.9026e-008	-0.0165
9.9526e-008	-0.0168125
1.00026e-007	-0.0165
1.00526e-007	-0.0168125
1.01026e-007	-0.015875
1.01526e-007	-0.01525
1.02026e-007	-0.015875
1.02526e-007	-0.0168125
1.03026e-007	-0.0168125
1.03526e-007	-0.0161875
1.04026e-007	-0.0161875
1.04526e-007	-0.017125
1.05026e-007	-0.0174375
1.05526e-007	-0.017125
1.06026e-007	-0.0168125
1.06526e-007	-0.0165
1.07026e-007	-0.0174375
1.07526e-007	-0.0168125
1.08026e-007	-0.0165
1.08526e-007	-0.0168125
1.09026e-007	-0.0168125
1.09526e-007	-0.01525
1.10026e-007	-0.01525
1.10526e-007	-0.015875
1.11026e-007	-0.015875
1.11526e-007	-0.0149375
1.12026e-007	-0.0155625
1.12526e-007	-0.0155625
1.13026e-007	-0.015875
1.13526e-007	-0.0161875
1.14026e-007	-0.015875
1.14526e-007	-0.015875
1.15026e-007	-0.0165
1.15526e-007	-0.0168125
1.16026e-007	-0.0165
1.16526e-007	-0.0165
1.17026e-007	-0.0165
1.17526e-007	-0.0168125
1.18026e-007	-0.0161875
1.18526e-007	-0.0165
1.19026e-007	-0.015875
1.19526e-007	-0.015875
1.20026e-007	-0.0155625
1.20526e-007	-0.0149375
1.21026e-007	-0.0149375
1.21526e-007	-0.0155625
1.22026e-007	-0.0149375
1.22526e-007	-0.014625
1.23026e-007	-0.014625
1.23526e-007	-0.01525
1.24026e-007	-0.0155625
1.24526e-007	-0.01525
1.25026e-007	-0.015875
1.25526e-007	-0.0165
1.26026e-007	-0.0165
1.26526e-007	-0.0168125
1.27026e-007	-0.0161875
1.27526e-007	-0.0165
1.28026e-007	-0.0165
1.28526e-007	-0.0155625
1.29026e-007	-0.0155625
1.29526e-007	-0.01525
1.30026e-007	-0.015875
1.30526e-007	-0.0149375
1.31026e-007	-0.0143125
1.31526e-007	-0.0149375
1.32026e-007	-0.0149375
1.32526e-007	-0.014625
1.33026e-007	-0.014625
1.33526e-007	-0.0149375
1.34026e-007	-0.0155625
1.34526e-007	-0.01525
1.35026e-007	-0.015875
1.35526e-007	-0.0149375
1.36026e-007	-0.015875
1.36526e-007	-0.0161875
1.37026e-007	-0.0161875
1.37526e-007	-0.0161875
1.38026e-007	-0.015875
1.38526e-007	-0.0155625
1.39026e-007	-0.0155625
1.39526e-007	-0.01525
1.40026e-007	-0.01525
1.40526e-007	-0.0143125
1.41026e-007	-0.0149375
1.41526e-007	-0.014625
1.42026e-007	-0.013375
1.42526e-007	-0.0149375
1.43026e-007	-0.0143125
1.43526e-007	-0.0143125
1.44026e-007	-0.0149375
1.44526e-007	-0.0149375
1.45026e-007	-0.01525
1.45526e-007	-0.01525
1.46026e-007	-0.0161875
1.46526e-007	-0.0155625
1.47026e-007	-0.0149375
1.47526e-007	-0.0155625
1.48026e-007	-0.0149375
1.48526e-007	-0.014625
1.49026e-007	-0.014
1.49526e-007	-0.014625
1.50026e-007	-0.0155625
1.50526e-007	-0.0136875
1.51026e-007	-0.0143125
1.51526e-007	-0.014
1.52026e-007	-0.014
1.52526e-007	-0.0143125
1.53026e-007	-0.014
1.53526e-007	-0.014
1.54026e-007	-0.014625
1.54526e-007	-0.0136875
1.55026e-007	-0.0149375
1.55526e-007	-0.0149375
1.56026e-007	-0.0155625
1.56526e-007	-0.0149375
1.57026e-007	-0.015875
1.57526e-007	-0.0155625
1.58026e-007	-0.014625
1.58526e-007	-0.014625
1.59026e-007	-0.014
1.59526e-007	-0.0149375
1.60026e-007	-0.014625
1.60526e-007	-0.0143125
1.61026e-007	-0.014
1.61526e-007	-0.013375
1.62026e-007	-0.013375
1.62526e-007	-0.0136875
1.63026e-007	-0.0130625
1.63526e-007	-0.014
1.64026e-007	-0.0136875
1.64526e-007	-0.0143125
1.65026e-007	-0.014
1.65526e-007	-0.0143125
1.66026e-007	-0.0143125
1.66526e-007	-0.014625
1.67026e-007	-0.0149375
1.67526e-007	-0.014625
1.68026e-007	-0.014625
1.68526e-007	-0.0149375
1.69026e-007	-0.013375
1.69526e-007	-0.014
1.70026e-007	-0.013375
1.70526e-007	-0.01275
1.71026e-007	-0.0130625
1.71526e-007	-0.0124375
1.72026e-007	-0.0130625
1.72526e-007	-0.013375
1.73026e-007	-0.0130625
1.73526e-007	-0.013375
1.74026e-007	-0.014
1.74526e-007	-0.0136875
1.75026e-007	-0.0143125
1.75526e-007	-0.014625
1.76026e-007	-0.0149375
1.76526e-007	-0.014
1.77026e-007	-0.01525
1.77526e-007	-0.014625
1.78026e-007	-0.014
1.78526e-007	-0.0136875
1.79026e-007	-0.0136875
1.79526e-007	-0.013375
1.80026e-007	-0.0118125
1.80526e-007	-0.0124375
1.81026e-007	-0.0124375
1.81526e-007	-0.0118125
1.82026e-007	-0.0118125
1.82526e-007	-0.0130625
1.83026e-007	-0.01275
1.83526e-007	-0.0130625
1.84026e-007	-0.01275
1.84526e-007	-0.0136875
1.85026e-007	-0.014
1.85526e-007	-0.014625
1.86026e-007	-0.014625
1.86526e-007	-0.01525
1.87026e-007	-0.0149375
1.87526e-007	-0.0143125
1.88026e-007	-0.014625
1.88526e-007	-0.013375
1.89026e-007	-0.0130625
1.89526e-007	-0.013375
1.90026e-007	-0.0118125
1.90526e-007	-0.012125
1.91026e-007	-0.012125
1.91526e-007	-0.0111875
1.92026e-007	-0.0118125
1.92526e-007	-0.0118125
1.93026e-007	-0.0118125
1.93526e-007	-0.0124375
1.94026e-007	-0.01275
1.94526e-007	-0.013375
1.95026e-007	-0.013375
1.95526e-007	-0.0136875
1.96026e-007	-0.014
1.96526e-007	-0.0143125
1.97026e-007	-0.0149375
1.97526e-007	-0.0143125
1.98026e-007	-0.0143125
1.98526e-007	-0.0136875
1.99026e-007	-0.0130625
1.99526e-007	-0.01275
2.00026e-007	-0.012125
2.00526e-007	-0.0115
2.01026e-007	-0.0111875
2.01526e-007	-0.0105625
2.02026e-007	-0.0111875
2.02526e-007	-0.012125
2.03026e-007	-0.012125
2.03526e-007	-0.012125
2.04026e-007	-0.012125
2.04526e-007	-0.0130625
2.05026e-007	-0.0136875
2.05526e-007	-0.0136875
2.06026e-007	-0.0136875
2.06526e-007	-0.014625
2.07026e-007	-0.014625
2.07526e-007	-0.0136875
2.08026e-007	-0.0130625
2.08526e-007	-0.013375
2.09026e-007	-0.0124375
2.09526e-007	-0.012125
2.10026e-007	-0.0111875
2.10526e-007	-0.0111875
2.11026e-007	-0.0115
2.11526e-007	-0.010875
2.12026e-007	-0.01025
2.12526e-007	-0.0111875
2.13026e-007	-0.0111875
2.13526e-007	-0.01275
2.14026e-007	-0.012125
2.14526e-007	-0.0124375
2.15026e-007	-0.013375
2.15526e-007	-0.014
2.16026e-007	-0.0143125
2.16526e-007	-0.0130625
2.17026e-007	-0.0136875
2.17526e-007	-0.0136875
2.18026e-007	-0.0136875
2.18526e-007	-0.0130625
2.19026e-007	-0.012125
2.19526e-007	-0.0111875
2.20026e-007	-0.0105625
2.20526e-007	-0.0105625
2.21026e-007	-0.010875
2.21526e-007	-0.01025
2.22026e-007	-0.0105625
2.22526e-007	-0.0111875
2.23026e-007	-0.0111875
2.23526e-007	-0.0118125
2.24026e-007	-0.0118125
2.24526e-007	-0.0130625
2.25026e-007	-0.01275
2.25526e-007	-0.013375
2.26026e-007	-0.013375
2.26526e-007	-0.0130625
2.27026e-007	-0.0130625
2.27526e-007	-0.013375
2.28026e-007	-0.0124375
2.28526e-007	-0.012125
2.29026e-007	-0.0111875
2.29526e-007	-0.0111875
2.30026e-007	-0.0105625
2.30526e-007	-0.010875
2.31026e-007	-0.0105625
2.31526e-007	-0.009625
2.32026e-007	-0.01025
2.32526e-007	-0.0118125
2.33026e-007	-0.0111875
2.33526e-007	-0.012125
2.34026e-007	-0.01275
2.34526e-007	-0.0130625
2.35026e-007	-0.01275
2.35526e-007	-0.01275
2.36026e-007	-0.01275
2.36526e-007	-0.0130625
2.37026e-007	-0.01275
2.37526e-007	-0.0124375
2.38026e-007	-0.012125
2.38526e-007	-0.0115
2.39026e-007	-0.01025
2.39526e-007	-0.0099375
2.40026e-007	-0.0099375
2.40526e-007	-0.009
2.41026e-007	-0.009625
2.41526e-007	-0.0105625
2.42026e-007	-0.010875
2.42526e-007	-0.01025
2.43026e-007	-0.0111875
2.43526e-007	-0.0124375
2.44026e-007	-0.0124375
2.44526e-007	-0.0130625
2.45026e-007	-0.013375
2.45526e-007	-0.014
2.46026e-007	-0.013375
2.46526e-007	-0.01275
2.47026e-007	-0.0124375
2.47526e-007	-0.012125
2.48026e-007	-0.0115
2.48526e-007	-0.01025
2.49026e-007	-0.009625
2.49526e-007	-0.0093125
2.50026e-007	-0.0093125
2.50526e-007	-0.0086875
2.51026e-007	-0.0086875
2.51526e-007	-0.0099375
2.52026e-007	-0.0093125
2.52526e-007	-0.009625
2.53026e-007	-0.0118125
2.53526e-007	-0.012125
2.54026e-007	-0.0118125
2.54526e-007	-0.01275
2.55026e-007	-0.013375
2.55526e-007	-0.013375
2.56026e-007	-0.01275
2.56526e-007	-0.01275
2.57026e-007	-0.0124375
2.57526e-007	-0.0111875
2.58026e-007	-0.0105625
2.58526e-007	-0.0093125
2.59026e-007	-0.009
2.59526e-007	-0.0080625
2.60026e-007	-0.0080625
2.60526e-007	-0.008375
2.61026e-007	-0.008375
2.61526e-007	-0.008375
2.62026e-007	-0.0086875
2.62526e-007	-0.01025
2.63026e-007	-0.0115
2.63526e-007	-0.012125
2.64026e-007	-0.012125
2.64526e-007	-0.013375
2.65026e-007	-0.014
2.65526e-007	-0.0130625
2.66026e-007	-0.012125
2.66526e-007	-0.01275
2.67026e-007	-0.0115
2.67526e-007	-0.0099375
2.68026e-007	-0.009625
2.68526e-007	-0.009625
2.69026e-007	-0.0086875
2.69526e-007	-0.0074375
2.70026e-007	-0.008375
2.70526e-007	-0.0080625
2.71026e-007	-0.0080625
2.71526e-007	-0.0086875
2.72026e-007	-0.0086875
2.72526e-007	-0.0099375
2.73026e-007	-0.010875
2.73526e-007	-0.012125
2.74026e-007	-0.01275
2.74526e-007	-0.0124375
2.75026e-007	-0.0130625
2.75526e-007	-0.0130625
2.76026e-007	-0.0118125
2.76526e-007	-0.0115
2.77026e-007	-0.0115
2.77526e-007	-0.010875
2.78026e-007	-0.009625
2.78526e-007	-0.0086875
2.79026e-007	-0.009
2.79526e-007	-0.0074375
2.80026e-007	-0.007125
2.80526e-007	-0.0080625
2.81026e-007	-0.0093125
2.81526e-007	-0.0093125
2.82026e-007	-0.009
2.82526e-007	-0.0099375
2.83026e-007	-0.010875
2.83526e-007	-0.0111875
2.84026e-007	-0.0118125
2.84526e-007	-0.012125
2.85026e-007	-0.0124375
2.85526e-007	-0.01275
2.86026e-007	-0.0118125
2.86526e-007	-0.0118125
2.87026e-007	-0.01025
2.87526e-007	-0.01025
2.88026e-007	-0.009625
2.88526e-007	-0.008375
2.89026e-007	-0.0080625
2.89526e-007	-0.0074375
2.90026e-007	-0.00775
2.90526e-007	-0.0080625
2.91026e-007	-0.0086875
2.91526e-007	-0.009
2.92026e-007	-0.0093125
2.92526e-007	-0.0099375
2.93026e-007	-0.010875
2.93526e-007	-0.0118125
2.94026e-007	-0.0115
2.94526e-007	-0.0115
2.95026e-007	-0.0118125
2.95526e-007	-0.010875
2.96026e-007	-0.0105625
2.96526e-007	-0.010875
2.97026e-007	-0.01025
2.97526e-007	-0.0086875
2.98026e-007	-0.0086875
2.98526e-007	-0.0086875
2.99026e-007	-0.008375
2.99526e-007	-0.0080625
3.00026e-007	-0.008375
3.00526e-007	-0.0080625
3.01026e-007	-0.0086875
3.01526e-007	-0.0093125
3.02026e-007	-0.0099375
3.02526e-007	-0.01025
3.03026e-007	-0.0105625
3.03526e-007	-0.0111875
3.04026e-007	-0.0111875
3.04526e-007	-0.01025
3.05026e-007	-0.0099375
3.05526e-007	-0.009625
3.06026e-007	-0.0099375
3.06526e-007	-0.0099375
3.07026e-007	-0.0093125
3.07526e-007	-0.0086875
3.08026e-007	-0.00775
3.08526e-007	-0.007125
3.09026e-007	-0.0080625
3.09526e-007	-0.009
3.10026e-007	-0.009
3.10526e-007	-0.0080625
3.11026e-007	-0.0093125
3.11526e-007	-0.0093125
3.12026e-007	-0.009625
3.12526e-007	-0.01025
3.13026e-007	-0.0099375
3.13526e-007	-0.01025
3.14026e-007	-0.0105625
3.14526e-007	-0.009625
3.15026e-007	-0.0099375
3.15526e-007	-0.0093125
3.16026e-007	-0.0086875
3.16526e-007	-0.008375
3.17026e-007	-0.0086875
3.17526e-007	-0.008375
3.18026e-007	-0.007125
3.18526e-007	-0.007125
3.19026e-007	-0.008375
3.19526e-007	-0.0080625
3.20026e-007	-0.0080625
3.20526e-007	-0.008375
3.21026e-007	-0.0093125
3.21526e-007	-0.009
3.22026e-007	-0.0105625
3.22526e-007	-0.0118125
3.23026e-007	-0.010875
3.23526e-007	-0.0099375
3.24026e-007	-0.01025
3.24526e-007	-0.009625
3.25026e-007	-0.0093125
3.25526e-007	-0.008375
3.26026e-007	-0.008375
3.26526e-007	-0.00775
3.27026e-007	-0.0068125
3.27526e-007	-0.0074375
3.28026e-007	-0.0074375
3.28526e-007	-0.007125
3.29026e-007	-0.00775
3.29526e-007	-0.0080625
3.30026e-007	-0.008375
3.30526e-007	-0.0086875
3.31026e-007	-0.0093125
3.31526e-007	-0.009625
3.32026e-007	-0.01025
3.32526e-007	-0.0105625
3.33026e-007	-0.0105625
3.33526e-007	-0.0105625
3.34026e-007	-0.01025
3.34526e-007	-0.0093125
3.35026e-007	-0.0093125
3.35526e-007	-0.008375
3.36026e-007	-0.00775
3.36526e-007	-0.007125
3.37026e-007	-0.007125
3.37526e-007	-0.007125
3.38026e-007	-0.0074375
3.38526e-007	-0.0074375
3.39026e-007	-0.00775
3.39526e-007	-0.0080625
3.40026e-007	-0.0080625
3.40526e-007	-0.0080625
3.41026e-007	-0.0086875
3.41526e-007	-0.0093125
3.42026e-007	-0.01025
3.42526e-007	-0.009625
3.43026e-007	-0.009
3.43526e-007	-0.009625
3.44026e-007	-0.0099375
3.44526e-007	-0.009
3.45026e-007	-0.009
3.45526e-007	-0.008375
3.46026e-007	-0.008375
3.46526e-007	-0.007125
3.47026e-007	-0.007125
3.47526e-007	-0.00775
3.48026e-007	-0.00775
3.48526e-007	-0.0068125
3.49026e-007	-0.007125
3.49526e-007	-0.0074375
3.50026e-007	-0.0080625
3.50526e-007	-0.0080625
3.51026e-007	-0.0080625
3.51526e-007	-0.0080625
3.52026e-007	-0.0086875
3.52526e-007	-0.0086875
3.53026e-007	-0.0093125
3.53526e-007	-0.009
3.54026e-007	-0.008375
3.54526e-007	-0.008375
3.55026e-007	-0.0080625
3.55526e-007	-0.0080625
3.56026e-007	-0.00775
3.56526e-007	-0.0074375
3.57026e-007	-0.007125
3.57526e-007	-0.0074375
3.58026e-007	-0.008375
3.58526e-007	-0.0080625
3.59026e-007	-0.0074375
3.59526e-007	-0.0074375
3.60026e-007	-0.00775
3.60526e-007	-0.00775
3.61026e-007	-0.00775
3.61526e-007	-0.0080625
3.62026e-007	-0.008375
3.62526e-007	-0.0080625
3.63026e-007	-0.008375
3.63526e-007	-0.0080625
3.64026e-007	-0.0080625
3.64526e-007	-0.0080625
3.65026e-007	-0.009
3.65526e-007	-0.0086875
3.66026e-007	-0.0074375
3.66526e-007	-0.0074375
3.67026e-007	-0.008375
3.67526e-007	-0.0080625
3.68026e-007	-0.00775
3.68526e-007	-0.00775
3.69026e-007	-0.0080625
3.69526e-007	-0.0074375
3.70026e-007	-0.00775
3.70526e-007	-0.007125
3.71026e-007	-0.0074375
3.71526e-007	-0.0080625
3.72026e-007	-0.007125
3.72526e-007	-0.0068125
3.73026e-007	-0.0074375
3.73526e-007	-0.0074375
3.74026e-007	-0.0074375
3.74526e-007	-0.0074375
3.75026e-007	-0.0074375
3.75526e-007	-0.00775
3.76026e-007	-0.0080625
3.76526e-007	-0.0080625
3.77026e-007	-0.0080625
3.77526e-007	-0.008375
3.78026e-007	-0.0074375
3.78526e-007	-0.0080625
3.79026e-007	-0.0093125
3.79526e-007	-0.0080625
3.80026e-007	-0.00775
3.80526e-007	-0.0074375
3.81026e-007	-0.0068125
3.81526e-007	-0.007125
3.82026e-007	-0.0074375
3.82526e-007	-0.0068125
3.83026e-007	-0.005875
3.83526e-007	-0.0068125
3.84026e-007	-0.0074375
3.84526e-007	-0.0068125
3.85026e-007	-0.0068125
3.85526e-007	-0.0068125
3.86026e-007	-0.0074375
3.86526e-007	-0.00775
3.87026e-007	-0.00775
3.87526e-007	-0.008375
3.88026e-007	-0.0080625
3.88526e-007	-0.008375
3.89026e-007	-0.008375
3.89526e-007	-0.0080625
3.90026e-007	-0.0080625
3.90526e-007	-0.00775
3.91026e-007	-0.0074375
3.91526e-007	-0.0061875
3.92026e-007	-0.0061875
3.92526e-007	-0.0068125
3.93026e-007	-0.0068125
3.93526e-007	-0.0061875
3.94026e-007	-0.0068125
3.94526e-007	-0.0065
3.95026e-007	-0.0065
3.95526e-007	-0.0068125
3.96026e-007	-0.0074375
3.96526e-007	-0.007125
3.97026e-007	-0.0080625
3.97526e-007	-0.0080625
3.98026e-007	-0.0080625
3.98526e-007	-0.0080625
3.99026e-007	-0.0074375
3.99526e-007	-0.0074375
4.00026e-007	-0.0080625
4.00526e-007	-0.0074375
4.01026e-007	-0.0080625
4.01526e-007	-0.0074375
4.02026e-007	-0.0061875
4.02526e-007	-0.0065
4.03026e-007	-0.0068125
4.03526e-007	-0.0068125
4.04026e-007	-0.0061875
4.04526e-007	-0.005875
4.05026e-007	-0.0065
4.05526e-007	-0.007125
4.06026e-007	-0.0068125
4.06526e-007	-0.0074375
4.07026e-007	-0.0074375
4.07526e-007	-0.00775
4.08026e-007	-0.00775
4.08526e-007	-0.007125
4.09026e-007	-0.0074375
4.09526e-007	-0.00775
4.10026e-007	-0.00775
4.10526e-007	-0.0074375
4.11026e-007	-0.007125
4.11526e-007	-0.0065
4.12026e-007	-0.0068125
4.12526e-007	-0.0061875
4.13026e-007	-0.0065
4.13526e-007	-0.005875
4.14026e-007	-0.0061875
4.14526e-007	-0.0061875
4.15026e-007	-0.0074375
4.15526e-007	-0.0068125
4.16026e-007	-0.007125
4.16526e-007	-0.007125
4.17026e-007	-0.0074375
4.17526e-007	-0.007125
4.18026e-007	-0.0068125
4.18526e-007	-0.007125
4.19026e-007	-0.00775
4.19526e-007	-0.0068125
4.20026e-007	-0.0068125
4.20526e-007	-0.0068125
4.21026e-007	-0.007125
4.21526e-007	-0.0061875
4.22026e-007	-0.0065
4.22526e-007	-0.0068125
4.23026e-007	-0.0065
4.23526e-007	-0.0068125
4.24026e-007	-0.007125
4.24526e-007	-0.007125
4.25026e-007	-0.007125
4.25526e-007	-0.0065
4.26026e-007	-0.0068125
4.26526e-007	-0.0068125
4.27026e-007	-0.0065
4.27526e-007	-0.0068125
4.28026e-007	-0.0065
4.28526e-007	-0.0061875
4.29026e-007	-0.0065
4.29526e-007	-0.005875
4.30026e-007	-0.005875
4.30526e-007	-0.005875
4.31026e-007	-0.0061875
4.31526e-007	-0.0068125
4.32026e-007	-0.0065
4.32526e-007	-0.007125
4.33026e-007	-0.007125
4.33526e-007	-0.0068125
4.34026e-007	-0.007125
4.34526e-007	-0.0068125
4.35026e-007	-0.0074375
4.35526e-007	-0.0068125
4.36026e-007	-0.0068125
4.36526e-007	-0.0068125
4.37026e-007	-0.0065
4.37526e-007	-0.0065
4.38026e-007	-0.0061875
4.38526e-007	-0.0055625
4.39026e-007	-0.0061875
4.39526e-007	-0.005875
4.40026e-007	-0.0061875
4.40526e-007	-0.0055625
4.41026e-007	-0.0061875
4.41526e-007	-0.0061875
4.42026e-007	-0.0068125
4.42526e-007	-0.0068125
4.43026e-007	-0.0065
4.43526e-007	-0.0068125
4.44026e-007	-0.0074375
4.44526e-007	-0.0074375
4.45026e-007	-0.0074375
4.45526e-007	-0.0068125
4.46026e-007	-0.0068125
4.46526e-007	-0.0068125
4.47026e-007	-0.0061875
4.47526e-007	-0.0061875
4.48026e-007	-0.0055625
4.48526e-007	-0.005875
4.49026e-007	-0.005875
4.49526e-007	-0.0055625
4.50026e-007	-0.005875
4.50526e-007	-0.005875
4.51026e-007	-0.005875
4.51526e-007	-0.0055625
4.52026e-007	-0.0065
4.52526e-007	-0.007125
4.53026e-007	-0.0061875
4.53526e-007	-0.0065
4.54026e-007	-0.007125
4.54526e-007	-0.0074375
4.55026e-007	-0.007125
4.55526e-007	-0.0061875
4.56026e-007	-0.007125
4.56526e-007	-0.0061875
4.57026e-007	-0.0061875
4.57526e-007	-0.0061875
4.58026e-007	-0.00525
4.58526e-007	-0.0055625
4.59026e-007	-0.0055625
4.59526e-007	-0.0055625
4.60026e-007	-0.0065
4.60526e-007	-0.0055625
4.61026e-007	-0.005875
4.61526e-007	-0.005875
4.62026e-007	-0.0061875
4.62526e-007	-0.0061875
4.63026e-007	-0.0068125
4.63526e-007	-0.0068125
4.64026e-007	-0.0065
4.64526e-007	-0.0061875
4.65026e-007	-0.0068125
4.65526e-007	-0.0068125
4.66026e-007	-0.0065
4.66526e-007	-0.005875
4.67026e-007	-0.005875
4.67526e-007	-0.0055625
4.68026e-007	-0.0055625
4.68526e-007	-0.0055625
4.69026e-007	-0.00525
4.69526e-007	-0.0065
4.70026e-007	-0.0055625
4.70526e-007	-0.005875
4.71026e-007	-0.0061875
4.71526e-007	-0.0061875
4.72026e-007	-0.0061875
4.72526e-007	-0.005875
4.73026e-007	-0.0055625
4.73526e-007	-0.0055625
4.74026e-007	-0.00525
4.74526e-007	-0.0065
4.75026e-007	-0.0061875
4.75526e-007	-0.0055625
4.76026e-007	-0.0065
4.76526e-007	-0.005875
4.77026e-007	-0.0055625
4.77526e-007	-0.0055625
4.78026e-007	-0.00525
4.78526e-007	-0.0049375
4.79026e-007	-0.00525
4.79526e-007	-0.005875
4.80026e-007	-0.0068125
4.80526e-007	-0.0065
4.81026e-007	-0.005875
4.81526e-007	-0.0055625
4.82026e-007	-0.0065
4.82526e-007	-0.005875
4.83026e-007	-0.0055625
4.83526e-007	-0.004625
4.84026e-007	-0.00525
4.84526e-007	-0.005875
4.85026e-007	-0.00525
4.85526e-007	-0.00525
4.86026e-007	-0.0049375
4.86526e-007	-0.00525
4.87026e-007	-0.0055625
4.87526e-007	-0.0055625
4.88026e-007	-0.00525
4.88526e-007	-0.0049375
4.89026e-007	-0.0061875
4.89526e-007	-0.007125
4.90026e-007	-0.0061875
4.90526e-007	-0.0061875
4.91026e-007	-0.0061875
4.91526e-007	-0.0065
4.92026e-007	-0.0065
4.92526e-007	-0.0055625
4.93026e-007	-0.0055625
4.93526e-007	-0.00525
4.94026e-007	-0.0049375
4.94526e-007	-0.004625
4.95026e-007	-0.004
4.95526e-007	-0.0049375
4.96026e-007	-0.004625
4.96526e-007	-0.0055625
4.97026e-007	-0.0055625
4.97526e-007	-0.0049375
4.98026e-007	-0.0049375
4.98526e-007	-0.00525
4.99026e-007	-0.005875
4.99526e-007	-0.0061875
5.00026e-007	-0.005875
5.00526e-007	-0.0055625
5.01026e-007	-0.0061875
5.01526e-007	-0.0065
5.02026e-007	-0.0061875
5.02526e-007	-0.0055625
5.03026e-007	-0.005875
5.03526e-007	-0.00525
5.04026e-007	-0.0049375
5.04526e-007	-0.0036875
5.05026e-007	-0.004625
5.05526e-007	-0.0049375
5.06026e-007	-0.004625
5.06526e-007	-0.004625
5.07026e-007	-0.0043125
5.07526e-007	-0.0049375
5.08026e-007	-0.00525
5.08526e-007	-0.005875
5.09026e-007	-0.0061875
5.09526e-007	-0.0055625
5.10026e-007	-0.0055625
5.10526e-007	-0.0055625
5.11026e-007	-0.00525
5.11526e-007	-0.005875
5.12026e-007	-0.00525
5.12526e-007	-0.00525
5.13026e-007	-0.0055625
5.13526e-007	-0.00525
5.14026e-007	-0.00525
5.14526e-007	-0.004625
5.15026e-007	-0.004625
5.15526e-007	-0.0049375
5.16026e-007	-0.0043125
5.16526e-007	-0.0055625
5.17026e-007	-0.0055625
5.17526e-007	-0.00525
5.18026e-007	-0.0049375
5.18526e-007	-0.00525
5.19026e-007	-0.005875
5.19526e-007	-0.0055625
5.20026e-007	-0.0055625
5.20526e-007	-0.00525
5.21026e-007	-0.005875
5.21526e-007	-0.00525
5.22026e-007	-0.0049375
5.22526e-007	-0.00525
5.23026e-007	-0.0055625
5.23526e-007	-0.004625
5.24026e-007	-0.004
5.24526e-007	-0.0043125
5.25026e-007	-0.00525
5.25526e-007	-0.0049375
5.26026e-007	-0.004625
5.26526e-007	-0.00525
5.27026e-007	-0.0055625
5.27526e-007	-0.0055625
5.28026e-007	-0.0043125
5.28526e-007	-0.0055625
5.29026e-007	-0.0055625
5.29526e-007	-0.00525
5.30026e-007	-0.0049375
5.30526e-007	-0.004625
5.31026e-007	-0.004625
5.31526e-007	-0.0049375
5.32026e-007	-0.0049375
5.32526e-007	-0.0043125
5.33026e-007	-0.004
5.33526e-007	-0.004625
5.34026e-007	-0.004625
5.34526e-007	-0.004625
5.35026e-007	-0.0049375
5.35526e-007	-0.00525
5.36026e-007	-0.0055625
5.36526e-007	-0.0055625
5.37026e-007	-0.0055625
5.37526e-007	-0.0055625
5.38026e-007	-0.00525
5.38526e-007	-0.00525
5.39026e-007	-0.00525
5.39526e-007	-0.00525
5.40026e-007	-0.00525
5.40526e-007	-0.004
5.41026e-007	-0.0043125
5.41526e-007	-0.004
5.42026e-007	-0.0036875
5.42526e-007	-0.0036875
5.43026e-007	-0.004
5.43526e-007	-0.0043125
5.44026e-007	-0.004625
5.44526e-007	-0.0043125
5.45026e-007	-0.0049375
5.45526e-007	-0.005875
5.46026e-007	-0.0055625
5.46526e-007	-0.0055625
5.47026e-007	-0.005875
5.47526e-007	-0.005875
5.48026e-007	-0.00525
5.48526e-007	-0.00525
5.49026e-007	-0.00525
5.49526e-007	-0.004
5.50026e-007	-0.0036875
5.50526e-007	-0.004
5.51026e-007	-0.004
5.51526e-007	-0.0036875
5.52026e-007	-0.003375
5.52526e-007	-0.0043125
5.53026e-007	-0.004
5.53526e-007	-0.0043125
5.54026e-007	-0.004
5.54526e-007	-0.004625
5.55026e-007	-0.0049375
5.55526e-007	-0.0055625
5.56026e-007	-0.005875
5.56526e-007	-0.0065
5.57026e-007	-0.0049375
5.57526e-007	-0.00525
5.58026e-007	-0.005875
5.58526e-007	-0.0055625
5.59026e-007	-0.004625
5.59526e-007	-0.0043125
5.60026e-007	-0.0030625
5.60526e-007	-0.0030625
5.61026e-007	-0.0030625
5.61526e-007	-0.0030625
5.62026e-007	-0.003375
5.62526e-007	-0.0030625
5.63026e-007	-0.003375
5.63526e-007	-0.003375
5.64026e-007	-0.004625
5.64526e-007	-0.0049375
5.65026e-007	-0.0049375
5.65526e-007	-0.0049375
5.66026e-007	-0.0061875
5.66526e-007	-0.005875
5.67026e-007	-0.0061875
5.67526e-007	-0.0055625
5.68026e-007	-0.0055625
5.68526e-007	-0.0049375
5.69026e-007	-0.004625
5.69526e-007	-0.004625
5.70026e-007	-0.003375
5.70526e-007	-0.0036875
5.71026e-007	-0.003375
5.71526e-007	-0.0030625
5.72026e-007	-0.0024375
5.72526e-007	-0.003375
5.73026e-007	-0.003375
5.73526e-007	-0.004
5.74026e-007	-0.004
5.74526e-007	-0.004625
5.75026e-007	-0.0049375
5.75526e-007	-0.005875
5.76026e-007	-0.0055625
5.76526e-007	-0.0061875
5.77026e-007	-0.005875
5.77526e-007	-0.0049375
5.78026e-007	-0.0043125
5.78526e-007	-0.0049375
5.79026e-007	-0.004625
5.79526e-007	-0.0036875
5.80026e-007	-0.0030625
5.80526e-007	-0.003375
5.81026e-007	-0.00275
5.81526e-007	-0.0030625
5.82026e-007	-0.0036875
5.82526e-007	-0.003375
5.83026e-007	-0.0036875
5.83526e-007	-0.0036875
5.84026e-007	-0.0049375
5.84526e-007	-0.00525
5.85026e-007	-0.00525
5.85526e-007	-0.004625
5.86026e-007	-0.00525
5.86526e-007	-0.00525
5.87026e-007	-0.004625
5.87526e-007	-0.0036875
5.88026e-007	-0.0043125
5.88526e-007	-0.0043125
5.89026e-007	-0.0036875
5.89526e-007	-0.003375
5.90026e-007	-0.00275
5.90526e-007	-0.003375
5.91026e-007	-0.00275
5.91526e-007	-0.0030625
5.92026e-007	-0.0036875
5.92526e-007	-0.0036875
5.93026e-007	-0.004
5.93526e-007	-0.0049375
5.94026e-007	-0.004625
5.94526e-007	-0.004625
5.95026e-007	-0.0055625
5.95526e-007	-0.00525
5.96026e-007	-0.0043125
5.96526e-007	-0.004625
5.97026e-007	-0.0043125
5.97526e-007	-0.004
5.98026e-007	-0.0036875
5.98526e-007	-0.004
5.99026e-007	-0.0036875
5.99526e-007	-0.0036875
6.00026e-007	-0.0036875
6.00526e-007	-0.0030625
6.01026e-007	-0.0030625
6.01526e-007	-0.0036875
6.02026e-007	-0.004
6.02526e-007	-0.0036875
6.03026e-007	-0.004625
6.03526e-007	-0.004625
6.04026e-007	-0.0049375
6.04526e-007	-0.004625
6.05026e-007	-0.0049375
6.05526e-007	-0.004625
6.06026e-007	-0.004625
6.06526e-007	-0.0043125
6.07026e-007	-0.004
6.07526e-007	-0.003375
6.08026e-007	-0.0036875
6.08526e-007	-0.0036875
6.09026e-007	-0.004
6.09526e-007	-0.0030625
6.10026e-007	-0.00275
6.10526e-007	-0.0024375
6.11026e-007	-0.0030625
6.11526e-007	-0.0036875
6.12026e-007	-0.003375
6.12526e-007	-0.0036875
6.13026e-007	-0.004625
6.13526e-007	-0.004625
6.14026e-007	-0.004625
6.14526e-007	-0.0049375
6.15026e-007	-0.004625
6.15526e-007	-0.0049375
6.16026e-007	-0.003375
6.16526e-007	-0.004
6.17026e-007	-0.0043125
6.17526e-007	-0.0043125
6.18026e-007	-0.003375
6.18526e-007	-0.004
6.19026e-007	-0.0030625
6.19526e-007	-0.003375
6.20026e-007	-0.0030625
6.20526e-007	-0.003375
6.21026e-007	-0.003375
6.21526e-007	-0.003375
6.22026e-007	-0.004
6.22526e-007	-0.0043125
6.23026e-007	-0.004625
6.23526e-007	-0.0043125
6.24026e-007	-0.0043125
6.24526e-007	-0.004625
6.25026e-007	-0.0043125
6.25526e-007	-0.0036875
6.26026e-007	-0.0043125
6.26526e-007	-0.004
6.27026e-007	-0.0036875
6.27526e-007	-0.00275
6.28026e-007	-0.00275
6.28526e-007	-0.003375
6.29026e-007	-0.0036875
6.29526e-007	-0.0030625
6.30026e-007	-0.003375
6.30526e-007	-0.003375
6.31026e-007	-0.003375
6.31526e-007	-0.0036875
6.32026e-007	-0.0049375
6.32526e-007	-0.0043125
6.33026e-007	-0.004
6.33526e-007	-0.0043125
6.34026e-007	-0.0043125
6.34526e-007	-0.0036875
6.35026e-007	-0.0036875
6.35526e-007	-0.003375
6.36026e-007	-0.00275
6.36526e-007	-0.0036875
6.37026e-007	-0.003375
6.37526e-007	-0.0036875
6.38026e-007	-0.00275
6.38526e-007	-0.0030625
6.39026e-007	-0.00275
6.39526e-007	-0.004
6.40026e-007	-0.0043125
6.40526e-007	-0.0049375
6.41026e-007	-0.004
6.41526e-007	-0.0036875
6.42026e-007	-0.003375
6.42526e-007	-0.0043125
6.43026e-007	-0.004
6.43526e-007	-0.0036875
6.44026e-007	-0.004
6.44526e-007	-0.0036875
6.45026e-007	-0.003375
6.45526e-007	-0.0030625
6.46026e-007	-0.0030625
6.46526e-007	-0.0024375
6.47026e-007	-0.0024375
6.47526e-007	-0.0030625
6.48026e-007	-0.0030625
6.48526e-007	-0.0030625
6.49026e-007	-0.0036875
6.49526e-007	-0.0036875
6.50026e-007	-0.004
6.50526e-007	-0.003375
6.51026e-007	-0.0043125
6.51526e-007	-0.004625
6.52026e-007	-0.004625
6.52526e-007	-0.004
6.53026e-007	-0.004
6.53526e-007	-0.0043125
6.54026e-007	-0.003375
6.54526e-007	-0.00275
6.55026e-007	-0.003375
6.55526e-007	-0.0024375
6.56026e-007	-0.0024375
6.56526e-007	-0.002125
6.57026e-007	-0.002125
6.57526e-007	-0.0030625
6.58026e-007	-0.00275
6.58526e-007	-0.0030625
6.59026e-007	-0.0030625
6.59526e-007	-0.0036875
6.60026e-007	-0.0043125
6.60526e-007	-0.0043125
6.61026e-007	-0.0043125
6.61526e-007	-0.00525
6.62026e-007	-0.0043125
6.62526e-007	-0.0043125
6.63026e-007	-0.004
6.63526e-007	-0.004
6.64026e-007	-0.003375
6.64526e-007	-0.00275
6.65026e-007	-0.002125
6.65526e-007	-0.0015
6.66026e-007	-0.0018125
6.66526e-007	-0.00275
6.67026e-007	-0.0024375
6.67526e-007	-0.0018125
6.68026e-007	-0.0024375
6.68526e-007	-0.0036875
6.69026e-007	-0.004625
6.69526e-007	-0.004
6.70026e-007	-0.004625
6.70526e-007	-0.0036875
6.71026e-007	-0.0043125
6.71526e-007	-0.0043125
6.72026e-007	-0.0043125
6.72526e-007	-0.0036875
6.73026e-007	-0.003375
6.73526e-007	-0.003375
6.74026e-007	-0.0036875
6.74526e-007	-0.0024375
6.75026e-007	-0.0018125
6.75526e-007	-0.0015
6.76026e-007	-0.002125
6.76526e-007	-0.0018125
6.77026e-007	-0.0024375
6.77526e-007	-0.0036875
6.78026e-007	-0.0030625
6.78526e-007	-0.004
6.79026e-007	-0.0036875
6.79526e-007	-0.004
6.80026e-007	-0.0043125
6.80526e-007	-0.004625
6.81026e-007	-0.0043125
6.81526e-007	-0.0036875
6.82026e-007	-0.0036875
6.82526e-007	-0.003375
6.83026e-007	-0.00275
6.83526e-007	-0.003375
6.84026e-007	-0.0024375
6.84526e-007	-0.00275
6.85026e-007	-0.0030625
6.85526e-007	-0.00275
6.86026e-007	-0.0024375
6.86526e-007	-0.00275
6.87026e-007	-0.00275
6.87526e-007	-0.003375
6.88026e-007	-0.0036875
6.88526e-007	-0.0030625
6.89026e-007	-0.003375
6.89526e-007	-0.004
6.90026e-007	-0.003375
6.90526e-007	-0.003375
6.91026e-007	-0.0036875
6.91526e-007	-0.0030625
6.92026e-007	-0.00275
6.92526e-007	-0.003375
6.93026e-007	-0.003375
6.93526e-007	-0.0024375
6.94026e-007	-0.0018125
6.94526e-007	-0.0024375
6.95026e-007	-0.0030625
6.95526e-007	-0.00275
6.96026e-007	-0.00275
6.96526e-007	-0.003375
6.97026e-007	-0.0030625
6.97526e-007	-0.00275
6.98026e-007	-0.00275
6.98526e-007	-0.003375
6.99026e-007	-0.0036875
6.99526e-007	-0.0036875
7.00026e-007	-0.0036875
7.00526e-007	-0.0043125
7.01026e-007	-0.0036875
7.01526e-007	-0.0036875
7.02026e-007	-0.003375
7.02526e-007	-0.0030625
7.03026e-007	-0.002125
7.03526e-007	-0.0018125
7.04026e-007	-0.0018125
7.04526e-007	-0.0024375
7.05026e-007	-0.0024375
7.05526e-007	-0.00275
7.06026e-007	-0.0030625
7.06526e-007	-0.00275
7.07026e-007	-0.0030625
7.07526e-007	-0.0030625
7.08026e-007	-0.003375
7.08526e-007	-0.004
7.09026e-007	-0.004625
7.09526e-007	-0.004
7.10026e-007	-0.0030625
7.10526e-007	-0.0030625
7.11026e-007	-0.00275
7.11526e-007	-0.00275
7.12026e-007	-0.00275
7.12526e-007	-0.0024375
7.13026e-007	-0.002125
7.13526e-007	-0.0011875
7.14026e-007	-0.0015
7.14526e-007	-0.002125
7.15026e-007	-0.0024375
7.15526e-007	-0.002125
7.16026e-007	-0.003375
7.16526e-007	-0.004
7.17026e-007	-0.003375
7.17526e-007	-0.003375
7.18026e-007	-0.0036875
7.18526e-007	-0.0036875
7.19026e-007	-0.0036875
7.19526e-007	-0.0036875
7.20026e-007	-0.0030625
7.20526e-007	-0.0036875
7.21026e-007	-0.0030625
7.21526e-007	-0.0024375
7.22026e-007	-0.0018125
7.22526e-007	-0.0018125
7.23026e-007	-0.002125
7.23526e-007	-0.0018125
7.24026e-007	-0.0011875
7.24526e-007	-0.0018125
7.25026e-007	-0.0024375
7.25526e-007	-0.0024375
7.26026e-007	-0.00275
7.26526e-007	-0.003375
7.27026e-007	-0.0036875
7.27526e-007	-0.004
7.28026e-007	-0.0043125
7.28526e-007	-0.004
7.29026e-007	-0.003375
7.29526e-007	-0.003375
7.30026e-007	-0.003375
7.30526e-007	-0.00275
7.31026e-007	-0.0030625
7.31526e-007	-0.0024375
7.32026e-007	-0.002125
7.32526e-007	-0.0018125
7.33026e-007	-0.002125
7.33526e-007	-0.0018125
7.34026e-007	-0.00275
7.34526e-007	-0.002125
7.35026e-007	-0.0018125
7.35526e-007	-0.0024375
7.36026e-007	-0.00275
7.36526e-007	-0.0024375
7.37026e-007	-0.003375
7.37526e-007	-0.0043125
7.38026e-007	-0.004
7.38526e-007	-0.0036875
7.39026e-007	-0.0036875
7.39526e-007	-0.0036875
7.40026e-007	-0.003375
7.40526e-007	-0.0030625
7.41026e-007	-0.002125
7.41526e-007	-0.0030625
7.42026e-007	-0.003375
7.42526e-007	-0.00275
7.43026e-007	-0.002125
7.43526e-007	-0.0018125
7.44026e-007	-0.002125
7.44526e-007	-0.0024375
7.45026e-007	-0.002125
7.45526e-007	-0.0030625
7.46026e-007	-0.00275
7.46526e-007	-0.0024375
7.47026e-007	-0.003375
7.47526e-007	-0.0030625
7.48026e-007	-0.003375
7.48526e-007	-0.0024375
7.49026e-007	-0.00275
7.49526e-007	-0.0030625
7.50026e-007	-0.0030625
7.50526e-007	-0.0030625
7.51026e-007	-0.0030625
7.51526e-007	-0.0024375
7.52026e-007	-0.0030625
7.52526e-007	-0.003375
7.53026e-007	-0.0024375
7.53526e-007	-0.0015
7.54026e-007	-0.00275
7.54526e-007	-0.0030625
7.55026e-007	-0.002125
7.55526e-007	-0.0018125
7.56026e-007	-0.0024375
7.56526e-007	-0.0024375
7.57026e-007	-0.002125
7.57526e-007	-0.0015
7.58026e-007	-0.002125
7.58526e-007	-0.0024375
7.59026e-007	-0.0024375
7.59526e-007	-0.0024375
7.60026e-007	-0.00275
7.60526e-007	-0.003375
7.61026e-007	-0.0024375
7.61526e-007	-0.00275
7.62026e-007	-0.003375
7.62526e-007	-0.003375
7.63026e-007	-0.0030625
7.63526e-007	-0.003375
7.64026e-007	-0.00275
7.64526e-007	-0.002125
7.65026e-007	-0.0024375
7.65526e-007	-0.0030625
7.66026e-007	-0.002125
7.66526e-007	-0.002125
7.67026e-007	-0.0024375
7.67526e-007	-0.0018125
7.68026e-007	-0.0015
7.68526e-007	-0.002125
7.69026e-007	-0.002125
7.69526e-007	-0.002125
7.70026e-007	-0.0024375
7.70526e-007	-0.0024375
7.71026e-007	-0.0024375
7.71526e-007	-0.0030625
7.72026e-007	-0.00275
7.72526e-007	-0.0030625
7.73026e-007	-0.003375
7.73526e-007	-0.003375
7.74026e-007	-0.003375
7.74526e-007	-0.0024375
7.75026e-007	-0.002125
7.75526e-007	-0.0024375
7.76026e-007	-0.00275
7.76526e-007	-0.0018125
7.77026e-007	-0.0018125
7.77526e-007	-0.0011875
7.78026e-007	-0.0018125
7.78526e-007	-0.0018125
7.79026e-007	-0.0024375
7.79526e-007	-0.0018125
7.80026e-007	-0.0024375
7.80526e-007	-0.0030625
7.81026e-007	-0.0030625
7.81526e-007	-0.0030625
7.82026e-007	-0.003375
7.82526e-007	-0.0030625
7.83026e-007	-0.0030625
7.83526e-007	-0.0036875
7.84026e-007	-0.0030625
7.84526e-007	-0.0030625
7.85026e-007	-0.0030625
7.85526e-007	-0.002125
7.86026e-007	-0.0011875
7.86526e-007	-0.00275
7.87026e-007	-0.0024375
7.87526e-007	-0.0024375
7.88026e-007	-0.0018125
7.88526e-007	-0.0015
7.89026e-007	-0.0015
7.89526e-007	-0.00275
7.90026e-007	-0.0030625
7.90526e-007	-0.0030625
7.91026e-007	-0.003375
7.91526e-007	-0.0030625
7.92026e-007	-0.00275
7.92526e-007	-0.00275
7.93026e-007	-0.00275
7.93526e-007	-0.00275
7.94026e-007	-0.0030625
7.94526e-007	-0.00275
7.95026e-007	-0.00275
7.95526e-007	-0.0024375
7.96026e-007	-0.002125
7.96526e-007	-0.0015
7.97026e-007	-0.0024375
7.97526e-007	-0.0018125
7.98026e-007	-0.002125
7.98526e-007	-0.0024375
7.99026e-007	-0.0030625
7.99526e-007	-0.003375
8.00026e-007	-0.00275
8.00526e-007	-0.00275
8.01026e-007	-0.0030625
8.01526e-007	-0.0036875
8.02026e-007	-0.003375
8.02526e-007	-0.00275
8.03026e-007	-0.0015
8.03526e-007	-0.0015
8.04026e-007	-0.002125
8.04526e-007	-0.0024375
8.05026e-007	-0.0018125
8.05526e-007	-0.0018125
8.06026e-007	-0.002125
8.06526e-007	-0.0018125
8.07026e-007	-0.0018125
8.07526e-007	-0.002125
8.08026e-007	-0.0024375
8.08526e-007	-0.003375
8.09026e-007	-0.0030625
8.09526e-007	-0.004
8.10026e-007	-0.004
8.10526e-007	-0.0043125
8.11026e-007	-0.004
8.11526e-007	-0.0030625
8.12026e-007	-0.0024375
8.12526e-007	-0.0030625
8.13026e-007	-0.00275
8.13526e-007	-0.0011875
8.14026e-007	6.25e-005
8.14526e-007	-0.00025
8.15026e-007	-0.0011875
8.15526e-007	-0.0005625
8.16026e-007	-0.000875
8.16526e-007	-0.0018125
8.17026e-007	-0.002125
8.17526e-007	-0.002125
8.18026e-007	-0.00275
8.18526e-007	-0.0036875
8.19026e-007	-0.004
8.19526e-007	-0.004
8.20026e-007	-0.0043125
8.20526e-007	-0.004625
8.21026e-007	-0.0049375
8.21526e-007	-0.004
8.22026e-007	-0.0030625
8.22526e-007	-0.0024375
8.23026e-007	-0.0018125
8.23526e-007	-0.000875
8.24026e-007	-0.0005625
8.24526e-007	-0.00025
8.25026e-007	-0.0005625
8.25526e-007	-0.00025
8.26026e-007	-0.000875
8.26526e-007	-0.0011875
8.27026e-007	-0.002125
8.27526e-007	-0.002125
8.28026e-007	-0.00275
8.28526e-007	-0.0036875
8.29026e-007	-0.0043125
8.29526e-007	-0.00525
8.30026e-007	-0.0043125
8.30526e-007	-0.004625
8.31026e-007	-0.0043125
8.31526e-007	-0.004625
8.32026e-007	-0.003375
8.32526e-007	-0.0024375
8.33026e-007	-0.0015
8.33526e-007	-0.000875
8.34026e-007	-0.000875
8.34526e-007	6.25e-005
8.35026e-007	0.000375
8.35526e-007	0.000375
8.36026e-007	6.25e-005
8.36526e-007	-0.0005625
8.37026e-007	-0.002125
8.37526e-007	-0.0024375
8.38026e-007	-0.0030625
8.38526e-007	-0.003375
8.39026e-007	-0.004
8.39526e-007	-0.004625
8.40026e-007	-0.0049375
8.40526e-007	-0.0049375
8.41026e-007	-0.0043125
8.41526e-007	-0.003375
8.42026e-007	-0.00275
8.42526e-007	-0.0024375
8.43026e-007	-0.0015
8.43526e-007	-0.0005625
8.44026e-007	-0.00025
8.44526e-007	6.25e-005
8.45026e-007	6.25e-005
8.45526e-007	6.25e-005
8.46026e-007	-0.0005625
8.46526e-007	-0.0018125
8.47026e-007	-0.0018125
8.47526e-007	-0.0030625
8.48026e-007	-0.0030625
8.48526e-007	-0.0036875
8.49026e-007	-0.004
8.49526e-007	-0.0043125
8.50026e-007	-0.0043125
8.50526e-007	-0.0043125
8.51026e-007	-0.004625
8.51526e-007	-0.0036875
8.52026e-007	-0.0024375
8.52526e-007	-0.0024375
8.53026e-007	-0.0018125
8.53526e-007	-0.000875
8.54026e-007	-0.00025
8.54526e-007	-0.00025
8.55026e-007	-0.00025
8.55526e-007	-0.00025
8.56026e-007	-0.0011875
8.56526e-007	-0.0011875
8.57026e-007	-0.002125
8.57526e-007	-0.0024375
8.58026e-007	-0.00275
8.58526e-007	-0.0036875
8.59026e-007	-0.004
8.59526e-007	-0.0036875
8.60026e-007	-0.0036875
8.60526e-007	-0.0036875
8.61026e-007	-0.0030625
8.61526e-007	-0.0030625
8.62026e-007	-0.0024375
8.62526e-007	-0.002125
8.63026e-007	-0.0011875
8.63526e-007	-0.0011875
8.64026e-007	-0.000875
8.64526e-007	-0.0011875
8.65026e-007	-0.000875
8.65526e-007	-0.000875
8.66026e-007	-0.0015
8.66526e-007	-0.0018125
8.67026e-007	-0.00275
8.67526e-007	-0.003375
8.68026e-007	-0.003375
8.68526e-007	-0.0030625
8.69026e-007	-0.00275
8.69526e-007	-0.00275
8.70026e-007	-0.003375
8.70526e-007	-0.004
8.71026e-007	-0.003375
8.71526e-007	-0.0018125
8.72026e-007	-0.0011875
8.72526e-007	-0.0011875
8.73026e-007	-0.0015
8.73526e-007	-0.000875
8.74026e-007	-0.000875
8.74526e-007	-0.0015
8.75026e-007	-0.002125
8.75526e-007	-0.0018125
8.76026e-007	-0.0024375
8.76526e-007	-0.00275
8.77026e-007	-0.003375
8.77526e-007	-0.0036875
8.78026e-007	-0.003375
8.78526e-007	-0.0030625
8.79026e-007	-0.0030625
8.79526e-007	-0.0030625
8.80026e-007	-0.0030625
8.80526e-007	-0.0024375
8.81026e-007	-0.002125
8.81526e-007	-0.0018125
8.82026e-007	-0.0011875
8.82526e-007	-0.000875
8.83026e-007	-0.000875
8.83526e-007	-0.000875
8.84026e-007	-0.0011875
8.84526e-007	-0.000875
8.85026e-007	-0.0018125
8.85526e-007	-0.0030625
8.86026e-007	-0.00275
8.86526e-007	-0.0030625
8.87026e-007	-0.0036875
8.87526e-007	-0.0036875
8.88026e-007	-0.0036875
8.88526e-007	-0.0043125
8.89026e-007	-0.0036875
8.89526e-007	-0.0030625
8.90026e-007	-0.0024375
8.90526e-007	-0.0024375
8.91026e-007	-0.0018125
8.91526e-007	-0.0011875
8.92026e-007	-0.0011875
8.92526e-007	-0.000875
8.93026e-007	-0.0011875
8.93526e-007	-0.0005625
8.94026e-007	-0.0011875
8.94526e-007	-0.0011875
8.95026e-007	-0.0018125
8.95526e-007	-0.00275
8.96026e-007	-0.0030625
8.96526e-007	-0.0024375
8.97026e-007	-0.0036875
8.97526e-007	-0.0043125
8.98026e-007	-0.004
8.98526e-007	-0.0030625
8.99026e-007	-0.0030625
8.99526e-007	-0.0018125
9.00026e-007	-0.0018125
9.00526e-007	-0.002125
9.01026e-007	-0.0011875
9.01526e-007	-0.0011875
9.02026e-007	-0.0011875
9.02526e-007	-0.0005625
9.03026e-007	-0.000875
9.03526e-007	-0.000875
9.04026e-007	-0.0018125
9.04526e-007	-0.0018125
9.05026e-007	-0.0015
9.05526e-007	-0.0024375
9.06026e-007	-0.0036875
9.06526e-007	-0.0043125
9.07026e-007	-0.00275
9.07526e-007	-0.00275
9.08026e-007	-0.0030625
9.08526e-007	-0.0036875
9.09026e-007	-0.00275
9.09526e-007	-0.0024375
9.10026e-007	-0.00275
9.10526e-007	-0.0024375
9.11026e-007	-0.0018125
9.11526e-007	-0.0011875
9.12026e-007	-0.0011875
9.12526e-007	-0.0018125
9.13026e-007	-0.0011875
9.13526e-007	-0.000875
9.14026e-007	-0.002125
9.14526e-007	-0.0018125
9.15026e-007	-0.002125
9.15526e-007	-0.0024375
9.16026e-007	-0.0018125
9.16526e-007	-0.0024375
9.17026e-007	-0.0024375
9.17526e-007	-0.002125
9.18026e-007	-0.00275
9.18526e-007	-0.0018125
9.19026e-007	-0.0030625
9.19526e-007	-0.0024375
9.20026e-007	-0.002125
9.20526e-007	-0.002125
9.21026e-007	-0.0024375
9.21526e-007	-0.0015
9.22026e-007	-0.0011875
9.22526e-007	-0.0015
9.23026e-007	-0.0018125
9.23526e-007	-0.0011875
9.24026e-007	-0.0018125
9.24526e-007	-0.002125
9.25026e-007	-0.002125
9.25526e-007	-0.0024375
9.26026e-007	-0.0011875
9.26526e-007	-0.0018125
9.27026e-007	-0.002125
9.27526e-007	-0.0018125
9.28026e-007	-0.002125
9.28526e-007	-0.002125
9.29026e-007	-0.0024375
9.29526e-007	-0.002125
9.30026e-007	-0.0015
9.30526e-007	-0.002125
9.31026e-007	-0.0024375
9.31526e-007	-0.0018125
9.32026e-007	-0.002125
9.32526e-007	-0.00275
9.33026e-007	-0.0024375
9.33526e-007	-0.002125
9.34026e-007	-0.0030625
9.34526e-007	-0.002125
9.35026e-007	-0.0005625
9.35526e-007	-0.0011875
9.36026e-007	-0.0024375
9.36526e-007	-0.0011875
9.37026e-007	-0.0011875
9.37526e-007	-0.0018125
9.38026e-007	-0.002125
9.38526e-007	-0.0024375
9.39026e-007	-0.0015
9.39526e-007	-0.0015
9.40026e-007	-0.00275
9.40526e-007	-0.00275
9.41026e-007	-0.0018125
9.41526e-007	-0.0024375
9.42026e-007	-0.0030625
9.42526e-007	-0.0030625
9.43026e-007	-0.0024375
9.43526e-007	-0.0024375
9.44026e-007	-0.00275
9.44526e-007	-0.0024375
9.45026e-007	-0.002125
9.45526e-007	-0.0011875
9.46026e-007	-0.0011875
9.46526e-007	-0.0015
9.47026e-007	-0.0015
9.47526e-007	-0.0011875
9.48026e-007	-0.0015
9.48526e-007	-0.0011875
9.49026e-007	-0.0018125
9.49526e-007	-0.0015
9.50026e-007	-0.002125
9.50526e-007	-0.00275
9.51026e-007	-0.002125
9.51526e-007	-0.0030625
9.52026e-007	-0.00275
9.52526e-007	-0.003375
9.53026e-007	-0.0024375
9.53526e-007	-0.0030625
9.54026e-007	-0.0030625
9.54526e-007	-0.0018125
9.55026e-007	-0.0011875
9.55526e-007	-0.0018125
9.56026e-007	-0.0011875
9.56526e-007	-0.000875
9.57026e-007	-0.000875
9.57526e-007	-0.0005625
9.58026e-007	-0.000875
9.58526e-007	-0.0018125
9.59026e-007	-0.0024375
9.59526e-007	-0.0015
9.60026e-007	-0.0011875
9.60526e-007	-0.0024375
9.61026e-007	-0.00275
9.61526e-007	-0.0024375
9.62026e-007	-0.0030625
9.62526e-007	-0.0024375
9.63026e-007	-0.0024375
9.63526e-007	-0.0024375
9.64026e-007	-0.0024375
9.64526e-007	-0.00275
9.65026e-007	-0.0024375
9.65526e-007	-0.0011875
9.66026e-007	-0.0018125
9.66526e-007	-0.0011875
9.67026e-007	-0.000875
9.67526e-007	-0.0011875
9.68026e-007	-0.0024375
9.68526e-007	-0.002125
9.69026e-007	-0.000875
9.69526e-007	-0.0018125
9.70026e-007	-0.00275
9.70526e-007	-0.0024375
9.71026e-007	-0.0018125
9.71526e-007	-0.002125
9.72026e-007	-0.0030625
9.72526e-007	-0.00275
9.73026e-007	-0.0018125
9.73526e-007	-0.0024375
9.74026e-007	-0.0018125
9.74526e-007	-0.002125
9.75026e-007	-0.0018125
9.75526e-007	-0.0015
9.76026e-007	-0.000875
9.76526e-007	-0.0018125
9.77026e-007	-0.0030625
9.77526e-007	-0.0018125
9.78026e-007	-0.0011875
9.78526e-007	-0.002125
9.79026e-007	-0.0024375
9.79526e-007	-0.0024375
9.80026e-007	-0.002125
9.80526e-007	-0.0018125
9.81026e-007	-0.0018125
9.81526e-007	-0.0018125
9.82026e-007	-0.0024375
9.82526e-007	-0.0018125
9.83026e-007	-0.0018125
9.83526e-007	-0.002125
9.84026e-007	-0.0018125
9.84526e-007	-0.0015
9.85026e-007	-0.0015
9.85526e-007	-0.000875
9.86026e-007	-0.0018125
9.86526e-007	-0.0018125
9.87026e-007	-0.0018125
9.87526e-007	-0.0018125
9.88026e-007	-0.002125
9.88526e-007	-0.0024375
9.89026e-007	-0.0024375
9.89526e-007	-0.0018125
9.90026e-007	-0.0018125
9.90526e-007	-0.0024375
9.91026e-007	-0.0024375
9.91526e-007	-0.0011875
9.92026e-007	-0.0011875
9.92526e-007	-0.0011875
9.93026e-007	-0.0015
9.93526e-007	-0.0011875
9.94026e-007	-0.0011875
9.94526e-007	-0.0018125
9.95026e-007	-0.000875
9.95526e-007	-0.000875
9.96026e-007	-0.0015
9.96526e-007	-0.0024375
9.97026e-007	-0.00275
9.97526e-007	-0.0018125
9.98026e-007	-0.0024375
9.98526e-007	-0.00275
9.99026e-007	-0.0024375
9.99526e-007	-0.002125
1.000026e-006	-0.0011875
1.000526e-006	-0.0015
1.001026e-006	-0.0011875
1.001526e-006	-0.000875
1.002026e-006	-0.0011875
1.002526e-006	-0.0005625
1.003026e-006	-0.0011875
1.003526e-006	-0.000875
1.004026e-006	-0.0011875
1.004526e-006	-0.000875
1.005026e-006	-0.0015
1.005526e-006	-0.002125
1.006026e-006	-0.0018125
1.006526e-006	-0.002125
1.007026e-006	-0.00275
1.007526e-006	-0.00275
1.008026e-006	-0.0030625
1.008526e-006	-0.0024375
1.009026e-006	-0.0024375
1.009526e-006	-0.0018125
1.010026e-006	-0.002125
1.010526e-006	-0.0018125
1.011026e-006	-0.0011875
1.011526e-006	-0.0015
1.012026e-006	-0.000875
1.012526e-006	-0.0005625
1.013026e-006	-0.000875
1.013526e-006	-0.000875
1.014026e-006	-0.000875
1.014526e-006	-0.0011875
1.015026e-006	-0.0015
1.015526e-006	-0.002125
1.016026e-006	-0.002125
1.016526e-006	-0.0030625
1.017026e-006	-0.0024375
1.017526e-006	-0.00275
1.018026e-006	-0.0030625
1.018526e-006	-0.00275
1.019026e-006	-0.0024375
1.019526e-006	-0.0011875
1.020026e-006	-0.0018125
1.020526e-006	-0.0011875
1.021026e-006	6.25e-005
1.021526e-006	-0.00025
1.022026e-006	-0.0011875
1.022526e-006	-0.0011875
1.023026e-006	-0.000875
1.023526e-006	-0.0005625
1.024026e-006	-0.0018125
1.024526e-006	-0.0018125
1.025026e-006	-0.0018125
1.025526e-006	-0.0015
1.026026e-006	-0.0024375
1.026526e-006	-0.0036875
1.027026e-006	-0.00275
1.027526e-006	-0.0024375
1.028026e-006	-0.00275
1.028526e-006	-0.0015
1.029026e-006	-0.0011875
1.029526e-006	-0.0011875
1.030026e-006	-0.0015
1.030526e-006	-0.0011875
1.031026e-006	-0.0005625
1.031526e-006	-0.000875
1.032026e-006	-0.000875
1.032526e-006	-0.0005625
1.033026e-006	-0.0015
1.033526e-006	-0.0011875
1.034026e-006	-0.0011875
1.034526e-006	-0.0018125
1.035026e-006	-0.0024375
1.035526e-006	-0.00275
1.036026e-006	-0.0024375
1.036526e-006	-0.0024375
1.037026e-006	-0.00275
1.037526e-006	-0.00275
1.038026e-006	-0.002125
1.038526e-006	-0.0018125
1.039026e-006	-0.0015
1.039526e-006	-0.000875
1.040026e-006	-0.00025
1.040526e-006	6.25e-005
1.041026e-006	-0.000875
1.041526e-006	-0.000875
1.042026e-006	0.0006875
1.042526e-006	6.25e-005
1.043026e-006	-0.0005625
1.043526e-006	-0.0018125
1.044026e-006	-0.0024375
1.044526e-006	-0.0015
1.045026e-006	-0.002125
1.045526e-006	-0.00275
1.046026e-006	-0.00275
1.046526e-006	-0.0024375
1.047026e-006	-0.0018125
1.047526e-006	-0.002125
1.048026e-006	-0.002125
1.048526e-006	-0.0018125
1.049026e-006	-0.0018125
1.049526e-006	-0.000875
1.050026e-006	-0.00025
1.050526e-006	-0.00025
1.051026e-006	-0.000875
1.051526e-006	-0.0005625
1.052026e-006	-0.0005625
1.052526e-006	-0.0011875
1.053026e-006	-0.0018125
1.053526e-006	-0.0015
1.054026e-006	-0.0018125
1.054526e-006	-0.0024375
1.055026e-006	-0.00275
1.055526e-006	-0.0030625
1.056026e-006	-0.0024375
1.056526e-006	-0.002125
1.057026e-006	-0.002125
1.057526e-006	-0.002125
1.058026e-006	-0.002125
1.058526e-006	-0.0018125
1.059026e-006	-0.000875
1.059526e-006	-0.0005625
1.060026e-006	-0.0011875
1.060526e-006	-0.0011875
1.061026e-006	-0.000875
1.061526e-006	-0.0005625
1.062026e-006	-0.000875
1.062526e-006	-0.0011875
1.063026e-006	-0.0018125
1.063526e-006	-0.0018125
1.064026e-006	-0.002125
1.064526e-006	-0.0024375
1.065026e-006	-0.00275
1.065526e-006	-0.0015
1.066026e-006	-0.0018125
1.066526e-006	-0.002125
1.067026e-006	-0.002125
1.067526e-006	-0.002125
1.068026e-006	-0.0015
1.068526e-006	-0.000875
1.069026e-006	-0.000875
1.069526e-006	6.25e-005
1.070026e-006	-0.0005625
1.070526e-006	-0.0015
1.071026e-006	-0.002125
1.071526e-006	-0.0018125
1.072026e-006	-0.0011875
1.072526e-006	-0.0015
1.073026e-006	-0.0015
1.073526e-006	-0.002125
1.074026e-006	-0.002125
1.074526e-006	-0.002125
1.075026e-006	-0.002125
1.075526e-006	-0.002125
1.076026e-006	-0.0018125
1.076526e-006	-0.0015
1.077026e-006	-0.000875
1.077526e-006	-0.0005625
1.078026e-006	-0.00025
1.078526e-006	-0.0005625
1.079026e-006	-0.000875
1.079526e-006	-0.0005625
1.080026e-006	-0.00025
1.080526e-006	-0.000875
1.081026e-006	-0.0015
1.081526e-006	-0.0018125
1.082026e-006	-0.002125
1.082526e-006	-0.0018125
1.083026e-006	-0.002125
1.083526e-006	-0.002125
1.084026e-006	-0.0024375
1.084526e-006	-0.0024375
1.085026e-006	-0.0024375
1.085526e-006	-0.0018125
1.086026e-006	-0.002125
1.086526e-006	-0.000875
1.087026e-006	-0.000875
1.087526e-006	-0.000875
1.088026e-006	-0.000875
1.088526e-006	-0.00025
1.089026e-006	-0.00025
1.089526e-006	-0.00025
1.090026e-006	-0.000875
1.090526e-006	-0.0011875
1.091026e-006	-0.002125
1.091526e-006	-0.002125
1.092026e-006	-0.0024375
1.092526e-006	-0.0024375
1.093026e-006	-0.002125
1.093526e-006	-0.0024375
1.094026e-006	-0.00275
1.094526e-006	-0.0024375
1.095026e-006	-0.002125
1.095526e-006	-0.000875
1.096026e-006	-0.0015
1.096526e-006	-0.0011875
1.097026e-006	6.25e-005
1.097526e-006	6.25e-005
1.098026e-006	6.25e-005
1.098526e-006	-0.000875
1.099026e-006	-0.0005625
1.099526e-006	-0.0005625
1.100026e-006	-0.0005625
1.100526e-006	-0.0005625
1.101026e-006	-0.0015
1.101526e-006	-0.0024375
1.102026e-006	-0.00275
1.102526e-006	-0.0024375
1.103026e-006	-0.0018125
1.103526e-006	-0.0030625
1.104026e-006	-0.0024375
1.104526e-006	-0.002125
1.105026e-006	-0.0018125
1.105526e-006	-0.0018125
1.106026e-006	-0.0018125
1.106526e-006	-0.0005625
1.107026e-006	-0.000875
1.107526e-006	-0.0005625
1.108026e-006	-0.000875
1.108526e-006	-0.0005625
1.109026e-006	6.25e-005
1.109526e-006	-0.00025
1.110026e-006	-0.0011875
1.110526e-006	-0.0011875
1.111026e-006	-0.0015
1.111526e-006	-0.0018125
1.112026e-006	-0.0024375
1.112526e-006	-0.002125
1.113026e-006	-0.0024375
1.113526e-006	-0.002125
1.114026e-006	-0.0018125
1.114526e-006	-0.0018125
1.115026e-006	-0.0018125
1.115526e-006	-0.0018125
1.116026e-006	-0.0015
1.116526e-006	-0.0015
1.117026e-006	-0.0015
1.117526e-006	-0.0005625
1.118026e-006	-0.00025
1.118526e-006	-0.000875
1.119026e-006	-0.000875
1.119526e-006	-0.0011875
1.120026e-006	-0.0005625
1.120526e-006	-0.0011875
1.121026e-006	-0.0015
1.121526e-006	-0.000875
1.122026e-006	-0.0005625
1.122526e-006	-0.0011875
1.123026e-006	-0.002125
1.123526e-006	-0.00275
1.124026e-006	-0.002125
1.124526e-006	-0.002125
1.125026e-006	-0.002125
1.125526e-006	-0.0018125
1.126026e-006	-0.0018125
1.126526e-006	-0.0015
1.127026e-006	-0.0015
1.127526e-006	-0.0015
1.128026e-006	-0.0015
1.128526e-006	-0.0005625
1.129026e-006	-0.0011875
1.129526e-006	-0.0011875
1.130026e-006	-0.0005625
1.130526e-006	-0.000875
1.131026e-006	-0.0015
1.131526e-006	-0.000875
1.132026e-006	-0.00025
1.132526e-006	-0.0005625
1.133026e-006	-0.0018125
1.133526e-006	-0.000875
1.134026e-006	-0.000875
1.134526e-006	-0.0018125
1.135026e-006	-0.002125
1.135526e-006	-0.0018125
1.136026e-006	-0.0015
1.136526e-006	-0.0015
1.137026e-006	-0.0018125
1.137526e-006	-0.0015
1.138026e-006	-0.0018125
1.138526e-006	-0.0018125
1.139026e-006	-0.0015
1.139526e-006	-0.000875
1.140026e-006	-0.000875
1.140526e-006	-0.000875
1.141026e-006	-0.0005625
1.141526e-006	-0.0005625
1.142026e-006	-0.0005625
1.142526e-006	-0.00025
1.143026e-006	6.25e-005
1.143526e-006	-0.0005625
1.144026e-006	-0.0015
1.144526e-006	-0.0018125
1.145026e-006	-0.000875
1.145526e-006	-0.002125
1.146026e-006	-0.0011875
1.146526e-006	-0.0015
1.147026e-006	-0.0018125
1.147526e-006	-0.002125
1.148026e-006	-0.0018125
1.148526e-006	-0.0011875
1.149026e-006	-0.0015
1.149526e-006	-0.0018125
1.150026e-006	-0.000875
1.150526e-006	-0.000875
1.151026e-006	-0.000875
1.151526e-006	-0.0005625
1.152026e-006	-0.00025
1.152526e-006	6.25e-005
1.153026e-006	-0.000875
1.153526e-006	-0.0011875
1.154026e-006	-0.0015
1.154526e-006	-0.000875
1.155026e-006	-0.0005625
1.155526e-006	-0.0005625
1.156026e-006	-0.0018125
1.156526e-006	-0.002125
1.157026e-006	-0.0015
1.157526e-006	-0.0015
1.158026e-006	-0.0024375
1.158526e-006	-0.0018125
1.159026e-006	-0.002125
1.159526e-006	-0.0018125
1.160026e-006	-0.0018125
1.160526e-006	-0.0011875
1.161026e-006	-0.000875
1.161526e-006	-0.0015
1.162026e-006	-0.000875
1.162526e-006	-0.0005625
1.163026e-006	-0.000875
1.163526e-006	-0.00025
1.164026e-006	-0.0005625
1.164526e-006	-0.0015
1.165026e-006	-0.0011875
1.165526e-006	-0.0011875
1.166026e-006	-0.0005625
1.166526e-006	-0.0018125
1.167026e-006	-0.0018125
1.167526e-006	-0.0018125
1.168026e-006	-0.0018125
1.168526e-006	-0.0011875
1.169026e-006	-0.0018125
1.169526e-006	-0.002125
1.170026e-006	-0.000875
1.170526e-006	-0.0011875
1.171026e-006	-0.0005625
1.171526e-006	-0.0011875
1.172026e-006	-0.0011875
1.172526e-006	-0.000875
1.173026e-006	-0.0011875
1.173526e-006	-0.000875
1.174026e-006	-0.0011875
1.174526e-006	-0.0005625
1.175026e-006	-0.0011875
1.175526e-006	-0.0011875
1.176026e-006	-0.0011875
1.176526e-006	-0.0011875
1.177026e-006	-0.0011875
1.177526e-006	-0.0011875
1.178026e-006	-0.0015
1.178526e-006	-0.0011875
1.179026e-006	-0.0011875
1.179526e-006	-0.000875
1.180026e-006	-0.0018125
1.180526e-006	-0.0015
1.181026e-006	-0.0005625
1.181526e-006	-0.000875
1.182026e-006	-0.0015
1.182526e-006	-0.0018125
1.183026e-006	-0.0018125
1.183526e-006	-0.0015
1.184026e-006	-0.0011875
1.184526e-006	-0.0011875
1.185026e-006	-0.0011875
1.185526e-006	-0.0011875
1.186026e-006	-0.000875
1.186526e-006	-0.000875
1.187026e-006	-0.0005625
1.187526e-006	-0.0005625
1.188026e-006	-0.0015
1.188526e-006	-0.000875
1.189026e-006	-0.00025
1.189526e-006	-0.0005625
1.190026e-006	-0.0011875
1.190526e-006	-0.000875
1.191026e-006	-0.000875
1.191526e-006	-0.0015
1.192026e-006	-0.000875
1.192526e-006	-0.0011875
1.193026e-006	-0.0015
1.193526e-006	-0.002125
1.194026e-006	-0.0024375
1.194526e-006	-0.002125
1.195026e-006	-0.0018125
1.195526e-006	-0.0011875
1.196026e-006	-0.0015
1.196526e-006	-0.0005625
1.197026e-006	6.25e-005
1.197526e-006	-0.0005625
1.198026e-006	-0.0011875
1.198526e-006	-0.00025
1.199026e-006	6.25e-005
1.199526e-006	-0.0005625
1.200026e-006	-0.0011875
1.200526e-006	-0.0005625
1.201026e-006	-0.000875
1.201526e-006	-0.00025
1.202026e-006	-0.000875
1.202526e-006	-0.0011875
1.203026e-006	-0.00275
1.203526e-006	-0.002125
1.204026e-006	-0.0024375
1.204526e-006	-0.0024375
1.205026e-006	-0.0015
1.205526e-006	-0.002125
1.206026e-006	-0.0015
1.206526e-006	-0.0011875
1.207026e-006	-0.0005625
1.207526e-006	6.25e-005
1.208026e-006	6.25e-005
1.208526e-006	0.000375
1.209026e-006	0.0006875
1.209526e-006	-0.00025
1.210026e-006	-0.000875
1.210526e-006	-0.0018125
1.211026e-006	-0.000875
1.211526e-006	-0.000875
1.212026e-006	-0.0015
1.212526e-006	-0.002125
1.213026e-006	-0.002125
1.213526e-006	-0.0018125
1.214026e-006	-0.002125
1.214526e-006	-0.0018125
1.215026e-006	-0.0015
1.215526e-006	-0.002125
1.216026e-006	-0.002125
1.216526e-006	-0.0018125
1.217026e-006	-0.000875
1.217526e-006	-0.0005625
1.218026e-006	-0.00025
1.218526e-006	0.0006875
1.219026e-006	6.25e-005
1.219526e-006	6.25e-005
1.220026e-006	-0.0005625
1.220526e-006	-0.0005625
1.221026e-006	-0.00025
1.221526e-006	-0.000875
1.222026e-006	-0.000875
1.222526e-006	-0.0005625
1.223026e-006	-0.0018125
1.223526e-006	-0.0015
1.224026e-006	-0.0024375
1.224526e-006	-0.0018125
1.225026e-006	-0.0018125
1.225526e-006	-0.0015
1.226026e-006	-0.000875
1.226526e-006	-0.0018125
1.227026e-006	-0.0011875
1.227526e-006	-0.000875
1.228026e-006	-0.0011875
1.228526e-006	-0.0005625
1.229026e-006	-0.000875
1.229526e-006	6.25e-005
1.230026e-006	6.25e-005
1.230526e-006	-0.0005625
1.231026e-006	0.000375
1.231526e-006	6.25e-005
1.232026e-006	-0.00025
1.232526e-006	-0.0018125
1.233026e-006	-0.0018125
1.233526e-006	-0.0005625
1.234026e-006	-0.0018125
1.234526e-006	-0.0018125
1.235026e-006	-0.0018125
1.235526e-006	-0.0018125
1.236026e-006	-0.0011875
1.236526e-006	-0.0018125
1.237026e-006	-0.0011875
1.237526e-006	-0.0015
1.238026e-006	-0.000875
1.238526e-006	-0.00025
1.239026e-006	-0.000875
1.239526e-006	-0.0005625
1.240026e-006	-0.000875
1.240526e-006	-0.00025
1.241026e-006	0.000375
1.241526e-006	-0.000875
1.242026e-006	-0.0005625
1.242526e-006	-0.0011875
1.243026e-006	-0.0011875
1.243526e-006	-0.000875
1.244026e-006	-0.0015
1.244526e-006	-0.0005625
1.245026e-006	-0.0011875
1.245526e-006	-0.0005625
1.246026e-006	-0.0011875
1.246526e-006	-0.0018125
1.247026e-006	-0.000875
1.247526e-006	-0.000875
1.248026e-006	-0.0011875
1.248526e-006	-0.0011875
1.249026e-006	-0.0005625
1.249526e-006	-0.00025
1.250026e-006	-0.0011875
1.250526e-006	-0.000875
1.251026e-006	-0.00025
1.251526e-006	-0.0005625
1.252026e-006	-0.00025
1.252526e-006	-0.000875
1.253026e-006	-0.000875
1.253526e-006	-0.000875
1.254026e-006	-0.0011875
1.254526e-006	-0.0005625
1.255026e-006	-0.0011875
1.255526e-006	-0.000875
1.256026e-006	-0.000875
1.256526e-006	-0.0011875
1.257026e-006	-0.0005625
1.257526e-006	-0.0011875
1.258026e-006	-0.0011875
1.258526e-006	-0.000875
1.259026e-006	-0.000875
1.259526e-006	-0.0005625
1.260026e-006	-0.000875
1.260526e-006	-0.0005625
1.261026e-006	-0.000875
1.261526e-006	-0.00025
1.262026e-006	-0.00025
1.262526e-006	-0.000875
1.263026e-006	-0.000875
1.263526e-006	-0.000875
1.264026e-006	-0.0011875
1.264526e-006	-0.000875
1.265026e-006	-0.000875
1.265526e-006	-0.00025
1.266026e-006	-0.0005625
1.266526e-006	-0.000875
1.267026e-006	-0.0011875
1.267526e-006	-0.0011875
1.268026e-006	-0.000875
1.268526e-006	-0.0005625
1.269026e-006	-0.000875
1.269526e-006	-0.000875
1.270026e-006	-0.000875
1.270526e-006	-0.0005625
1.271026e-006	-0.0005625
1.271526e-006	-0.0011875
1.272026e-006	6.25e-005
1.272526e-006	6.25e-005
1.273026e-006	-0.000875
1.273526e-006	-0.0015
1.274026e-006	-0.0015
1.274526e-006	-0.0005625
1.275026e-006	-0.00025
1.275526e-006	-0.0005625
1.276026e-006	-0.000875
1.276526e-006	-0.000875
1.277026e-006	-0.000875
1.277526e-006	-0.0011875
1.278026e-006	-0.000875
1.278526e-006	-0.000875
1.279026e-006	-0.0015
1.279526e-006	-0.0005625
1.280026e-006	-0.000875
1.280526e-006	-0.0005625
1.281026e-006	-0.000875
1.281526e-006	-0.000875
1.282026e-006	-0.000875
1.282526e-006	-0.0011875
1.283026e-006	-0.0011875
1.283526e-006	-0.0005625
1.284026e-006	-0.0011875
1.284526e-006	-0.0011875
1.285026e-006	-0.0011875
1.285526e-006	-0.0011875
1.286026e-006	-0.000875
1.286526e-006	-0.0005625
1.287026e-006	-0.0011875
1.287526e-006	-0.000875
1.288026e-006	-0.000875
1.288526e-006	-0.0005625
1.289026e-006	-0.000875
1.289526e-006	-0.00025
1.290026e-006	6.25e-005
1.290526e-006	-0.000875
1.291026e-006	-0.000875
1.291526e-006	-0.000875
1.292026e-006	-0.0005625
1.292526e-006	-0.0011875
1.293026e-006	-0.0015
1.293526e-006	-0.0015
1.294026e-006	-0.0011875
1.294526e-006	-0.000875
1.295026e-006	-0.000875
1.295526e-006	-0.0018125
1.296026e-006	-0.0018125
1.296526e-006	-0.000875
1.297026e-006	-0.0005625
1.297526e-006	-0.0005625
1.298026e-006	-0.0011875
1.298526e-006	-0.0005625
1.299026e-006	-0.00025
1.299526e-006	6.25e-005
1.300026e-006	-0.000875
1.300526e-006	-0.000875
1.301026e-006	-0.000875
1.301526e-006	-0.0005625
1.302026e-006	-0.0005625
1.302526e-006	-0.000875
1.303026e-006	-0.0015
1.303526e-006	-0.0011875
1.304026e-006	-0.0018125
1.304526e-006	-0.0011875
1.305026e-006	-0.0011875
1.305526e-006	-0.0011875
1.306026e-006	-0.0011875
1.306526e-006	-0.0015
1.307026e-006	-0.0011875
1.307526e-006	-0.0011875
1.308026e-006	-0.000875
1.308526e-006	-0.0005625
1.309026e-006	-0.00025
1.309526e-006	0.000375
1.310026e-006	-0.00025
1.310526e-006	-0.0005625
1.311026e-006	-0.00025
1.311526e-006	-0.0005625
1.312026e-006	-0.0005625
1.312526e-006	-0.00025
1.313026e-006	-0.0005625
1.313526e-006	-0.000875
1.314026e-006	-0.0018125
1.314526e-006	-0.0018125
1.315026e-006	-0.0011875
1.315526e-006	-0.0011875
1.316026e-006	-0.000875
1.316526e-006	-0.0011875
1.317026e-006	-0.0011875
1.317526e-006	-0.0011875
1.318026e-006	-0.000875
1.318526e-006	-0.0005625
1.319026e-006	6.25e-005
1.319526e-006	-0.00025
1.320026e-006	6.25e-005
1.320526e-006	6.25e-005
1.321026e-006	-0.00025
1.321526e-006	-0.0005625
1.322026e-006	-0.0005625
1.322526e-006	-0.000875
1.323026e-006	-0.0011875
1.323526e-006	6.25e-005
1.324026e-006	-0.0015
1.324526e-006	-0.0015
1.325026e-006	-0.0011875
1.325526e-006	-0.0011875
1.326026e-006	-0.0015
1.326526e-006	-0.000875
1.327026e-006	-0.000875
1.327526e-006	-0.000875
1.328026e-006	-0.0011875
1.328526e-006	-0.00025
1.329026e-006	-0.0005625
1.329526e-006	-0.0005625
1.330026e-006	6.25e-005
1.330526e-006	6.25e-005
1.331026e-006	-0.0005625
1.331526e-006	-0.0005625
1.332026e-006	-0.00025
1.332526e-006	-0.000875
1.333026e-006	-0.0015
1.333526e-006	-0.0015
1.334026e-006	-0.0015
1.334526e-006	-0.0011875
1.335026e-006	-0.000875
1.335526e-006	-0.0018125
1.336026e-006	-0.0011875
1.336526e-006	-0.0011875
1.337026e-006	-0.0005625
1.337526e-006	-0.000875
1.338026e-006	-0.0011875
1.338526e-006	-0.0005625
1.339026e-006	6.25e-005
1.339526e-006	6.25e-005
1.340026e-006	-0.00025
1.340526e-006	-0.0011875
1.341026e-006	-0.0011875
1.341526e-006	-0.0011875
1.342026e-006	-0.0005625
1.342526e-006	-0.0005625
1.343026e-006	-0.0015
1.343526e-006	-0.0015
1.344026e-006	-0.002125
1.344526e-006	-0.0015
1.345026e-006	-0.0011875
1.345526e-006	-0.0005625
1.346026e-006	-0.000875
1.346526e-006	-0.000875
1.347026e-006	-0.0005625
1.347526e-006	-0.0005625
1.348026e-006	-0.0011875
1.348526e-006	6.25e-005
1.349026e-006	6.25e-005
1.349526e-006	-0.00025
1.350026e-006	-0.0005625
1.350526e-006	-0.00025
1.351026e-006	-0.0005625
1.351526e-006	-0.000875
1.352026e-006	-0.000875
1.352526e-006	-0.0011875
1.353026e-006	-0.002125
1.353526e-006	-0.0011875
1.354026e-006	-0.002125
1.354526e-006	-0.0024375
1.355026e-006	-0.0011875
1.355526e-006	-0.000875
1.356026e-006	-0.000875
1.356526e-006	-0.0011875
1.357026e-006	6.25e-005
1.357526e-006	6.25e-005
1.358026e-006	0.000375
1.358526e-006	-0.00025
1.359026e-006	6.25e-005
1.359526e-006	-0.00025
1.360026e-006	0.000375
1.360526e-006	6.25e-005
1.361026e-006	6.25e-005
1.361526e-006	-0.0018125
1.362026e-006	-0.0018125
1.362526e-006	-0.0011875
1.363026e-006	-0.0011875
1.363526e-006	-0.0011875
1.364026e-006	-0.0015
1.364526e-006	-0.0018125
1.365026e-006	-0.0015
1.365526e-006	-0.0005625
1.366026e-006	-0.000875
1.366526e-006	-0.00025
1.367026e-006	6.25e-005
1.367526e-006	0.000375
1.368026e-006	-0.00025
1.368526e-006	0.000375
1.369026e-006	6.25e-005
1.369526e-006	6.25e-005
1.370026e-006	-0.0005625
1.370526e-006	-0.00025
1.371026e-006	-0.00025
1.371526e-006	-0.0005625
1.372026e-006	-0.0018125
1.372526e-006	-0.0005625
1.373026e-006	-0.002125
1.373526e-006	-0.0024375
1.374026e-006	-0.002125
1.374526e-006	-0.0011875
1.375026e-006	-0.000875
1.375526e-006	-0.0015
1.376026e-006	-0.0011875
1.376526e-006	-0.0005625
1.377026e-006	-0.00025
1.377526e-006	-0.0005625
1.378026e-006	6.25e-005
1.378526e-006	6.25e-005
1.379026e-006	0.000375
1.379526e-006	-0.0005625
1.380026e-006	0.0006875
1.380526e-006	6.25e-005
1.381026e-006	-0.00025
1.381526e-006	-0.0005625
1.382026e-006	-0.0011875
1.382526e-006	-0.000875
1.383026e-006	-0.0011875
1.383526e-006	-0.0018125
1.384026e-006	-0.0018125
1.384526e-006	-0.0018125
1.385026e-006	-0.0018125
1.385526e-006	-0.0018125
1.386026e-006	-0.0011875
1.386526e-006	-0.0005625
1.387026e-006	-0.000875
1.387526e-006	-0.00025
1.388026e-006	-0.0005625
1.388526e-006	6.25e-005
1.389026e-006	0.0006875
1.389526e-006	6.25e-005
1.390026e-006	6.25e-005
1.390526e-006	0.000375
1.391026e-006	6.25e-005
1.391526e-006	6.25e-005
1.392026e-006	-0.000875
1.392526e-006	-0.000875
1.393026e-006	-0.0011875
1.393526e-006	-0.0011875
1.394026e-006	-0.0018125
1.394526e-006	-0.0018125
1.395026e-006	-0.0015
1.395526e-006	-0.0011875
1.396026e-006	-0.000875
1.396526e-006	-0.0011875
1.397026e-006	-0.0015
1.397526e-006	-0.0005625
1.398026e-006	0.000375
1.398526e-006	0.0006875
1.399026e-006	-0.00025
1.399526e-006	-0.0005625
1.400026e-006	6.25e-005
1.400526e-006	-0.000875
1.401026e-006	-0.0005625
1.401526e-006	6.25e-005
1.402026e-006	-0.00025
1.402526e-006	-0.0005625
1.403026e-006	-0.000875
1.403526e-006	-0.0015
1.404026e-006	-0.000875
1.404526e-006	-0.0011875
1.405026e-006	-0.000875
1.405526e-006	-0.000875
1.406026e-006	-0.0018125
1.406526e-006	-0.0018125
1.407026e-006	-0.00025
1.407526e-006	-0.0005625
1.408026e-006	-0.00025
1.408526e-006	6.25e-005
1.409026e-006	0.000375
1.409526e-006	-0.00025
1.410026e-006	-0.00025
1.410526e-006	6.25e-005
1.411026e-006	-0.00025
1.411526e-006	-0.00025
1.412026e-006	-0.0011875
1.412526e-006	-0.000875
1.413026e-006	-0.0005625
1.413526e-006	-0.0005625
1.414026e-006	-0.000875
1.414526e-006	-0.000875
1.415026e-006	-0.0011875
1.415526e-006	-0.0005625
1.416026e-006	-0.0011875
1.416526e-006	-0.0005625
1.417026e-006	-0.000875
1.417526e-006	-0.00025
1.418026e-006	6.25e-005
1.418526e-006	-0.00025
1.419026e-006	6.25e-005
1.419526e-006	6.25e-005
1.420026e-006	6.25e-005
1.420526e-006	-0.0005625
1.421026e-006	-0.000875
1.421526e-006	-0.000875
1.422026e-006	-0.0011875
1.422526e-006	-0.000875
1.423026e-006	-0.00025
1.423526e-006	-0.0011875
1.424026e-006	-0.00025
1.424526e-006	-0.0005625
1.425026e-006	-0.000875
1.425526e-006	-0.0018125
1.426026e-006	-0.000875
1.426526e-006	6.25e-005
1.427026e-006	-0.00025
1.427526e-006	-0.0005625
1.428026e-006	-0.00025
1.428526e-006	-0.0005625
1.429026e-006	-0.0005625
1.429526e-006	-0.00025
1.430026e-006	6.25e-005
1.430526e-006	-0.0011875
1.431026e-006	-0.0015
1.431526e-006	-0.000875
1.432026e-006	-0.0011875
1.432526e-006	-0.000875
1.433026e-006	-0.0011875
1.433526e-006	-0.0005625
1.434026e-006	-0.00025
1.434526e-006	-0.000875
1.435026e-006	-0.0005625
1.435526e-006	-0.0005625
1.436026e-006	-0.000875
1.436526e-006	0.000375
1.437026e-006	6.25e-005
1.437526e-006	0.000375
1.438026e-006	6.25e-005
1.438526e-006	-0.00025
1.439026e-006	6.25e-005
1.439526e-006	-0.0005625
1.440026e-006	-0.0011875
1.440526e-006	-0.0011875
1.441026e-006	-0.000875
1.441526e-006	-0.000875
1.442026e-006	-0.0018125
1.442526e-006	-0.002125
1.443026e-006	-0.0011875
1.443526e-006	-0.0011875
1.444026e-006	-0.000875
1.444526e-006	-0.000875
1.445026e-006	-0.0005625
1.445526e-006	-0.0005625
1.446026e-006	-0.00025
1.446526e-006	-0.00025
1.447026e-006	6.25e-005
1.447526e-006	0.000375
1.448026e-006	0.000375
1.448526e-006	-0.00025
1.449026e-006	-0.0005625
1.449526e-006	-0.00025
1.450026e-006	-0.0005625
1.450526e-006	-0.0011875
1.451026e-006	-0.0011875
1.451526e-006	-0.0015
1.452026e-006	-0.0018125
1.452526e-006	-0.000875
1.453026e-006	-0.0018125
1.453526e-006	-0.0015
1.454026e-006	-0.000875
1.454526e-006	-0.000875
1.455026e-006	-0.00025
1.455526e-006	-0.0005625
1.456026e-006	-0.000875
1.456526e-006	6.25e-005
1.457026e-006	-0.00025
1.457526e-006	-0.00025
1.458026e-006	-0.00025
1.458526e-006	0.000375
1.459026e-006	-0.0005625
1.459526e-006	-0.0005625
1.460026e-006	-0.000875
1.460526e-006	-0.0011875
1.461026e-006	-0.000875
1.461526e-006	-0.000875
1.462026e-006	-0.000875
1.462526e-006	-0.000875
1.463026e-006	-0.0015
1.463526e-006	-0.000875
1.464026e-006	-0.0005625
1.464526e-006	-0.0005625
1.465026e-006	-0.00025
1.465526e-006	-0.0005625
1.466026e-006	6.25e-005
1.466526e-006	-0.00025
1.467026e-006	6.25e-005
1.467526e-006	-0.00025
1.468026e-006	-0.00025
1.468526e-006	-0.0005625
1.469026e-006	-0.000875
1.469526e-006	-0.0005625
1.470026e-006	-0.00025
1.470526e-006	-0.0011875
1.471026e-006	-0.0011875
1.471526e-006	-0.0011875
1.472026e-006	-0.0015
1.472526e-006	-0.0011875
1.473026e-006	-0.0011875
1.473526e-006	-0.0005625
1.474026e-006	-0.000875
1.474526e-006	-0.000875
1.475026e-006	-0.0005625
1.475526e-006	-0.00025
1.476026e-006	-0.0005625
1.476526e-006	6.25e-005
1.477026e-006	6.25e-005
1.477526e-006	-0.00025
1.478026e-006	-0.0005625
1.478526e-006	-0.000875
1.479026e-006	-0.0005625
1.479526e-006	-0.000875
1.480026e-006	-0.002125
1.480526e-006	-0.0018125
1.481026e-006	-0.0015
1.481526e-006	-0.0005625
1.482026e-006	-0.00025
1.482526e-006	-0.000875
1.483026e-006	-0.000875
1.483526e-006	-0.0005625
1.484026e-006	-0.00025
1.484526e-006	-0.0005625
1.485026e-006	6.25e-005
1.485526e-006	6.25e-005
1.486026e-006	-0.0005625
1.486526e-006	-0.000875
1.487026e-006	-0.000875
1.487526e-006	-0.00025
1.488026e-006	-0.000875
1.488526e-006	-0.0015
1.489026e-006	-0.0011875
1.489526e-006	-0.0015
1.490026e-006	-0.0011875
1.490526e-006	-0.0018125
1.491026e-006	-0.000875
1.491526e-006	-0.00025
1.492026e-006	-0.0005625
1.492526e-006	6.25e-005
1.493026e-006	-0.0005625
1.493526e-006	-0.000875
1.494026e-006	0.000375
1.494526e-006	0.000375
1.495026e-006	0.000375
1.495526e-006	0.000375
1.496026e-006	6.25e-005
1.496526e-006	6.25e-005
1.497026e-006	-0.000875
1.497526e-006	-0.0005625
1.498026e-006	-0.000875
1.498526e-006	-0.0011875
1.499026e-006	-0.0015
1.499526e-006	-0.0018125
1.500026e-006	-0.0011875
1.500526e-006	-0.0005625
1.501026e-006	-0.000875
1.501526e-006	-0.0011875
1.502026e-006	-0.0005625
1.502526e-006	6.25e-005
1.503026e-006	6.25e-005
1.503526e-006	6.25e-005
1.504026e-006	6.25e-005
1.504526e-006	6.25e-005
1.505026e-006	0.000375
1.505526e-006	-0.0005625
1.506026e-006	-0.0005625
1.506526e-006	6.25e-005
1.507026e-006	-0.000875
1.507526e-006	-0.0011875
1.508026e-006	-0.0015
1.508526e-006	-0.0015
1.509026e-006	-0.0011875
1.509526e-006	-0.0018125
1.510026e-006	-0.0011875
1.510526e-006	-0.0015
1.511026e-006	-0.0011875
1.511526e-006	-0.0005625
1.512026e-006	-0.0005625
1.512526e-006	-0.00025
1.513026e-006	-0.00025
1.513526e-006	6.25e-005
1.514026e-006	0.001
1.514526e-006	0.000375
1.515026e-006	0.0006875
1.515526e-006	-0.00025
1.516026e-006	-0.00025
1.516526e-006	-0.0005625
1.517026e-006	-0.0015
1.517526e-006	-0.000875
1.518026e-006	-0.0018125
1.518526e-006	-0.0018125
1.519026e-006	-0.000875
1.519526e-006	-0.0011875
1.520026e-006	-0.0015
1.520526e-006	-0.000875
1.521026e-006	-0.0011875
1.521526e-006	6.25e-005
1.522026e-006	-0.0005625
1.522526e-006	6.25e-005
1.523026e-006	-0.00025
1.523526e-006	0.000375
1.524026e-006	0.001
1.524526e-006	6.25e-005
1.525026e-006	-0.00025
1.525526e-006	-0.000875
1.526026e-006	-0.000875
1.526526e-006	-0.000875
1.527026e-006	-0.0018125
1.527526e-006	-0.000875
1.528026e-006	-0.0011875
1.528526e-006	-0.0011875
1.529026e-006	-0.0011875
1.529526e-006	-0.0018125
1.530026e-006	-0.0011875
1.530526e-006	-0.0018125
1.531026e-006	-0.0011875
1.531526e-006	-0.0005625
1.532026e-006	0.000375
1.532526e-006	0.000375
1.533026e-006	-0.0005625
1.533526e-006	-0.00025
1.534026e-006	0.000375
1.534526e-006	-0.00025
1.535026e-006	0.000375
1.535526e-006	-0.0005625
1.536026e-006	-0.0005625
1.536526e-006	-0.0005625
1.537026e-006	-0.0018125
1.537526e-006	-0.0011875
1.538026e-006	-0.0015
1.538526e-006	-0.0015
1.539026e-006	-0.002125
1.539526e-006	-0.0011875
1.540026e-006	-0.000875
1.540526e-006	-0.000875
1.541026e-006	-0.0005625
1.541526e-006	0.000375
1.542026e-006	-0.000875
1.542526e-006	-0.00025
1.543026e-006	-0.0005625
1.543526e-006	0.000375
1.544026e-006	-0.0005625
1.544526e-006	-0.0015
1.545026e-006	-0.0005625
1.545526e-006	-0.0005625
1.546026e-006	-0.0005625
1.546526e-006	-0.000875
1.547026e-006	-0.0018125
1.547526e-006	-0.0011875
1.548026e-006	-0.0011875
1.548526e-006	-0.0015
1.549026e-006	-0.0011875
1.549526e-006	-0.0011875
1.550026e-006	-0.0005625
1.550526e-006	-0.0005625
1.551026e-006	6.25e-005
1.551526e-006	-0.000875
1.552026e-006	-0.00025
1.552526e-006	0.000375
1.553026e-006	-0.00025
1.553526e-006	6.25e-005
1.554026e-006	0.0006875
1.554526e-006	-0.00025
1.555026e-006	-0.0005625
1.555526e-006	-0.000875
1.556026e-006	-0.000875
1.556526e-006	-0.000875
1.557026e-006	-0.0011875
1.557526e-006	-0.0018125
1.558026e-006	-0.002125
1.558526e-006	-0.0015
1.559026e-006	-0.0011875
1.559526e-006	-0.0015
1.560026e-006	-0.000875
1.560526e-006	6.25e-005
1.561026e-006	-0.00025
1.561526e-006	-0.000875
1.562026e-006	0.000375
1.562526e-006	0.001
1.563026e-006	0.000375
1.563526e-006	0.000375
1.564026e-006	-0.00025
1.564526e-006	6.25e-005
1.565026e-006	-0.0005625
1.565526e-006	-0.0005625
1.566026e-006	-0.0005625
1.566526e-006	-0.000875
1.567026e-006	-0.0011875
1.567526e-006	-0.0011875
1.568026e-006	-0.0015
1.568526e-006	-0.000875
1.569026e-006	-0.0015
1.569526e-006	-0.0011875
1.570026e-006	-0.0011875
1.570526e-006	-0.0005625
1.571026e-006	-0.000875
1.571526e-006	-0.0005625
1.572026e-006	0.000375
1.572526e-006	6.25e-005
1.573026e-006	0.000375
1.573526e-006	0.0006875
1.574026e-006	0.000375
1.574526e-006	-0.00025
1.575026e-006	6.25e-005
1.575526e-006	-0.000875
1.576026e-006	-0.000875
1.576526e-006	-0.0005625
1.577026e-006	-0.0005625
1.577526e-006	-0.0015
1.578026e-006	-0.0011875
1.578526e-006	-0.002125
1.579026e-006	-0.0024375
1.579526e-006	-0.0011875
1.580026e-006	-0.0011875
1.580526e-006	-0.0015
1.581026e-006	-0.00025
1.581526e-006	-0.000875
1.582026e-006	-0.0005625
1.582526e-006	6.25e-005
1.583026e-006	0.000375
1.583526e-006	0.0006875
1.584026e-006	-0.00025
1.584526e-006	0.0013125
1.585026e-006	0.0006875
1.585526e-006	6.25e-005
1.586026e-006	0.000375
1.586526e-006	0.000375
1.587026e-006	-0.0005625
1.587526e-006	-0.000875
1.588026e-006	-0.0015
1.588526e-006	-0.0011875
1.589026e-006	-0.0024375
1.589526e-006	-0.0018125
1.590026e-006	-0.0011875
1.590526e-006	-0.0011875
1.591026e-006	-0.0005625
1.591526e-006	-0.0011875
1.592026e-006	-0.000875
1.592526e-006	-0.00025
1.593026e-006	6.25e-005
1.593526e-006	0.0006875
1.594026e-006	0.001
1.594526e-006	0.000375
1.595026e-006	0.0013125
1.595526e-006	0.0006875
1.596026e-006	0.0006875
1.596526e-006	-0.000875
1.597026e-006	-0.00025
1.597526e-006	-0.0005625
1.598026e-006	-0.0011875
1.598526e-006	-0.0011875
1.599026e-006	-0.0011875
1.599526e-006	-0.0018125
1.600026e-006	-0.0018125
1.600526e-006	-0.0011875
1.601026e-006	-0.0011875
1.601526e-006	-0.002125
1.602026e-006	-0.0011875
1.602526e-006	-0.000875
1.603026e-006	-0.0005625
1.603526e-006	0.000375
1.604026e-006	0.0006875
1.604526e-006	0.0013125
1.605026e-006	0.0013125
1.605526e-006	0.001
1.606026e-006	0.0006875
1.606526e-006	0.000375
1.607026e-006	0.0006875
1.607526e-006	-0.0005625
1.608026e-006	-0.0011875
1.608526e-006	-0.0011875
1.609026e-006	-0.002125
1.609526e-006	-0.000875
1.610026e-006	-0.002125
1.610526e-006	-0.0018125
1.611026e-006	-0.0015
1.611526e-006	-0.0024375
1.612026e-006	-0.002125
1.612526e-006	-0.0011875
1.613026e-006	-0.000875
1.613526e-006	6.25e-005
1.614026e-006	6.25e-005
1.614526e-006	0.0013125
1.615026e-006	0.001
1.615526e-006	0.000375
1.616026e-006	0.0013125
1.616526e-006	-0.00025
1.617026e-006	6.25e-005
1.617526e-006	-0.0005625
1.618026e-006	-0.00025
1.618526e-006	-0.00025
1.619026e-006	-0.0011875
1.619526e-006	-0.0011875
1.620026e-006	-0.002125
1.620526e-006	-0.0018125
1.621026e-006	-0.0011875
1.621526e-006	-0.0018125
1.622026e-006	-0.000875
1.622526e-006	-0.000875
1.623026e-006	-0.00025
1.623526e-006	-0.0005625
1.624026e-006	0.000375
1.624526e-006	0.000375
1.625026e-006	6.25e-005
1.625526e-006	-0.00025
1.626026e-006	0.0006875
1.626526e-006	6.25e-005
1.627026e-006	-0.0005625
1.627526e-006	-0.0005625
1.628026e-006	-0.000875
1.628526e-006	-0.0005625
1.629026e-006	-0.0015
1.629526e-006	-0.000875
1.630026e-006	-0.0011875
1.630526e-006	-0.0005625
1.631026e-006	-0.000875
1.631526e-006	-0.0005625
1.632026e-006	-0.000875
1.632526e-006	-0.000875
1.633026e-006	-0.0011875
1.633526e-006	-0.0005625
1.634026e-006	-0.00025
1.634526e-006	6.25e-005
1.635026e-006	-0.000875
1.635526e-006	-0.00025
1.636026e-006	6.25e-005
1.636526e-006	-0.0005625
1.637026e-006	-0.0015
1.637526e-006	-0.0015
1.638026e-006	-0.000875
1.638526e-006	-0.000875
1.639026e-006	-0.000875
1.639526e-006	-0.000875
1.640026e-006	-0.000875
1.640526e-006	-0.0011875
1.641026e-006	-0.0005625
1.641526e-006	-0.00025
1.642026e-006	-0.0005625
1.642526e-006	-0.0005625
1.643026e-006	0.0006875
1.643526e-006	6.25e-005
1.644026e-006	0.000375
1.644526e-006	-0.00025
1.645026e-006	-0.00025
1.645526e-006	-0.000875
1.646026e-006	-0.000875
1.646526e-006	-0.000875
1.647026e-006	-0.0015
1.647526e-006	-0.0018125
1.648026e-006	-0.0011875
1.648526e-006	-0.000875
1.649026e-006	-0.0015
1.649526e-006	-0.0015
1.650026e-006	-0.000875
1.650526e-006	-0.0005625
1.651026e-006	-0.0005625
1.651526e-006	6.25e-005
1.652026e-006	-0.00025
1.652526e-006	6.25e-005
1.653026e-006	-0.00025
1.653526e-006	6.25e-005
1.654026e-006	0.0006875
1.654526e-006	-0.0005625
1.655026e-006	-0.0005625
1.655526e-006	-0.0005625
1.656026e-006	-0.0018125
1.656526e-006	-0.0011875
1.657026e-006	-0.002125
1.657526e-006	-0.0015
1.658026e-006	-0.0015
1.658526e-006	-0.0015
1.659026e-006	-0.0011875
1.659526e-006	-0.0011875
1.660026e-006	-0.0005625
1.660526e-006	-0.0005625
1.661026e-006	-0.00025
1.661526e-006	6.25e-005
1.662026e-006	6.25e-005
1.662526e-006	0.001
1.663026e-006	0.0013125
1.663526e-006	6.25e-005
1.664026e-006	0.0006875
1.664526e-006	-0.0005625
1.665026e-006	-0.00025
1.665526e-006	-0.000875
1.666026e-006	-0.000875
1.666526e-006	-0.0011875
1.667026e-006	-0.0024375
1.667526e-006	-0.0015
1.668026e-006	-0.0018125
1.668526e-006	-0.002125
1.669026e-006	-0.0011875
1.669526e-006	-0.0011875
1.670026e-006	-0.0011875
1.670526e-006	-0.0011875
1.671026e-006	-0.0005625
1.671526e-006	6.25e-005
1.672026e-006	0.000375
1.672526e-006	0.001
1.673026e-006	0.000375
1.673526e-006	0.000375
1.674026e-006	0.001
1.674526e-006	6.25e-005
1.675026e-006	-0.00025
1.675526e-006	-0.00025
1.676026e-006	-0.0011875
1.676526e-006	-0.0015
1.677026e-006	-0.0024375
1.677526e-006	-0.0011875
1.678026e-006	-0.0015
1.678526e-006	-0.000875
1.679026e-006	-0.0018125
1.679526e-006	-0.0024375
1.680026e-006	-0.0011875
1.680526e-006	-0.0015
1.681026e-006	-0.0015
1.681526e-006	6.25e-005
1.682026e-006	6.25e-005
1.682526e-006	0.000375
1.683026e-006	0.000375
1.683526e-006	6.25e-005
1.684026e-006	0.0006875
1.684526e-006	6.25e-005
1.685026e-006	6.25e-005
1.685526e-006	6.25e-005
1.686026e-006	0.000375
1.686526e-006	-0.0005625
1.687026e-006	-0.0018125
1.687526e-006	-0.0018125
1.688026e-006	-0.0018125
1.688526e-006	-0.0015
1.689026e-006	-0.0015
1.689526e-006	-0.002125
1.690026e-006	-0.0011875
1.690526e-006	-0.0011875
1.691026e-006	-0.0011875
1.691526e-006	-0.00025
1.692026e-006	-0.0005625
1.692526e-006	-0.00025
1.693026e-006	-0.0005625
1.693526e-006	6.25e-005
1.694026e-006	-0.00025
1.694526e-006	6.25e-005
1.695026e-006	0.001
1.695526e-006	0.001
1.696026e-006	-0.00025
1.696526e-006	6.25e-005
1.697026e-006	-0.0011875
1.697526e-006	-0.000875
1.698026e-006	-0.0011875
1.698526e-006	-0.0018125
1.699026e-006	-0.0011875
1.699526e-006	-0.000875
1.700026e-006	-0.0015
1.700526e-006	-0.0011875
1.701026e-006	-0.0015
1.701526e-006	-0.0015
1.702026e-006	-0.0005625
1.702526e-006	-0.0005625
1.703026e-006	6.25e-005
1.703526e-006	6.25e-005
1.704026e-006	0.000375
1.704526e-006	-0.00025
1.705026e-006	0.000375
1.705526e-006	0.000375
1.706026e-006	6.25e-005
1.706526e-006	6.25e-005
1.707026e-006	6.25e-005
1.707526e-006	-0.000875
1.708026e-006	-0.0011875
1.708526e-006	-0.0011875
1.709026e-006	-0.000875
1.709526e-006	-0.0011875
1.710026e-006	-0.0018125
1.710526e-006	-0.0024375
1.711026e-006	-0.002125
1.711526e-006	-0.000875
1.712026e-006	-0.0011875
1.712526e-006	-0.0011875
1.713026e-006	-0.0015
1.713526e-006	-0.0005625
1.714026e-006	6.25e-005
1.714526e-006	-0.00025
1.715026e-006	6.25e-005
1.715526e-006	6.25e-005
1.716026e-006	6.25e-005
1.716526e-006	6.25e-005
1.717026e-006	6.25e-005
1.717526e-006	-0.0005625
1.718026e-006	-0.000875
1.718526e-006	-0.0005625
1.719026e-006	-0.0015
1.719526e-006	-0.002125
1.720026e-006	-0.0015
1.720526e-006	-0.0011875
1.721026e-006	-0.0015
1.721526e-006	-0.0015
1.722026e-006	-0.0018125
1.722526e-006	-0.0011875
1.723026e-006	-0.000875
1.723526e-006	-0.0005625
1.724026e-006	-0.00025
1.724526e-006	6.25e-005
1.725026e-006	6.25e-005
1.725526e-006	6.25e-005
1.726026e-006	6.25e-005
1.726526e-006	6.25e-005
1.727026e-006	0.000375
1.727526e-006	6.25e-005
1.728026e-006	-0.00025
1.728526e-006	-0.000875
1.729026e-006	-0.0015
1.729526e-006	-0.0011875
1.730026e-006	-0.0011875
1.730526e-006	-0.0011875
1.731026e-006	-0.0011875
1.731526e-006	-0.0011875
1.732026e-006	-0.000875
1.732526e-006	-0.000875
1.733026e-006	-0.0011875
1.733526e-006	-0.0005625
1.734026e-006	-0.00025
1.734526e-006	0.000375
1.735026e-006	0.000375
1.735526e-006	-0.00025
1.736026e-006	0.000375
1.736526e-006	0.000375
1.737026e-006	-0.000875
1.737526e-006	-0.000875
1.738026e-006	-0.0011875
1.738526e-006	-0.0005625
1.739026e-006	-0.000875
1.739526e-006	-0.000875
1.740026e-006	-0.000875
1.740526e-006	-0.0011875
1.741026e-006	-0.0011875
1.741526e-006	-0.000875
1.742026e-006	-0.0005625
1.742526e-006	6.25e-005
1.743026e-006	-0.0005625
1.743526e-006	-0.0005625
1.744026e-006	-0.0005625
1.744526e-006	-0.00025
1.745026e-006	0.000375
1.745526e-006	6.25e-005
1.746026e-006	-0.00025
1.746526e-006	-0.000875
1.747026e-006	-0.000875
1.747526e-006	-0.000875
1.748026e-006	-0.0005625
1.748526e-006	6.25e-005
1.749026e-006	-0.0005625
1.749526e-006	-0.000875
1.750026e-006	-0.000875
1.750526e-006	-0.000875
1.751026e-006	-0.0005625
1.751526e-006	-0.000875
1.752026e-006	-0.000875
1.752526e-006	6.25e-005
1.753026e-006	-0.00025
1.753526e-006	-0.00025
1.754026e-006	-0.0011875
1.754526e-006	6.25e-005
1.755026e-006	6.25e-005
1.755526e-006	-0.00025
1.756026e-006	-0.0005625
1.756526e-006	-0.0005625
1.757026e-006	-0.0005625
1.757526e-006	-0.0005625
1.758026e-006	-0.000875
1.758526e-006	-0.0005625
1.759026e-006	-0.0011875
1.759526e-006	-0.0005625
1.760026e-006	-0.000875
1.760526e-006	-0.0005625
1.761026e-006	-0.0005625
1.761526e-006	-0.0005625
1.762026e-006	6.25e-005
1.762526e-006	6.25e-005
1.763026e-006	-0.00025
1.763526e-006	6.25e-005
1.764026e-006	-0.000875
1.764526e-006	-0.0005625
1.765026e-006	-0.0005625
1.765526e-006	-0.000875
1.766026e-006	-0.0005625
1.766526e-006	-0.0005625
1.767026e-006	-0.0005625
1.767526e-006	-0.000875
1.768026e-006	-0.0005625
1.768526e-006	-0.000875
1.769026e-006	-0.0011875
1.769526e-006	-0.000875
1.770026e-006	-0.0005625
1.770526e-006	-0.0005625
1.771026e-006	-0.0005625
1.771526e-006	-0.000875
1.772026e-006	-0.00025
1.772526e-006	-0.0005625
1.773026e-006	-0.0005625
1.773526e-006	-0.0005625
1.774026e-006	-0.00025
1.774526e-006	-0.0005625
1.775026e-006	-0.0011875
1.775526e-006	6.25e-005
1.776026e-006	-0.000875
1.776526e-006	-0.0011875
1.777026e-006	-0.000875
1.777526e-006	6.25e-005
1.778026e-006	-0.000875
1.778526e-006	-0.0011875
1.779026e-006	-0.0011875
1.779526e-006	6.25e-005
1.780026e-006	-0.0005625
1.780526e-006	-0.00025
1.781026e-006	-0.0005625
1.781526e-006	6.25e-005
1.782026e-006	0.000375
1.782526e-006	6.25e-005
1.783026e-006	-0.0005625
1.783526e-006	-0.00025
1.784026e-006	-0.00025
1.784526e-006	-0.0005625
1.785026e-006	-0.0011875
1.785526e-006	6.25e-005
1.786026e-006	-0.0005625
1.786526e-006	-0.0005625
1.787026e-006	-0.000875
1.787526e-006	-0.000875
1.788026e-006	-0.0005625
