LECROYWS454	16215	Waveform
Segments	1	SegmentSize	4002
Segment	TrigTime	TimeSinceSegment1
#1	02-May-2024 19:19:47	0                 
Time	Ampl
-2.12479e-007	-0.00025
-2.11979e-007	-0.000875
-2.11479e-007	-0.0005625
-2.10979e-007	-0.000875
-2.10479e-007	-0.000875
-2.09979e-007	-0.0005625
-2.09479e-007	-0.00025
-2.08979e-007	0.000375
-2.08479e-007	0.000375
-2.07979e-007	-0.00025
-2.07479e-007	6.25e-005
-2.06979e-007	0.000375
-2.06479e-007	0.0006875
-2.05979e-007	6.25e-005
-2.05479e-007	6.25e-005
-2.04979e-007	6.25e-005
-2.04479e-007	-0.0005625
-2.03979e-007	6.25e-005
-2.03479e-007	-0.0005625
-2.02979e-007	-0.000875
-2.02479e-007	-0.0005625
-2.01979e-007	-0.000875
-2.01479e-007	-0.000875
-2.00979e-007	-0.000875
-2.00479e-007	-0.0011875
-1.99979e-007	-0.0005625
-1.99479e-007	-0.0011875
-1.98979e-007	6.25e-005
-1.98479e-007	0.000375
-1.97979e-007	0.000375
-1.97479e-007	0.0013125
-1.96979e-007	0.000375
-1.96479e-007	6.25e-005
-1.95979e-007	0.000375
-1.95479e-007	6.25e-005
-1.94979e-007	-0.00025
-1.94479e-007	6.25e-005
-1.93979e-007	6.25e-005
-1.93479e-007	-0.0005625
-1.92979e-007	-0.0015
-1.92479e-007	-0.0005625
-1.91979e-007	-0.0011875
-1.91479e-007	-0.0015
-1.90979e-007	-0.0011875
-1.90479e-007	-0.000875
-1.89979e-007	6.25e-005
-1.89479e-007	-0.000875
-1.88979e-007	-0.00025
-1.88479e-007	6.25e-005
-1.87979e-007	-0.00025
-1.87479e-007	0.000375
-1.86979e-007	0.000375
-1.86479e-007	0.0006875
-1.85979e-007	0.0006875
-1.85479e-007	-0.00025
-1.84979e-007	0.000375
-1.84479e-007	6.25e-005
-1.83979e-007	-0.00025
-1.83479e-007	-0.000875
-1.82979e-007	-0.0005625
-1.82479e-007	-0.0005625
-1.81979e-007	-0.000875
-1.81479e-007	-0.000875
-1.80979e-007	-0.0005625
-1.80479e-007	-0.000875
-1.79979e-007	-0.0005625
-1.79479e-007	-0.00025
-1.78979e-007	-0.00025
-1.78479e-007	-0.0005625
-1.77979e-007	-0.00025
-1.77479e-007	0.000375
-1.76979e-007	-0.0005625
-1.76479e-007	6.25e-005
-1.75979e-007	6.25e-005
-1.75479e-007	0.000375
-1.74979e-007	0.000375
-1.74479e-007	-0.00025
-1.73979e-007	6.25e-005
-1.73479e-007	-0.0005625
-1.72979e-007	-0.000875
-1.72479e-007	-0.00025
-1.71979e-007	-0.0005625
-1.71479e-007	-0.00025
-1.70979e-007	-0.00025
-1.70479e-007	-0.000875
-1.69979e-007	-0.0011875
-1.69479e-007	-0.0011875
-1.68979e-007	-0.000875
-1.68479e-007	-0.0005625
-1.67979e-007	-0.0005625
-1.67479e-007	-0.0005625
-1.66979e-007	6.25e-005
-1.66479e-007	0.000375
-1.65979e-007	0.0006875
-1.65479e-007	0.0006875
-1.64979e-007	-0.0005625
-1.64479e-007	-0.000875
-1.63979e-007	-0.00025
-1.63479e-007	-0.0005625
-1.62979e-007	-0.0005625
-1.62479e-007	-0.000875
-1.61979e-007	-0.0005625
-1.61479e-007	-0.000875
-1.60979e-007	-0.0005625
-1.60479e-007	-0.000875
-1.59979e-007	-0.000875
-1.59479e-007	-0.0005625
-1.58979e-007	-0.00025
-1.58479e-007	-0.0005625
-1.57979e-007	-0.0005625
-1.57479e-007	-0.0005625
-1.56979e-007	-0.0005625
-1.56479e-007	-0.0005625
-1.55979e-007	-0.00025
-1.55479e-007	-0.0005625
-1.54979e-007	-0.00025
-1.54479e-007	-0.00025
-1.53979e-007	-0.0005625
-1.53479e-007	-0.0005625
-1.52979e-007	-0.00025
-1.52479e-007	6.25e-005
-1.51979e-007	6.25e-005
-1.51479e-007	-0.0005625
-1.50979e-007	-0.0005625
-1.50479e-007	6.25e-005
-1.49979e-007	-0.0005625
-1.49479e-007	-0.0005625
-1.48979e-007	-0.000875
-1.48479e-007	6.25e-005
-1.47979e-007	6.25e-005
-1.47479e-007	-0.0005625
-1.46979e-007	-0.00025
-1.46479e-007	-0.0005625
-1.45979e-007	-0.0005625
-1.45479e-007	-0.00025
-1.44979e-007	-0.0005625
-1.44479e-007	-0.00025
-1.43979e-007	-0.0005625
-1.43479e-007	-0.0005625
-1.42979e-007	-0.00025
-1.42479e-007	6.25e-005
-1.41979e-007	0.0006875
-1.41479e-007	-0.000875
-1.40979e-007	-0.000875
-1.40479e-007	-0.00025
-1.39979e-007	-0.0005625
-1.39479e-007	-0.0005625
-1.38979e-007	-0.0005625
-1.38479e-007	-0.000875
-1.37979e-007	-0.00025
-1.37479e-007	-0.0005625
-1.36979e-007	6.25e-005
-1.36479e-007	-0.0005625
-1.35979e-007	6.25e-005
-1.35479e-007	-0.00025
-1.34979e-007	-0.0011875
-1.34479e-007	-0.000875
-1.33979e-007	-0.0005625
-1.33479e-007	-0.00025
-1.32979e-007	-0.0005625
-1.32479e-007	-0.0005625
-1.31979e-007	-0.00025
-1.31479e-007	-0.0011875
-1.30979e-007	-0.000875
-1.30479e-007	6.25e-005
-1.29979e-007	-0.00025
-1.29479e-007	-0.00025
-1.28979e-007	-0.0005625
-1.28479e-007	-0.0005625
-1.27979e-007	-0.00025
-1.27479e-007	-0.00025
-1.26979e-007	6.25e-005
-1.26479e-007	6.25e-005
-1.25979e-007	-0.0005625
-1.25479e-007	-0.00025
-1.24979e-007	6.25e-005
-1.24479e-007	-0.00025
-1.23979e-007	-0.0005625
-1.23479e-007	-0.0011875
-1.22979e-007	-0.0005625
-1.22479e-007	-0.000875
-1.21979e-007	-0.0005625
-1.21479e-007	-0.0005625
-1.20979e-007	-0.0005625
-1.20479e-007	-0.0005625
-1.19979e-007	-0.0005625
-1.19479e-007	-0.000875
-1.18979e-007	-0.0005625
-1.18479e-007	6.25e-005
-1.17979e-007	6.25e-005
-1.17479e-007	-0.00025
-1.16979e-007	6.25e-005
-1.16479e-007	0.000375
-1.15979e-007	0.0006875
-1.15479e-007	0.000375
-1.14979e-007	-0.00025
-1.14479e-007	-0.0005625
-1.13979e-007	-0.00025
-1.13479e-007	-0.0005625
-1.12979e-007	6.25e-005
-1.12479e-007	-0.00025
-1.11979e-007	-0.0005625
-1.11479e-007	-0.000875
-1.10979e-007	-0.0005625
-1.10479e-007	-0.0005625
-1.09979e-007	-0.0011875
-1.09479e-007	-0.0015
-1.08979e-007	-0.000875
-1.08479e-007	-0.00025
-1.07979e-007	6.25e-005
-1.07479e-007	-0.0005625
-1.06979e-007	-0.0005625
-1.06479e-007	-0.00025
-1.05979e-007	6.25e-005
-1.05479e-007	0.000375
-1.04979e-007	-0.000875
-1.04479e-007	-0.00025
-1.03979e-007	0.000375
-1.03479e-007	-0.0005625
-1.02979e-007	-0.0005625
-1.02479e-007	-0.00025
-1.01979e-007	-0.0005625
-1.01479e-007	-0.0005625
-1.00979e-007	-0.0011875
-1.00479e-007	-0.0011875
-9.9979e-008	-0.0011875
-9.9479e-008	-0.000875
-9.8979e-008	6.25e-005
-9.8479e-008	-0.00025
-9.7979e-008	6.25e-005
-9.7479e-008	6.25e-005
-9.6979e-008	6.25e-005
-9.6479e-008	-0.0011875
-9.5979e-008	-0.0005625
-9.5479e-008	0.0006875
-9.4979e-008	0.0006875
-9.4479e-008	6.25e-005
-9.3979e-008	0.000375
-9.3479e-008	6.25e-005
-9.2979e-008	0.000375
-9.2479e-008	6.25e-005
-9.1979e-008	-0.0005625
-9.1479e-008	-0.000875
-9.0979e-008	-0.0005625
-9.0479e-008	-0.00025
-8.9979e-008	-0.000875
-8.9479e-008	-0.0005625
-8.8979e-008	-0.000875
-8.8479e-008	-0.0015
-8.7979e-008	-0.0005625
-8.7479e-008	-0.0005625
-8.6979e-008	-0.00025
-8.6479e-008	0.000375
-8.5979e-008	6.25e-005
-8.5479e-008	0.0006875
-8.4979e-008	6.25e-005
-8.4479e-008	6.25e-005
-8.3979e-008	0.000375
-8.3479e-008	6.25e-005
-8.2979e-008	-0.00025
-8.2479e-008	6.25e-005
-8.1979e-008	-0.00025
-8.1479e-008	-0.0005625
-8.0979e-008	-0.0011875
-8.0479e-008	-0.0011875
-7.9979e-008	-0.000875
-7.9479e-008	-0.0011875
-7.8979e-008	-0.0005625
-7.8479e-008	-0.00025
-7.7979e-008	-0.0005625
-7.7479e-008	-0.000875
-7.6979e-008	-0.000875
-7.6479e-008	-0.00025
-7.5979e-008	6.25e-005
-7.5479e-008	-0.00025
-7.4979e-008	-0.00025
-7.4479e-008	-0.00025
-7.3979e-008	0.000375
-7.3479e-008	-0.00025
-7.2979e-008	0.000375
-7.2479e-008	-0.00025
-7.1979e-008	-0.000875
-7.1479e-008	-0.0005625
-7.0979e-008	-0.0005625
-7.0479e-008	-0.000875
-6.9979e-008	-0.00025
-6.9479e-008	-0.000875
-6.8979e-008	-0.0005625
-6.8479e-008	-0.0005625
-6.7979e-008	-0.000875
-6.7479e-008	-0.0005625
-6.6979e-008	-0.000875
-6.6479e-008	-0.00025
-6.5979e-008	0.000375
-6.5479e-008	0.0006875
-6.4979e-008	0.000375
-6.4479e-008	-0.000875
-6.3979e-008	-0.000875
-6.3479e-008	-0.00025
-6.2979e-008	-0.0005625
-6.2479e-008	6.25e-005
-6.1979e-008	6.25e-005
-6.1479e-008	0.000375
-6.0979e-008	-0.0005625
-6.0479e-008	-0.000875
-5.9979e-008	-0.0011875
-5.9479e-008	-0.000875
-5.8979e-008	-0.00025
-5.8479e-008	-0.00025
-5.7979e-008	-0.000875
-5.7479e-008	-0.000875
-5.6979e-008	-0.0005625
-5.6479e-008	-0.0005625
-5.5979e-008	0.000375
-5.5479e-008	-0.00025
-5.4979e-008	6.25e-005
-5.4479e-008	-0.0005625
-5.3979e-008	6.25e-005
-5.3479e-008	6.25e-005
-5.2979e-008	-0.00025
-5.2479e-008	6.25e-005
-5.1979e-008	-0.00025
-5.1479e-008	-0.0005625
-5.0979e-008	-0.000875
-5.0479e-008	-0.0011875
-4.9979e-008	-0.00025
-4.9479e-008	-0.000875
-4.8979e-008	-0.000875
-4.8479e-008	-0.000875
-4.7979e-008	-0.0005625
-4.7479e-008	-0.0005625
-4.6979e-008	-0.0005625
-4.6479e-008	-0.00025
-4.5979e-008	6.25e-005
-4.5479e-008	6.25e-005
-4.4979e-008	-0.00025
-4.4479e-008	-0.00025
-4.3979e-008	0.000375
-4.3479e-008	0.0006875
-4.2979e-008	-0.00025
-4.2479e-008	-0.00025
-4.1979e-008	-0.0005625
-4.1479e-008	-0.0011875
-4.0979e-008	-0.0018125
-4.0479e-008	-0.000875
-3.9979e-008	-0.0005625
-3.9479e-008	-0.000875
-3.8979e-008	-0.000875
-3.8479e-008	-0.0005625
-3.7979e-008	-0.0005625
-3.7479e-008	0.000375
-3.6979e-008	-0.00025
-3.6479e-008	-0.0005625
-3.5979e-008	-0.00025
-3.5479e-008	0.0006875
-3.4979e-008	0.0013125
-3.4479e-008	6.25e-005
-3.3979e-008	6.25e-005
-3.3479e-008	0.0006875
-3.2979e-008	0.000375
-3.2479e-008	6.25e-005
-3.1979e-008	6.25e-005
-3.1479e-008	-0.0005625
-3.0979e-008	-0.0005625
-3.0479e-008	-0.0018125
-2.9979e-008	-0.0011875
-2.9479e-008	-0.000875
-2.8979e-008	-0.000875
-2.8479e-008	-0.0005625
-2.7979e-008	6.25e-005
-2.7479e-008	-0.00025
-2.6979e-008	-0.00025
-2.6479e-008	-0.0005625
-2.5979e-008	6.25e-005
-2.5479e-008	0.0006875
-2.4979e-008	0.0006875
-2.4479e-008	0.000375
-2.3979e-008	6.25e-005
-2.3479e-008	6.25e-005
-2.2979e-008	0.0006875
-2.2479e-008	0.001
-2.1979e-008	-0.000875
-2.1479e-008	-0.000875
-2.0979e-008	-0.0005625
-2.0479e-008	-0.000875
-1.9979e-008	-0.000875
-1.9479e-008	-0.0011875
-1.8979e-008	-0.0011875
-1.8479e-008	-0.000875
-1.7979e-008	-0.0018125
-1.7479e-008	-0.0030625
-1.6979e-008	-0.004
-1.6479e-008	-0.004625
-1.5979e-008	-0.00525
-1.5479e-008	-0.004625
-1.4979e-008	-0.0049375
-1.4479e-008	-0.0049375
-1.3979e-008	-0.0055625
-1.3479e-008	-0.0061875
-1.2979e-008	-0.0065
-1.2479e-008	-0.007125
-1.1979e-008	-0.0080625
-1.1479e-008	-0.0093125
-1.0979e-008	-0.01025
-1.0479e-008	-0.010875
-9.979e-009	-0.0105625
-9.479e-009	-0.0105625
-8.979e-009	-0.0099375
-8.479e-009	-0.01025
-7.979e-009	-0.0105625
-7.479e-009	-0.0111875
-6.979e-009	-0.0111875
-6.479e-009	-0.0111875
-5.979e-009	-0.0111875
-5.479e-009	-0.0111875
-4.979e-009	-0.0111875
-4.479e-009	-0.0111875
-3.979e-009	-0.0111875
-3.479e-009	-0.0111875
-2.979e-009	-0.0111875
-2.479e-009	-0.0111875
-1.979e-009	-0.0118125
-1.479e-009	-0.0118125
-9.79e-010	-0.0118125
-4.79e-010	-0.0115
2.1e-011	-0.012125
5.21e-010	-0.0115
1.021e-009	-0.0111875
1.521e-009	-0.0111875
2.021e-009	-0.012125
2.521e-009	-0.0124375
3.021e-009	-0.012125
3.521e-009	-0.0111875
4.021e-009	-0.012125
4.521e-009	-0.0115
5.021e-009	-0.0118125
5.521e-009	-0.010875
6.021e-009	-0.0093125
6.521e-009	-0.009625
7.021e-009	-0.010875
7.521e-009	-0.0105625
8.021e-009	-0.0099375
8.521e-009	-0.0099375
9.021e-009	-0.009625
9.521e-009	-0.0093125
1.0021e-008	-0.0105625
1.0521e-008	-0.0105625
1.1021e-008	-0.0105625
1.1521e-008	-0.010875
1.2021e-008	-0.0105625
1.2521e-008	-0.010875
1.3021e-008	-0.010875
1.3521e-008	-0.0105625
1.4021e-008	-0.010875
1.4521e-008	-0.010875
1.5021e-008	-0.0105625
1.5521e-008	-0.0099375
1.6021e-008	-0.0099375
1.6521e-008	-0.009625
1.7021e-008	-0.009
1.7521e-008	-0.0105625
1.8021e-008	-0.010875
1.8521e-008	-0.009625
1.9021e-008	-0.0093125
1.9521e-008	-0.009625
2.0021e-008	-0.010875
2.0521e-008	-0.01025
2.1021e-008	-0.0111875
2.1521e-008	-0.0111875
2.2021e-008	-0.0111875
2.2521e-008	-0.0115
2.3021e-008	-0.0115
2.3521e-008	-0.010875
2.4021e-008	-0.0105625
2.4521e-008	-0.0099375
2.5021e-008	-0.0099375
2.5521e-008	-0.009625
2.6021e-008	-0.009625
2.6521e-008	-0.009625
2.7021e-008	-0.0093125
2.7521e-008	-0.0099375
2.8021e-008	-0.0093125
2.8521e-008	-0.009
2.9021e-008	-0.0093125
2.9521e-008	-0.0093125
3.0021e-008	-0.009
3.0521e-008	-0.0080625
3.1021e-008	-0.009
3.1521e-008	-0.010875
3.2021e-008	-0.0099375
3.2521e-008	-0.0099375
3.3021e-008	-0.009
3.3521e-008	-0.0099375
3.4021e-008	-0.0099375
3.4521e-008	-0.0086875
3.5021e-008	-0.009
3.5521e-008	-0.01025
3.6021e-008	-0.0093125
3.6521e-008	-0.0086875
3.7021e-008	-0.0080625
3.7521e-008	-0.0093125
3.8021e-008	-0.008375
3.8521e-008	-0.0080625
3.9021e-008	-0.00775
3.9521e-008	-0.0080625
4.0021e-008	-0.008375
4.0521e-008	-0.0086875
4.1021e-008	-0.008375
4.1521e-008	-0.0086875
4.2021e-008	-0.0086875
4.2521e-008	-0.009625
4.3021e-008	-0.0086875
4.3521e-008	-0.0080625
4.4021e-008	-0.008375
4.4521e-008	-0.008375
4.5021e-008	-0.0086875
4.5521e-008	-0.009
4.6021e-008	-0.0093125
4.6521e-008	-0.009
4.7021e-008	-0.008375
4.7521e-008	-0.009
4.8021e-008	-0.0080625
4.8521e-008	-0.0080625
4.9021e-008	-0.008375
4.9521e-008	-0.0086875
5.0021e-008	-0.0086875
5.0521e-008	-0.008375
5.1021e-008	-0.008375
5.1521e-008	-0.0093125
5.2021e-008	-0.008375
5.2521e-008	-0.009
5.3021e-008	-0.0086875
5.3521e-008	-0.0086875
5.4021e-008	-0.009
5.4521e-008	-0.009
5.5021e-008	-0.009
5.5521e-008	-0.0093125
5.6021e-008	-0.009
5.6521e-008	-0.0093125
5.7021e-008	-0.0080625
5.7521e-008	-0.0086875
5.8021e-008	-0.0086875
5.8521e-008	-0.009625
5.9021e-008	-0.008375
5.9521e-008	-0.0080625
6.0021e-008	-0.008375
6.0521e-008	-0.008375
6.1021e-008	-0.008375
6.1521e-008	-0.0086875
6.2021e-008	-0.0080625
6.2521e-008	-0.0086875
6.3021e-008	-0.0080625
6.3521e-008	-0.009
6.4021e-008	-0.0093125
6.4521e-008	-0.0086875
6.5021e-008	-0.008375
6.5521e-008	-0.0080625
6.6021e-008	-0.008375
6.6521e-008	-0.0086875
6.7021e-008	-0.008375
6.7521e-008	-0.009
6.8021e-008	-0.0080625
6.8521e-008	-0.009
6.9021e-008	-0.0086875
6.9521e-008	-0.00775
7.0021e-008	-0.0074375
7.0521e-008	-0.0080625
7.1021e-008	-0.0086875
7.1521e-008	-0.0080625
7.2021e-008	-0.0074375
7.2521e-008	-0.009
7.3021e-008	-0.0086875
7.3521e-008	-0.009
7.4021e-008	-0.009
7.4521e-008	-0.0093125
7.5021e-008	-0.009
7.5521e-008	-0.0080625
7.6021e-008	-0.0080625
7.6521e-008	-0.008375
7.7021e-008	-0.0080625
7.7521e-008	-0.008375
7.8021e-008	-0.0074375
7.8521e-008	-0.0080625
7.9021e-008	-0.008375
7.9521e-008	-0.0080625
8.0021e-008	-0.008375
8.0521e-008	-0.0080625
8.1021e-008	-0.00775
8.1521e-008	-0.0080625
8.2021e-008	-0.008375
8.2521e-008	-0.0093125
8.3021e-008	-0.008375
8.3521e-008	-0.008375
8.4021e-008	-0.00775
8.4521e-008	-0.0086875
8.5021e-008	-0.0093125
8.5521e-008	-0.009
8.6021e-008	-0.0086875
8.6521e-008	-0.008375
8.7021e-008	-0.0080625
8.7521e-008	-0.0086875
8.8021e-008	-0.008375
8.8521e-008	-0.008375
8.9021e-008	-0.008375
8.9521e-008	-0.00775
9.0021e-008	-0.0074375
9.0521e-008	-0.0074375
9.1021e-008	-0.0080625
9.1521e-008	-0.00775
9.2021e-008	-0.00775
9.2521e-008	-0.008375
9.3021e-008	-0.0080625
9.3521e-008	-0.0086875
9.4021e-008	-0.009
9.4521e-008	-0.009
9.5021e-008	-0.009
9.5521e-008	-0.0086875
9.6021e-008	-0.0086875
9.6521e-008	-0.0086875
9.7021e-008	-0.008375
9.7521e-008	-0.008375
9.8021e-008	-0.0080625
9.8521e-008	-0.0086875
9.9021e-008	-0.0074375
9.9521e-008	-0.007125
1.00021e-007	-0.00775
1.00521e-007	-0.00775
1.01021e-007	-0.00775
1.01521e-007	-0.00775
1.02021e-007	-0.007125
1.02521e-007	-0.008375
1.03021e-007	-0.0074375
1.03521e-007	-0.008375
1.04021e-007	-0.008375
1.04521e-007	-0.0086875
1.05021e-007	-0.009
1.05521e-007	-0.0086875
1.06021e-007	-0.009
1.06521e-007	-0.0086875
1.07021e-007	-0.0080625
1.07521e-007	-0.0080625
1.08021e-007	-0.0080625
1.08521e-007	-0.0074375
1.09021e-007	-0.007125
1.09521e-007	-0.0065
1.10021e-007	-0.007125
1.10521e-007	-0.007125
1.11021e-007	-0.00775
1.11521e-007	-0.0074375
1.12021e-007	-0.007125
1.12521e-007	-0.0068125
1.13021e-007	-0.0074375
1.13521e-007	-0.008375
1.14021e-007	-0.008375
1.14521e-007	-0.0086875
1.15021e-007	-0.0086875
1.15521e-007	-0.0093125
1.16021e-007	-0.0086875
1.16521e-007	-0.0086875
1.17021e-007	-0.008375
1.17521e-007	-0.0086875
1.18021e-007	-0.00775
1.18521e-007	-0.0080625
1.19021e-007	-0.007125
1.19521e-007	-0.0074375
1.20021e-007	-0.0068125
1.20521e-007	-0.007125
1.21021e-007	-0.007125
1.21521e-007	-0.0074375
1.22021e-007	-0.0068125
1.22521e-007	-0.007125
1.23021e-007	-0.0068125
1.23521e-007	-0.0080625
1.24021e-007	-0.00775
1.24521e-007	-0.0080625
1.25021e-007	-0.008375
1.25521e-007	-0.008375
1.26021e-007	-0.0086875
1.26521e-007	-0.008375
1.27021e-007	-0.008375
1.27521e-007	-0.0086875
1.28021e-007	-0.0080625
1.28521e-007	-0.0080625
1.29021e-007	-0.0080625
1.29521e-007	-0.0080625
1.30021e-007	-0.00775
1.30521e-007	-0.0068125
1.31021e-007	-0.0068125
1.31521e-007	-0.0061875
1.32021e-007	-0.0065
1.32521e-007	-0.0065
1.33021e-007	-0.0074375
1.33521e-007	-0.00775
1.34021e-007	-0.00775
1.34521e-007	-0.0074375
1.35021e-007	-0.00775
1.35521e-007	-0.0086875
1.36021e-007	-0.008375
1.36521e-007	-0.009
1.37021e-007	-0.0093125
1.37521e-007	-0.008375
1.38021e-007	-0.0068125
1.38521e-007	-0.0080625
1.39021e-007	-0.00775
1.39521e-007	-0.00775
1.40021e-007	-0.007125
1.40521e-007	-0.0068125
1.41021e-007	-0.0061875
1.41521e-007	-0.0061875
1.42021e-007	-0.0068125
1.42521e-007	-0.0065
1.43021e-007	-0.005875
1.43521e-007	-0.0065
1.44021e-007	-0.007125
1.44521e-007	-0.0074375
1.45021e-007	-0.007125
1.45521e-007	-0.0074375
1.46021e-007	-0.00775
1.46521e-007	-0.008375
1.47021e-007	-0.0080625
1.47521e-007	-0.008375
1.48021e-007	-0.0086875
1.48521e-007	-0.0074375
1.49021e-007	-0.0068125
1.49521e-007	-0.0074375
1.50021e-007	-0.0074375
1.50521e-007	-0.0068125
1.51021e-007	-0.0068125
1.51521e-007	-0.0065
1.52021e-007	-0.0065
1.52521e-007	-0.005875
1.53021e-007	-0.005875
1.53521e-007	-0.0065
1.54021e-007	-0.0074375
1.54521e-007	-0.00775
1.55021e-007	-0.00775
1.55521e-007	-0.0080625
1.56021e-007	-0.00775
1.56521e-007	-0.0080625
1.57021e-007	-0.008375
1.57521e-007	-0.00775
1.58021e-007	-0.0074375
1.58521e-007	-0.00775
1.59021e-007	-0.00775
1.59521e-007	-0.007125
1.60021e-007	-0.0068125
1.60521e-007	-0.007125
1.61021e-007	-0.005875
1.61521e-007	-0.0065
1.62021e-007	-0.0065
1.62521e-007	-0.0068125
1.63021e-007	-0.0061875
1.63521e-007	-0.0065
1.64021e-007	-0.0065
1.64521e-007	-0.0068125
1.65021e-007	-0.0074375
1.65521e-007	-0.0080625
1.66021e-007	-0.00775
1.66521e-007	-0.00775
1.67021e-007	-0.00775
1.67521e-007	-0.00775
1.68021e-007	-0.0068125
1.68521e-007	-0.007125
1.69021e-007	-0.007125
1.69521e-007	-0.0068125
1.70021e-007	-0.005875
1.70521e-007	-0.0055625
1.71021e-007	-0.0055625
1.71521e-007	-0.0061875
1.72021e-007	-0.0061875
1.72521e-007	-0.0065
1.73021e-007	-0.007125
1.73521e-007	-0.007125
1.74021e-007	-0.007125
1.74521e-007	-0.0074375
1.75021e-007	-0.00775
1.75521e-007	-0.00775
1.76021e-007	-0.00775
1.76521e-007	-0.0080625
1.77021e-007	-0.00775
1.77521e-007	-0.00775
1.78021e-007	-0.007125
1.78521e-007	-0.0065
1.79021e-007	-0.0061875
1.79521e-007	-0.00525
1.80021e-007	-0.0049375
1.80521e-007	-0.0049375
1.81021e-007	-0.0055625
1.81521e-007	-0.00525
1.82021e-007	-0.0049375
1.82521e-007	-0.0061875
1.83021e-007	-0.005875
1.83521e-007	-0.0068125
1.84021e-007	-0.0068125
1.84521e-007	-0.008375
1.85021e-007	-0.0086875
1.85521e-007	-0.0080625
1.86021e-007	-0.0068125
1.86521e-007	-0.0080625
1.87021e-007	-0.0074375
1.87521e-007	-0.0074375
1.88021e-007	-0.0068125
1.88521e-007	-0.0061875
1.89021e-007	-0.0061875
1.89521e-007	-0.0055625
1.90021e-007	-0.0049375
1.90521e-007	-0.0043125
1.91021e-007	-0.0049375
1.91521e-007	-0.0049375
1.92021e-007	-0.0049375
1.92521e-007	-0.0055625
1.93021e-007	-0.0055625
1.93521e-007	-0.0061875
1.94021e-007	-0.0068125
1.94521e-007	-0.007125
1.95021e-007	-0.0080625
1.95521e-007	-0.0074375
1.96021e-007	-0.008375
1.96521e-007	-0.0086875
1.97021e-007	-0.0080625
1.97521e-007	-0.0080625
1.98021e-007	-0.00775
1.98521e-007	-0.0065
1.99021e-007	-0.0055625
1.99521e-007	-0.0043125
2.00021e-007	-0.0043125
2.00521e-007	-0.0049375
2.01021e-007	-0.00525
2.01521e-007	-0.004625
2.02021e-007	-0.0043125
2.02521e-007	-0.0055625
2.03021e-007	-0.005875
2.03521e-007	-0.0065
2.04021e-007	-0.0061875
2.04521e-007	-0.007125
2.05021e-007	-0.00775
2.05521e-007	-0.0086875
2.06021e-007	-0.008375
2.06521e-007	-0.0080625
2.07021e-007	-0.0074375
2.07521e-007	-0.00775
2.08021e-007	-0.007125
2.08521e-007	-0.0065
2.09021e-007	-0.0055625
2.09521e-007	-0.004625
2.10021e-007	-0.0043125
2.10521e-007	-0.004
2.11021e-007	-0.004
2.11521e-007	-0.004
2.12021e-007	-0.0043125
2.12521e-007	-0.0049375
2.13021e-007	-0.0049375
2.13521e-007	-0.0055625
2.14021e-007	-0.0061875
2.14521e-007	-0.007125
2.15021e-007	-0.0074375
2.15521e-007	-0.0074375
2.16021e-007	-0.0080625
2.16521e-007	-0.0080625
2.17021e-007	-0.00775
2.17521e-007	-0.00775
2.18021e-007	-0.0068125
2.18521e-007	-0.005875
2.19021e-007	-0.0061875
2.19521e-007	-0.0049375
2.20021e-007	-0.0049375
2.20521e-007	-0.004625
2.21021e-007	-0.0036875
2.21521e-007	-0.0036875
2.22021e-007	-0.004
2.22521e-007	-0.004625
2.23021e-007	-0.004625
2.23521e-007	-0.00525
2.24021e-007	-0.005875
2.24521e-007	-0.0065
2.25021e-007	-0.0074375
2.25521e-007	-0.0074375
2.26021e-007	-0.007125
2.26521e-007	-0.0074375
2.27021e-007	-0.0068125
2.27521e-007	-0.0074375
2.28021e-007	-0.0068125
2.28521e-007	-0.0065
2.29021e-007	-0.0055625
2.29521e-007	-0.0049375
2.30021e-007	-0.004
2.30521e-007	-0.0036875
2.31021e-007	-0.0036875
2.31521e-007	-0.004
2.32021e-007	-0.004625
2.32521e-007	-0.004625
2.33021e-007	-0.004625
2.33521e-007	-0.0055625
2.34021e-007	-0.005875
2.34521e-007	-0.0061875
2.35021e-007	-0.0068125
2.35521e-007	-0.007125
2.36021e-007	-0.007125
2.36521e-007	-0.0068125
2.37021e-007	-0.0068125
2.37521e-007	-0.0068125
2.38021e-007	-0.0061875
2.38521e-007	-0.005875
2.39021e-007	-0.005875
2.39521e-007	-0.0055625
2.40021e-007	-0.00525
2.40521e-007	-0.0043125
2.41021e-007	-0.004625
2.41521e-007	-0.004
2.42021e-007	-0.0043125
2.42521e-007	-0.00525
2.43021e-007	-0.004625
2.43521e-007	-0.0049375
2.44021e-007	-0.0055625
2.44521e-007	-0.0065
2.45021e-007	-0.0068125
2.45521e-007	-0.0065
2.46021e-007	-0.005875
2.46521e-007	-0.0055625
2.47021e-007	-0.0061875
2.47521e-007	-0.0061875
2.48021e-007	-0.005875
2.48521e-007	-0.005875
2.49021e-007	-0.0055625
2.49521e-007	-0.0055625
2.50021e-007	-0.00525
2.50521e-007	-0.00525
2.51021e-007	-0.0049375
2.51521e-007	-0.0043125
2.52021e-007	-0.0043125
2.52521e-007	-0.0049375
2.53021e-007	-0.0049375
2.53521e-007	-0.004625
2.54021e-007	-0.00525
2.54521e-007	-0.0061875
2.55021e-007	-0.0061875
2.55521e-007	-0.0065
2.56021e-007	-0.0061875
2.56521e-007	-0.005875
2.57021e-007	-0.0055625
2.57521e-007	-0.0055625
2.58021e-007	-0.00525
2.58521e-007	-0.00525
2.59021e-007	-0.00525
2.59521e-007	-0.00525
2.60021e-007	-0.00525
2.60521e-007	-0.00525
2.61021e-007	-0.004625
2.61521e-007	-0.004
2.62021e-007	-0.0049375
2.62521e-007	-0.004625
2.63021e-007	-0.0055625
2.63521e-007	-0.005875
2.64021e-007	-0.0055625
2.64521e-007	-0.00525
2.65021e-007	-0.0049375
2.65521e-007	-0.0061875
2.66021e-007	-0.0055625
2.66521e-007	-0.0049375
2.67021e-007	-0.0055625
2.67521e-007	-0.004625
2.68021e-007	-0.004625
2.68521e-007	-0.0049375
2.69021e-007	-0.0049375
2.69521e-007	-0.00525
2.70021e-007	-0.004625
2.70521e-007	-0.004
2.71021e-007	-0.004625
2.71521e-007	-0.0049375
2.72021e-007	-0.0049375
2.72521e-007	-0.0049375
2.73021e-007	-0.00525
2.73521e-007	-0.0055625
2.74021e-007	-0.0055625
2.74521e-007	-0.0055625
2.75021e-007	-0.0055625
2.75521e-007	-0.0068125
2.76021e-007	-0.005875
2.76521e-007	-0.00525
2.77021e-007	-0.00525
2.77521e-007	-0.0049375
2.78021e-007	-0.004625
2.78521e-007	-0.0043125
2.79021e-007	-0.0049375
2.79521e-007	-0.0043125
2.80021e-007	-0.004
2.80521e-007	-0.0049375
2.81021e-007	-0.0049375
2.81521e-007	-0.004625
2.82021e-007	-0.004625
2.82521e-007	-0.0043125
2.83021e-007	-0.00525
2.83521e-007	-0.0061875
2.84021e-007	-0.0055625
2.84521e-007	-0.0055625
2.85021e-007	-0.0061875
2.85521e-007	-0.005875
2.86021e-007	-0.0049375
2.86521e-007	-0.005875
2.87021e-007	-0.00525
2.87521e-007	-0.0049375
2.88021e-007	-0.00525
2.88521e-007	-0.0049375
2.89021e-007	-0.0043125
2.89521e-007	-0.0043125
2.90021e-007	-0.0043125
2.90521e-007	-0.004625
2.91021e-007	-0.004
2.91521e-007	-0.0036875
2.92021e-007	-0.004625
2.92521e-007	-0.004625
2.93021e-007	-0.0049375
2.93521e-007	-0.00525
2.94021e-007	-0.0049375
2.94521e-007	-0.004625
2.95021e-007	-0.00525
2.95521e-007	-0.0065
2.96021e-007	-0.00525
2.96521e-007	-0.00525
2.97021e-007	-0.00525
2.97521e-007	-0.004625
2.98021e-007	-0.0049375
2.98521e-007	-0.0049375
2.99021e-007	-0.004625
2.99521e-007	-0.0036875
3.00021e-007	-0.0043125
3.00521e-007	-0.0043125
3.01021e-007	-0.004625
3.01521e-007	-0.004625
3.02021e-007	-0.004
3.02521e-007	-0.0036875
3.03021e-007	-0.0043125
3.03521e-007	-0.0043125
3.04021e-007	-0.0049375
3.04521e-007	-0.004625
3.05021e-007	-0.0043125
3.05521e-007	-0.00525
3.06021e-007	-0.00525
3.06521e-007	-0.00525
3.07021e-007	-0.0055625
3.07521e-007	-0.00525
3.08021e-007	-0.004625
3.08521e-007	-0.004
3.09021e-007	-0.0049375
3.09521e-007	-0.0049375
3.10021e-007	-0.0043125
3.10521e-007	-0.004625
3.11021e-007	-0.0043125
3.11521e-007	-0.0049375
3.12021e-007	-0.004625
3.12521e-007	-0.0036875
3.13021e-007	-0.0036875
3.13521e-007	-0.0036875
3.14021e-007	-0.0049375
3.14521e-007	-0.0049375
3.15021e-007	-0.00525
3.15521e-007	-0.0049375
3.16021e-007	-0.004625
3.16521e-007	-0.0055625
3.17021e-007	-0.00525
3.17521e-007	-0.0055625
3.18021e-007	-0.004625
3.18521e-007	-0.004625
3.19021e-007	-0.004625
3.19521e-007	-0.0036875
3.20021e-007	-0.004625
3.20521e-007	-0.0049375
3.21021e-007	-0.004
3.21521e-007	-0.004625
3.22021e-007	-0.0043125
3.22521e-007	-0.0036875
3.23021e-007	-0.0036875
3.23521e-007	-0.004
3.24021e-007	-0.0043125
3.24521e-007	-0.0036875
3.25021e-007	-0.0043125
3.25521e-007	-0.0049375
3.26021e-007	-0.004625
3.26521e-007	-0.0049375
3.27021e-007	-0.00525
3.27521e-007	-0.00525
3.28021e-007	-0.0049375
3.28521e-007	-0.0043125
3.29021e-007	-0.0043125
3.29521e-007	-0.004
3.30021e-007	-0.004
3.30521e-007	-0.0043125
3.31021e-007	-0.0036875
3.31521e-007	-0.004
3.32021e-007	-0.0036875
3.32521e-007	-0.004
3.33021e-007	-0.0036875
3.33521e-007	-0.0036875
3.34021e-007	-0.0043125
3.34521e-007	-0.0043125
3.35021e-007	-0.0043125
3.35521e-007	-0.004625
3.36021e-007	-0.004
3.36521e-007	-0.00525
3.37021e-007	-0.0049375
3.37521e-007	-0.0043125
3.38021e-007	-0.0043125
3.38521e-007	-0.004
3.39021e-007	-0.0043125
3.39521e-007	-0.004
3.40021e-007	-0.004625
3.40521e-007	-0.0036875
3.41021e-007	-0.003375
3.41521e-007	-0.003375
3.42021e-007	-0.00275
3.42521e-007	-0.003375
3.43021e-007	-0.0043125
3.43521e-007	-0.004
3.44021e-007	-0.0049375
3.44521e-007	-0.0049375
3.45021e-007	-0.004625
3.45521e-007	-0.0043125
3.46021e-007	-0.0043125
3.46521e-007	-0.0055625
3.47021e-007	-0.0043125
3.47521e-007	-0.004
3.48021e-007	-0.0043125
3.48521e-007	-0.004
3.49021e-007	-0.0043125
3.49521e-007	-0.003375
3.50021e-007	-0.003375
3.50521e-007	-0.0030625
3.51021e-007	-0.0030625
3.51521e-007	-0.004
3.52021e-007	-0.0030625
3.52521e-007	-0.004
3.53021e-007	-0.0043125
3.53521e-007	-0.0043125
3.54021e-007	-0.0043125
3.54521e-007	-0.0043125
3.55021e-007	-0.004625
3.55521e-007	-0.0049375
3.56021e-007	-0.0043125
3.56521e-007	-0.0043125
3.57021e-007	-0.0036875
3.57521e-007	-0.0043125
3.58021e-007	-0.004
3.58521e-007	-0.0036875
3.59021e-007	-0.003375
3.59521e-007	-0.0024375
3.60021e-007	-0.003375
3.60521e-007	-0.003375
3.61021e-007	-0.003375
3.61521e-007	-0.0036875
3.62021e-007	-0.0036875
3.62521e-007	-0.0043125
3.63021e-007	-0.0043125
3.63521e-007	-0.0043125
3.64021e-007	-0.0049375
3.64521e-007	-0.004625
3.65021e-007	-0.004625
3.65521e-007	-0.0049375
3.66021e-007	-0.004625
3.66521e-007	-0.0036875
3.67021e-007	-0.0036875
3.67521e-007	-0.0036875
3.68021e-007	-0.0030625
3.68521e-007	-0.0024375
3.69021e-007	-0.003375
3.69521e-007	-0.0030625
3.70021e-007	-0.0036875
3.70521e-007	-0.0030625
3.71021e-007	-0.0030625
3.71521e-007	-0.003375
3.72021e-007	-0.003375
3.72521e-007	-0.004
3.73021e-007	-0.0055625
3.73521e-007	-0.004625
3.74021e-007	-0.0036875
3.74521e-007	-0.0036875
3.75021e-007	-0.004
3.75521e-007	-0.0043125
3.76021e-007	-0.0036875
3.76521e-007	-0.0036875
3.77021e-007	-0.0036875
3.77521e-007	-0.004
3.78021e-007	-0.003375
3.78521e-007	-0.003375
3.79021e-007	-0.003375
3.79521e-007	-0.0030625
3.80021e-007	-0.00275
3.80521e-007	-0.00275
3.81021e-007	-0.0030625
3.81521e-007	-0.004
3.82021e-007	-0.003375
3.82521e-007	-0.0036875
3.83021e-007	-0.004625
3.83521e-007	-0.0043125
3.84021e-007	-0.0043125
3.84521e-007	-0.004625
3.85021e-007	-0.0043125
3.85521e-007	-0.0043125
3.86021e-007	-0.0036875
3.86521e-007	-0.0030625
3.87021e-007	-0.003375
3.87521e-007	-0.0030625
3.88021e-007	-0.0030625
3.88521e-007	-0.00275
3.89021e-007	-0.0024375
3.89521e-007	-0.0024375
3.90021e-007	-0.0036875
3.90521e-007	-0.0030625
3.91021e-007	-0.00275
3.91521e-007	-0.0043125
3.92021e-007	-0.0043125
3.92521e-007	-0.0043125
3.93021e-007	-0.0043125
3.93521e-007	-0.004
3.94021e-007	-0.004625
3.94521e-007	-0.0036875
3.95021e-007	-0.0030625
3.95521e-007	-0.0036875
3.96021e-007	-0.0036875
3.96521e-007	-0.003375
3.97021e-007	-0.00275
3.97521e-007	-0.0030625
3.98021e-007	-0.00275
3.98521e-007	-0.0030625
3.99021e-007	-0.0030625
3.99521e-007	-0.003375
4.00021e-007	-0.003375
4.00521e-007	-0.0043125
4.01021e-007	-0.0036875
4.01521e-007	-0.0036875
4.02021e-007	-0.0043125
4.02521e-007	-0.004625
4.03021e-007	-0.004625
4.03521e-007	-0.0049375
4.04021e-007	-0.0043125
4.04521e-007	-0.003375
4.05021e-007	-0.0036875
4.05521e-007	-0.0030625
4.06021e-007	-0.0018125
4.06521e-007	-0.0018125
4.07021e-007	-0.00275
4.07521e-007	-0.00275
4.08021e-007	-0.0024375
4.08521e-007	-0.0018125
4.09021e-007	-0.0024375
4.09521e-007	-0.0030625
4.10021e-007	-0.0036875
4.10521e-007	-0.003375
4.11021e-007	-0.0036875
4.11521e-007	-0.004625
4.12021e-007	-0.0049375
4.12521e-007	-0.0049375
4.13021e-007	-0.0049375
4.13521e-007	-0.004
4.14021e-007	-0.0036875
4.14521e-007	-0.003375
4.15021e-007	-0.003375
4.15521e-007	-0.0030625
4.16021e-007	-0.0024375
4.16521e-007	-0.0018125
4.17021e-007	-0.0015
4.17521e-007	-0.0018125
4.18021e-007	-0.0018125
4.18521e-007	-0.0018125
4.19021e-007	-0.0024375
4.19521e-007	-0.0030625
4.20021e-007	-0.0030625
4.20521e-007	-0.0030625
4.21021e-007	-0.0036875
4.21521e-007	-0.0049375
4.22021e-007	-0.004625
4.22521e-007	-0.004625
4.23021e-007	-0.004625
4.23521e-007	-0.0036875
4.24021e-007	-0.003375
4.24521e-007	-0.003375
4.25021e-007	-0.0030625
4.25521e-007	-0.0024375
4.26021e-007	-0.0011875
4.26521e-007	-0.0011875
4.27021e-007	-0.0018125
4.27521e-007	-0.0018125
4.28021e-007	-0.0018125
4.28521e-007	-0.002125
4.29021e-007	-0.0024375
4.29521e-007	-0.002125
4.30021e-007	-0.0030625
4.30521e-007	-0.003375
4.31021e-007	-0.0049375
4.31521e-007	-0.00525
4.32021e-007	-0.004625
4.32521e-007	-0.004
4.33021e-007	-0.004
4.33521e-007	-0.0036875
4.34021e-007	-0.0043125
4.34521e-007	-0.0030625
4.35021e-007	-0.0024375
4.35521e-007	-0.0024375
4.36021e-007	-0.0024375
4.36521e-007	-0.00275
4.37021e-007	-0.0018125
4.37521e-007	-0.002125
4.38021e-007	-0.0015
4.38521e-007	-0.000875
4.39021e-007	-0.002125
4.39521e-007	-0.0024375
4.40021e-007	-0.0030625
4.40521e-007	-0.003375
4.41021e-007	-0.003375
4.41521e-007	-0.0043125
4.42021e-007	-0.0036875
4.42521e-007	-0.004
4.43021e-007	-0.004
4.43521e-007	-0.003375
4.44021e-007	-0.003375
4.44521e-007	-0.0030625
4.45021e-007	-0.0030625
4.45521e-007	-0.0030625
4.46021e-007	-0.0018125
4.46521e-007	-0.00275
4.47021e-007	-0.0024375
4.47521e-007	-0.0024375
4.48021e-007	-0.0018125
4.48521e-007	-0.002125
4.49021e-007	-0.00275
4.49521e-007	-0.0024375
4.50021e-007	-0.003375
4.50521e-007	-0.003375
4.51021e-007	-0.003375
4.51521e-007	-0.0036875
4.52021e-007	-0.0030625
4.52521e-007	-0.003375
4.53021e-007	-0.0036875
4.53521e-007	-0.0030625
4.54021e-007	-0.0030625
4.54521e-007	-0.0024375
4.55021e-007	-0.00275
4.55521e-007	-0.00275
4.56021e-007	-0.00275
4.56521e-007	-0.0030625
4.57021e-007	-0.0024375
4.57521e-007	-0.0024375
4.58021e-007	-0.0024375
4.58521e-007	-0.003375
4.59021e-007	-0.004
4.59521e-007	-0.0030625
4.60021e-007	-0.0030625
4.60521e-007	-0.00275
4.61021e-007	-0.00275
4.61521e-007	-0.0030625
4.62021e-007	-0.0024375
4.62521e-007	-0.0036875
4.63021e-007	-0.0030625
4.63521e-007	-0.002125
4.64021e-007	-0.002125
4.64521e-007	-0.002125
4.65021e-007	-0.0024375
4.65521e-007	-0.00275
4.66021e-007	-0.00275
4.66521e-007	-0.0030625
4.67021e-007	-0.0024375
4.67521e-007	-0.003375
4.68021e-007	-0.003375
4.68521e-007	-0.0036875
4.69021e-007	-0.0036875
4.69521e-007	-0.0030625
4.70021e-007	-0.003375
4.70521e-007	-0.003375
4.71021e-007	-0.003375
4.71521e-007	-0.00275
4.72021e-007	-0.0018125
4.72521e-007	-0.002125
4.73021e-007	-0.0024375
4.73521e-007	-0.0015
4.74021e-007	-0.0018125
4.74521e-007	-0.002125
4.75021e-007	-0.002125
4.75521e-007	-0.00275
4.76021e-007	-0.00275
4.76521e-007	-0.002125
4.77021e-007	-0.00275
4.77521e-007	-0.003375
4.78021e-007	-0.003375
4.78521e-007	-0.003375
4.79021e-007	-0.004
4.79521e-007	-0.00275
4.80021e-007	-0.003375
4.80521e-007	-0.0036875
4.81021e-007	-0.0030625
4.81521e-007	-0.0030625
4.82021e-007	-0.002125
4.82521e-007	-0.00275
4.83021e-007	-0.00275
4.83521e-007	-0.002125
4.84021e-007	-0.0011875
4.84521e-007	-0.000875
4.85021e-007	-0.0011875
4.85521e-007	-0.002125
4.86021e-007	-0.0024375
4.86521e-007	-0.003375
4.87021e-007	-0.0024375
4.87521e-007	-0.0024375
4.88021e-007	-0.003375
4.88521e-007	-0.003375
4.89021e-007	-0.004
4.89521e-007	-0.003375
4.90021e-007	-0.0030625
4.90521e-007	-0.0036875
4.91021e-007	-0.004
4.91521e-007	-0.00275
4.92021e-007	-0.00275
4.92521e-007	-0.00275
4.93021e-007	-0.0018125
4.93521e-007	-0.0015
4.94021e-007	-0.0018125
4.94521e-007	-0.0015
4.95021e-007	-0.0015
4.95521e-007	-0.0018125
4.96021e-007	-0.0018125
4.96521e-007	-0.0024375
4.97021e-007	-0.0030625
4.97521e-007	-0.0030625
4.98021e-007	-0.0024375
4.98521e-007	-0.0030625
4.99021e-007	-0.003375
4.99521e-007	-0.0030625
5.00021e-007	-0.003375
5.00521e-007	-0.0030625
5.01021e-007	-0.0030625
5.01521e-007	-0.0030625
5.02021e-007	-0.0030625
5.02521e-007	-0.0030625
5.03021e-007	-0.002125
5.03521e-007	-0.0018125
5.04021e-007	-0.002125
5.04521e-007	-0.0015
5.05021e-007	-0.000875
5.05521e-007	-0.0024375
5.06021e-007	-0.0024375
5.06521e-007	-0.002125
5.07021e-007	-0.0018125
5.07521e-007	-0.0015
5.08021e-007	-0.00275
5.08521e-007	-0.00275
5.09021e-007	-0.0018125
5.09521e-007	-0.0024375
5.10021e-007	-0.003375
5.10521e-007	-0.003375
5.11021e-007	-0.00275
5.11521e-007	-0.0030625
5.12021e-007	-0.0030625
5.12521e-007	-0.0030625
5.13021e-007	-0.00275
5.13521e-007	-0.0024375
5.14021e-007	-0.00275
5.14521e-007	-0.0024375
5.15021e-007	-0.002125
5.15521e-007	-0.002125
5.16021e-007	-0.002125
5.16521e-007	-0.002125
5.17021e-007	-0.0018125
5.17521e-007	-0.0015
5.18021e-007	-0.0015
5.18521e-007	-0.0015
5.19021e-007	-0.002125
5.19521e-007	-0.002125
5.20021e-007	-0.002125
5.20521e-007	-0.0030625
5.21021e-007	-0.0030625
5.21521e-007	-0.00275
5.22021e-007	-0.0024375
5.22521e-007	-0.00275
5.23021e-007	-0.0030625
5.23521e-007	-0.003375
5.24021e-007	-0.003375
5.24521e-007	-0.002125
5.25021e-007	-0.0018125
5.25521e-007	-0.00275
5.26021e-007	-0.0018125
5.26521e-007	-0.0011875
5.27021e-007	-0.0011875
5.27521e-007	-0.002125
5.28021e-007	-0.000875
5.28521e-007	-0.0011875
5.29021e-007	-0.0011875
5.29521e-007	-0.0018125
5.30021e-007	-0.0018125
5.30521e-007	-0.0018125
5.31021e-007	-0.002125
5.31521e-007	-0.0024375
5.32021e-007	-0.00275
5.32521e-007	-0.0030625
5.33021e-007	-0.0030625
5.33521e-007	-0.0030625
5.34021e-007	-0.0024375
5.34521e-007	-0.00275
5.35021e-007	-0.0024375
5.35521e-007	-0.0024375
5.36021e-007	-0.002125
5.36521e-007	-0.0018125
5.37021e-007	-0.0011875
5.37521e-007	-0.0011875
5.38021e-007	-0.000875
5.38521e-007	-0.000875
5.39021e-007	-0.0018125
5.39521e-007	-0.0018125
5.40021e-007	-0.002125
5.40521e-007	-0.002125
5.41021e-007	-0.00275
5.41521e-007	-0.00275
5.42021e-007	-0.0030625
5.42521e-007	-0.0030625
5.43021e-007	-0.0030625
5.43521e-007	-0.0030625
5.44021e-007	-0.003375
5.44521e-007	-0.0030625
5.45021e-007	-0.00275
5.45521e-007	-0.002125
5.46021e-007	-0.0015
5.46521e-007	-0.002125
5.47021e-007	-0.002125
5.47521e-007	-0.0015
5.48021e-007	-0.0005625
5.48521e-007	-0.0011875
5.49021e-007	-0.0011875
5.49521e-007	-0.0011875
5.50021e-007	-0.0018125
5.50521e-007	-0.0024375
5.51021e-007	-0.0024375
5.51521e-007	-0.0024375
5.52021e-007	-0.0024375
5.52521e-007	-0.0024375
5.53021e-007	-0.0024375
5.53521e-007	-0.00275
5.54021e-007	-0.0036875
5.54521e-007	-0.0036875
5.55021e-007	-0.00275
5.55521e-007	-0.0018125
5.56021e-007	-0.0011875
5.56521e-007	-0.002125
5.57021e-007	-0.0018125
5.57521e-007	-0.0011875
5.58021e-007	-0.000875
5.58521e-007	-0.0011875
5.59021e-007	-0.0018125
5.59521e-007	-0.002125
5.60021e-007	-0.002125
5.60521e-007	-0.0024375
5.61021e-007	-0.00275
5.61521e-007	-0.0024375
5.62021e-007	-0.002125
5.62521e-007	-0.00275
5.63021e-007	-0.00275
5.63521e-007	-0.002125
5.64021e-007	-0.0024375
5.64521e-007	-0.00275
5.65021e-007	-0.0018125
5.65521e-007	-0.0018125
5.66021e-007	-0.0011875
5.66521e-007	-0.0015
5.67021e-007	-0.0018125
5.67521e-007	-0.0018125
5.68021e-007	-0.0015
5.68521e-007	-0.002125
5.69021e-007	-0.0024375
5.69521e-007	-0.0024375
5.70021e-007	-0.0015
5.70521e-007	-0.0024375
5.71021e-007	-0.0024375
5.71521e-007	-0.0024375
5.72021e-007	-0.0024375
5.72521e-007	-0.0024375
5.73021e-007	-0.0015
5.73521e-007	-0.002125
5.74021e-007	-0.002125
5.74521e-007	-0.0011875
5.75021e-007	-0.0011875
5.75521e-007	-0.0018125
5.76021e-007	-0.0015
5.76521e-007	-0.0015
5.77021e-007	-0.0011875
5.77521e-007	-0.0015
5.78021e-007	-0.0018125
5.78521e-007	-0.00275
5.79021e-007	-0.0030625
5.79521e-007	-0.002125
5.80021e-007	-0.00275
5.80521e-007	-0.003375
5.81021e-007	-0.0024375
5.81521e-007	-0.0024375
5.82021e-007	-0.0024375
5.82521e-007	-0.00275
5.83021e-007	-0.0015
5.83521e-007	-0.0011875
5.84021e-007	-0.0015
5.84521e-007	-0.0015
5.85021e-007	-0.0018125
5.85521e-007	-0.0011875
5.86021e-007	-0.000875
5.86521e-007	-0.0018125
5.87021e-007	-0.0011875
5.87521e-007	-0.0015
5.88021e-007	-0.0018125
5.88521e-007	-0.0024375
5.89021e-007	-0.00275
5.89521e-007	-0.0024375
5.90021e-007	-0.0030625
5.90521e-007	-0.00275
5.91021e-007	-0.00275
5.91521e-007	-0.00275
5.92021e-007	-0.00275
5.92521e-007	-0.0024375
5.93021e-007	-0.0015
5.93521e-007	-0.0015
5.94021e-007	-0.0018125
5.94521e-007	-0.0011875
5.95021e-007	-0.000875
5.95521e-007	-0.0015
5.96021e-007	-0.0015
5.96521e-007	-0.0011875
5.97021e-007	-0.000875
5.97521e-007	-0.0018125
5.98021e-007	-0.0015
5.98521e-007	-0.0015
5.99021e-007	-0.002125
5.99521e-007	-0.003375
6.00021e-007	-0.003375
6.00521e-007	-0.00275
6.01021e-007	-0.00275
6.01521e-007	-0.0024375
6.02021e-007	-0.0015
6.02521e-007	-0.0024375
6.03021e-007	-0.0015
6.03521e-007	-0.0015
6.04021e-007	-0.0018125
6.04521e-007	-0.000875
6.05021e-007	-0.000875
6.05521e-007	-0.0011875
6.06021e-007	-0.000875
6.06521e-007	-0.0011875
6.07021e-007	-0.0015
6.07521e-007	-0.0018125
6.08021e-007	-0.002125
6.08521e-007	-0.00275
6.09021e-007	-0.0030625
6.09521e-007	-0.0024375
6.10021e-007	-0.002125
6.10521e-007	-0.0024375
6.11021e-007	-0.0030625
6.11521e-007	-0.002125
6.12021e-007	-0.0011875
6.12521e-007	-0.0015
6.13021e-007	-0.0018125
6.13521e-007	-0.0015
6.14021e-007	-0.0011875
6.14521e-007	-0.0015
6.15021e-007	-0.0015
6.15521e-007	-0.000875
6.16021e-007	-0.0015
6.16521e-007	-0.0024375
6.17021e-007	-0.0018125
6.17521e-007	-0.002125
6.18021e-007	-0.002125
6.18521e-007	-0.00275
6.19021e-007	-0.0024375
6.19521e-007	-0.00275
6.20021e-007	-0.0030625
6.20521e-007	-0.00275
6.21021e-007	-0.0018125
6.21521e-007	-0.0015
6.22021e-007	-0.0015
6.22521e-007	-0.0011875
6.23021e-007	-0.000875
6.23521e-007	-0.000875
6.24021e-007	-0.0011875
6.24521e-007	-0.0015
6.25021e-007	-0.000875
6.25521e-007	-0.0015
6.26021e-007	-0.0018125
6.26521e-007	-0.0024375
6.27021e-007	-0.0030625
6.27521e-007	-0.00275
6.28021e-007	-0.0024375
6.28521e-007	-0.0024375
6.29021e-007	-0.002125
6.29521e-007	-0.0024375
6.30021e-007	-0.0024375
6.30521e-007	-0.0018125
6.31021e-007	-0.0015
6.31521e-007	-0.0011875
6.32021e-007	-0.000875
6.32521e-007	-0.000875
6.33021e-007	-0.000875
6.33521e-007	-0.000875
6.34021e-007	-0.0005625
6.34521e-007	-0.0005625
6.35021e-007	-0.0011875
6.35521e-007	-0.0015
6.36021e-007	-0.0018125
6.36521e-007	-0.0024375
6.37021e-007	-0.003375
6.37521e-007	-0.0030625
6.38021e-007	-0.0024375
6.38521e-007	-0.0030625
6.39021e-007	-0.0024375
6.39521e-007	-0.0024375
6.40021e-007	-0.002125
6.40521e-007	-0.0018125
6.41021e-007	-0.0011875
6.41521e-007	-0.0011875
6.42021e-007	-0.0005625
6.42521e-007	-0.000875
6.43021e-007	-0.0005625
6.43521e-007	-0.000875
6.44021e-007	-0.000875
6.44521e-007	-0.000875
6.45021e-007	-0.0011875
6.45521e-007	-0.0015
6.46021e-007	-0.0018125
6.46521e-007	-0.0024375
6.47021e-007	-0.0024375
6.47521e-007	-0.003375
6.48021e-007	-0.0024375
6.48521e-007	-0.00275
6.49021e-007	-0.00275
6.49521e-007	-0.002125
6.50021e-007	-0.0018125
6.50521e-007	-0.0011875
6.51021e-007	-0.000875
6.51521e-007	-0.0015
6.52021e-007	-0.0005625
6.52521e-007	0.000375
6.53021e-007	6.25e-005
6.53521e-007	-0.0005625
6.54021e-007	-0.000875
6.54521e-007	6.25e-005
6.55021e-007	-0.0011875
6.55521e-007	-0.002125
6.56021e-007	-0.00275
6.56521e-007	-0.00275
6.57021e-007	-0.0024375
6.57521e-007	-0.0024375
6.58021e-007	-0.0030625
6.58521e-007	-0.0030625
6.59021e-007	-0.0024375
6.59521e-007	-0.0018125
6.60021e-007	-0.0018125
6.60521e-007	-0.0011875
6.61021e-007	-0.0005625
6.61521e-007	-0.0011875
6.62021e-007	-0.0011875
6.62521e-007	-0.000875
6.63021e-007	-0.000875
6.63521e-007	-0.0005625
6.64021e-007	-0.00025
6.64521e-007	-0.0005625
6.65021e-007	-0.0011875
6.65521e-007	-0.0015
6.66021e-007	-0.0024375
6.66521e-007	-0.002125
6.67021e-007	-0.0018125
6.67521e-007	-0.0024375
6.68021e-007	-0.002125
6.68521e-007	-0.00275
6.69021e-007	-0.0024375
6.69521e-007	-0.0018125
6.70021e-007	-0.0011875
6.70521e-007	-0.000875
6.71021e-007	-0.0011875
6.71521e-007	-0.0011875
6.72021e-007	-0.0005625
6.72521e-007	-0.0011875
6.73021e-007	-0.0005625
6.73521e-007	-0.0011875
6.74021e-007	-0.0011875
6.74521e-007	-0.0011875
6.75021e-007	-0.0015
6.75521e-007	-0.0015
6.76021e-007	-0.002125
6.76521e-007	-0.002125
6.77021e-007	-0.0015
6.77521e-007	-0.0018125
6.78021e-007	-0.0015
6.78521e-007	-0.0011875
6.79021e-007	-0.002125
6.79521e-007	-0.0024375
6.80021e-007	-0.002125
6.80521e-007	-0.0011875
6.81021e-007	-0.0011875
6.81521e-007	-0.0011875
6.82021e-007	-0.000875
6.82521e-007	-0.0011875
6.83021e-007	-0.0011875
6.83521e-007	-0.0018125
6.84021e-007	-0.0018125
6.84521e-007	-0.0011875
6.85021e-007	-0.0018125
6.85521e-007	-0.002125
6.86021e-007	-0.0011875
6.86521e-007	-0.002125
6.87021e-007	-0.0011875
6.87521e-007	-0.0011875
6.88021e-007	-0.0005625
6.88521e-007	-0.0018125
6.89021e-007	-0.0015
6.89521e-007	-0.0011875
6.90021e-007	-0.0011875
6.90521e-007	-0.0011875
6.91021e-007	-0.0011875
6.91521e-007	-0.002125
6.92021e-007	-0.0015
6.92521e-007	-0.0011875
6.93021e-007	-0.000875
6.93521e-007	-0.0018125
6.94021e-007	-0.0018125
6.94521e-007	-0.0011875
6.95021e-007	-0.0018125
6.95521e-007	-0.0011875
6.96021e-007	-0.0011875
6.96521e-007	-0.0011875
6.97021e-007	-0.0011875
6.97521e-007	-0.0015
6.98021e-007	-0.0005625
6.98521e-007	-0.000875
6.99021e-007	-0.0011875
6.99521e-007	-0.000875
7.00021e-007	-0.0018125
7.00521e-007	-0.0015
7.01021e-007	-0.0011875
7.01521e-007	-0.0015
7.02021e-007	-0.0018125
7.02521e-007	-0.0018125
7.03021e-007	-0.0011875
7.03521e-007	-0.002125
7.04021e-007	-0.002125
7.04521e-007	-0.002125
7.05021e-007	-0.0018125
7.05521e-007	-0.0015
7.06021e-007	-0.0015
7.06521e-007	-0.000875
7.07021e-007	-0.000875
7.07521e-007	-0.0015
7.08021e-007	-0.0011875
7.08521e-007	-0.0018125
7.09021e-007	-0.0011875
7.09521e-007	-0.0005625
7.10021e-007	-0.000875
7.10521e-007	-0.0015
7.11021e-007	-0.0018125
7.11521e-007	-0.002125
7.12021e-007	-0.0011875
7.12521e-007	-0.002125
7.13021e-007	-0.002125
7.13521e-007	-0.002125
7.14021e-007	-0.0018125
7.14521e-007	-0.0018125
7.15021e-007	-0.0018125
7.15521e-007	-0.0011875
7.16021e-007	-0.000875
7.16521e-007	-0.000875
7.17021e-007	-0.0011875
7.17521e-007	-0.0011875
7.18021e-007	-0.0005625
7.18521e-007	-0.0005625
7.19021e-007	-0.0015
7.19521e-007	-0.0011875
7.20021e-007	-0.000875
7.20521e-007	-0.000875
7.21021e-007	-0.002125
7.21521e-007	-0.002125
7.22021e-007	-0.0018125
7.22521e-007	-0.0024375
7.23021e-007	-0.002125
7.23521e-007	-0.0011875
7.24021e-007	-0.0005625
7.24521e-007	-0.0005625
7.25021e-007	-0.000875
7.25521e-007	-0.00025
7.26021e-007	-0.0005625
7.26521e-007	-0.0015
7.27021e-007	-0.000875
7.27521e-007	-0.000875
7.28021e-007	-0.000875
7.28521e-007	-0.002125
7.29021e-007	-0.0015
7.29521e-007	-0.0015
7.30021e-007	-0.002125
7.30521e-007	-0.0018125
7.31021e-007	-0.0018125
7.31521e-007	-0.0024375
7.32021e-007	-0.0018125
7.32521e-007	-0.000875
7.33021e-007	-0.00025
7.33521e-007	-0.0018125
7.34021e-007	-0.0015
7.34521e-007	-0.000875
7.35021e-007	-0.0005625
7.35521e-007	-0.000875
7.36021e-007	-0.0005625
7.36521e-007	-0.00025
7.37021e-007	-0.00025
7.37521e-007	-0.0005625
7.38021e-007	-0.000875
7.38521e-007	-0.0018125
7.39021e-007	-0.002125
7.39521e-007	-0.0018125
7.40021e-007	-0.0018125
7.40521e-007	-0.002125
7.41021e-007	-0.002125
7.41521e-007	-0.0018125
7.42021e-007	-0.002125
7.42521e-007	-0.0018125
7.43021e-007	-0.0011875
7.43521e-007	-0.0011875
7.44021e-007	-0.0005625
7.44521e-007	-0.0005625
7.45021e-007	-0.0005625
7.45521e-007	-0.0005625
7.46021e-007	-0.0005625
7.46521e-007	-0.00025
7.47021e-007	6.25e-005
7.47521e-007	-0.0005625
7.48021e-007	-0.0018125
7.48521e-007	-0.0018125
7.49021e-007	-0.0018125
7.49521e-007	-0.0018125
7.50021e-007	-0.0024375
7.50521e-007	-0.0030625
7.51021e-007	-0.0024375
7.51521e-007	-0.002125
7.52021e-007	-0.0018125
7.52521e-007	-0.0015
7.53021e-007	-0.0005625
7.53521e-007	-0.0005625
7.54021e-007	-0.0005625
7.54521e-007	6.25e-005
7.55021e-007	0.001
7.55521e-007	0.000375
7.56021e-007	-0.00025
7.56521e-007	0.000375
7.57021e-007	6.25e-005
7.57521e-007	-0.000875
7.58021e-007	-0.000875
7.58521e-007	-0.0015
7.59021e-007	-0.0018125
7.59521e-007	-0.00275
7.60021e-007	-0.0024375
7.60521e-007	-0.003375
7.61021e-007	-0.0030625
7.61521e-007	-0.0024375
7.62021e-007	-0.002125
7.62521e-007	-0.0015
7.63021e-007	-0.002125
7.63521e-007	-0.0011875
7.64021e-007	0.000375
7.64521e-007	6.25e-005
7.65021e-007	6.25e-005
7.65521e-007	0.000375
7.66021e-007	0.000375
7.66521e-007	0.000375
7.67021e-007	-0.000875
7.67521e-007	-0.0005625
7.68021e-007	-0.0005625
7.68521e-007	-0.0018125
7.69021e-007	-0.002125
7.69521e-007	-0.0024375
7.70021e-007	-0.0024375
7.70521e-007	-0.0030625
7.71021e-007	-0.003375
7.71521e-007	-0.0024375
7.72021e-007	-0.002125
7.72521e-007	-0.0015
7.73021e-007	-0.0011875
7.73521e-007	-0.0011875
7.74021e-007	0.000375
7.74521e-007	0.000375
7.75021e-007	6.25e-005
7.75521e-007	0.000375
7.76021e-007	0.0006875
7.76521e-007	0.000375
7.77021e-007	-0.00025
7.77521e-007	-0.0005625
7.78021e-007	-0.0011875
7.78521e-007	-0.0015
7.79021e-007	-0.0018125
7.79521e-007	-0.0024375
7.80021e-007	-0.0024375
7.80521e-007	-0.0024375
7.81021e-007	-0.0024375
7.81521e-007	-0.0024375
7.82021e-007	-0.0018125
7.82521e-007	-0.000875
7.83021e-007	-0.0015
7.83521e-007	-0.0011875
7.84021e-007	6.25e-005
7.84521e-007	0.0006875
7.85021e-007	6.25e-005
7.85521e-007	-0.00025
7.86021e-007	0.000375
7.86521e-007	-0.00025
7.87021e-007	-0.000875
7.87521e-007	-0.000875
7.88021e-007	-0.0015
7.88521e-007	-0.0011875
7.89021e-007	-0.0015
7.89521e-007	-0.002125
7.90021e-007	-0.0015
7.90521e-007	-0.0018125
7.91021e-007	-0.0018125
7.91521e-007	-0.002125
7.92021e-007	-0.0018125
7.92521e-007	-0.0011875
7.93021e-007	-0.0005625
7.93521e-007	-0.000875
7.94021e-007	6.25e-005
7.94521e-007	-0.000875
7.95021e-007	-0.0005625
7.95521e-007	-0.000875
7.96021e-007	6.25e-005
7.96521e-007	-0.00025
7.97021e-007	-0.000875
7.97521e-007	-0.000875
7.98021e-007	-0.000875
7.98521e-007	-0.0018125
7.99021e-007	-0.002125
7.99521e-007	-0.0018125
8.00021e-007	-0.0011875
8.00521e-007	-0.0018125
8.01021e-007	-0.0018125
8.01521e-007	-0.0018125
8.02021e-007	-0.0011875
8.02521e-007	-0.0011875
8.03021e-007	-0.0011875
8.03521e-007	-0.00025
8.04021e-007	-0.0005625
8.04521e-007	-0.000875
8.05021e-007	6.25e-005
8.05521e-007	-0.000875
8.06021e-007	-0.0005625
8.06521e-007	-0.000875
8.07021e-007	-0.0015
8.07521e-007	-0.0011875
8.08021e-007	-0.000875
8.08521e-007	-0.0015
8.09021e-007	-0.002125
8.09521e-007	-0.0018125
8.10021e-007	-0.0011875
8.10521e-007	-0.0011875
8.11021e-007	-0.0011875
8.11521e-007	-0.002125
8.12021e-007	-0.000875
8.12521e-007	-0.0005625
8.13021e-007	-0.000875
8.13521e-007	-0.0011875
8.14021e-007	-0.0005625
8.14521e-007	-0.0005625
8.15021e-007	-0.000875
8.15521e-007	-0.0011875
8.16021e-007	-0.0005625
8.16521e-007	-0.0011875
8.17021e-007	-0.0005625
8.17521e-007	-0.000875
8.18021e-007	-0.002125
8.18521e-007	-0.0015
8.19021e-007	-0.0011875
8.19521e-007	-0.0011875
8.20021e-007	-0.0011875
8.20521e-007	-0.0018125
8.21021e-007	-0.0011875
8.21521e-007	-0.000875
8.22021e-007	-0.0005625
8.22521e-007	-0.0011875
8.23021e-007	-0.0011875
8.23521e-007	-0.00025
8.24021e-007	-0.000875
8.24521e-007	-0.0011875
8.25021e-007	-0.000875
8.25521e-007	-0.0005625
8.26021e-007	-0.0005625
8.26521e-007	-0.0015
8.27021e-007	-0.0015
8.27521e-007	-0.0011875
8.28021e-007	-0.000875
8.28521e-007	-0.0011875
8.29021e-007	-0.0018125
8.29521e-007	-0.0011875
8.30021e-007	-0.0011875
8.30521e-007	-0.000875
8.31021e-007	-0.0005625
8.31521e-007	-0.000875
8.32021e-007	-0.0005625
8.32521e-007	-0.000875
8.33021e-007	-0.0011875
8.33521e-007	-0.000875
8.34021e-007	-0.0011875
8.34521e-007	-0.0005625
8.35021e-007	-0.0005625
8.35521e-007	-0.000875
8.36021e-007	-0.0005625
8.36521e-007	-0.0011875
8.37021e-007	-0.0005625
8.37521e-007	-0.000875
8.38021e-007	-0.0015
8.38521e-007	-0.0011875
8.39021e-007	-0.0005625
8.39521e-007	-0.0005625
8.40021e-007	-0.000875
8.40521e-007	-0.0015
8.41021e-007	-0.0011875
8.41521e-007	-0.000875
8.42021e-007	-0.0011875
8.42521e-007	-0.0018125
8.43021e-007	-0.0018125
8.43521e-007	-0.0015
8.44021e-007	-0.0011875
8.44521e-007	-0.000875
8.45021e-007	-0.0011875
8.45521e-007	-0.0011875
8.46021e-007	-0.0005625
8.46521e-007	-0.000875
8.47021e-007	-0.0005625
8.47521e-007	-0.0005625
8.48021e-007	-0.00025
8.48521e-007	6.25e-005
8.49021e-007	-0.000875
8.49521e-007	-0.0011875
8.50021e-007	-0.0015
8.50521e-007	-0.000875
8.51021e-007	-0.0005625
8.51521e-007	-0.0018125
8.52021e-007	-0.0015
8.52521e-007	-0.0018125
8.53021e-007	-0.0011875
8.53521e-007	-0.0011875
8.54021e-007	-0.002125
8.54521e-007	-0.002125
8.55021e-007	-0.0011875
8.55521e-007	-0.0005625
8.56021e-007	-0.000875
8.56521e-007	-0.0005625
8.57021e-007	-0.00025
8.57521e-007	6.25e-005
8.58021e-007	0.000375
8.58521e-007	-0.000875
8.59021e-007	-0.000875
8.59521e-007	-0.00025
8.60021e-007	-0.000875
8.60521e-007	-0.0005625
8.61021e-007	-0.0011875
8.61521e-007	-0.0018125
8.62021e-007	-0.0011875
8.62521e-007	-0.0018125
8.63021e-007	-0.0018125
8.63521e-007	-0.0018125
8.64021e-007	-0.0015
8.64521e-007	-0.0011875
8.65021e-007	-0.0015
8.65521e-007	-0.0018125
8.66021e-007	-0.000875
8.66521e-007	-0.00025
8.67021e-007	6.25e-005
8.67521e-007	-0.0005625
8.68021e-007	6.25e-005
8.68521e-007	6.25e-005
8.69021e-007	-0.0005625
8.69521e-007	-0.00025
8.70021e-007	-0.0005625
8.70521e-007	-0.00025
8.71021e-007	-0.000875
8.71521e-007	-0.0015
8.72021e-007	-0.0018125
8.72521e-007	-0.0018125
8.73021e-007	-0.0011875
8.73521e-007	-0.0018125
8.74021e-007	-0.0011875
8.74521e-007	-0.002125
8.75021e-007	-0.0024375
8.75521e-007	-0.0018125
8.76021e-007	-0.0011875
8.76521e-007	-0.00025
8.77021e-007	0.000375
8.77521e-007	-0.0011875
8.78021e-007	-0.0005625
8.78521e-007	6.25e-005
8.79021e-007	0.000375
8.79521e-007	6.25e-005
8.80021e-007	-0.0005625
8.80521e-007	-0.000875
8.81021e-007	-0.000875
8.81521e-007	-0.0018125
8.82021e-007	-0.0015
8.82521e-007	-0.0018125
8.83021e-007	-0.0018125
8.83521e-007	-0.0018125
8.84021e-007	-0.0011875
8.84521e-007	-0.0018125
8.85021e-007	-0.0015
8.85521e-007	-0.000875
8.86021e-007	-0.0005625
8.86521e-007	-0.000875
8.87021e-007	-0.0011875
8.87521e-007	6.25e-005
8.88021e-007	0.000375
8.88521e-007	-0.00025
8.89021e-007	-0.00025
8.89521e-007	-0.00025
8.90021e-007	-0.0011875
8.90521e-007	-0.0015
8.91021e-007	-0.0015
8.91521e-007	-0.0015
8.92021e-007	-0.0018125
8.92521e-007	-0.0015
8.93021e-007	-0.0011875
8.93521e-007	-0.0011875
8.94021e-007	-0.0005625
8.94521e-007	-0.0011875
8.95021e-007	-0.0015
8.95521e-007	-0.000875
8.96021e-007	-0.00025
8.96521e-007	-0.0005625
8.97021e-007	0.000375
8.97521e-007	-0.00025
8.98021e-007	-0.0005625
8.98521e-007	-0.0005625
8.99021e-007	-0.0005625
8.99521e-007	-0.000875
9.00021e-007	-0.0005625
9.00521e-007	-0.000875
9.01021e-007	-0.0011875
9.01521e-007	-0.002125
9.02021e-007	-0.0015
9.02521e-007	-0.0018125
9.03021e-007	-0.0018125
9.03521e-007	-0.0015
9.04021e-007	-0.000875
9.04521e-007	-0.000875
9.05021e-007	-0.000875
9.05521e-007	6.25e-005
9.06021e-007	0.001
9.06521e-007	0.0006875
9.07021e-007	0.000375
9.07521e-007	-0.00025
9.08021e-007	-0.00025
9.08521e-007	-0.0005625
9.09021e-007	-0.0011875
9.09521e-007	-0.0011875
9.10021e-007	-0.0005625
9.10521e-007	-0.0015
9.11021e-007	-0.002125
9.11521e-007	-0.0018125
9.12021e-007	-0.0018125
9.12521e-007	-0.002125
9.13021e-007	-0.0011875
9.13521e-007	-0.0011875
9.14021e-007	-0.0005625
9.14521e-007	6.25e-005
9.15021e-007	6.25e-005
9.15521e-007	6.25e-005
9.16021e-007	0.0006875
9.16521e-007	0.0006875
9.17021e-007	0.000375
9.17521e-007	0.0006875
9.18021e-007	0.001
9.18521e-007	-0.00025
9.19021e-007	-0.000875
9.19521e-007	-0.0011875
9.20021e-007	-0.002125
9.20521e-007	-0.0018125
9.21021e-007	-0.002125
9.21521e-007	-0.0030625
9.22021e-007	-0.00275
9.22521e-007	-0.0018125
9.23021e-007	-0.0018125
9.23521e-007	-0.0018125
9.24021e-007	-0.000875
9.24521e-007	6.25e-005
9.25021e-007	6.25e-005
9.25521e-007	-0.0005625
9.26021e-007	0.001
9.26521e-007	0.001
9.27021e-007	0.0006875
9.27521e-007	0.000375
9.28021e-007	6.25e-005
9.28521e-007	6.25e-005
9.29021e-007	-0.0005625
9.29521e-007	-0.0011875
9.30021e-007	-0.0018125
9.30521e-007	-0.0024375
9.31021e-007	-0.0018125
9.31521e-007	-0.002125
9.32021e-007	-0.002125
9.32521e-007	-0.00275
9.33021e-007	-0.0030625
9.33521e-007	-0.0018125
9.34021e-007	-0.0015
9.34521e-007	-0.0011875
9.35021e-007	6.25e-005
9.35521e-007	6.25e-005
9.36021e-007	0.0006875
9.36521e-007	6.25e-005
9.37021e-007	-0.00025
9.37521e-007	0.000375
9.38021e-007	0.000375
9.38521e-007	0.000375
9.39021e-007	-0.00025
9.39521e-007	-0.0011875
9.40021e-007	-0.0011875
9.40521e-007	-0.0018125
9.41021e-007	-0.0018125
9.41521e-007	-0.0018125
9.42021e-007	-0.002125
9.42521e-007	-0.0015
9.43021e-007	-0.0015
9.43521e-007	-0.0015
9.44021e-007	-0.0018125
9.44521e-007	-0.0011875
9.45021e-007	-0.0005625
9.45521e-007	-0.000875
9.46021e-007	0.000375
9.46521e-007	0.0006875
9.47021e-007	0.000375
9.47521e-007	0.0006875
9.48021e-007	0.001
9.48521e-007	0.001
9.49021e-007	0.0006875
9.49521e-007	-0.0005625
9.50021e-007	-0.000875
9.50521e-007	-0.0011875
9.51021e-007	-0.0005625
9.51521e-007	-0.0015
9.52021e-007	-0.000875
9.52521e-007	-0.0015
9.53021e-007	-0.0024375
9.53521e-007	-0.002125
9.54021e-007	-0.002125
9.54521e-007	-0.002125
9.55021e-007	-0.0011875
9.55521e-007	-0.0011875
9.56021e-007	6.25e-005
9.56521e-007	-0.0005625
9.57021e-007	-0.0005625
9.57521e-007	0.000375
9.58021e-007	6.25e-005
9.58521e-007	0.000375
9.59021e-007	6.25e-005
9.59521e-007	0.001
9.60021e-007	0.0013125
9.60521e-007	6.25e-005
9.61021e-007	-0.0005625
9.61521e-007	6.25e-005
9.62021e-007	-0.0011875
9.62521e-007	-0.0015
9.63021e-007	-0.0015
9.63521e-007	-0.0011875
9.64021e-007	-0.0018125
9.64521e-007	-0.0018125
9.65021e-007	-0.0018125
9.65521e-007	-0.002125
9.66021e-007	-0.0011875
9.66521e-007	-0.0011875
9.67021e-007	6.25e-005
9.67521e-007	6.25e-005
9.68021e-007	-0.0005625
9.68521e-007	6.25e-005
9.69021e-007	0.0006875
9.69521e-007	0.0006875
9.70021e-007	0.0006875
9.70521e-007	0.000375
9.71021e-007	0.000375
9.71521e-007	-0.0005625
9.72021e-007	-0.0005625
9.72521e-007	-0.00025
9.73021e-007	-0.0011875
9.73521e-007	-0.0018125
9.74021e-007	-0.0015
9.74521e-007	-0.0018125
9.75021e-007	-0.00275
9.75521e-007	-0.0024375
9.76021e-007	-0.0011875
9.76521e-007	-0.0018125
9.77021e-007	-0.0011875
9.77521e-007	-0.0005625
9.78021e-007	-0.0005625
9.78521e-007	0.0006875
9.79021e-007	0.0006875
9.79521e-007	0.0006875
9.80021e-007	0.0006875
9.80521e-007	0.001
9.81021e-007	0.001
9.81521e-007	0.0006875
9.82021e-007	6.25e-005
9.82521e-007	-0.0005625
9.83021e-007	-0.0011875
9.83521e-007	-0.0011875
9.84021e-007	-0.0011875
9.84521e-007	-0.0018125
9.85021e-007	-0.0018125
9.85521e-007	-0.0015
9.86021e-007	-0.0018125
9.86521e-007	-0.0018125
9.87021e-007	-0.0005625
9.87521e-007	-0.00025
9.88021e-007	-0.0005625
9.88521e-007	-0.000875
9.89021e-007	0.0006875
9.89521e-007	0.001625
9.90021e-007	0.0006875
9.90521e-007	0.0006875
9.91021e-007	0.0006875
9.91521e-007	0.000375
9.92021e-007	6.25e-005
9.92521e-007	0.000375
9.93021e-007	6.25e-005
9.93521e-007	-0.000875
9.94021e-007	-0.0018125
9.94521e-007	-0.002125
9.95021e-007	-0.0015
9.95521e-007	-0.0015
9.96021e-007	-0.0015
9.96521e-007	-0.0011875
9.97021e-007	-0.0005625
9.97521e-007	-0.000875
9.98021e-007	6.25e-005
9.98521e-007	-0.00025
9.99021e-007	6.25e-005
9.99521e-007	6.25e-005
1.000021e-006	0.0006875
1.000521e-006	0.001
1.001021e-006	0.0006875
1.001521e-006	0.001
1.002021e-006	6.25e-005
1.002521e-006	-0.0005625
1.003021e-006	-0.0005625
1.003521e-006	-0.0011875
1.004021e-006	-0.0015
1.004521e-006	-0.0018125
1.005021e-006	-0.0018125
1.005521e-006	-0.0011875
1.006021e-006	-0.000875
1.006521e-006	-0.000875
1.007021e-006	-0.000875
1.007521e-006	-0.00025
1.008021e-006	6.25e-005
1.008521e-006	0.000375
1.009021e-006	6.25e-005
1.009521e-006	0.000375
1.010021e-006	0.000375
1.010521e-006	0.001
1.011021e-006	6.25e-005
1.011521e-006	-0.0005625
1.012021e-006	-0.000875
1.012521e-006	-0.0005625
1.013021e-006	-0.0011875
1.013521e-006	-0.0018125
1.014021e-006	-0.0011875
1.014521e-006	-0.000875
1.015021e-006	-0.000875
1.015521e-006	-0.002125
1.016021e-006	-0.0011875
1.016521e-006	-0.0005625
1.017021e-006	6.25e-005
1.017521e-006	6.25e-005
1.018021e-006	0.000375
1.018521e-006	0.000375
1.019021e-006	0.0006875
1.019521e-006	0.001
1.020021e-006	0.001
1.020521e-006	6.25e-005
1.021021e-006	-0.00025
1.021521e-006	-0.0005625
1.022021e-006	-0.000875
1.022521e-006	-0.0018125
1.023021e-006	-0.002125
1.023521e-006	-0.0018125
1.024021e-006	-0.0018125
1.024521e-006	-0.002125
1.025021e-006	-0.0015
1.025521e-006	-0.0005625
1.026021e-006	-0.00025
1.026521e-006	-0.000875
1.027021e-006	6.25e-005
1.027521e-006	0.0013125
1.028021e-006	0.0013125
1.028521e-006	0.001625
1.029021e-006	0.0006875
1.029521e-006	0.0006875
1.030021e-006	0.001
1.030521e-006	6.25e-005
1.031021e-006	-0.00025
1.031521e-006	-0.0011875
1.032021e-006	-0.0018125
1.032521e-006	-0.002125
1.033021e-006	-0.002125
1.033521e-006	-0.0018125
1.034021e-006	-0.0024375
1.034521e-006	-0.0024375
1.035021e-006	-0.0018125
1.035521e-006	-0.0015
1.036021e-006	-0.00025
1.036521e-006	6.25e-005
1.037021e-006	0.001
1.037521e-006	0.001625
1.038021e-006	0.0019375
1.038521e-006	0.0013125
1.039021e-006	0.0013125
1.039521e-006	0.00225
1.040021e-006	0.001625
1.040521e-006	6.25e-005
1.041021e-006	-0.00025
1.041521e-006	-0.000875
1.042021e-006	-0.000875
1.042521e-006	-0.0018125
1.043021e-006	-0.0024375
1.043521e-006	-0.0024375
1.044021e-006	-0.0030625
1.044521e-006	-0.002125
1.045021e-006	-0.0018125
1.045521e-006	-0.0018125
1.046021e-006	-0.0005625
1.046521e-006	-0.0005625
1.047021e-006	0.0006875
1.047521e-006	0.000375
1.048021e-006	0.001
1.048521e-006	0.0025625
1.049021e-006	0.001625
1.049521e-006	0.001625
1.050021e-006	0.0013125
1.050521e-006	0.000375
1.051021e-006	-0.00025
1.051521e-006	-0.000875
1.052021e-006	-0.0005625
1.052521e-006	-0.0011875
1.053021e-006	-0.002125
1.053521e-006	-0.002125
1.054021e-006	-0.00275
1.054521e-006	-0.00275
1.055021e-006	-0.0024375
1.055521e-006	-0.0018125
1.056021e-006	-0.000875
1.056521e-006	-0.0005625
1.057021e-006	0.000375
1.057521e-006	6.25e-005
1.058021e-006	0.0013125
1.058521e-006	0.00225
1.059021e-006	0.0019375
1.059521e-006	0.001625
1.060021e-006	0.001
1.060521e-006	0.001
1.061021e-006	0.0013125
1.061521e-006	0.000375
1.062021e-006	-0.0011875
1.062521e-006	-0.0018125
1.063021e-006	-0.0018125
1.063521e-006	-0.002125
1.064021e-006	-0.002125
1.064521e-006	-0.002125
1.065021e-006	-0.0018125
1.065521e-006	-0.0015
1.066021e-006	-0.0011875
1.066521e-006	-0.000875
1.067021e-006	-0.0005625
1.067521e-006	6.25e-005
1.068021e-006	0.0006875
1.068521e-006	0.0013125
1.069021e-006	0.001
1.069521e-006	0.0013125
1.070021e-006	0.0013125
1.070521e-006	0.0013125
1.071021e-006	0.001
1.071521e-006	6.25e-005
1.072021e-006	-0.000875
1.072521e-006	-0.0005625
1.073021e-006	-0.000875
1.073521e-006	-0.0015
1.074021e-006	-0.002125
1.074521e-006	-0.0011875
1.075021e-006	-0.0011875
1.075521e-006	-0.0024375
1.076021e-006	-0.0015
1.076521e-006	-0.000875
1.077021e-006	-0.0005625
1.077521e-006	-0.0005625
1.078021e-006	-0.0005625
1.078521e-006	-0.0005625
1.079021e-006	0.000375
1.079521e-006	0.0013125
1.080021e-006	0.0013125
1.080521e-006	0.000375
1.081021e-006	0.001
1.081521e-006	0.0006875
1.082021e-006	6.25e-005
1.082521e-006	-0.00025
1.083021e-006	-0.000875
1.083521e-006	-0.0005625
1.084021e-006	-0.0005625
1.084521e-006	-0.0018125
1.085021e-006	-0.0011875
1.085521e-006	-0.0011875
1.086021e-006	-0.0011875
1.086521e-006	-0.0015
1.087021e-006	-0.0018125
1.087521e-006	-0.0005625
1.088021e-006	6.25e-005
1.088521e-006	6.25e-005
1.089021e-006	-0.000875
1.089521e-006	-0.00025
1.090021e-006	0.0006875
1.090521e-006	0.0006875
1.091021e-006	0.000375
1.091521e-006	0.000375
1.092021e-006	-0.00025
1.092521e-006	-0.00025
1.093021e-006	-0.0005625
1.093521e-006	-0.00025
1.094021e-006	-0.00025
1.094521e-006	-0.0005625
1.095021e-006	-0.000875
1.095521e-006	-0.0011875
1.096021e-006	-0.000875
1.096521e-006	-0.000875
1.097021e-006	-0.000875
1.097521e-006	-0.000875
1.098021e-006	-0.000875
1.098521e-006	-0.0011875
1.099021e-006	-0.00025
1.099521e-006	0.000375
1.100021e-006	6.25e-005
1.100521e-006	-0.00025
1.101021e-006	0.0006875
1.101521e-006	0.000375
1.102021e-006	6.25e-005
1.102521e-006	6.25e-005
1.103021e-006	-0.00025
1.103521e-006	-0.00025
1.104021e-006	6.25e-005
1.104521e-006	6.25e-005
1.105021e-006	-0.00025
1.105521e-006	-0.0011875
1.106021e-006	-0.0011875
1.106521e-006	-0.0011875
1.107021e-006	-0.000875
1.107521e-006	-0.0011875
1.108021e-006	-0.000875
1.108521e-006	0.000375
1.109021e-006	6.25e-005
1.109521e-006	6.25e-005
1.110021e-006	-0.00025
1.110521e-006	-0.00025
1.111021e-006	0.000375
1.111521e-006	0.001
1.112021e-006	6.25e-005
1.112521e-006	-0.00025
1.113021e-006	-0.00025
1.113521e-006	6.25e-005
1.114021e-006	-0.0005625
1.114521e-006	-0.000875
1.115021e-006	-0.0005625
1.115521e-006	-0.0005625
1.116021e-006	6.25e-005
1.116521e-006	-0.0005625
1.117021e-006	-0.0005625
1.117521e-006	-0.0011875
1.118021e-006	-0.0005625
1.118521e-006	6.25e-005
1.119021e-006	6.25e-005
1.119521e-006	-0.0005625
1.120021e-006	6.25e-005
1.120521e-006	0.000375
1.121021e-006	0.000375
1.121521e-006	0.000375
1.122021e-006	0.000375
1.122521e-006	6.25e-005
1.123021e-006	-0.00025
1.123521e-006	-0.0005625
1.124021e-006	-0.0005625
1.124521e-006	-0.000875
1.125021e-006	-0.0011875
1.125521e-006	-0.000875
1.126021e-006	-0.000875
1.126521e-006	-0.000875
1.127021e-006	-0.0005625
1.127521e-006	-0.0005625
1.128021e-006	-0.0005625
1.128521e-006	-0.00025
1.129021e-006	-0.00025
1.129521e-006	-0.00025
1.130021e-006	6.25e-005
1.130521e-006	0.0006875
1.131021e-006	0.0006875
1.131521e-006	0.000375
1.132021e-006	6.25e-005
1.132521e-006	0.000375
1.133021e-006	6.25e-005
1.133521e-006	-0.0005625
1.134021e-006	-0.0015
1.134521e-006	-0.0011875
1.135021e-006	-0.0018125
1.135521e-006	-0.002125
1.136021e-006	-0.0015
1.136521e-006	-0.0011875
1.137021e-006	-0.00025
1.137521e-006	-0.00025
1.138021e-006	6.25e-005
1.138521e-006	0.000375
1.139021e-006	0.000375
1.139521e-006	0.0013125
1.140021e-006	0.0006875
1.140521e-006	6.25e-005
1.141021e-006	0.000375
1.141521e-006	0.0006875
1.142021e-006	0.0006875
1.142521e-006	0.000375
1.143021e-006	-0.00025
1.143521e-006	6.25e-005
1.144021e-006	-0.00025
1.144521e-006	-0.0018125
1.145021e-006	-0.0018125
1.145521e-006	-0.0015
1.146021e-006	-0.0011875
1.146521e-006	-0.002125
1.147021e-006	-0.000875
1.147521e-006	-0.0005625
1.148021e-006	-0.0005625
1.148521e-006	6.25e-005
1.149021e-006	0.0006875
1.149521e-006	0.0006875
1.150021e-006	0.001
1.150521e-006	0.0013125
1.151021e-006	0.0013125
1.151521e-006	0.0006875
1.152021e-006	0.0006875
1.152521e-006	-0.00025
1.153021e-006	-0.0005625
1.153521e-006	6.25e-005
1.154021e-006	-0.0005625
1.154521e-006	-0.000875
1.155021e-006	-0.0015
1.155521e-006	-0.0018125
1.156021e-006	-0.002125
1.156521e-006	-0.002125
1.157021e-006	-0.0011875
1.157521e-006	-0.0005625
1.158021e-006	6.25e-005
1.158521e-006	6.25e-005
1.159021e-006	-0.00025
1.159521e-006	6.25e-005
1.160021e-006	0.001
1.160521e-006	0.001625
1.161021e-006	0.001625
1.161521e-006	0.0013125
1.162021e-006	0.0013125
1.162521e-006	0.000375
1.163021e-006	6.25e-005
1.163521e-006	-0.0005625
1.164021e-006	-0.0011875
1.164521e-006	-0.0011875
1.165021e-006	-0.0018125
1.165521e-006	-0.0024375
1.166021e-006	-0.0018125
1.166521e-006	-0.002125
1.167021e-006	-0.0011875
1.167521e-006	-0.000875
1.168021e-006	-0.0005625
1.168521e-006	6.25e-005
1.169021e-006	6.25e-005
1.169521e-006	0.000375
1.170021e-006	0.000375
1.170521e-006	0.0006875
1.171021e-006	0.0013125
1.171521e-006	0.0006875
1.172021e-006	0.001
1.172521e-006	0.001
1.173021e-006	-0.00025
1.173521e-006	-0.0005625
1.174021e-006	-0.0011875
1.174521e-006	-0.0015
1.175021e-006	-0.0018125
1.175521e-006	-0.0015
1.176021e-006	-0.0015
1.176521e-006	-0.002125
1.177021e-006	-0.0011875
1.177521e-006	-0.000875
1.178021e-006	-0.0005625
1.178521e-006	0.0006875
1.179021e-006	0.000375
1.179521e-006	0.0006875
1.180021e-006	0.000375
1.180521e-006	0.001
1.181021e-006	0.0013125
1.181521e-006	0.001
1.182021e-006	0.001
1.182521e-006	0.000375
1.183021e-006	6.25e-005
1.183521e-006	-0.00025
1.184021e-006	-0.0005625
1.184521e-006	-0.0005625
1.185021e-006	-0.0005625
1.185521e-006	-0.000875
1.186021e-006	-0.0015
1.186521e-006	-0.0011875
1.187021e-006	-0.00025
1.187521e-006	-0.0011875
1.188021e-006	-0.0015
1.188521e-006	-0.00025
1.189021e-006	0.0006875
1.189521e-006	-0.0005625
1.190021e-006	-0.0005625
1.190521e-006	0.000375
1.191021e-006	0.001
1.191521e-006	6.25e-005
1.192021e-006	6.25e-005
1.192521e-006	0.000375
1.193021e-006	0.000375
1.193521e-006	-0.00025
1.194021e-006	-0.0005625
1.194521e-006	-0.0005625
1.195021e-006	-0.0015
1.195521e-006	-0.0015
1.196021e-006	-0.0005625
1.196521e-006	-0.0005625
1.197021e-006	-0.0005625
1.197521e-006	-0.0005625
1.198021e-006	-0.00025
1.198521e-006	6.25e-005
1.199021e-006	-0.00025
1.199521e-006	6.25e-005
1.200021e-006	6.25e-005
1.200521e-006	0.0006875
1.201021e-006	0.0006875
1.201521e-006	0.001
1.202021e-006	0.0006875
1.202521e-006	6.25e-005
1.203021e-006	-0.0005625
1.203521e-006	-0.00025
1.204021e-006	-0.00025
1.204521e-006	-0.0005625
1.205021e-006	-0.000875
1.205521e-006	-0.0011875
1.206021e-006	-0.0011875
1.206521e-006	-0.000875
1.207021e-006	-0.0005625
1.207521e-006	-0.000875
1.208021e-006	-0.00025
1.208521e-006	-0.00025
1.209021e-006	0.0006875
1.209521e-006	6.25e-005
1.210021e-006	6.25e-005
1.210521e-006	6.25e-005
1.211021e-006	6.25e-005
1.211521e-006	0.000375
1.212021e-006	0.0006875
1.212521e-006	6.25e-005
1.213021e-006	6.25e-005
1.213521e-006	-0.0005625
1.214021e-006	6.25e-005
1.214521e-006	-0.00025
1.215021e-006	-0.000875
1.215521e-006	-0.0011875
1.216021e-006	-0.0011875
1.216521e-006	-0.0005625
1.217021e-006	-0.0005625
1.217521e-006	-0.00025
1.218021e-006	-0.00025
1.218521e-006	6.25e-005
1.219021e-006	-0.00025
1.219521e-006	6.25e-005
1.220021e-006	6.25e-005
1.220521e-006	6.25e-005
1.221021e-006	6.25e-005
1.221521e-006	0.0006875
1.222021e-006	-0.00025
1.222521e-006	-0.00025
1.223021e-006	6.25e-005
1.223521e-006	6.25e-005
1.224021e-006	6.25e-005
1.224521e-006	6.25e-005
1.225021e-006	-0.0005625
1.225521e-006	-0.0011875
1.226021e-006	-0.0011875
1.226521e-006	-0.000875
1.227021e-006	-0.000875
1.227521e-006	-0.000875
1.228021e-006	-0.00025
1.228521e-006	6.25e-005
1.229021e-006	0.001
1.229521e-006	6.25e-005
1.230021e-006	6.25e-005
1.230521e-006	0.0006875
1.231021e-006	6.25e-005
1.231521e-006	0.001
1.232021e-006	0.000375
1.232521e-006	6.25e-005
1.233021e-006	-0.00025
1.233521e-006	-0.00025
1.234021e-006	0.0006875
1.234521e-006	-0.00025
1.235021e-006	-0.0005625
1.235521e-006	-0.000875
1.236021e-006	-0.0011875
1.236521e-006	-0.000875
1.237021e-006	-0.0005625
1.237521e-006	-0.000875
1.238021e-006	-0.0005625
1.238521e-006	6.25e-005
1.239021e-006	0.000375
1.239521e-006	6.25e-005
1.240021e-006	-0.00025
1.240521e-006	6.25e-005
1.241021e-006	6.25e-005
1.241521e-006	6.25e-005
1.242021e-006	-0.00025
1.242521e-006	6.25e-005
1.243021e-006	6.25e-005
1.243521e-006	-0.00025
1.244021e-006	6.25e-005
1.244521e-006	-0.0005625
1.245021e-006	-0.0005625
1.245521e-006	-0.00025
1.246021e-006	-0.0011875
1.246521e-006	-0.0015
1.247021e-006	-0.000875
1.247521e-006	-0.0011875
1.248021e-006	-0.0005625
1.248521e-006	-0.0005625
1.249021e-006	-0.00025
1.249521e-006	-0.00025
1.250021e-006	6.25e-005
1.250521e-006	0.000375
1.251021e-006	6.25e-005
1.251521e-006	6.25e-005
1.252021e-006	6.25e-005
1.252521e-006	6.25e-005
1.253021e-006	0.000375
1.253521e-006	6.25e-005
1.254021e-006	0.000375
1.254521e-006	0.000375
1.255021e-006	-0.0005625
1.255521e-006	-0.000875
1.256021e-006	-0.000875
1.256521e-006	-0.0005625
1.257021e-006	-0.000875
1.257521e-006	-0.0011875
1.258021e-006	-0.0011875
1.258521e-006	-0.0005625
1.259021e-006	6.25e-005
1.259521e-006	6.25e-005
1.260021e-006	-0.0005625
1.260521e-006	6.25e-005
1.261021e-006	6.25e-005
1.261521e-006	-0.00025
1.262021e-006	6.25e-005
1.262521e-006	-0.00025
1.263021e-006	6.25e-005
1.263521e-006	0.001
1.264021e-006	6.25e-005
1.264521e-006	-0.000875
1.265021e-006	-0.0005625
1.265521e-006	-0.0005625
1.266021e-006	-0.0005625
1.266521e-006	-0.0005625
1.267021e-006	-0.0011875
1.267521e-006	-0.000875
1.268021e-006	-0.000875
1.268521e-006	-0.000875
1.269021e-006	-0.0005625
1.269521e-006	-0.00025
1.270021e-006	6.25e-005
1.270521e-006	0.000375
1.271021e-006	0.000375
1.271521e-006	0.000375
1.272021e-006	0.000375
1.272521e-006	0.000375
1.273021e-006	6.25e-005
1.273521e-006	-0.00025
1.274021e-006	-0.0005625
1.274521e-006	-0.00025
1.275021e-006	-0.0005625
1.275521e-006	-0.000875
1.276021e-006	6.25e-005
1.276521e-006	-0.00025
1.277021e-006	-0.0005625
1.277521e-006	-0.000875
1.278021e-006	-0.0005625
1.278521e-006	-0.0005625
1.279021e-006	-0.000875
1.279521e-006	-0.000875
1.280021e-006	0.000375
1.280521e-006	0.000375
1.281021e-006	6.25e-005
1.281521e-006	-0.00025
1.282021e-006	6.25e-005
1.282521e-006	0.000375
1.283021e-006	-0.00025
1.283521e-006	-0.00025
1.284021e-006	6.25e-005
1.284521e-006	0.000375
1.285021e-006	6.25e-005
1.285521e-006	-0.000875
1.286021e-006	-0.0005625
1.286521e-006	-0.0005625
1.287021e-006	-0.0005625
1.287521e-006	-0.0005625
1.288021e-006	-0.00025
1.288521e-006	-0.00025
1.289021e-006	-0.000875
1.289521e-006	-0.0011875
1.290021e-006	6.25e-005
1.290521e-006	0.000375
1.291021e-006	0.000375
1.291521e-006	6.25e-005
1.292021e-006	-0.00025
1.292521e-006	-0.00025
1.293021e-006	-0.00025
1.293521e-006	-0.0005625
1.294021e-006	-0.00025
1.294521e-006	-0.0005625
1.295021e-006	-0.00025
1.295521e-006	-0.0005625
1.296021e-006	-0.00025
1.296521e-006	-0.00025
1.297021e-006	-0.0005625
1.297521e-006	-0.000875
1.298021e-006	-0.0005625
1.298521e-006	-0.000875
1.299021e-006	-0.0005625
1.299521e-006	-0.00025
1.300021e-006	-0.00025
1.300521e-006	-0.0005625
1.301021e-006	0.000375
1.301521e-006	0.0006875
1.302021e-006	6.25e-005
1.302521e-006	6.25e-005
1.303021e-006	-0.00025
1.303521e-006	6.25e-005
1.304021e-006	6.25e-005
1.304521e-006	-0.0005625
1.305021e-006	-0.0005625
1.305521e-006	-0.0005625
1.306021e-006	6.25e-005
1.306521e-006	0.0006875
1.307021e-006	0.000375
1.307521e-006	6.25e-005
1.308021e-006	-0.0005625
1.308521e-006	-0.000875
1.309021e-006	-0.0005625
1.309521e-006	-0.00025
1.310021e-006	-0.00025
1.310521e-006	-0.0005625
1.311021e-006	-0.00025
1.311521e-006	6.25e-005
1.312021e-006	6.25e-005
1.312521e-006	6.25e-005
1.313021e-006	6.25e-005
1.313521e-006	-0.00025
1.314021e-006	6.25e-005
1.314521e-006	6.25e-005
1.315021e-006	-0.0005625
1.315521e-006	-0.000875
1.316021e-006	6.25e-005
1.316521e-006	-0.00025
1.317021e-006	-0.00025
1.317521e-006	6.25e-005
1.318021e-006	-0.0005625
1.318521e-006	-0.0005625
1.319021e-006	-0.00025
1.319521e-006	-0.00025
1.320021e-006	6.25e-005
1.320521e-006	0.000375
1.321021e-006	-0.00025
1.321521e-006	-0.00025
1.322021e-006	6.25e-005
1.322521e-006	0.0013125
1.323021e-006	-0.00025
1.323521e-006	-0.0011875
1.324021e-006	6.25e-005
1.324521e-006	0.000375
1.325021e-006	-0.00025
1.325521e-006	-0.0005625
1.326021e-006	-0.0005625
1.326521e-006	6.25e-005
1.327021e-006	6.25e-005
1.327521e-006	6.25e-005
1.328021e-006	-0.0005625
1.328521e-006	-0.0005625
1.329021e-006	-0.00025
1.329521e-006	-0.0005625
1.330021e-006	6.25e-005
1.330521e-006	6.25e-005
1.331021e-006	-0.00025
1.331521e-006	-0.00025
1.332021e-006	-0.0005625
1.332521e-006	0.000375
1.333021e-006	6.25e-005
1.333521e-006	6.25e-005
1.334021e-006	6.25e-005
1.334521e-006	-0.000875
1.335021e-006	0.000375
1.335521e-006	6.25e-005
1.336021e-006	6.25e-005
1.336521e-006	6.25e-005
1.337021e-006	0.000375
1.337521e-006	6.25e-005
1.338021e-006	6.25e-005
1.338521e-006	6.25e-005
1.339021e-006	-0.0005625
1.339521e-006	-0.00025
1.340021e-006	-0.00025
1.340521e-006	-0.000875
1.341021e-006	-0.000875
1.341521e-006	-0.0005625
1.342021e-006	-0.00025
1.342521e-006	0.000375
1.343021e-006	6.25e-005
1.343521e-006	-0.00025
1.344021e-006	6.25e-005
1.344521e-006	-0.00025
1.345021e-006	0.0006875
1.345521e-006	0.000375
1.346021e-006	-0.00025
1.346521e-006	6.25e-005
1.347021e-006	6.25e-005
1.347521e-006	0.0006875
1.348021e-006	-0.000875
1.348521e-006	-0.0005625
1.349021e-006	6.25e-005
1.349521e-006	-0.0005625
1.350021e-006	-0.0005625
1.350521e-006	-0.000875
1.351021e-006	-0.0005625
1.351521e-006	-0.000875
1.352021e-006	-0.000875
1.352521e-006	-0.00025
1.353021e-006	-0.0005625
1.353521e-006	-0.000875
1.354021e-006	0.000375
1.354521e-006	0.000375
1.355021e-006	6.25e-005
1.355521e-006	-0.00025
1.356021e-006	6.25e-005
1.356521e-006	6.25e-005
1.357021e-006	-0.00025
1.357521e-006	0.000375
1.358021e-006	0.000375
1.358521e-006	0.000375
1.359021e-006	6.25e-005
1.359521e-006	-0.0005625
1.360021e-006	6.25e-005
1.360521e-006	6.25e-005
1.361021e-006	-0.0005625
1.361521e-006	-0.0005625
1.362021e-006	-0.00025
1.362521e-006	-0.00025
1.363021e-006	-0.0005625
1.363521e-006	-0.0005625
1.364021e-006	6.25e-005
1.364521e-006	0.000375
1.365021e-006	0.0006875
1.365521e-006	6.25e-005
1.366021e-006	6.25e-005
1.366521e-006	-0.00025
1.367021e-006	6.25e-005
1.367521e-006	0.001
1.368021e-006	0.0006875
1.368521e-006	-0.00025
1.369021e-006	-0.000875
1.369521e-006	6.25e-005
1.370021e-006	0.000375
1.370521e-006	-0.000875
1.371021e-006	-0.0011875
1.371521e-006	-0.000875
1.372021e-006	-0.000875
1.372521e-006	-0.0005625
1.373021e-006	6.25e-005
1.373521e-006	6.25e-005
1.374021e-006	6.25e-005
1.374521e-006	-0.00025
1.375021e-006	-0.0005625
1.375521e-006	-0.00025
1.376021e-006	0.0006875
1.376521e-006	0.0006875
1.377021e-006	0.0006875
1.377521e-006	0.0006875
1.378021e-006	0.000375
1.378521e-006	0.000375
1.379021e-006	-0.00025
1.379521e-006	-0.0005625
1.380021e-006	-0.00025
1.380521e-006	-0.000875
1.381021e-006	-0.000875
1.381521e-006	-0.0011875
1.382021e-006	-0.0005625
1.382521e-006	-0.0005625
1.383021e-006	-0.000875
1.383521e-006	-0.0005625
1.384021e-006	6.25e-005
1.384521e-006	0.000375
1.385021e-006	0.0006875
1.385521e-006	6.25e-005
1.386021e-006	-0.00025
1.386521e-006	0.0006875
1.387021e-006	0.001
1.387521e-006	6.25e-005
1.388021e-006	6.25e-005
1.388521e-006	-0.00025
1.389021e-006	-0.00025
1.389521e-006	-0.00025
1.390021e-006	-0.000875
1.390521e-006	-0.0011875
1.391021e-006	-0.0005625
1.391521e-006	-0.0005625
1.392021e-006	-0.0005625
1.392521e-006	-0.00025
1.393021e-006	0.000375
1.393521e-006	6.25e-005
1.394021e-006	0.0006875
1.394521e-006	0.001
1.395021e-006	0.000375
1.395521e-006	0.001
1.396021e-006	0.000375
1.396521e-006	6.25e-005
1.397021e-006	0.000375
1.397521e-006	-0.00025
1.398021e-006	-0.0005625
1.398521e-006	-0.00025
1.399021e-006	6.25e-005
1.399521e-006	-0.0005625
1.400021e-006	-0.000875
1.400521e-006	-0.0005625
1.401021e-006	-0.000875
1.401521e-006	-0.0011875
1.402021e-006	-0.0005625
1.402521e-006	-0.0005625
1.403021e-006	-0.00025
1.403521e-006	6.25e-005
1.404021e-006	6.25e-005
1.404521e-006	0.000375
1.405021e-006	0.0006875
1.405521e-006	0.0013125
1.406021e-006	0.0013125
1.406521e-006	6.25e-005
1.407021e-006	0.000375
1.407521e-006	6.25e-005
1.408021e-006	6.25e-005
1.408521e-006	-0.0005625
1.409021e-006	-0.0011875
1.409521e-006	-0.0011875
1.410021e-006	-0.0011875
1.410521e-006	-0.0005625
1.411021e-006	-0.0005625
1.411521e-006	-0.0011875
1.412021e-006	6.25e-005
1.412521e-006	-0.00025
1.413021e-006	6.25e-005
1.413521e-006	0.0006875
1.414021e-006	0.0013125
1.414521e-006	0.001625
1.415021e-006	0.0013125
1.415521e-006	0.0019375
1.416021e-006	0.0013125
1.416521e-006	0.000375
1.417021e-006	6.25e-005
1.417521e-006	-0.0005625
1.418021e-006	-0.000875
1.418521e-006	-0.000875
1.419021e-006	-0.0011875
1.419521e-006	-0.0018125
1.420021e-006	-0.0018125
1.420521e-006	-0.0018125
1.421021e-006	-0.0015
1.421521e-006	-0.0005625
1.422021e-006	6.25e-005
1.422521e-006	6.25e-005
1.423021e-006	6.25e-005
1.423521e-006	0.001625
1.424021e-006	0.0019375
1.424521e-006	0.0013125
1.425021e-006	0.001625
1.425521e-006	0.0013125
1.426021e-006	0.0006875
1.426521e-006	0.0013125
1.427021e-006	0.001625
1.427521e-006	6.25e-005
1.428021e-006	-0.000875
1.428521e-006	-0.0011875
1.429021e-006	-0.000875
1.429521e-006	-0.002125
1.430021e-006	-0.002125
1.430521e-006	-0.002125
1.431021e-006	-0.0015
1.431521e-006	-0.0011875
1.432021e-006	-0.0011875
1.432521e-006	6.25e-005
1.433021e-006	0.0006875
1.433521e-006	0.0013125
1.434021e-006	0.001625
1.434521e-006	0.00225
1.435021e-006	0.0025625
1.435521e-006	0.0013125
1.436021e-006	0.001625
1.436521e-006	0.0013125
1.437021e-006	0.000375
1.437521e-006	-0.00025
1.438021e-006	-0.000875
1.438521e-006	-0.0011875
1.439021e-006	-0.0011875
1.439521e-006	-0.002125
1.440021e-006	-0.002125
1.440521e-006	-0.002125
1.441021e-006	-0.0011875
1.441521e-006	-0.000875
1.442021e-006	-0.000875
1.442521e-006	-0.00025
1.443021e-006	0.000375
1.443521e-006	0.001
1.444021e-006	0.001
1.444521e-006	0.001625
1.445021e-006	0.0025625
1.445521e-006	0.0025625
1.446021e-006	0.0013125
1.446521e-006	0.001
1.447021e-006	0.0006875
1.447521e-006	-0.00025
1.448021e-006	-0.0005625
1.448521e-006	-0.0011875
1.449021e-006	-0.0015
1.449521e-006	-0.002125
1.450021e-006	-0.0018125
1.450521e-006	-0.0024375
1.451021e-006	-0.0024375
1.451521e-006	-0.0015
1.452021e-006	-0.000875
1.452521e-006	-0.0005625
1.453021e-006	-0.00025
1.453521e-006	0.0013125
1.454021e-006	0.0019375
1.454521e-006	0.001
1.455021e-006	0.001625
1.455521e-006	0.0019375
1.456021e-006	0.0025625
1.456521e-006	0.001625
1.457021e-006	0.000375
1.457521e-006	-0.0005625
1.458021e-006	-0.0011875
1.458521e-006	-0.000875
1.459021e-006	-0.000875
1.459521e-006	-0.0018125
1.460021e-006	-0.0018125
1.460521e-006	-0.002125
1.461021e-006	-0.0011875
1.461521e-006	-0.0005625
1.462021e-006	-0.0005625
1.462521e-006	-0.0005625
1.463021e-006	6.25e-005
1.463521e-006	0.0006875
1.464021e-006	0.0013125
1.464521e-006	0.001625
1.465021e-006	0.00225
1.465521e-006	0.0019375
1.466021e-006	0.001
1.466521e-006	6.25e-005
1.467021e-006	0.000375
1.467521e-006	6.25e-005
1.468021e-006	-0.0005625
1.468521e-006	-0.000875
1.469021e-006	-0.0011875
1.469521e-006	-0.0018125
1.470021e-006	-0.0011875
1.470521e-006	-0.0015
1.471021e-006	-0.0005625
1.471521e-006	-0.00025
1.472021e-006	-0.0005625
1.472521e-006	-0.00025
1.473021e-006	0.000375
1.473521e-006	0.000375
1.474021e-006	0.001
1.474521e-006	0.0006875
1.475021e-006	0.0013125
1.475521e-006	0.001625
1.476021e-006	0.0006875
1.476521e-006	-0.0005625
1.477021e-006	-0.0005625
1.477521e-006	-0.00025
1.478021e-006	-0.0005625
1.478521e-006	-0.000875
1.479021e-006	-0.0011875
1.479521e-006	-0.0015
1.480021e-006	-0.0015
1.480521e-006	-0.0011875
1.481021e-006	6.25e-005
1.481521e-006	-0.00025
1.482021e-006	-0.000875
1.482521e-006	6.25e-005
1.483021e-006	0.000375
1.483521e-006	0.000375
1.484021e-006	0.000375
1.484521e-006	0.0006875
1.485021e-006	0.001
1.485521e-006	6.25e-005
1.486021e-006	0.000375
1.486521e-006	0.000375
1.487021e-006	-0.0005625
1.487521e-006	-0.00025
1.488021e-006	-0.000875
1.488521e-006	-0.0015
1.489021e-006	-0.0011875
1.489521e-006	-0.0011875
1.490021e-006	-0.0015
1.490521e-006	-0.0005625
1.491021e-006	-0.00025
1.491521e-006	0.001
1.492021e-006	0.001
1.492521e-006	0.000375
1.493021e-006	6.25e-005
1.493521e-006	0.001
1.494021e-006	0.001
1.494521e-006	-0.00025
1.495021e-006	-0.0005625
1.495521e-006	0.000375
1.496021e-006	0.000375
1.496521e-006	-0.00025
1.497021e-006	-0.0005625
1.497521e-006	-0.0015
1.498021e-006	-0.0011875
1.498521e-006	-0.0011875
1.499021e-006	-0.0011875
1.499521e-006	-0.000875
1.500021e-006	-0.000875
1.500521e-006	-0.0011875
1.501021e-006	-0.00025
1.501521e-006	0.000375
1.502021e-006	0.0006875
1.502521e-006	0.0013125
1.503021e-006	0.0019375
1.503521e-006	0.001625
1.504021e-006	0.0013125
1.504521e-006	0.001
1.505021e-006	0.000375
1.505521e-006	6.25e-005
1.506021e-006	-0.00025
1.506521e-006	-0.0011875
1.507021e-006	-0.000875
1.507521e-006	-0.0005625
1.508021e-006	-0.0015
1.508521e-006	-0.002125
1.509021e-006	-0.0015
1.509521e-006	-0.0011875
1.510021e-006	-0.0011875
1.510521e-006	6.25e-005
1.511021e-006	0.0006875
1.511521e-006	0.000375
1.512021e-006	0.0006875
1.512521e-006	0.001625
1.513021e-006	0.001625
1.513521e-006	0.0013125
1.514021e-006	0.001
1.514521e-006	0.001
1.515021e-006	6.25e-005
1.515521e-006	-0.00025
1.516021e-006	-0.000875
1.516521e-006	-0.0011875
1.517021e-006	-0.0011875
1.517521e-006	-0.002125
1.518021e-006	-0.002125
1.518521e-006	-0.0011875
1.519021e-006	-0.000875
1.519521e-006	-0.0011875
1.520021e-006	-0.0015
1.520521e-006	-0.0011875
1.521021e-006	6.25e-005
1.521521e-006	0.001
1.522021e-006	0.0013125
1.522521e-006	0.000375
1.523021e-006	0.000375
1.523521e-006	0.001
1.524021e-006	0.0013125
1.524521e-006	0.0013125
1.525021e-006	0.0013125
1.525521e-006	6.25e-005
1.526021e-006	-0.000875
1.526521e-006	-0.0011875
1.527021e-006	-0.000875
1.527521e-006	-0.0011875
1.528021e-006	-0.0015
1.528521e-006	-0.0015
1.529021e-006	-0.0018125
1.529521e-006	-0.0018125
1.530021e-006	-0.0005625
1.530521e-006	-0.0005625
1.531021e-006	6.25e-005
1.531521e-006	0.001
1.532021e-006	0.001
1.532521e-006	0.0013125
1.533021e-006	0.0013125
1.533521e-006	0.001625
1.534021e-006	0.0019375
1.534521e-006	0.001625
1.535021e-006	0.0013125
1.535521e-006	-0.00025
1.536021e-006	-0.000875
1.536521e-006	-0.0005625
1.537021e-006	-0.0005625
1.537521e-006	-0.0011875
1.538021e-006	-0.0015
1.538521e-006	-0.0015
1.539021e-006	-0.0015
1.539521e-006	-0.0015
1.540021e-006	-0.0011875
1.540521e-006	-0.0005625
1.541021e-006	-0.0005625
1.541521e-006	6.25e-005
1.542021e-006	0.0006875
1.542521e-006	0.001625
1.543021e-006	0.0019375
1.543521e-006	0.0013125
1.544021e-006	0.0006875
1.544521e-006	0.000375
1.545021e-006	0.0006875
1.545521e-006	6.25e-005
1.546021e-006	6.25e-005
1.546521e-006	-0.0005625
1.547021e-006	-0.0015
1.547521e-006	-0.000875
1.548021e-006	-0.0011875
1.548521e-006	-0.0011875
1.549021e-006	-0.0011875
1.549521e-006	-0.0011875
1.550021e-006	-0.0005625
1.550521e-006	-0.0005625
1.551021e-006	6.25e-005
1.551521e-006	6.25e-005
1.552021e-006	0.0006875
1.552521e-006	0.0006875
1.553021e-006	0.0006875
1.553521e-006	0.0013125
1.554021e-006	0.001625
1.554521e-006	0.0013125
1.555021e-006	0.0006875
1.555521e-006	6.25e-005
1.556021e-006	6.25e-005
1.556521e-006	-0.000875
1.557021e-006	-0.0011875
1.557521e-006	-0.0005625
1.558021e-006	-0.000875
1.558521e-006	-0.0011875
1.559021e-006	-0.0005625
1.559521e-006	-0.000875
1.560021e-006	-0.0005625
1.560521e-006	-0.0005625
1.561021e-006	-0.0005625
1.561521e-006	-0.0005625
1.562021e-006	0.000375
1.562521e-006	0.0006875
1.563021e-006	0.000375
1.563521e-006	0.000375
1.564021e-006	0.001
1.564521e-006	0.001
1.565021e-006	0.000375
1.565521e-006	-0.0005625
1.566021e-006	-0.00025
1.566521e-006	-0.0005625
1.567021e-006	-0.0005625
1.567521e-006	-0.0005625
1.568021e-006	-0.000875
1.568521e-006	-0.0015
1.569021e-006	-0.000875
1.569521e-006	-0.00025
1.570021e-006	-0.0005625
1.570521e-006	-0.0005625
1.571021e-006	-0.0005625
1.571521e-006	-0.0005625
1.572021e-006	0.000375
1.572521e-006	0.0006875
1.573021e-006	0.001
1.573521e-006	0.001
1.574021e-006	0.001
1.574521e-006	6.25e-005
1.575021e-006	-0.0005625
1.575521e-006	0.000375
1.576021e-006	0.0006875
1.576521e-006	-0.0005625
1.577021e-006	-0.00025
1.577521e-006	-0.0005625
1.578021e-006	-0.0011875
1.578521e-006	-0.0015
1.579021e-006	-0.000875
1.579521e-006	-0.00025
1.580021e-006	6.25e-005
1.580521e-006	6.25e-005
1.581021e-006	6.25e-005
1.581521e-006	0.0006875
1.582021e-006	0.0006875
1.582521e-006	6.25e-005
1.583021e-006	0.000375
1.583521e-006	0.001
1.584021e-006	0.001625
1.584521e-006	0.001625
1.585021e-006	0.000375
1.585521e-006	-0.0005625
1.586021e-006	-0.00025
1.586521e-006	-0.0005625
1.587021e-006	-0.000875
1.587521e-006	-0.000875
1.588021e-006	-0.0005625
1.588521e-006	-0.0005625
1.589021e-006	-0.000875
1.589521e-006	-0.0005625
1.590021e-006	6.25e-005
1.590521e-006	-0.00025
1.591021e-006	-0.00025
1.591521e-006	6.25e-005
1.592021e-006	0.001
1.592521e-006	0.001625
1.593021e-006	0.0013125
1.593521e-006	0.001
1.594021e-006	6.25e-005
1.594521e-006	0.0006875
1.595021e-006	0.000375
1.595521e-006	6.25e-005
1.596021e-006	-0.0005625
1.596521e-006	-0.0005625
1.597021e-006	-0.0005625
1.597521e-006	-0.0011875
1.598021e-006	-0.0015
1.598521e-006	-0.0011875
1.599021e-006	-0.0011875
1.599521e-006	-0.0005625
1.600021e-006	-0.00025
1.600521e-006	6.25e-005
1.601021e-006	0.000375
1.601521e-006	0.000375
1.602021e-006	0.0006875
1.602521e-006	0.001
1.603021e-006	0.0006875
1.603521e-006	0.0006875
1.604021e-006	0.0013125
1.604521e-006	0.001
1.605021e-006	0.0006875
1.605521e-006	-0.0005625
1.606021e-006	-0.00025
1.606521e-006	-0.0005625
1.607021e-006	6.25e-005
1.607521e-006	-0.0005625
1.608021e-006	-0.000875
1.608521e-006	-0.000875
1.609021e-006	-0.0011875
1.609521e-006	-0.0005625
1.610021e-006	-0.0005625
1.610521e-006	-0.00025
1.611021e-006	0.000375
1.611521e-006	6.25e-005
1.612021e-006	0.000375
1.612521e-006	0.0013125
1.613021e-006	0.001
1.613521e-006	0.0006875
1.614021e-006	0.0006875
1.614521e-006	0.001
1.615021e-006	6.25e-005
1.615521e-006	6.25e-005
1.616021e-006	-0.0005625
1.616521e-006	-0.0005625
1.617021e-006	-0.0005625
1.617521e-006	-0.0011875
1.618021e-006	-0.0015
1.618521e-006	-0.0015
1.619021e-006	-0.0011875
1.619521e-006	-0.0005625
1.620021e-006	-0.00025
1.620521e-006	-0.0005625
1.621021e-006	-0.0005625
1.621521e-006	6.25e-005
1.622021e-006	0.0006875
1.622521e-006	0.000375
1.623021e-006	0.0006875
1.623521e-006	0.001
1.624021e-006	6.25e-005
1.624521e-006	6.25e-005
1.625021e-006	0.000375
1.625521e-006	6.25e-005
1.626021e-006	-0.00025
1.626521e-006	-0.0005625
1.627021e-006	-0.0005625
1.627521e-006	-0.0011875
1.628021e-006	-0.0011875
1.628521e-006	-0.0015
1.629021e-006	-0.0015
1.629521e-006	-0.0015
1.630021e-006	-0.0011875
1.630521e-006	-0.0005625
1.631021e-006	0.0006875
1.631521e-006	6.25e-005
1.632021e-006	6.25e-005
1.632521e-006	0.000375
1.633021e-006	6.25e-005
1.633521e-006	6.25e-005
1.634021e-006	0.0006875
1.634521e-006	0.001
1.635021e-006	6.25e-005
1.635521e-006	0.000375
1.636021e-006	6.25e-005
1.636521e-006	-0.00025
1.637021e-006	-0.0005625
1.637521e-006	-0.00025
1.638021e-006	-0.0005625
1.638521e-006	-0.000875
1.639021e-006	-0.0011875
1.639521e-006	-0.0011875
1.640021e-006	6.25e-005
1.640521e-006	-0.00025
1.641021e-006	-0.0005625
1.641521e-006	-0.00025
1.642021e-006	-0.00025
1.642521e-006	6.25e-005
1.643021e-006	6.25e-005
1.643521e-006	-0.00025
1.644021e-006	6.25e-005
1.644521e-006	0.000375
1.645021e-006	-0.00025
1.645521e-006	6.25e-005
1.646021e-006	6.25e-005
1.646521e-006	-0.000875
1.647021e-006	-0.0005625
1.647521e-006	-0.000875
1.648021e-006	-0.0005625
1.648521e-006	-0.000875
1.649021e-006	-0.0011875
1.649521e-006	-0.0018125
1.650021e-006	-0.000875
1.650521e-006	-0.0005625
1.651021e-006	-0.00025
1.651521e-006	-0.00025
1.652021e-006	6.25e-005
1.652521e-006	-0.0005625
1.653021e-006	-0.00025
1.653521e-006	0.000375
1.654021e-006	0.000375
1.654521e-006	-0.00025
1.655021e-006	-0.0005625
1.655521e-006	-0.0005625
1.656021e-006	-0.000875
1.656521e-006	-0.0005625
1.657021e-006	6.25e-005
1.657521e-006	0.000375
1.658021e-006	-0.000875
1.658521e-006	-0.0011875
1.659021e-006	-0.0005625
1.659521e-006	6.25e-005
1.660021e-006	-0.0011875
1.660521e-006	-0.0011875
1.661021e-006	-0.0005625
1.661521e-006	-0.00025
1.662021e-006	-0.0005625
1.662521e-006	6.25e-005
1.663021e-006	-0.00025
1.663521e-006	6.25e-005
1.664021e-006	6.25e-005
1.664521e-006	-0.0005625
1.665021e-006	-0.00025
1.665521e-006	6.25e-005
1.666021e-006	-0.0005625
1.666521e-006	-0.0011875
1.667021e-006	-0.00025
1.667521e-006	6.25e-005
1.668021e-006	-0.00025
1.668521e-006	-0.000875
1.669021e-006	-0.0005625
1.669521e-006	-0.0005625
1.670021e-006	-0.000875
1.670521e-006	-0.000875
1.671021e-006	-0.0005625
1.671521e-006	-0.0011875
1.672021e-006	-0.0011875
1.672521e-006	-0.0005625
1.673021e-006	6.25e-005
1.673521e-006	-0.0005625
1.674021e-006	-0.000875
1.674521e-006	-0.0005625
1.675021e-006	-0.0005625
1.675521e-006	-0.00025
1.676021e-006	6.25e-005
1.676521e-006	6.25e-005
1.677021e-006	6.25e-005
1.677521e-006	-0.00025
1.678021e-006	-0.000875
1.678521e-006	-0.0005625
1.679021e-006	-0.00025
1.679521e-006	-0.00025
1.680021e-006	-0.00025
1.680521e-006	-0.0005625
1.681021e-006	-0.000875
1.681521e-006	-0.000875
1.682021e-006	-0.000875
1.682521e-006	-0.0011875
1.683021e-006	-0.0011875
1.683521e-006	-0.0011875
1.684021e-006	-0.0011875
1.684521e-006	-0.000875
1.685021e-006	6.25e-005
1.685521e-006	-0.00025
1.686021e-006	-0.0005625
1.686521e-006	6.25e-005
1.687021e-006	6.25e-005
1.687521e-006	6.25e-005
1.688021e-006	0.000375
1.688521e-006	0.000375
1.689021e-006	6.25e-005
1.689521e-006	-0.000875
1.690021e-006	-0.0015
1.690521e-006	-0.0011875
1.691021e-006	-0.000875
1.691521e-006	-0.000875
1.692021e-006	-0.000875
1.692521e-006	-0.0018125
1.693021e-006	-0.000875
1.693521e-006	-0.0015
1.694021e-006	-0.000875
1.694521e-006	-0.0015
1.695021e-006	-0.0011875
1.695521e-006	-0.000875
1.696021e-006	-0.0005625
1.696521e-006	-0.0005625
1.697021e-006	0.000375
1.697521e-006	0.0006875
1.698021e-006	0.0006875
1.698521e-006	0.0006875
1.699021e-006	0.000375
1.699521e-006	-0.0005625
1.700021e-006	-0.000875
1.700521e-006	-0.00025
1.701021e-006	-0.0011875
1.701521e-006	-0.0015
1.702021e-006	-0.0011875
1.702521e-006	-0.0018125
1.703021e-006	-0.0018125
1.703521e-006	-0.0018125
1.704021e-006	-0.0018125
1.704521e-006	-0.000875
1.705021e-006	-0.0011875
1.705521e-006	-0.0005625
1.706021e-006	-0.0005625
1.706521e-006	6.25e-005
1.707021e-006	0.0006875
1.707521e-006	0.000375
1.708021e-006	6.25e-005
1.708521e-006	-0.00025
1.709021e-006	6.25e-005
1.709521e-006	-0.00025
1.710021e-006	-0.00025
1.710521e-006	-0.0005625
1.711021e-006	-0.000875
1.711521e-006	-0.0011875
1.712021e-006	-0.0011875
1.712521e-006	-0.0024375
1.713021e-006	-0.0018125
1.713521e-006	-0.00275
1.714021e-006	-0.0018125
1.714521e-006	-0.0015
1.715021e-006	-0.0018125
1.715521e-006	-0.0015
1.716021e-006	-0.0005625
1.716521e-006	6.25e-005
1.717021e-006	0.000375
1.717521e-006	0.000375
1.718021e-006	0.0013125
1.718521e-006	0.001
1.719021e-006	0.001
1.719521e-006	0.000375
1.720021e-006	6.25e-005
1.720521e-006	0.0006875
1.721021e-006	-0.0005625
1.721521e-006	-0.0015
1.722021e-006	-0.0011875
1.722521e-006	-0.0018125
1.723021e-006	-0.0024375
1.723521e-006	-0.0024375
1.724021e-006	-0.002125
1.724521e-006	-0.002125
1.725021e-006	-0.0024375
1.725521e-006	-0.000875
1.726021e-006	-0.000875
1.726521e-006	6.25e-005
1.727021e-006	0.000375
1.727521e-006	6.25e-005
1.728021e-006	0.0006875
1.728521e-006	0.000375
1.729021e-006	0.000375
1.729521e-006	0.001
1.730021e-006	6.25e-005
1.730521e-006	-0.00025
1.731021e-006	-0.0005625
1.731521e-006	-0.0005625
1.732021e-006	-0.0015
1.732521e-006	-0.002125
1.733021e-006	-0.0015
1.733521e-006	-0.002125
1.734021e-006	-0.0018125
1.734521e-006	-0.0024375
1.735021e-006	-0.002125
1.735521e-006	-0.000875
1.736021e-006	-0.0005625
1.736521e-006	-0.00025
1.737021e-006	-0.0005625
1.737521e-006	-0.0005625
1.738021e-006	0.001
1.738521e-006	0.001
1.739021e-006	0.0006875
1.739521e-006	0.001
1.740021e-006	6.25e-005
1.740521e-006	6.25e-005
1.741021e-006	-0.000875
1.741521e-006	-0.0011875
1.742021e-006	-0.000875
1.742521e-006	-0.0018125
1.743021e-006	-0.002125
1.743521e-006	-0.002125
1.744021e-006	-0.0018125
1.744521e-006	-0.0024375
1.745021e-006	-0.002125
1.745521e-006	-0.0011875
1.746021e-006	-0.0005625
1.746521e-006	-0.00025
1.747021e-006	-0.0005625
1.747521e-006	-0.00025
1.748021e-006	0.000375
1.748521e-006	0.000375
1.749021e-006	6.25e-005
1.749521e-006	0.000375
1.750021e-006	-0.0005625
1.750521e-006	-0.00025
1.751021e-006	-0.00025
1.751521e-006	-0.0015
1.752021e-006	-0.00275
1.752521e-006	-0.002125
1.753021e-006	-0.0018125
1.753521e-006	-0.0015
1.754021e-006	-0.0015
1.754521e-006	-0.0018125
1.755021e-006	-0.0015
1.755521e-006	-0.000875
1.756021e-006	-0.0005625
1.756521e-006	-0.00025
1.757021e-006	6.25e-005
1.757521e-006	0.0006875
1.758021e-006	6.25e-005
1.758521e-006	-0.00025
1.759021e-006	0.000375
1.759521e-006	6.25e-005
1.760021e-006	-0.00025
1.760521e-006	-0.000875
1.761021e-006	-0.000875
1.761521e-006	-0.0015
1.762021e-006	-0.0015
1.762521e-006	-0.0024375
1.763021e-006	-0.0024375
1.763521e-006	-0.0018125
1.764021e-006	-0.0011875
1.764521e-006	-0.0015
1.765021e-006	-0.0011875
1.765521e-006	6.25e-005
1.766021e-006	0.000375
1.766521e-006	0.000375
1.767021e-006	6.25e-005
1.767521e-006	0.0006875
1.768021e-006	0.000375
1.768521e-006	0.000375
1.769021e-006	-0.00025
1.769521e-006	-0.0011875
1.770021e-006	-0.0011875
1.770521e-006	-0.0015
1.771021e-006	-0.0018125
1.771521e-006	-0.002125
1.772021e-006	-0.0024375
1.772521e-006	-0.0024375
1.773021e-006	-0.003375
1.773521e-006	-0.0024375
1.774021e-006	-0.0011875
1.774521e-006	-0.0005625
1.775021e-006	-0.00025
1.775521e-006	-0.00025
1.776021e-006	0.000375
1.776521e-006	0.0006875
1.777021e-006	0.000375
1.777521e-006	0.0006875
1.778021e-006	6.25e-005
1.778521e-006	6.25e-005
1.779021e-006	-0.0005625
1.779521e-006	-0.000875
1.780021e-006	-0.0011875
1.780521e-006	-0.002125
1.781021e-006	-0.002125
1.781521e-006	-0.00275
1.782021e-006	-0.003375
1.782521e-006	-0.00275
1.783021e-006	-0.0018125
1.783521e-006	-0.0018125
1.784021e-006	-0.0011875
1.784521e-006	-0.0011875
1.785021e-006	6.25e-005
1.785521e-006	0.000375
1.786021e-006	0.001
1.786521e-006	0.0006875
1.787021e-006	0.000375
1.787521e-006	0.000375
1.788021e-006	6.25e-005
