LECROYWS454	16215	Waveform
Segments	1	SegmentSize	4002
Segment	TrigTime	TimeSinceSegment1
#1	02-May-2024 19:34:24	0                 
Time	Ampl
-2.12144e-007	-0.00025
-2.11644e-007	6.25e-005
-2.11144e-007	-0.0011875
-2.10644e-007	6.25e-005
-2.10144e-007	0.000375
-2.09644e-007	0.0006875
-2.09144e-007	0.000375
-2.08644e-007	-0.000875
-2.08144e-007	-0.0005625
-2.07644e-007	6.25e-005
-2.07144e-007	6.25e-005
-2.06644e-007	0.000375
-2.06144e-007	-0.0005625
-2.05644e-007	6.25e-005
-2.05144e-007	-0.00025
-2.04644e-007	-0.00025
-2.04144e-007	6.25e-005
-2.03644e-007	-0.0005625
-2.03144e-007	0.0006875
-2.02644e-007	0.001
-2.02144e-007	6.25e-005
-2.01644e-007	6.25e-005
-2.01144e-007	6.25e-005
-2.00644e-007	0.0006875
-2.00144e-007	6.25e-005
-1.99644e-007	6.25e-005
-1.99144e-007	0.0006875
-1.98644e-007	6.25e-005
-1.98144e-007	6.25e-005
-1.97644e-007	-0.0005625
-1.97144e-007	-0.00025
-1.96644e-007	-0.0005625
-1.96144e-007	-0.0005625
-1.95644e-007	6.25e-005
-1.95144e-007	-0.000875
-1.94644e-007	-0.000875
-1.94144e-007	-0.000875
-1.93644e-007	-0.0005625
-1.93144e-007	0.0006875
-1.92644e-007	0.000375
-1.92144e-007	0.000375
-1.91644e-007	0.0006875
-1.91144e-007	0.001625
-1.90644e-007	0.001
-1.90144e-007	0.000375
-1.89644e-007	0.0006875
-1.89144e-007	0.001
-1.88644e-007	0.000375
-1.88144e-007	-0.00025
-1.87644e-007	-0.0011875
-1.87144e-007	-0.000875
-1.86644e-007	-0.0005625
-1.86144e-007	-0.0011875
-1.85644e-007	-0.0015
-1.85144e-007	-0.0011875
-1.84644e-007	-0.0005625
-1.84144e-007	-0.000875
-1.83644e-007	-0.00025
-1.83144e-007	6.25e-005
-1.82644e-007	0.0006875
-1.82144e-007	0.000375
-1.81644e-007	0.001
-1.81144e-007	0.001625
-1.80644e-007	0.0013125
-1.80144e-007	0.0006875
-1.79644e-007	0.001625
-1.79144e-007	0.0006875
-1.78644e-007	0.000375
-1.78144e-007	-0.000875
-1.77644e-007	-0.000875
-1.77144e-007	-0.000875
-1.76644e-007	-0.0011875
-1.76144e-007	-0.0011875
-1.75644e-007	-0.0011875
-1.75144e-007	-0.000875
-1.74644e-007	-0.0011875
-1.74144e-007	-0.0015
-1.73644e-007	-0.0005625
-1.73144e-007	0.000375
-1.72644e-007	6.25e-005
-1.72144e-007	6.25e-005
-1.71644e-007	0.0006875
-1.71144e-007	0.00225
-1.70644e-007	0.0019375
-1.70144e-007	0.0013125
-1.69644e-007	0.001
-1.69144e-007	6.25e-005
-1.68644e-007	6.25e-005
-1.68144e-007	6.25e-005
-1.67644e-007	-0.0005625
-1.67144e-007	-0.000875
-1.66644e-007	-0.0015
-1.66144e-007	-0.0015
-1.65644e-007	-0.0011875
-1.65144e-007	-0.0018125
-1.64644e-007	-0.0011875
-1.64144e-007	-0.0005625
-1.63644e-007	-0.0005625
-1.63144e-007	-0.00025
-1.62644e-007	-0.00025
-1.62144e-007	6.25e-005
-1.61644e-007	0.001
-1.61144e-007	0.001
-1.60644e-007	0.0006875
-1.60144e-007	0.001
-1.59644e-007	0.001625
-1.59144e-007	0.0013125
-1.58644e-007	0.0006875
-1.58144e-007	6.25e-005
-1.57644e-007	-0.0005625
-1.57144e-007	-0.000875
-1.56644e-007	-0.000875
-1.56144e-007	-0.000875
-1.55644e-007	-0.000875
-1.55144e-007	-0.0005625
-1.54644e-007	6.25e-005
-1.54144e-007	-0.0005625
-1.53644e-007	-0.0005625
-1.53144e-007	6.25e-005
-1.52644e-007	6.25e-005
-1.52144e-007	0.000375
-1.51644e-007	0.0006875
-1.51144e-007	0.0006875
-1.50644e-007	0.0013125
-1.50144e-007	0.001
-1.49644e-007	0.0006875
-1.49144e-007	0.0006875
-1.48644e-007	6.25e-005
-1.48144e-007	0.000375
-1.47644e-007	-0.0005625
-1.47144e-007	-0.0005625
-1.46644e-007	-0.0011875
-1.46144e-007	-0.00025
-1.45644e-007	6.25e-005
-1.45144e-007	-0.000875
-1.44644e-007	-0.0015
-1.44144e-007	-0.0005625
-1.43644e-007	0.000375
-1.43144e-007	0.000375
-1.42644e-007	-0.0005625
-1.42144e-007	6.25e-005
-1.41644e-007	0.000375
-1.41144e-007	6.25e-005
-1.40644e-007	6.25e-005
-1.40144e-007	0.000375
-1.39644e-007	0.0006875
-1.39144e-007	-0.00025
-1.38644e-007	6.25e-005
-1.38144e-007	-0.000875
-1.37644e-007	-0.0005625
-1.37144e-007	6.25e-005
-1.36644e-007	-0.0005625
-1.36144e-007	-0.0011875
-1.35644e-007	-0.00025
-1.35144e-007	6.25e-005
-1.34644e-007	6.25e-005
-1.34144e-007	-0.00025
-1.33644e-007	0.000375
-1.33144e-007	6.25e-005
-1.32644e-007	6.25e-005
-1.32144e-007	-0.00025
-1.31644e-007	-0.00025
-1.31144e-007	6.25e-005
-1.30644e-007	6.25e-005
-1.30144e-007	-0.00025
-1.29644e-007	-0.00025
-1.29144e-007	-0.00025
-1.28644e-007	-0.000875
-1.28144e-007	-0.000875
-1.27644e-007	-0.0005625
-1.27144e-007	0.000375
-1.26644e-007	-0.0005625
-1.26144e-007	-0.00025
-1.25644e-007	-0.00025
-1.25144e-007	6.25e-005
-1.24644e-007	6.25e-005
-1.24144e-007	0.000375
-1.23644e-007	0.000375
-1.23144e-007	0.0006875
-1.22644e-007	0.000375
-1.22144e-007	-0.00025
-1.21644e-007	-0.00025
-1.21144e-007	-0.00025
-1.20644e-007	6.25e-005
-1.20144e-007	6.25e-005
-1.19644e-007	6.25e-005
-1.19144e-007	-0.0005625
-1.18644e-007	-0.000875
-1.18144e-007	-0.000875
-1.17644e-007	-0.0005625
-1.17144e-007	-0.0011875
-1.16644e-007	-0.00025
-1.16144e-007	0.000375
-1.15644e-007	0.0006875
-1.15144e-007	6.25e-005
-1.14644e-007	6.25e-005
-1.14144e-007	0.001
-1.13644e-007	0.000375
-1.13144e-007	-0.00025
-1.12644e-007	-0.00025
-1.12144e-007	0.000375
-1.11644e-007	0.0006875
-1.11144e-007	6.25e-005
-1.10644e-007	-0.00025
-1.10144e-007	-0.00025
-1.09644e-007	0.000375
-1.09144e-007	-0.000875
-1.08644e-007	-0.000875
-1.08144e-007	-0.00025
-1.07644e-007	-0.00025
-1.07144e-007	-0.0005625
-1.06644e-007	-0.0005625
-1.06144e-007	6.25e-005
-1.05644e-007	0.000375
-1.05144e-007	6.25e-005
-1.04644e-007	-0.00025
-1.04144e-007	6.25e-005
-1.03644e-007	0.000375
-1.03144e-007	6.25e-005
-1.02644e-007	0.000375
-1.02144e-007	0.0006875
-1.01644e-007	0.0006875
-1.01144e-007	6.25e-005
-1.00644e-007	-0.00025
-1.00144e-007	-0.0005625
-9.9644e-008	-0.00025
-9.9144e-008	0.000375
-9.8644e-008	-0.00025
-9.8144e-008	-0.00025
-9.7644e-008	-0.00025
-9.7144e-008	-0.00025
-9.6644e-008	-0.0005625
-9.6144e-008	-0.000875
-9.5644e-008	6.25e-005
-9.5144e-008	0.000375
-9.4644e-008	-0.00025
-9.4144e-008	6.25e-005
-9.3644e-008	0.0006875
-9.3144e-008	0.0006875
-9.2644e-008	0.000375
-9.2144e-008	0.000375
-9.1644e-008	0.0006875
-9.1144e-008	0.0006875
-9.0644e-008	6.25e-005
-9.0144e-008	-0.00025
-8.9644e-008	6.25e-005
-8.9144e-008	-0.00025
-8.8644e-008	-0.0005625
-8.8144e-008	-0.0005625
-8.7644e-008	-0.0005625
-8.7144e-008	-0.0011875
-8.6644e-008	-0.0005625
-8.6144e-008	6.25e-005
-8.5644e-008	6.25e-005
-8.5144e-008	-0.0005625
-8.4644e-008	-0.0005625
-8.4144e-008	6.25e-005
-8.3644e-008	-0.0005625
-8.3144e-008	-0.00025
-8.2644e-008	0.000375
-8.2144e-008	0.000375
-8.1644e-008	-0.0005625
-8.1144e-008	6.25e-005
-8.0644e-008	0.000375
-8.0144e-008	0.0006875
-7.9644e-008	6.25e-005
-7.9144e-008	0.0006875
-7.8644e-008	0.0006875
-7.8144e-008	-0.00025
-7.7644e-008	-0.0005625
-7.7144e-008	-0.0011875
-7.6644e-008	-0.0005625
-7.6144e-008	6.25e-005
-7.5644e-008	-0.00025
-7.5144e-008	-0.0005625
-7.4644e-008	-0.0005625
-7.4144e-008	-0.0005625
-7.3644e-008	6.25e-005
-7.3144e-008	6.25e-005
-7.2644e-008	0.000375
-7.2144e-008	-0.000875
-7.1644e-008	6.25e-005
-7.1144e-008	0.000375
-7.0644e-008	6.25e-005
-7.0144e-008	0.0006875
-6.9644e-008	6.25e-005
-6.9144e-008	-0.00025
-6.8644e-008	6.25e-005
-6.8144e-008	0.000375
-6.7644e-008	6.25e-005
-6.7144e-008	-0.000875
-6.6644e-008	6.25e-005
-6.6144e-008	-0.00025
-6.5644e-008	-0.0015
-6.5144e-008	-0.0005625
-6.4644e-008	-0.0011875
-6.4144e-008	6.25e-005
-6.3644e-008	-0.00025
-6.3144e-008	-0.000875
-6.2644e-008	-0.0005625
-6.2144e-008	-0.0005625
-6.1644e-008	6.25e-005
-6.1144e-008	6.25e-005
-6.0644e-008	0.000375
-6.0144e-008	0.000375
-5.9644e-008	-0.0005625
-5.9144e-008	6.25e-005
-5.8644e-008	6.25e-005
-5.8144e-008	0.000375
-5.7644e-008	6.25e-005
-5.7144e-008	-0.0005625
-5.6644e-008	-0.00025
-5.6144e-008	-0.000875
-5.5644e-008	-0.00025
-5.5144e-008	-0.00025
-5.4644e-008	-0.0005625
-5.4144e-008	-0.0005625
-5.3644e-008	6.25e-005
-5.3144e-008	0.001
-5.2644e-008	6.25e-005
-5.2144e-008	-0.000875
-5.1644e-008	0.000375
-5.1144e-008	0.0006875
-5.0644e-008	0.000375
-5.0144e-008	6.25e-005
-4.9644e-008	6.25e-005
-4.9144e-008	6.25e-005
-4.8644e-008	-0.00025
-4.8144e-008	0.000375
-4.7644e-008	6.25e-005
-4.7144e-008	-0.0005625
-4.6644e-008	-0.0005625
-4.6144e-008	-0.0005625
-4.5644e-008	-0.00025
-4.5144e-008	-0.000875
-4.4644e-008	-0.0005625
-4.4144e-008	0.000375
-4.3644e-008	-0.0005625
-4.3144e-008	0.000375
-4.2644e-008	-0.0005625
-4.2144e-008	6.25e-005
-4.1644e-008	0.0006875
-4.1144e-008	0.000375
-4.0644e-008	-0.00025
-4.0144e-008	-0.0011875
-3.9644e-008	-0.0005625
-3.9144e-008	-0.0005625
-3.8644e-008	-0.0011875
-3.8144e-008	0.0006875
-3.7644e-008	-0.000875
-3.7144e-008	-0.0015
-3.6644e-008	-0.0005625
-3.6144e-008	-0.00025
-3.5644e-008	6.25e-005
-3.5144e-008	-0.00025
-3.4644e-008	6.25e-005
-3.4144e-008	0.000375
-3.3644e-008	0.001
-3.3144e-008	0.0006875
-3.2644e-008	0.0006875
-3.2144e-008	0.000375
-3.1644e-008	0.0006875
-3.1144e-008	0.000375
-3.0644e-008	0.000375
-3.0144e-008	-0.000875
-2.9644e-008	-0.00025
-2.9144e-008	-0.0015
-2.8644e-008	-0.0005625
-2.8144e-008	-0.00025
-2.7644e-008	-0.0005625
-2.7144e-008	-0.00025
-2.6644e-008	-0.0005625
-2.6144e-008	-0.000875
-2.5644e-008	-0.0005625
-2.5144e-008	-0.0005625
-2.4644e-008	0.000375
-2.4144e-008	0.000375
-2.3644e-008	6.25e-005
-2.3144e-008	0.001
-2.2644e-008	0.000375
-2.2144e-008	0.0013125
-2.1644e-008	6.25e-005
-2.1144e-008	0.0006875
-2.0644e-008	6.25e-005
-2.0144e-008	-0.0005625
-1.9644e-008	-0.0005625
-1.9144e-008	-0.00025
-1.8644e-008	-0.000875
-1.8144e-008	-0.000875
-1.7644e-008	-0.000875
-1.7144e-008	-0.000875
-1.6644e-008	-0.0011875
-1.6144e-008	-0.0015
-1.5644e-008	-0.0011875
-1.5144e-008	-0.0015
-1.4644e-008	-0.0011875
-1.4144e-008	-0.0030625
-1.3644e-008	-0.0030625
-1.3144e-008	-0.003375
-1.2644e-008	-0.0036875
-1.2144e-008	-0.003375
-1.1644e-008	-0.003375
-1.1144e-008	-0.00525
-1.0644e-008	-0.005875
-1.0144e-008	-0.0065
-9.644e-009	-0.0068125
-9.144e-009	-0.0086875
-8.644e-009	-0.0080625
-8.144e-009	-0.0086875
-7.644e-009	-0.0086875
-7.144e-009	-0.0086875
-6.644e-009	-0.009
-6.144e-009	-0.009
-5.644e-009	-0.0086875
-5.144e-009	-0.0086875
-4.644e-009	-0.0093125
-4.144e-009	-0.0099375
-3.644e-009	-0.01025
-3.144e-009	-0.0099375
-2.644e-009	-0.01025
-2.144e-009	-0.0105625
-1.644e-009	-0.0115
-1.144e-009	-0.0105625
-6.44e-010	-0.0115
-1.44e-010	-0.012125
3.56e-010	-0.012125
8.56e-010	-0.0115
1.356e-009	-0.0118125
1.856e-009	-0.0111875
2.356e-009	-0.0118125
2.856e-009	-0.0111875
3.356e-009	-0.010875
3.856e-009	-0.01025
4.356e-009	-0.0099375
4.856e-009	-0.0099375
5.356e-009	-0.01025
5.856e-009	-0.01025
6.356e-009	-0.0105625
6.856e-009	-0.0105625
7.356e-009	-0.0118125
7.856e-009	-0.0111875
8.356e-009	-0.0118125
8.856e-009	-0.0124375
9.356e-009	-0.0124375
9.856e-009	-0.0130625
1.0356e-008	-0.01275
1.0856e-008	-0.0124375
1.1356e-008	-0.0130625
1.1856e-008	-0.01275
1.2356e-008	-0.0115
1.2856e-008	-0.0118125
1.3356e-008	-0.0105625
1.3856e-008	-0.01025
1.4356e-008	-0.0099375
1.4856e-008	-0.010875
1.5356e-008	-0.010875
1.5856e-008	-0.010875
1.6356e-008	-0.0105625
1.6856e-008	-0.0115
1.7356e-008	-0.0115
1.7856e-008	-0.012125
1.8356e-008	-0.013375
1.8856e-008	-0.0130625
1.9356e-008	-0.0136875
1.9856e-008	-0.0136875
2.0356e-008	-0.014
2.0856e-008	-0.0143125
2.1356e-008	-0.014
2.1856e-008	-0.013375
2.2356e-008	-0.013375
2.2856e-008	-0.0124375
2.3356e-008	-0.012125
2.3856e-008	-0.010875
2.4356e-008	-0.012125
2.4856e-008	-0.0115
2.5356e-008	-0.0118125
2.5856e-008	-0.0115
2.6356e-008	-0.0124375
2.6856e-008	-0.0124375
2.7356e-008	-0.01275
2.7856e-008	-0.01275
2.8356e-008	-0.014
2.8856e-008	-0.0149375
2.9356e-008	-0.014625
2.9856e-008	-0.01525
3.0356e-008	-0.0149375
3.0856e-008	-0.0143125
3.1356e-008	-0.013375
3.1856e-008	-0.0136875
3.2356e-008	-0.013375
3.2856e-008	-0.0130625
3.3356e-008	-0.0115
3.3856e-008	-0.012125
3.4356e-008	-0.0118125
3.4856e-008	-0.0124375
3.5356e-008	-0.0124375
3.5856e-008	-0.012125
3.6356e-008	-0.0115
3.6856e-008	-0.0130625
3.7356e-008	-0.013375
3.7856e-008	-0.0136875
3.8356e-008	-0.014625
3.8856e-008	-0.01525
3.9356e-008	-0.0155625
3.9856e-008	-0.0155625
4.0356e-008	-0.015875
4.0856e-008	-0.014
4.1356e-008	-0.014
4.1856e-008	-0.0136875
4.2356e-008	-0.0130625
4.2856e-008	-0.0130625
4.3356e-008	-0.0130625
4.3856e-008	-0.0118125
4.4356e-008	-0.01275
4.4856e-008	-0.0118125
4.5356e-008	-0.01275
4.5856e-008	-0.0115
4.6356e-008	-0.01275
4.6856e-008	-0.01275
4.7356e-008	-0.0136875
4.7856e-008	-0.014
4.8356e-008	-0.014625
4.8856e-008	-0.0155625
4.9356e-008	-0.0155625
4.9856e-008	-0.0143125
5.0356e-008	-0.0149375
5.0856e-008	-0.01525
5.1356e-008	-0.014
5.1856e-008	-0.0130625
5.2356e-008	-0.01275
5.2856e-008	-0.0124375
5.3356e-008	-0.0115
5.3856e-008	-0.0124375
5.4356e-008	-0.012125
5.4856e-008	-0.0115
5.5356e-008	-0.0115
5.5856e-008	-0.0115
5.6356e-008	-0.012125
5.6856e-008	-0.0130625
5.7356e-008	-0.01275
5.7856e-008	-0.013375
5.8356e-008	-0.013375
5.8856e-008	-0.0143125
5.9356e-008	-0.0143125
5.9856e-008	-0.014625
6.0356e-008	-0.014625
6.0856e-008	-0.013375
6.1356e-008	-0.0130625
6.1856e-008	-0.0130625
6.2356e-008	-0.0136875
6.2856e-008	-0.01275
6.3356e-008	-0.0115
6.3856e-008	-0.0115
6.4356e-008	-0.0118125
6.4856e-008	-0.0111875
6.5356e-008	-0.0111875
6.5856e-008	-0.0111875
6.6356e-008	-0.01275
6.6856e-008	-0.01275
6.7356e-008	-0.0136875
6.7856e-008	-0.0130625
6.8356e-008	-0.013375
6.8856e-008	-0.013375
6.9356e-008	-0.0143125
6.9856e-008	-0.0143125
7.0356e-008	-0.0136875
7.0856e-008	-0.0136875
7.1356e-008	-0.013375
7.1856e-008	-0.012125
7.2356e-008	-0.01275
7.2856e-008	-0.0124375
7.3356e-008	-0.0111875
7.3856e-008	-0.0118125
7.4356e-008	-0.0118125
7.4856e-008	-0.012125
7.5356e-008	-0.0111875
7.5856e-008	-0.0115
7.6356e-008	-0.012125
7.6856e-008	-0.01275
7.7356e-008	-0.0130625
7.7856e-008	-0.0130625
7.8356e-008	-0.0130625
7.8856e-008	-0.014
7.9356e-008	-0.0136875
7.9856e-008	-0.0130625
8.0356e-008	-0.0130625
8.0856e-008	-0.0130625
8.1356e-008	-0.01275
8.1856e-008	-0.0115
8.2356e-008	-0.0118125
8.2856e-008	-0.0111875
8.3356e-008	-0.0111875
8.3856e-008	-0.0105625
8.4356e-008	-0.0115
8.4856e-008	-0.0111875
8.5356e-008	-0.0111875
8.5856e-008	-0.0115
8.6356e-008	-0.0124375
8.6856e-008	-0.0118125
8.7356e-008	-0.013375
8.7856e-008	-0.0130625
8.8356e-008	-0.013375
8.8856e-008	-0.013375
8.9356e-008	-0.0136875
8.9856e-008	-0.01275
9.0356e-008	-0.0124375
9.0856e-008	-0.0130625
9.1356e-008	-0.012125
9.1856e-008	-0.0111875
9.2356e-008	-0.0111875
9.2856e-008	-0.0111875
9.3356e-008	-0.0115
9.3856e-008	-0.0105625
9.4356e-008	-0.0105625
9.4856e-008	-0.010875
9.5356e-008	-0.0105625
9.5856e-008	-0.0118125
9.6356e-008	-0.012125
9.6856e-008	-0.0124375
9.7356e-008	-0.0130625
9.7856e-008	-0.01275
9.8356e-008	-0.0130625
9.8856e-008	-0.013375
9.9356e-008	-0.013375
9.9856e-008	-0.01275
1.00356e-007	-0.01275
1.00856e-007	-0.01275
1.01356e-007	-0.0115
1.01856e-007	-0.0111875
1.02356e-007	-0.0111875
1.02856e-007	-0.01025
1.03356e-007	-0.009625
1.03856e-007	-0.0093125
1.04356e-007	-0.0105625
1.04856e-007	-0.0111875
1.05356e-007	-0.0111875
1.05856e-007	-0.0118125
1.06356e-007	-0.01275
1.06856e-007	-0.01275
1.07356e-007	-0.0130625
1.07856e-007	-0.013375
1.08356e-007	-0.013375
1.08856e-007	-0.0130625
1.09356e-007	-0.0136875
1.09856e-007	-0.013375
1.10356e-007	-0.0130625
1.10856e-007	-0.0118125
1.11356e-007	-0.0105625
1.11856e-007	-0.01025
1.12356e-007	-0.01025
1.12856e-007	-0.0099375
1.13356e-007	-0.0093125
1.13856e-007	-0.0099375
1.14356e-007	-0.01025
1.14856e-007	-0.0099375
1.15356e-007	-0.0115
1.15856e-007	-0.0118125
1.16356e-007	-0.0118125
1.16856e-007	-0.01275
1.17356e-007	-0.01275
1.17856e-007	-0.013375
1.18356e-007	-0.0136875
1.18856e-007	-0.0136875
1.19356e-007	-0.013375
1.19856e-007	-0.0130625
1.20356e-007	-0.0124375
1.20856e-007	-0.0115
1.21356e-007	-0.01025
1.21856e-007	-0.0099375
1.22356e-007	-0.0099375
1.22856e-007	-0.0093125
1.23356e-007	-0.0086875
1.23856e-007	-0.009625
1.24356e-007	-0.009
1.24856e-007	-0.0099375
1.25356e-007	-0.0099375
1.25856e-007	-0.01025
1.26356e-007	-0.0111875
1.26856e-007	-0.0115
1.27356e-007	-0.013375
1.27856e-007	-0.013375
1.28356e-007	-0.013375
1.28856e-007	-0.0130625
1.29356e-007	-0.01275
1.29856e-007	-0.012125
1.30356e-007	-0.0124375
1.30856e-007	-0.010875
1.31356e-007	-0.0099375
1.31856e-007	-0.01025
1.32356e-007	-0.0099375
1.32856e-007	-0.0093125
1.33356e-007	-0.009
1.33856e-007	-0.008375
1.34356e-007	-0.0080625
1.34856e-007	-0.0093125
1.35356e-007	-0.0099375
1.35856e-007	-0.0111875
1.36356e-007	-0.0118125
1.36856e-007	-0.0118125
1.37356e-007	-0.01275
1.37856e-007	-0.0130625
1.38356e-007	-0.01275
1.38856e-007	-0.0124375
1.39356e-007	-0.012125
1.39856e-007	-0.0124375
1.40356e-007	-0.0118125
1.40856e-007	-0.010875
1.41356e-007	-0.009
1.41856e-007	-0.0099375
1.42356e-007	-0.009
1.42856e-007	-0.008375
1.43356e-007	-0.009
1.43856e-007	-0.0086875
1.44356e-007	-0.0086875
1.44856e-007	-0.0093125
1.45356e-007	-0.009625
1.45856e-007	-0.010875
1.46356e-007	-0.0118125
1.46856e-007	-0.012125
1.47356e-007	-0.01275
1.47856e-007	-0.012125
1.48356e-007	-0.0124375
1.48856e-007	-0.012125
1.49356e-007	-0.012125
1.49856e-007	-0.010875
1.50356e-007	-0.0111875
1.50856e-007	-0.0099375
1.51356e-007	-0.009625
1.51856e-007	-0.0086875
1.52356e-007	-0.0080625
1.52856e-007	-0.00775
1.53356e-007	-0.008375
1.53856e-007	-0.008375
1.54356e-007	-0.0086875
1.54856e-007	-0.01025
1.55356e-007	-0.009625
1.55856e-007	-0.010875
1.56356e-007	-0.0118125
1.56856e-007	-0.012125
1.57356e-007	-0.0118125
1.57856e-007	-0.0124375
1.58356e-007	-0.0124375
1.58856e-007	-0.0118125
1.59356e-007	-0.010875
1.59856e-007	-0.0105625
1.60356e-007	-0.009625
1.60856e-007	-0.0086875
1.61356e-007	-0.0080625
1.61856e-007	-0.0080625
1.62356e-007	-0.0074375
1.62856e-007	-0.0074375
1.63356e-007	-0.0074375
1.63856e-007	-0.0074375
1.64356e-007	-0.0086875
1.64856e-007	-0.0099375
1.65356e-007	-0.010875
1.65856e-007	-0.010875
1.66356e-007	-0.0115
1.66856e-007	-0.0124375
1.67356e-007	-0.01275
1.67856e-007	-0.0118125
1.68356e-007	-0.0118125
1.68856e-007	-0.010875
1.69356e-007	-0.0115
1.69856e-007	-0.0099375
1.70356e-007	-0.009625
1.70856e-007	-0.008375
1.71356e-007	-0.007125
1.71856e-007	-0.0068125
1.72356e-007	-0.007125
1.72856e-007	-0.00775
1.73356e-007	-0.0080625
1.73856e-007	-0.00775
1.74356e-007	-0.0080625
1.74856e-007	-0.009625
1.75356e-007	-0.0105625
1.75856e-007	-0.0111875
1.76356e-007	-0.0124375
1.76856e-007	-0.0118125
1.77356e-007	-0.012125
1.77856e-007	-0.01275
1.78356e-007	-0.0115
1.78856e-007	-0.0111875
1.79356e-007	-0.01025
1.79856e-007	-0.009625
1.80356e-007	-0.008375
1.80856e-007	-0.008375
1.81356e-007	-0.0074375
1.81856e-007	-0.007125
1.82356e-007	-0.0068125
1.82856e-007	-0.007125
1.83356e-007	-0.007125
1.83856e-007	-0.0086875
1.84356e-007	-0.008375
1.84856e-007	-0.009625
1.85356e-007	-0.01025
1.85856e-007	-0.0111875
1.86356e-007	-0.0111875
1.86856e-007	-0.0115
1.87356e-007	-0.0124375
1.87856e-007	-0.0111875
1.88356e-007	-0.0105625
1.88856e-007	-0.01025
1.89356e-007	-0.0099375
1.89856e-007	-0.009
1.90356e-007	-0.008375
1.90856e-007	-0.0074375
1.91356e-007	-0.0074375
1.91856e-007	-0.0065
1.92356e-007	-0.0061875
1.92856e-007	-0.0068125
1.93356e-007	-0.0074375
1.93856e-007	-0.00775
1.94356e-007	-0.008375
1.94856e-007	-0.0093125
1.95356e-007	-0.01025
1.95856e-007	-0.01025
1.96356e-007	-0.010875
1.96856e-007	-0.0115
1.97356e-007	-0.0115
1.97856e-007	-0.0105625
1.98356e-007	-0.0099375
1.98856e-007	-0.01025
1.99356e-007	-0.009
1.99856e-007	-0.0086875
2.00356e-007	-0.00775
2.00856e-007	-0.00775
2.01356e-007	-0.0068125
2.01856e-007	-0.0074375
2.02356e-007	-0.007125
2.02856e-007	-0.00775
2.03356e-007	-0.0074375
2.03856e-007	-0.00775
2.04356e-007	-0.008375
2.04856e-007	-0.009625
2.05356e-007	-0.0099375
2.05856e-007	-0.01025
2.06356e-007	-0.010875
2.06856e-007	-0.010875
2.07356e-007	-0.0105625
2.07856e-007	-0.0099375
2.08356e-007	-0.009625
2.08856e-007	-0.009625
2.09356e-007	-0.0093125
2.09856e-007	-0.008375
2.10356e-007	-0.0074375
2.10856e-007	-0.0074375
2.11356e-007	-0.00775
2.11856e-007	-0.007125
2.12356e-007	-0.007125
2.12856e-007	-0.0074375
2.13356e-007	-0.00775
2.13856e-007	-0.0080625
2.14356e-007	-0.0086875
2.14856e-007	-0.009625
2.15356e-007	-0.0093125
2.15856e-007	-0.0093125
2.16356e-007	-0.01025
2.16856e-007	-0.01025
2.17356e-007	-0.009
2.17856e-007	-0.009
2.18356e-007	-0.0093125
2.18856e-007	-0.009625
2.19356e-007	-0.00775
2.19856e-007	-0.0074375
2.20356e-007	-0.0074375
2.20856e-007	-0.0074375
2.21356e-007	-0.0068125
2.21856e-007	-0.0074375
2.22356e-007	-0.0080625
2.22856e-007	-0.0086875
2.23356e-007	-0.008375
2.23856e-007	-0.009
2.24356e-007	-0.0086875
2.24856e-007	-0.009625
2.25356e-007	-0.009
2.25856e-007	-0.009
2.26356e-007	-0.009
2.26856e-007	-0.0099375
2.27356e-007	-0.008375
2.27856e-007	-0.00775
2.28356e-007	-0.0080625
2.28856e-007	-0.008375
2.29356e-007	-0.007125
2.29856e-007	-0.00775
2.30356e-007	-0.0074375
2.30856e-007	-0.0074375
2.31356e-007	-0.0074375
2.31856e-007	-0.0080625
2.32356e-007	-0.00775
2.32856e-007	-0.0080625
2.33356e-007	-0.008375
2.33856e-007	-0.0086875
2.34356e-007	-0.0099375
2.34856e-007	-0.0099375
2.35356e-007	-0.0093125
2.35856e-007	-0.0086875
2.36356e-007	-0.009
2.36856e-007	-0.0086875
2.37356e-007	-0.00775
2.37856e-007	-0.0068125
2.38356e-007	-0.00775
2.38856e-007	-0.007125
2.39356e-007	-0.0068125
2.39856e-007	-0.0061875
2.40356e-007	-0.0068125
2.40856e-007	-0.007125
2.41356e-007	-0.0065
2.41856e-007	-0.00775
2.42356e-007	-0.00775
2.42856e-007	-0.00775
2.43356e-007	-0.008375
2.43856e-007	-0.0099375
2.44356e-007	-0.0099375
2.44856e-007	-0.009625
2.45356e-007	-0.0093125
2.45856e-007	-0.0086875
2.46356e-007	-0.0080625
2.46856e-007	-0.0086875
2.47356e-007	-0.007125
2.47856e-007	-0.007125
2.48356e-007	-0.0068125
2.48856e-007	-0.0065
2.49356e-007	-0.0061875
2.49856e-007	-0.0061875
2.50356e-007	-0.007125
2.50856e-007	-0.0061875
2.51356e-007	-0.005875
2.51856e-007	-0.0074375
2.52356e-007	-0.0080625
2.52856e-007	-0.008375
2.53356e-007	-0.008375
2.53856e-007	-0.009
2.54356e-007	-0.01025
2.54856e-007	-0.0086875
2.55356e-007	-0.009
2.55856e-007	-0.009625
2.56356e-007	-0.008375
2.56856e-007	-0.00775
2.57356e-007	-0.0074375
2.57856e-007	-0.0074375
2.58356e-007	-0.0068125
2.58856e-007	-0.0065
2.59356e-007	-0.005875
2.59856e-007	-0.00525
2.60356e-007	-0.005875
2.60856e-007	-0.0065
2.61356e-007	-0.0068125
2.61856e-007	-0.0074375
2.62356e-007	-0.0068125
2.62856e-007	-0.00775
2.63356e-007	-0.0080625
2.63856e-007	-0.008375
2.64356e-007	-0.0086875
2.64856e-007	-0.008375
2.65356e-007	-0.0086875
2.65856e-007	-0.0093125
2.66356e-007	-0.0086875
2.66856e-007	-0.00775
2.67356e-007	-0.0074375
2.67856e-007	-0.0080625
2.68356e-007	-0.007125
2.68856e-007	-0.0065
2.69356e-007	-0.0068125
2.69856e-007	-0.005875
2.70356e-007	-0.005875
2.70856e-007	-0.0055625
2.71356e-007	-0.0061875
2.71856e-007	-0.0065
2.72356e-007	-0.0068125
2.72856e-007	-0.008375
2.73356e-007	-0.0074375
2.73856e-007	-0.0074375
2.74356e-007	-0.0080625
2.74856e-007	-0.0080625
2.75356e-007	-0.008375
2.75856e-007	-0.00775
2.76356e-007	-0.0074375
2.76856e-007	-0.0086875
2.77356e-007	-0.00775
2.77856e-007	-0.00775
2.78356e-007	-0.0068125
2.78856e-007	-0.0074375
2.79356e-007	-0.0068125
2.79856e-007	-0.0055625
2.80356e-007	-0.0068125
2.80856e-007	-0.0055625
2.81356e-007	-0.005875
2.81856e-007	-0.0065
2.82356e-007	-0.0068125
2.82856e-007	-0.0074375
2.83356e-007	-0.007125
2.83856e-007	-0.0068125
2.84356e-007	-0.0074375
2.84856e-007	-0.0074375
2.85356e-007	-0.0080625
2.85856e-007	-0.00775
2.86356e-007	-0.0074375
2.86856e-007	-0.0080625
2.87356e-007	-0.00775
2.87856e-007	-0.0074375
2.88356e-007	-0.0074375
2.88856e-007	-0.007125
2.89356e-007	-0.0061875
2.89856e-007	-0.0065
2.90356e-007	-0.0068125
2.90856e-007	-0.0061875
2.91356e-007	-0.0061875
2.91856e-007	-0.005875
2.92356e-007	-0.005875
2.92856e-007	-0.0068125
2.93356e-007	-0.0065
2.93856e-007	-0.0068125
2.94356e-007	-0.0065
2.94856e-007	-0.007125
2.95356e-007	-0.00775
2.95856e-007	-0.0074375
2.96356e-007	-0.007125
2.96856e-007	-0.0065
2.97356e-007	-0.007125
2.97856e-007	-0.0074375
2.98356e-007	-0.0065
2.98856e-007	-0.0065
2.99356e-007	-0.0061875
2.99856e-007	-0.0068125
3.00356e-007	-0.0065
3.00856e-007	-0.0061875
3.01356e-007	-0.0074375
3.01856e-007	-0.0061875
3.02356e-007	-0.0061875
3.02856e-007	-0.0074375
3.03356e-007	-0.0068125
3.03856e-007	-0.0065
3.04356e-007	-0.0068125
3.04856e-007	-0.007125
3.05356e-007	-0.0068125
3.05856e-007	-0.0061875
3.06356e-007	-0.0068125
3.06856e-007	-0.0068125
3.07356e-007	-0.0065
3.07856e-007	-0.0065
3.08356e-007	-0.0055625
3.08856e-007	-0.0068125
3.09356e-007	-0.0061875
3.09856e-007	-0.0065
3.10356e-007	-0.0065
3.10856e-007	-0.0068125
3.11356e-007	-0.007125
3.11856e-007	-0.0065
3.12356e-007	-0.007125
3.12856e-007	-0.0074375
3.13356e-007	-0.007125
3.13856e-007	-0.0068125
3.14356e-007	-0.0065
3.14856e-007	-0.0068125
3.15356e-007	-0.0068125
3.15856e-007	-0.0061875
3.16356e-007	-0.0061875
3.16856e-007	-0.005875
3.17356e-007	-0.0055625
3.17856e-007	-0.0049375
3.18356e-007	-0.004625
3.18856e-007	-0.005875
3.19356e-007	-0.005875
3.19856e-007	-0.0065
3.20356e-007	-0.005875
3.20856e-007	-0.0061875
3.21356e-007	-0.0061875
3.21856e-007	-0.0074375
3.22356e-007	-0.00775
3.22856e-007	-0.0074375
3.23356e-007	-0.007125
3.23856e-007	-0.00775
3.24356e-007	-0.0074375
3.24856e-007	-0.007125
3.25356e-007	-0.0065
3.25856e-007	-0.0061875
3.26356e-007	-0.00525
3.26856e-007	-0.004625
3.27356e-007	-0.0055625
3.27856e-007	-0.004625
3.28356e-007	-0.0049375
3.28856e-007	-0.004625
3.29356e-007	-0.0043125
3.29856e-007	-0.0049375
3.30356e-007	-0.005875
3.30856e-007	-0.0061875
3.31356e-007	-0.007125
3.31856e-007	-0.0068125
3.32356e-007	-0.0074375
3.32856e-007	-0.0074375
3.33356e-007	-0.007125
3.33856e-007	-0.00775
3.34356e-007	-0.00775
3.34856e-007	-0.0074375
3.35356e-007	-0.0065
3.35856e-007	-0.0065
3.36356e-007	-0.005875
3.36856e-007	-0.005875
3.37356e-007	-0.004625
3.37856e-007	-0.0036875
3.38356e-007	-0.0043125
3.38856e-007	-0.004625
3.39356e-007	-0.0043125
3.39856e-007	-0.004625
3.40356e-007	-0.0049375
3.40856e-007	-0.0049375
3.41356e-007	-0.0061875
3.41856e-007	-0.007125
3.42356e-007	-0.007125
3.42856e-007	-0.0074375
3.43356e-007	-0.0086875
3.43856e-007	-0.008375
3.44356e-007	-0.0080625
3.44856e-007	-0.0074375
3.45356e-007	-0.0068125
3.45856e-007	-0.0065
3.46356e-007	-0.0061875
3.46856e-007	-0.0049375
3.47356e-007	-0.0043125
3.47856e-007	-0.0043125
3.48356e-007	-0.0036875
3.48856e-007	-0.003375
3.49356e-007	-0.0036875
3.49856e-007	-0.0043125
3.50356e-007	-0.0049375
3.50856e-007	-0.00525
3.51356e-007	-0.0061875
3.51856e-007	-0.0068125
3.52356e-007	-0.0068125
3.52856e-007	-0.00775
3.53356e-007	-0.0086875
3.53856e-007	-0.008375
3.54356e-007	-0.0074375
3.54856e-007	-0.0074375
3.55356e-007	-0.007125
3.55856e-007	-0.0065
3.56356e-007	-0.0055625
3.56856e-007	-0.0049375
3.57356e-007	-0.004625
3.57856e-007	-0.0036875
3.58356e-007	-0.0036875
3.58856e-007	-0.0036875
3.59356e-007	-0.004
3.59856e-007	-0.0036875
3.60356e-007	-0.0049375
3.60856e-007	-0.00525
3.61356e-007	-0.0055625
3.61856e-007	-0.0061875
3.62356e-007	-0.007125
3.62856e-007	-0.008375
3.63356e-007	-0.007125
3.63856e-007	-0.007125
3.64356e-007	-0.0074375
3.64856e-007	-0.0074375
3.65356e-007	-0.0068125
3.65856e-007	-0.005875
3.66356e-007	-0.0055625
3.66856e-007	-0.0049375
3.67356e-007	-0.004
3.67856e-007	-0.00525
3.68356e-007	-0.0036875
3.68856e-007	-0.0036875
3.69356e-007	-0.004
3.69856e-007	-0.0036875
3.70356e-007	-0.00525
3.70856e-007	-0.004625
3.71356e-007	-0.0055625
3.71856e-007	-0.0061875
3.72356e-007	-0.0065
3.72856e-007	-0.0065
3.73356e-007	-0.007125
3.73856e-007	-0.0065
3.74356e-007	-0.0068125
3.74856e-007	-0.0065
3.75356e-007	-0.005875
3.75856e-007	-0.0049375
3.76356e-007	-0.00525
3.76856e-007	-0.004625
3.77356e-007	-0.004625
3.77856e-007	-0.0049375
3.78356e-007	-0.0043125
3.78856e-007	-0.0036875
3.79356e-007	-0.004625
3.79856e-007	-0.0055625
3.80356e-007	-0.004625
3.80856e-007	-0.0055625
3.81356e-007	-0.005875
3.81856e-007	-0.0055625
3.82356e-007	-0.005875
3.82856e-007	-0.0065
3.83356e-007	-0.0065
3.83856e-007	-0.0068125
3.84356e-007	-0.0061875
3.84856e-007	-0.005875
3.85356e-007	-0.0043125
3.85856e-007	-0.004
3.86356e-007	-0.0036875
3.86856e-007	-0.0036875
3.87356e-007	-0.004
3.87856e-007	-0.0036875
3.88356e-007	-0.0049375
3.88856e-007	-0.004625
3.89356e-007	-0.004625
3.89856e-007	-0.004625
3.90356e-007	-0.0061875
3.90856e-007	-0.0061875
3.91356e-007	-0.0055625
3.91856e-007	-0.0061875
3.92356e-007	-0.0068125
3.92856e-007	-0.0065
3.93356e-007	-0.0061875
3.93856e-007	-0.0055625
3.94356e-007	-0.00525
3.94856e-007	-0.0043125
3.95356e-007	-0.004
3.95856e-007	-0.004
3.96356e-007	-0.0043125
3.96856e-007	-0.003375
3.97356e-007	-0.003375
3.97856e-007	-0.0043125
3.98356e-007	-0.004625
3.98856e-007	-0.004625
3.99356e-007	-0.0055625
3.99856e-007	-0.005875
4.00356e-007	-0.005875
4.00856e-007	-0.0061875
4.01356e-007	-0.0061875
4.01856e-007	-0.0065
4.02356e-007	-0.0061875
4.02856e-007	-0.005875
4.03356e-007	-0.00525
4.03856e-007	-0.0049375
4.04356e-007	-0.0049375
4.04856e-007	-0.004
4.05356e-007	-0.0036875
4.05856e-007	-0.003375
4.06356e-007	-0.003375
4.06856e-007	-0.004
4.07356e-007	-0.0036875
4.07856e-007	-0.0036875
4.08356e-007	-0.004
4.08856e-007	-0.004625
4.09356e-007	-0.005875
4.09856e-007	-0.00525
4.10356e-007	-0.0055625
4.10856e-007	-0.007125
4.11356e-007	-0.0068125
4.11856e-007	-0.0065
4.12356e-007	-0.005875
4.12856e-007	-0.0061875
4.13356e-007	-0.00525
4.13856e-007	-0.0036875
4.14356e-007	-0.004625
4.14856e-007	-0.0036875
4.15356e-007	-0.0030625
4.15856e-007	-0.0030625
4.16356e-007	-0.003375
4.16856e-007	-0.0030625
4.17356e-007	-0.0036875
4.17856e-007	-0.0043125
4.18356e-007	-0.0049375
4.18856e-007	-0.0049375
4.19356e-007	-0.005875
4.19856e-007	-0.005875
4.20356e-007	-0.005875
4.20856e-007	-0.0068125
4.21356e-007	-0.0065
4.21856e-007	-0.0065
4.22356e-007	-0.005875
4.22856e-007	-0.0061875
4.23356e-007	-0.004625
4.23856e-007	-0.0043125
4.24356e-007	-0.0043125
4.24856e-007	-0.0030625
4.25356e-007	-0.0030625
4.25856e-007	-0.0036875
4.26356e-007	-0.003375
4.26856e-007	-0.003375
4.27356e-007	-0.0036875
4.27856e-007	-0.0043125
4.28356e-007	-0.0043125
4.28856e-007	-0.0049375
4.29356e-007	-0.005875
4.29856e-007	-0.0065
4.30356e-007	-0.0061875
4.30856e-007	-0.0055625
4.31356e-007	-0.0055625
4.31856e-007	-0.0065
4.32356e-007	-0.0061875
4.32856e-007	-0.00525
4.33356e-007	-0.00525
4.33856e-007	-0.0036875
4.34356e-007	-0.0036875
4.34856e-007	-0.0030625
4.35356e-007	-0.0036875
4.35856e-007	-0.0030625
4.36356e-007	-0.0030625
4.36856e-007	-0.004
4.37356e-007	-0.004
4.37856e-007	-0.0036875
4.38356e-007	-0.004625
4.38856e-007	-0.004625
4.39356e-007	-0.0055625
4.39856e-007	-0.00525
4.40356e-007	-0.0055625
4.40856e-007	-0.005875
4.41356e-007	-0.00525
4.41856e-007	-0.0061875
4.42356e-007	-0.0049375
4.42856e-007	-0.00525
4.43356e-007	-0.0043125
4.43856e-007	-0.0036875
4.44356e-007	-0.0036875
4.44856e-007	-0.003375
4.45356e-007	-0.0030625
4.45856e-007	-0.003375
4.46356e-007	-0.0030625
4.46856e-007	-0.004
4.47356e-007	-0.0036875
4.47856e-007	-0.0043125
4.48356e-007	-0.004625
4.48856e-007	-0.0049375
4.49356e-007	-0.0049375
4.49856e-007	-0.0049375
4.50356e-007	-0.0061875
4.50856e-007	-0.0055625
4.51356e-007	-0.004625
4.51856e-007	-0.0049375
4.52356e-007	-0.0049375
4.52856e-007	-0.0043125
4.53356e-007	-0.004
4.53856e-007	-0.0036875
4.54356e-007	-0.0036875
4.54856e-007	-0.00275
4.55356e-007	-0.004
4.55856e-007	-0.003375
4.56356e-007	-0.0036875
4.56856e-007	-0.0043125
4.57356e-007	-0.0043125
4.57856e-007	-0.0043125
4.58356e-007	-0.004625
4.58856e-007	-0.0055625
4.59356e-007	-0.005875
4.59856e-007	-0.00525
4.60356e-007	-0.0061875
4.60856e-007	-0.0049375
4.61356e-007	-0.004625
4.61856e-007	-0.004625
4.62356e-007	-0.004
4.62856e-007	-0.004625
4.63356e-007	-0.0036875
4.63856e-007	-0.0036875
4.64356e-007	-0.003375
4.64856e-007	-0.0030625
4.65356e-007	-0.003375
4.65856e-007	-0.00275
4.66356e-007	-0.0043125
4.66856e-007	-0.0043125
4.67356e-007	-0.004625
4.67856e-007	-0.0049375
4.68356e-007	-0.0036875
4.68856e-007	-0.0055625
4.69356e-007	-0.00525
4.69856e-007	-0.00525
4.70356e-007	-0.004625
4.70856e-007	-0.0049375
4.71356e-007	-0.0049375
4.71856e-007	-0.0036875
4.72356e-007	-0.0036875
4.72856e-007	-0.0043125
4.73356e-007	-0.003375
4.73856e-007	-0.0030625
4.74356e-007	-0.003375
4.74856e-007	-0.003375
4.75356e-007	-0.0036875
4.75856e-007	-0.0036875
4.76356e-007	-0.004625
4.76856e-007	-0.004
4.77356e-007	-0.0043125
4.77856e-007	-0.004
4.78356e-007	-0.004625
4.78856e-007	-0.004625
4.79356e-007	-0.004625
4.79856e-007	-0.004625
4.80356e-007	-0.0049375
4.80856e-007	-0.003375
4.81356e-007	-0.0043125
4.81856e-007	-0.004
4.82356e-007	-0.0043125
4.82856e-007	-0.0036875
4.83356e-007	-0.003375
4.83856e-007	-0.0043125
4.84356e-007	-0.0030625
4.84856e-007	-0.0030625
4.85356e-007	-0.0030625
4.85856e-007	-0.0036875
4.86356e-007	-0.004625
4.86856e-007	-0.0049375
4.87356e-007	-0.0036875
4.87856e-007	-0.004
4.88356e-007	-0.0043125
4.88856e-007	-0.005875
4.89356e-007	-0.004625
4.89856e-007	-0.004625
4.90356e-007	-0.004625
4.90856e-007	-0.004
4.91356e-007	-0.0036875
4.91856e-007	-0.0036875
4.92356e-007	-0.0036875
4.92856e-007	-0.003375
4.93356e-007	-0.003375
4.93856e-007	-0.003375
4.94356e-007	-0.003375
4.94856e-007	-0.004
4.95356e-007	-0.004625
4.95856e-007	-0.0036875
4.96356e-007	-0.004
4.96856e-007	-0.004
4.97356e-007	-0.0049375
4.97856e-007	-0.0036875
4.98356e-007	-0.0036875
4.98856e-007	-0.004
4.99356e-007	-0.0043125
4.99856e-007	-0.0043125
5.00356e-007	-0.004
5.00856e-007	-0.0030625
5.01356e-007	-0.004625
5.01856e-007	-0.003375
5.02356e-007	-0.0030625
5.02856e-007	-0.004
5.03356e-007	-0.0036875
5.03856e-007	-0.004
5.04356e-007	-0.003375
5.04856e-007	-0.003375
5.05356e-007	-0.0036875
5.05856e-007	-0.0036875
5.06356e-007	-0.0036875
5.06856e-007	-0.0036875
5.07356e-007	-0.004625
5.07856e-007	-0.004625
5.08356e-007	-0.0036875
5.08856e-007	-0.0043125
5.09356e-007	-0.003375
5.09856e-007	-0.003375
5.10356e-007	-0.0036875
5.10856e-007	-0.0036875
5.11356e-007	-0.0030625
5.11856e-007	-0.0030625
5.12356e-007	-0.003375
5.12856e-007	-0.0036875
5.13356e-007	-0.003375
5.13856e-007	-0.0036875
5.14356e-007	-0.00275
5.14856e-007	-0.003375
5.15356e-007	-0.003375
5.15856e-007	-0.0036875
5.16356e-007	-0.004625
5.16856e-007	-0.004
5.17356e-007	-0.0043125
5.17856e-007	-0.004
5.18356e-007	-0.004
5.18856e-007	-0.0043125
5.19356e-007	-0.003375
5.19856e-007	-0.0030625
5.20356e-007	-0.003375
5.20856e-007	-0.00275
5.21356e-007	-0.0030625
5.21856e-007	-0.0030625
5.22356e-007	-0.0036875
5.22856e-007	-0.0030625
5.23356e-007	-0.00275
5.23856e-007	-0.003375
5.24356e-007	-0.003375
5.24856e-007	-0.003375
5.25356e-007	-0.003375
5.25856e-007	-0.003375
5.26356e-007	-0.004625
5.26856e-007	-0.004
5.27356e-007	-0.0036875
5.27856e-007	-0.0036875
5.28356e-007	-0.004
5.28856e-007	-0.0043125
5.29356e-007	-0.003375
5.29856e-007	-0.003375
5.30356e-007	-0.00275
5.30856e-007	-0.003375
5.31356e-007	-0.003375
5.31856e-007	-0.0030625
5.32356e-007	-0.0030625
5.32856e-007	-0.0030625
5.33356e-007	-0.00275
5.33856e-007	-0.003375
5.34356e-007	-0.00275
5.34856e-007	-0.0036875
5.35356e-007	-0.0036875
5.35856e-007	-0.0036875
5.36356e-007	-0.0036875
5.36856e-007	-0.0043125
5.37356e-007	-0.0049375
5.37856e-007	-0.0036875
5.38356e-007	-0.003375
5.38856e-007	-0.0036875
5.39356e-007	-0.003375
5.39856e-007	-0.003375
5.40356e-007	-0.003375
5.40856e-007	-0.00275
5.41356e-007	-0.0030625
5.41856e-007	-0.002125
5.42356e-007	-0.0024375
5.42856e-007	-0.0024375
5.43356e-007	-0.003375
5.43856e-007	-0.0030625
5.44356e-007	-0.0024375
5.44856e-007	-0.003375
5.45356e-007	-0.0030625
5.45856e-007	-0.0036875
5.46356e-007	-0.0043125
5.46856e-007	-0.003375
5.47356e-007	-0.004
5.47856e-007	-0.0036875
5.48356e-007	-0.0036875
5.48856e-007	-0.003375
5.49356e-007	-0.0024375
5.49856e-007	-0.00275
5.50356e-007	-0.00275
5.50856e-007	-0.003375
5.51356e-007	-0.003375
5.51856e-007	-0.00275
5.52356e-007	-0.0024375
5.52856e-007	-0.0030625
5.53356e-007	-0.003375
5.53856e-007	-0.0030625
5.54356e-007	-0.0024375
5.54856e-007	-0.0036875
5.55356e-007	-0.003375
5.55856e-007	-0.004
5.56356e-007	-0.0036875
5.56856e-007	-0.0030625
5.57356e-007	-0.0036875
5.57856e-007	-0.003375
5.58356e-007	-0.0030625
5.58856e-007	-0.0030625
5.59356e-007	-0.0030625
5.59856e-007	-0.003375
5.60356e-007	-0.00275
5.60856e-007	-0.0024375
5.61356e-007	-0.003375
5.61856e-007	-0.0024375
5.62356e-007	-0.003375
5.62856e-007	-0.0030625
5.63356e-007	-0.003375
5.63856e-007	-0.0043125
5.64356e-007	-0.0036875
5.64856e-007	-0.004
5.65356e-007	-0.0043125
5.65856e-007	-0.003375
5.66356e-007	-0.003375
5.66856e-007	-0.003375
5.67356e-007	-0.0036875
5.67856e-007	-0.0030625
5.68356e-007	-0.003375
5.68856e-007	-0.0024375
5.69356e-007	-0.00275
5.69856e-007	-0.003375
5.70356e-007	-0.0024375
5.70856e-007	-0.0030625
5.71356e-007	-0.0030625
5.71856e-007	-0.00275
5.72356e-007	-0.0036875
5.72856e-007	-0.003375
5.73356e-007	-0.004625
5.73856e-007	-0.004
5.74356e-007	-0.0030625
5.74856e-007	-0.0036875
5.75356e-007	-0.0036875
5.75856e-007	-0.0043125
5.76356e-007	-0.0030625
5.76856e-007	-0.00275
5.77356e-007	-0.0030625
5.77856e-007	-0.0024375
5.78356e-007	-0.003375
5.78856e-007	-0.00275
5.79356e-007	-0.002125
5.79856e-007	-0.0024375
5.80356e-007	-0.0018125
5.80856e-007	-0.0030625
5.81356e-007	-0.00275
5.81856e-007	-0.00275
5.82356e-007	-0.003375
5.82856e-007	-0.0030625
5.83356e-007	-0.004
5.83856e-007	-0.0043125
5.84356e-007	-0.004625
5.84856e-007	-0.0036875
5.85356e-007	-0.003375
5.85856e-007	-0.004
5.86356e-007	-0.0036875
5.86856e-007	-0.003375
5.87356e-007	-0.0030625
5.87856e-007	-0.0024375
5.88356e-007	-0.00275
5.88856e-007	-0.0018125
5.89356e-007	-0.0024375
5.89856e-007	-0.002125
5.90356e-007	-0.0018125
5.90856e-007	-0.0024375
5.91356e-007	-0.0018125
5.91856e-007	-0.00275
5.92356e-007	-0.00275
5.92856e-007	-0.0030625
5.93356e-007	-0.0043125
5.93856e-007	-0.004
5.94356e-007	-0.004
5.94856e-007	-0.004
5.95356e-007	-0.003375
5.95856e-007	-0.0043125
5.96356e-007	-0.0030625
5.96856e-007	-0.003375
5.97356e-007	-0.0030625
5.97856e-007	-0.002125
5.98356e-007	-0.00275
5.98856e-007	-0.0018125
5.99356e-007	-0.0018125
5.99856e-007	-0.0018125
6.00356e-007	-0.0015
6.00856e-007	-0.0018125
6.01356e-007	-0.0015
6.01856e-007	-0.00275
6.02356e-007	-0.0024375
6.02856e-007	-0.00275
6.03356e-007	-0.0043125
6.03856e-007	-0.003375
6.04356e-007	-0.0043125
6.04856e-007	-0.004
6.05356e-007	-0.0036875
6.05856e-007	-0.0043125
6.06356e-007	-0.003375
6.06856e-007	-0.004
6.07356e-007	-0.0030625
6.07856e-007	-0.0024375
6.08356e-007	-0.00275
6.08856e-007	-0.0018125
6.09356e-007	-0.002125
6.09856e-007	-0.002125
6.10356e-007	-0.0018125
6.10856e-007	-0.002125
6.11356e-007	-0.0018125
6.11856e-007	-0.00275
6.12356e-007	-0.002125
6.12856e-007	-0.0024375
6.13356e-007	-0.0030625
6.13856e-007	-0.003375
6.14356e-007	-0.0036875
6.14856e-007	-0.004
6.15356e-007	-0.004625
6.15856e-007	-0.004
6.16356e-007	-0.003375
6.16856e-007	-0.0036875
6.17356e-007	-0.00275
6.17856e-007	-0.00275
6.18356e-007	-0.0024375
6.18856e-007	-0.002125
6.19356e-007	-0.00275
6.19856e-007	-0.0024375
6.20356e-007	-0.0018125
6.20856e-007	-0.0011875
6.21356e-007	-0.0018125
6.21856e-007	-0.002125
6.22356e-007	-0.0018125
6.22856e-007	-0.00275
6.23356e-007	-0.0030625
6.23856e-007	-0.0024375
6.24356e-007	-0.0036875
6.24856e-007	-0.00275
6.25356e-007	-0.00275
6.25856e-007	-0.0036875
6.26356e-007	-0.0036875
6.26856e-007	-0.0030625
6.27356e-007	-0.002125
6.27856e-007	-0.0030625
6.28356e-007	-0.0030625
6.28856e-007	-0.002125
6.29356e-007	-0.0018125
6.29856e-007	-0.0011875
6.30356e-007	-0.002125
6.30856e-007	-0.00275
6.31356e-007	-0.002125
6.31856e-007	-0.0018125
6.32356e-007	-0.0018125
6.32856e-007	-0.002125
6.33356e-007	-0.0030625
6.33856e-007	-0.0024375
6.34356e-007	-0.0030625
6.34856e-007	-0.003375
6.35356e-007	-0.00275
6.35856e-007	-0.0030625
6.36356e-007	-0.0024375
6.36856e-007	-0.0030625
6.37356e-007	-0.0024375
6.37856e-007	-0.002125
6.38356e-007	-0.002125
6.38856e-007	-0.0024375
6.39356e-007	-0.002125
6.39856e-007	-0.0024375
6.40356e-007	-0.0018125
6.40856e-007	-0.002125
6.41356e-007	-0.0024375
6.41856e-007	-0.0024375
6.42356e-007	-0.002125
6.42856e-007	-0.0024375
6.43356e-007	-0.0024375
6.43856e-007	-0.0024375
6.44356e-007	-0.00275
6.44856e-007	-0.0024375
6.45356e-007	-0.0030625
6.45856e-007	-0.0030625
6.46356e-007	-0.0030625
6.46856e-007	-0.0030625
6.47356e-007	-0.002125
6.47856e-007	-0.0015
6.48356e-007	-0.0015
6.48856e-007	-0.002125
6.49356e-007	-0.00275
6.49856e-007	-0.0024375
6.50356e-007	-0.0024375
6.50856e-007	-0.0015
6.51356e-007	-0.0018125
6.51856e-007	-0.00275
6.52356e-007	-0.00275
6.52856e-007	-0.00275
6.53356e-007	-0.0024375
6.53856e-007	-0.0024375
6.54356e-007	-0.00275
6.54856e-007	-0.0030625
6.55356e-007	-0.00275
6.55856e-007	-0.0030625
6.56356e-007	-0.0024375
6.56856e-007	-0.00275
6.57356e-007	-0.002125
6.57856e-007	-0.0024375
6.58356e-007	-0.002125
6.58856e-007	-0.0024375
6.59356e-007	-0.0015
6.59856e-007	-0.0018125
6.60356e-007	-0.0018125
6.60856e-007	-0.0015
6.61356e-007	-0.002125
6.61856e-007	-0.002125
6.62356e-007	-0.0030625
6.62856e-007	-0.0030625
6.63356e-007	-0.0030625
6.63856e-007	-0.0036875
6.64356e-007	-0.0036875
6.64856e-007	-0.00275
6.65356e-007	-0.0030625
6.65856e-007	-0.00275
6.66356e-007	-0.002125
6.66856e-007	-0.002125
6.67356e-007	-0.0018125
6.67856e-007	-0.0015
6.68356e-007	-0.0015
6.68856e-007	-0.0011875
6.69356e-007	-0.0011875
6.69856e-007	-0.0011875
6.70356e-007	-0.0011875
6.70856e-007	-0.0018125
6.71356e-007	-0.0024375
6.71856e-007	-0.002125
6.72356e-007	-0.0024375
6.72856e-007	-0.003375
6.73356e-007	-0.003375
6.73856e-007	-0.00275
6.74356e-007	-0.0030625
6.74856e-007	-0.0036875
6.75356e-007	-0.003375
6.75856e-007	-0.0024375
6.76356e-007	-0.0018125
6.76856e-007	-0.0024375
6.77356e-007	-0.0015
6.77856e-007	-0.0015
6.78356e-007	-0.0015
6.78856e-007	-0.0015
6.79356e-007	-0.0005625
6.79856e-007	-0.0005625
6.80356e-007	-0.0011875
6.80856e-007	-0.0015
6.81356e-007	-0.0015
6.81856e-007	-0.00275
6.82356e-007	-0.0030625
6.82856e-007	-0.003375
6.83356e-007	-0.0030625
6.83856e-007	-0.003375
6.84356e-007	-0.0036875
6.84856e-007	-0.003375
6.85356e-007	-0.0030625
6.85856e-007	-0.0030625
6.86356e-007	-0.0024375
6.86856e-007	-0.002125
6.87356e-007	-0.002125
6.87856e-007	-0.0015
6.88356e-007	-0.0011875
6.88856e-007	-0.000875
6.89356e-007	-0.0005625
6.89856e-007	-0.0005625
6.90356e-007	-0.0011875
6.90856e-007	-0.0011875
6.91356e-007	-0.000875
6.91856e-007	-0.0018125
6.92356e-007	-0.00275
6.92856e-007	-0.003375
6.93356e-007	-0.0030625
6.93856e-007	-0.0036875
6.94356e-007	-0.0043125
6.94856e-007	-0.003375
6.95356e-007	-0.003375
6.95856e-007	-0.0030625
6.96356e-007	-0.0024375
6.96856e-007	-0.002125
6.97356e-007	-0.0011875
6.97856e-007	-0.000875
6.98356e-007	-0.0005625
6.98856e-007	-0.0011875
6.99356e-007	-0.0011875
6.99856e-007	-0.0005625
7.00356e-007	-0.000875
7.00856e-007	-0.0015
7.01356e-007	-0.0018125
7.01856e-007	-0.002125
7.02356e-007	-0.002125
7.02856e-007	-0.003375
7.03356e-007	-0.003375
7.03856e-007	-0.003375
7.04356e-007	-0.004
7.04856e-007	-0.003375
7.05356e-007	-0.003375
7.05856e-007	-0.0030625
7.06356e-007	-0.002125
7.06856e-007	-0.0011875
7.07356e-007	-0.0005625
7.07856e-007	-0.0011875
7.08356e-007	-0.0011875
7.08856e-007	-0.0011875
7.09356e-007	-0.0011875
7.09856e-007	-0.0005625
7.10356e-007	-0.0011875
7.10856e-007	-0.0018125
7.11356e-007	-0.0024375
7.11856e-007	-0.002125
7.12356e-007	-0.0018125
7.12856e-007	-0.0024375
7.13356e-007	-0.0024375
7.13856e-007	-0.0030625
7.14356e-007	-0.003375
7.14856e-007	-0.00275
7.15356e-007	-0.0024375
7.15856e-007	-0.002125
7.16356e-007	-0.000875
7.16856e-007	6.25e-005
7.17356e-007	-0.000875
7.17856e-007	-0.0011875
7.18356e-007	-0.00025
7.18856e-007	-0.0011875
7.19356e-007	-0.000875
7.19856e-007	-0.000875
7.20356e-007	-0.0024375
7.20856e-007	-0.002125
7.21356e-007	-0.0018125
7.21856e-007	-0.002125
7.22356e-007	-0.0024375
7.22856e-007	-0.00275
7.23356e-007	-0.003375
7.23856e-007	-0.0030625
7.24356e-007	-0.0024375
7.24856e-007	-0.0018125
7.25356e-007	-0.0015
7.25856e-007	-0.000875
7.26356e-007	-0.000875
7.26856e-007	-0.0005625
7.27356e-007	-0.0005625
7.27856e-007	-0.000875
7.28356e-007	-0.0005625
7.28856e-007	-0.0011875
7.29356e-007	-0.0011875
7.29856e-007	-0.0015
7.30356e-007	-0.0018125
7.30856e-007	-0.00275
7.31356e-007	-0.0030625
7.31856e-007	-0.00275
7.32356e-007	-0.0030625
7.32856e-007	-0.0030625
7.33356e-007	-0.0024375
7.33856e-007	-0.0030625
7.34356e-007	-0.0018125
7.34856e-007	-0.0011875
7.35356e-007	-0.0005625
7.35856e-007	6.25e-005
7.36356e-007	-0.0005625
7.36856e-007	-0.0005625
7.37356e-007	-0.0005625
7.37856e-007	-0.000875
7.38356e-007	-0.0011875
7.38856e-007	-0.0011875
7.39356e-007	-0.0011875
7.39856e-007	-0.0024375
7.40356e-007	-0.0030625
7.40856e-007	-0.0030625
7.41356e-007	-0.0036875
7.41856e-007	-0.0043125
7.42356e-007	-0.0043125
7.42856e-007	-0.0030625
7.43356e-007	-0.0030625
7.43856e-007	-0.0024375
7.44356e-007	-0.0011875
7.44856e-007	-0.0018125
7.45356e-007	-0.000875
7.45856e-007	0.000375
7.46356e-007	6.25e-005
7.46856e-007	6.25e-005
7.47356e-007	6.25e-005
7.47856e-007	-0.00025
7.48356e-007	-0.0005625
7.48856e-007	-0.0018125
7.49356e-007	-0.0018125
7.49856e-007	-0.00275
7.50356e-007	-0.0030625
7.50856e-007	-0.003375
7.51356e-007	-0.0043125
7.51856e-007	-0.0043125
7.52356e-007	-0.004625
7.52856e-007	-0.003375
7.53356e-007	-0.0030625
7.53856e-007	-0.002125
7.54356e-007	-0.0018125
7.54856e-007	-0.0018125
7.55356e-007	-0.0005625
7.55856e-007	-0.00025
7.56356e-007	-0.00025
7.56856e-007	0.000375
7.57356e-007	6.25e-005
7.57856e-007	-0.0005625
7.58356e-007	-0.0011875
7.58856e-007	-0.0015
7.59356e-007	-0.0015
7.59856e-007	-0.0030625
7.60356e-007	-0.0024375
7.60856e-007	-0.003375
7.61356e-007	-0.0043125
7.61856e-007	-0.003375
7.62356e-007	-0.003375
7.62856e-007	-0.00275
7.63356e-007	-0.0024375
7.63856e-007	-0.0018125
7.64356e-007	-0.0018125
7.64856e-007	-0.002125
7.65356e-007	-0.000875
7.65856e-007	-0.00025
7.66356e-007	-0.00025
7.66856e-007	6.25e-005
7.67356e-007	-0.000875
7.67856e-007	-0.000875
7.68356e-007	-0.0018125
7.68856e-007	-0.0018125
7.69356e-007	-0.002125
7.69856e-007	-0.0024375
7.70356e-007	-0.0030625
7.70856e-007	-0.0036875
7.71356e-007	-0.0036875
7.71856e-007	-0.00275
7.72356e-007	-0.003375
7.72856e-007	-0.0030625
7.73356e-007	-0.0024375
7.73856e-007	-0.0018125
7.74356e-007	-0.0011875
7.74856e-007	-0.0015
7.75356e-007	-0.0005625
7.75856e-007	-0.0005625
7.76356e-007	-0.00025
7.76856e-007	-0.000875
7.77356e-007	-0.0018125
7.77856e-007	-0.0018125
7.78356e-007	-0.0018125
7.78856e-007	-0.0024375
7.79356e-007	-0.0018125
7.79856e-007	-0.0024375
7.80356e-007	-0.0024375
7.80856e-007	-0.0030625
7.81356e-007	-0.0018125
7.81856e-007	-0.0018125
7.82356e-007	-0.002125
7.82856e-007	-0.0018125
7.83356e-007	-0.0015
7.83856e-007	-0.000875
7.84356e-007	-0.0005625
7.84856e-007	-0.000875
7.85356e-007	-0.0011875
7.85856e-007	-0.0011875
7.86356e-007	-0.0015
7.86856e-007	-0.002125
7.87356e-007	-0.0024375
7.87856e-007	-0.002125
7.88356e-007	-0.00275
7.88856e-007	-0.0018125
7.89356e-007	-0.0024375
7.89856e-007	-0.0024375
7.90356e-007	-0.002125
7.90856e-007	-0.002125
7.91356e-007	-0.0015
7.91856e-007	-0.0011875
7.92356e-007	-0.0011875
7.92856e-007	6.25e-005
7.93356e-007	-0.000875
7.93856e-007	-0.000875
7.94356e-007	-0.000875
7.94856e-007	-0.000875
7.95356e-007	-0.0005625
7.95856e-007	-0.0018125
7.96356e-007	-0.002125
7.96856e-007	-0.002125
7.97356e-007	-0.0018125
7.97856e-007	-0.0030625
7.98356e-007	-0.0043125
7.98856e-007	-0.003375
7.99356e-007	-0.0024375
7.99856e-007	-0.003375
8.00356e-007	-0.002125
8.00856e-007	-0.0018125
8.01356e-007	-0.0015
8.01856e-007	-0.0011875
8.02356e-007	-0.0005625
8.02856e-007	-0.00025
8.03356e-007	-0.0005625
8.03856e-007	6.25e-005
8.04356e-007	-0.00025
8.04856e-007	-0.000875
8.05356e-007	-0.0011875
8.05856e-007	-0.0018125
8.06356e-007	-0.0018125
8.06856e-007	-0.0024375
8.07356e-007	-0.00275
8.07856e-007	-0.00275
8.08356e-007	-0.0030625
8.08856e-007	-0.00275
8.09356e-007	-0.0030625
8.09856e-007	-0.0024375
8.10356e-007	-0.0018125
8.10856e-007	-0.0018125
8.11356e-007	-0.0011875
8.11856e-007	6.25e-005
8.12356e-007	6.25e-005
8.12856e-007	6.25e-005
8.13356e-007	-0.00025
8.13856e-007	6.25e-005
8.14356e-007	-0.000875
8.14856e-007	-0.0005625
8.15356e-007	-0.000875
8.15856e-007	-0.0018125
8.16356e-007	-0.0024375
8.16856e-007	-0.00275
8.17356e-007	-0.0030625
8.17856e-007	-0.00275
8.18356e-007	-0.0030625
8.18856e-007	-0.003375
8.19356e-007	-0.0030625
8.19856e-007	-0.00275
8.20356e-007	-0.0018125
8.20856e-007	-0.0018125
8.21356e-007	-0.00025
8.21856e-007	-0.000875
8.22356e-007	-0.0005625
8.22856e-007	-0.00025
8.23356e-007	-0.0005625
8.23856e-007	-0.000875
8.24356e-007	-0.000875
8.24856e-007	-0.000875
8.25356e-007	-0.000875
8.25856e-007	-0.00275
8.26356e-007	-0.0024375
8.26856e-007	-0.00275
8.27356e-007	-0.0030625
8.27856e-007	-0.0024375
8.28356e-007	-0.0030625
8.28856e-007	-0.00275
8.29356e-007	-0.002125
8.29856e-007	-0.002125
8.30356e-007	-0.0018125
8.30856e-007	-0.0015
8.31356e-007	-0.0005625
8.31856e-007	-0.000875
8.32356e-007	-0.0011875
8.32856e-007	-0.00025
8.33356e-007	-0.0005625
8.33856e-007	-0.0005625
8.34356e-007	-0.000875
8.34856e-007	-0.000875
8.35356e-007	-0.0018125
8.35856e-007	-0.0024375
8.36356e-007	-0.002125
8.36856e-007	-0.002125
8.37356e-007	-0.002125
8.37856e-007	-0.002125
8.38356e-007	-0.002125
8.38856e-007	-0.0024375
8.39356e-007	-0.002125
8.39856e-007	-0.0011875
8.40356e-007	-0.000875
8.40856e-007	-0.0018125
8.41356e-007	-0.0011875
8.41856e-007	-0.0015
8.42356e-007	-0.0005625
8.42856e-007	-0.000875
8.43356e-007	-0.00025
8.43856e-007	-0.000875
8.44356e-007	-0.0015
8.44856e-007	-0.0018125
8.45356e-007	-0.0011875
8.45856e-007	-0.0018125
8.46356e-007	-0.0018125
8.46856e-007	-0.002125
8.47356e-007	-0.0015
8.47856e-007	-0.0015
8.48356e-007	-0.0024375
8.48856e-007	-0.0018125
8.49356e-007	-0.0011875
8.49856e-007	-0.0011875
8.50356e-007	-0.0011875
8.50856e-007	-0.0018125
8.51356e-007	-0.000875
8.51856e-007	-0.0011875
8.52356e-007	-0.0015
8.52856e-007	-0.0011875
8.53356e-007	-0.0011875
8.53856e-007	-0.0015
8.54356e-007	-0.002125
8.54856e-007	-0.0015
8.55356e-007	-0.0015
8.55856e-007	-0.0015
8.56356e-007	-0.0011875
8.56856e-007	-0.0011875
8.57356e-007	-0.0011875
8.57856e-007	-0.0011875
8.58356e-007	-0.0018125
8.58856e-007	-0.0015
8.59356e-007	-0.0011875
8.59856e-007	-0.0005625
8.60356e-007	-0.0015
8.60856e-007	-0.0011875
8.61356e-007	-0.000875
8.61856e-007	-0.0018125
8.62356e-007	-0.0011875
8.62856e-007	-0.0018125
8.63356e-007	-0.002125
8.63856e-007	-0.002125
8.64356e-007	-0.0018125
8.64856e-007	-0.0018125
8.65356e-007	-0.000875
8.65856e-007	-0.0018125
8.66356e-007	-0.0005625
8.66856e-007	-0.0024375
8.67356e-007	-0.0018125
8.67856e-007	-0.000875
8.68356e-007	-0.0005625
8.68856e-007	-0.0015
8.69356e-007	-0.0015
8.69856e-007	-0.0005625
8.70356e-007	-0.0005625
8.70856e-007	-0.002125
8.71356e-007	-0.0015
8.71856e-007	-0.002125
8.72356e-007	-0.0024375
8.72856e-007	-0.002125
8.73356e-007	-0.0018125
8.73856e-007	-0.0011875
8.74356e-007	-0.0015
8.74856e-007	-0.002125
8.75356e-007	-0.0018125
8.75856e-007	-0.000875
8.76356e-007	-0.000875
8.76856e-007	-0.0011875
8.77356e-007	-0.000875
8.77856e-007	-0.000875
8.78356e-007	-0.0018125
8.78856e-007	-0.0011875
8.79356e-007	-0.000875
8.79856e-007	-0.0005625
8.80356e-007	-0.0011875
8.80856e-007	-0.002125
8.81356e-007	-0.0018125
8.81856e-007	-0.002125
8.82356e-007	-0.0018125
8.82856e-007	-0.0018125
8.83356e-007	-0.0018125
8.83856e-007	-0.0018125
8.84356e-007	-0.0018125
8.84856e-007	-0.0015
8.85356e-007	-0.000875
8.85856e-007	-0.0011875
8.86356e-007	-0.00025
8.86856e-007	-0.0005625
8.87356e-007	-0.00025
8.87856e-007	-0.000875
8.88356e-007	-0.0018125
8.88856e-007	-0.000875
8.89356e-007	-0.000875
8.89856e-007	-0.0018125
8.90356e-007	-0.0015
8.90856e-007	-0.0015
8.91356e-007	-0.0015
8.91856e-007	-0.0018125
8.92356e-007	-0.002125
8.92856e-007	-0.002125
8.93356e-007	-0.0018125
8.93856e-007	-0.000875
8.94356e-007	-0.0011875
8.94856e-007	-0.000875
8.95356e-007	-0.0005625
8.95856e-007	-0.0005625
8.96356e-007	-0.0005625
8.96856e-007	-0.00025
8.97356e-007	-0.00025
8.97856e-007	-0.0005625
8.98356e-007	-0.0011875
8.98856e-007	-0.0011875
8.99356e-007	-0.0015
8.99856e-007	-0.0024375
9.00356e-007	-0.0030625
9.00856e-007	-0.002125
9.01356e-007	-0.002125
9.01856e-007	-0.0024375
9.02356e-007	-0.000875
9.02856e-007	-0.0011875
9.03356e-007	-0.0011875
9.03856e-007	-0.00025
9.04356e-007	-0.00025
9.04856e-007	-0.0005625
9.05356e-007	-0.0005625
9.05856e-007	6.25e-005
9.06356e-007	-0.000875
9.06856e-007	-0.0015
9.07356e-007	-0.0011875
9.07856e-007	-0.0018125
9.08356e-007	-0.0018125
9.08856e-007	-0.0024375
9.09356e-007	-0.002125
9.09856e-007	-0.0024375
9.10356e-007	-0.0030625
9.10856e-007	-0.0024375
9.11356e-007	-0.0015
9.11856e-007	-0.0015
9.12356e-007	-0.0005625
9.12856e-007	-0.0015
9.13356e-007	-0.000875
9.13856e-007	-0.0005625
9.14356e-007	0.000375
9.14856e-007	0.0006875
9.15356e-007	6.25e-005
9.15856e-007	-0.0005625
9.16356e-007	-0.000875
9.16856e-007	-0.0005625
9.17356e-007	-0.0011875
9.17856e-007	-0.0024375
9.18356e-007	-0.0030625
9.18856e-007	-0.0024375
9.19356e-007	-0.00275
9.19856e-007	-0.0024375
9.20356e-007	-0.003375
9.20856e-007	-0.00275
9.21356e-007	-0.0018125
9.21856e-007	-0.0011875
9.22356e-007	-0.0005625
9.22856e-007	-0.0005625
9.23356e-007	0.000375
9.23856e-007	0.001
9.24356e-007	0.0006875
9.24856e-007	0.000375
9.25356e-007	6.25e-005
9.25856e-007	-0.0005625
9.26356e-007	-0.000875
9.26856e-007	-0.002125
9.27356e-007	-0.0011875
9.27856e-007	-0.0018125
9.28356e-007	-0.0024375
9.28856e-007	-0.0030625
9.29356e-007	-0.0024375
9.29856e-007	-0.0024375
9.30356e-007	-0.0024375
9.30856e-007	-0.002125
9.31356e-007	-0.0015
9.31856e-007	-0.0015
9.32356e-007	-0.00025
9.32856e-007	-0.0005625
9.33356e-007	0.000375
9.33856e-007	0.0006875
9.34356e-007	0.000375
9.34856e-007	0.0006875
9.35356e-007	6.25e-005
9.35856e-007	-0.00025
9.36356e-007	-0.000875
9.36856e-007	-0.0018125
9.37356e-007	-0.0024375
9.37856e-007	-0.0024375
9.38356e-007	-0.0024375
9.38856e-007	-0.0024375
9.39356e-007	-0.003375
9.39856e-007	-0.00275
9.40356e-007	-0.00275
9.40856e-007	-0.0018125
9.41356e-007	-0.0018125
9.41856e-007	-0.0011875
9.42356e-007	6.25e-005
9.42856e-007	6.25e-005
9.43356e-007	0.0013125
9.43856e-007	0.001625
9.44356e-007	0.0006875
9.44856e-007	0.000375
9.45356e-007	6.25e-005
9.45856e-007	-0.0005625
9.46356e-007	-0.0011875
9.46856e-007	-0.0024375
9.47356e-007	-0.0018125
9.47856e-007	-0.0024375
9.48356e-007	-0.00275
9.48856e-007	-0.00275
9.49356e-007	-0.00275
9.49856e-007	-0.00275
9.50356e-007	-0.002125
9.50856e-007	-0.000875
9.51356e-007	-0.0005625
9.51856e-007	-0.0005625
9.52356e-007	0.000375
9.52856e-007	6.25e-005
9.53356e-007	0.001
9.53856e-007	0.001
9.54356e-007	0.001
9.54856e-007	0.001
9.55356e-007	-0.0005625
9.55856e-007	-0.0011875
9.56356e-007	-0.0018125
9.56856e-007	-0.0018125
9.57356e-007	-0.0018125
9.57856e-007	-0.003375
9.58356e-007	-0.0030625
9.58856e-007	-0.0030625
9.59356e-007	-0.00275
9.59856e-007	-0.0018125
9.60356e-007	-0.0024375
9.60856e-007	-0.0011875
9.61356e-007	-0.0005625
9.61856e-007	6.25e-005
9.62356e-007	0.000375
9.62856e-007	0.0006875
9.63356e-007	0.0006875
9.63856e-007	0.0006875
9.64356e-007	0.000375
9.64856e-007	6.25e-005
9.65356e-007	-0.00025
9.65856e-007	-0.00025
9.66356e-007	-0.0015
9.66856e-007	-0.002125
9.67356e-007	-0.0024375
9.67856e-007	-0.0030625
9.68356e-007	-0.0030625
9.68856e-007	-0.0030625
9.69356e-007	-0.0024375
9.69856e-007	-0.002125
9.70356e-007	-0.0011875
9.70856e-007	-0.000875
9.71356e-007	-0.0005625
9.71856e-007	6.25e-005
9.72356e-007	0.001
9.72856e-007	0.000375
9.73356e-007	6.25e-005
9.73856e-007	-0.0005625
9.74356e-007	6.25e-005
9.74856e-007	-0.0005625
9.75356e-007	-0.0005625
9.75856e-007	-0.0011875
9.76356e-007	-0.002125
9.76856e-007	-0.0018125
9.77356e-007	-0.0024375
9.77856e-007	-0.00275
9.78356e-007	-0.0030625
9.78856e-007	-0.0024375
9.79356e-007	-0.0011875
9.79856e-007	-0.000875
9.80356e-007	-0.0018125
9.80856e-007	-0.0005625
9.81356e-007	-0.00025
9.81856e-007	6.25e-005
9.82356e-007	-0.0005625
9.82856e-007	6.25e-005
9.83356e-007	6.25e-005
9.83856e-007	6.25e-005
9.84356e-007	-0.000875
9.84856e-007	-0.000875
9.85356e-007	-0.0011875
9.85856e-007	-0.0015
9.86356e-007	-0.002125
9.86856e-007	-0.0015
9.87356e-007	-0.0015
9.87856e-007	-0.002125
9.88356e-007	-0.0018125
9.88856e-007	-0.0011875
9.89356e-007	-0.0011875
9.89856e-007	-0.0011875
9.90356e-007	-0.0005625
9.90856e-007	-0.00025
9.91356e-007	-0.0005625
9.91856e-007	-0.0005625
9.92356e-007	-0.00025
9.92856e-007	-0.0005625
9.93356e-007	-0.0005625
9.93856e-007	-0.0005625
9.94356e-007	-0.000875
9.94856e-007	-0.0015
9.95356e-007	-0.0015
9.95856e-007	-0.0015
9.96356e-007	-0.0011875
9.96856e-007	-0.0015
9.97356e-007	-0.002125
9.97856e-007	-0.002125
9.98356e-007	-0.0015
9.98856e-007	-0.0011875
9.99356e-007	-0.000875
9.99856e-007	-0.000875
1.000356e-006	-0.000875
1.000856e-006	-0.00025
1.001356e-006	-0.0005625
1.001856e-006	6.25e-005
1.002356e-006	-0.00025
1.002856e-006	-0.000875
1.003356e-006	-0.0011875
1.003856e-006	-0.0018125
1.004356e-006	-0.0018125
1.004856e-006	-0.0018125
1.005356e-006	-0.0011875
1.005856e-006	-0.0011875
1.006356e-006	-0.0018125
1.006856e-006	-0.0011875
1.007356e-006	-0.0015
1.007856e-006	-0.0011875
1.008356e-006	-0.0011875
1.008856e-006	-0.0015
1.009356e-006	6.25e-005
1.009856e-006	-0.00025
1.010356e-006	-0.00025
1.010856e-006	-0.00025
1.011356e-006	-0.0005625
1.011856e-006	-0.00025
1.012356e-006	-0.0005625
1.012856e-006	-0.000875
1.013356e-006	-0.000875
1.013856e-006	-0.000875
1.014356e-006	-0.000875
1.014856e-006	-0.0024375
1.015356e-006	-0.0018125
1.015856e-006	-0.002125
1.016356e-006	-0.0018125
1.016856e-006	-0.0011875
1.017356e-006	-0.0011875
1.017856e-006	-0.0011875
1.018356e-006	-0.0005625
1.018856e-006	-0.0005625
1.019356e-006	0.000375
1.019856e-006	-0.00025
1.020356e-006	6.25e-005
1.020856e-006	6.25e-005
1.021356e-006	6.25e-005
1.021856e-006	6.25e-005
1.022356e-006	-0.000875
1.022856e-006	-0.000875
1.023356e-006	-0.000875
1.023856e-006	-0.000875
1.024356e-006	-0.000875
1.024856e-006	-0.0024375
1.025356e-006	-0.0018125
1.025856e-006	-0.0018125
1.026356e-006	-0.002125
1.026856e-006	-0.0011875
1.027356e-006	-0.002125
1.027856e-006	-0.0018125
1.028356e-006	-0.0018125
1.028856e-006	-0.000875
1.029356e-006	-0.0005625
1.029856e-006	-0.00025
1.030356e-006	0.000375
1.030856e-006	0.0013125
1.031356e-006	6.25e-005
1.031856e-006	-0.0005625
1.032356e-006	-0.000875
1.032856e-006	-0.0005625
1.033356e-006	-0.000875
1.033856e-006	-0.0011875
1.034356e-006	-0.0011875
1.034856e-006	-0.0018125
1.035356e-006	-0.0011875
1.035856e-006	-0.0024375
1.036356e-006	-0.002125
1.036856e-006	-0.0015
1.037356e-006	-0.0011875
1.037856e-006	-0.0015
1.038356e-006	-0.0015
1.038856e-006	-0.002125
1.039356e-006	-0.0011875
1.039856e-006	-0.000875
1.040356e-006	6.25e-005
1.040856e-006	0.0006875
1.041356e-006	6.25e-005
1.041856e-006	-0.00025
1.042356e-006	6.25e-005
1.042856e-006	-0.00025
1.043356e-006	-0.000875
1.043856e-006	-0.0011875
1.044356e-006	-0.0005625
1.044856e-006	-0.000875
1.045356e-006	-0.0015
1.045856e-006	-0.0015
1.046356e-006	-0.0015
1.046856e-006	-0.000875
1.047356e-006	-0.0015
1.047856e-006	-0.0011875
1.048356e-006	-0.000875
1.048856e-006	-0.0018125
1.049356e-006	-0.0018125
1.049856e-006	-0.0018125
1.050356e-006	-0.0005625
1.050856e-006	-0.0005625
1.051356e-006	-0.000875
1.051856e-006	6.25e-005
1.052356e-006	6.25e-005
1.052856e-006	-0.0005625
1.053356e-006	-0.0005625
1.053856e-006	-0.00025
1.054356e-006	-0.0005625
1.054856e-006	-0.000875
1.055356e-006	-0.000875
1.055856e-006	-0.000875
1.056356e-006	-0.0011875
1.056856e-006	-0.000875
1.057356e-006	-0.0011875
1.057856e-006	-0.0015
1.058356e-006	-0.0011875
1.058856e-006	-0.0015
1.059356e-006	-0.0011875
1.059856e-006	-0.0018125
1.060356e-006	-0.0011875
1.060856e-006	-0.0011875
1.061356e-006	-0.0011875
1.061856e-006	-0.000875
1.062356e-006	-0.000875
1.062856e-006	-0.0011875
1.063356e-006	6.25e-005
1.063856e-006	0.0006875
1.064356e-006	0.000375
1.064856e-006	-0.000875
1.065356e-006	6.25e-005
1.065856e-006	0.000375
1.066356e-006	-0.0005625
1.066856e-006	-0.0005625
1.067356e-006	-0.00025
1.067856e-006	-0.0011875
1.068356e-006	-0.000875
1.068856e-006	-0.0005625
1.069356e-006	-0.0011875
1.069856e-006	-0.002125
1.070356e-006	-0.0011875
1.070856e-006	-0.0015
1.071356e-006	-0.0018125
1.071856e-006	-0.0011875
1.072356e-006	-0.0015
1.072856e-006	-0.0005625
1.073356e-006	-0.000875
1.073856e-006	-0.0005625
1.074356e-006	-0.0005625
1.074856e-006	-0.00025
1.075356e-006	6.25e-005
1.075856e-006	6.25e-005
1.076356e-006	-0.00025
1.076856e-006	6.25e-005
1.077356e-006	6.25e-005
1.077856e-006	6.25e-005
1.078356e-006	-0.0005625
1.078856e-006	-0.000875
1.079356e-006	-0.000875
1.079856e-006	-0.0018125
1.080356e-006	-0.002125
1.080856e-006	-0.0018125
1.081356e-006	-0.0015
1.081856e-006	-0.0018125
1.082356e-006	-0.0015
1.082856e-006	-0.0018125
1.083356e-006	-0.0015
1.083856e-006	-0.0005625
1.084356e-006	-0.0005625
1.084856e-006	-0.0005625
1.085356e-006	6.25e-005
1.085856e-006	6.25e-005
1.086356e-006	6.25e-005
1.086856e-006	6.25e-005
1.087356e-006	0.000375
1.087856e-006	6.25e-005
1.088356e-006	-0.0005625
1.088856e-006	-0.000875
1.089356e-006	-0.000875
1.089856e-006	-0.0015
1.090356e-006	-0.0011875
1.090856e-006	-0.0015
1.091356e-006	-0.0011875
1.091856e-006	-0.0015
1.092356e-006	-0.0011875
1.092856e-006	-0.0018125
1.093356e-006	-0.0018125
1.093856e-006	-0.0018125
1.094356e-006	-0.0011875
1.094856e-006	-0.0005625
1.095356e-006	-0.00025
1.095856e-006	-0.0005625
1.096356e-006	6.25e-005
1.096856e-006	6.25e-005
1.097356e-006	-0.00025
1.097856e-006	0.000375
1.098356e-006	6.25e-005
1.098856e-006	0.000375
1.099356e-006	-0.00025
1.099856e-006	-0.0005625
1.100356e-006	-0.000875
1.100856e-006	-0.000875
1.101356e-006	-0.0011875
1.101856e-006	-0.0015
1.102356e-006	-0.002125
1.102856e-006	-0.0018125
1.103356e-006	-0.0011875
1.103856e-006	-0.0011875
1.104356e-006	-0.0011875
1.104856e-006	-0.0011875
1.105356e-006	-0.0005625
1.105856e-006	-0.00025
1.106356e-006	6.25e-005
1.106856e-006	6.25e-005
1.107356e-006	0.000375
1.107856e-006	-0.00025
1.108356e-006	-0.00025
1.108856e-006	6.25e-005
1.109356e-006	0.000375
1.109856e-006	-0.0005625
1.110356e-006	6.25e-005
1.110856e-006	-0.000875
1.111356e-006	-0.0005625
1.111856e-006	-0.000875
1.112356e-006	-0.000875
1.112856e-006	-0.0011875
1.113356e-006	-0.0015
1.113856e-006	-0.0015
1.114356e-006	-0.0011875
1.114856e-006	-0.0005625
1.115356e-006	-0.000875
1.115856e-006	-0.00025
1.116356e-006	-0.0005625
1.116856e-006	-0.0005625
1.117356e-006	6.25e-005
1.117856e-006	6.25e-005
1.118356e-006	-0.0005625
1.118856e-006	6.25e-005
1.119356e-006	-0.0005625
1.119856e-006	-0.0005625
1.120356e-006	-0.00025
1.120856e-006	-0.00025
1.121356e-006	-0.0005625
1.121856e-006	-0.000875
1.122356e-006	-0.0005625
1.122856e-006	-0.00025
1.123356e-006	-0.0011875
1.123856e-006	-0.000875
1.124356e-006	-0.000875
1.124856e-006	-0.0011875
1.125356e-006	-0.0011875
1.125856e-006	-0.0011875
1.126356e-006	-0.000875
1.126856e-006	-0.0018125
1.127356e-006	-0.00025
1.127856e-006	-0.0005625
1.128356e-006	-0.0011875
1.128856e-006	-0.000875
1.129356e-006	-0.0005625
1.129856e-006	-0.0005625
1.130356e-006	-0.000875
1.130856e-006	-0.0011875
1.131356e-006	-0.00025
1.131856e-006	-0.0005625
1.132356e-006	-0.00025
1.132856e-006	-0.0005625
1.133356e-006	-0.0011875
1.133856e-006	-0.000875
1.134356e-006	-0.0005625
1.134856e-006	-0.00025
1.135356e-006	-0.0011875
1.135856e-006	-0.0011875
1.136356e-006	-0.000875
1.136856e-006	-0.000875
1.137356e-006	-0.000875
1.137856e-006	-0.0015
1.138356e-006	-0.0015
1.138856e-006	-0.0011875
1.139356e-006	-0.0015
1.139856e-006	-0.000875
1.140356e-006	-0.0011875
1.140856e-006	-0.000875
1.141356e-006	-0.000875
1.141856e-006	-0.0005625
1.142356e-006	0.0006875
1.142856e-006	-0.0005625
1.143356e-006	-0.00025
1.143856e-006	0.000375
1.144356e-006	-0.0005625
1.144856e-006	0.000375
1.145356e-006	-0.0005625
1.145856e-006	-0.00025
1.146356e-006	-0.0005625
1.146856e-006	-0.0015
1.147356e-006	-0.0011875
1.147856e-006	-0.0015
1.148356e-006	-0.0015
1.148856e-006	-0.0015
1.149356e-006	-0.0018125
1.149856e-006	-0.0015
1.150356e-006	-0.000875
1.150856e-006	-0.00025
1.151356e-006	-0.0005625
1.151856e-006	-0.0011875
1.152356e-006	0.000375
1.152856e-006	6.25e-005
1.153356e-006	6.25e-005
1.153856e-006	0.000375
1.154356e-006	0.0013125
1.154856e-006	0.001
1.155356e-006	6.25e-005
1.155856e-006	0.000375
1.156356e-006	-0.00025
1.156856e-006	-0.000875
1.157356e-006	-0.0015
1.157856e-006	-0.002125
1.158356e-006	-0.000875
1.158856e-006	-0.0015
1.159356e-006	-0.0018125
1.159856e-006	-0.0018125
1.160356e-006	-0.0015
1.160856e-006	-0.0011875
1.161356e-006	-0.000875
1.161856e-006	-0.0005625
1.162356e-006	-0.0005625
1.162856e-006	-0.0005625
1.163356e-006	6.25e-005
1.163856e-006	0.0006875
1.164356e-006	0.001
1.164856e-006	0.0006875
1.165356e-006	0.000375
1.165856e-006	0.000375
1.166356e-006	-0.000875
1.166856e-006	-0.0011875
1.167356e-006	-0.000875
1.167856e-006	-0.000875
1.168356e-006	-0.0015
1.168856e-006	-0.0018125
1.169356e-006	-0.0015
1.169856e-006	-0.0024375
1.170356e-006	-0.0018125
1.170856e-006	-0.000875
1.171356e-006	-0.0005625
1.171856e-006	-0.000875
1.172356e-006	-0.00025
1.172856e-006	-0.000875
1.173356e-006	6.25e-005
1.173856e-006	6.25e-005
1.174356e-006	0.0006875
1.174856e-006	6.25e-005
1.175356e-006	-0.00025
1.175856e-006	6.25e-005
1.176356e-006	6.25e-005
1.176856e-006	-0.0005625
1.177356e-006	-0.0005625
1.177856e-006	-0.0011875
1.178356e-006	-0.0011875
1.178856e-006	-0.0011875
1.179356e-006	-0.0011875
1.179856e-006	-0.0005625
1.180356e-006	-0.0011875
1.180856e-006	-0.0011875
1.181356e-006	-0.0011875
1.181856e-006	-0.000875
1.182356e-006	-0.0011875
1.182856e-006	-0.0005625
1.183356e-006	-0.00025
1.183856e-006	-0.0005625
1.184356e-006	-0.0005625
1.184856e-006	-0.0005625
1.185356e-006	-0.0005625
1.185856e-006	-0.0005625
1.186356e-006	-0.0005625
1.186856e-006	-0.0005625
1.187356e-006	6.25e-005
1.187856e-006	6.25e-005
1.188356e-006	6.25e-005
1.188856e-006	-0.000875
1.189356e-006	-0.0015
1.189856e-006	-0.000875
1.190356e-006	-0.00025
1.190856e-006	-0.000875
1.191356e-006	-0.0011875
1.191856e-006	-0.000875
1.192356e-006	-0.000875
1.192856e-006	-0.000875
1.193356e-006	-0.000875
1.193856e-006	-0.0011875
1.194356e-006	-0.0011875
1.194856e-006	-0.000875
1.195356e-006	-0.0005625
1.195856e-006	-0.000875
1.196356e-006	-0.000875
1.196856e-006	-0.0011875
1.197356e-006	-0.000875
1.197856e-006	-0.000875
1.198356e-006	-0.00025
1.198856e-006	6.25e-005
1.199356e-006	0.0006875
1.199856e-006	0.000375
1.200356e-006	6.25e-005
1.200856e-006	-0.00025
1.201356e-006	-0.0005625
1.201856e-006	-0.000875
1.202356e-006	-0.000875
1.202856e-006	-0.0011875
1.203356e-006	-0.000875
1.203856e-006	-0.0018125
1.204356e-006	-0.0024375
1.204856e-006	-0.0015
1.205356e-006	-0.0011875
1.205856e-006	-0.0011875
1.206356e-006	-0.0011875
1.206856e-006	-0.0005625
1.207356e-006	-0.00025
1.207856e-006	-0.0005625
1.208356e-006	6.25e-005
1.208856e-006	0.001
1.209356e-006	0.0006875
1.209856e-006	0.000375
1.210356e-006	0.000375
1.210856e-006	-0.00025
1.211356e-006	-0.00025
1.211856e-006	-0.0005625
1.212356e-006	-0.000875
1.212856e-006	-0.0015
1.213356e-006	-0.0011875
1.213856e-006	-0.0018125
1.214356e-006	-0.0015
1.214856e-006	-0.002125
1.215356e-006	-0.0018125
1.215856e-006	-0.0018125
1.216356e-006	-0.0024375
1.216856e-006	-0.0015
1.217356e-006	-0.0005625
1.217856e-006	-0.00025
1.218356e-006	6.25e-005
1.218856e-006	0.000375
1.219356e-006	0.0006875
1.219856e-006	6.25e-005
1.220356e-006	0.0006875
1.220856e-006	0.0006875
1.221356e-006	-0.00025
1.221856e-006	-0.000875
1.222356e-006	-0.0015
1.222856e-006	-0.0011875
1.223356e-006	-0.0015
1.223856e-006	-0.0024375
1.224356e-006	-0.0024375
1.224856e-006	-0.002125
1.225356e-006	-0.002125
1.225856e-006	-0.0018125
1.226356e-006	-0.0015
1.226856e-006	-0.0011875
1.227356e-006	-0.0011875
1.227856e-006	-0.00025
1.228356e-006	6.25e-005
1.228856e-006	6.25e-005
1.229356e-006	0.000375
1.229856e-006	6.25e-005
1.230356e-006	6.25e-005
1.230856e-006	6.25e-005
1.231356e-006	-0.0005625
1.231856e-006	-0.000875
1.232356e-006	-0.000875
1.232856e-006	-0.0015
1.233356e-006	-0.0015
1.233856e-006	-0.0024375
1.234356e-006	-0.0015
1.234856e-006	-0.002125
1.235356e-006	-0.0024375
1.235856e-006	-0.002125
1.236356e-006	-0.0015
1.236856e-006	-0.0015
1.237356e-006	-0.000875
1.237856e-006	6.25e-005
1.238356e-006	0.000375
1.238856e-006	0.000375
1.239356e-006	0.000375
1.239856e-006	6.25e-005
1.240356e-006	6.25e-005
1.240856e-006	0.000375
1.241356e-006	-0.00025
1.241856e-006	6.25e-005
1.242356e-006	-0.0015
1.242856e-006	-0.0015
1.243356e-006	-0.0011875
1.243856e-006	-0.0015
1.244356e-006	-0.0018125
1.244856e-006	-0.0018125
1.245356e-006	-0.0015
1.245856e-006	-0.000875
1.246356e-006	-0.0015
1.246856e-006	-0.0011875
1.247356e-006	-0.0005625
1.247856e-006	6.25e-005
1.248356e-006	6.25e-005
1.248856e-006	6.25e-005
1.249356e-006	0.0006875
1.249856e-006	0.0006875
1.250356e-006	6.25e-005
1.250856e-006	-0.0005625
1.251356e-006	-0.0005625
1.251856e-006	-0.0005625
1.252356e-006	-0.0015
1.252856e-006	-0.002125
1.253356e-006	-0.002125
1.253856e-006	-0.002125
1.254356e-006	-0.0018125
1.254856e-006	-0.0024375
1.255356e-006	-0.000875
1.255856e-006	-0.0011875
1.256356e-006	-0.0011875
1.256856e-006	6.25e-005
1.257356e-006	6.25e-005
1.257856e-006	6.25e-005
1.258356e-006	-0.00025
1.258856e-006	6.25e-005
1.259356e-006	0.0006875
1.259856e-006	6.25e-005
1.260356e-006	-0.00025
1.260856e-006	-0.000875
1.261356e-006	-0.0015
1.261856e-006	-0.0018125
1.262356e-006	-0.0015
1.262856e-006	-0.0011875
1.263356e-006	-0.002125
1.263856e-006	-0.002125
1.264356e-006	-0.0011875
1.264856e-006	-0.0015
1.265356e-006	-0.000875
1.265856e-006	-0.00025
1.266356e-006	-0.0005625
1.266856e-006	0.000375
1.267356e-006	6.25e-005
1.267856e-006	0.001
1.268356e-006	0.000375
1.268856e-006	-0.00025
1.269356e-006	-0.00025
1.269856e-006	6.25e-005
1.270356e-006	-0.0005625
1.270856e-006	-0.0011875
1.271356e-006	-0.0011875
1.271856e-006	-0.0011875
1.272356e-006	-0.0024375
1.272856e-006	-0.00275
1.273356e-006	-0.0024375
1.273856e-006	-0.0011875
1.274356e-006	-0.0011875
1.274856e-006	-0.0024375
1.275356e-006	-0.000875
1.275856e-006	-0.0005625
1.276356e-006	-0.0005625
1.276856e-006	-0.0005625
1.277356e-006	6.25e-005
1.277856e-006	0.000375
1.278356e-006	0.000375
1.278856e-006	6.25e-005
1.279356e-006	6.25e-005
1.279856e-006	-0.00025
1.280356e-006	-0.00025
1.280856e-006	-0.0015
1.281356e-006	-0.0015
1.281856e-006	-0.0024375
1.282356e-006	-0.0015
1.282856e-006	-0.0015
1.283356e-006	-0.0024375
1.283856e-006	-0.002125
1.284356e-006	-0.0011875
1.284856e-006	-0.00025
1.285356e-006	-0.000875
1.285856e-006	-0.0015
1.286356e-006	-0.0005625
1.286856e-006	6.25e-005
1.287356e-006	6.25e-005
1.287856e-006	6.25e-005
1.288356e-006	-0.00025
1.288856e-006	0.001
1.289356e-006	6.25e-005
1.289856e-006	-0.00025
1.290356e-006	-0.0005625
1.290856e-006	-0.0011875
1.291356e-006	-0.0011875
1.291856e-006	-0.0018125
1.292356e-006	-0.0015
1.292856e-006	-0.0015
1.293356e-006	-0.0015
1.293856e-006	-0.0015
1.294356e-006	-0.0011875
1.294856e-006	-0.0011875
1.295356e-006	-0.000875
1.295856e-006	-0.000875
1.296356e-006	-0.00025
1.296856e-006	-0.0005625
1.297356e-006	6.25e-005
1.297856e-006	-0.00025
1.298356e-006	6.25e-005
1.298856e-006	6.25e-005
1.299356e-006	-0.00025
1.299856e-006	6.25e-005
1.300356e-006	6.25e-005
1.300856e-006	-0.0011875
1.301356e-006	-0.0018125
1.301856e-006	-0.0015
1.302356e-006	-0.0015
1.302856e-006	-0.0011875
1.303356e-006	-0.0005625
1.303856e-006	-0.000875
1.304356e-006	-0.0011875
1.304856e-006	-0.0011875
1.305356e-006	-0.0005625
1.305856e-006	-0.0005625
1.306356e-006	6.25e-005
1.306856e-006	0.0006875
1.307356e-006	-0.00025
1.307856e-006	-0.000875
1.308356e-006	-0.00025
1.308856e-006	0.000375
1.309356e-006	6.25e-005
1.309856e-006	-0.0005625
1.310356e-006	-0.0011875
1.310856e-006	-0.000875
1.311356e-006	-0.000875
1.311856e-006	-0.0011875
1.312356e-006	-0.0015
1.312856e-006	-0.0011875
1.313356e-006	-0.000875
1.313856e-006	-0.0011875
1.314356e-006	-0.0011875
1.314856e-006	-0.0011875
1.315356e-006	-0.0011875
1.315856e-006	-0.000875
1.316356e-006	-0.0005625
1.316856e-006	-0.0005625
1.317356e-006	6.25e-005
1.317856e-006	6.25e-005
1.318356e-006	6.25e-005
1.318856e-006	-0.000875
1.319356e-006	-0.0005625
1.319856e-006	-0.0005625
1.320356e-006	-0.0005625
1.320856e-006	-0.0005625
1.321356e-006	-0.00025
1.321856e-006	-0.0005625
1.322356e-006	-0.0011875
1.322856e-006	-0.0018125
1.323356e-006	-0.0005625
1.323856e-006	-0.000875
1.324356e-006	-0.000875
1.324856e-006	-0.0011875
1.325356e-006	-0.0005625
1.325856e-006	-0.0011875
1.326356e-006	-0.000875
1.326856e-006	-0.0005625
1.327356e-006	-0.0005625
1.327856e-006	-0.0005625
1.328356e-006	-0.0005625
1.328856e-006	-0.0005625
1.329356e-006	-0.0005625
1.329856e-006	-0.000875
1.330356e-006	-0.000875
1.330856e-006	6.25e-005
1.331356e-006	-0.00025
1.331856e-006	-0.0015
1.332356e-006	-0.002125
1.332856e-006	-0.000875
1.333356e-006	-0.000875
1.333856e-006	-0.0011875
1.334356e-006	-0.0011875
1.334856e-006	-0.0011875
1.335356e-006	-0.0011875
1.335856e-006	-0.0005625
1.336356e-006	-0.000875
1.336856e-006	-0.000875
1.337356e-006	-0.0011875
1.337856e-006	-0.000875
1.338356e-006	-0.0011875
1.338856e-006	-0.0011875
1.339356e-006	6.25e-005
1.339856e-006	0.000375
1.340356e-006	6.25e-005
1.340856e-006	-0.000875
1.341356e-006	-0.0005625
1.341856e-006	-0.0005625
1.342356e-006	-0.0005625
1.342856e-006	-0.0011875
1.343356e-006	-0.0015
1.343856e-006	-0.000875
1.344356e-006	-0.000875
1.344856e-006	-0.0015
1.345356e-006	-0.0015
1.345856e-006	-0.0011875
1.346356e-006	-0.0015
1.346856e-006	-0.000875
1.347356e-006	-0.0005625
1.347856e-006	6.25e-005
1.348356e-006	-0.00025
1.348856e-006	-0.00025
1.349356e-006	6.25e-005
1.349856e-006	6.25e-005
1.350356e-006	6.25e-005
1.350856e-006	6.25e-005
1.351356e-006	-0.00025
1.351856e-006	-0.000875
1.352356e-006	-0.000875
1.352856e-006	-0.000875
1.353356e-006	-0.0018125
1.353856e-006	-0.0011875
1.354356e-006	-0.0011875
1.354856e-006	-0.002125
1.355356e-006	-0.0011875
1.355856e-006	-0.0011875
1.356356e-006	-0.0011875
1.356856e-006	-0.000875
1.357356e-006	-0.000875
1.357856e-006	-0.0005625
1.358356e-006	-0.0005625
1.358856e-006	6.25e-005
1.359356e-006	6.25e-005
1.359856e-006	0.000375
1.360356e-006	0.0006875
1.360856e-006	0.000375
1.361356e-006	-0.00025
1.361856e-006	-0.0005625
1.362356e-006	-0.000875
1.362856e-006	-0.0011875
1.363356e-006	-0.0018125
1.363856e-006	-0.0015
1.364356e-006	-0.0011875
1.364856e-006	-0.00275
1.365356e-006	-0.0018125
1.365856e-006	-0.0015
1.366356e-006	-0.000875
1.366856e-006	-0.000875
1.367356e-006	-0.000875
1.367856e-006	-0.00025
1.368356e-006	6.25e-005
1.368856e-006	0.000375
1.369356e-006	0.000375
1.369856e-006	0.0006875
1.370356e-006	0.0013125
1.370856e-006	6.25e-005
1.371356e-006	-0.0005625
1.371856e-006	-0.000875
1.372356e-006	-0.0005625
1.372856e-006	-0.0011875
1.373356e-006	-0.0018125
1.373856e-006	-0.0018125
1.374356e-006	-0.002125
1.374856e-006	-0.0018125
1.375356e-006	-0.0011875
1.375856e-006	-0.0015
1.376356e-006	-0.000875
1.376856e-006	-0.0005625
1.377356e-006	-0.0011875
1.377856e-006	-0.0005625
1.378356e-006	6.25e-005
1.378856e-006	6.25e-005
1.379356e-006	0.0006875
1.379856e-006	0.0006875
1.380356e-006	6.25e-005
1.380856e-006	-0.00025
1.381356e-006	0.000375
1.381856e-006	6.25e-005
1.382356e-006	-0.000875
1.382856e-006	-0.0011875
1.383356e-006	-0.0011875
1.383856e-006	-0.002125
1.384356e-006	-0.0018125
1.384856e-006	-0.0015
1.385356e-006	-0.0011875
1.385856e-006	-0.0018125
1.386356e-006	-0.0018125
1.386856e-006	-0.000875
1.387356e-006	-0.0005625
1.387856e-006	6.25e-005
1.388356e-006	6.25e-005
1.388856e-006	-0.00025
1.389356e-006	-0.00025
1.389856e-006	0.000375
1.390356e-006	-0.00025
1.390856e-006	-0.0005625
1.391356e-006	0.000375
1.391856e-006	-0.0005625
1.392356e-006	-0.0011875
1.392856e-006	-0.0011875
1.393356e-006	-0.0018125
1.393856e-006	-0.0011875
1.394356e-006	-0.0011875
1.394856e-006	-0.0018125
1.395356e-006	-0.0018125
1.395856e-006	-0.0015
1.396356e-006	-0.000875
1.396856e-006	-0.00025
1.397356e-006	6.25e-005
1.397856e-006	-0.0005625
1.398356e-006	-0.000875
1.398856e-006	-0.000875
1.399356e-006	-0.0005625
1.399856e-006	-0.00025
1.400356e-006	-0.00025
1.400856e-006	-0.00025
1.401356e-006	-0.000875
1.401856e-006	-0.000875
1.402356e-006	-0.0011875
1.402856e-006	-0.002125
1.403356e-006	-0.0011875
1.403856e-006	-0.0011875
1.404356e-006	-0.0018125
1.404856e-006	-0.0015
1.405356e-006	-0.00025
1.405856e-006	-0.0005625
1.406356e-006	-0.0015
1.406856e-006	-0.000875
1.407356e-006	0.000375
1.407856e-006	0.000375
1.408356e-006	6.25e-005
1.408856e-006	-0.00025
1.409356e-006	-0.0005625
1.409856e-006	6.25e-005
1.410356e-006	-0.000875
1.410856e-006	-0.0011875
1.411356e-006	-0.000875
1.411856e-006	-0.0011875
1.412356e-006	-0.0011875
1.412856e-006	-0.0015
1.413356e-006	-0.0011875
1.413856e-006	-0.0015
1.414356e-006	-0.000875
1.414856e-006	-0.00025
1.415356e-006	-0.0005625
1.415856e-006	-0.00025
1.416356e-006	-0.00025
1.416856e-006	-0.0005625
1.417356e-006	6.25e-005
1.417856e-006	0.000375
1.418356e-006	0.0006875
1.418856e-006	6.25e-005
1.419356e-006	-0.0005625
1.419856e-006	-0.000875
1.420356e-006	-0.0015
1.420856e-006	-0.0015
1.421356e-006	-0.000875
1.421856e-006	-0.0015
1.422356e-006	-0.0015
1.422856e-006	-0.002125
1.423356e-006	-0.0011875
1.423856e-006	-0.0005625
1.424356e-006	-0.0011875
1.424856e-006	-0.00025
1.425356e-006	6.25e-005
1.425856e-006	-0.00025
1.426356e-006	6.25e-005
1.426856e-006	0.0006875
1.427356e-006	0.0006875
1.427856e-006	0.001
1.428356e-006	0.0006875
1.428856e-006	-0.00025
1.429356e-006	6.25e-005
1.429856e-006	-0.00025
1.430356e-006	-0.0011875
1.430856e-006	-0.0011875
1.431356e-006	-0.0011875
1.431856e-006	-0.0015
1.432356e-006	-0.0015
1.432856e-006	-0.002125
1.433356e-006	-0.0018125
1.433856e-006	-0.0011875
1.434356e-006	-0.000875
1.434856e-006	-0.00025
1.435356e-006	-0.000875
1.435856e-006	6.25e-005
1.436356e-006	6.25e-005
1.436856e-006	6.25e-005
1.437356e-006	0.001
1.437856e-006	0.001
1.438356e-006	0.0006875
1.438856e-006	0.0006875
1.439356e-006	0.0006875
1.439856e-006	6.25e-005
1.440356e-006	-0.0011875
1.440856e-006	-0.0018125
1.441356e-006	-0.000875
1.441856e-006	-0.0011875
1.442356e-006	-0.0011875
1.442856e-006	-0.002125
1.443356e-006	-0.0011875
1.443856e-006	-0.0011875
1.444356e-006	-0.0015
1.444856e-006	-0.0015
1.445356e-006	-0.000875
1.445856e-006	-0.0005625
1.446356e-006	-0.00025
1.446856e-006	0.001
1.447356e-006	0.0006875
1.447856e-006	6.25e-005
1.448356e-006	6.25e-005
1.448856e-006	-0.00025
1.449356e-006	-0.00025
1.449856e-006	6.25e-005
1.450356e-006	-0.000875
1.450856e-006	-0.0005625
1.451356e-006	-0.0011875
1.451856e-006	-0.0011875
1.452356e-006	-0.0015
1.452856e-006	-0.0011875
1.453356e-006	-0.000875
1.453856e-006	-0.0011875
1.454356e-006	-0.0011875
1.454856e-006	-0.0005625
1.455356e-006	-0.0005625
1.455856e-006	-0.000875
1.456356e-006	-0.0005625
1.456856e-006	-0.0005625
1.457356e-006	-0.00025
1.457856e-006	-0.0005625
1.458356e-006	-0.00025
1.458856e-006	0.000375
1.459356e-006	6.25e-005
1.459856e-006	-0.000875
1.460356e-006	-0.00025
1.460856e-006	-0.0005625
1.461356e-006	-0.000875
1.461856e-006	-0.000875
1.462356e-006	-0.0005625
1.462856e-006	-0.000875
1.463356e-006	-0.0005625
1.463856e-006	-0.000875
1.464356e-006	-0.000875
1.464856e-006	-0.0011875
1.465356e-006	-0.000875
1.465856e-006	-0.000875
1.466356e-006	-0.000875
1.466856e-006	6.25e-005
1.467356e-006	-0.00025
1.467856e-006	-0.00025
1.468356e-006	-0.000875
1.468856e-006	-0.0011875
1.469356e-006	6.25e-005
1.469856e-006	6.25e-005
1.470356e-006	-0.00025
1.470856e-006	-0.000875
1.471356e-006	-0.00025
1.471856e-006	6.25e-005
1.472356e-006	-0.00025
1.472856e-006	-0.0005625
1.473356e-006	-0.0005625
1.473856e-006	-0.0005625
1.474356e-006	-0.000875
1.474856e-006	-0.000875
1.475356e-006	6.25e-005
1.475856e-006	-0.0005625
1.476356e-006	-0.000875
1.476856e-006	-0.0011875
1.477356e-006	-0.0005625
1.477856e-006	-0.0005625
1.478356e-006	-0.000875
1.478856e-006	-0.000875
1.479356e-006	-0.0005625
1.479856e-006	-0.0005625
1.480356e-006	-0.0005625
1.480856e-006	-0.00025
1.481356e-006	0.001
1.481856e-006	-0.00025
1.482356e-006	-0.0005625
1.482856e-006	6.25e-005
1.483356e-006	6.25e-005
1.483856e-006	0.0006875
1.484356e-006	-0.0005625
1.484856e-006	-0.000875
1.485356e-006	-0.00025
1.485856e-006	-0.00025
1.486356e-006	-0.0005625
1.486856e-006	-0.0015
1.487356e-006	-0.0011875
1.487856e-006	-0.000875
1.488356e-006	-0.000875
1.488856e-006	-0.000875
1.489356e-006	-0.000875
1.489856e-006	-0.0011875
1.490356e-006	-0.0015
1.490856e-006	-0.0011875
1.491356e-006	6.25e-005
1.491856e-006	-0.0005625
1.492356e-006	6.25e-005
1.492856e-006	-0.00025
1.493356e-006	-0.00025
1.493856e-006	6.25e-005
1.494356e-006	-0.00025
1.494856e-006	-0.00025
1.495356e-006	6.25e-005
1.495856e-006	-0.0005625
1.496356e-006	-0.0005625
1.496856e-006	-0.0005625
1.497356e-006	-0.0005625
1.497856e-006	-0.0015
1.498356e-006	-0.0011875
1.498856e-006	-0.000875
1.499356e-006	-0.000875
1.499856e-006	-0.0011875
1.500356e-006	-0.00025
1.500856e-006	-0.0005625
1.501356e-006	-0.0005625
1.501856e-006	6.25e-005
1.502356e-006	6.25e-005
1.502856e-006	-0.0005625
1.503356e-006	6.25e-005
1.503856e-006	6.25e-005
1.504356e-006	-0.00025
1.504856e-006	-0.0005625
1.505356e-006	6.25e-005
1.505856e-006	6.25e-005
1.506356e-006	-0.00025
1.506856e-006	-0.00025
1.507356e-006	-0.000875
1.507856e-006	-0.000875
1.508356e-006	-0.0005625
1.508856e-006	-0.000875
1.509356e-006	-0.000875
1.509856e-006	-0.000875
1.510356e-006	-0.000875
1.510856e-006	6.25e-005
1.511356e-006	-0.0011875
1.511856e-006	-0.000875
1.512356e-006	-0.000875
1.512856e-006	0.000375
1.513356e-006	6.25e-005
1.513856e-006	6.25e-005
1.514356e-006	-0.0005625
1.514856e-006	-0.0005625
1.515356e-006	-0.00025
1.515856e-006	-0.0005625
1.516356e-006	-0.00025
1.516856e-006	6.25e-005
1.517356e-006	6.25e-005
1.517856e-006	6.25e-005
1.518356e-006	-0.000875
1.518856e-006	-0.0005625
1.519356e-006	-0.00025
1.519856e-006	-0.0005625
1.520356e-006	0.0006875
1.520856e-006	-0.0005625
1.521356e-006	-0.000875
1.521856e-006	-0.000875
1.522356e-006	-0.0005625
1.522856e-006	-0.0005625
1.523356e-006	-0.00025
1.523856e-006	-0.0005625
1.524356e-006	-0.00025
1.524856e-006	-0.000875
1.525356e-006	-0.0005625
1.525856e-006	-0.0005625
1.526356e-006	-0.00025
1.526856e-006	6.25e-005
1.527356e-006	-0.00025
1.527856e-006	0.000375
1.528356e-006	-0.00025
1.528856e-006	0.0006875
1.529356e-006	6.25e-005
1.529856e-006	6.25e-005
1.530356e-006	6.25e-005
1.530856e-006	-0.00025
1.531356e-006	-0.000875
1.531856e-006	-0.000875
1.532356e-006	-0.00025
1.532856e-006	-0.000875
1.533356e-006	-0.0015
1.533856e-006	-0.0005625
1.534356e-006	-0.0005625
1.534856e-006	-0.000875
1.535356e-006	-0.0005625
1.535856e-006	-0.000875
1.536356e-006	-0.00025
1.536856e-006	6.25e-005
1.537356e-006	0.000375
1.537856e-006	-0.00025
1.538356e-006	-0.000875
1.538856e-006	-0.00025
1.539356e-006	0.0006875
1.539856e-006	6.25e-005
1.540356e-006	0.0006875
1.540856e-006	-0.00025
1.541356e-006	-0.0005625
1.541856e-006	-0.000875
1.542356e-006	-0.00025
1.542856e-006	-0.0005625
1.543356e-006	-0.000875
1.543856e-006	-0.000875
1.544356e-006	-0.0011875
1.544856e-006	-0.0011875
1.545356e-006	-0.0005625
1.545856e-006	-0.000875
1.546356e-006	-0.000875
1.546856e-006	-0.00025
1.547356e-006	0.0006875
1.547856e-006	6.25e-005
1.548356e-006	-0.0011875
1.548856e-006	-0.000875
1.549356e-006	6.25e-005
1.549856e-006	0.0006875
1.550356e-006	0.000375
1.550856e-006	-0.00025
1.551356e-006	0.0006875
1.551856e-006	-0.00025
1.552356e-006	-0.0011875
1.552856e-006	-0.0011875
1.553356e-006	-0.0011875
1.553856e-006	-0.0005625
1.554356e-006	-0.0005625
1.554856e-006	-0.0011875
1.555356e-006	-0.0011875
1.555856e-006	-0.0005625
1.556356e-006	-0.0005625
1.556856e-006	-0.000875
1.557356e-006	6.25e-005
1.557856e-006	6.25e-005
1.558356e-006	-0.0005625
1.558856e-006	-0.00025
1.559356e-006	6.25e-005
1.559856e-006	6.25e-005
1.560356e-006	-0.0005625
1.560856e-006	-0.0005625
1.561356e-006	6.25e-005
1.561856e-006	-0.0005625
1.562356e-006	0.000375
1.562856e-006	-0.00025
1.563356e-006	-0.0005625
1.563856e-006	-0.000875
1.564356e-006	-0.0005625
1.564856e-006	-0.000875
1.565356e-006	-0.0005625
1.565856e-006	-0.000875
1.566356e-006	-0.0005625
1.566856e-006	-0.0011875
1.567356e-006	-0.00025
1.567856e-006	-0.000875
1.568356e-006	-0.000875
1.568856e-006	-0.000875
1.569356e-006	-0.0005625
1.569856e-006	-0.0005625
1.570356e-006	-0.0005625
1.570856e-006	-0.00025
1.571356e-006	-0.0005625
1.571856e-006	-0.00025
1.572356e-006	-0.0005625
1.572856e-006	-0.000875
1.573356e-006	-0.0005625
1.573856e-006	6.25e-005
1.574356e-006	-0.0005625
1.574856e-006	6.25e-005
1.575356e-006	-0.0005625
1.575856e-006	6.25e-005
1.576356e-006	-0.0005625
1.576856e-006	-0.000875
1.577356e-006	-0.0005625
1.577856e-006	-0.0005625
1.578356e-006	-0.0005625
1.578856e-006	-0.0005625
1.579356e-006	-0.0011875
1.579856e-006	-0.000875
1.580356e-006	-0.0005625
1.580856e-006	-0.00025
1.581356e-006	6.25e-005
1.581856e-006	-0.000875
1.582356e-006	-0.00025
1.582856e-006	-0.00025
1.583356e-006	0.0006875
1.583856e-006	0.000375
1.584356e-006	-0.0005625
1.584856e-006	-0.00025
1.585356e-006	0.000375
1.585856e-006	6.25e-005
1.586356e-006	0.000375
1.586856e-006	-0.0005625
1.587356e-006	6.25e-005
1.587856e-006	-0.0011875
1.588356e-006	-0.000875
1.588856e-006	-0.0005625
1.589356e-006	-0.0005625
1.589856e-006	-0.000875
1.590356e-006	-0.0011875
1.590856e-006	-0.0015
1.591356e-006	-0.0005625
1.591856e-006	-0.0005625
1.592356e-006	6.25e-005
1.592856e-006	-0.000875
1.593356e-006	-0.0005625
1.593856e-006	0.000375
1.594356e-006	6.25e-005
1.594856e-006	0.0006875
1.595356e-006	6.25e-005
1.595856e-006	0.001
1.596356e-006	0.0006875
1.596856e-006	-0.0005625
1.597356e-006	6.25e-005
1.597856e-006	6.25e-005
1.598356e-006	-0.000875
1.598856e-006	-0.0005625
1.599356e-006	-0.0015
1.599856e-006	-0.002125
1.600356e-006	-0.0024375
1.600856e-006	-0.000875
1.601356e-006	-0.0011875
1.601856e-006	-0.0015
1.602356e-006	-0.0005625
1.602856e-006	-0.000875
1.603356e-006	6.25e-005
1.603856e-006	0.000375
1.604356e-006	-0.0005625
1.604856e-006	0.0006875
1.605356e-006	0.000375
1.605856e-006	0.0013125
1.606356e-006	0.001625
1.606856e-006	6.25e-005
1.607356e-006	0.000375
1.607856e-006	-0.000875
1.608356e-006	6.25e-005
1.608856e-006	-0.0011875
1.609356e-006	-0.0015
1.609856e-006	-0.0018125
1.610356e-006	-0.002125
1.610856e-006	-0.0018125
1.611356e-006	-0.0005625
1.611856e-006	-0.000875
1.612356e-006	-0.000875
1.612856e-006	-0.000875
1.613356e-006	0.000375
1.613856e-006	6.25e-005
1.614356e-006	0.0006875
1.614856e-006	0.0013125
1.615356e-006	0.0006875
1.615856e-006	0.001
1.616356e-006	0.0006875
1.616856e-006	0.0006875
1.617356e-006	-0.0005625
1.617856e-006	-0.000875
1.618356e-006	-0.000875
1.618856e-006	-0.0005625
1.619356e-006	-0.000875
1.619856e-006	-0.0011875
1.620356e-006	-0.0015
1.620856e-006	-0.000875
1.621356e-006	-0.0018125
1.621856e-006	-0.0011875
1.622356e-006	-0.00025
1.622856e-006	6.25e-005
1.623356e-006	6.25e-005
1.623856e-006	0.000375
1.624356e-006	0.001625
1.624856e-006	0.0013125
1.625356e-006	0.0013125
1.625856e-006	0.0013125
1.626356e-006	0.0006875
1.626856e-006	6.25e-005
1.627356e-006	-0.00025
1.627856e-006	-0.000875
1.628356e-006	-0.0005625
1.628856e-006	-0.0015
1.629356e-006	-0.0011875
1.629856e-006	-0.0015
1.630356e-006	-0.0011875
1.630856e-006	-0.0011875
1.631356e-006	-0.000875
1.631856e-006	-0.0011875
1.632356e-006	-0.0011875
1.632856e-006	-0.00025
1.633356e-006	6.25e-005
1.633856e-006	0.000375
1.634356e-006	6.25e-005
1.634856e-006	0.0006875
1.635356e-006	0.0006875
1.635856e-006	6.25e-005
1.636356e-006	6.25e-005
1.636856e-006	6.25e-005
1.637356e-006	-0.000875
1.637856e-006	-0.00025
1.638356e-006	-0.000875
1.638856e-006	-0.0011875
1.639356e-006	-0.0011875
1.639856e-006	-0.0011875
1.640356e-006	-0.0011875
1.640856e-006	-0.0011875
1.641356e-006	-0.0005625
1.641856e-006	0.000375
1.642356e-006	-0.00025
1.642856e-006	6.25e-005
1.643356e-006	0.0006875
1.643856e-006	0.0013125
1.644356e-006	0.0013125
1.644856e-006	0.000375
1.645356e-006	0.0006875
1.645856e-006	0.000375
1.646356e-006	-0.0005625
1.646856e-006	-0.0011875
1.647356e-006	-0.0011875
1.647856e-006	-0.000875
1.648356e-006	-0.0018125
1.648856e-006	-0.0015
1.649356e-006	-0.0011875
1.649856e-006	-0.0015
1.650356e-006	-0.000875
1.650856e-006	-0.0005625
1.651356e-006	-0.00025
1.651856e-006	6.25e-005
1.652356e-006	0.000375
1.652856e-006	0.001
1.653356e-006	0.000375
1.653856e-006	6.25e-005
1.654356e-006	0.001
1.654856e-006	0.001
1.655356e-006	0.0006875
1.655856e-006	-0.0005625
1.656356e-006	-0.0005625
1.656856e-006	-0.000875
1.657356e-006	-0.000875
1.657856e-006	-0.0018125
1.658356e-006	-0.0024375
1.658856e-006	-0.0018125
1.659356e-006	-0.0015
1.659856e-006	-0.0018125
1.660356e-006	-0.000875
1.660856e-006	-0.00025
1.661356e-006	6.25e-005
1.661856e-006	0.000375
1.662356e-006	0.0006875
1.662856e-006	0.0013125
1.663356e-006	0.001
1.663856e-006	0.0006875
1.664356e-006	0.0006875
1.664856e-006	0.0006875
1.665356e-006	6.25e-005
1.665856e-006	-0.00025
1.666356e-006	-0.0011875
1.666856e-006	-0.0011875
1.667356e-006	-0.000875
1.667856e-006	-0.0011875
1.668356e-006	-0.0018125
1.668856e-006	-0.0018125
1.669356e-006	-0.0018125
1.669856e-006	-0.0018125
1.670356e-006	-0.00025
1.670856e-006	-0.00025
1.671356e-006	0.001
1.671856e-006	0.001
1.672356e-006	0.0006875
1.672856e-006	0.0006875
1.673356e-006	0.001625
1.673856e-006	0.0013125
1.674356e-006	0.0006875
1.674856e-006	0.000375
1.675356e-006	0.000375
1.675856e-006	-0.000875
1.676356e-006	-0.000875
1.676856e-006	-0.0011875
1.677356e-006	-0.0018125
1.677856e-006	-0.002125
1.678356e-006	-0.0011875
1.678856e-006	-0.000875
1.679356e-006	-0.000875
1.679856e-006	-0.000875
1.680356e-006	-0.0005625
1.680856e-006	0.0006875
1.681356e-006	0.0006875
1.681856e-006	0.001
1.682356e-006	0.001
1.682856e-006	0.001
1.683356e-006	0.001
1.683856e-006	0.0006875
1.684356e-006	0.000375
1.684856e-006	-0.00025
1.685356e-006	-0.0005625
1.685856e-006	-0.000875
1.686356e-006	-0.0011875
1.686856e-006	-0.000875
1.687356e-006	-0.0011875
1.687856e-006	-0.0015
1.688356e-006	-0.0015
1.688856e-006	-0.0011875
1.689356e-006	-0.0005625
1.689856e-006	-0.00025
1.690356e-006	0.0006875
1.690856e-006	0.001
1.691356e-006	0.0006875
1.691856e-006	0.0006875
1.692356e-006	0.0006875
1.692856e-006	0.001
1.693356e-006	0.001
1.693856e-006	-0.00025
1.694356e-006	6.25e-005
1.694856e-006	-0.00025
1.695356e-006	-0.0005625
1.695856e-006	-0.0011875
1.696356e-006	-0.0011875
1.696856e-006	-0.0011875
1.697356e-006	-0.0011875
1.697856e-006	-0.0011875
1.698356e-006	-0.0011875
1.698856e-006	-0.00025
1.699356e-006	0.000375
1.699856e-006	-0.00025
1.700356e-006	6.25e-005
1.700856e-006	0.001
1.701356e-006	0.001
1.701856e-006	0.001
1.702356e-006	0.000375
1.702856e-006	0.0006875
1.703356e-006	0.000375
1.703856e-006	6.25e-005
1.704356e-006	-0.00025
1.704856e-006	-0.0005625
1.705356e-006	-0.0011875
1.705856e-006	-0.0015
1.706356e-006	-0.000875
1.706856e-006	-0.0005625
1.707356e-006	-0.0011875
1.707856e-006	-0.0005625
1.708356e-006	-0.0005625
1.708856e-006	-0.0005625
1.709356e-006	0.000375
1.709856e-006	0.0006875
1.710356e-006	0.0006875
1.710856e-006	0.0006875
1.711356e-006	0.000375
1.711856e-006	0.0006875
1.712356e-006	6.25e-005
1.712856e-006	6.25e-005
1.713356e-006	6.25e-005
1.713856e-006	-0.0005625
1.714356e-006	6.25e-005
1.714856e-006	-0.000875
1.715356e-006	-0.000875
1.715856e-006	-0.0011875
1.716356e-006	-0.0005625
1.716856e-006	-0.0005625
1.717356e-006	-0.0005625
1.717856e-006	-0.0005625
1.718356e-006	-0.0005625
1.718856e-006	-0.00025
1.719356e-006	0.001
1.719856e-006	0.0006875
1.720356e-006	0.000375
1.720856e-006	0.0013125
1.721356e-006	0.0006875
1.721856e-006	0.000375
1.722356e-006	6.25e-005
1.722856e-006	-0.00025
1.723356e-006	-0.000875
1.723856e-006	-0.00025
1.724356e-006	-0.000875
1.724856e-006	-0.0011875
1.725356e-006	-0.000875
1.725856e-006	-0.000875
1.726356e-006	-0.0005625
1.726856e-006	-0.00025
1.727356e-006	-0.00025
1.727856e-006	6.25e-005
1.728356e-006	-0.0005625
1.728856e-006	-0.00025
1.729356e-006	0.000375
1.729856e-006	6.25e-005
1.730356e-006	0.000375
1.730856e-006	6.25e-005
1.731356e-006	6.25e-005
1.731856e-006	6.25e-005
1.732356e-006	0.000375
1.732856e-006	-0.00025
1.733356e-006	6.25e-005
1.733856e-006	-0.00025
1.734356e-006	-0.000875
1.734856e-006	-0.000875
1.735356e-006	6.25e-005
1.735856e-006	-0.00025
1.736356e-006	-0.00025
1.736856e-006	0.000375
1.737356e-006	6.25e-005
1.737856e-006	6.25e-005
1.738356e-006	0.000375
1.738856e-006	6.25e-005
1.739356e-006	-0.0005625
1.739856e-006	0.000375
1.740356e-006	0.0006875
1.740856e-006	-0.00025
1.741356e-006	-0.0005625
1.741856e-006	6.25e-005
1.742356e-006	-0.000875
1.742856e-006	-0.00025
1.743356e-006	-0.0005625
1.743856e-006	-0.0005625
1.744356e-006	-0.0005625
1.744856e-006	6.25e-005
1.745356e-006	-0.0005625
1.745856e-006	-0.0005625
1.746356e-006	0.000375
1.746856e-006	0.0006875
1.747356e-006	0.000375
1.747856e-006	6.25e-005
1.748356e-006	-0.00025
1.748856e-006	0.000375
1.749356e-006	6.25e-005
1.749856e-006	-0.0005625
1.750356e-006	-0.0005625
1.750856e-006	-0.000875
1.751356e-006	-0.0015
1.751856e-006	-0.0011875
1.752356e-006	-0.0005625
1.752856e-006	-0.0005625
1.753356e-006	-0.000875
1.753856e-006	-0.0005625
1.754356e-006	6.25e-005
1.754856e-006	-0.0005625
1.755356e-006	-0.00025
1.755856e-006	0.0006875
1.756356e-006	0.0013125
1.756856e-006	0.000375
1.757356e-006	0.000375
1.757856e-006	6.25e-005
1.758356e-006	6.25e-005
1.758856e-006	6.25e-005
1.759356e-006	-0.0005625
1.759856e-006	-0.0011875
1.760356e-006	-0.000875
1.760856e-006	-0.0011875
1.761356e-006	-0.0011875
1.761856e-006	-0.0018125
1.762356e-006	-0.000875
1.762856e-006	0.000375
1.763356e-006	6.25e-005
1.763856e-006	0.000375
1.764356e-006	0.000375
1.764856e-006	0.000375
1.765356e-006	0.0006875
1.765856e-006	0.001
1.766356e-006	0.001
1.766856e-006	0.001
1.767356e-006	6.25e-005
1.767856e-006	0.000375
1.768356e-006	-0.0005625
1.768856e-006	-0.0005625
1.769356e-006	-0.00025
1.769856e-006	-0.0005625
1.770356e-006	-0.0011875
1.770856e-006	-0.000875
1.771356e-006	-0.0005625
1.771856e-006	-0.0005625
1.772356e-006	-0.000875
1.772856e-006	-0.00025
1.773356e-006	6.25e-005
1.773856e-006	0.001
1.774356e-006	0.001625
1.774856e-006	0.0013125
1.775356e-006	0.0006875
1.775856e-006	0.000375
1.776356e-006	6.25e-005
1.776856e-006	6.25e-005
1.777356e-006	0.000375
1.777856e-006	-0.0005625
1.778356e-006	-0.00025
1.778856e-006	-0.0005625
1.779356e-006	-0.000875
1.779856e-006	-0.0011875
1.780356e-006	-0.0011875
1.780856e-006	-0.0011875
1.781356e-006	-0.0005625
1.781856e-006	-0.0005625
1.782356e-006	6.25e-005
1.782856e-006	0.0006875
1.783356e-006	0.0006875
1.783856e-006	0.0006875
1.784356e-006	0.0013125
1.784856e-006	0.0013125
1.785356e-006	0.001
1.785856e-006	0.0006875
1.786356e-006	0.000375
1.786856e-006	0.000375
1.787356e-006	-0.000875
1.787856e-006	-0.000875
1.788356e-006	-0.0015
