LECROYWS454	16215	Waveform
Segments	1	SegmentSize	4002
Segment	TrigTime	TimeSinceSegment1
#1	02-May-2024 19:07:30	0                 
Time	Ampl
-2.12449e-007	-0.000875
-2.11949e-007	-0.0018125
-2.11449e-007	-0.0011875
-2.10949e-007	-0.0011875
-2.10449e-007	-0.0005625
-2.09949e-007	6.25e-005
-2.09449e-007	-0.0005625
-2.08949e-007	-0.0005625
-2.08449e-007	0.000375
-2.07949e-007	0.000375
-2.07449e-007	0.0006875
-2.06949e-007	0.000375
-2.06449e-007	0.001625
-2.05949e-007	0.0013125
-2.05449e-007	0.0006875
-2.04949e-007	0.000375
-2.04449e-007	0.000375
-2.03949e-007	-0.00025
-2.03449e-007	-0.00025
-2.02949e-007	-0.0005625
-2.02449e-007	-0.0015
-2.01949e-007	-0.000875
-2.01449e-007	-0.0005625
-2.00949e-007	-0.0011875
-2.00449e-007	-0.0011875
-1.99949e-007	-0.00025
-1.99449e-007	-0.000875
-1.98949e-007	-0.00025
-1.98449e-007	6.25e-005
-1.97949e-007	0.0006875
-1.97449e-007	0.0013125
-1.96949e-007	0.001625
-1.96449e-007	0.001625
-1.95949e-007	0.000375
-1.95449e-007	0.000375
-1.94949e-007	0.000375
-1.94449e-007	6.25e-005
-1.93949e-007	0.000375
-1.93449e-007	-0.0005625
-1.92949e-007	-0.0005625
-1.92449e-007	-0.0005625
-1.91949e-007	-0.0005625
-1.91449e-007	-0.00025
-1.90949e-007	-0.000875
-1.90449e-007	-0.0005625
-1.89949e-007	-0.0005625
-1.89449e-007	6.25e-005
-1.88949e-007	6.25e-005
-1.88449e-007	0.0013125
-1.87949e-007	0.000375
-1.87449e-007	0.000375
-1.86949e-007	6.25e-005
-1.86449e-007	0.001
-1.85949e-007	0.001
-1.85449e-007	0.0013125
-1.84949e-007	0.0006875
-1.84449e-007	0.001
-1.83949e-007	6.25e-005
-1.83449e-007	-0.0005625
-1.82949e-007	6.25e-005
-1.82449e-007	-0.0005625
-1.81949e-007	-0.00025
-1.81449e-007	-0.00025
-1.80949e-007	-0.0005625
-1.80449e-007	-0.00025
-1.79949e-007	6.25e-005
-1.79449e-007	-0.00025
-1.78949e-007	-0.0005625
-1.78449e-007	6.25e-005
-1.77949e-007	0.0013125
-1.77449e-007	0.000375
-1.76949e-007	6.25e-005
-1.76449e-007	6.25e-005
-1.75949e-007	6.25e-005
-1.75449e-007	-0.00025
-1.74949e-007	6.25e-005
-1.74449e-007	0.000375
-1.73949e-007	6.25e-005
-1.73449e-007	6.25e-005
-1.72949e-007	0.000375
-1.72449e-007	-0.00025
-1.71949e-007	6.25e-005
-1.71449e-007	6.25e-005
-1.70949e-007	-0.00025
-1.70449e-007	0.000375
-1.69949e-007	6.25e-005
-1.69449e-007	-0.00025
-1.68949e-007	-0.000875
-1.68449e-007	-0.00025
-1.67949e-007	-0.00025
-1.67449e-007	6.25e-005
-1.66949e-007	6.25e-005
-1.66449e-007	6.25e-005
-1.65949e-007	6.25e-005
-1.65449e-007	6.25e-005
-1.64949e-007	-0.00025
-1.64449e-007	6.25e-005
-1.63949e-007	6.25e-005
-1.63449e-007	0.000375
-1.62949e-007	0.0006875
-1.62449e-007	0.000375
-1.61949e-007	6.25e-005
-1.61449e-007	6.25e-005
-1.60949e-007	0.0006875
-1.60449e-007	0.0006875
-1.59949e-007	6.25e-005
-1.59449e-007	6.25e-005
-1.58949e-007	-0.00025
-1.58449e-007	-0.00025
-1.57949e-007	-0.00025
-1.57449e-007	-0.00025
-1.56949e-007	-0.000875
-1.56449e-007	-0.0011875
-1.55949e-007	6.25e-005
-1.55449e-007	6.25e-005
-1.54949e-007	-0.0005625
-1.54449e-007	6.25e-005
-1.53949e-007	0.000375
-1.53449e-007	0.0006875
-1.52949e-007	6.25e-005
-1.52449e-007	0.000375
-1.51949e-007	0.0006875
-1.51449e-007	0.0006875
-1.50949e-007	0.0006875
-1.50449e-007	0.0006875
-1.49949e-007	6.25e-005
-1.49449e-007	6.25e-005
-1.48949e-007	6.25e-005
-1.48449e-007	0.000375
-1.47949e-007	6.25e-005
-1.47449e-007	-0.0005625
-1.46949e-007	-0.000875
-1.46449e-007	-0.00025
-1.45949e-007	6.25e-005
-1.45449e-007	6.25e-005
-1.44949e-007	-0.00025
-1.44449e-007	6.25e-005
-1.43949e-007	6.25e-005
-1.43449e-007	0.0006875
-1.42949e-007	0.0006875
-1.42449e-007	6.25e-005
-1.41949e-007	0.0006875
-1.41449e-007	0.001625
-1.40949e-007	0.001
-1.40449e-007	-0.00025
-1.39949e-007	6.25e-005
-1.39449e-007	6.25e-005
-1.38949e-007	-0.0005625
-1.38449e-007	-0.0005625
-1.37949e-007	-0.00025
-1.37449e-007	-0.00025
-1.36949e-007	-0.0005625
-1.36449e-007	-0.0005625
-1.35949e-007	6.25e-005
-1.35449e-007	-0.00025
-1.34949e-007	6.25e-005
-1.34449e-007	6.25e-005
-1.33949e-007	-0.00025
-1.33449e-007	0.0006875
-1.32949e-007	0.0006875
-1.32449e-007	0.000375
-1.31949e-007	-0.0005625
-1.31449e-007	6.25e-005
-1.30949e-007	0.001
-1.30449e-007	0.000375
-1.29949e-007	-0.0005625
-1.29449e-007	-0.0005625
-1.28949e-007	-0.00025
-1.28449e-007	0.000375
-1.27949e-007	6.25e-005
-1.27449e-007	6.25e-005
-1.26949e-007	6.25e-005
-1.26449e-007	-0.00025
-1.25949e-007	6.25e-005
-1.25449e-007	6.25e-005
-1.24949e-007	6.25e-005
-1.24449e-007	6.25e-005
-1.23949e-007	0.0006875
-1.23449e-007	0.0006875
-1.22949e-007	6.25e-005
-1.22449e-007	-0.00025
-1.21949e-007	6.25e-005
-1.21449e-007	0.000375
-1.20949e-007	6.25e-005
-1.20449e-007	-0.0005625
-1.19949e-007	-0.0005625
-1.19449e-007	-0.00025
-1.18949e-007	-0.00025
-1.18449e-007	-0.0005625
-1.17949e-007	6.25e-005
-1.17449e-007	0.000375
-1.16949e-007	6.25e-005
-1.16449e-007	0.000375
-1.15949e-007	0.000375
-1.15449e-007	0.000375
-1.14949e-007	0.000375
-1.14449e-007	0.001
-1.13949e-007	0.001625
-1.13449e-007	0.000375
-1.12949e-007	6.25e-005
-1.12449e-007	-0.0005625
-1.11949e-007	-0.0005625
-1.11449e-007	-0.000875
-1.10949e-007	-0.0005625
-1.10449e-007	-0.0005625
-1.09949e-007	-0.0011875
-1.09449e-007	-0.000875
-1.08949e-007	-0.0005625
-1.08449e-007	-0.000875
-1.07949e-007	-0.0005625
-1.07449e-007	6.25e-005
-1.06949e-007	0.0006875
-1.06449e-007	0.000375
-1.05949e-007	0.0013125
-1.05449e-007	0.001625
-1.04949e-007	0.0006875
-1.04449e-007	0.0013125
-1.03949e-007	0.0013125
-1.03449e-007	0.0006875
-1.02949e-007	0.000375
-1.02449e-007	-0.00025
-1.01949e-007	-0.0005625
-1.01449e-007	-0.0015
-1.00949e-007	-0.0005625
-1.00449e-007	-0.0011875
-9.9949e-008	-0.002125
-9.9449e-008	-0.0015
-9.8949e-008	-0.000875
-9.8449e-008	-0.0005625
-9.7949e-008	6.25e-005
-9.7449e-008	6.25e-005
-9.6949e-008	0.0013125
-9.6449e-008	0.0013125
-9.5949e-008	0.0013125
-9.5449e-008	0.0013125
-9.4949e-008	0.0019375
-9.4449e-008	0.00225
-9.3949e-008	0.001625
-9.3449e-008	0.001
-9.2949e-008	6.25e-005
-9.2449e-008	-0.00025
-9.1949e-008	-0.000875
-9.1449e-008	-0.0018125
-9.0949e-008	-0.0018125
-9.0449e-008	-0.002125
-8.9949e-008	-0.002125
-8.9449e-008	-0.0018125
-8.8949e-008	-0.0005625
-8.8449e-008	6.25e-005
-8.7949e-008	-0.00025
-8.7449e-008	0.0006875
-8.6949e-008	0.000375
-8.6449e-008	0.001
-8.5949e-008	0.001625
-8.5449e-008	0.0019375
-8.4949e-008	0.0013125
-8.4449e-008	0.001625
-8.3949e-008	0.0013125
-8.3449e-008	0.001
-8.2949e-008	0.000375
-8.2449e-008	-0.00025
-8.1949e-008	-0.0005625
-8.1449e-008	-0.0011875
-8.0949e-008	-0.0011875
-8.0449e-008	-0.0018125
-7.9949e-008	-0.0015
-7.9449e-008	-0.0015
-7.8949e-008	-0.0011875
-7.8449e-008	-0.00025
-7.7949e-008	0.000375
-7.7449e-008	6.25e-005
-7.6949e-008	6.25e-005
-7.6449e-008	0.000375
-7.5949e-008	0.001625
-7.5449e-008	0.0013125
-7.4949e-008	0.001625
-7.4449e-008	0.001625
-7.3949e-008	0.0013125
-7.3449e-008	0.001
-7.2949e-008	0.000375
-7.2449e-008	-0.0005625
-7.1949e-008	-0.0011875
-7.1449e-008	-0.0005625
-7.0949e-008	-0.00025
-7.0449e-008	-0.0015
-6.9949e-008	-0.0018125
-6.9449e-008	-0.002125
-6.8949e-008	-0.0011875
-6.8449e-008	6.25e-005
-6.7949e-008	6.25e-005
-6.7449e-008	0.0006875
-6.6949e-008	0.001
-6.6449e-008	0.001
-6.5949e-008	0.001
-6.5449e-008	0.0013125
-6.4949e-008	0.001
-6.4449e-008	0.001
-6.3949e-008	0.000375
-6.3449e-008	0.0006875
-6.2949e-008	0.0006875
-6.2449e-008	6.25e-005
-6.1949e-008	-0.000875
-6.1449e-008	-0.0005625
-6.0949e-008	-0.00025
-6.0449e-008	-0.0005625
-5.9949e-008	-0.0011875
-5.9449e-008	-0.0018125
-5.8949e-008	6.25e-005
-5.8449e-008	0.000375
-5.7949e-008	-0.000875
-5.7449e-008	6.25e-005
-5.6949e-008	0.0006875
-5.6449e-008	0.001
-5.5949e-008	0.0013125
-5.5449e-008	-0.00025
-5.4949e-008	6.25e-005
-5.4449e-008	6.25e-005
-5.3949e-008	-0.00025
-5.3449e-008	-0.0005625
-5.2949e-008	6.25e-005
-5.2449e-008	-0.00025
-5.1949e-008	-0.0005625
-5.1449e-008	-0.000875
-5.0949e-008	-0.00025
-5.0449e-008	-0.00025
-4.9949e-008	6.25e-005
-4.9449e-008	-0.00025
-4.8949e-008	-0.00025
-4.8449e-008	6.25e-005
-4.7949e-008	0.000375
-4.7449e-008	0.001
-4.6949e-008	0.000375
-4.6449e-008	6.25e-005
-4.5949e-008	-0.00025
-4.5449e-008	6.25e-005
-4.4949e-008	6.25e-005
-4.4449e-008	-0.0005625
-4.3949e-008	-0.0005625
-4.3449e-008	-0.00025
-4.2949e-008	0.000375
-4.2449e-008	0.000375
-4.1949e-008	-0.000875
-4.1449e-008	-0.00025
-4.0949e-008	-0.00025
-4.0449e-008	0.000375
-3.9949e-008	0.000375
-3.9449e-008	0.000375
-3.8949e-008	0.000375
-3.8449e-008	0.0006875
-3.7949e-008	6.25e-005
-3.7449e-008	0.000375
-3.6949e-008	-0.0005625
-3.6449e-008	-0.00025
-3.5949e-008	6.25e-005
-3.5449e-008	-0.00025
-3.4949e-008	-0.0005625
-3.4449e-008	-0.0011875
-3.3949e-008	-0.000875
-3.3449e-008	-0.0011875
-3.2949e-008	-0.0005625
-3.2449e-008	-0.0005625
-3.1949e-008	-0.00025
-3.1449e-008	6.25e-005
-3.0949e-008	0.000375
-3.0449e-008	0.000375
-2.9949e-008	0.001625
-2.9449e-008	0.001
-2.8949e-008	0.0006875
-2.8449e-008	0.0006875
-2.7949e-008	6.25e-005
-2.7449e-008	-0.00025
-2.6949e-008	-0.00025
-2.6449e-008	0.000375
-2.5949e-008	6.25e-005
-2.5449e-008	-0.0005625
-2.4949e-008	-0.0005625
-2.4449e-008	-0.0011875
-2.3949e-008	-0.0005625
-2.3449e-008	6.25e-005
-2.2949e-008	-0.00025
-2.2449e-008	-0.0005625
-2.1949e-008	-0.0005625
-2.1449e-008	6.25e-005
-2.0949e-008	6.25e-005
-2.0449e-008	0.0006875
-1.9949e-008	6.25e-005
-1.9449e-008	0.0006875
-1.8949e-008	0.000375
-1.8449e-008	0.0006875
-1.7949e-008	0.001
-1.7449e-008	0.001
-1.6949e-008	0.0006875
-1.6449e-008	0.000375
-1.5949e-008	-0.000875
-1.5449e-008	-0.0005625
-1.4949e-008	-0.00025
-1.4449e-008	-0.0005625
-1.3949e-008	-0.000875
-1.3449e-008	-0.00025
-1.2949e-008	0.000375
-1.2449e-008	0.000375
-1.1949e-008	-0.00025
-1.1449e-008	-0.00025
-1.0949e-008	6.25e-005
-1.0449e-008	6.25e-005
-9.949e-009	0.0006875
-9.449e-009	0.001
-8.949e-009	0.0006875
-8.449e-009	0.001
-7.949e-009	0.0006875
-7.449e-009	6.25e-005
-6.949e-009	0.000375
-6.449e-009	-0.0005625
-5.949e-009	-0.0018125
-5.449e-009	-0.003375
-4.949e-009	-0.0036875
-4.449e-009	-0.00525
-3.949e-009	-0.007125
-3.449e-009	-0.008375
-2.949e-009	-0.0086875
-2.449e-009	-0.009625
-1.949e-009	-0.0099375
-1.449e-009	-0.0099375
-9.49e-010	-0.009625
-4.49e-010	-0.0111875
5.1e-011	-0.0130625
5.51e-010	-0.0130625
1.051e-009	-0.0136875
1.551e-009	-0.0143125
2.051e-009	-0.0161875
2.551e-009	-0.017125
3.051e-009	-0.0174375
3.551e-009	-0.0174375
4.051e-009	-0.018375
4.551e-009	-0.018375
5.051e-009	-0.0186875
5.551e-009	-0.0193125
6.051e-009	-0.0215
6.551e-009	-0.0224375
7.051e-009	-0.02275
7.551e-009	-0.024
8.051e-009	-0.0249375
8.551e-009	-0.0261875
9.051e-009	-0.0261875
9.551e-009	-0.0261875
1.0051e-008	-0.0255625
1.0551e-008	-0.0249375
1.1051e-008	-0.0249375
1.1551e-008	-0.0243125
1.2051e-008	-0.0243125
1.2551e-008	-0.0249375
1.3051e-008	-0.0249375
1.3551e-008	-0.025875
1.4051e-008	-0.025875
1.4551e-008	-0.02525
1.5051e-008	-0.024625
1.5551e-008	-0.0249375
1.6051e-008	-0.0243125
1.6551e-008	-0.023375
1.7051e-008	-0.023375
1.7551e-008	-0.024625
1.8051e-008	-0.0243125
1.8551e-008	-0.024
1.9051e-008	-0.0243125
1.9551e-008	-0.02525
2.0051e-008	-0.0255625
2.0551e-008	-0.025875
2.1051e-008	-0.025875
2.1551e-008	-0.0261875
2.2051e-008	-0.0265
2.2551e-008	-0.0265
2.3051e-008	-0.025875
2.3551e-008	-0.02525
2.4051e-008	-0.02525
2.4551e-008	-0.0255625
2.5051e-008	-0.0255625
2.5551e-008	-0.0249375
2.6051e-008	-0.0249375
2.6551e-008	-0.0249375
2.7051e-008	-0.025875
2.7551e-008	-0.0261875
2.8051e-008	-0.0268125
2.8551e-008	-0.027125
2.9051e-008	-0.0274375
2.9551e-008	-0.027125
3.0051e-008	-0.027125
3.0551e-008	-0.027125
3.1051e-008	-0.027125
3.1551e-008	-0.02775
3.2051e-008	-0.0280625
3.2551e-008	-0.029
3.3051e-008	-0.029
3.3551e-008	-0.0280625
3.4051e-008	-0.0286875
3.4551e-008	-0.0286875
3.5051e-008	-0.028375
3.5551e-008	-0.0286875
3.6051e-008	-0.02775
3.6551e-008	-0.028375
3.7051e-008	-0.028375
3.7551e-008	-0.029
3.8051e-008	-0.0293125
3.8551e-008	-0.029
3.9051e-008	-0.0293125
3.9551e-008	-0.0299375
4.0051e-008	-0.029625
4.0551e-008	-0.0299375
4.1051e-008	-0.029625
4.1551e-008	-0.0293125
4.2051e-008	-0.029
4.2551e-008	-0.029625
4.3051e-008	-0.0286875
4.3551e-008	-0.028375
4.4051e-008	-0.028375
4.4551e-008	-0.0280625
4.5051e-008	-0.0280625
4.5551e-008	-0.028375
4.6051e-008	-0.028375
4.6551e-008	-0.0286875
4.7051e-008	-0.028375
4.7551e-008	-0.029
4.8051e-008	-0.029625
4.8551e-008	-0.028375
4.9051e-008	-0.0286875
4.9551e-008	-0.0286875
5.0051e-008	-0.029
5.0551e-008	-0.029
5.1051e-008	-0.0286875
5.1551e-008	-0.028375
5.2051e-008	-0.02775
5.2551e-008	-0.028375
5.3051e-008	-0.028375
5.3551e-008	-0.028375
5.4051e-008	-0.0280625
5.4551e-008	-0.0274375
5.5051e-008	-0.02775
5.5551e-008	-0.0280625
5.6051e-008	-0.028375
5.6551e-008	-0.0286875
5.7051e-008	-0.0286875
5.7551e-008	-0.029625
5.8051e-008	-0.0293125
5.8551e-008	-0.0299375
5.9051e-008	-0.029625
5.9551e-008	-0.0286875
6.0051e-008	-0.0286875
6.0551e-008	-0.029
6.1051e-008	-0.028375
6.1551e-008	-0.0280625
6.2051e-008	-0.0280625
6.2551e-008	-0.028375
6.3051e-008	-0.0274375
6.3551e-008	-0.0274375
6.4051e-008	-0.0280625
6.4551e-008	-0.02775
6.5051e-008	-0.0274375
6.5551e-008	-0.0280625
6.6051e-008	-0.028375
6.6551e-008	-0.0286875
6.7051e-008	-0.0286875
6.7551e-008	-0.029
6.8051e-008	-0.0293125
6.8551e-008	-0.0293125
6.9051e-008	-0.029
6.9551e-008	-0.0286875
7.0051e-008	-0.0286875
7.0551e-008	-0.028375
7.1051e-008	-0.02775
7.1551e-008	-0.02775
7.2051e-008	-0.0274375
7.2551e-008	-0.0274375
7.3051e-008	-0.0274375
7.3551e-008	-0.027125
7.4051e-008	-0.0268125
7.4551e-008	-0.027125
7.5051e-008	-0.0274375
7.5551e-008	-0.0268125
7.6051e-008	-0.02775
7.6551e-008	-0.0286875
7.7051e-008	-0.028375
7.7551e-008	-0.028375
7.8051e-008	-0.029625
7.8551e-008	-0.0286875
7.9051e-008	-0.028375
7.9551e-008	-0.029
8.0051e-008	-0.0293125
8.0551e-008	-0.029
8.1051e-008	-0.02775
8.1551e-008	-0.0274375
8.2051e-008	-0.0268125
8.2551e-008	-0.027125
8.3051e-008	-0.0268125
8.3551e-008	-0.0268125
8.4051e-008	-0.0268125
8.4551e-008	-0.0274375
8.5051e-008	-0.027125
8.5551e-008	-0.0274375
8.6051e-008	-0.027125
8.6551e-008	-0.02775
8.7051e-008	-0.0286875
8.7551e-008	-0.028375
8.8051e-008	-0.028375
8.8551e-008	-0.0280625
8.9051e-008	-0.02775
8.9551e-008	-0.028375
9.0051e-008	-0.02775
9.0551e-008	-0.0286875
9.1051e-008	-0.0280625
9.1551e-008	-0.0265
9.2051e-008	-0.0265
9.2551e-008	-0.027125
9.3051e-008	-0.0274375
9.3551e-008	-0.0261875
9.4051e-008	-0.0261875
9.4551e-008	-0.0274375
9.5051e-008	-0.0268125
9.5551e-008	-0.027125
9.6051e-008	-0.02775
9.6551e-008	-0.0274375
9.7051e-008	-0.0274375
9.7551e-008	-0.0280625
9.8051e-008	-0.0280625
9.8551e-008	-0.02775
9.9051e-008	-0.028375
9.9551e-008	-0.028375
1.00051e-007	-0.027125
1.00551e-007	-0.0268125
1.01051e-007	-0.027125
1.01551e-007	-0.0261875
1.02051e-007	-0.0261875
1.02551e-007	-0.0265
1.03051e-007	-0.0261875
1.03551e-007	-0.0255625
1.04051e-007	-0.0261875
1.04551e-007	-0.0265
1.05051e-007	-0.0268125
1.05551e-007	-0.0274375
1.06051e-007	-0.027125
1.06551e-007	-0.027125
1.07051e-007	-0.0274375
1.07551e-007	-0.027125
1.08051e-007	-0.0274375
1.08551e-007	-0.02775
1.09051e-007	-0.0274375
1.09551e-007	-0.0265
1.10051e-007	-0.0261875
1.10551e-007	-0.027125
1.11051e-007	-0.0265
1.11551e-007	-0.0255625
1.12051e-007	-0.0261875
1.12551e-007	-0.025875
1.13051e-007	-0.0261875
1.13551e-007	-0.025875
1.14051e-007	-0.025875
1.14551e-007	-0.027125
1.15051e-007	-0.0268125
1.15551e-007	-0.0268125
1.16051e-007	-0.0268125
1.16551e-007	-0.027125
1.17051e-007	-0.0274375
1.17551e-007	-0.027125
1.18051e-007	-0.02775
1.18551e-007	-0.027125
1.19051e-007	-0.0268125
1.19551e-007	-0.0274375
1.20051e-007	-0.0261875
1.20551e-007	-0.0261875
1.21051e-007	-0.025875
1.21551e-007	-0.02525
1.22051e-007	-0.0261875
1.22551e-007	-0.0255625
1.23051e-007	-0.0255625
1.23551e-007	-0.025875
1.24051e-007	-0.0255625
1.24551e-007	-0.0255625
1.25051e-007	-0.025875
1.25551e-007	-0.027125
1.26051e-007	-0.0268125
1.26551e-007	-0.0268125
1.27051e-007	-0.0268125
1.27551e-007	-0.0265
1.28051e-007	-0.0274375
1.28551e-007	-0.027125
1.29051e-007	-0.02525
1.29551e-007	-0.0261875
1.30051e-007	-0.0249375
1.30551e-007	-0.0249375
1.31051e-007	-0.024625
1.31551e-007	-0.024625
1.32051e-007	-0.0249375
1.32551e-007	-0.024
1.33051e-007	-0.0249375
1.33551e-007	-0.024625
1.34051e-007	-0.0249375
1.34551e-007	-0.0261875
1.35051e-007	-0.025875
1.35551e-007	-0.0255625
1.36051e-007	-0.025875
1.36551e-007	-0.0261875
1.37051e-007	-0.0261875
1.37551e-007	-0.0255625
1.38051e-007	-0.025875
1.38551e-007	-0.025875
1.39051e-007	-0.0249375
1.39551e-007	-0.024625
1.40051e-007	-0.024
1.40551e-007	-0.0249375
1.41051e-007	-0.024625
1.41551e-007	-0.0236875
1.42051e-007	-0.0236875
1.42551e-007	-0.023375
1.43051e-007	-0.0243125
1.43551e-007	-0.0243125
1.44051e-007	-0.024
1.44551e-007	-0.0243125
1.45051e-007	-0.024625
1.45551e-007	-0.0249375
1.46051e-007	-0.02525
1.46551e-007	-0.02525
1.47051e-007	-0.025875
1.47551e-007	-0.0249375
1.48051e-007	-0.0249375
1.48551e-007	-0.024625
1.49051e-007	-0.0243125
1.49551e-007	-0.0243125
1.50051e-007	-0.0243125
1.50551e-007	-0.024
1.51051e-007	-0.023375
1.51551e-007	-0.0236875
1.52051e-007	-0.0243125
1.52551e-007	-0.0230625
1.53051e-007	-0.0236875
1.53551e-007	-0.023375
1.54051e-007	-0.023375
1.54551e-007	-0.024
1.55051e-007	-0.024
1.55551e-007	-0.024625
1.56051e-007	-0.0249375
1.56551e-007	-0.02525
1.57051e-007	-0.024625
1.57551e-007	-0.0236875
1.58051e-007	-0.024
1.58551e-007	-0.0243125
1.59051e-007	-0.024
1.59551e-007	-0.0243125
1.60051e-007	-0.023375
1.60551e-007	-0.023375
1.61051e-007	-0.0230625
1.61551e-007	-0.023375
1.62051e-007	-0.023375
1.62551e-007	-0.02275
1.63051e-007	-0.023375
1.63551e-007	-0.0236875
1.64051e-007	-0.02275
1.64551e-007	-0.0236875
1.65051e-007	-0.0236875
1.65551e-007	-0.0236875
1.66051e-007	-0.0236875
1.66551e-007	-0.023375
1.67051e-007	-0.0236875
1.67551e-007	-0.023375
1.68051e-007	-0.0230625
1.68551e-007	-0.0224375
1.69051e-007	-0.0230625
1.69551e-007	-0.023375
1.70051e-007	-0.022125
1.70551e-007	-0.0224375
1.71051e-007	-0.0230625
1.71551e-007	-0.0224375
1.72051e-007	-0.02275
1.72551e-007	-0.02275
1.73051e-007	-0.023375
1.73551e-007	-0.0230625
1.74051e-007	-0.0224375
1.74551e-007	-0.0230625
1.75051e-007	-0.02275
1.75551e-007	-0.022125
1.76051e-007	-0.022125
1.76551e-007	-0.0218125
1.77051e-007	-0.0224375
1.77551e-007	-0.0218125
1.78051e-007	-0.0218125
1.78551e-007	-0.0211875
1.79051e-007	-0.020875
1.79551e-007	-0.020875
1.80051e-007	-0.0218125
1.80551e-007	-0.0224375
1.81051e-007	-0.0218125
1.81551e-007	-0.022125
1.82051e-007	-0.02275
1.82551e-007	-0.0224375
1.83051e-007	-0.0224375
1.83551e-007	-0.0224375
1.84051e-007	-0.02275
1.84551e-007	-0.023375
1.85051e-007	-0.022125
1.85551e-007	-0.02275
1.86051e-007	-0.0215
1.86551e-007	-0.0218125
1.87051e-007	-0.0215
1.87551e-007	-0.020875
1.88051e-007	-0.020875
1.88551e-007	-0.0199375
1.89051e-007	-0.0199375
1.89551e-007	-0.020875
1.90051e-007	-0.02025
1.90551e-007	-0.0218125
1.91051e-007	-0.0211875
1.91551e-007	-0.022125
1.92051e-007	-0.0224375
1.92551e-007	-0.022125
1.93051e-007	-0.02275
1.93551e-007	-0.022125
1.94051e-007	-0.022125
1.94551e-007	-0.022125
1.95051e-007	-0.0224375
1.95551e-007	-0.0218125
1.96051e-007	-0.0211875
1.96551e-007	-0.020875
1.97051e-007	-0.02025
1.97551e-007	-0.0199375
1.98051e-007	-0.019625
1.98551e-007	-0.0193125
1.99051e-007	-0.02025
1.99551e-007	-0.019625
2.00051e-007	-0.02025
2.00551e-007	-0.020875
2.01051e-007	-0.020875
2.01551e-007	-0.022125
2.02051e-007	-0.022125
2.02551e-007	-0.0215
2.03051e-007	-0.022125
2.03551e-007	-0.0215
2.04051e-007	-0.0224375
2.04551e-007	-0.0215
2.05051e-007	-0.020875
2.05551e-007	-0.020875
2.06051e-007	-0.0199375
2.06551e-007	-0.0205625
2.07051e-007	-0.019625
2.07551e-007	-0.019
2.08051e-007	-0.0193125
2.08551e-007	-0.019
2.09051e-007	-0.019
2.09551e-007	-0.0186875
2.10051e-007	-0.019
2.10551e-007	-0.0199375
2.11051e-007	-0.019625
2.11551e-007	-0.020875
2.12051e-007	-0.02025
2.12551e-007	-0.020875
2.13051e-007	-0.0218125
2.13551e-007	-0.0211875
2.14051e-007	-0.0211875
2.14551e-007	-0.0205625
2.15051e-007	-0.0211875
2.15551e-007	-0.020875
2.16051e-007	-0.0193125
2.16551e-007	-0.0193125
2.17051e-007	-0.0186875
2.17551e-007	-0.0180625
2.18051e-007	-0.019
2.18551e-007	-0.0186875
2.19051e-007	-0.019625
2.19551e-007	-0.019
2.20051e-007	-0.019
2.20551e-007	-0.019
2.21051e-007	-0.0199375
2.21551e-007	-0.0205625
2.22051e-007	-0.019625
2.22551e-007	-0.02025
2.23051e-007	-0.020875
2.23551e-007	-0.0211875
2.24051e-007	-0.0211875
2.24551e-007	-0.0199375
2.25051e-007	-0.0199375
2.25551e-007	-0.019
2.26051e-007	-0.0186875
2.26551e-007	-0.0186875
2.27051e-007	-0.018375
2.27551e-007	-0.018375
2.28051e-007	-0.01775
2.28551e-007	-0.018375
2.29051e-007	-0.0186875
2.29551e-007	-0.019
2.30051e-007	-0.019
2.30551e-007	-0.0193125
2.31051e-007	-0.0193125
2.31551e-007	-0.0199375
2.32051e-007	-0.0193125
2.32551e-007	-0.0199375
2.33051e-007	-0.019625
2.33551e-007	-0.0199375
2.34051e-007	-0.0199375
2.34551e-007	-0.0193125
2.35051e-007	-0.0186875
2.35551e-007	-0.018375
2.36051e-007	-0.018375
2.36551e-007	-0.0180625
2.37051e-007	-0.0174375
2.37551e-007	-0.018375
2.38051e-007	-0.018375
2.38551e-007	-0.018375
2.39051e-007	-0.018375
2.39551e-007	-0.018375
2.40051e-007	-0.019625
2.40551e-007	-0.0193125
2.41051e-007	-0.019
2.41551e-007	-0.0186875
2.42051e-007	-0.018375
2.42551e-007	-0.019
2.43051e-007	-0.019
2.43551e-007	-0.01775
2.44051e-007	-0.018375
2.44551e-007	-0.0180625
2.45051e-007	-0.0180625
2.45551e-007	-0.01775
2.46051e-007	-0.01775
2.46551e-007	-0.018375
2.47051e-007	-0.0180625
2.47551e-007	-0.0174375
2.48051e-007	-0.0180625
2.48551e-007	-0.0186875
2.49051e-007	-0.018375
2.49551e-007	-0.0180625
2.50051e-007	-0.019
2.50551e-007	-0.0186875
2.51051e-007	-0.0186875
2.51551e-007	-0.0186875
2.52051e-007	-0.018375
2.52551e-007	-0.018375
2.53051e-007	-0.01775
2.53551e-007	-0.0180625
2.54051e-007	-0.01775
2.54551e-007	-0.0174375
2.55051e-007	-0.0174375
2.55551e-007	-0.0174375
2.56051e-007	-0.0168125
2.56551e-007	-0.017125
2.57051e-007	-0.0168125
2.57551e-007	-0.01775
2.58051e-007	-0.01775
2.58551e-007	-0.01775
2.59051e-007	-0.018375
2.59551e-007	-0.01775
2.60051e-007	-0.0186875
2.60551e-007	-0.0186875
2.61051e-007	-0.019
2.61551e-007	-0.018375
2.62051e-007	-0.0174375
2.62551e-007	-0.01775
2.63051e-007	-0.0174375
2.63551e-007	-0.0165
2.64051e-007	-0.0168125
2.64551e-007	-0.0165
2.65051e-007	-0.0165
2.65551e-007	-0.015875
2.66051e-007	-0.0168125
2.66551e-007	-0.017125
2.67051e-007	-0.0165
2.67551e-007	-0.017125
2.68051e-007	-0.01775
2.68551e-007	-0.017125
2.69051e-007	-0.0174375
2.69551e-007	-0.01775
2.70051e-007	-0.01775
2.70551e-007	-0.017125
2.71051e-007	-0.017125
2.71551e-007	-0.01775
2.72051e-007	-0.0174375
2.72551e-007	-0.0165
2.73051e-007	-0.015875
2.73551e-007	-0.017125
2.74051e-007	-0.0174375
2.74551e-007	-0.0161875
2.75051e-007	-0.015875
2.75551e-007	-0.0165
2.76051e-007	-0.0168125
2.76551e-007	-0.017125
2.77051e-007	-0.0161875
2.77551e-007	-0.017125
2.78051e-007	-0.0165
2.78551e-007	-0.0165
2.79051e-007	-0.01775
2.79551e-007	-0.0174375
2.80051e-007	-0.017125
2.80551e-007	-0.0165
2.81051e-007	-0.017125
2.81551e-007	-0.017125
2.82051e-007	-0.0165
2.82551e-007	-0.0168125
2.83051e-007	-0.0161875
2.83551e-007	-0.0165
2.84051e-007	-0.0168125
2.84551e-007	-0.0161875
2.85051e-007	-0.0161875
2.85551e-007	-0.015875
2.86051e-007	-0.0165
2.86551e-007	-0.0168125
2.87051e-007	-0.0165
2.87551e-007	-0.0174375
2.88051e-007	-0.0174375
2.88551e-007	-0.0165
2.89051e-007	-0.0161875
2.89551e-007	-0.0161875
2.90051e-007	-0.017125
2.90551e-007	-0.0161875
2.91051e-007	-0.0161875
2.91551e-007	-0.015875
2.92051e-007	-0.0155625
2.92551e-007	-0.0155625
2.93051e-007	-0.01525
2.93551e-007	-0.015875
2.94051e-007	-0.0165
2.94551e-007	-0.0161875
2.95051e-007	-0.0165
2.95551e-007	-0.015875
2.96051e-007	-0.0168125
2.96551e-007	-0.0165
2.97051e-007	-0.01525
2.97551e-007	-0.0161875
2.98051e-007	-0.0161875
2.98551e-007	-0.015875
2.99051e-007	-0.01525
2.99551e-007	-0.01525
3.00051e-007	-0.0155625
3.00551e-007	-0.01525
3.01051e-007	-0.015875
3.01551e-007	-0.01525
3.02051e-007	-0.0143125
3.02551e-007	-0.0149375
3.03051e-007	-0.0149375
3.03551e-007	-0.015875
3.04051e-007	-0.0155625
3.04551e-007	-0.0155625
3.05051e-007	-0.0155625
3.05551e-007	-0.015875
3.06051e-007	-0.0168125
3.06551e-007	-0.0165
3.07051e-007	-0.015875
3.07551e-007	-0.015875
3.08051e-007	-0.0155625
3.08551e-007	-0.015875
3.09051e-007	-0.01525
3.09551e-007	-0.0143125
3.10051e-007	-0.0149375
3.10551e-007	-0.014625
3.11051e-007	-0.0149375
3.11551e-007	-0.0143125
3.12051e-007	-0.0136875
3.12551e-007	-0.0149375
3.13051e-007	-0.0149375
3.13551e-007	-0.014625
3.14051e-007	-0.0155625
3.14551e-007	-0.015875
3.15051e-007	-0.015875
3.15551e-007	-0.015875
3.16051e-007	-0.0165
3.16551e-007	-0.015875
3.17051e-007	-0.0155625
3.17551e-007	-0.0161875
3.18051e-007	-0.0155625
3.18551e-007	-0.0149375
3.19051e-007	-0.0143125
3.19551e-007	-0.014625
3.20051e-007	-0.014625
3.20551e-007	-0.0143125
3.21051e-007	-0.0149375
3.21551e-007	-0.0143125
3.22051e-007	-0.0143125
3.22551e-007	-0.0149375
3.23051e-007	-0.0149375
3.23551e-007	-0.015875
3.24051e-007	-0.01525
3.24551e-007	-0.015875
3.25051e-007	-0.015875
3.25551e-007	-0.0155625
3.26051e-007	-0.015875
3.26551e-007	-0.0149375
3.27051e-007	-0.0149375
3.27551e-007	-0.0149375
3.28051e-007	-0.014
3.28551e-007	-0.014
3.29051e-007	-0.013375
3.29551e-007	-0.013375
3.30051e-007	-0.0136875
3.30551e-007	-0.013375
3.31051e-007	-0.014
3.31551e-007	-0.013375
3.32051e-007	-0.0143125
3.32551e-007	-0.0143125
3.33051e-007	-0.014625
3.33551e-007	-0.0149375
3.34051e-007	-0.014625
3.34551e-007	-0.0155625
3.35051e-007	-0.0155625
3.35551e-007	-0.01525
3.36051e-007	-0.0149375
3.36551e-007	-0.0143125
3.37051e-007	-0.014625
3.37551e-007	-0.013375
3.38051e-007	-0.0136875
3.38551e-007	-0.014
3.39051e-007	-0.013375
3.39551e-007	-0.01275
3.40051e-007	-0.0124375
3.40551e-007	-0.01275
3.41051e-007	-0.014
3.41551e-007	-0.013375
3.42051e-007	-0.0143125
3.42551e-007	-0.014625
3.43051e-007	-0.014625
3.43551e-007	-0.0149375
3.44051e-007	-0.014625
3.44551e-007	-0.0149375
3.45051e-007	-0.0149375
3.45551e-007	-0.0136875
3.46051e-007	-0.013375
3.46551e-007	-0.0136875
3.47051e-007	-0.013375
3.47551e-007	-0.01275
3.48051e-007	-0.0130625
3.48551e-007	-0.0124375
3.49051e-007	-0.012125
3.49551e-007	-0.012125
3.50051e-007	-0.01275
3.50551e-007	-0.0130625
3.51051e-007	-0.013375
3.51551e-007	-0.013375
3.52051e-007	-0.014625
3.52551e-007	-0.0149375
3.53051e-007	-0.0149375
3.53551e-007	-0.01525
3.54051e-007	-0.0149375
3.54551e-007	-0.0143125
3.55051e-007	-0.014
3.55551e-007	-0.014
3.56051e-007	-0.01275
3.56551e-007	-0.012125
3.57051e-007	-0.0130625
3.57551e-007	-0.0124375
3.58051e-007	-0.0118125
3.58551e-007	-0.0115
3.59051e-007	-0.0118125
3.59551e-007	-0.0118125
3.60051e-007	-0.01275
3.60551e-007	-0.0130625
3.61051e-007	-0.0130625
3.61551e-007	-0.0136875
3.62051e-007	-0.014625
3.62551e-007	-0.0143125
3.63051e-007	-0.014625
3.63551e-007	-0.014625
3.64051e-007	-0.0149375
3.64551e-007	-0.014
3.65051e-007	-0.013375
3.65551e-007	-0.013375
3.66051e-007	-0.013375
3.66551e-007	-0.01275
3.67051e-007	-0.0115
3.67551e-007	-0.0111875
3.68051e-007	-0.0115
3.68551e-007	-0.010875
3.69051e-007	-0.0111875
3.69551e-007	-0.0118125
3.70051e-007	-0.0124375
3.70551e-007	-0.0118125
3.71051e-007	-0.0130625
3.71551e-007	-0.0143125
3.72051e-007	-0.0143125
3.72551e-007	-0.014625
3.73051e-007	-0.0143125
3.73551e-007	-0.014
3.74051e-007	-0.0136875
3.74551e-007	-0.014
3.75051e-007	-0.0136875
3.75551e-007	-0.0124375
3.76051e-007	-0.0115
3.76551e-007	-0.0111875
3.77051e-007	-0.010875
3.77551e-007	-0.010875
3.78051e-007	-0.0105625
3.78551e-007	-0.010875
3.79051e-007	-0.0115
3.79551e-007	-0.010875
3.80051e-007	-0.0111875
3.80551e-007	-0.0124375
3.81051e-007	-0.013375
3.81551e-007	-0.0130625
3.82051e-007	-0.013375
3.82551e-007	-0.0136875
3.83051e-007	-0.0136875
3.83551e-007	-0.0136875
3.84051e-007	-0.0136875
3.84551e-007	-0.0136875
3.85051e-007	-0.01275
3.85551e-007	-0.0118125
3.86051e-007	-0.0118125
3.86551e-007	-0.0115
3.87051e-007	-0.010875
3.87551e-007	-0.0105625
3.88051e-007	-0.010875
3.88551e-007	-0.0105625
3.89051e-007	-0.0105625
3.89551e-007	-0.0105625
3.90051e-007	-0.0115
3.90551e-007	-0.0118125
3.91051e-007	-0.0124375
3.91551e-007	-0.012125
3.92051e-007	-0.01275
3.92551e-007	-0.0130625
3.93051e-007	-0.0143125
3.93551e-007	-0.0136875
3.94051e-007	-0.0130625
3.94551e-007	-0.013375
3.95051e-007	-0.01275
3.95551e-007	-0.0118125
3.96051e-007	-0.0118125
3.96551e-007	-0.0111875
3.97051e-007	-0.0111875
3.97551e-007	-0.0105625
3.98051e-007	-0.010875
3.98551e-007	-0.0115
3.99051e-007	-0.010875
3.99551e-007	-0.0105625
4.00051e-007	-0.0105625
4.00551e-007	-0.0115
4.01051e-007	-0.012125
4.01551e-007	-0.0115
4.02051e-007	-0.012125
4.02551e-007	-0.0130625
4.03051e-007	-0.0130625
4.03551e-007	-0.0130625
4.04051e-007	-0.01275
4.04551e-007	-0.0124375
4.05051e-007	-0.0130625
4.05551e-007	-0.012125
4.06051e-007	-0.0118125
4.06551e-007	-0.0115
4.07051e-007	-0.0115
4.07551e-007	-0.0111875
4.08051e-007	-0.010875
4.08551e-007	-0.0099375
4.09051e-007	-0.01025
4.09551e-007	-0.0105625
4.10051e-007	-0.0111875
4.10551e-007	-0.0111875
4.11051e-007	-0.010875
4.11551e-007	-0.0105625
4.12051e-007	-0.0118125
4.12551e-007	-0.0118125
4.13051e-007	-0.0124375
4.13551e-007	-0.0124375
4.14051e-007	-0.0124375
4.14551e-007	-0.0118125
4.15051e-007	-0.012125
4.15551e-007	-0.0118125
4.16051e-007	-0.012125
4.16551e-007	-0.0115
4.17051e-007	-0.012125
4.17551e-007	-0.0111875
4.18051e-007	-0.0115
4.18551e-007	-0.0111875
4.19051e-007	-0.0105625
4.19551e-007	-0.0105625
4.20051e-007	-0.010875
4.20551e-007	-0.01025
4.21051e-007	-0.01025
4.21551e-007	-0.0111875
4.22051e-007	-0.0115
4.22551e-007	-0.010875
4.23051e-007	-0.0111875
4.23551e-007	-0.0111875
4.24051e-007	-0.0115
4.24551e-007	-0.0118125
4.25051e-007	-0.0118125
4.25551e-007	-0.0115
4.26051e-007	-0.0118125
4.26551e-007	-0.0118125
4.27051e-007	-0.0111875
4.27551e-007	-0.010875
4.28051e-007	-0.0111875
4.28551e-007	-0.010875
4.29051e-007	-0.010875
4.29551e-007	-0.01025
4.30051e-007	-0.0099375
4.30551e-007	-0.01025
4.31051e-007	-0.01025
4.31551e-007	-0.0105625
4.32051e-007	-0.0105625
4.32551e-007	-0.0099375
4.33051e-007	-0.0111875
4.33551e-007	-0.0111875
4.34051e-007	-0.0111875
4.34551e-007	-0.0118125
4.35051e-007	-0.012125
4.35551e-007	-0.0115
4.36051e-007	-0.012125
4.36551e-007	-0.0118125
4.37051e-007	-0.012125
4.37551e-007	-0.0111875
4.38051e-007	-0.010875
4.38551e-007	-0.0105625
4.39051e-007	-0.0105625
4.39551e-007	-0.01025
4.40051e-007	-0.01025
4.40551e-007	-0.0093125
4.41051e-007	-0.009625
4.41551e-007	-0.01025
4.42051e-007	-0.0105625
4.42551e-007	-0.0099375
4.43051e-007	-0.0099375
4.43551e-007	-0.010875
4.44051e-007	-0.0111875
4.44551e-007	-0.0105625
4.45051e-007	-0.0105625
4.45551e-007	-0.0115
4.46051e-007	-0.0115
4.46551e-007	-0.0111875
4.47051e-007	-0.010875
4.47551e-007	-0.0115
4.48051e-007	-0.0111875
4.48551e-007	-0.0105625
4.49051e-007	-0.009625
4.49551e-007	-0.0093125
4.50051e-007	-0.009
4.50551e-007	-0.009625
4.51051e-007	-0.0086875
4.51551e-007	-0.0093125
4.52051e-007	-0.01025
4.52551e-007	-0.009625
4.53051e-007	-0.009625
4.53551e-007	-0.0105625
4.54051e-007	-0.0111875
4.54551e-007	-0.0115
4.55051e-007	-0.010875
4.55551e-007	-0.0105625
4.56051e-007	-0.010875
4.56551e-007	-0.0105625
4.57051e-007	-0.0105625
4.57551e-007	-0.01025
4.58051e-007	-0.010875
4.58551e-007	-0.0099375
4.59051e-007	-0.009625
4.59551e-007	-0.0099375
4.60051e-007	-0.0099375
4.60551e-007	-0.0099375
4.61051e-007	-0.009
4.61551e-007	-0.009625
4.62051e-007	-0.01025
4.62551e-007	-0.0099375
4.63051e-007	-0.010875
4.63551e-007	-0.0099375
4.64051e-007	-0.0105625
4.64551e-007	-0.0111875
4.65051e-007	-0.010875
4.65551e-007	-0.010875
4.66051e-007	-0.0105625
4.66551e-007	-0.010875
4.67051e-007	-0.0105625
4.67551e-007	-0.0099375
4.68051e-007	-0.0099375
4.68551e-007	-0.009
4.69051e-007	-0.0093125
4.69551e-007	-0.0093125
4.70051e-007	-0.0080625
4.70551e-007	-0.009625
4.71051e-007	-0.0086875
4.71551e-007	-0.009
4.72051e-007	-0.0099375
4.72551e-007	-0.0099375
4.73051e-007	-0.0105625
4.73551e-007	-0.010875
4.74051e-007	-0.010875
4.74551e-007	-0.0105625
4.75051e-007	-0.0099375
4.75551e-007	-0.010875
4.76051e-007	-0.01025
4.76551e-007	-0.0105625
4.77051e-007	-0.01025
4.77551e-007	-0.009625
4.78051e-007	-0.0099375
4.78551e-007	-0.009
4.79051e-007	-0.0086875
4.79551e-007	-0.009
4.80051e-007	-0.0086875
4.80551e-007	-0.009
4.81051e-007	-0.0086875
4.81551e-007	-0.009625
4.82051e-007	-0.0099375
4.82551e-007	-0.009625
4.83051e-007	-0.010875
4.83551e-007	-0.010875
4.84051e-007	-0.0111875
4.84551e-007	-0.0099375
4.85051e-007	-0.010875
4.85551e-007	-0.010875
4.86051e-007	-0.0099375
4.86551e-007	-0.009625
4.87051e-007	-0.009
4.87551e-007	-0.008375
4.88051e-007	-0.0086875
4.88551e-007	-0.0086875
4.89051e-007	-0.0086875
4.89551e-007	-0.0080625
4.90051e-007	-0.00775
4.90551e-007	-0.009
4.91051e-007	-0.008375
4.91551e-007	-0.0093125
4.92051e-007	-0.0093125
4.92551e-007	-0.0093125
4.93051e-007	-0.0099375
4.93551e-007	-0.01025
4.94051e-007	-0.01025
4.94551e-007	-0.0105625
4.95051e-007	-0.009625
4.95551e-007	-0.0099375
4.96051e-007	-0.009
4.96551e-007	-0.01025
4.97051e-007	-0.0093125
4.97551e-007	-0.009
4.98051e-007	-0.0086875
4.98551e-007	-0.0080625
4.99051e-007	-0.00775
4.99551e-007	-0.00775
5.00051e-007	-0.009
5.00551e-007	-0.009625
5.01051e-007	-0.0086875
5.01551e-007	-0.009
5.02051e-007	-0.008375
5.02551e-007	-0.0093125
5.03051e-007	-0.0105625
5.03551e-007	-0.0099375
5.04051e-007	-0.010875
5.04551e-007	-0.009625
5.05051e-007	-0.009
5.05551e-007	-0.0093125
5.06051e-007	-0.009
5.06551e-007	-0.009
5.07051e-007	-0.0086875
5.07551e-007	-0.0086875
5.08051e-007	-0.0086875
5.08551e-007	-0.008375
5.09051e-007	-0.0086875
5.09551e-007	-0.00775
5.10051e-007	-0.0086875
5.10551e-007	-0.0086875
5.11051e-007	-0.0086875
5.11551e-007	-0.0093125
5.12051e-007	-0.009
5.12551e-007	-0.009625
5.13051e-007	-0.009625
5.13551e-007	-0.0093125
5.14051e-007	-0.0093125
5.14551e-007	-0.0086875
5.15051e-007	-0.0086875
5.15551e-007	-0.0093125
5.16051e-007	-0.009
5.16551e-007	-0.009625
5.17051e-007	-0.008375
5.17551e-007	-0.0086875
5.18051e-007	-0.008375
5.18551e-007	-0.009
5.19051e-007	-0.0080625
5.19551e-007	-0.0080625
5.20051e-007	-0.0080625
5.20551e-007	-0.009
5.21051e-007	-0.009
5.21551e-007	-0.0086875
5.22051e-007	-0.0086875
5.22551e-007	-0.009
5.23051e-007	-0.0086875
5.23551e-007	-0.009
5.24051e-007	-0.0086875
5.24551e-007	-0.008375
5.25051e-007	-0.008375
5.25551e-007	-0.0080625
5.26051e-007	-0.0080625
5.26551e-007	-0.009
5.27051e-007	-0.0086875
5.27551e-007	-0.008375
5.28051e-007	-0.0086875
5.28551e-007	-0.00775
5.29051e-007	-0.009
5.29551e-007	-0.009
5.30051e-007	-0.008375
5.30551e-007	-0.0080625
5.31051e-007	-0.008375
5.31551e-007	-0.0086875
5.32051e-007	-0.008375
5.32551e-007	-0.0086875
5.33051e-007	-0.0086875
5.33551e-007	-0.00775
5.34051e-007	-0.0074375
5.34551e-007	-0.00775
5.35051e-007	-0.008375
5.35551e-007	-0.0086875
5.36051e-007	-0.009
5.36551e-007	-0.009625
5.37051e-007	-0.0086875
5.37551e-007	-0.008375
5.38051e-007	-0.0086875
5.38551e-007	-0.0086875
5.39051e-007	-0.0086875
5.39551e-007	-0.0099375
5.40051e-007	-0.009
5.40551e-007	-0.0086875
5.41051e-007	-0.008375
5.41551e-007	-0.008375
5.42051e-007	-0.0074375
5.42551e-007	-0.008375
5.43051e-007	-0.0080625
5.43551e-007	-0.0080625
5.44051e-007	-0.0080625
5.44551e-007	-0.0080625
5.45051e-007	-0.00775
5.45551e-007	-0.0080625
5.46051e-007	-0.0080625
5.46551e-007	-0.009
5.47051e-007	-0.0093125
5.47551e-007	-0.008375
5.48051e-007	-0.0086875
5.48551e-007	-0.009
5.49051e-007	-0.0086875
5.49551e-007	-0.008375
5.50051e-007	-0.009
5.50551e-007	-0.0093125
5.51051e-007	-0.00775
5.51551e-007	-0.00775
5.52051e-007	-0.0080625
5.52551e-007	-0.00775
5.53051e-007	-0.0074375
5.53551e-007	-0.00775
5.54051e-007	-0.0080625
5.54551e-007	-0.0074375
5.55051e-007	-0.0074375
5.55551e-007	-0.00775
5.56051e-007	-0.0080625
5.56551e-007	-0.009
5.57051e-007	-0.0086875
5.57551e-007	-0.008375
5.58051e-007	-0.0080625
5.58551e-007	-0.008375
5.59051e-007	-0.0080625
5.59551e-007	-0.008375
5.60051e-007	-0.009
5.60551e-007	-0.0086875
5.61051e-007	-0.00775
5.61551e-007	-0.0074375
5.62051e-007	-0.0074375
5.62551e-007	-0.0074375
5.63051e-007	-0.0074375
5.63551e-007	-0.007125
5.64051e-007	-0.0065
5.64551e-007	-0.007125
5.65051e-007	-0.0074375
5.65551e-007	-0.0074375
5.66051e-007	-0.007125
5.66551e-007	-0.0080625
5.67051e-007	-0.008375
5.67551e-007	-0.008375
5.68051e-007	-0.00775
5.68551e-007	-0.0086875
5.69051e-007	-0.0093125
5.69551e-007	-0.0086875
5.70051e-007	-0.008375
5.70551e-007	-0.008375
5.71051e-007	-0.0080625
5.71551e-007	-0.0074375
5.72051e-007	-0.007125
5.72551e-007	-0.0068125
5.73051e-007	-0.0068125
5.73551e-007	-0.0068125
5.74051e-007	-0.0068125
5.74551e-007	-0.0068125
5.75051e-007	-0.007125
5.75551e-007	-0.0065
5.76051e-007	-0.007125
5.76551e-007	-0.00775
5.77051e-007	-0.0074375
5.77551e-007	-0.0074375
5.78051e-007	-0.0074375
5.78551e-007	-0.0080625
5.79051e-007	-0.008375
5.79551e-007	-0.0080625
5.80051e-007	-0.00775
5.80551e-007	-0.008375
5.81051e-007	-0.008375
5.81551e-007	-0.0074375
5.82051e-007	-0.0074375
5.82551e-007	-0.007125
5.83051e-007	-0.0068125
5.83551e-007	-0.007125
5.84051e-007	-0.0065
5.84551e-007	-0.0065
5.85051e-007	-0.0065
5.85551e-007	-0.007125
5.86051e-007	-0.0065
5.86551e-007	-0.007125
5.87051e-007	-0.007125
5.87551e-007	-0.007125
5.88051e-007	-0.0074375
5.88551e-007	-0.00775
5.89051e-007	-0.0074375
5.89551e-007	-0.0074375
5.90051e-007	-0.00775
5.90551e-007	-0.00775
5.91051e-007	-0.007125
5.91551e-007	-0.0068125
5.92051e-007	-0.0074375
5.92551e-007	-0.007125
5.93051e-007	-0.0074375
5.93551e-007	-0.00775
5.94051e-007	-0.0074375
5.94551e-007	-0.0065
5.95051e-007	-0.0061875
5.95551e-007	-0.0065
5.96051e-007	-0.0065
5.96551e-007	-0.0068125
5.97051e-007	-0.0061875
5.97551e-007	-0.0068125
5.98051e-007	-0.0068125
5.98551e-007	-0.0065
5.99051e-007	-0.00775
5.99551e-007	-0.008375
6.00051e-007	-0.00775
6.00551e-007	-0.00775
6.01051e-007	-0.0074375
6.01551e-007	-0.00775
6.02051e-007	-0.008375
6.02551e-007	-0.008375
6.03051e-007	-0.0074375
6.03551e-007	-0.0068125
6.04051e-007	-0.0068125
6.04551e-007	-0.0065
6.05051e-007	-0.0061875
6.05551e-007	-0.007125
6.06051e-007	-0.0061875
6.06551e-007	-0.0061875
6.07051e-007	-0.0065
6.07551e-007	-0.0065
6.08051e-007	-0.0061875
6.08551e-007	-0.0068125
6.09051e-007	-0.0074375
6.09551e-007	-0.0074375
6.10051e-007	-0.007125
6.10551e-007	-0.007125
6.11051e-007	-0.0074375
6.11551e-007	-0.0086875
6.12051e-007	-0.00775
6.12551e-007	-0.007125
6.13051e-007	-0.0074375
6.13551e-007	-0.007125
6.14051e-007	-0.0074375
6.14551e-007	-0.007125
6.15051e-007	-0.0068125
6.15551e-007	-0.0065
6.16051e-007	-0.0061875
6.16551e-007	-0.0065
6.17051e-007	-0.0055625
6.17551e-007	-0.0061875
6.18051e-007	-0.0061875
6.18551e-007	-0.0061875
6.19051e-007	-0.0074375
6.19551e-007	-0.0074375
6.20051e-007	-0.0074375
6.20551e-007	-0.0074375
6.21051e-007	-0.007125
6.21551e-007	-0.00775
6.22051e-007	-0.007125
6.22551e-007	-0.007125
6.23051e-007	-0.007125
6.23551e-007	-0.007125
6.24051e-007	-0.0068125
6.24551e-007	-0.0061875
6.25051e-007	-0.0061875
6.25551e-007	-0.0068125
6.26051e-007	-0.0065
6.26551e-007	-0.0061875
6.27051e-007	-0.0055625
6.27551e-007	-0.007125
6.28051e-007	-0.0061875
6.28551e-007	-0.00525
6.29051e-007	-0.0065
6.29551e-007	-0.0065
6.30051e-007	-0.007125
6.30551e-007	-0.007125
6.31051e-007	-0.0065
6.31551e-007	-0.007125
6.32051e-007	-0.0065
6.32551e-007	-0.0068125
6.33051e-007	-0.0068125
6.33551e-007	-0.0068125
6.34051e-007	-0.0065
6.34551e-007	-0.0061875
6.35051e-007	-0.0065
6.35551e-007	-0.0061875
6.36051e-007	-0.005875
6.36551e-007	-0.0061875
6.37051e-007	-0.0061875
6.37551e-007	-0.0065
6.38051e-007	-0.005875
6.38551e-007	-0.0061875
6.39051e-007	-0.007125
6.39551e-007	-0.0068125
6.40051e-007	-0.0068125
6.40551e-007	-0.0068125
6.41051e-007	-0.0065
6.41551e-007	-0.007125
6.42051e-007	-0.0061875
6.42551e-007	-0.0068125
6.43051e-007	-0.005875
6.43551e-007	-0.005875
6.44051e-007	-0.005875
6.44551e-007	-0.005875
6.45051e-007	-0.005875
6.45551e-007	-0.0061875
6.46051e-007	-0.0061875
6.46551e-007	-0.007125
6.47051e-007	-0.0065
6.47551e-007	-0.007125
6.48051e-007	-0.0068125
6.48551e-007	-0.0068125
6.49051e-007	-0.0074375
6.49551e-007	-0.007125
6.50051e-007	-0.007125
6.50551e-007	-0.0068125
6.51051e-007	-0.0074375
6.51551e-007	-0.0068125
6.52051e-007	-0.0055625
6.52551e-007	-0.005875
6.53051e-007	-0.0055625
6.53551e-007	-0.0049375
6.54051e-007	-0.005875
6.54551e-007	-0.0055625
6.55051e-007	-0.005875
6.55551e-007	-0.00525
6.56051e-007	-0.0061875
6.56551e-007	-0.007125
6.57051e-007	-0.0065
6.57551e-007	-0.0061875
6.58051e-007	-0.0065
6.58551e-007	-0.0074375
6.59051e-007	-0.0074375
6.59551e-007	-0.0065
6.60051e-007	-0.0068125
6.60551e-007	-0.0065
6.61051e-007	-0.0065
6.61551e-007	-0.0061875
6.62051e-007	-0.0055625
6.62551e-007	-0.0061875
6.63051e-007	-0.0055625
6.63551e-007	-0.0049375
6.64051e-007	-0.0049375
6.64551e-007	-0.0055625
6.65051e-007	-0.0061875
6.65551e-007	-0.0055625
6.66051e-007	-0.0055625
6.66551e-007	-0.0068125
6.67051e-007	-0.0065
6.67551e-007	-0.007125
6.68051e-007	-0.0068125
6.68551e-007	-0.0074375
6.69051e-007	-0.0074375
6.69551e-007	-0.007125
6.70051e-007	-0.007125
6.70551e-007	-0.0065
6.71051e-007	-0.0068125
6.71551e-007	-0.0065
6.72051e-007	-0.0061875
6.72551e-007	-0.0055625
6.73051e-007	-0.004625
6.73551e-007	-0.0043125
6.74051e-007	-0.00525
6.74551e-007	-0.0043125
6.75051e-007	-0.0049375
6.75551e-007	-0.00525
6.76051e-007	-0.0055625
6.76551e-007	-0.005875
6.77051e-007	-0.0065
6.77551e-007	-0.0065
6.78051e-007	-0.0061875
6.78551e-007	-0.0068125
6.79051e-007	-0.007125
6.79551e-007	-0.0068125
6.80051e-007	-0.0074375
6.80551e-007	-0.0065
6.81051e-007	-0.0061875
6.81551e-007	-0.0061875
6.82051e-007	-0.0055625
6.82551e-007	-0.00525
6.83051e-007	-0.004625
6.83551e-007	-0.0049375
6.84051e-007	-0.00525
6.84551e-007	-0.00525
6.85051e-007	-0.00525
6.85551e-007	-0.00525
6.86051e-007	-0.0049375
6.86551e-007	-0.0055625
6.87051e-007	-0.005875
6.87551e-007	-0.0065
6.88051e-007	-0.0061875
6.88551e-007	-0.007125
6.89051e-007	-0.0068125
6.89551e-007	-0.0065
6.90051e-007	-0.0061875
6.90551e-007	-0.0061875
6.91051e-007	-0.0061875
6.91551e-007	-0.0061875
6.92051e-007	-0.0055625
6.92551e-007	-0.0049375
6.93051e-007	-0.00525
6.93551e-007	-0.0055625
6.94051e-007	-0.005875
6.94551e-007	-0.004625
6.95051e-007	-0.004625
6.95551e-007	-0.0049375
6.96051e-007	-0.005875
6.96551e-007	-0.00525
6.97051e-007	-0.00525
6.97551e-007	-0.0055625
6.98051e-007	-0.0055625
6.98551e-007	-0.0055625
6.99051e-007	-0.0061875
6.99551e-007	-0.0061875
7.00051e-007	-0.005875
7.00551e-007	-0.00525
7.01051e-007	-0.0061875
7.01551e-007	-0.00525
7.02051e-007	-0.004625
7.02551e-007	-0.0049375
7.03051e-007	-0.0049375
7.03551e-007	-0.0049375
7.04051e-007	-0.0055625
7.04551e-007	-0.0049375
7.05051e-007	-0.0049375
7.05551e-007	-0.00525
7.06051e-007	-0.0049375
7.06551e-007	-0.00525
7.07051e-007	-0.0049375
7.07551e-007	-0.004625
7.08051e-007	-0.0049375
7.08551e-007	-0.0049375
7.09051e-007	-0.0049375
7.09551e-007	-0.005875
7.10051e-007	-0.005875
7.10551e-007	-0.0049375
7.11051e-007	-0.0043125
7.11551e-007	-0.00525
7.12051e-007	-0.0049375
7.12551e-007	-0.0049375
7.13051e-007	-0.004625
7.13551e-007	-0.0049375
7.14051e-007	-0.004625
7.14551e-007	-0.0043125
7.15051e-007	-0.0055625
7.15551e-007	-0.005875
7.16051e-007	-0.00525
7.16551e-007	-0.0043125
7.17051e-007	-0.0049375
7.17551e-007	-0.00525
7.18051e-007	-0.00525
7.18551e-007	-0.0049375
7.19051e-007	-0.0055625
7.19551e-007	-0.0049375
7.20051e-007	-0.004625
7.20551e-007	-0.0049375
7.21051e-007	-0.0055625
7.21551e-007	-0.004625
7.22051e-007	-0.004625
7.22551e-007	-0.004625
7.23051e-007	-0.0049375
7.23551e-007	-0.0049375
7.24051e-007	-0.00525
7.24551e-007	-0.0049375
7.25051e-007	-0.0055625
7.25551e-007	-0.00525
7.26051e-007	-0.0055625
7.26551e-007	-0.0055625
7.27051e-007	-0.00525
7.27551e-007	-0.0049375
7.28051e-007	-0.0055625
7.28551e-007	-0.0043125
7.29051e-007	-0.004625
7.29551e-007	-0.00525
7.30051e-007	-0.0043125
7.30551e-007	-0.004625
7.31051e-007	-0.0043125
7.31551e-007	-0.004625
7.32051e-007	-0.0049375
7.32551e-007	-0.004625
7.33051e-007	-0.0043125
7.33551e-007	-0.004
7.34051e-007	-0.004625
7.34551e-007	-0.004625
7.35051e-007	-0.004625
7.35551e-007	-0.0055625
7.36051e-007	-0.0049375
7.36551e-007	-0.00525
7.37051e-007	-0.0049375
7.37551e-007	-0.00525
7.38051e-007	-0.0055625
7.38551e-007	-0.0043125
7.39051e-007	-0.0049375
7.39551e-007	-0.0049375
7.40051e-007	-0.0049375
7.40551e-007	-0.0043125
7.41051e-007	-0.004
7.41551e-007	-0.0049375
7.42051e-007	-0.0049375
7.42551e-007	-0.0043125
7.43051e-007	-0.0049375
7.43551e-007	-0.004625
7.44051e-007	-0.004625
7.44551e-007	-0.0049375
7.45051e-007	-0.004625
7.45551e-007	-0.00525
7.46051e-007	-0.0049375
7.46551e-007	-0.0049375
7.47051e-007	-0.0055625
7.47551e-007	-0.005875
7.48051e-007	-0.005875
7.48551e-007	-0.0049375
7.49051e-007	-0.00525
7.49551e-007	-0.00525
7.50051e-007	-0.00525
7.50551e-007	-0.0055625
7.51051e-007	-0.0043125
7.51551e-007	-0.0043125
7.52051e-007	-0.004625
7.52551e-007	-0.0043125
7.53051e-007	-0.0049375
7.53551e-007	-0.0036875
7.54051e-007	-0.0036875
7.54551e-007	-0.004
7.55051e-007	-0.004
7.55551e-007	-0.004625
7.56051e-007	-0.0049375
7.56551e-007	-0.0055625
7.57051e-007	-0.0055625
7.57551e-007	-0.0055625
7.58051e-007	-0.0055625
7.58551e-007	-0.0055625
7.59051e-007	-0.0055625
7.59551e-007	-0.0055625
7.60051e-007	-0.00525
7.60551e-007	-0.00525
7.61051e-007	-0.00525
7.61551e-007	-0.004
7.62051e-007	-0.0030625
7.62551e-007	-0.004
7.63051e-007	-0.004
7.63551e-007	-0.003375
7.64051e-007	-0.004
7.64551e-007	-0.004
7.65051e-007	-0.0043125
7.65551e-007	-0.0043125
7.66051e-007	-0.0043125
7.66551e-007	-0.0055625
7.67051e-007	-0.005875
7.67551e-007	-0.0055625
7.68051e-007	-0.005875
7.68551e-007	-0.00525
7.69051e-007	-0.0055625
7.69551e-007	-0.0061875
7.70051e-007	-0.005875
7.70551e-007	-0.0043125
7.71051e-007	-0.0043125
7.71551e-007	-0.004
7.72051e-007	-0.003375
7.72551e-007	-0.003375
7.73051e-007	-0.0036875
7.73551e-007	-0.0036875
7.74051e-007	-0.0036875
7.74551e-007	-0.003375
7.75051e-007	-0.003375
7.75551e-007	-0.0036875
7.76051e-007	-0.0043125
7.76551e-007	-0.0055625
7.77051e-007	-0.0049375
7.77551e-007	-0.004625
7.78051e-007	-0.0055625
7.78551e-007	-0.0061875
7.79051e-007	-0.005875
7.79551e-007	-0.0055625
7.80051e-007	-0.00525
7.80551e-007	-0.0049375
7.81051e-007	-0.0049375
7.81551e-007	-0.0049375
7.82051e-007	-0.004
7.82551e-007	-0.003375
7.83051e-007	-0.0030625
7.83551e-007	-0.003375
7.84051e-007	-0.003375
7.84551e-007	-0.003375
7.85051e-007	-0.003375
7.85551e-007	-0.0036875
7.86051e-007	-0.004
7.86551e-007	-0.0043125
7.87051e-007	-0.00525
7.87551e-007	-0.0055625
7.88051e-007	-0.00525
7.88551e-007	-0.0049375
7.89051e-007	-0.00525
7.89551e-007	-0.004625
7.90051e-007	-0.0049375
7.90551e-007	-0.0049375
7.91051e-007	-0.0043125
7.91551e-007	-0.003375
7.92051e-007	-0.003375
7.92551e-007	-0.00275
7.93051e-007	-0.00275
7.93551e-007	-0.0030625
7.94051e-007	-0.0030625
7.94551e-007	-0.003375
7.95051e-007	-0.003375
7.95551e-007	-0.0036875
7.96051e-007	-0.0043125
7.96551e-007	-0.0049375
7.97051e-007	-0.0055625
7.97551e-007	-0.00525
7.98051e-007	-0.00525
7.98551e-007	-0.004625
7.99051e-007	-0.0043125
7.99551e-007	-0.0043125
8.00051e-007	-0.0043125
8.00551e-007	-0.004
8.01051e-007	-0.0036875
8.01551e-007	-0.0030625
8.02051e-007	-0.0030625
8.02551e-007	-0.00275
8.03051e-007	-0.0030625
8.03551e-007	-0.0024375
8.04051e-007	-0.0030625
8.04551e-007	-0.0043125
8.05051e-007	-0.0036875
8.05551e-007	-0.0043125
8.06051e-007	-0.00525
8.06551e-007	-0.00525
8.07051e-007	-0.0049375
8.07551e-007	-0.004625
8.08051e-007	-0.0055625
8.08551e-007	-0.0049375
8.09051e-007	-0.0036875
8.09551e-007	-0.003375
8.10051e-007	-0.00275
8.10551e-007	-0.0036875
8.11051e-007	-0.003375
8.11551e-007	-0.002125
8.12051e-007	-0.0030625
8.12551e-007	-0.0030625
8.13051e-007	-0.00275
8.13551e-007	-0.0030625
8.14051e-007	-0.0036875
8.14551e-007	-0.0043125
8.15051e-007	-0.004625
8.15551e-007	-0.00525
8.16051e-007	-0.0049375
8.16551e-007	-0.00525
8.17051e-007	-0.005875
8.17551e-007	-0.0049375
8.18051e-007	-0.0049375
8.18551e-007	-0.0043125
8.19051e-007	-0.003375
8.19551e-007	-0.0036875
8.20051e-007	-0.00275
8.20551e-007	-0.002125
8.21051e-007	-0.0024375
8.21551e-007	-0.0018125
8.22051e-007	-0.0024375
8.22551e-007	-0.0024375
8.23051e-007	-0.0036875
8.23551e-007	-0.0036875
8.24051e-007	-0.0036875
8.24551e-007	-0.0043125
8.25051e-007	-0.004625
8.25551e-007	-0.0055625
8.26051e-007	-0.0055625
8.26551e-007	-0.00525
8.27051e-007	-0.0055625
8.27551e-007	-0.004625
8.28051e-007	-0.004625
8.28551e-007	-0.0036875
8.29051e-007	-0.0030625
8.29551e-007	-0.0030625
8.30051e-007	-0.002125
8.30551e-007	-0.0024375
8.31051e-007	-0.002125
8.31551e-007	-0.0024375
8.32051e-007	-0.00275
8.32551e-007	-0.0018125
8.33051e-007	-0.0030625
8.33551e-007	-0.0036875
8.34051e-007	-0.004
8.34551e-007	-0.0049375
8.35051e-007	-0.0043125
8.35551e-007	-0.0049375
8.36051e-007	-0.0049375
8.36551e-007	-0.0049375
8.37051e-007	-0.0049375
8.37551e-007	-0.004
8.38051e-007	-0.004625
8.38551e-007	-0.0043125
8.39051e-007	-0.00275
8.39551e-007	-0.002125
8.40051e-007	-0.0018125
8.40551e-007	-0.0018125
8.41051e-007	-0.002125
8.41551e-007	-0.0018125
8.42051e-007	-0.0030625
8.42551e-007	-0.0030625
8.43051e-007	-0.0036875
8.43551e-007	-0.0036875
8.44051e-007	-0.004625
8.44551e-007	-0.0049375
8.45051e-007	-0.004625
8.45551e-007	-0.005875
8.46051e-007	-0.0061875
8.46551e-007	-0.00525
8.47051e-007	-0.004625
8.47551e-007	-0.003375
8.48051e-007	-0.0043125
8.48551e-007	-0.003375
8.49051e-007	-0.00275
8.49551e-007	-0.00275
8.50051e-007	-0.002125
8.50551e-007	-0.0024375
8.51051e-007	-0.002125
8.51551e-007	-0.00275
8.52051e-007	-0.0036875
8.52551e-007	-0.003375
8.53051e-007	-0.0043125
8.53551e-007	-0.004
8.54051e-007	-0.00525
8.54551e-007	-0.005875
8.55051e-007	-0.0049375
8.55551e-007	-0.005875
8.56051e-007	-0.004625
8.56551e-007	-0.004
8.57051e-007	-0.0043125
8.57551e-007	-0.003375
8.58051e-007	-0.004
8.58551e-007	-0.0024375
8.59051e-007	-0.0018125
8.59551e-007	-0.0024375
8.60051e-007	-0.0024375
8.60551e-007	-0.00275
8.61051e-007	-0.002125
8.61551e-007	-0.0030625
8.62051e-007	-0.0036875
8.62551e-007	-0.003375
8.63051e-007	-0.004625
8.63551e-007	-0.0043125
8.64051e-007	-0.004625
8.64551e-007	-0.004625
8.65051e-007	-0.0049375
8.65551e-007	-0.004625
8.66051e-007	-0.0043125
8.66551e-007	-0.0043125
8.67051e-007	-0.004
8.67551e-007	-0.00275
8.68051e-007	-0.00275
8.68551e-007	-0.002125
8.69051e-007	-0.003375
8.69551e-007	-0.00275
8.70051e-007	-0.002125
8.70551e-007	-0.00275
8.71051e-007	-0.003375
8.71551e-007	-0.003375
8.72051e-007	-0.003375
8.72551e-007	-0.0036875
8.73051e-007	-0.004625
8.73551e-007	-0.0036875
8.74051e-007	-0.004625
8.74551e-007	-0.0043125
8.75051e-007	-0.004
8.75551e-007	-0.0049375
8.76051e-007	-0.0036875
8.76551e-007	-0.0036875
8.77051e-007	-0.00275
8.77551e-007	-0.0030625
8.78051e-007	-0.00275
8.78551e-007	-0.0024375
8.79051e-007	-0.0030625
8.79551e-007	-0.00275
8.80051e-007	-0.0024375
8.80551e-007	-0.0030625
8.81051e-007	-0.003375
8.81551e-007	-0.0036875
8.82051e-007	-0.0036875
8.82551e-007	-0.0043125
8.83051e-007	-0.00525
8.83551e-007	-0.0036875
8.84051e-007	-0.0043125
8.84551e-007	-0.004
8.85051e-007	-0.003375
8.85551e-007	-0.0030625
8.86051e-007	-0.0036875
8.86551e-007	-0.0030625
8.87051e-007	-0.0024375
8.87551e-007	-0.002125
8.88051e-007	-0.0024375
8.88551e-007	-0.002125
8.89051e-007	-0.00275
8.89551e-007	-0.0024375
8.90051e-007	-0.0030625
8.90551e-007	-0.0043125
8.91051e-007	-0.0043125
8.91551e-007	-0.0036875
8.92051e-007	-0.004
8.92551e-007	-0.004
8.93051e-007	-0.0043125
8.93551e-007	-0.0036875
8.94051e-007	-0.004625
8.94551e-007	-0.003375
8.95051e-007	-0.0036875
8.95551e-007	-0.0030625
8.96051e-007	-0.00275
8.96551e-007	-0.003375
8.97051e-007	-0.0024375
8.97551e-007	-0.00275
8.98051e-007	-0.002125
8.98551e-007	-0.0024375
8.99051e-007	-0.0024375
8.99551e-007	-0.00275
9.00051e-007	-0.004
9.00551e-007	-0.0043125
9.01051e-007	-0.004
9.01551e-007	-0.0043125
9.02051e-007	-0.0043125
9.02551e-007	-0.0049375
9.03051e-007	-0.0036875
9.03551e-007	-0.0030625
9.04051e-007	-0.003375
9.04551e-007	-0.0024375
9.05051e-007	-0.00275
9.05551e-007	-0.00275
9.06051e-007	-0.002125
9.06551e-007	-0.00275
9.07051e-007	-0.0018125
9.07551e-007	-0.0030625
9.08051e-007	-0.0036875
9.08551e-007	-0.0036875
9.09051e-007	-0.004
9.09551e-007	-0.0030625
9.10051e-007	-0.004625
9.10551e-007	-0.004
9.11051e-007	-0.0043125
9.11551e-007	-0.004
9.12051e-007	-0.0043125
9.12551e-007	-0.004
9.13051e-007	-0.003375
9.13551e-007	-0.002125
9.14051e-007	-0.0030625
9.14551e-007	-0.002125
9.15051e-007	-0.0018125
9.15551e-007	-0.0018125
9.16051e-007	-0.00275
9.16551e-007	-0.0024375
9.17051e-007	-0.0018125
9.17551e-007	-0.003375
9.18051e-007	-0.003375
9.18551e-007	-0.0030625
9.19051e-007	-0.004
9.19551e-007	-0.003375
9.20051e-007	-0.0036875
9.20551e-007	-0.004
9.21051e-007	-0.0036875
9.21551e-007	-0.0043125
9.22051e-007	-0.0036875
9.22551e-007	-0.003375
9.23051e-007	-0.0024375
9.23551e-007	-0.0030625
9.24051e-007	-0.0024375
9.24551e-007	-0.0015
9.25051e-007	-0.000875
9.25551e-007	-0.0015
9.26051e-007	-0.002125
9.26551e-007	-0.00275
9.27051e-007	-0.00275
9.27551e-007	-0.0030625
9.28051e-007	-0.0024375
9.28551e-007	-0.003375
9.29051e-007	-0.0036875
9.29551e-007	-0.003375
9.30051e-007	-0.0036875
9.30551e-007	-0.0036875
9.31051e-007	-0.004625
9.31551e-007	-0.004
9.32051e-007	-0.00275
9.32551e-007	-0.00275
9.33051e-007	-0.002125
9.33551e-007	-0.002125
9.34051e-007	-0.0018125
9.34551e-007	-0.0011875
9.35051e-007	-0.002125
9.35551e-007	-0.0018125
9.36051e-007	-0.002125
9.36551e-007	-0.002125
9.37051e-007	-0.0024375
9.37551e-007	-0.0036875
9.38051e-007	-0.0036875
9.38551e-007	-0.0036875
9.39051e-007	-0.004
9.39551e-007	-0.003375
9.40051e-007	-0.0043125
9.40551e-007	-0.0036875
9.41051e-007	-0.003375
9.41551e-007	-0.003375
9.42051e-007	-0.0024375
9.42551e-007	-0.0024375
9.43051e-007	-0.002125
9.43551e-007	-0.0024375
9.44051e-007	-0.0018125
9.44551e-007	-0.0011875
9.45051e-007	-0.0015
9.45551e-007	-0.0018125
9.46051e-007	-0.002125
9.46551e-007	-0.00275
9.47051e-007	-0.0030625
9.47551e-007	-0.004
9.48051e-007	-0.0030625
9.48551e-007	-0.003375
9.49051e-007	-0.0036875
9.49551e-007	-0.004
9.50051e-007	-0.004
9.50551e-007	-0.00275
9.51051e-007	-0.00275
9.51551e-007	-0.0030625
9.52051e-007	-0.0024375
9.52551e-007	-0.002125
9.53051e-007	-0.0011875
9.53551e-007	-0.0018125
9.54051e-007	-0.0018125
9.54551e-007	-0.0011875
9.55051e-007	-0.002125
9.55551e-007	-0.002125
9.56051e-007	-0.0024375
9.56551e-007	-0.0030625
9.57051e-007	-0.00275
9.57551e-007	-0.0030625
9.58051e-007	-0.0030625
9.58551e-007	-0.0036875
9.59051e-007	-0.0043125
9.59551e-007	-0.0036875
9.60051e-007	-0.0036875
9.60551e-007	-0.00275
9.61051e-007	-0.00275
9.61551e-007	-0.0024375
9.62051e-007	-0.0015
9.62551e-007	-0.0015
9.63051e-007	-0.002125
9.63551e-007	-0.0018125
9.64051e-007	-0.002125
9.64551e-007	-0.0024375
9.65051e-007	-0.0024375
9.65551e-007	-0.0015
9.66051e-007	-0.0018125
9.66551e-007	-0.0030625
9.67051e-007	-0.003375
9.67551e-007	-0.003375
9.68051e-007	-0.003375
9.68551e-007	-0.003375
9.69051e-007	-0.0036875
9.69551e-007	-0.003375
9.70051e-007	-0.003375
9.70551e-007	-0.0024375
9.71051e-007	-0.002125
9.71551e-007	-0.0030625
9.72051e-007	-0.002125
9.72551e-007	-0.0015
9.73051e-007	-0.0011875
9.73551e-007	-0.0015
9.74051e-007	-0.0024375
9.74551e-007	-0.0018125
9.75051e-007	-0.002125
9.75551e-007	-0.00275
9.76051e-007	-0.0030625
9.76551e-007	-0.0036875
9.77051e-007	-0.003375
9.77551e-007	-0.003375
9.78051e-007	-0.0030625
9.78551e-007	-0.0030625
9.79051e-007	-0.0036875
9.79551e-007	-0.003375
9.80051e-007	-0.0036875
9.80551e-007	-0.00275
9.81051e-007	-0.0024375
9.81551e-007	-0.0024375
9.82051e-007	-0.0018125
9.82551e-007	-0.0018125
9.83051e-007	-0.002125
9.83551e-007	-0.002125
9.84051e-007	-0.002125
9.84551e-007	-0.002125
9.85051e-007	-0.0024375
9.85551e-007	-0.0024375
9.86051e-007	-0.0030625
9.86551e-007	-0.0030625
9.87051e-007	-0.0030625
9.87551e-007	-0.0030625
9.88051e-007	-0.0030625
9.88551e-007	-0.0030625
9.89051e-007	-0.0036875
9.89551e-007	-0.0024375
9.90051e-007	-0.0030625
9.90551e-007	-0.00275
9.91051e-007	-0.0024375
9.91551e-007	-0.002125
9.92051e-007	-0.0018125
9.92551e-007	-0.0024375
9.93051e-007	-0.0011875
9.93551e-007	-0.0015
9.94051e-007	-0.0018125
9.94551e-007	-0.0015
9.95051e-007	-0.0024375
9.95551e-007	-0.00275
9.96051e-007	-0.00275
9.96551e-007	-0.00275
9.97051e-007	-0.0024375
9.97551e-007	-0.003375
9.98051e-007	-0.0030625
9.98551e-007	-0.0030625
9.99051e-007	-0.00275
9.99551e-007	-0.0036875
1.000051e-006	-0.003375
1.000551e-006	-0.002125
1.001051e-006	-0.0018125
1.001551e-006	-0.002125
1.002051e-006	-0.0018125
1.002551e-006	-0.002125
1.003051e-006	-0.0018125
1.003551e-006	-0.0018125
1.004051e-006	-0.002125
1.004551e-006	-0.0018125
1.005051e-006	-0.0018125
1.005551e-006	-0.0018125
1.006051e-006	-0.002125
1.006551e-006	-0.00275
1.007051e-006	-0.00275
1.007551e-006	-0.00275
1.008051e-006	-0.00275
1.008551e-006	-0.0030625
1.009051e-006	-0.003375
1.009551e-006	-0.0024375
1.010051e-006	-0.00275
1.010551e-006	-0.00275
1.011051e-006	-0.002125
1.011551e-006	-0.002125
1.012051e-006	-0.00275
1.012551e-006	-0.0024375
1.013051e-006	-0.0024375
1.013551e-006	-0.002125
1.014051e-006	-0.0018125
1.014551e-006	-0.0011875
1.015051e-006	-0.0018125
1.015551e-006	-0.002125
1.016051e-006	-0.0011875
1.016551e-006	-0.0011875
1.017051e-006	-0.0018125
1.017551e-006	-0.002125
1.018051e-006	-0.0015
1.018551e-006	-0.002125
1.019051e-006	-0.0030625
1.019551e-006	-0.003375
1.020051e-006	-0.0024375
1.020551e-006	-0.0024375
1.021051e-006	-0.00275
1.021551e-006	-0.0030625
1.022051e-006	-0.003375
1.022551e-006	-0.003375
1.023051e-006	-0.0024375
1.023551e-006	-0.0024375
1.024051e-006	-0.002125
1.024551e-006	-0.002125
1.025051e-006	-0.0011875
1.025551e-006	-0.0015
1.026051e-006	-0.000875
1.026551e-006	-0.000875
1.027051e-006	-0.0011875
1.027551e-006	-0.0005625
1.028051e-006	-0.0015
1.028551e-006	-0.0024375
1.029051e-006	-0.0024375
1.029551e-006	-0.0030625
1.030051e-006	-0.0030625
1.030551e-006	-0.003375
1.031051e-006	-0.0030625
1.031551e-006	-0.0030625
1.032051e-006	-0.0036875
1.032551e-006	-0.0030625
1.033051e-006	-0.0024375
1.033551e-006	-0.002125
1.034051e-006	-0.0030625
1.034551e-006	-0.0015
1.035051e-006	-0.000875
1.035551e-006	-0.00025
1.036051e-006	-0.0005625
1.036551e-006	-0.0015
1.037051e-006	-0.0011875
1.037551e-006	-0.000875
1.038051e-006	-0.002125
1.038551e-006	-0.002125
1.039051e-006	-0.0024375
1.039551e-006	-0.00275
1.040051e-006	-0.0030625
1.040551e-006	-0.0030625
1.041051e-006	-0.003375
1.041551e-006	-0.0043125
1.042051e-006	-0.003375
1.042551e-006	-0.0030625
1.043051e-006	-0.00275
1.043551e-006	-0.0024375
1.044051e-006	-0.0030625
1.044551e-006	-0.0018125
1.045051e-006	-0.000875
1.045551e-006	-0.000875
1.046051e-006	6.25e-005
1.046551e-006	-0.0011875
1.047051e-006	-0.000875
1.047551e-006	-0.0011875
1.048051e-006	-0.0011875
1.048551e-006	-0.0011875
1.049051e-006	-0.00275
1.049551e-006	-0.00275
1.050051e-006	-0.0030625
1.050551e-006	-0.004
1.051051e-006	-0.004625
1.051551e-006	-0.004625
1.052051e-006	-0.0036875
1.052551e-006	-0.00275
1.053051e-006	-0.0024375
1.053551e-006	-0.0024375
1.054051e-006	-0.00275
1.054551e-006	-0.0018125
1.055051e-006	-0.002125
1.055551e-006	-0.0011875
1.056051e-006	-0.0011875
1.056551e-006	-0.0005625
1.057051e-006	-0.000875
1.057551e-006	-0.0011875
1.058051e-006	-0.0011875
1.058551e-006	-0.0015
1.059051e-006	-0.0024375
1.059551e-006	-0.00275
1.060051e-006	-0.0030625
1.060551e-006	-0.003375
1.061051e-006	-0.004
1.061551e-006	-0.004
1.062051e-006	-0.003375
1.062551e-006	-0.003375
1.063051e-006	-0.0030625
1.063551e-006	-0.0024375
1.064051e-006	-0.0018125
1.064551e-006	-0.0011875
1.065051e-006	-0.0011875
1.065551e-006	-0.002125
1.066051e-006	-0.0011875
1.066551e-006	-0.0005625
1.067051e-006	-0.000875
1.067551e-006	-0.0018125
1.068051e-006	-0.0011875
1.068551e-006	-0.002125
1.069051e-006	-0.0024375
1.069551e-006	-0.0024375
1.070051e-006	-0.00275
1.070551e-006	-0.0030625
1.071051e-006	-0.0030625
1.071551e-006	-0.003375
1.072051e-006	-0.0036875
1.072551e-006	-0.00275
1.073051e-006	-0.0024375
1.073551e-006	-0.002125
1.074051e-006	-0.002125
1.074551e-006	-0.0018125
1.075051e-006	-0.000875
1.075551e-006	-0.000875
1.076051e-006	-0.000875
1.076551e-006	-0.000875
1.077051e-006	-0.0011875
1.077551e-006	-0.0011875
1.078051e-006	-0.002125
1.078551e-006	-0.0018125
1.079051e-006	-0.0018125
1.079551e-006	-0.0024375
1.080051e-006	-0.0036875
1.080551e-006	-0.003375
1.081051e-006	-0.0024375
1.081551e-006	-0.0024375
1.082051e-006	-0.00275
1.082551e-006	-0.00275
1.083051e-006	-0.0036875
1.083551e-006	-0.0018125
1.084051e-006	-0.0011875
1.084551e-006	-0.0015
1.085051e-006	-0.0011875
1.085551e-006	-0.0005625
1.086051e-006	-0.00025
1.086551e-006	-0.0011875
1.087051e-006	-0.0011875
1.087551e-006	-0.0015
1.088051e-006	-0.0018125
1.088551e-006	-0.0018125
1.089051e-006	-0.0024375
1.089551e-006	-0.0030625
1.090051e-006	-0.0024375
1.090551e-006	-0.003375
1.091051e-006	-0.0030625
1.091551e-006	-0.00275
1.092051e-006	-0.0024375
1.092551e-006	-0.002125
1.093051e-006	-0.0024375
1.093551e-006	-0.0015
1.094051e-006	-0.0011875
1.094551e-006	-0.0005625
1.095051e-006	6.25e-005
1.095551e-006	-0.0005625
1.096051e-006	-0.0005625
1.096551e-006	-0.000875
1.097051e-006	-0.000875
1.097551e-006	-0.0005625
1.098051e-006	-0.002125
1.098551e-006	-0.002125
1.099051e-006	-0.002125
1.099551e-006	-0.00275
1.100051e-006	-0.0030625
1.100551e-006	-0.003375
1.101051e-006	-0.0030625
1.101551e-006	-0.0030625
1.102051e-006	-0.00275
1.102551e-006	-0.0024375
1.103051e-006	-0.002125
1.103551e-006	-0.0015
1.104051e-006	-0.0015
1.104551e-006	-0.0005625
1.105051e-006	-0.00025
1.105551e-006	-0.0005625
1.106051e-006	-0.0005625
1.106551e-006	-0.0005625
1.107051e-006	-0.0005625
1.107551e-006	-0.000875
1.108051e-006	-0.0015
1.108551e-006	-0.0018125
1.109051e-006	-0.0024375
1.109551e-006	-0.002125
1.110051e-006	-0.0030625
1.110551e-006	-0.0036875
1.111051e-006	-0.0030625
1.111551e-006	-0.0030625
1.112051e-006	-0.002125
1.112551e-006	-0.002125
1.113051e-006	-0.00275
1.113551e-006	-0.0018125
1.114051e-006	-0.000875
1.114551e-006	-0.00025
1.115051e-006	-0.00025
1.115551e-006	-0.0005625
1.116051e-006	6.25e-005
1.116551e-006	6.25e-005
1.117051e-006	-0.00025
1.117551e-006	-0.000875
1.118051e-006	-0.0018125
1.118551e-006	-0.0018125
1.119051e-006	-0.0024375
1.119551e-006	-0.0024375
1.120051e-006	-0.00275
1.120551e-006	-0.003375
1.121051e-006	-0.003375
1.121551e-006	-0.0030625
1.122051e-006	-0.002125
1.122551e-006	-0.0024375
1.123051e-006	-0.002125
1.123551e-006	-0.0011875
1.124051e-006	-0.0018125
1.124551e-006	-0.000875
1.125051e-006	-0.00025
1.125551e-006	-0.00025
1.126051e-006	-0.00025
1.126551e-006	-0.000875
1.127051e-006	-0.0005625
1.127551e-006	-0.00025
1.128051e-006	-0.0005625
1.128551e-006	-0.0011875
1.129051e-006	-0.0030625
1.129551e-006	-0.0030625
1.130051e-006	-0.0030625
1.130551e-006	-0.0030625
1.131051e-006	-0.0030625
1.131551e-006	-0.003375
1.132051e-006	-0.0030625
1.132551e-006	-0.002125
1.133051e-006	-0.0024375
1.133551e-006	-0.0018125
1.134051e-006	-0.0015
1.134551e-006	-0.000875
1.135051e-006	-0.00025
1.135551e-006	-0.0005625
1.136051e-006	-0.0005625
1.136551e-006	-0.000875
1.137051e-006	-0.0005625
1.137551e-006	-0.0005625
1.138051e-006	-0.000875
1.138551e-006	-0.0011875
1.139051e-006	-0.0018125
1.139551e-006	-0.0024375
1.140051e-006	-0.0024375
1.140551e-006	-0.00275
1.141051e-006	-0.0030625
1.141551e-006	-0.0024375
1.142051e-006	-0.002125
1.142551e-006	-0.0024375
1.143051e-006	-0.0024375
1.143551e-006	-0.002125
1.144051e-006	-0.0015
1.144551e-006	-0.000875
1.145051e-006	-0.0011875
1.145551e-006	-0.000875
1.146051e-006	0.000375
1.146551e-006	-0.0005625
1.147051e-006	-0.000875
1.147551e-006	-0.0011875
1.148051e-006	-0.000875
1.148551e-006	-0.0015
1.149051e-006	-0.002125
1.149551e-006	-0.0018125
1.150051e-006	-0.002125
1.150551e-006	-0.0024375
1.151051e-006	-0.002125
1.151551e-006	-0.002125
1.152051e-006	-0.0024375
1.152551e-006	-0.002125
1.153051e-006	-0.0015
1.153551e-006	-0.0018125
1.154051e-006	-0.002125
1.154551e-006	-0.000875
1.155051e-006	-0.0015
1.155551e-006	-0.000875
1.156051e-006	-0.0005625
1.156551e-006	-0.0011875
1.157051e-006	-0.0015
1.157551e-006	-0.0005625
1.158051e-006	-0.0005625
1.158551e-006	-0.0011875
1.159051e-006	-0.0011875
1.159551e-006	-0.0011875
1.160051e-006	-0.002125
1.160551e-006	-0.0024375
1.161051e-006	-0.002125
1.161551e-006	-0.0018125
1.162051e-006	-0.0018125
1.162551e-006	-0.002125
1.163051e-006	-0.000875
1.163551e-006	-0.0011875
1.164051e-006	-0.0018125
1.164551e-006	-0.002125
1.165051e-006	-0.000875
1.165551e-006	-0.000875
1.166051e-006	-0.000875
1.166551e-006	-0.002125
1.167051e-006	-0.0018125
1.167551e-006	-0.000875
1.168051e-006	-0.0005625
1.168551e-006	-0.0011875
1.169051e-006	-0.0011875
1.169551e-006	-0.0018125
1.170051e-006	-0.0011875
1.170551e-006	-0.0011875
1.171051e-006	-0.0015
1.171551e-006	-0.002125
1.172051e-006	-0.0015
1.172551e-006	-0.0011875
1.173051e-006	-0.0015
1.173551e-006	-0.0024375
1.174051e-006	-0.002125
1.174551e-006	-0.0011875
1.175051e-006	-0.0011875
1.175551e-006	-0.0011875
1.176051e-006	-0.0018125
1.176551e-006	-0.0018125
1.177051e-006	-0.0011875
1.177551e-006	-0.000875
1.178051e-006	-0.000875
1.178551e-006	-0.0005625
1.179051e-006	-0.0011875
1.179551e-006	-0.000875
1.180051e-006	-0.000875
1.180551e-006	-0.0005625
1.181051e-006	-0.0015
1.181551e-006	-0.002125
1.182051e-006	-0.0015
1.182551e-006	-0.0018125
1.183051e-006	-0.0018125
1.183551e-006	-0.0018125
1.184051e-006	-0.0024375
1.184551e-006	-0.0018125
1.185051e-006	-0.0011875
1.185551e-006	-0.002125
1.186051e-006	-0.0011875
1.186551e-006	-0.0011875
1.187051e-006	-0.0011875
1.187551e-006	-0.0011875
1.188051e-006	-0.000875
1.188551e-006	-0.000875
1.189051e-006	-0.000875
1.189551e-006	-0.0011875
1.190051e-006	-0.000875
1.190551e-006	-0.0011875
1.191051e-006	-0.0005625
1.191551e-006	-0.000875
1.192051e-006	-0.0005625
1.192551e-006	-0.0015
1.193051e-006	-0.0018125
1.193551e-006	-0.002125
1.194051e-006	-0.0024375
1.194551e-006	-0.002125
1.195051e-006	-0.002125
1.195551e-006	-0.002125
1.196051e-006	-0.0015
1.196551e-006	-0.0018125
1.197051e-006	-0.0011875
1.197551e-006	-0.0005625
1.198051e-006	-0.000875
1.198551e-006	-0.0005625
1.199051e-006	-0.000875
1.199551e-006	-0.0005625
1.200051e-006	-0.00025
1.200551e-006	6.25e-005
1.201051e-006	-0.0011875
1.201551e-006	-0.002125
1.202051e-006	-0.0018125
1.202551e-006	-0.0015
1.203051e-006	-0.002125
1.203551e-006	-0.002125
1.204051e-006	-0.0024375
1.204551e-006	-0.002125
1.205051e-006	-0.0015
1.205551e-006	-0.0011875
1.206051e-006	-0.0011875
1.206551e-006	-0.0018125
1.207051e-006	-0.0005625
1.207551e-006	-0.0005625
1.208051e-006	-0.0005625
1.208551e-006	-0.00025
1.209051e-006	6.25e-005
1.209551e-006	0.000375
1.210051e-006	-0.00025
1.210551e-006	-0.0011875
1.211051e-006	-0.0005625
1.211551e-006	-0.0018125
1.212051e-006	-0.0018125
1.212551e-006	-0.0024375
1.213051e-006	-0.0024375
1.213551e-006	-0.0024375
1.214051e-006	-0.0030625
1.214551e-006	-0.0024375
1.215051e-006	-0.002125
1.215551e-006	-0.0024375
1.216051e-006	-0.002125
1.216551e-006	-0.0015
1.217051e-006	-0.0005625
1.217551e-006	-0.00025
1.218051e-006	6.25e-005
1.218551e-006	6.25e-005
1.219051e-006	0.000375
1.219551e-006	0.0006875
1.220051e-006	-0.0005625
1.220551e-006	-0.0005625
1.221051e-006	-0.0005625
1.221551e-006	-0.0011875
1.222051e-006	-0.0018125
1.222551e-006	-0.00275
1.223051e-006	-0.003375
1.223551e-006	-0.0030625
1.224051e-006	-0.0036875
1.224551e-006	-0.003375
1.225051e-006	-0.0024375
1.225551e-006	-0.002125
1.226051e-006	-0.0024375
1.226551e-006	-0.0018125
1.227051e-006	-0.000875
1.227551e-006	-0.00025
1.228051e-006	0.0006875
1.228551e-006	0.000375
1.229051e-006	6.25e-005
1.229551e-006	0.000375
1.230051e-006	0.000375
1.230551e-006	-0.0005625
1.231051e-006	-0.000875
1.231551e-006	-0.0018125
1.232051e-006	-0.002125
1.232551e-006	-0.00275
1.233051e-006	-0.003375
1.233551e-006	-0.0036875
1.234051e-006	-0.0036875
1.234551e-006	-0.003375
1.235051e-006	-0.0024375
1.235551e-006	-0.0024375
1.236051e-006	-0.0018125
1.236551e-006	-0.000875
1.237051e-006	-0.0005625
1.237551e-006	-0.00025
1.238051e-006	0.000375
1.238551e-006	0.001
1.239051e-006	0.000375
1.239551e-006	0.000375
1.240051e-006	0.000375
1.240551e-006	-0.0005625
1.241051e-006	-0.0005625
1.241551e-006	-0.0018125
1.242051e-006	-0.002125
1.242551e-006	-0.002125
1.243051e-006	-0.00275
1.243551e-006	-0.0030625
1.244051e-006	-0.003375
1.244551e-006	-0.0030625
1.245051e-006	-0.0024375
1.245551e-006	-0.0024375
1.246051e-006	-0.002125
1.246551e-006	-0.0011875
1.247051e-006	6.25e-005
1.247551e-006	0.0006875
1.248051e-006	-0.00025
1.248551e-006	0.000375
1.249051e-006	0.000375
1.249551e-006	0.0006875
1.250051e-006	6.25e-005
1.250551e-006	-0.0005625
1.251051e-006	-0.0005625
1.251551e-006	-0.0018125
1.252051e-006	-0.002125
1.252551e-006	-0.002125
1.253051e-006	-0.0024375
1.253551e-006	-0.0024375
1.254051e-006	-0.003375
1.254551e-006	-0.0030625
1.255051e-006	-0.0024375
1.255551e-006	-0.00275
1.256051e-006	-0.0015
1.256551e-006	-0.0011875
1.257051e-006	-0.000875
1.257551e-006	6.25e-005
1.258051e-006	6.25e-005
1.258551e-006	-0.00025
1.259051e-006	6.25e-005
1.259551e-006	0.000375
1.260051e-006	-0.0005625
1.260551e-006	-0.0015
1.261051e-006	-0.0015
1.261551e-006	-0.0015
1.262051e-006	-0.0015
1.262551e-006	-0.00275
1.263051e-006	-0.003375
1.263551e-006	-0.0024375
1.264051e-006	-0.00275
1.264551e-006	-0.0024375
1.265051e-006	-0.002125
1.265551e-006	-0.000875
1.266051e-006	-0.0011875
1.266551e-006	-0.0018125
1.267051e-006	-0.00025
1.267551e-006	0.0006875
1.268051e-006	6.25e-005
1.268551e-006	0.0006875
1.269051e-006	6.25e-005
1.269551e-006	0.000375
1.270051e-006	-0.00025
1.270551e-006	-0.0011875
1.271051e-006	-0.0018125
1.271551e-006	-0.0024375
1.272051e-006	-0.002125
1.272551e-006	-0.002125
1.273051e-006	-0.0018125
1.273551e-006	-0.0024375
1.274051e-006	-0.0030625
1.274551e-006	-0.0018125
1.275051e-006	-0.0011875
1.275551e-006	-0.000875
1.276051e-006	-0.00025
1.276551e-006	-0.0005625
1.277051e-006	-0.000875
1.277551e-006	-0.0005625
1.278051e-006	6.25e-005
1.278551e-006	6.25e-005
1.279051e-006	-0.0005625
1.279551e-006	-0.0011875
1.280051e-006	-0.0011875
1.280551e-006	-0.0015
1.281051e-006	-0.0018125
1.281551e-006	-0.0024375
1.282051e-006	-0.002125
1.282551e-006	-0.0024375
1.283051e-006	-0.0024375
1.283551e-006	-0.002125
1.284051e-006	-0.0024375
1.284551e-006	-0.0015
1.285051e-006	-0.0011875
1.285551e-006	-0.0011875
1.286051e-006	6.25e-005
1.286551e-006	6.25e-005
1.287051e-006	6.25e-005
1.287551e-006	-0.0005625
1.288051e-006	-0.0005625
1.288551e-006	-0.000875
1.289051e-006	-0.0011875
1.289551e-006	-0.000875
1.290051e-006	-0.000875
1.290551e-006	-0.0018125
1.291051e-006	-0.002125
1.291551e-006	-0.0024375
1.292051e-006	-0.00275
1.292551e-006	-0.002125
1.293051e-006	-0.0024375
1.293551e-006	-0.0024375
1.294051e-006	-0.002125
1.294551e-006	-0.0018125
1.295051e-006	-0.000875
1.295551e-006	-0.00025
1.296051e-006	-0.0005625
1.296551e-006	-0.0005625
1.297051e-006	6.25e-005
1.297551e-006	6.25e-005
1.298051e-006	-0.0005625
1.298551e-006	6.25e-005
1.299051e-006	-0.00025
1.299551e-006	-0.0011875
1.300051e-006	-0.0011875
1.300551e-006	-0.0018125
1.301051e-006	-0.0015
1.301551e-006	-0.0011875
1.302051e-006	-0.002125
1.302551e-006	-0.0024375
1.303051e-006	-0.0024375
1.303551e-006	-0.0015
1.304051e-006	-0.002125
1.304551e-006	-0.0024375
1.305051e-006	-0.000875
1.305551e-006	-0.00025
1.306051e-006	-0.00025
1.306551e-006	-0.000875
1.307051e-006	-0.0005625
1.307551e-006	-0.0005625
1.308051e-006	6.25e-005
1.308551e-006	0.001
1.309051e-006	-0.00025
1.309551e-006	-0.0011875
1.310051e-006	-0.000875
1.310551e-006	-0.0011875
1.311051e-006	-0.0011875
1.311551e-006	-0.0015
1.312051e-006	-0.0015
1.312551e-006	-0.0018125
1.313051e-006	-0.0018125
1.313551e-006	-0.0024375
1.314051e-006	-0.0024375
1.314551e-006	-0.0015
1.315051e-006	-0.0005625
1.315551e-006	-0.000875
1.316051e-006	-0.0011875
1.316551e-006	-0.000875
1.317051e-006	-0.0005625
1.317551e-006	-0.0005625
1.318051e-006	-0.0005625
1.318551e-006	-0.00025
1.319051e-006	-0.0005625
1.319551e-006	-0.0005625
1.320051e-006	-0.000875
1.320551e-006	-0.000875
1.321051e-006	-0.0011875
1.321551e-006	-0.000875
1.322051e-006	-0.0011875
1.322551e-006	-0.0015
1.323051e-006	-0.0015
1.323551e-006	-0.0015
1.324051e-006	-0.002125
1.324551e-006	-0.002125
1.325051e-006	-0.0018125
1.325551e-006	-0.0015
1.326051e-006	-0.0015
1.326551e-006	-0.000875
1.327051e-006	6.25e-005
1.327551e-006	-0.00025
1.328051e-006	-0.0005625
1.328551e-006	6.25e-005
1.329051e-006	-0.00025
1.329551e-006	-0.0011875
1.330051e-006	6.25e-005
1.330551e-006	6.25e-005
1.331051e-006	-0.0005625
1.331551e-006	-0.0005625
1.332051e-006	-0.00025
1.332551e-006	-0.00025
1.333051e-006	-0.0011875
1.333551e-006	-0.002125
1.334051e-006	-0.0018125
1.334551e-006	-0.0011875
1.335051e-006	-0.0018125
1.335551e-006	-0.002125
1.336051e-006	-0.0018125
1.336551e-006	-0.0015
1.337051e-006	-0.000875
1.337551e-006	-0.0011875
1.338051e-006	-0.0005625
1.338551e-006	-0.000875
1.339051e-006	-0.00025
1.339551e-006	6.25e-005
1.340051e-006	-0.00025
1.340551e-006	-0.0005625
1.341051e-006	-0.0005625
1.341551e-006	-0.00025
1.342051e-006	-0.00025
1.342551e-006	-0.00025
1.343051e-006	-0.0011875
1.343551e-006	-0.0015
1.344051e-006	-0.0015
1.344551e-006	-0.0018125
1.345051e-006	-0.002125
1.345551e-006	-0.0018125
1.346051e-006	-0.002125
1.346551e-006	-0.0024375
1.347051e-006	-0.0015
1.347551e-006	-0.000875
1.348051e-006	-0.0011875
1.348551e-006	-0.0005625
1.349051e-006	-0.0005625
1.349551e-006	-0.00025
1.350051e-006	6.25e-005
1.350551e-006	-0.0005625
1.351051e-006	-0.000875
1.351551e-006	-0.000875
1.352051e-006	-0.00025
1.352551e-006	-0.00025
1.353051e-006	-0.0011875
1.353551e-006	-0.0018125
1.354051e-006	-0.000875
1.354551e-006	-0.0011875
1.355051e-006	-0.0018125
1.355551e-006	-0.0018125
1.356051e-006	-0.000875
1.356551e-006	-0.0011875
1.357051e-006	-0.0011875
1.357551e-006	-0.0015
1.358051e-006	-0.0005625
1.358551e-006	6.25e-005
1.359051e-006	-0.00025
1.359551e-006	-0.0005625
1.360051e-006	-0.0005625
1.360551e-006	-0.0005625
1.361051e-006	-0.0005625
1.361551e-006	-0.0005625
1.362051e-006	-0.00025
1.362551e-006	-0.0005625
1.363051e-006	-0.0011875
1.363551e-006	-0.0011875
1.364051e-006	-0.0011875
1.364551e-006	-0.0005625
1.365051e-006	-0.0011875
1.365551e-006	-0.0015
1.366051e-006	-0.0011875
1.366551e-006	-0.0018125
1.367051e-006	-0.0018125
1.367551e-006	-0.0005625
1.368051e-006	-0.0005625
1.368551e-006	-0.00025
1.369051e-006	6.25e-005
1.369551e-006	6.25e-005
1.370051e-006	-0.00025
1.370551e-006	-0.0005625
1.371051e-006	-0.00025
1.371551e-006	-0.0005625
1.372051e-006	-0.0011875
1.372551e-006	-0.0011875
1.373051e-006	-0.0005625
1.373551e-006	-0.0015
1.374051e-006	-0.0018125
1.374551e-006	-0.0011875
1.375051e-006	-0.000875
1.375551e-006	-0.0015
1.376051e-006	-0.0005625
1.376551e-006	-0.000875
1.377051e-006	-0.0005625
1.377551e-006	-0.0005625
1.378051e-006	-0.000875
1.378551e-006	-0.00025
1.379051e-006	-0.00025
1.379551e-006	-0.0005625
1.380051e-006	-0.0005625
1.380551e-006	-0.000875
1.381051e-006	-0.0005625
1.381551e-006	-0.0011875
1.382051e-006	-0.0011875
1.382551e-006	-0.000875
1.383051e-006	-0.0011875
1.383551e-006	-0.0015
1.384051e-006	-0.0018125
1.384551e-006	-0.0011875
1.385051e-006	-0.0005625
1.385551e-006	-0.0011875
1.386051e-006	-0.000875
1.386551e-006	-0.0005625
1.387051e-006	-0.00025
1.387551e-006	-0.0005625
1.388051e-006	-0.0005625
1.388551e-006	-0.00025
1.389051e-006	-0.0005625
1.389551e-006	-0.00025
1.390051e-006	6.25e-005
1.390551e-006	-0.00025
1.391051e-006	-0.00025
1.391551e-006	-0.0011875
1.392051e-006	-0.000875
1.392551e-006	-0.0005625
1.393051e-006	-0.0015
1.393551e-006	-0.000875
1.394051e-006	-0.0011875
1.394551e-006	-0.0005625
1.395051e-006	-0.0005625
1.395551e-006	-0.000875
1.396051e-006	-0.00025
1.396551e-006	-0.0005625
1.397051e-006	-0.00025
1.397551e-006	-0.0005625
1.398051e-006	-0.000875
1.398551e-006	-0.000875
1.399051e-006	-0.0005625
1.399551e-006	6.25e-005
1.400051e-006	-0.00025
1.400551e-006	-0.0011875
1.401051e-006	-0.0005625
1.401551e-006	-0.0005625
1.402051e-006	-0.0005625
1.402551e-006	-0.000875
1.403051e-006	-0.000875
1.403551e-006	-0.0005625
1.404051e-006	-0.0005625
1.404551e-006	-0.00025
1.405051e-006	-0.0011875
1.405551e-006	-0.000875
1.406051e-006	-0.00025
1.406551e-006	-0.0011875
1.407051e-006	-0.0005625
1.407551e-006	-0.00025
1.408051e-006	-0.0005625
1.408551e-006	-0.0011875
1.409051e-006	-0.0015
1.409551e-006	-0.0005625
1.410051e-006	-0.0005625
1.410551e-006	-0.0011875
1.411051e-006	-0.00025
1.411551e-006	-0.00025
1.412051e-006	-0.000875
1.412551e-006	-0.0005625
1.413051e-006	-0.0005625
1.413551e-006	-0.0011875
1.414051e-006	-0.0005625
1.414551e-006	6.25e-005
1.415051e-006	-0.0005625
1.415551e-006	-0.0005625
1.416051e-006	-0.000875
1.416551e-006	-0.0011875
1.417051e-006	-0.000875
1.417551e-006	-0.0005625
1.418051e-006	-0.0011875
1.418551e-006	-0.0011875
1.419051e-006	-0.0011875
1.419551e-006	-0.000875
1.420051e-006	-0.0005625
1.420551e-006	-0.000875
1.421051e-006	-0.000875
1.421551e-006	-0.000875
1.422051e-006	-0.0005625
1.422551e-006	-0.000875
1.423051e-006	6.25e-005
1.423551e-006	-0.00025
1.424051e-006	-0.000875
1.424551e-006	0.000375
1.425051e-006	0.000375
1.425551e-006	-0.0005625
1.426051e-006	-0.0005625
1.426551e-006	-0.0015
1.427051e-006	-0.0015
1.427551e-006	-0.002125
1.428051e-006	-0.0024375
1.428551e-006	-0.0018125
1.429051e-006	-0.0011875
1.429551e-006	-0.0011875
1.430051e-006	-0.0005625
1.430551e-006	-0.000875
1.431051e-006	-0.0005625
1.431551e-006	6.25e-005
1.432051e-006	0.000375
1.432551e-006	0.0006875
1.433051e-006	0.0006875
1.433551e-006	0.000375
1.434051e-006	-0.00025
1.434551e-006	-0.0005625
1.435051e-006	-0.0005625
1.435551e-006	-0.0005625
1.436051e-006	-0.000875
1.436551e-006	-0.0015
1.437051e-006	-0.0018125
1.437551e-006	-0.0015
1.438051e-006	-0.002125
1.438551e-006	-0.0024375
1.439051e-006	-0.0015
1.439551e-006	-0.0015
1.440051e-006	-0.0011875
1.440551e-006	-0.0011875
1.441051e-006	-0.00025
1.441551e-006	0.0006875
1.442051e-006	6.25e-005
1.442551e-006	0.000375
1.443051e-006	0.001
1.443551e-006	0.0019375
1.444051e-006	0.001
1.444551e-006	6.25e-005
1.445051e-006	6.25e-005
1.445551e-006	6.25e-005
1.446051e-006	-0.000875
1.446551e-006	-0.0011875
1.447051e-006	-0.0015
1.447551e-006	-0.0018125
1.448051e-006	-0.00275
1.448551e-006	-0.0030625
1.449051e-006	-0.002125
1.449551e-006	-0.0018125
1.450051e-006	-0.0015
1.450551e-006	-0.0011875
1.451051e-006	-0.00025
1.451551e-006	6.25e-005
1.452051e-006	0.001
1.452551e-006	0.0019375
1.453051e-006	0.001
1.453551e-006	0.000375
1.454051e-006	0.0006875
1.454551e-006	0.000375
1.455051e-006	0.000375
1.455551e-006	-0.0005625
1.456051e-006	-0.0011875
1.456551e-006	-0.0018125
1.457051e-006	-0.0018125
1.457551e-006	-0.0024375
1.458051e-006	-0.0024375
1.458551e-006	-0.00275
1.459051e-006	-0.0018125
1.459551e-006	-0.0018125
1.460051e-006	-0.0011875
1.460551e-006	-0.000875
1.461051e-006	-0.0005625
1.461551e-006	-0.00025
1.462051e-006	6.25e-005
1.462551e-006	0.001625
1.463051e-006	0.0013125
1.463551e-006	0.0006875
1.464051e-006	0.000375
1.464551e-006	-0.00025
1.465051e-006	-0.0005625
1.465551e-006	-0.000875
1.466051e-006	-0.0011875
1.466551e-006	-0.000875
1.467051e-006	-0.0018125
1.467551e-006	-0.0024375
1.468051e-006	-0.0024375
1.468551e-006	-0.0024375
1.469051e-006	-0.0024375
1.469551e-006	-0.002125
1.470051e-006	-0.0005625
1.470551e-006	-0.0005625
1.471051e-006	6.25e-005
1.471551e-006	0.0006875
1.472051e-006	0.000375
1.472551e-006	0.0006875
1.473051e-006	0.0006875
1.473551e-006	0.001
1.474051e-006	0.001
1.474551e-006	6.25e-005
1.475051e-006	-0.0005625
1.475551e-006	-0.0015
1.476051e-006	-0.0018125
1.476551e-006	-0.0018125
1.477051e-006	-0.0018125
1.477551e-006	-0.002125
1.478051e-006	-0.002125
1.478551e-006	-0.0024375
1.479051e-006	-0.002125
1.479551e-006	-0.002125
1.480051e-006	-0.0005625
1.480551e-006	6.25e-005
1.481051e-006	6.25e-005
1.481551e-006	0.001
1.482051e-006	0.0006875
1.482551e-006	0.000375
1.483051e-006	0.0006875
1.483551e-006	0.000375
1.484051e-006	6.25e-005
1.484551e-006	0.000375
1.485051e-006	-0.0005625
1.485551e-006	-0.000875
1.486051e-006	-0.002125
1.486551e-006	-0.002125
1.487051e-006	-0.0030625
1.487551e-006	-0.0024375
1.488051e-006	-0.0018125
1.488551e-006	-0.002125
1.489051e-006	-0.0018125
1.489551e-006	-0.000875
1.490051e-006	6.25e-005
1.490551e-006	-0.00025
1.491051e-006	-0.0005625
1.491551e-006	0.000375
1.492051e-006	0.0006875
1.492551e-006	0.0019375
1.493051e-006	0.000375
1.493551e-006	-0.0005625
1.494051e-006	0.0006875
1.494551e-006	-0.00025
1.495051e-006	-0.000875
1.495551e-006	-0.0015
1.496051e-006	-0.0018125
1.496551e-006	-0.002125
1.497051e-006	-0.0018125
1.497551e-006	-0.0024375
1.498051e-006	-0.0024375
1.498551e-006	-0.002125
1.499051e-006	-0.000875
1.499551e-006	-0.0011875
1.500051e-006	-0.0005625
1.500551e-006	6.25e-005
1.501051e-006	0.0006875
1.501551e-006	0.001
1.502051e-006	0.001
1.502551e-006	0.0013125
1.503051e-006	0.0013125
1.503551e-006	0.000375
1.504051e-006	6.25e-005
1.504551e-006	-0.000875
1.505051e-006	-0.0005625
1.505551e-006	-0.000875
1.506051e-006	-0.0015
1.506551e-006	-0.002125
1.507051e-006	-0.0024375
1.507551e-006	-0.0024375
1.508051e-006	-0.0030625
1.508551e-006	-0.0024375
1.509051e-006	-0.0011875
1.509551e-006	-0.0005625
1.510051e-006	0.000375
1.510551e-006	0.0006875
1.511051e-006	6.25e-005
1.511551e-006	0.0013125
1.512051e-006	0.001
1.512551e-006	0.0013125
1.513051e-006	0.000375
1.513551e-006	0.000375
1.514051e-006	0.000375
1.514551e-006	0.000375
1.515051e-006	-0.00025
1.515551e-006	-0.0011875
1.516051e-006	-0.0024375
1.516551e-006	-0.0024375
1.517051e-006	-0.002125
1.517551e-006	-0.0018125
1.518051e-006	-0.0018125
1.518551e-006	-0.002125
1.519051e-006	-0.0018125
1.519551e-006	-0.000875
1.520051e-006	-0.00025
1.520551e-006	-0.0005625
1.521051e-006	0.0006875
1.521551e-006	0.001
1.522051e-006	0.0006875
1.522551e-006	0.001
1.523051e-006	0.0013125
1.523551e-006	0.0013125
1.524051e-006	6.25e-005
1.524551e-006	-0.0005625
1.525051e-006	-0.0005625
1.525551e-006	-0.000875
1.526051e-006	-0.0011875
1.526551e-006	-0.0024375
1.527051e-006	-0.0024375
1.527551e-006	-0.002125
1.528051e-006	-0.0018125
1.528551e-006	-0.002125
1.529051e-006	-0.0015
1.529551e-006	-0.0005625
1.530051e-006	-0.00025
1.530551e-006	-0.000875
1.531051e-006	-0.0005625
1.531551e-006	0.001
1.532051e-006	0.0013125
1.532551e-006	0.0013125
1.533051e-006	0.000375
1.533551e-006	0.001
1.534051e-006	0.0006875
1.534551e-006	-0.00025
1.535051e-006	-0.0005625
1.535551e-006	6.25e-005
1.536051e-006	-0.0011875
1.536551e-006	-0.002125
1.537051e-006	-0.002125
1.537551e-006	-0.002125
1.538051e-006	-0.0018125
1.538551e-006	-0.0011875
1.539051e-006	-0.0018125
1.539551e-006	-0.0011875
1.540051e-006	-0.0011875
1.540551e-006	-0.000875
1.541051e-006	6.25e-005
1.541551e-006	0.000375
1.542051e-006	0.001
1.542551e-006	0.001
1.543051e-006	0.0006875
1.543551e-006	6.25e-005
1.544051e-006	0.000375
1.544551e-006	0.000375
1.545051e-006	-0.0005625
1.545551e-006	-0.0011875
1.546051e-006	-0.0005625
1.546551e-006	-0.0018125
1.547051e-006	-0.0024375
1.547551e-006	-0.0024375
1.548051e-006	-0.002125
1.548551e-006	-0.0018125
1.549051e-006	-0.0015
1.549551e-006	-0.0011875
1.550051e-006	-0.000875
1.550551e-006	-0.000875
1.551051e-006	-0.0005625
1.551551e-006	6.25e-005
1.552051e-006	0.0006875
1.552551e-006	0.0006875
1.553051e-006	0.0013125
1.553551e-006	0.0006875
1.554051e-006	6.25e-005
1.554551e-006	0.000375
1.555051e-006	-0.0005625
1.555551e-006	-0.0005625
1.556051e-006	-0.0011875
1.556551e-006	-0.0015
1.557051e-006	-0.0015
1.557551e-006	-0.0011875
1.558051e-006	-0.0018125
1.558551e-006	-0.0015
1.559051e-006	-0.000875
1.559551e-006	-0.000875
1.560051e-006	-0.0005625
1.560551e-006	0.000375
1.561051e-006	-0.0005625
1.561551e-006	-0.00025
1.562051e-006	0.000375
1.562551e-006	0.0006875
1.563051e-006	6.25e-005
1.563551e-006	-0.00025
1.564051e-006	6.25e-005
1.564551e-006	-0.00025
1.565051e-006	-0.00025
1.565551e-006	6.25e-005
1.566051e-006	-0.0005625
1.566551e-006	-0.0011875
1.567051e-006	-0.0015
1.567551e-006	-0.0011875
1.568051e-006	-0.0011875
1.568551e-006	-0.0011875
1.569051e-006	-0.000875
1.569551e-006	-0.000875
1.570051e-006	-0.00025
1.570551e-006	0.000375
1.571051e-006	0.000375
1.571551e-006	6.25e-005
1.572051e-006	0.001
1.572551e-006	0.000375
1.573051e-006	6.25e-005
1.573551e-006	-0.00025
1.574051e-006	6.25e-005
1.574551e-006	-0.0005625
1.575051e-006	-0.0011875
1.575551e-006	-0.0015
1.576051e-006	-0.000875
1.576551e-006	-0.0011875
1.577051e-006	-0.002125
1.577551e-006	-0.0018125
1.578051e-006	-0.0011875
1.578551e-006	-0.000875
1.579051e-006	-0.0005625
1.579551e-006	-0.0005625
1.580051e-006	-0.00025
1.580551e-006	6.25e-005
1.581051e-006	6.25e-005
1.581551e-006	0.000375
1.582051e-006	0.000375
1.582551e-006	0.001
1.583051e-006	-0.00025
1.583551e-006	6.25e-005
1.584051e-006	-0.0005625
1.584551e-006	-0.0011875
1.585051e-006	-0.0011875
1.585551e-006	-0.0011875
1.586051e-006	-0.000875
1.586551e-006	-0.000875
1.587051e-006	-0.0018125
1.587551e-006	-0.0005625
1.588051e-006	-0.0005625
1.588551e-006	-0.000875
1.589051e-006	6.25e-005
1.589551e-006	0.000375
1.590051e-006	6.25e-005
1.590551e-006	6.25e-005
1.591051e-006	0.000375
1.591551e-006	-0.00025
1.592051e-006	0.000375
1.592551e-006	0.001
1.593051e-006	0.0006875
1.593551e-006	0.000375
1.594051e-006	-0.0005625
1.594551e-006	-0.0011875
1.595051e-006	-0.0011875
1.595551e-006	-0.0018125
1.596051e-006	-0.0011875
1.596551e-006	-0.0018125
1.597051e-006	-0.0015
1.597551e-006	-0.0011875
1.598051e-006	-0.0011875
1.598551e-006	-0.000875
1.599051e-006	-0.0005625
1.599551e-006	-0.0005625
1.600051e-006	6.25e-005
1.600551e-006	6.25e-005
1.601051e-006	0.0006875
1.601551e-006	0.001
1.602051e-006	0.0006875
1.602551e-006	0.001
1.603051e-006	0.000375
1.603551e-006	0.000375
1.604051e-006	-0.0011875
1.604551e-006	-0.000875
1.605051e-006	-0.000875
1.605551e-006	-0.0018125
1.606051e-006	-0.0018125
1.606551e-006	-0.0018125
1.607051e-006	-0.0018125
1.607551e-006	-0.000875
1.608051e-006	-0.000875
1.608551e-006	-0.00025
1.609051e-006	-0.0005625
1.609551e-006	6.25e-005
1.610051e-006	0.000375
1.610551e-006	0.0006875
1.611051e-006	0.000375
1.611551e-006	0.0006875
1.612051e-006	0.0006875
1.612551e-006	0.000375
1.613051e-006	0.000375
1.613551e-006	6.25e-005
1.614051e-006	-0.0005625
1.614551e-006	-0.0015
1.615051e-006	-0.002125
1.615551e-006	-0.0015
1.616051e-006	-0.0011875
1.616551e-006	-0.0018125
1.617051e-006	-0.0011875
1.617551e-006	-0.0011875
1.618051e-006	-0.0011875
1.618551e-006	-0.0015
1.619051e-006	-0.0005625
1.619551e-006	-0.0005625
1.620051e-006	0.000375
1.620551e-006	0.001
1.621051e-006	0.0013125
1.621551e-006	0.000375
1.622051e-006	0.0006875
1.622551e-006	0.001
1.623051e-006	-0.00025
1.623551e-006	-0.0005625
1.624051e-006	-0.0005625
1.624551e-006	-0.000875
1.625051e-006	-0.0011875
1.625551e-006	-0.0015
1.626051e-006	-0.0015
1.626551e-006	-0.000875
1.627051e-006	-0.000875
1.627551e-006	-0.0011875
1.628051e-006	-0.0015
1.628551e-006	-0.000875
1.629051e-006	-0.000875
1.629551e-006	-0.00025
1.630051e-006	0.0006875
1.630551e-006	0.001
1.631051e-006	0.000375
1.631551e-006	0.001
1.632051e-006	0.000375
1.632551e-006	6.25e-005
1.633051e-006	0.000375
1.633551e-006	-0.0005625
1.634051e-006	-0.0011875
1.634551e-006	-0.000875
1.635051e-006	-0.0005625
1.635551e-006	-0.000875
1.636051e-006	-0.0011875
1.636551e-006	-0.0015
1.637051e-006	-0.0015
1.637551e-006	-0.0011875
1.638051e-006	-0.0005625
1.638551e-006	-0.0005625
1.639051e-006	-0.0005625
1.639551e-006	-0.00025
1.640051e-006	6.25e-005
1.640551e-006	6.25e-005
1.641051e-006	0.0006875
1.641551e-006	0.000375
1.642051e-006	0.000375
1.642551e-006	6.25e-005
1.643051e-006	0.000375
1.643551e-006	0.0006875
1.644051e-006	-0.0005625
1.644551e-006	-0.0005625
1.645051e-006	-0.0005625
1.645551e-006	-0.0005625
1.646051e-006	-0.0005625
1.646551e-006	-0.0018125
1.647051e-006	-0.000875
1.647551e-006	6.25e-005
1.648051e-006	-0.0005625
1.648551e-006	-0.0005625
1.649051e-006	-0.0005625
1.649551e-006	6.25e-005
1.650051e-006	6.25e-005
1.650551e-006	0.0006875
1.651051e-006	0.0006875
1.651551e-006	0.000375
1.652051e-006	-0.00025
1.652551e-006	6.25e-005
1.653051e-006	0.000375
1.653551e-006	6.25e-005
1.654051e-006	-0.0005625
1.654551e-006	-0.0005625
1.655051e-006	-0.0005625
1.655551e-006	-0.0011875
1.656051e-006	-0.0005625
1.656551e-006	-0.0005625
1.657051e-006	-0.000875
1.657551e-006	6.25e-005
1.658051e-006	6.25e-005
1.658551e-006	-0.000875
1.659051e-006	-0.000875
1.659551e-006	-0.00025
1.660051e-006	6.25e-005
1.660551e-006	6.25e-005
1.661051e-006	0.000375
1.661551e-006	-0.0005625
1.662051e-006	6.25e-005
1.662551e-006	6.25e-005
1.663051e-006	-0.00025
1.663551e-006	-0.0005625
1.664051e-006	-0.0005625
1.664551e-006	-0.00025
1.665051e-006	6.25e-005
1.665551e-006	-0.00025
1.666051e-006	-0.00025
1.666551e-006	-0.0005625
1.667051e-006	-0.000875
1.667551e-006	-0.0005625
1.668051e-006	6.25e-005
1.668551e-006	-0.0005625
1.669051e-006	-0.00025
1.669551e-006	0.000375
1.670051e-006	-0.0005625
1.670551e-006	-0.000875
1.671051e-006	6.25e-005
1.671551e-006	6.25e-005
1.672051e-006	-0.00025
1.672551e-006	6.25e-005
1.673051e-006	6.25e-005
1.673551e-006	6.25e-005
1.674051e-006	-0.00025
1.674551e-006	6.25e-005
1.675051e-006	-0.00025
1.675551e-006	-0.0005625
1.676051e-006	-0.00025
1.676551e-006	-0.0011875
1.677051e-006	-0.00025
1.677551e-006	6.25e-005
1.678051e-006	-0.0005625
1.678551e-006	-0.0005625
1.679051e-006	-0.0005625
1.679551e-006	0.000375
1.680051e-006	-0.0005625
1.680551e-006	-0.0005625
1.681051e-006	6.25e-005
1.681551e-006	6.25e-005
1.682051e-006	-0.0005625
1.682551e-006	6.25e-005
1.683051e-006	0.000375
1.683551e-006	-0.00025
1.684051e-006	-0.0005625
1.684551e-006	6.25e-005
1.685051e-006	-0.00025
1.685551e-006	-0.0005625
1.686051e-006	-0.000875
1.686551e-006	-0.00025
1.687051e-006	6.25e-005
1.687551e-006	-0.0005625
1.688051e-006	-0.0005625
1.688551e-006	-0.0005625
1.689051e-006	-0.00025
1.689551e-006	6.25e-005
1.690051e-006	-0.0005625
1.690551e-006	-0.0005625
1.691051e-006	6.25e-005
1.691551e-006	-0.0005625
1.692051e-006	6.25e-005
1.692551e-006	6.25e-005
1.693051e-006	6.25e-005
1.693551e-006	6.25e-005
1.694051e-006	-0.00025
1.694551e-006	-0.0005625
1.695051e-006	-0.00025
1.695551e-006	-0.0005625
1.696051e-006	-0.000875
1.696551e-006	-0.0005625
1.697051e-006	6.25e-005
1.697551e-006	-0.00025
1.698051e-006	-0.0005625
1.698551e-006	-0.0005625
1.699051e-006	-0.00025
1.699551e-006	-0.00025
1.700051e-006	-0.00025
1.700551e-006	6.25e-005
1.701051e-006	-0.00025
1.701551e-006	-0.00025
1.702051e-006	-0.00025
1.702551e-006	-0.00025
1.703051e-006	-0.00025
1.703551e-006	-0.0005625
1.704051e-006	-0.000875
1.704551e-006	-0.00025
1.705051e-006	6.25e-005
1.705551e-006	0.000375
1.706051e-006	-0.0011875
1.706551e-006	-0.0011875
1.707051e-006	6.25e-005
1.707551e-006	6.25e-005
1.708051e-006	-0.00025
1.708551e-006	6.25e-005
1.709051e-006	-0.00025
1.709551e-006	-0.0005625
1.710051e-006	6.25e-005
1.710551e-006	6.25e-005
1.711051e-006	-0.0005625
1.711551e-006	-0.0005625
1.712051e-006	6.25e-005
1.712551e-006	0.0006875
1.713051e-006	6.25e-005
1.713551e-006	-0.0005625
1.714051e-006	-0.00025
1.714551e-006	-0.0005625
1.715051e-006	6.25e-005
1.715551e-006	6.25e-005
1.716051e-006	-0.000875
1.716551e-006	-0.000875
1.717051e-006	-0.0005625
1.717551e-006	-0.0005625
1.718051e-006	-0.00025
1.718551e-006	6.25e-005
1.719051e-006	6.25e-005
1.719551e-006	-0.00025
1.720051e-006	-0.0005625
1.720551e-006	6.25e-005
1.721051e-006	0.000375
1.721551e-006	6.25e-005
1.722051e-006	6.25e-005
1.722551e-006	-0.0005625
1.723051e-006	6.25e-005
1.723551e-006	6.25e-005
1.724051e-006	-0.000875
1.724551e-006	-0.0005625
1.725051e-006	-0.000875
1.725551e-006	-0.000875
1.726051e-006	-0.0005625
1.726551e-006	-0.00025
1.727051e-006	-0.0005625
1.727551e-006	-0.0005625
1.728051e-006	-0.0005625
1.728551e-006	6.25e-005
1.729051e-006	-0.00025
1.729551e-006	-0.00025
1.730051e-006	-0.00025
1.730551e-006	0.0006875
1.731051e-006	0.0006875
1.731551e-006	0.0006875
1.732051e-006	0.000375
1.732551e-006	0.000375
1.733051e-006	-0.00025
1.733551e-006	0.000375
1.734051e-006	-0.00025
1.734551e-006	-0.000875
1.735051e-006	-0.0011875
1.735551e-006	-0.000875
1.736051e-006	-0.0005625
1.736551e-006	-0.000875
1.737051e-006	-0.00025
1.737551e-006	-0.00025
1.738051e-006	6.25e-005
1.738551e-006	-0.0005625
1.739051e-006	6.25e-005
1.739551e-006	0.000375
1.740051e-006	6.25e-005
1.740551e-006	6.25e-005
1.741051e-006	0.000375
1.741551e-006	0.0006875
1.742051e-006	6.25e-005
1.742551e-006	6.25e-005
1.743051e-006	0.000375
1.743551e-006	-0.00025
1.744051e-006	-0.00025
1.744551e-006	-0.000875
1.745051e-006	-0.000875
1.745551e-006	-0.000875
1.746051e-006	-0.0011875
1.746551e-006	-0.0011875
1.747051e-006	-0.0005625
1.747551e-006	0.000375
1.748051e-006	6.25e-005
1.748551e-006	6.25e-005
1.749051e-006	6.25e-005
1.749551e-006	0.001
1.750051e-006	6.25e-005
1.750551e-006	6.25e-005
1.751051e-006	6.25e-005
1.751551e-006	0.0006875
1.752051e-006	-0.00025
1.752551e-006	6.25e-005
1.753051e-006	0.000375
1.753551e-006	-0.0005625
1.754051e-006	-0.00025
1.754551e-006	-0.00025
1.755051e-006	-0.000875
1.755551e-006	-0.00025
1.756051e-006	-0.0005625
1.756551e-006	-0.0005625
1.757051e-006	-0.000875
1.757551e-006	-0.0005625
1.758051e-006	0.0006875
1.758551e-006	0.000375
1.759051e-006	0.000375
1.759551e-006	6.25e-005
1.760051e-006	6.25e-005
1.760551e-006	0.000375
1.761051e-006	0.0006875
1.761551e-006	0.000375
1.762051e-006	6.25e-005
1.762551e-006	-0.0005625
1.763051e-006	-0.00025
1.763551e-006	-0.0005625
1.764051e-006	6.25e-005
1.764551e-006	0.000375
1.765051e-006	6.25e-005
1.765551e-006	6.25e-005
1.766051e-006	6.25e-005
1.766551e-006	-0.0005625
1.767051e-006	-0.00025
1.767551e-006	-0.0011875
1.768051e-006	-0.000875
1.768551e-006	-0.0005625
1.769051e-006	6.25e-005
1.769551e-006	0.000375
1.770051e-006	-0.000875
1.770551e-006	6.25e-005
1.771051e-006	0.0006875
1.771551e-006	-0.00025
1.772051e-006	-0.000875
1.772551e-006	0.000375
1.773051e-006	0.000375
1.773551e-006	0.0006875
1.774051e-006	6.25e-005
1.774551e-006	6.25e-005
1.775051e-006	-0.00025
1.775551e-006	6.25e-005
1.776051e-006	-0.0005625
1.776551e-006	-0.00025
1.777051e-006	6.25e-005
1.777551e-006	6.25e-005
1.778051e-006	6.25e-005
1.778551e-006	-0.000875
1.779051e-006	-0.000875
1.779551e-006	-0.00025
1.780051e-006	6.25e-005
1.780551e-006	-0.00025
1.781051e-006	-0.0005625
1.781551e-006	-0.000875
1.782051e-006	-0.0005625
1.782551e-006	-0.0005625
1.783051e-006	6.25e-005
1.783551e-006	-0.00025
1.784051e-006	-0.00025
1.784551e-006	0.000375
1.785051e-006	6.25e-005
1.785551e-006	0.000375
1.786051e-006	0.0013125
1.786551e-006	0.0006875
1.787051e-006	-0.00025
1.787551e-006	-0.00025
1.788051e-006	6.25e-005
