LECROYWS454	16215	Waveform
Segments	1	SegmentSize	4002
Segment	TrigTime	TimeSinceSegment1
#1	02-May-2024 19:21:53	0                 
Time	Ampl
-2.12014e-007	0.000375
-2.11514e-007	-0.0005625
-2.11014e-007	-0.000875
-2.10514e-007	-0.0005625
-2.10014e-007	-0.0005625
-2.09514e-007	-0.0005625
-2.09014e-007	-0.000875
-2.08514e-007	-0.0005625
-2.08014e-007	-0.00025
-2.07514e-007	6.25e-005
-2.07014e-007	0.0006875
-2.06514e-007	0.000375
-2.06014e-007	6.25e-005
-2.05514e-007	0.0006875
-2.05014e-007	0.001
-2.04514e-007	0.0006875
-2.04014e-007	6.25e-005
-2.03514e-007	0.0006875
-2.03014e-007	0.000375
-2.02514e-007	0.000375
-2.02014e-007	6.25e-005
-2.01514e-007	-0.00025
-2.01014e-007	-0.000875
-2.00514e-007	-0.0005625
-2.00014e-007	-0.0005625
-1.99514e-007	-0.0011875
-1.99014e-007	-0.000875
-1.98514e-007	-0.00025
-1.98014e-007	-0.0005625
-1.97514e-007	-0.0005625
-1.97014e-007	0.0006875
-1.96514e-007	0.000375
-1.96014e-007	0.000375
-1.95514e-007	0.000375
-1.95014e-007	0.0006875
-1.94514e-007	0.001625
-1.94014e-007	0.001
-1.93514e-007	0.000375
-1.93014e-007	0.0006875
-1.92514e-007	6.25e-005
-1.92014e-007	0.000375
-1.91514e-007	6.25e-005
-1.91014e-007	0.000375
-1.90514e-007	6.25e-005
-1.90014e-007	-0.0011875
-1.89514e-007	-0.0011875
-1.89014e-007	-0.00025
-1.88514e-007	-0.0005625
-1.88014e-007	-0.0005625
-1.87514e-007	-0.00025
-1.87014e-007	6.25e-005
-1.86514e-007	-0.00025
-1.86014e-007	-0.0005625
-1.85514e-007	0.0006875
-1.85014e-007	0.001
-1.84514e-007	0.0013125
-1.84014e-007	6.25e-005
-1.83514e-007	0.0013125
-1.83014e-007	0.001625
-1.82514e-007	0.001
-1.82014e-007	0.0006875
-1.81514e-007	6.25e-005
-1.81014e-007	-0.0005625
-1.80514e-007	-0.00025
-1.80014e-007	-0.000875
-1.79514e-007	-0.0011875
-1.79014e-007	-0.0011875
-1.78514e-007	-0.000875
-1.78014e-007	-0.00025
-1.77514e-007	-0.0005625
-1.77014e-007	-0.000875
-1.76514e-007	-0.0005625
-1.76014e-007	-0.00025
-1.75514e-007	-0.00025
-1.75014e-007	0.001
-1.74514e-007	0.001
-1.74014e-007	0.0013125
-1.73514e-007	0.001
-1.73014e-007	0.0013125
-1.72514e-007	0.001
-1.72014e-007	6.25e-005
-1.71514e-007	-0.0005625
-1.71014e-007	-0.0005625
-1.70514e-007	-0.00025
-1.70014e-007	-0.0005625
-1.69514e-007	-0.0018125
-1.69014e-007	-0.0011875
-1.68514e-007	-0.0011875
-1.68014e-007	-0.0011875
-1.67514e-007	-0.000875
-1.67014e-007	-0.0011875
-1.66514e-007	-0.000875
-1.66014e-007	0.000375
-1.65514e-007	0.0013125
-1.65014e-007	0.001
-1.64514e-007	0.0013125
-1.64014e-007	0.0006875
-1.63514e-007	0.001
-1.63014e-007	0.0013125
-1.62514e-007	0.0013125
-1.62014e-007	6.25e-005
-1.61514e-007	6.25e-005
-1.61014e-007	6.25e-005
-1.60514e-007	-0.00025
-1.60014e-007	-0.0011875
-1.59514e-007	-0.0018125
-1.59014e-007	-0.0011875
-1.58514e-007	-0.0011875
-1.58014e-007	-0.0011875
-1.57514e-007	-0.0011875
-1.57014e-007	-0.0005625
-1.56514e-007	6.25e-005
-1.56014e-007	0.000375
-1.55514e-007	0.0013125
-1.55014e-007	0.0006875
-1.54514e-007	0.0006875
-1.54014e-007	0.001625
-1.53514e-007	0.0013125
-1.53014e-007	0.0006875
-1.52514e-007	0.0006875
-1.52014e-007	6.25e-005
-1.51514e-007	6.25e-005
-1.51014e-007	6.25e-005
-1.50514e-007	-0.000875
-1.50014e-007	-0.0011875
-1.49514e-007	-0.0015
-1.49014e-007	-0.0011875
-1.48514e-007	-0.0015
-1.48014e-007	-0.0011875
-1.47514e-007	-0.0011875
-1.47014e-007	-0.0011875
-1.46514e-007	6.25e-005
-1.46014e-007	6.25e-005
-1.45514e-007	0.000375
-1.45014e-007	0.001
-1.44514e-007	0.001
-1.44014e-007	0.0013125
-1.43514e-007	0.001625
-1.43014e-007	0.001
-1.42514e-007	0.0006875
-1.42014e-007	0.000375
-1.41514e-007	0.000375
-1.41014e-007	-0.0005625
-1.40514e-007	-0.0011875
-1.40014e-007	-0.0011875
-1.39514e-007	-0.0015
-1.39014e-007	-0.0015
-1.38514e-007	-0.000875
-1.38014e-007	-0.0005625
-1.37514e-007	-0.0005625
-1.37014e-007	-0.000875
-1.36514e-007	6.25e-005
-1.36014e-007	0.000375
-1.35514e-007	0.001
-1.35014e-007	0.0013125
-1.34514e-007	0.0013125
-1.34014e-007	0.0006875
-1.33514e-007	0.000375
-1.33014e-007	0.0006875
-1.32514e-007	0.001
-1.32014e-007	0.0006875
-1.31514e-007	6.25e-005
-1.31014e-007	-0.00025
-1.30514e-007	-0.000875
-1.30014e-007	-0.000875
-1.29514e-007	-0.0011875
-1.29014e-007	-0.0011875
-1.28514e-007	-0.0011875
-1.28014e-007	-0.0015
-1.27514e-007	-0.000875
-1.27014e-007	6.25e-005
-1.26514e-007	0.0006875
-1.26014e-007	0.001
-1.25514e-007	0.000375
-1.25014e-007	0.001
-1.24514e-007	0.001625
-1.24014e-007	0.0013125
-1.23514e-007	0.0006875
-1.23014e-007	0.000375
-1.22514e-007	-0.00025
-1.22014e-007	-0.0005625
-1.21514e-007	6.25e-005
-1.21014e-007	-0.00025
-1.20514e-007	-0.000875
-1.20014e-007	-0.0005625
-1.19514e-007	-0.000875
-1.19014e-007	-0.0011875
-1.18514e-007	-0.000875
-1.18014e-007	-0.00025
-1.17514e-007	6.25e-005
-1.17014e-007	6.25e-005
-1.16514e-007	0.0006875
-1.16014e-007	0.001
-1.15514e-007	0.001
-1.15014e-007	0.001
-1.14514e-007	6.25e-005
-1.14014e-007	6.25e-005
-1.13514e-007	6.25e-005
-1.13014e-007	-0.00025
-1.12514e-007	0.000375
-1.12014e-007	-0.00025
-1.11514e-007	-0.0005625
-1.11014e-007	-0.0005625
-1.10514e-007	-0.0011875
-1.10014e-007	-0.000875
-1.09514e-007	-0.000875
-1.09014e-007	-0.000875
-1.08514e-007	-0.0015
-1.08014e-007	-0.0005625
-1.07514e-007	-0.00025
-1.07014e-007	0.000375
-1.06514e-007	0.001
-1.06014e-007	6.25e-005
-1.05514e-007	0.0006875
-1.05014e-007	0.0013125
-1.04514e-007	0.001
-1.04014e-007	0.0006875
-1.03514e-007	0.000375
-1.03014e-007	-0.00025
-1.02514e-007	-0.0005625
-1.02014e-007	-0.0005625
-1.01514e-007	-0.000875
-1.01014e-007	-0.000875
-1.00514e-007	-0.0011875
-1.00014e-007	-0.0011875
-9.9514e-008	-0.0005625
-9.9014e-008	-0.0005625
-9.8514e-008	6.25e-005
-9.8014e-008	6.25e-005
-9.7514e-008	0.0006875
-9.7014e-008	6.25e-005
-9.6514e-008	0.001
-9.6014e-008	0.0013125
-9.5514e-008	0.0013125
-9.5014e-008	0.001
-9.4514e-008	0.000375
-9.4014e-008	0.0006875
-9.3514e-008	6.25e-005
-9.3014e-008	-0.0005625
-9.2514e-008	-0.000875
-9.2014e-008	-0.0011875
-9.1514e-008	-0.000875
-9.1014e-008	-0.0005625
-9.0514e-008	-0.0005625
-9.0014e-008	-0.0005625
-8.9514e-008	-0.0005625
-8.9014e-008	-0.0011875
-8.8514e-008	-0.00025
-8.8014e-008	6.25e-005
-8.7514e-008	0.000375
-8.7014e-008	0.000375
-8.6514e-008	0.0006875
-8.6014e-008	0.0006875
-8.5514e-008	0.000375
-8.5014e-008	0.001
-8.4514e-008	0.001
-8.4014e-008	6.25e-005
-8.3514e-008	-0.00025
-8.3014e-008	-0.0005625
-8.2514e-008	6.25e-005
-8.2014e-008	-0.0005625
-8.1514e-008	-0.000875
-8.1014e-008	-0.0005625
-8.0514e-008	-0.000875
-8.0014e-008	-0.0005625
-7.9514e-008	-0.00025
-7.9014e-008	-0.0005625
-7.8514e-008	0.000375
-7.8014e-008	6.25e-005
-7.7514e-008	0.0006875
-7.7014e-008	0.0006875
-7.6514e-008	0.0006875
-7.6014e-008	0.0006875
-7.5514e-008	0.001
-7.5014e-008	0.0006875
-7.4514e-008	0.000375
-7.4014e-008	6.25e-005
-7.3514e-008	-0.00025
-7.3014e-008	6.25e-005
-7.2514e-008	6.25e-005
-7.2014e-008	6.25e-005
-7.1514e-008	-0.000875
-7.1014e-008	-0.0005625
-7.0514e-008	-0.000875
-7.0014e-008	-0.0005625
-6.9514e-008	-0.00025
-6.9014e-008	-0.0005625
-6.8514e-008	-0.0005625
-6.8014e-008	-0.00025
-6.7514e-008	6.25e-005
-6.7014e-008	6.25e-005
-6.6514e-008	6.25e-005
-6.6014e-008	6.25e-005
-6.5514e-008	0.0006875
-6.5014e-008	0.000375
-6.4514e-008	-0.00025
-6.4014e-008	-0.00025
-6.3514e-008	0.0006875
-6.3014e-008	0.000375
-6.2514e-008	-0.00025
-6.2014e-008	-0.00025
-6.1514e-008	-0.00025
-6.1014e-008	0.0006875
-6.0514e-008	0.000375
-6.0014e-008	-0.0005625
-5.9514e-008	0.0013125
-5.9014e-008	0.0006875
-5.8514e-008	-0.00025
-5.8014e-008	-0.00025
-5.7514e-008	6.25e-005
-5.7014e-008	-0.00025
-5.6514e-008	-0.00025
-5.6014e-008	6.25e-005
-5.5514e-008	-0.00025
-5.5014e-008	-0.00025
-5.4514e-008	-0.00025
-5.4014e-008	6.25e-005
-5.3514e-008	0.0006875
-5.3014e-008	-0.0005625
-5.2514e-008	6.25e-005
-5.2014e-008	6.25e-005
-5.1514e-008	-0.00025
-5.1014e-008	6.25e-005
-5.0514e-008	6.25e-005
-5.0014e-008	0.001
-4.9514e-008	0.000375
-4.9014e-008	6.25e-005
-4.8514e-008	-0.00025
-4.8014e-008	6.25e-005
-4.7514e-008	-0.00025
-4.7014e-008	-0.0005625
-4.6514e-008	-0.0005625
-4.6014e-008	-0.000875
-4.5514e-008	-0.0011875
-4.5014e-008	-0.0011875
-4.4514e-008	-0.0018125
-4.4014e-008	-0.0018125
-4.3514e-008	-0.00275
-4.3014e-008	-0.00275
-4.2514e-008	-0.0024375
-4.2014e-008	-0.0024375
-4.1514e-008	-0.0030625
-4.1014e-008	-0.0036875
-4.0514e-008	-0.0030625
-4.0014e-008	-0.0043125
-3.9514e-008	-0.0049375
-3.9014e-008	-0.0049375
-3.8514e-008	-0.0049375
-3.8014e-008	-0.00525
-3.7514e-008	-0.0055625
-3.7014e-008	-0.0061875
-3.6514e-008	-0.0061875
-3.6014e-008	-0.0068125
-3.5514e-008	-0.0065
-3.5014e-008	-0.0061875
-3.4514e-008	-0.0061875
-3.4014e-008	-0.005875
-3.3514e-008	-0.0061875
-3.3014e-008	-0.0061875
-3.2514e-008	-0.005875
-3.2014e-008	-0.0055625
-3.1514e-008	-0.005875
-3.1014e-008	-0.007125
-3.0514e-008	-0.00775
-3.0014e-008	-0.0074375
-2.9514e-008	-0.0074375
-2.9014e-008	-0.0080625
-2.8514e-008	-0.009625
-2.8014e-008	-0.0093125
-2.7514e-008	-0.0093125
-2.7014e-008	-0.0093125
-2.6514e-008	-0.0086875
-2.6014e-008	-0.0074375
-2.5514e-008	-0.00775
-2.5014e-008	-0.0080625
-2.4514e-008	-0.0086875
-2.4014e-008	-0.0080625
-2.3514e-008	-0.0074375
-2.3014e-008	-0.007125
-2.2514e-008	-0.00775
-2.2014e-008	-0.0074375
-2.1514e-008	-0.0080625
-2.1014e-008	-0.008375
-2.0514e-008	-0.0080625
-2.0014e-008	-0.008375
-1.9514e-008	-0.0086875
-1.9014e-008	-0.008375
-1.8514e-008	-0.0086875
-1.8014e-008	-0.0086875
-1.7514e-008	-0.0086875
-1.7014e-008	-0.009
-1.6514e-008	-0.008375
-1.6014e-008	-0.0080625
-1.5514e-008	-0.009
-1.5014e-008	-0.0093125
-1.4514e-008	-0.009
-1.4014e-008	-0.008375
-1.3514e-008	-0.008375
-1.3014e-008	-0.0093125
-1.2514e-008	-0.0086875
-1.2014e-008	-0.0080625
-1.1514e-008	-0.0080625
-1.1014e-008	-0.009
-1.0514e-008	-0.009
-1.0014e-008	-0.009625
-9.514e-009	-0.0105625
-9.014e-009	-0.0111875
-8.514e-009	-0.0111875
-8.014e-009	-0.010875
-7.514e-009	-0.010875
-7.014e-009	-0.01025
-6.514e-009	-0.01025
-6.014e-009	-0.0105625
-5.514e-009	-0.0105625
-5.014e-009	-0.009625
-4.514e-009	-0.009625
-4.014e-009	-0.009
-3.514e-009	-0.0093125
-3.014e-009	-0.009625
-2.514e-009	-0.01025
-2.014e-009	-0.0105625
-1.514e-009	-0.01025
-1.014e-009	-0.0105625
-5.14e-010	-0.0111875
-1.4e-011	-0.01275
4.86e-010	-0.012125
9.86e-010	-0.0118125
1.486e-009	-0.0118125
1.986e-009	-0.0118125
2.486e-009	-0.0111875
2.986e-009	-0.0105625
3.486e-009	-0.010875
3.986e-009	-0.010875
4.486e-009	-0.0099375
4.986e-009	-0.0099375
5.486e-009	-0.0093125
5.986e-009	-0.009625
6.486e-009	-0.0093125
6.986e-009	-0.0093125
7.486e-009	-0.01025
7.986e-009	-0.01025
8.486e-009	-0.010875
8.986e-009	-0.0118125
9.486e-009	-0.0118125
9.986e-009	-0.012125
1.0486e-008	-0.012125
1.0986e-008	-0.0124375
1.1486e-008	-0.0124375
1.1986e-008	-0.0118125
1.2486e-008	-0.010875
1.2986e-008	-0.0105625
1.3486e-008	-0.0105625
1.3986e-008	-0.0099375
1.4486e-008	-0.0099375
1.4986e-008	-0.0093125
1.5486e-008	-0.009625
1.5986e-008	-0.0093125
1.6486e-008	-0.0099375
1.6986e-008	-0.01025
1.7486e-008	-0.0105625
1.7986e-008	-0.010875
1.8486e-008	-0.0111875
1.8986e-008	-0.0118125
1.9486e-008	-0.01275
1.9986e-008	-0.0130625
2.0486e-008	-0.012125
2.0986e-008	-0.01275
2.1486e-008	-0.0118125
2.1986e-008	-0.0118125
2.2486e-008	-0.0115
2.2986e-008	-0.0111875
2.3486e-008	-0.010875
2.3986e-008	-0.0099375
2.4486e-008	-0.009
2.4986e-008	-0.009
2.5486e-008	-0.0093125
2.5986e-008	-0.0099375
2.6486e-008	-0.009625
2.6986e-008	-0.009625
2.7486e-008	-0.01025
2.7986e-008	-0.0105625
2.8486e-008	-0.010875
2.8986e-008	-0.0118125
2.9486e-008	-0.0130625
2.9986e-008	-0.0130625
3.0486e-008	-0.012125
3.0986e-008	-0.012125
3.1486e-008	-0.0118125
3.1986e-008	-0.0118125
3.2486e-008	-0.0105625
3.2986e-008	-0.0099375
3.3486e-008	-0.0105625
3.3986e-008	-0.009625
3.4486e-008	-0.0099375
3.4986e-008	-0.0093125
3.5486e-008	-0.009625
3.5986e-008	-0.0093125
3.6486e-008	-0.009625
3.6986e-008	-0.010875
3.7486e-008	-0.0105625
3.7986e-008	-0.0105625
3.8486e-008	-0.0111875
3.8986e-008	-0.012125
3.9486e-008	-0.012125
3.9986e-008	-0.0111875
4.0486e-008	-0.0111875
4.0986e-008	-0.0111875
4.1486e-008	-0.0105625
4.1986e-008	-0.010875
4.2486e-008	-0.010875
4.2986e-008	-0.010875
4.3486e-008	-0.0099375
4.3986e-008	-0.0093125
4.4486e-008	-0.0099375
4.4986e-008	-0.009
4.5486e-008	-0.0093125
4.5986e-008	-0.0099375
4.6486e-008	-0.01025
4.6986e-008	-0.0111875
4.7486e-008	-0.010875
4.7986e-008	-0.0111875
4.8486e-008	-0.0118125
4.8986e-008	-0.0111875
4.9486e-008	-0.0105625
4.9986e-008	-0.0111875
5.0486e-008	-0.0115
5.0986e-008	-0.0105625
5.1486e-008	-0.0099375
5.1986e-008	-0.009625
5.2486e-008	-0.009625
5.2986e-008	-0.0099375
5.3486e-008	-0.009625
5.3986e-008	-0.009
5.4486e-008	-0.0093125
5.4986e-008	-0.0099375
5.5486e-008	-0.0099375
5.5986e-008	-0.01025
5.6486e-008	-0.0105625
5.6986e-008	-0.0105625
5.7486e-008	-0.010875
5.7986e-008	-0.0111875
5.8486e-008	-0.0105625
5.8986e-008	-0.01025
5.9486e-008	-0.0099375
5.9986e-008	-0.0105625
6.0486e-008	-0.0099375
6.0986e-008	-0.0093125
6.1486e-008	-0.0093125
6.1986e-008	-0.009
6.2486e-008	-0.008375
6.2986e-008	-0.008375
6.3486e-008	-0.009625
6.3986e-008	-0.009625
6.4486e-008	-0.009625
6.4986e-008	-0.009625
6.5486e-008	-0.0105625
6.5986e-008	-0.0105625
6.6486e-008	-0.0105625
6.6986e-008	-0.01025
6.7486e-008	-0.0105625
6.7986e-008	-0.0111875
6.8486e-008	-0.010875
6.8986e-008	-0.01025
6.9486e-008	-0.0099375
6.9986e-008	-0.009625
7.0486e-008	-0.009
7.0986e-008	-0.009
7.1486e-008	-0.009
7.1986e-008	-0.008375
7.2486e-008	-0.008375
7.2986e-008	-0.0080625
7.3486e-008	-0.008375
7.3986e-008	-0.008375
7.4486e-008	-0.009
7.4986e-008	-0.0099375
7.5486e-008	-0.0099375
7.5986e-008	-0.0099375
7.6486e-008	-0.010875
7.6986e-008	-0.01025
7.7486e-008	-0.01025
7.7986e-008	-0.01025
7.8486e-008	-0.0099375
7.8986e-008	-0.009625
7.9486e-008	-0.009
7.9986e-008	-0.0080625
8.0486e-008	-0.008375
8.0986e-008	-0.008375
8.1486e-008	-0.0080625
8.1986e-008	-0.0080625
8.2486e-008	-0.008375
8.2986e-008	-0.0080625
8.3486e-008	-0.0086875
8.3986e-008	-0.009625
8.4486e-008	-0.009625
8.4986e-008	-0.009625
8.5486e-008	-0.009625
8.5986e-008	-0.0105625
8.6486e-008	-0.01025
8.6986e-008	-0.0105625
8.7486e-008	-0.0105625
8.7986e-008	-0.0105625
8.8486e-008	-0.009625
8.8986e-008	-0.009
8.9486e-008	-0.008375
8.9986e-008	-0.0080625
9.0486e-008	-0.0080625
9.0986e-008	-0.0080625
9.1486e-008	-0.0074375
9.1986e-008	-0.00775
9.2486e-008	-0.008375
9.2986e-008	-0.0086875
9.3486e-008	-0.009
9.3986e-008	-0.009
9.4486e-008	-0.0099375
9.4986e-008	-0.0099375
9.5486e-008	-0.009625
9.5986e-008	-0.01025
9.6486e-008	-0.0099375
9.6986e-008	-0.01025
9.7486e-008	-0.01025
9.7986e-008	-0.0093125
9.8486e-008	-0.009
9.8986e-008	-0.008375
9.9486e-008	-0.008375
9.9986e-008	-0.0074375
1.00486e-007	-0.007125
1.00986e-007	-0.0074375
1.01486e-007	-0.0080625
1.01986e-007	-0.00775
1.02486e-007	-0.0074375
1.02986e-007	-0.0080625
1.03486e-007	-0.009
1.03986e-007	-0.0086875
1.04486e-007	-0.009625
1.04986e-007	-0.0099375
1.05486e-007	-0.0099375
1.05986e-007	-0.0099375
1.06486e-007	-0.009625
1.06986e-007	-0.01025
1.07486e-007	-0.009
1.07986e-007	-0.0080625
1.08486e-007	-0.0074375
1.08986e-007	-0.0074375
1.09486e-007	-0.0074375
1.09986e-007	-0.00775
1.10486e-007	-0.007125
1.10986e-007	-0.007125
1.11486e-007	-0.0074375
1.11986e-007	-0.00775
1.12486e-007	-0.0086875
1.12986e-007	-0.0086875
1.13486e-007	-0.0093125
1.13986e-007	-0.0093125
1.14486e-007	-0.0093125
1.14986e-007	-0.0099375
1.15486e-007	-0.0105625
1.15986e-007	-0.009625
1.16486e-007	-0.0093125
1.16986e-007	-0.0093125
1.17486e-007	-0.0093125
1.17986e-007	-0.0086875
1.18486e-007	-0.008375
1.18986e-007	-0.007125
1.19486e-007	-0.0074375
1.19986e-007	-0.0074375
1.20486e-007	-0.0074375
1.20986e-007	-0.007125
1.21486e-007	-0.00775
1.21986e-007	-0.00775
1.22486e-007	-0.009
1.22986e-007	-0.009
1.23486e-007	-0.009625
1.23986e-007	-0.009625
1.24486e-007	-0.009
1.24986e-007	-0.009625
1.25486e-007	-0.01025
1.25986e-007	-0.009
1.26486e-007	-0.0086875
1.26986e-007	-0.008375
1.27486e-007	-0.0080625
1.27986e-007	-0.0074375
1.28486e-007	-0.0074375
1.28986e-007	-0.0068125
1.29486e-007	-0.0065
1.29986e-007	-0.0068125
1.30486e-007	-0.0065
1.30986e-007	-0.007125
1.31486e-007	-0.007125
1.31986e-007	-0.00775
1.32486e-007	-0.008375
1.32986e-007	-0.0086875
1.33486e-007	-0.009
1.33986e-007	-0.009625
1.34486e-007	-0.0093125
1.34986e-007	-0.0086875
1.35486e-007	-0.0093125
1.35986e-007	-0.0086875
1.36486e-007	-0.0080625
1.36986e-007	-0.00775
1.37486e-007	-0.00775
1.37986e-007	-0.00775
1.38486e-007	-0.008375
1.38986e-007	-0.007125
1.39486e-007	-0.0065
1.39986e-007	-0.0061875
1.40486e-007	-0.0061875
1.40986e-007	-0.0068125
1.41486e-007	-0.00775
1.41986e-007	-0.00775
1.42486e-007	-0.0080625
1.42986e-007	-0.008375
1.43486e-007	-0.008375
1.43986e-007	-0.0086875
1.44486e-007	-0.009625
1.44986e-007	-0.0086875
1.45486e-007	-0.0080625
1.45986e-007	-0.008375
1.46486e-007	-0.00775
1.46986e-007	-0.00775
1.47486e-007	-0.00775
1.47986e-007	-0.007125
1.48486e-007	-0.0065
1.48986e-007	-0.0068125
1.49486e-007	-0.007125
1.49986e-007	-0.0065
1.50486e-007	-0.0065
1.50986e-007	-0.0074375
1.51486e-007	-0.0068125
1.51986e-007	-0.0074375
1.52486e-007	-0.00775
1.52986e-007	-0.0080625
1.53486e-007	-0.008375
1.53986e-007	-0.0086875
1.54486e-007	-0.009
1.54986e-007	-0.00775
1.55486e-007	-0.0074375
1.55986e-007	-0.0074375
1.56486e-007	-0.0074375
1.56986e-007	-0.00775
1.57486e-007	-0.0074375
1.57986e-007	-0.0074375
1.58486e-007	-0.0074375
1.58986e-007	-0.0068125
1.59486e-007	-0.0074375
1.59986e-007	-0.0074375
1.60486e-007	-0.0074375
1.60986e-007	-0.007125
1.61486e-007	-0.007125
1.61986e-007	-0.00775
1.62486e-007	-0.0074375
1.62986e-007	-0.0074375
1.63486e-007	-0.0080625
1.63986e-007	-0.0074375
1.64486e-007	-0.00775
1.64986e-007	-0.0074375
1.65486e-007	-0.0074375
1.65986e-007	-0.0074375
1.66486e-007	-0.00775
1.66986e-007	-0.00775
1.67486e-007	-0.0068125
1.67986e-007	-0.0065
1.68486e-007	-0.0068125
1.68986e-007	-0.007125
1.69486e-007	-0.0074375
1.69986e-007	-0.007125
1.70486e-007	-0.0074375
1.70986e-007	-0.0074375
1.71486e-007	-0.0074375
1.71986e-007	-0.007125
1.72486e-007	-0.0065
1.72986e-007	-0.0074375
1.73486e-007	-0.0080625
1.73986e-007	-0.0074375
1.74486e-007	-0.0074375
1.74986e-007	-0.0074375
1.75486e-007	-0.00775
1.75986e-007	-0.007125
1.76486e-007	-0.0068125
1.76986e-007	-0.0068125
1.77486e-007	-0.0068125
1.77986e-007	-0.0074375
1.78486e-007	-0.007125
1.78986e-007	-0.0068125
1.79486e-007	-0.0074375
1.79986e-007	-0.0074375
1.80486e-007	-0.008375
1.80986e-007	-0.00775
1.81486e-007	-0.0074375
1.81986e-007	-0.0068125
1.82486e-007	-0.0065
1.82986e-007	-0.0074375
1.83486e-007	-0.007125
1.83986e-007	-0.0068125
1.84486e-007	-0.007125
1.84986e-007	-0.007125
1.85486e-007	-0.0074375
1.85986e-007	-0.0068125
1.86486e-007	-0.007125
1.86986e-007	-0.0068125
1.87486e-007	-0.0065
1.87986e-007	-0.0068125
1.88486e-007	-0.0074375
1.88986e-007	-0.0074375
1.89486e-007	-0.007125
1.89986e-007	-0.0065
1.90486e-007	-0.007125
1.90986e-007	-0.007125
1.91486e-007	-0.0068125
1.91986e-007	-0.0068125
1.92486e-007	-0.0068125
1.92986e-007	-0.007125
1.93486e-007	-0.007125
1.93986e-007	-0.0068125
1.94486e-007	-0.007125
1.94986e-007	-0.007125
1.95486e-007	-0.0074375
1.95986e-007	-0.007125
1.96486e-007	-0.0065
1.96986e-007	-0.0068125
1.97486e-007	-0.007125
1.97986e-007	-0.0068125
1.98486e-007	-0.0061875
1.98986e-007	-0.0061875
1.99486e-007	-0.007125
1.99986e-007	-0.007125
2.00486e-007	-0.0074375
2.00986e-007	-0.007125
2.01486e-007	-0.007125
2.01986e-007	-0.0061875
2.02486e-007	-0.0061875
2.02986e-007	-0.007125
2.03486e-007	-0.007125
2.03986e-007	-0.0068125
2.04486e-007	-0.0065
2.04986e-007	-0.0061875
2.05486e-007	-0.0068125
2.05986e-007	-0.0065
2.06486e-007	-0.0065
2.06986e-007	-0.0068125
2.07486e-007	-0.0065
2.07986e-007	-0.0061875
2.08486e-007	-0.0065
2.08986e-007	-0.0061875
2.09486e-007	-0.005875
2.09986e-007	-0.00525
2.10486e-007	-0.005875
2.10986e-007	-0.0061875
2.11486e-007	-0.007125
2.11986e-007	-0.0068125
2.12486e-007	-0.0068125
2.12986e-007	-0.0068125
2.13486e-007	-0.0068125
2.13986e-007	-0.0068125
2.14486e-007	-0.0061875
2.14986e-007	-0.007125
2.15486e-007	-0.00775
2.15986e-007	-0.0074375
2.16486e-007	-0.0065
2.16986e-007	-0.0068125
2.17486e-007	-0.0068125
2.17986e-007	-0.0061875
2.18486e-007	-0.0055625
2.18986e-007	-0.005875
2.19486e-007	-0.0061875
2.19986e-007	-0.0055625
2.20486e-007	-0.0049375
2.20986e-007	-0.005875
2.21486e-007	-0.0061875
2.21986e-007	-0.0061875
2.22486e-007	-0.0065
2.22986e-007	-0.0065
2.23486e-007	-0.0061875
2.23986e-007	-0.0068125
2.24486e-007	-0.0074375
2.24986e-007	-0.007125
2.25486e-007	-0.0074375
2.25986e-007	-0.0068125
2.26486e-007	-0.007125
2.26986e-007	-0.0068125
2.27486e-007	-0.007125
2.27986e-007	-0.0061875
2.28486e-007	-0.00525
2.28986e-007	-0.00525
2.29486e-007	-0.00525
2.29986e-007	-0.0049375
2.30486e-007	-0.0049375
2.30986e-007	-0.00525
2.31486e-007	-0.00525
2.31986e-007	-0.0055625
2.32486e-007	-0.005875
2.32986e-007	-0.0061875
2.33486e-007	-0.005875
2.33986e-007	-0.0065
2.34486e-007	-0.0074375
2.34986e-007	-0.0074375
2.35486e-007	-0.0068125
2.35986e-007	-0.0068125
2.36486e-007	-0.0061875
2.36986e-007	-0.0068125
2.37486e-007	-0.0065
2.37986e-007	-0.005875
2.38486e-007	-0.0061875
2.38986e-007	-0.0055625
2.39486e-007	-0.004625
2.39986e-007	-0.0049375
2.40486e-007	-0.004625
2.40986e-007	-0.0049375
2.41486e-007	-0.0049375
2.41986e-007	-0.0049375
2.42486e-007	-0.00525
2.42986e-007	-0.0061875
2.43486e-007	-0.0068125
2.43986e-007	-0.0068125
2.44486e-007	-0.0074375
2.44986e-007	-0.0074375
2.45486e-007	-0.0068125
2.45986e-007	-0.0065
2.46486e-007	-0.0068125
2.46986e-007	-0.0068125
2.47486e-007	-0.005875
2.47986e-007	-0.005875
2.48486e-007	-0.005875
2.48986e-007	-0.0055625
2.49486e-007	-0.0049375
2.49986e-007	-0.0043125
2.50486e-007	-0.004
2.50986e-007	-0.0036875
2.51486e-007	-0.0043125
2.51986e-007	-0.0055625
2.52486e-007	-0.0061875
2.52986e-007	-0.0061875
2.53486e-007	-0.0061875
2.53986e-007	-0.0065
2.54486e-007	-0.00775
2.54986e-007	-0.0074375
2.55486e-007	-0.0065
2.55986e-007	-0.0065
2.56486e-007	-0.0068125
2.56986e-007	-0.005875
2.57486e-007	-0.005875
2.57986e-007	-0.0061875
2.58486e-007	-0.005875
2.58986e-007	-0.0049375
2.59486e-007	-0.004625
2.59986e-007	-0.004625
2.60486e-007	-0.0049375
2.60986e-007	-0.004625
2.61486e-007	-0.004625
2.61986e-007	-0.004625
2.62486e-007	-0.004625
2.62986e-007	-0.005875
2.63486e-007	-0.0068125
2.63986e-007	-0.0065
2.64486e-007	-0.0065
2.64986e-007	-0.0061875
2.65486e-007	-0.0061875
2.65986e-007	-0.0061875
2.66486e-007	-0.0061875
2.66986e-007	-0.0061875
2.67486e-007	-0.0061875
2.67986e-007	-0.0049375
2.68486e-007	-0.004625
2.68986e-007	-0.0043125
2.69486e-007	-0.004625
2.69986e-007	-0.0043125
2.70486e-007	-0.004625
2.70986e-007	-0.004625
2.71486e-007	-0.0043125
2.71986e-007	-0.0049375
2.72486e-007	-0.005875
2.72986e-007	-0.0055625
2.73486e-007	-0.0055625
2.73986e-007	-0.0061875
2.74486e-007	-0.0065
2.74986e-007	-0.0065
2.75486e-007	-0.0065
2.75986e-007	-0.0061875
2.76486e-007	-0.005875
2.76986e-007	-0.00525
2.77486e-007	-0.00525
2.77986e-007	-0.0049375
2.78486e-007	-0.0043125
2.78986e-007	-0.0043125
2.79486e-007	-0.0036875
2.79986e-007	-0.004625
2.80486e-007	-0.0049375
2.80986e-007	-0.00525
2.81486e-007	-0.00525
2.81986e-007	-0.005875
2.82486e-007	-0.005875
2.82986e-007	-0.0055625
2.83486e-007	-0.0055625
2.83986e-007	-0.005875
2.84486e-007	-0.005875
2.84986e-007	-0.0061875
2.85486e-007	-0.0061875
2.85986e-007	-0.005875
2.86486e-007	-0.00525
2.86986e-007	-0.004625
2.87486e-007	-0.0049375
2.87986e-007	-0.004625
2.88486e-007	-0.0036875
2.88986e-007	-0.0030625
2.89486e-007	-0.0036875
2.89986e-007	-0.0043125
2.90486e-007	-0.0043125
2.90986e-007	-0.0043125
2.91486e-007	-0.0049375
2.91986e-007	-0.00525
2.92486e-007	-0.0055625
2.92986e-007	-0.00525
2.93486e-007	-0.0061875
2.93986e-007	-0.0068125
2.94486e-007	-0.0068125
2.94986e-007	-0.0068125
2.95486e-007	-0.0061875
2.95986e-007	-0.00525
2.96486e-007	-0.0049375
2.96986e-007	-0.004625
2.97486e-007	-0.004625
2.97986e-007	-0.004
2.98486e-007	-0.0030625
2.98986e-007	-0.004
2.99486e-007	-0.0043125
2.99986e-007	-0.0036875
3.00486e-007	-0.003375
3.00986e-007	-0.0049375
3.01486e-007	-0.0049375
3.01986e-007	-0.004625
3.02486e-007	-0.00525
3.02986e-007	-0.0061875
3.03486e-007	-0.0065
3.03986e-007	-0.0065
3.04486e-007	-0.0055625
3.04986e-007	-0.0061875
3.05486e-007	-0.0065
3.05986e-007	-0.0055625
3.06486e-007	-0.00525
3.06986e-007	-0.0055625
3.07486e-007	-0.00525
3.07986e-007	-0.0043125
3.08486e-007	-0.0036875
3.08986e-007	-0.0036875
3.09486e-007	-0.003375
3.09986e-007	-0.004
3.10486e-007	-0.004625
3.10986e-007	-0.004
3.11486e-007	-0.004625
3.11986e-007	-0.0049375
3.12486e-007	-0.005875
3.12986e-007	-0.005875
3.13486e-007	-0.0061875
3.13986e-007	-0.0061875
3.14486e-007	-0.0068125
3.14986e-007	-0.0065
3.15486e-007	-0.0065
3.15986e-007	-0.005875
3.16486e-007	-0.00525
3.16986e-007	-0.00525
3.17486e-007	-0.0049375
3.17986e-007	-0.004625
3.18486e-007	-0.003375
3.18986e-007	-0.0043125
3.19486e-007	-0.0043125
3.19986e-007	-0.004
3.20486e-007	-0.003375
3.20986e-007	-0.0043125
3.21486e-007	-0.004625
3.21986e-007	-0.0049375
3.22486e-007	-0.004625
3.22986e-007	-0.00525
3.23486e-007	-0.0061875
3.23986e-007	-0.0068125
3.24486e-007	-0.0061875
3.24986e-007	-0.005875
3.25486e-007	-0.0061875
3.25986e-007	-0.005875
3.26486e-007	-0.0055625
3.26986e-007	-0.00525
3.27486e-007	-0.0043125
3.27986e-007	-0.0043125
3.28486e-007	-0.004
3.28986e-007	-0.0043125
3.29486e-007	-0.0030625
3.29986e-007	-0.0036875
3.30486e-007	-0.004625
3.30986e-007	-0.0043125
3.31486e-007	-0.004
3.31986e-007	-0.004625
3.32486e-007	-0.00525
3.32986e-007	-0.0049375
3.33486e-007	-0.004625
3.33986e-007	-0.0055625
3.34486e-007	-0.0055625
3.34986e-007	-0.0061875
3.35486e-007	-0.005875
3.35986e-007	-0.0055625
3.36486e-007	-0.005875
3.36986e-007	-0.00525
3.37486e-007	-0.0049375
3.37986e-007	-0.004
3.38486e-007	-0.004
3.38986e-007	-0.004625
3.39486e-007	-0.004
3.39986e-007	-0.0036875
3.40486e-007	-0.004
3.40986e-007	-0.004
3.41486e-007	-0.004
3.41986e-007	-0.0043125
3.42486e-007	-0.004
3.42986e-007	-0.0049375
3.43486e-007	-0.0055625
3.43986e-007	-0.005875
3.44486e-007	-0.0055625
3.44986e-007	-0.005875
3.45486e-007	-0.005875
3.45986e-007	-0.0055625
3.46486e-007	-0.00525
3.46986e-007	-0.0049375
3.47486e-007	-0.0043125
3.47986e-007	-0.004
3.48486e-007	-0.0036875
3.48986e-007	-0.004
3.49486e-007	-0.0036875
3.49986e-007	-0.0043125
3.50486e-007	-0.0036875
3.50986e-007	-0.003375
3.51486e-007	-0.004
3.51986e-007	-0.0049375
3.52486e-007	-0.0049375
3.52986e-007	-0.004625
3.53486e-007	-0.0055625
3.53986e-007	-0.005875
3.54486e-007	-0.005875
3.54986e-007	-0.00525
3.55486e-007	-0.004625
3.55986e-007	-0.004625
3.56486e-007	-0.00525
3.56986e-007	-0.004
3.57486e-007	-0.004
3.57986e-007	-0.004
3.58486e-007	-0.0043125
3.58986e-007	-0.003375
3.59486e-007	-0.003375
3.59986e-007	-0.0036875
3.60486e-007	-0.0036875
3.60986e-007	-0.0036875
3.61486e-007	-0.0043125
3.61986e-007	-0.004625
3.62486e-007	-0.004625
3.62986e-007	-0.00525
3.63486e-007	-0.0055625
3.63986e-007	-0.0055625
3.64486e-007	-0.0049375
3.64986e-007	-0.0055625
3.65486e-007	-0.0055625
3.65986e-007	-0.005875
3.66486e-007	-0.004
3.66986e-007	-0.004
3.67486e-007	-0.004
3.67986e-007	-0.004625
3.68486e-007	-0.0036875
3.68986e-007	-0.0036875
3.69486e-007	-0.003375
3.69986e-007	-0.0030625
3.70486e-007	-0.0030625
3.70986e-007	-0.004625
3.71486e-007	-0.004625
3.71986e-007	-0.00525
3.72486e-007	-0.00525
3.72986e-007	-0.0049375
3.73486e-007	-0.0049375
3.73986e-007	-0.0055625
3.74486e-007	-0.005875
3.74986e-007	-0.0049375
3.75486e-007	-0.00525
3.75986e-007	-0.00525
3.76486e-007	-0.004625
3.76986e-007	-0.0036875
3.77486e-007	-0.004
3.77986e-007	-0.0036875
3.78486e-007	-0.0036875
3.78986e-007	-0.0030625
3.79486e-007	-0.0024375
3.79986e-007	-0.0030625
3.80486e-007	-0.004
3.80986e-007	-0.004625
3.81486e-007	-0.0036875
3.81986e-007	-0.004
3.82486e-007	-0.0049375
3.82986e-007	-0.0055625
3.83486e-007	-0.0055625
3.83986e-007	-0.00525
3.84486e-007	-0.0055625
3.84986e-007	-0.005875
3.85486e-007	-0.00525
3.85986e-007	-0.00525
3.86486e-007	-0.0043125
3.86986e-007	-0.0043125
3.87486e-007	-0.004625
3.87986e-007	-0.004
3.88486e-007	-0.00275
3.88986e-007	-0.0024375
3.89486e-007	-0.0024375
3.89986e-007	-0.00275
3.90486e-007	-0.00275
3.90986e-007	-0.003375
3.91486e-007	-0.003375
3.91986e-007	-0.004
3.92486e-007	-0.0043125
3.92986e-007	-0.0049375
3.93486e-007	-0.0049375
3.93986e-007	-0.0055625
3.94486e-007	-0.005875
3.94986e-007	-0.0055625
3.95486e-007	-0.00525
3.95986e-007	-0.00525
3.96486e-007	-0.00525
3.96986e-007	-0.004
3.97486e-007	-0.0036875
3.97986e-007	-0.0036875
3.98486e-007	-0.0043125
3.98986e-007	-0.003375
3.99486e-007	-0.00275
3.99986e-007	-0.002125
4.00486e-007	-0.003375
4.00986e-007	-0.0036875
4.01486e-007	-0.003375
4.01986e-007	-0.0036875
4.02486e-007	-0.004
4.02986e-007	-0.0043125
4.03486e-007	-0.00525
4.03986e-007	-0.0055625
4.04486e-007	-0.005875
4.04986e-007	-0.0061875
4.05486e-007	-0.0055625
4.05986e-007	-0.0049375
4.06486e-007	-0.004625
4.06986e-007	-0.0049375
4.07486e-007	-0.004625
4.07986e-007	-0.0043125
4.08486e-007	-0.0030625
4.08986e-007	-0.0030625
4.09486e-007	-0.003375
4.09986e-007	-0.0030625
4.10486e-007	-0.0024375
4.10986e-007	-0.00275
4.11486e-007	-0.0030625
4.11986e-007	-0.0043125
4.12486e-007	-0.0043125
4.12986e-007	-0.004
4.13486e-007	-0.0043125
4.13986e-007	-0.00525
4.14486e-007	-0.0055625
4.14986e-007	-0.00525
4.15486e-007	-0.004625
4.15986e-007	-0.004625
4.16486e-007	-0.004625
4.16986e-007	-0.0049375
4.17486e-007	-0.0036875
4.17986e-007	-0.00275
4.18486e-007	-0.0036875
4.18986e-007	-0.003375
4.19486e-007	-0.00275
4.19986e-007	-0.0030625
4.20486e-007	-0.00275
4.20986e-007	-0.0024375
4.21486e-007	-0.0030625
4.21986e-007	-0.004
4.22486e-007	-0.004625
4.22986e-007	-0.0036875
4.23486e-007	-0.004
4.23986e-007	-0.0043125
4.24486e-007	-0.0043125
4.24986e-007	-0.004625
4.25486e-007	-0.004625
4.25986e-007	-0.004625
4.26486e-007	-0.0043125
4.26986e-007	-0.004625
4.27486e-007	-0.004
4.27986e-007	-0.0036875
4.28486e-007	-0.004
4.28986e-007	-0.0036875
4.29486e-007	-0.003375
4.29986e-007	-0.003375
4.30486e-007	-0.00275
4.30986e-007	-0.0030625
4.31486e-007	-0.0030625
4.31986e-007	-0.004
4.32486e-007	-0.0036875
4.32986e-007	-0.004
4.33486e-007	-0.004
4.33986e-007	-0.0036875
4.34486e-007	-0.004
4.34986e-007	-0.004625
4.35486e-007	-0.0043125
4.35986e-007	-0.0043125
4.36486e-007	-0.004
4.36986e-007	-0.0036875
4.37486e-007	-0.0036875
4.37986e-007	-0.004
4.38486e-007	-0.0030625
4.38986e-007	-0.0024375
4.39486e-007	-0.003375
4.39986e-007	-0.003375
4.40486e-007	-0.0036875
4.40986e-007	-0.0036875
4.41486e-007	-0.0036875
4.41986e-007	-0.0036875
4.42486e-007	-0.0036875
4.42986e-007	-0.0036875
4.43486e-007	-0.004625
4.43986e-007	-0.004625
4.44486e-007	-0.004
4.44986e-007	-0.004
4.45486e-007	-0.004
4.45986e-007	-0.0036875
4.46486e-007	-0.0036875
4.46986e-007	-0.0030625
4.47486e-007	-0.003375
4.47986e-007	-0.0036875
4.48486e-007	-0.0030625
4.48986e-007	-0.003375
4.49486e-007	-0.0030625
4.49986e-007	-0.0036875
4.50486e-007	-0.003375
4.50986e-007	-0.003375
4.51486e-007	-0.0030625
4.51986e-007	-0.004
4.52486e-007	-0.0036875
4.52986e-007	-0.0043125
4.53486e-007	-0.003375
4.53986e-007	-0.0036875
4.54486e-007	-0.0036875
4.54986e-007	-0.004
4.55486e-007	-0.0036875
4.55986e-007	-0.003375
4.56486e-007	-0.0030625
4.56986e-007	-0.0030625
4.57486e-007	-0.00275
4.57986e-007	-0.00275
4.58486e-007	-0.0030625
4.58986e-007	-0.003375
4.59486e-007	-0.0036875
4.59986e-007	-0.0030625
4.60486e-007	-0.00275
4.60986e-007	-0.0030625
4.61486e-007	-0.0036875
4.61986e-007	-0.004
4.62486e-007	-0.004
4.62986e-007	-0.0043125
4.63486e-007	-0.0043125
4.63986e-007	-0.0043125
4.64486e-007	-0.004625
4.64986e-007	-0.0036875
4.65486e-007	-0.0043125
4.65986e-007	-0.0030625
4.66486e-007	-0.00275
4.66986e-007	-0.0030625
4.67486e-007	-0.0030625
4.67986e-007	-0.00275
4.68486e-007	-0.00275
4.68986e-007	-0.003375
4.69486e-007	-0.0024375
4.69986e-007	-0.0030625
4.70486e-007	-0.0030625
4.70986e-007	-0.003375
4.71486e-007	-0.0030625
4.71986e-007	-0.0036875
4.72486e-007	-0.0036875
4.72986e-007	-0.0043125
4.73486e-007	-0.003375
4.73986e-007	-0.004
4.74486e-007	-0.004625
4.74986e-007	-0.0043125
4.75486e-007	-0.004
4.75986e-007	-0.0036875
4.76486e-007	-0.00275
4.76986e-007	-0.00275
4.77486e-007	-0.00275
4.77986e-007	-0.00275
4.78486e-007	-0.0030625
4.78986e-007	-0.0024375
4.79486e-007	-0.0024375
4.79986e-007	-0.00275
4.80486e-007	-0.00275
4.80986e-007	-0.0024375
4.81486e-007	-0.0030625
4.81986e-007	-0.0030625
4.82486e-007	-0.0030625
4.82986e-007	-0.003375
4.83486e-007	-0.0036875
4.83986e-007	-0.0036875
4.84486e-007	-0.0036875
4.84986e-007	-0.0036875
4.85486e-007	-0.003375
4.85986e-007	-0.0030625
4.86486e-007	-0.0030625
4.86986e-007	-0.003375
4.87486e-007	-0.003375
4.87986e-007	-0.00275
4.88486e-007	-0.0030625
4.88986e-007	-0.00275
4.89486e-007	-0.002125
4.89986e-007	-0.0024375
4.90486e-007	-0.0024375
4.90986e-007	-0.00275
4.91486e-007	-0.0024375
4.91986e-007	-0.003375
4.92486e-007	-0.0030625
4.92986e-007	-0.003375
4.93486e-007	-0.00275
4.93986e-007	-0.00275
4.94486e-007	-0.00275
4.94986e-007	-0.0036875
4.95486e-007	-0.003375
4.95986e-007	-0.004
4.96486e-007	-0.003375
4.96986e-007	-0.0036875
4.97486e-007	-0.0036875
4.97986e-007	-0.004
4.98486e-007	-0.003375
4.98986e-007	-0.004
4.99486e-007	-0.0043125
4.99986e-007	-0.0030625
5.00486e-007	-0.00275
5.00986e-007	-0.0030625
5.01486e-007	-0.003375
5.01986e-007	-0.00275
5.02486e-007	-0.0024375
5.02986e-007	-0.0024375
5.03486e-007	-0.00275
5.03986e-007	-0.0024375
5.04486e-007	-0.003375
5.04986e-007	-0.0030625
5.05486e-007	-0.003375
5.05986e-007	-0.0024375
5.06486e-007	-0.003375
5.06986e-007	-0.004
5.07486e-007	-0.003375
5.07986e-007	-0.0036875
5.08486e-007	-0.0036875
5.08986e-007	-0.004
5.09486e-007	-0.004625
5.09986e-007	-0.00275
5.10486e-007	-0.00275
5.10986e-007	-0.0030625
5.11486e-007	-0.003375
5.11986e-007	-0.003375
5.12486e-007	-0.002125
5.12986e-007	-0.0024375
5.13486e-007	-0.002125
5.13986e-007	-0.0030625
5.14486e-007	-0.0030625
5.14986e-007	-0.0024375
5.15486e-007	-0.00275
5.15986e-007	-0.0036875
5.16486e-007	-0.003375
5.16986e-007	-0.0036875
5.17486e-007	-0.004
5.17986e-007	-0.0043125
5.18486e-007	-0.003375
5.18986e-007	-0.0036875
5.19486e-007	-0.0036875
5.19986e-007	-0.0036875
5.20486e-007	-0.0036875
5.20986e-007	-0.0030625
5.21486e-007	-0.00275
5.21986e-007	-0.0030625
5.22486e-007	-0.00275
5.22986e-007	-0.00275
5.23486e-007	-0.002125
5.23986e-007	-0.0018125
5.24486e-007	-0.0018125
5.24986e-007	-0.0011875
5.25486e-007	-0.0030625
5.25986e-007	-0.0030625
5.26486e-007	-0.0036875
5.26986e-007	-0.003375
5.27486e-007	-0.003375
5.27986e-007	-0.0036875
5.28486e-007	-0.004
5.28986e-007	-0.004
5.29486e-007	-0.0043125
5.29986e-007	-0.0036875
5.30486e-007	-0.004
5.30986e-007	-0.0030625
5.31486e-007	-0.003375
5.31986e-007	-0.0030625
5.32486e-007	-0.002125
5.32986e-007	-0.0024375
5.33486e-007	-0.002125
5.33986e-007	-0.0018125
5.34486e-007	-0.0018125
5.34986e-007	-0.002125
5.35486e-007	-0.0015
5.35986e-007	-0.0024375
5.36486e-007	-0.00275
5.36986e-007	-0.004
5.37486e-007	-0.0036875
5.37986e-007	-0.004
5.38486e-007	-0.003375
5.38986e-007	-0.004625
5.39486e-007	-0.004
5.39986e-007	-0.0043125
5.40486e-007	-0.0036875
5.40986e-007	-0.0030625
5.41486e-007	-0.00275
5.41986e-007	-0.00275
5.42486e-007	-0.0024375
5.42986e-007	-0.0024375
5.43486e-007	-0.0024375
5.43986e-007	-0.002125
5.44486e-007	-0.0024375
5.44986e-007	-0.0018125
5.45486e-007	-0.002125
5.45986e-007	-0.0018125
5.46486e-007	-0.00275
5.46986e-007	-0.0024375
5.47486e-007	-0.0036875
5.47986e-007	-0.003375
5.48486e-007	-0.0043125
5.48986e-007	-0.004625
5.49486e-007	-0.0043125
5.49986e-007	-0.003375
5.50486e-007	-0.0036875
5.50986e-007	-0.003375
5.51486e-007	-0.00275
5.51986e-007	-0.002125
5.52486e-007	-0.00275
5.52986e-007	-0.0024375
5.53486e-007	-0.0018125
5.53986e-007	-0.0011875
5.54486e-007	-0.0011875
5.54986e-007	-0.0018125
5.55486e-007	-0.002125
5.55986e-007	-0.0024375
5.56486e-007	-0.002125
5.56986e-007	-0.0030625
5.57486e-007	-0.0030625
5.57986e-007	-0.0043125
5.58486e-007	-0.0030625
5.58986e-007	-0.0036875
5.59486e-007	-0.0036875
5.59986e-007	-0.0043125
5.60486e-007	-0.0036875
5.60986e-007	-0.0036875
5.61486e-007	-0.00275
5.61986e-007	-0.00275
5.62486e-007	-0.00275
5.62986e-007	-0.0024375
5.63486e-007	-0.0018125
5.63986e-007	-0.0011875
5.64486e-007	-0.0015
5.64986e-007	-0.002125
5.65486e-007	-0.0024375
5.65986e-007	-0.0018125
5.66486e-007	-0.0030625
5.66986e-007	-0.0024375
5.67486e-007	-0.00275
5.67986e-007	-0.0030625
5.68486e-007	-0.003375
5.68986e-007	-0.0030625
5.69486e-007	-0.004
5.69986e-007	-0.0043125
5.70486e-007	-0.0030625
5.70986e-007	-0.00275
5.71486e-007	-0.0030625
5.71986e-007	-0.002125
5.72486e-007	-0.0024375
5.72986e-007	-0.002125
5.73486e-007	-0.002125
5.73986e-007	-0.0018125
5.74486e-007	-0.0015
5.74986e-007	-0.0018125
5.75486e-007	-0.0018125
5.75986e-007	-0.0024375
5.76486e-007	-0.0024375
5.76986e-007	-0.0024375
5.77486e-007	-0.00275
5.77986e-007	-0.0036875
5.78486e-007	-0.0036875
5.78986e-007	-0.004
5.79486e-007	-0.0030625
5.79986e-007	-0.0036875
5.80486e-007	-0.0036875
5.80986e-007	-0.003375
5.81486e-007	-0.002125
5.81986e-007	-0.0018125
5.82486e-007	-0.0018125
5.82986e-007	-0.002125
5.83486e-007	-0.0015
5.83986e-007	-0.0018125
5.84486e-007	-0.002125
5.84986e-007	-0.0018125
5.85486e-007	-0.0011875
5.85986e-007	-0.002125
5.86486e-007	-0.003375
5.86986e-007	-0.003375
5.87486e-007	-0.0024375
5.87986e-007	-0.00275
5.88486e-007	-0.003375
5.88986e-007	-0.0036875
5.89486e-007	-0.0043125
5.89986e-007	-0.00275
5.90486e-007	-0.0030625
5.90986e-007	-0.00275
5.91486e-007	-0.0024375
5.91986e-007	-0.00275
5.92486e-007	-0.0030625
5.92986e-007	-0.0018125
5.93486e-007	-0.0015
5.93986e-007	-0.000875
5.94486e-007	-0.0011875
5.94986e-007	-0.0018125
5.95486e-007	-0.0024375
5.95986e-007	-0.00275
5.96486e-007	-0.002125
5.96986e-007	-0.0024375
5.97486e-007	-0.0030625
5.97986e-007	-0.0036875
5.98486e-007	-0.0036875
5.98986e-007	-0.0036875
5.99486e-007	-0.0030625
5.99986e-007	-0.0036875
6.00486e-007	-0.003375
6.00986e-007	-0.003375
6.01486e-007	-0.00275
6.01986e-007	-0.0018125
6.02486e-007	-0.0011875
6.02986e-007	-0.002125
6.03486e-007	-0.0018125
6.03986e-007	-0.0011875
6.04486e-007	-0.0011875
6.04986e-007	-0.0018125
6.05486e-007	-0.0018125
6.05986e-007	-0.002125
6.06486e-007	-0.0024375
6.06986e-007	-0.00275
6.07486e-007	-0.0024375
6.07986e-007	-0.0030625
6.08486e-007	-0.003375
6.08986e-007	-0.0036875
6.09486e-007	-0.0036875
6.09986e-007	-0.0036875
6.10486e-007	-0.004
6.10986e-007	-0.003375
6.11486e-007	-0.0024375
6.11986e-007	-0.0024375
6.12486e-007	-0.0024375
6.12986e-007	-0.0011875
6.13486e-007	-0.0011875
6.13986e-007	-0.0011875
6.14486e-007	-0.002125
6.14986e-007	-0.002125
6.15486e-007	-0.0024375
6.15986e-007	-0.00275
6.16486e-007	-0.0024375
6.16986e-007	-0.0030625
6.17486e-007	-0.0030625
6.17986e-007	-0.003375
6.18486e-007	-0.0036875
6.18986e-007	-0.0036875
6.19486e-007	-0.0043125
6.19986e-007	-0.004
6.20486e-007	-0.004
6.20986e-007	-0.0036875
6.21486e-007	-0.00275
6.21986e-007	-0.0024375
6.22486e-007	-0.0018125
6.22986e-007	-0.002125
6.23486e-007	-0.002125
6.23986e-007	-0.0015
6.24486e-007	-0.0015
6.24986e-007	-0.0018125
6.25486e-007	-0.0015
6.25986e-007	-0.002125
6.26486e-007	-0.002125
6.26986e-007	-0.0030625
6.27486e-007	-0.003375
6.27986e-007	-0.003375
6.28486e-007	-0.0030625
6.28986e-007	-0.004
6.29486e-007	-0.004
6.29986e-007	-0.004
6.30486e-007	-0.004
6.30986e-007	-0.0036875
6.31486e-007	-0.0024375
6.31986e-007	-0.0024375
6.32486e-007	-0.0024375
6.32986e-007	-0.0015
6.33486e-007	-0.0015
6.33986e-007	-0.0011875
6.34486e-007	-0.0018125
6.34986e-007	-0.0018125
6.35486e-007	-0.0018125
6.35986e-007	-0.0015
6.36486e-007	-0.00275
6.36986e-007	-0.003375
6.37486e-007	-0.003375
6.37986e-007	-0.0036875
6.38486e-007	-0.003375
6.38986e-007	-0.003375
6.39486e-007	-0.0043125
6.39986e-007	-0.0036875
6.40486e-007	-0.0030625
6.40986e-007	-0.0030625
6.41486e-007	-0.0024375
6.41986e-007	-0.0030625
6.42486e-007	-0.0018125
6.42986e-007	-0.0011875
6.43486e-007	-0.0015
6.43986e-007	-0.0018125
6.44486e-007	-0.0018125
6.44986e-007	-0.00275
6.45486e-007	-0.002125
6.45986e-007	-0.0018125
6.46486e-007	-0.00275
6.46986e-007	-0.004
6.47486e-007	-0.003375
6.47986e-007	-0.0030625
6.48486e-007	-0.0036875
6.48986e-007	-0.003375
6.49486e-007	-0.004
6.49986e-007	-0.0036875
6.50486e-007	-0.003375
6.50986e-007	-0.0036875
6.51486e-007	-0.00275
6.51986e-007	-0.002125
6.52486e-007	-0.0015
6.52986e-007	-0.0011875
6.53486e-007	-0.000875
6.53986e-007	-0.00025
6.54486e-007	-0.0011875
6.54986e-007	-0.0015
6.55486e-007	-0.002125
6.55986e-007	-0.002125
6.56486e-007	-0.00275
6.56986e-007	-0.0030625
6.57486e-007	-0.003375
6.57986e-007	-0.004
6.58486e-007	-0.0036875
6.58986e-007	-0.004
6.59486e-007	-0.0043125
6.59986e-007	-0.004
6.60486e-007	-0.0036875
6.60986e-007	-0.004
6.61486e-007	-0.00275
6.61986e-007	-0.0018125
6.62486e-007	-0.0018125
6.62986e-007	-0.0018125
6.63486e-007	-0.000875
6.63986e-007	6.25e-005
6.64486e-007	-0.00025
6.64986e-007	-0.000875
6.65486e-007	-0.0018125
6.65986e-007	-0.0024375
6.66486e-007	-0.002125
6.66986e-007	-0.0030625
6.67486e-007	-0.0036875
6.67986e-007	-0.0043125
6.68486e-007	-0.0036875
6.68986e-007	-0.004625
6.69486e-007	-0.0043125
6.69986e-007	-0.003375
6.70486e-007	-0.0030625
6.70986e-007	-0.0030625
6.71486e-007	-0.00275
6.71986e-007	-0.0024375
6.72486e-007	-0.002125
6.72986e-007	-0.000875
6.73486e-007	-0.0005625
6.73986e-007	-0.00025
6.74486e-007	-0.0011875
6.74986e-007	-0.0011875
6.75486e-007	-0.0011875
6.75986e-007	-0.0018125
6.76486e-007	-0.002125
6.76986e-007	-0.0030625
6.77486e-007	-0.0036875
6.77986e-007	-0.0036875
6.78486e-007	-0.0043125
6.78986e-007	-0.0036875
6.79486e-007	-0.0036875
6.79986e-007	-0.0043125
6.80486e-007	-0.004
6.80986e-007	-0.003375
6.81486e-007	-0.0024375
6.81986e-007	-0.0018125
6.82486e-007	-0.0015
6.82986e-007	-0.0015
6.83486e-007	-0.00025
6.83986e-007	6.25e-005
6.84486e-007	-0.0005625
6.84986e-007	-0.0011875
6.85486e-007	-0.000875
6.85986e-007	-0.0018125
6.86486e-007	-0.0024375
6.86986e-007	-0.00275
6.87486e-007	-0.003375
6.87986e-007	-0.004
6.88486e-007	-0.0043125
6.88986e-007	-0.004
6.89486e-007	-0.0036875
6.89986e-007	-0.004
6.90486e-007	-0.0036875
6.90986e-007	-0.003375
6.91486e-007	-0.003375
6.91986e-007	-0.0030625
6.92486e-007	-0.002125
6.92986e-007	-0.0011875
6.93486e-007	-0.000875
6.93986e-007	-0.0011875
6.94486e-007	-0.0015
6.94986e-007	-0.000875
6.95486e-007	-0.0011875
6.95986e-007	-0.000875
6.96486e-007	-0.002125
6.96986e-007	-0.0024375
6.97486e-007	-0.0024375
6.97986e-007	-0.0030625
6.98486e-007	-0.00275
6.98986e-007	-0.0030625
6.99486e-007	-0.003375
6.99986e-007	-0.0036875
7.00486e-007	-0.003375
7.00986e-007	-0.0024375
7.01486e-007	-0.00275
7.01986e-007	-0.0030625
7.02486e-007	-0.0018125
7.02986e-007	-0.000875
7.03486e-007	-0.000875
7.03986e-007	-0.0015
7.04486e-007	-0.000875
7.04986e-007	-0.0011875
7.05486e-007	-0.0015
7.05986e-007	-0.0015
7.06486e-007	-0.0015
7.06986e-007	-0.0018125
7.07486e-007	-0.002125
7.07986e-007	-0.002125
7.08486e-007	-0.0024375
7.08986e-007	-0.0030625
7.09486e-007	-0.00275
7.09986e-007	-0.00275
7.10486e-007	-0.0030625
7.10986e-007	-0.003375
7.11486e-007	-0.0024375
7.11986e-007	-0.0024375
7.12486e-007	-0.0024375
7.12986e-007	-0.0024375
7.13486e-007	-0.0015
7.13986e-007	-0.0015
7.14486e-007	-0.0015
7.14986e-007	-0.0005625
7.15486e-007	-0.000875
7.15986e-007	-0.0015
7.16486e-007	-0.0018125
7.16986e-007	-0.0018125
7.17486e-007	-0.002125
7.17986e-007	-0.0015
7.18486e-007	-0.002125
7.18986e-007	-0.0024375
7.19486e-007	-0.003375
7.19986e-007	-0.0030625
7.20486e-007	-0.0030625
7.20986e-007	-0.0030625
7.21486e-007	-0.0030625
7.21986e-007	-0.00275
7.22486e-007	-0.0024375
7.22986e-007	-0.0018125
7.23486e-007	-0.0015
7.23986e-007	-0.0018125
7.24486e-007	-0.0018125
7.24986e-007	-0.0011875
7.25486e-007	-0.000875
7.25986e-007	-0.0018125
7.26486e-007	-0.002125
7.26986e-007	-0.0018125
7.27486e-007	-0.0018125
7.27986e-007	-0.0018125
7.28486e-007	-0.0015
7.28986e-007	-0.0024375
7.29486e-007	-0.00275
7.29986e-007	-0.00275
7.30486e-007	-0.0024375
7.30986e-007	-0.00275
7.31486e-007	-0.0024375
7.31986e-007	-0.00275
7.32486e-007	-0.0024375
7.32986e-007	-0.002125
7.33486e-007	-0.0018125
7.33986e-007	-0.002125
7.34486e-007	-0.00275
7.34986e-007	-0.002125
7.35486e-007	-0.0018125
7.35986e-007	-0.0015
7.36486e-007	-0.0018125
7.36986e-007	-0.0018125
7.37486e-007	-0.0018125
7.37986e-007	-0.002125
7.38486e-007	-0.0024375
7.38986e-007	-0.002125
7.39486e-007	-0.00275
7.39986e-007	-0.0024375
7.40486e-007	-0.002125
7.40986e-007	-0.0024375
7.41486e-007	-0.002125
7.41986e-007	-0.00275
7.42486e-007	-0.0018125
7.42986e-007	-0.0018125
7.43486e-007	-0.0024375
7.43986e-007	-0.0018125
7.44486e-007	-0.0011875
7.44986e-007	-0.0018125
7.45486e-007	-0.002125
7.45986e-007	-0.0015
7.46486e-007	-0.0011875
7.46986e-007	-0.002125
7.47486e-007	-0.0024375
7.47986e-007	-0.0024375
7.48486e-007	-0.0024375
7.48986e-007	-0.0024375
7.49486e-007	-0.0018125
7.49986e-007	-0.0018125
7.50486e-007	-0.002125
7.50986e-007	-0.0024375
7.51486e-007	-0.002125
7.51986e-007	-0.002125
7.52486e-007	-0.0015
7.52986e-007	-0.000875
7.53486e-007	-0.0011875
7.53986e-007	-0.0018125
7.54486e-007	-0.0015
7.54986e-007	-0.0015
7.55486e-007	-0.002125
7.55986e-007	-0.0018125
7.56486e-007	-0.0018125
7.56986e-007	-0.002125
7.57486e-007	-0.0018125
7.57986e-007	-0.0018125
7.58486e-007	-0.0024375
7.58986e-007	-0.0030625
7.59486e-007	-0.0024375
7.59986e-007	-0.0018125
7.60486e-007	-0.0024375
7.60986e-007	-0.002125
7.61486e-007	-0.0024375
7.61986e-007	-0.00275
7.62486e-007	-0.0015
7.62986e-007	-0.0018125
7.63486e-007	-0.0018125
7.63986e-007	-0.0011875
7.64486e-007	-0.0015
7.64986e-007	-0.0011875
7.65486e-007	-0.0018125
7.65986e-007	-0.0011875
7.66486e-007	-0.0011875
7.66986e-007	-0.0005625
7.67486e-007	-0.0018125
7.67986e-007	-0.0024375
7.68486e-007	-0.002125
7.68986e-007	-0.0024375
7.69486e-007	-0.00275
7.69986e-007	-0.0024375
7.70486e-007	-0.0024375
7.70986e-007	-0.002125
7.71486e-007	-0.00275
7.71986e-007	-0.00275
7.72486e-007	-0.002125
7.72986e-007	-0.0024375
7.73486e-007	-0.0015
7.73986e-007	-0.0011875
7.74486e-007	-0.0011875
7.74986e-007	-0.0011875
7.75486e-007	-0.000875
7.75986e-007	-0.0005625
7.76486e-007	-0.0011875
7.76986e-007	-0.0015
7.77486e-007	-0.0015
7.77986e-007	-0.0015
7.78486e-007	-0.0018125
7.78986e-007	-0.0024375
7.79486e-007	-0.0018125
7.79986e-007	-0.0018125
7.80486e-007	-0.0024375
7.80986e-007	-0.0030625
7.81486e-007	-0.00275
7.81986e-007	-0.0024375
7.82486e-007	-0.002125
7.82986e-007	-0.0018125
7.83486e-007	-0.0018125
7.83986e-007	-0.0015
7.84486e-007	-0.0018125
7.84986e-007	-0.000875
7.85486e-007	-0.000875
7.85986e-007	-0.0005625
7.86486e-007	-0.000875
7.86986e-007	-0.0005625
7.87486e-007	-0.000875
7.87986e-007	-0.0011875
7.88486e-007	-0.0011875
7.88986e-007	-0.0011875
7.89486e-007	-0.002125
7.89986e-007	-0.002125
7.90486e-007	-0.00275
7.90986e-007	-0.0024375
7.91486e-007	-0.00275
7.91986e-007	-0.002125
7.92486e-007	-0.002125
7.92986e-007	-0.0024375
7.93486e-007	-0.002125
7.93986e-007	-0.0018125
7.94486e-007	-0.0011875
7.94986e-007	-0.0005625
7.95486e-007	-0.0005625
7.95986e-007	-0.0005625
7.96486e-007	-0.0005625
7.96986e-007	-0.000875
7.97486e-007	-0.0011875
7.97986e-007	-0.000875
7.98486e-007	-0.00025
7.98986e-007	-0.0015
7.99486e-007	-0.0018125
7.99986e-007	-0.0024375
8.00486e-007	-0.002125
8.00986e-007	-0.0030625
8.01486e-007	-0.003375
8.01986e-007	-0.0030625
8.02486e-007	-0.0030625
8.02986e-007	-0.0030625
8.03486e-007	-0.002125
8.03986e-007	-0.0018125
8.04486e-007	-0.002125
8.04986e-007	-0.0018125
8.05486e-007	-0.0011875
8.05986e-007	-0.0005625
8.06486e-007	-0.000875
8.06986e-007	-0.00025
8.07486e-007	-0.00025
8.07986e-007	-0.0005625
8.08486e-007	-0.0011875
8.08986e-007	-0.0015
8.09486e-007	-0.000875
8.09986e-007	-0.000875
8.10486e-007	-0.0024375
8.10986e-007	-0.0030625
8.11486e-007	-0.00275
8.11986e-007	-0.0024375
8.12486e-007	-0.0030625
8.12986e-007	-0.003375
8.13486e-007	-0.00275
8.13986e-007	-0.002125
8.14486e-007	-0.0018125
8.14986e-007	-0.0018125
8.15486e-007	-0.0015
8.15986e-007	-0.0005625
8.16486e-007	-0.000875
8.16986e-007	-0.000875
8.17486e-007	6.25e-005
8.17986e-007	6.25e-005
8.18486e-007	-0.0005625
8.18986e-007	-0.0015
8.19486e-007	-0.0015
8.19986e-007	-0.0015
8.20486e-007	-0.0024375
8.20986e-007	-0.002125
8.21486e-007	-0.0018125
8.21986e-007	-0.0024375
8.22486e-007	-0.0024375
8.22986e-007	-0.00275
8.23486e-007	-0.0030625
8.23986e-007	-0.0024375
8.24486e-007	-0.002125
8.24986e-007	-0.002125
8.25486e-007	-0.0011875
8.25986e-007	-0.0005625
8.26486e-007	-0.0005625
8.26986e-007	-0.0005625
8.27486e-007	-0.000875
8.27986e-007	-0.000875
8.28486e-007	-0.0005625
8.28986e-007	6.25e-005
8.29486e-007	-0.0011875
8.29986e-007	-0.0018125
8.30486e-007	-0.002125
8.30986e-007	-0.0015
8.31486e-007	-0.0018125
8.31986e-007	-0.0018125
8.32486e-007	-0.0024375
8.32986e-007	-0.0024375
8.33486e-007	-0.0024375
8.33986e-007	-0.002125
8.34486e-007	-0.002125
8.34986e-007	-0.0018125
8.35486e-007	-0.002125
8.35986e-007	-0.0015
8.36486e-007	-0.000875
8.36986e-007	-0.000875
8.37486e-007	-0.0005625
8.37986e-007	-0.000875
8.38486e-007	-0.000875
8.38986e-007	-0.000875
8.39486e-007	-0.0015
8.39986e-007	-0.0015
8.40486e-007	-0.0011875
8.40986e-007	-0.0015
8.41486e-007	-0.002125
8.41986e-007	-0.002125
8.42486e-007	-0.0024375
8.42986e-007	-0.0024375
8.43486e-007	-0.0018125
8.43986e-007	-0.0024375
8.44486e-007	-0.0024375
8.44986e-007	-0.0015
8.45486e-007	-0.0011875
8.45986e-007	-0.0011875
8.46486e-007	-0.000875
8.46986e-007	-0.0005625
8.47486e-007	6.25e-005
8.47986e-007	6.25e-005
8.48486e-007	-0.0011875
8.48986e-007	-0.0011875
8.49486e-007	-0.0011875
8.49986e-007	-0.000875
8.50486e-007	-0.0018125
8.50986e-007	-0.0024375
8.51486e-007	-0.0024375
8.51986e-007	-0.002125
8.52486e-007	-0.002125
8.52986e-007	-0.0018125
8.53486e-007	-0.00275
8.53986e-007	-0.0024375
8.54486e-007	-0.0015
8.54986e-007	-0.0005625
8.55486e-007	-0.0015
8.55986e-007	-0.000875
8.56486e-007	-0.000875
8.56986e-007	-0.0005625
8.57486e-007	-0.0005625
8.57986e-007	-0.0005625
8.58486e-007	-0.0011875
8.58986e-007	-0.0015
8.59486e-007	-0.0018125
8.59986e-007	-0.0011875
8.60486e-007	-0.0015
8.60986e-007	-0.002125
8.61486e-007	-0.002125
8.61986e-007	-0.002125
8.62486e-007	-0.0024375
8.62986e-007	-0.0024375
8.63486e-007	-0.0018125
8.63986e-007	-0.0018125
8.64486e-007	-0.0018125
8.64986e-007	-0.0015
8.65486e-007	-0.0005625
8.65986e-007	-0.0005625
8.66486e-007	-0.0005625
8.66986e-007	-0.000875
8.67486e-007	-0.0005625
8.67986e-007	-0.0005625
8.68486e-007	-0.0011875
8.68986e-007	-0.0015
8.69486e-007	-0.0011875
8.69986e-007	-0.0018125
8.70486e-007	-0.002125
8.70986e-007	-0.0018125
8.71486e-007	-0.0030625
8.71986e-007	-0.0030625
8.72486e-007	-0.0024375
8.72986e-007	-0.0018125
8.73486e-007	-0.002125
8.73986e-007	-0.0011875
8.74486e-007	-0.0015
8.74986e-007	-0.00025
8.75486e-007	-0.0005625
8.75986e-007	-0.0005625
8.76486e-007	6.25e-005
8.76986e-007	-0.00025
8.77486e-007	-0.000875
8.77986e-007	-0.000875
8.78486e-007	-0.000875
8.78986e-007	-0.0005625
8.79486e-007	-0.0011875
8.79986e-007	-0.0018125
8.80486e-007	-0.002125
8.80986e-007	-0.0024375
8.81486e-007	-0.002125
8.81986e-007	-0.002125
8.82486e-007	-0.0018125
8.82986e-007	-0.0024375
8.83486e-007	-0.002125
8.83986e-007	-0.0011875
8.84486e-007	-0.000875
8.84986e-007	-0.000875
8.85486e-007	-0.000875
8.85986e-007	-0.000875
8.86486e-007	6.25e-005
8.86986e-007	-0.000875
8.87486e-007	-0.000875
8.87986e-007	-0.000875
8.88486e-007	-0.000875
8.88986e-007	-0.0015
8.89486e-007	-0.0015
8.89986e-007	-0.0018125
8.90486e-007	-0.00275
8.90986e-007	-0.00275
8.91486e-007	-0.0024375
8.91986e-007	-0.0024375
8.92486e-007	-0.002125
8.92986e-007	-0.0015
8.93486e-007	-0.0018125
8.93986e-007	-0.0005625
8.94486e-007	-0.0011875
8.94986e-007	-0.0011875
8.95486e-007	-0.0011875
8.95986e-007	-0.0011875
8.96486e-007	-0.0015
8.96986e-007	6.25e-005
8.97486e-007	-0.000875
8.97986e-007	-0.0015
8.98486e-007	-0.0015
8.98986e-007	-0.0011875
8.99486e-007	-0.002125
8.99986e-007	-0.002125
9.00486e-007	-0.0018125
9.00986e-007	-0.002125
9.01486e-007	-0.0018125
9.01986e-007	-0.0018125
9.02486e-007	-0.0018125
9.02986e-007	-0.0015
9.03486e-007	-0.0011875
9.03986e-007	-0.000875
9.04486e-007	-0.00025
9.04986e-007	-0.0005625
9.05486e-007	-0.000875
9.05986e-007	-0.0011875
9.06486e-007	-0.0005625
9.06986e-007	-0.000875
9.07486e-007	-0.0015
9.07986e-007	-0.0018125
9.08486e-007	-0.0018125
9.08986e-007	-0.0015
9.09486e-007	-0.0015
9.09986e-007	-0.002125
9.10486e-007	-0.002125
9.10986e-007	-0.0015
9.11486e-007	-0.0011875
9.11986e-007	-0.0011875
9.12486e-007	-0.0018125
9.12986e-007	-0.0011875
9.13486e-007	-0.000875
9.13986e-007	-0.0005625
9.14486e-007	-0.000875
9.14986e-007	-0.0005625
9.15486e-007	-0.000875
9.15986e-007	-0.0011875
9.16486e-007	-0.0018125
9.16986e-007	-0.0011875
9.17486e-007	-0.0024375
9.17986e-007	-0.002125
9.18486e-007	-0.0018125
9.18986e-007	-0.002125
9.19486e-007	-0.0018125
9.19986e-007	-0.0018125
9.20486e-007	-0.0018125
9.20986e-007	-0.0011875
9.21486e-007	-0.0011875
9.21986e-007	-0.000875
9.22486e-007	-0.0005625
9.22986e-007	-0.000875
9.23486e-007	-0.000875
9.23986e-007	-0.000875
9.24486e-007	-0.0005625
9.24986e-007	-0.000875
9.25486e-007	-0.0005625
9.25986e-007	-0.0018125
9.26486e-007	-0.0018125
9.26986e-007	-0.0018125
9.27486e-007	-0.0018125
9.27986e-007	-0.0024375
9.28486e-007	-0.0024375
9.28986e-007	-0.002125
9.29486e-007	-0.00275
9.29986e-007	-0.0018125
9.30486e-007	-0.0005625
9.30986e-007	-0.0018125
9.31486e-007	-0.0015
9.31986e-007	-0.0005625
9.32486e-007	6.25e-005
9.32986e-007	-0.0005625
9.33486e-007	-0.000875
9.33986e-007	-0.00025
9.34486e-007	-0.0005625
9.34986e-007	-0.0011875
9.35486e-007	-0.0018125
9.35986e-007	-0.0011875
9.36486e-007	-0.0018125
9.36986e-007	-0.002125
9.37486e-007	-0.002125
9.37986e-007	-0.0018125
9.38486e-007	-0.0024375
9.38986e-007	-0.0024375
9.39486e-007	-0.002125
9.39986e-007	-0.0015
9.40486e-007	-0.000875
9.40986e-007	-0.000875
9.41486e-007	-0.000875
9.41986e-007	-0.00025
9.42486e-007	-0.0005625
9.42986e-007	-0.0005625
9.43486e-007	6.25e-005
9.43986e-007	-0.00025
9.44486e-007	-0.0005625
9.44986e-007	-0.0005625
9.45486e-007	-0.0005625
9.45986e-007	-0.0015
9.46486e-007	-0.002125
9.46986e-007	-0.002125
9.47486e-007	-0.0018125
9.47986e-007	-0.0024375
9.48486e-007	-0.002125
9.48986e-007	-0.002125
9.49486e-007	-0.0015
9.49986e-007	-0.0015
9.50486e-007	-0.0018125
9.50986e-007	-0.0011875
9.51486e-007	-0.000875
9.51986e-007	-0.000875
9.52486e-007	0.000375
9.52986e-007	6.25e-005
9.53486e-007	-0.000875
9.53986e-007	-0.0005625
9.54486e-007	-0.0005625
9.54986e-007	-0.000875
9.55486e-007	-0.0005625
9.55986e-007	-0.000875
9.56486e-007	-0.0024375
9.56986e-007	-0.002125
9.57486e-007	-0.002125
9.57986e-007	-0.0018125
9.58486e-007	-0.0018125
9.58986e-007	-0.0018125
9.59486e-007	-0.002125
9.59986e-007	-0.0011875
9.60486e-007	-0.0015
9.60986e-007	-0.0005625
9.61486e-007	-0.0005625
9.61986e-007	-0.0005625
9.62486e-007	-0.0005625
9.62986e-007	-0.00025
9.63486e-007	-0.00025
9.63986e-007	-0.0005625
9.64486e-007	-0.000875
9.64986e-007	-0.0018125
9.65486e-007	-0.0018125
9.65986e-007	-0.0018125
9.66486e-007	-0.0018125
9.66986e-007	-0.002125
9.67486e-007	-0.0011875
9.67986e-007	-0.0011875
9.68486e-007	-0.0005625
9.68986e-007	-0.0018125
9.69486e-007	-0.000875
9.69986e-007	-0.000875
9.70486e-007	-0.000875
9.70986e-007	-0.0011875
9.71486e-007	-0.0005625
9.71986e-007	-0.0005625
9.72486e-007	-0.00025
9.72986e-007	-0.0011875
9.73486e-007	-0.0015
9.73986e-007	-0.0011875
9.74486e-007	-0.0011875
9.74986e-007	-0.0015
9.75486e-007	-0.0018125
9.75986e-007	-0.0018125
9.76486e-007	-0.0015
9.76986e-007	-0.0015
9.77486e-007	-0.0018125
9.77986e-007	-0.0011875
9.78486e-007	-0.000875
9.78986e-007	-0.0005625
9.79486e-007	-0.000875
9.79986e-007	6.25e-005
9.80486e-007	-0.000875
9.80986e-007	-0.00025
9.81486e-007	6.25e-005
9.81986e-007	-0.00025
9.82486e-007	-0.0015
9.82986e-007	-0.0011875
9.83486e-007	-0.000875
9.83986e-007	-0.0011875
9.84486e-007	-0.002125
9.84986e-007	-0.0024375
9.85486e-007	-0.002125
9.85986e-007	-0.0011875
9.86486e-007	-0.0011875
9.86986e-007	-0.0005625
9.87486e-007	-0.0005625
9.87986e-007	-0.0011875
9.88486e-007	-0.0005625
9.88986e-007	-0.00025
9.89486e-007	6.25e-005
9.89986e-007	-0.0005625
9.90486e-007	6.25e-005
9.90986e-007	-0.000875
9.91486e-007	6.25e-005
9.91986e-007	-0.0005625
9.92486e-007	-0.000875
9.92986e-007	-0.0011875
9.93486e-007	-0.0011875
9.93986e-007	-0.0018125
9.94486e-007	-0.002125
9.94986e-007	-0.0024375
9.95486e-007	-0.0024375
9.95986e-007	-0.0024375
9.96486e-007	-0.0015
9.96986e-007	-0.0011875
9.97486e-007	-0.000875
9.97986e-007	-0.00025
9.98486e-007	-0.0005625
9.98986e-007	-0.00025
9.99486e-007	-0.00025
9.99986e-007	-0.00025
1.000486e-006	-0.00025
1.000986e-006	6.25e-005
1.001486e-006	-0.0011875
1.001986e-006	-0.0005625
1.002486e-006	-0.0005625
1.002986e-006	-0.0005625
1.003486e-006	-0.002125
1.003986e-006	-0.002125
1.004486e-006	-0.002125
1.004986e-006	-0.0011875
1.005486e-006	-0.0018125
1.005986e-006	-0.0018125
1.006486e-006	-0.0015
1.006986e-006	-0.0011875
1.007486e-006	-0.000875
1.007986e-006	-0.000875
1.008486e-006	-0.0005625
1.008986e-006	-0.0005625
1.009486e-006	-0.0005625
1.009986e-006	6.25e-005
1.010486e-006	0.001
1.010986e-006	-0.00025
1.011486e-006	-0.0005625
1.011986e-006	-0.000875
1.012486e-006	-0.0015
1.012986e-006	-0.002125
1.013486e-006	-0.0011875
1.013986e-006	-0.0018125
1.014486e-006	-0.0018125
1.014986e-006	-0.002125
1.015486e-006	-0.0018125
1.015986e-006	-0.0011875
1.016486e-006	-0.0011875
1.016986e-006	-0.000875
1.017486e-006	-0.000875
1.017986e-006	-0.000875
1.018486e-006	-0.0011875
1.018986e-006	-0.0005625
1.019486e-006	-0.00025
1.019986e-006	0.001
1.020486e-006	-0.00025
1.020986e-006	-0.000875
1.021486e-006	-0.0005625
1.021986e-006	-0.00025
1.022486e-006	-0.0005625
1.022986e-006	-0.0005625
1.023486e-006	-0.0015
1.023986e-006	-0.0011875
1.024486e-006	-0.002125
1.024986e-006	-0.000875
1.025486e-006	-0.000875
1.025986e-006	-0.0011875
1.026486e-006	-0.0011875
1.026986e-006	-0.00025
1.027486e-006	-0.0011875
1.027986e-006	-0.0015
1.028486e-006	-0.0015
1.028986e-006	-0.0005625
1.029486e-006	-0.00025
1.029986e-006	-0.0005625
1.030486e-006	-0.00025
1.030986e-006	-0.00025
1.031486e-006	-0.000875
1.031986e-006	-0.0015
1.032486e-006	-0.0011875
1.032986e-006	-0.0011875
1.033486e-006	-0.000875
1.033986e-006	-0.0011875
1.034486e-006	-0.0011875
1.034986e-006	-0.0015
1.035486e-006	-0.0011875
1.035986e-006	-0.0015
1.036486e-006	-0.000875
1.036986e-006	-0.0005625
1.037486e-006	-0.0005625
1.037986e-006	-0.0011875
1.038486e-006	-0.0005625
1.038986e-006	-0.0005625
1.039486e-006	-0.0011875
1.039986e-006	-0.0005625
1.040486e-006	-0.0005625
1.040986e-006	-0.000875
1.041486e-006	-0.0011875
1.041986e-006	-0.00025
1.042486e-006	-0.0005625
1.042986e-006	-0.0011875
1.043486e-006	-0.0015
1.043986e-006	-0.0015
1.044486e-006	-0.0011875
1.044986e-006	-0.0005625
1.045486e-006	-0.0015
1.045986e-006	-0.00025
1.046486e-006	-0.000875
1.046986e-006	-0.0011875
1.047486e-006	-0.0015
1.047986e-006	-0.0005625
1.048486e-006	-0.0005625
1.048986e-006	-0.0011875
1.049486e-006	-0.0015
1.049986e-006	-0.0011875
1.050486e-006	-0.000875
1.050986e-006	-0.000875
1.051486e-006	-0.0015
1.051986e-006	-0.000875
1.052486e-006	-0.000875
1.052986e-006	-0.000875
1.053486e-006	-0.0005625
1.053986e-006	-0.0011875
1.054486e-006	-0.0011875
1.054986e-006	-0.0011875
1.055486e-006	-0.0011875
1.055986e-006	-0.0011875
1.056486e-006	-0.0005625
1.056986e-006	-0.0011875
1.057486e-006	-0.0011875
1.057986e-006	-0.000875
1.058486e-006	-0.000875
1.058986e-006	-0.0018125
1.059486e-006	-0.000875
1.059986e-006	-0.000875
1.060486e-006	-0.0005625
1.060986e-006	-0.000875
1.061486e-006	-0.0011875
1.061986e-006	-0.0005625
1.062486e-006	-0.000875
1.062986e-006	-0.0005625
1.063486e-006	-0.000875
1.063986e-006	-0.000875
1.064486e-006	-0.000875
1.064986e-006	-0.000875
1.065486e-006	-0.0011875
1.065986e-006	-0.000875
1.066486e-006	-0.0018125
1.066986e-006	-0.0011875
1.067486e-006	-0.002125
1.067986e-006	-0.0011875
1.068486e-006	-0.0011875
1.068986e-006	-0.0005625
1.069486e-006	-0.000875
1.069986e-006	-0.000875
1.070486e-006	-0.000875
1.070986e-006	-0.00025
1.071486e-006	6.25e-005
1.071986e-006	6.25e-005
1.072486e-006	-0.00025
1.072986e-006	-0.0005625
1.073486e-006	-0.000875
1.073986e-006	-0.0015
1.074486e-006	-0.0011875
1.074986e-006	-0.0015
1.075486e-006	-0.0005625
1.075986e-006	-0.0011875
1.076486e-006	-0.0015
1.076986e-006	-0.0018125
1.077486e-006	-0.0011875
1.077986e-006	-0.0018125
1.078486e-006	-0.0018125
1.078986e-006	-0.0015
1.079486e-006	-0.0005625
1.079986e-006	-0.0005625
1.080486e-006	6.25e-005
1.080986e-006	-0.00025
1.081486e-006	0.000375
1.081986e-006	-0.00025
1.082486e-006	-0.0005625
1.082986e-006	-0.000875
1.083486e-006	-0.0005625
1.083986e-006	-0.000875
1.084486e-006	-0.000875
1.084986e-006	-0.000875
1.085486e-006	-0.0018125
1.085986e-006	-0.0018125
1.086486e-006	-0.002125
1.086986e-006	-0.0018125
1.087486e-006	-0.002125
1.087986e-006	-0.0015
1.088486e-006	-0.0011875
1.088986e-006	-0.0005625
1.089486e-006	-0.0011875
1.089986e-006	-0.0005625
1.090486e-006	-0.0011875
1.090986e-006	6.25e-005
1.091486e-006	-0.0005625
1.091986e-006	-0.0005625
1.092486e-006	-0.00025
1.092986e-006	-0.0005625
1.093486e-006	6.25e-005
1.093986e-006	-0.0005625
1.094486e-006	-0.0011875
1.094986e-006	-0.0018125
1.095486e-006	-0.0018125
1.095986e-006	-0.0015
1.096486e-006	-0.0018125
1.096986e-006	-0.002125
1.097486e-006	-0.0018125
1.097986e-006	-0.0018125
1.098486e-006	-0.0015
1.098986e-006	-0.000875
1.099486e-006	-0.0005625
1.099986e-006	-0.000875
1.100486e-006	-0.0005625
1.100986e-006	-0.0005625
1.101486e-006	0.000375
1.101986e-006	6.25e-005
1.102486e-006	0.000375
1.102986e-006	6.25e-005
1.103486e-006	-0.0005625
1.103986e-006	-0.0011875
1.104486e-006	-0.0011875
1.104986e-006	-0.0005625
1.105486e-006	-0.0015
1.105986e-006	-0.0015
1.106486e-006	-0.0015
1.106986e-006	-0.0015
1.107486e-006	-0.0011875
1.107986e-006	-0.0011875
1.108486e-006	-0.0015
1.108986e-006	-0.0005625
1.109486e-006	6.25e-005
1.109986e-006	6.25e-005
1.110486e-006	-0.000875
1.110986e-006	-0.00025
1.111486e-006	6.25e-005
1.111986e-006	-0.00025
1.112486e-006	-0.000875
1.112986e-006	-0.000875
1.113486e-006	-0.0011875
1.113986e-006	-0.0015
1.114486e-006	-0.0015
1.114986e-006	-0.0015
1.115486e-006	-0.0015
1.115986e-006	-0.0015
1.116486e-006	-0.0018125
1.116986e-006	-0.0011875
1.117486e-006	-0.0011875
1.117986e-006	-0.0011875
1.118486e-006	6.25e-005
1.118986e-006	-0.00025
1.119486e-006	6.25e-005
1.119986e-006	-0.0005625
1.120486e-006	-0.0005625
1.120986e-006	-0.0005625
1.121486e-006	-0.0005625
1.121986e-006	-0.000875
1.122486e-006	-0.0015
1.122986e-006	-0.0011875
1.123486e-006	-0.0015
1.123986e-006	-0.002125
1.124486e-006	-0.0015
1.124986e-006	-0.0018125
1.125486e-006	-0.002125
1.125986e-006	-0.0018125
1.126486e-006	-0.0018125
1.126986e-006	-0.000875
1.127486e-006	-0.0011875
1.127986e-006	-0.000875
1.128486e-006	-0.00025
1.128986e-006	0.000375
1.129486e-006	0.0006875
1.129986e-006	0.000375
1.130486e-006	6.25e-005
1.130986e-006	-0.0005625
1.131486e-006	-0.00025
1.131986e-006	-0.0005625
1.132486e-006	-0.0018125
1.132986e-006	-0.002125
1.133486e-006	-0.00275
1.133986e-006	-0.002125
1.134486e-006	-0.0024375
1.134986e-006	-0.00275
1.135486e-006	-0.002125
1.135986e-006	-0.0015
1.136486e-006	-0.0011875
1.136986e-006	-0.000875
1.137486e-006	-0.00025
1.137986e-006	-0.00025
1.138486e-006	6.25e-005
1.138986e-006	0.0013125
1.139486e-006	0.001625
1.139986e-006	6.25e-005
1.140486e-006	0.000375
1.140986e-006	-0.00025
1.141486e-006	-0.0005625
1.141986e-006	-0.0015
1.142486e-006	-0.002125
1.142986e-006	-0.0018125
1.143486e-006	-0.002125
1.143986e-006	-0.0030625
1.144486e-006	-0.0024375
1.144986e-006	-0.00275
1.145486e-006	-0.0024375
1.145986e-006	-0.0018125
1.146486e-006	-0.000875
1.146986e-006	6.25e-005
1.147486e-006	0.0006875
1.147986e-006	0.000375
1.148486e-006	0.001
1.148986e-006	0.0013125
1.149486e-006	0.001
1.149986e-006	0.0006875
1.150486e-006	6.25e-005
1.150986e-006	6.25e-005
1.151486e-006	-0.000875
1.151986e-006	-0.000875
1.152486e-006	-0.0018125
1.152986e-006	-0.0024375
1.153486e-006	-0.003375
1.153986e-006	-0.0024375
1.154486e-006	-0.00275
1.154986e-006	-0.0024375
1.155486e-006	-0.002125
1.155986e-006	-0.0018125
1.156486e-006	-0.0011875
1.156986e-006	-0.0005625
1.157486e-006	0.000375
1.157986e-006	0.000375
1.158486e-006	0.0006875
1.158986e-006	0.0019375
1.159486e-006	0.0019375
1.159986e-006	0.000375
1.160486e-006	0.0006875
1.160986e-006	-0.0005625
1.161486e-006	-0.000875
1.161986e-006	-0.0018125
1.162486e-006	-0.0018125
1.162986e-006	-0.0024375
1.163486e-006	-0.0030625
1.163986e-006	-0.0030625
1.164486e-006	-0.0024375
1.164986e-006	-0.0018125
1.165486e-006	-0.0011875
1.165986e-006	-0.0015
1.166486e-006	-0.0005625
1.166986e-006	-0.0005625
1.167486e-006	6.25e-005
1.167986e-006	0.0006875
1.168486e-006	0.0013125
1.168986e-006	0.0019375
1.169486e-006	0.0013125
1.169986e-006	0.000375
1.170486e-006	6.25e-005
1.170986e-006	-0.0005625
1.171486e-006	-0.0005625
1.171986e-006	-0.0018125
1.172486e-006	-0.0024375
1.172986e-006	-0.0024375
1.173486e-006	-0.0036875
1.173986e-006	-0.0024375
1.174486e-006	-0.002125
1.174986e-006	-0.0018125
1.175486e-006	-0.0018125
1.175986e-006	-0.000875
1.176486e-006	-0.000875
1.176986e-006	-0.0005625
1.177486e-006	0.0006875
1.177986e-006	0.0013125
1.178486e-006	0.0006875
1.178986e-006	0.000375
1.179486e-006	0.000375
1.179986e-006	6.25e-005
1.180486e-006	-0.0005625
1.180986e-006	-0.000875
1.181486e-006	-0.000875
1.181986e-006	-0.0018125
1.182486e-006	-0.002125
1.182986e-006	-0.0024375
1.183486e-006	-0.002125
1.183986e-006	-0.0024375
1.184486e-006	-0.002125
1.184986e-006	-0.000875
1.185486e-006	-0.0005625
1.185986e-006	-0.000875
1.186486e-006	-0.0005625
1.186986e-006	-0.0005625
1.187486e-006	0.001
1.187986e-006	0.0006875
1.188486e-006	0.0013125
1.188986e-006	0.0006875
1.189486e-006	6.25e-005
1.189986e-006	-0.0005625
1.190486e-006	-0.0011875
1.190986e-006	-0.0011875
1.191486e-006	-0.0011875
1.191986e-006	-0.0018125
1.192486e-006	-0.002125
1.192986e-006	-0.0024375
1.193486e-006	-0.0024375
1.193986e-006	-0.0018125
1.194486e-006	-0.0018125
1.194986e-006	-0.0005625
1.195486e-006	-0.0005625
1.195986e-006	0.000375
1.196486e-006	0.001625
1.196986e-006	0.0013125
1.197486e-006	0.0006875
1.197986e-006	0.001
1.198486e-006	0.000375
1.198986e-006	0.000375
1.199486e-006	-0.00025
1.199986e-006	-0.0005625
1.200486e-006	-0.0015
1.200986e-006	-0.002125
1.201486e-006	-0.00275
1.201986e-006	-0.0030625
1.202486e-006	-0.0024375
1.202986e-006	-0.0018125
1.203486e-006	-0.0018125
1.203986e-006	-0.0011875
1.204486e-006	-0.000875
1.204986e-006	-0.0005625
1.205486e-006	6.25e-005
1.205986e-006	0.001
1.206486e-006	0.0013125
1.206986e-006	0.001
1.207486e-006	0.0013125
1.207986e-006	0.0006875
1.208486e-006	0.0006875
1.208986e-006	6.25e-005
1.209486e-006	6.25e-005
1.209986e-006	-0.0011875
1.210486e-006	-0.0024375
1.210986e-006	-0.002125
1.211486e-006	-0.002125
1.211986e-006	-0.00275
1.212486e-006	-0.00275
1.212986e-006	-0.0024375
1.213486e-006	-0.0018125
1.213986e-006	-0.0018125
1.214486e-006	-0.0015
1.214986e-006	6.25e-005
1.215486e-006	0.0006875
1.215986e-006	0.0013125
1.216486e-006	0.001625
1.216986e-006	0.0013125
1.217486e-006	0.001
1.217986e-006	0.001
1.218486e-006	0.000375
1.218986e-006	0.000375
1.219486e-006	-0.0005625
1.219986e-006	-0.000875
1.220486e-006	-0.0015
1.220986e-006	-0.0018125
1.221486e-006	-0.0024375
1.221986e-006	-0.002125
1.222486e-006	-0.002125
1.222986e-006	-0.0018125
1.223486e-006	-0.0018125
1.223986e-006	-0.0018125
1.224486e-006	-0.0011875
1.224986e-006	0.000375
1.225486e-006	0.0006875
1.225986e-006	0.000375
1.226486e-006	0.001
1.226986e-006	0.0013125
1.227486e-006	0.00225
1.227986e-006	0.001625
1.228486e-006	0.001
1.228986e-006	0.000375
1.229486e-006	-0.00025
1.229986e-006	-0.000875
1.230486e-006	-0.0011875
1.230986e-006	-0.002125
1.231486e-006	-0.0018125
1.231986e-006	-0.0024375
1.232486e-006	-0.0024375
1.232986e-006	-0.0030625
1.233486e-006	-0.0018125
1.233986e-006	-0.0005625
1.234486e-006	-0.000875
1.234986e-006	6.25e-005
1.235486e-006	0.001
1.235986e-006	0.001
1.236486e-006	0.001625
1.236986e-006	0.001625
1.237486e-006	0.001
1.237986e-006	0.0013125
1.238486e-006	0.0006875
1.238986e-006	6.25e-005
1.239486e-006	6.25e-005
1.239986e-006	6.25e-005
1.240486e-006	-0.0018125
1.240986e-006	-0.0018125
1.241486e-006	-0.0018125
1.241986e-006	-0.0018125
1.242486e-006	-0.0024375
1.242986e-006	-0.0015
1.243486e-006	-0.0015
1.243986e-006	-0.0011875
1.244486e-006	-0.0018125
1.244986e-006	-0.0011875
1.245486e-006	-0.00025
1.245986e-006	0.001
1.246486e-006	0.001
1.246986e-006	-0.00025
1.247486e-006	0.0006875
1.247986e-006	0.000375
1.248486e-006	0.0006875
1.248986e-006	0.000375
1.249486e-006	0.000375
1.249986e-006	-0.0005625
1.250486e-006	-0.000875
1.250986e-006	-0.0011875
1.251486e-006	-0.0018125
1.251986e-006	-0.0024375
1.252486e-006	-0.0015
1.252986e-006	-0.0018125
1.253486e-006	-0.0011875
1.253986e-006	-0.0011875
1.254486e-006	-0.0011875
1.254986e-006	-0.000875
1.255486e-006	-0.0005625
1.255986e-006	-0.000875
1.256486e-006	-0.0005625
1.256986e-006	6.25e-005
1.257486e-006	6.25e-005
1.257986e-006	0.001
1.258486e-006	0.001
1.258986e-006	6.25e-005
1.259486e-006	-0.00025
1.259986e-006	0.0006875
1.260486e-006	-0.0005625
1.260986e-006	-0.000875
1.261486e-006	-0.0015
1.261986e-006	-0.000875
1.262486e-006	-0.000875
1.262986e-006	-0.000875
1.263486e-006	-0.0011875
1.263986e-006	-0.0005625
1.264486e-006	-0.00025
1.264986e-006	-0.00025
1.265486e-006	-0.000875
1.265986e-006	-0.00025
1.266486e-006	-0.000875
1.266986e-006	-0.000875
1.267486e-006	-0.00025
1.267986e-006	-0.0005625
1.268486e-006	6.25e-005
1.268986e-006	6.25e-005
1.269486e-006	-0.00025
1.269986e-006	-0.0005625
1.270486e-006	-0.000875
1.270986e-006	-0.000875
1.271486e-006	6.25e-005
1.271986e-006	-0.00025
1.272486e-006	6.25e-005
1.272986e-006	-0.000875
1.273486e-006	-0.0005625
1.273986e-006	-0.0005625
1.274486e-006	-0.00025
1.274986e-006	-0.0005625
1.275486e-006	-0.000875
1.275986e-006	-0.0005625
1.276486e-006	-0.0005625
1.276986e-006	-0.0005625
1.277486e-006	-0.0005625
1.277986e-006	-0.0005625
1.278486e-006	0.000375
1.278986e-006	6.25e-005
1.279486e-006	6.25e-005
1.279986e-006	-0.00025
1.280486e-006	0.000375
1.280986e-006	0.000375
1.281486e-006	-0.0005625
1.281986e-006	-0.00025
1.282486e-006	-0.000875
1.282986e-006	-0.00025
1.283486e-006	-0.00025
1.283986e-006	6.25e-005
1.284486e-006	6.25e-005
1.284986e-006	-0.00025
1.285486e-006	-0.0005625
1.285986e-006	-0.0005625
1.286486e-006	-0.00025
1.286986e-006	-0.00025
1.287486e-006	-0.000875
1.287986e-006	-0.00025
1.288486e-006	-0.0005625
1.288986e-006	-0.0011875
1.289486e-006	-0.0005625
1.289986e-006	6.25e-005
1.290486e-006	-0.00025
1.290986e-006	-0.0005625
1.291486e-006	-0.00025
1.291986e-006	-0.0005625
1.292486e-006	-0.0005625
1.292986e-006	-0.0005625
1.293486e-006	-0.0005625
1.293986e-006	-0.00025
1.294486e-006	-0.00025
1.294986e-006	-0.0005625
1.295486e-006	6.25e-005
1.295986e-006	-0.0005625
1.296486e-006	-0.000875
1.296986e-006	-0.000875
1.297486e-006	-0.0005625
1.297986e-006	-0.000875
1.298486e-006	-0.0015
1.298986e-006	-0.00025
1.299486e-006	-0.00025
1.299986e-006	-0.000875
1.300486e-006	-0.0005625
1.300986e-006	-0.00025
1.301486e-006	-0.0011875
1.301986e-006	-0.0005625
1.302486e-006	-0.0005625
1.302986e-006	-0.00025
1.303486e-006	-0.0005625
1.303986e-006	-0.00025
1.304486e-006	-0.0005625
1.304986e-006	0.000375
1.305486e-006	-0.00025
1.305986e-006	-0.00025
1.306486e-006	6.25e-005
1.306986e-006	6.25e-005
1.307486e-006	6.25e-005
1.307986e-006	-0.00025
1.308486e-006	-0.000875
1.308986e-006	-0.000875
1.309486e-006	6.25e-005
1.309986e-006	6.25e-005
1.310486e-006	-0.0005625
1.310986e-006	-0.00025
1.311486e-006	-0.00025
1.311986e-006	-0.000875
1.312486e-006	-0.0011875
1.312986e-006	-0.0005625
1.313486e-006	0.0006875
1.313986e-006	-0.00025
1.314486e-006	-0.0005625
1.314986e-006	0.000375
1.315486e-006	6.25e-005
1.315986e-006	6.25e-005
1.316486e-006	0.0006875
1.316986e-006	0.000375
1.317486e-006	0.0006875
1.317986e-006	-0.00025
1.318486e-006	6.25e-005
1.318986e-006	-0.00025
1.319486e-006	-0.0005625
1.319986e-006	-0.0005625
1.320486e-006	-0.000875
1.320986e-006	-0.0011875
1.321486e-006	-0.000875
1.321986e-006	-0.0005625
1.322486e-006	-0.000875
1.322986e-006	-0.0011875
1.323486e-006	-0.000875
1.323986e-006	-0.0005625
1.324486e-006	-0.00025
1.324986e-006	-0.00025
1.325486e-006	-0.0005625
1.325986e-006	-0.00025
1.326486e-006	-0.000875
1.326986e-006	0.0006875
1.327486e-006	0.0006875
1.327986e-006	-0.00025
1.328486e-006	6.25e-005
1.328986e-006	0.000375
1.329486e-006	6.25e-005
1.329986e-006	-0.00025
1.330486e-006	-0.0005625
1.330986e-006	-0.0005625
1.331486e-006	-0.000875
1.331986e-006	6.25e-005
1.332486e-006	-0.00025
1.332986e-006	-0.000875
1.333486e-006	-0.0005625
1.333986e-006	-0.000875
1.334486e-006	-0.0005625
1.334986e-006	-0.0005625
1.335486e-006	6.25e-005
1.335986e-006	0.000375
1.336486e-006	-0.00025
1.336986e-006	-0.0005625
1.337486e-006	6.25e-005
1.337986e-006	-0.00025
1.338486e-006	6.25e-005
1.338986e-006	-0.0005625
1.339486e-006	6.25e-005
1.339986e-006	-0.0005625
1.340486e-006	-0.000875
1.340986e-006	-0.0005625
1.341486e-006	-0.000875
1.341986e-006	-0.0005625
1.342486e-006	6.25e-005
1.342986e-006	6.25e-005
1.343486e-006	6.25e-005
1.343986e-006	-0.0005625
1.344486e-006	-0.0005625
1.344986e-006	-0.0005625
1.345486e-006	-0.00025
1.345986e-006	6.25e-005
1.346486e-006	-0.0005625
1.346986e-006	0.000375
1.347486e-006	-0.0005625
1.347986e-006	-0.0005625
1.348486e-006	6.25e-005
1.348986e-006	-0.000875
1.349486e-006	-0.000875
1.349986e-006	-0.0005625
1.350486e-006	-0.000875
1.350986e-006	-0.0005625
1.351486e-006	-0.0005625
1.351986e-006	6.25e-005
1.352486e-006	-0.00025
1.352986e-006	6.25e-005
1.353486e-006	0.001
1.353986e-006	6.25e-005
1.354486e-006	6.25e-005
1.354986e-006	-0.0005625
1.355486e-006	-0.0005625
1.355986e-006	-0.0005625
1.356486e-006	-0.0005625
1.356986e-006	-0.0005625
1.357486e-006	-0.00025
1.357986e-006	-0.00025
1.358486e-006	-0.00025
1.358986e-006	-0.0005625
1.359486e-006	-0.0011875
1.359986e-006	-0.002125
1.360486e-006	-0.000875
1.360986e-006	0.000375
1.361486e-006	0.0006875
1.361986e-006	6.25e-005
1.362486e-006	6.25e-005
1.362986e-006	0.000375
1.363486e-006	6.25e-005
1.363986e-006	0.0006875
1.364486e-006	0.000375
1.364986e-006	-0.00025
1.365486e-006	6.25e-005
1.365986e-006	-0.00025
1.366486e-006	-0.0005625
1.366986e-006	-0.0005625
1.367486e-006	-0.000875
1.367986e-006	-0.0005625
1.368486e-006	-0.0011875
1.368986e-006	-0.0011875
1.369486e-006	-0.0011875
1.369986e-006	6.25e-005
1.370486e-006	-0.000875
1.370986e-006	-0.0005625
1.371486e-006	0.000375
1.371986e-006	0.000375
1.372486e-006	0.000375
1.372986e-006	0.000375
1.373486e-006	0.000375
1.373986e-006	0.000375
1.374486e-006	6.25e-005
1.374986e-006	0.000375
1.375486e-006	6.25e-005
1.375986e-006	-0.000875
1.376486e-006	-0.0005625
1.376986e-006	-0.000875
1.377486e-006	-0.000875
1.377986e-006	-0.0011875
1.378486e-006	-0.000875
1.378986e-006	-0.000875
1.379486e-006	-0.0015
1.379986e-006	-0.0011875
1.380486e-006	-0.0011875
1.380986e-006	-0.0011875
1.381486e-006	6.25e-005
1.381986e-006	0.000375
1.382486e-006	0.0013125
1.382986e-006	0.001
1.383486e-006	0.0006875
1.383986e-006	0.0006875
1.384486e-006	0.000375
1.384986e-006	6.25e-005
1.385486e-006	-0.00025
1.385986e-006	-0.0005625
1.386486e-006	-0.0005625
1.386986e-006	-0.0005625
1.387486e-006	-0.000875
1.387986e-006	-0.0015
1.388486e-006	-0.0018125
1.388986e-006	-0.0011875
1.389486e-006	-0.0018125
1.389986e-006	-0.0005625
1.390486e-006	-0.0005625
1.390986e-006	6.25e-005
1.391486e-006	0.0006875
1.391986e-006	0.0006875
1.392486e-006	0.0006875
1.392986e-006	0.001
1.393486e-006	0.001
1.393986e-006	0.0006875
1.394486e-006	0.001
1.394986e-006	0.000375
1.395486e-006	-0.0005625
1.395986e-006	-0.0005625
1.396486e-006	-0.000875
1.396986e-006	-0.000875
1.397486e-006	-0.000875
1.397986e-006	-0.0015
1.398486e-006	-0.002125
1.398986e-006	-0.0018125
1.399486e-006	-0.0005625
1.399986e-006	-0.000875
1.400486e-006	-0.0011875
1.400986e-006	-0.0005625
1.401486e-006	0.0006875
1.401986e-006	0.0006875
1.402486e-006	0.0013125
1.402986e-006	0.001625
1.403486e-006	0.0019375
1.403986e-006	0.001
1.404486e-006	0.0013125
1.404986e-006	0.000375
1.405486e-006	-0.00025
1.405986e-006	-0.0005625
1.406486e-006	-0.0015
1.406986e-006	-0.0011875
1.407486e-006	-0.0018125
1.407986e-006	-0.0024375
1.408486e-006	-0.0015
1.408986e-006	-0.000875
1.409486e-006	-0.0005625
1.409986e-006	-0.0005625
1.410486e-006	-0.00025
1.410986e-006	0.0006875
1.411486e-006	0.0006875
1.411986e-006	0.0013125
1.412486e-006	0.0019375
1.412986e-006	0.0019375
1.413486e-006	0.001
1.413986e-006	0.001
1.414486e-006	0.000375
1.414986e-006	6.25e-005
1.415486e-006	-0.0005625
1.415986e-006	-0.000875
1.416486e-006	-0.0018125
1.416986e-006	-0.002125
1.417486e-006	-0.0024375
1.417986e-006	-0.0018125
1.418486e-006	-0.0015
1.418986e-006	-0.0011875
1.419486e-006	-0.0005625
1.419986e-006	-0.0005625
1.420486e-006	-0.00025
1.420986e-006	0.0006875
1.421486e-006	0.0013125
1.421986e-006	0.0006875
1.422486e-006	0.0019375
1.422986e-006	0.001625
1.423486e-006	6.25e-005
1.423986e-006	6.25e-005
1.424486e-006	0.000375
1.424986e-006	-0.00025
1.425486e-006	6.25e-005
1.425986e-006	-0.0005625
1.426486e-006	-0.0024375
1.426986e-006	-0.00275
1.427486e-006	-0.0018125
1.427986e-006	-0.0024375
1.428486e-006	-0.00275
1.428986e-006	-0.0015
1.429486e-006	-0.000875
1.429986e-006	6.25e-005
1.430486e-006	-0.00025
1.430986e-006	0.001
1.431486e-006	0.00225
1.431986e-006	0.001625
1.432486e-006	0.001625
1.432986e-006	0.0019375
1.433486e-006	0.001625
1.433986e-006	0.001625
1.434486e-006	-0.0005625
1.434986e-006	-0.000875
1.435486e-006	-0.0011875
1.435986e-006	-0.0011875
1.436486e-006	-0.0018125
1.436986e-006	-0.00275
1.437486e-006	-0.0024375
1.437986e-006	-0.00275
1.438486e-006	-0.003375
1.438986e-006	-0.003375
1.439486e-006	-0.0018125
1.439986e-006	-0.00025
1.440486e-006	0.001
1.440986e-006	0.0006875
1.441486e-006	0.0013125
1.441986e-006	0.0006875
1.442486e-006	0.0019375
1.442986e-006	0.0013125
1.443486e-006	0.0006875
1.443986e-006	-0.0005625
1.444486e-006	-0.00025
1.444986e-006	-0.000875
1.445486e-006	-0.002125
1.445986e-006	-0.0018125
1.446486e-006	-0.0018125
1.446986e-006	-0.002125
1.447486e-006	-0.00275
1.447986e-006	-0.0030625
1.448486e-006	-0.002125
1.448986e-006	-0.0011875
1.449486e-006	-0.0011875
1.449986e-006	-0.0005625
1.450486e-006	6.25e-005
1.450986e-006	0.001
1.451486e-006	0.0013125
1.451986e-006	0.001
1.452486e-006	0.000375
1.452986e-006	-0.00025
1.453486e-006	-0.0005625
1.453986e-006	6.25e-005
1.454486e-006	-0.0005625
1.454986e-006	-0.00025
1.455486e-006	-0.000875
1.455986e-006	-0.000875
1.456486e-006	-0.0018125
1.456986e-006	-0.00275
1.457486e-006	-0.0024375
1.457986e-006	-0.002125
1.458486e-006	-0.002125
1.458986e-006	-0.0005625
1.459486e-006	0.000375
1.459986e-006	0.0006875
1.460486e-006	6.25e-005
1.460986e-006	6.25e-005
1.461486e-006	0.0006875
1.461986e-006	0.0006875
1.462486e-006	0.0013125
1.462986e-006	0.0006875
1.463486e-006	0.000375
1.463986e-006	-0.0005625
1.464486e-006	-0.0005625
1.464986e-006	-0.0011875
1.465486e-006	-0.0015
1.465986e-006	-0.0015
1.466486e-006	-0.0015
1.466986e-006	-0.002125
1.467486e-006	-0.0018125
1.467986e-006	-0.000875
1.468486e-006	-0.0005625
1.468986e-006	-0.0005625
1.469486e-006	-0.0005625
1.469986e-006	-0.00025
1.470486e-006	0.000375
1.470986e-006	6.25e-005
1.471486e-006	0.000375
1.471986e-006	0.000375
1.472486e-006	0.000375
1.472986e-006	-0.000875
1.473486e-006	-0.000875
1.473986e-006	-0.000875
1.474486e-006	-0.0011875
1.474986e-006	-0.0011875
1.475486e-006	-0.0015
1.475986e-006	-0.0018125
1.476486e-006	-0.0015
1.476986e-006	-0.000875
1.477486e-006	-0.0011875
1.477986e-006	-0.000875
1.478486e-006	-0.0005625
1.478986e-006	0.000375
1.479486e-006	6.25e-005
1.479986e-006	-0.00025
1.480486e-006	-0.00025
1.480986e-006	6.25e-005
1.481486e-006	6.25e-005
1.481986e-006	-0.00025
1.482486e-006	0.000375
1.482986e-006	-0.00025
1.483486e-006	-0.0011875
1.483986e-006	-0.0011875
1.484486e-006	-0.0015
1.484986e-006	-0.0011875
1.485486e-006	-0.0011875
1.485986e-006	-0.0015
1.486486e-006	-0.0011875
1.486986e-006	-0.0015
1.487486e-006	-0.0015
1.487986e-006	-0.0011875
1.488486e-006	-0.0005625
1.488986e-006	-0.00025
1.489486e-006	0.000375
1.489986e-006	0.000375
1.490486e-006	0.0013125
1.490986e-006	0.000375
1.491486e-006	6.25e-005
1.491986e-006	6.25e-005
1.492486e-006	-0.0005625
1.492986e-006	-0.0005625
1.493486e-006	-0.0005625
1.493986e-006	-0.000875
1.494486e-006	-0.000875
1.494986e-006	-0.0011875
1.495486e-006	-0.0018125
1.495986e-006	-0.0015
1.496486e-006	-0.0011875
1.496986e-006	-0.000875
1.497486e-006	-0.0005625
1.497986e-006	-0.0005625
1.498486e-006	-0.0011875
1.498986e-006	-0.0005625
1.499486e-006	0.0006875
1.499986e-006	0.0013125
1.500486e-006	0.001
1.500986e-006	0.000375
1.501486e-006	0.000375
1.501986e-006	6.25e-005
1.502486e-006	-0.0005625
1.502986e-006	-0.000875
1.503486e-006	-0.0011875
1.503986e-006	-0.000875
1.504486e-006	-0.0005625
1.504986e-006	-0.0011875
1.505486e-006	-0.0011875
1.505986e-006	-0.0018125
1.506486e-006	-0.0011875
1.506986e-006	-0.0005625
1.507486e-006	-0.0005625
1.507986e-006	-0.000875
1.508486e-006	-0.0005625
1.508986e-006	-0.00025
1.509486e-006	6.25e-005
1.509986e-006	-0.0005625
1.510486e-006	-0.0005625
1.510986e-006	6.25e-005
1.511486e-006	0.000375
1.511986e-006	-0.00025
1.512486e-006	-0.0005625
1.512986e-006	-0.000875
1.513486e-006	-0.000875
1.513986e-006	-0.0011875
1.514486e-006	-0.0011875
1.514986e-006	-0.000875
1.515486e-006	-0.0011875
1.515986e-006	-0.0011875
1.516486e-006	-0.0011875
1.516986e-006	-0.0011875
1.517486e-006	-0.0011875
1.517986e-006	6.25e-005
1.518486e-006	-0.0005625
1.518986e-006	-0.0005625
1.519486e-006	-0.000875
1.519986e-006	-0.00025
1.520486e-006	6.25e-005
1.520986e-006	-0.000875
1.521486e-006	-0.00025
1.521986e-006	0.0006875
1.522486e-006	0.000375
1.522986e-006	6.25e-005
1.523486e-006	-0.0005625
1.523986e-006	-0.0005625
1.524486e-006	-0.0005625
1.524986e-006	-0.0011875
1.525486e-006	-0.000875
1.525986e-006	-0.0005625
1.526486e-006	-0.0005625
1.526986e-006	-0.00025
1.527486e-006	-0.0005625
1.527986e-006	-0.0011875
1.528486e-006	-0.0011875
1.528986e-006	-0.00025
1.529486e-006	-0.0005625
1.529986e-006	-0.0011875
1.530486e-006	-0.0005625
1.530986e-006	6.25e-005
1.531486e-006	6.25e-005
1.531986e-006	-0.00025
1.532486e-006	6.25e-005
1.532986e-006	0.000375
1.533486e-006	0.000375
1.533986e-006	0.0006875
1.534486e-006	0.000375
1.534986e-006	0.000375
1.535486e-006	0.000375
1.535986e-006	-0.00025
1.536486e-006	-0.0011875
1.536986e-006	-0.00025
1.537486e-006	-0.00025
1.537986e-006	-0.000875
1.538486e-006	-0.000875
1.538986e-006	-0.000875
1.539486e-006	-0.0011875
1.539986e-006	-0.00025
1.540486e-006	-0.0005625
1.540986e-006	-0.000875
1.541486e-006	-0.000875
1.541986e-006	-0.0005625
1.542486e-006	-0.00025
1.542986e-006	6.25e-005
1.543486e-006	0.0006875
1.543986e-006	6.25e-005
1.544486e-006	6.25e-005
1.544986e-006	6.25e-005
1.545486e-006	-0.0005625
1.545986e-006	-0.00025
1.546486e-006	0.000375
1.546986e-006	-0.0005625
1.547486e-006	-0.000875
1.547986e-006	-0.0011875
1.548486e-006	-0.00025
1.548986e-006	-0.0005625
1.549486e-006	-0.000875
1.549986e-006	-0.0011875
1.550486e-006	-0.0011875
1.550986e-006	-0.0011875
1.551486e-006	-0.000875
1.551986e-006	6.25e-005
1.552486e-006	-0.000875
1.552986e-006	-0.000875
1.553486e-006	6.25e-005
1.553986e-006	0.000375
1.554486e-006	-0.0005625
1.554986e-006	-0.0005625
1.555486e-006	-0.0005625
1.555986e-006	-0.00025
1.556486e-006	6.25e-005
1.556986e-006	-0.00025
1.557486e-006	-0.0005625
1.557986e-006	-0.000875
1.558486e-006	-0.0011875
1.558986e-006	-0.0005625
1.559486e-006	-0.00025
1.559986e-006	-0.000875
1.560486e-006	-0.0018125
1.560986e-006	-0.0005625
1.561486e-006	-0.000875
1.561986e-006	-0.000875
1.562486e-006	-0.0005625
1.562986e-006	-0.00025
1.563486e-006	-0.00025
1.563986e-006	-0.0005625
1.564486e-006	-0.0005625
1.564986e-006	6.25e-005
1.565486e-006	-0.0005625
1.565986e-006	-0.0005625
1.566486e-006	-0.000875
1.566986e-006	-0.00025
1.567486e-006	-0.000875
1.567986e-006	-0.0011875
1.568486e-006	-0.0005625
1.568986e-006	-0.00025
1.569486e-006	-0.00025
1.569986e-006	-0.000875
1.570486e-006	-0.00025
1.570986e-006	-0.000875
1.571486e-006	-0.000875
1.571986e-006	-0.00025
1.572486e-006	6.25e-005
1.572986e-006	-0.0005625
1.573486e-006	-0.00025
1.573986e-006	-0.0005625
1.574486e-006	6.25e-005
1.574986e-006	-0.00025
1.575486e-006	-0.000875
1.575986e-006	-0.0011875
1.576486e-006	-0.000875
1.576986e-006	-0.0005625
1.577486e-006	-0.0005625
1.577986e-006	-0.0005625
1.578486e-006	-0.00025
1.578986e-006	6.25e-005
1.579486e-006	6.25e-005
1.579986e-006	-0.00025
1.580486e-006	-0.0005625
1.580986e-006	-0.00025
1.581486e-006	6.25e-005
1.581986e-006	6.25e-005
1.582486e-006	-0.0005625
1.582986e-006	0.000375
1.583486e-006	-0.0005625
1.583986e-006	-0.0005625
1.584486e-006	-0.0005625
1.584986e-006	-0.0005625
1.585486e-006	-0.000875
1.585986e-006	-0.0011875
1.586486e-006	-0.0011875
1.586986e-006	-0.000875
1.587486e-006	-0.000875
1.587986e-006	-0.000875
1.588486e-006	-0.000875
1.588986e-006	6.25e-005
1.589486e-006	6.25e-005
1.589986e-006	6.25e-005
1.590486e-006	0.000375
1.590986e-006	-0.00025
1.591486e-006	0.000375
1.591986e-006	6.25e-005
1.592486e-006	6.25e-005
1.592986e-006	-0.0005625
1.593486e-006	-0.000875
1.593986e-006	-0.0005625
1.594486e-006	-0.000875
1.594986e-006	-0.0015
1.595486e-006	-0.0011875
1.595986e-006	-0.0011875
1.596486e-006	-0.0011875
1.596986e-006	-0.0011875
1.597486e-006	-0.0011875
1.597986e-006	-0.000875
1.598486e-006	-0.000875
1.598986e-006	-0.0005625
1.599486e-006	-0.0005625
1.599986e-006	6.25e-005
1.600486e-006	0.000375
1.600986e-006	0.000375
1.601486e-006	0.000375
1.601986e-006	0.000375
1.602486e-006	0.000375
1.602986e-006	6.25e-005
1.603486e-006	-0.0011875
1.603986e-006	-0.000875
1.604486e-006	-0.0011875
1.604986e-006	-0.0005625
1.605486e-006	-0.000875
1.605986e-006	-0.0015
1.606486e-006	-0.0018125
1.606986e-006	-0.000875
1.607486e-006	-0.0011875
1.607986e-006	-0.0011875
1.608486e-006	-0.000875
1.608986e-006	-0.000875
1.609486e-006	-0.000875
1.609986e-006	-0.00025
1.610486e-006	0.000375
1.610986e-006	6.25e-005
1.611486e-006	0.000375
1.611986e-006	0.0006875
1.612486e-006	-0.00025
1.612986e-006	-0.000875
1.613486e-006	-0.00025
1.613986e-006	-0.0005625
1.614486e-006	-0.000875
1.614986e-006	-0.0011875
1.615486e-006	-0.0011875
1.615986e-006	-0.0005625
1.616486e-006	-0.00025
1.616986e-006	-0.0011875
1.617486e-006	-0.0015
1.617986e-006	-0.000875
1.618486e-006	-0.0005625
1.618986e-006	6.25e-005
1.619486e-006	-0.00025
1.619986e-006	-0.000875
1.620486e-006	-0.0005625
1.620986e-006	-0.0005625
1.621486e-006	-0.00025
1.621986e-006	0.000375
1.622486e-006	-0.00025
1.622986e-006	0.000375
1.623486e-006	6.25e-005
1.623986e-006	-0.00025
1.624486e-006	-0.000875
1.624986e-006	-0.0005625
1.625486e-006	-0.0005625
1.625986e-006	-0.0005625
1.626486e-006	-0.000875
1.626986e-006	-0.0005625
1.627486e-006	-0.000875
1.627986e-006	-0.0011875
1.628486e-006	-0.00025
1.628986e-006	6.25e-005
1.629486e-006	-0.000875
1.629986e-006	-0.0011875
1.630486e-006	-0.000875
1.630986e-006	-0.000875
1.631486e-006	-0.0005625
1.631986e-006	-0.0005625
1.632486e-006	-0.00025
1.632986e-006	-0.0005625
1.633486e-006	-0.000875
1.633986e-006	-0.00025
1.634486e-006	0.000375
1.634986e-006	-0.00025
1.635486e-006	-0.0005625
1.635986e-006	-0.000875
1.636486e-006	0.000375
1.636986e-006	6.25e-005
1.637486e-006	-0.000875
1.637986e-006	-0.0005625
1.638486e-006	-0.0005625
1.638986e-006	6.25e-005
1.639486e-006	-0.00025
1.639986e-006	-0.0018125
1.640486e-006	-0.0011875
1.640986e-006	-0.000875
1.641486e-006	-0.000875
1.641986e-006	-0.000875
1.642486e-006	-0.0015
1.642986e-006	-0.0005625
1.643486e-006	-0.0005625
1.643986e-006	-0.0005625
1.644486e-006	6.25e-005
1.644986e-006	-0.0005625
1.645486e-006	-0.0005625
1.645986e-006	0.000375
1.646486e-006	0.000375
1.646986e-006	6.25e-005
1.647486e-006	6.25e-005
1.647986e-006	6.25e-005
1.648486e-006	-0.0005625
1.648986e-006	-0.0005625
1.649486e-006	-0.0011875
1.649986e-006	-0.0011875
1.650486e-006	-0.0005625
1.650986e-006	-0.000875
1.651486e-006	-0.0018125
1.651986e-006	-0.0015
1.652486e-006	-0.0005625
1.652986e-006	-0.0005625
1.653486e-006	-0.0005625
1.653986e-006	-0.0005625
1.654486e-006	-0.000875
1.654986e-006	-0.00025
1.655486e-006	0.0006875
1.655986e-006	6.25e-005
1.656486e-006	0.0006875
1.656986e-006	0.0006875
1.657486e-006	0.000375
1.657986e-006	-0.0005625
1.658486e-006	-0.00025
1.658986e-006	-0.00025
1.659486e-006	-0.000875
1.659986e-006	-0.0011875
1.660486e-006	-0.0015
1.660986e-006	-0.000875
1.661486e-006	-0.0011875
1.661986e-006	-0.0018125
1.662486e-006	-0.0011875
1.662986e-006	-0.000875
1.663486e-006	-0.0011875
1.663986e-006	-0.0005625
1.664486e-006	-0.0005625
1.664986e-006	-0.00025
1.665486e-006	0.0006875
1.665986e-006	0.0006875
1.666486e-006	0.0006875
1.666986e-006	0.0006875
1.667486e-006	6.25e-005
1.667986e-006	-0.00025
1.668486e-006	-0.0005625
1.668986e-006	-0.00025
1.669486e-006	-0.0005625
1.669986e-006	-0.000875
1.670486e-006	-0.0011875
1.670986e-006	-0.0011875
1.671486e-006	-0.0015
1.671986e-006	-0.0018125
1.672486e-006	-0.0018125
1.672986e-006	-0.000875
1.673486e-006	-0.0005625
1.673986e-006	-0.000875
1.674486e-006	-0.00025
1.674986e-006	6.25e-005
1.675486e-006	6.25e-005
1.675986e-006	6.25e-005
1.676486e-006	0.000375
1.676986e-006	0.0006875
1.677486e-006	0.0006875
1.677986e-006	0.000375
1.678486e-006	0.000375
1.678986e-006	-0.0005625
1.679486e-006	-0.0011875
1.679986e-006	-0.000875
1.680486e-006	-0.0011875
1.680986e-006	-0.0011875
1.681486e-006	-0.0018125
1.681986e-006	-0.0011875
1.682486e-006	-0.000875
1.682986e-006	-0.0011875
1.683486e-006	6.25e-005
1.683986e-006	6.25e-005
1.684486e-006	-0.000875
1.684986e-006	-0.0005625
1.685486e-006	0.000375
1.685986e-006	0.000375
1.686486e-006	6.25e-005
1.686986e-006	0.0006875
1.687486e-006	0.001
1.687986e-006	0.000375
1.688486e-006	6.25e-005
1.688986e-006	6.25e-005
1.689486e-006	-0.000875
1.689986e-006	-0.0011875
1.690486e-006	-0.0018125
1.690986e-006	-0.0011875
1.691486e-006	-0.00025
1.691986e-006	-0.0011875
1.692486e-006	-0.0018125
1.692986e-006	-0.0005625
1.693486e-006	-0.00025
1.693986e-006	-0.0005625
1.694486e-006	-0.000875
1.694986e-006	6.25e-005
1.695486e-006	6.25e-005
1.695986e-006	6.25e-005
1.696486e-006	6.25e-005
1.696986e-006	6.25e-005
1.697486e-006	6.25e-005
1.697986e-006	-0.0005625
1.698486e-006	-0.00025
1.698986e-006	-0.0005625
1.699486e-006	-0.000875
1.699986e-006	-0.0011875
1.700486e-006	-0.000875
1.700986e-006	-0.0005625
1.701486e-006	-0.000875
1.701986e-006	-0.0015
1.702486e-006	-0.000875
1.702986e-006	-0.00025
1.703486e-006	-0.00025
1.703986e-006	6.25e-005
1.704486e-006	0.0006875
1.704986e-006	0.000375
1.705486e-006	-0.000875
1.705986e-006	6.25e-005
1.706486e-006	0.001
1.706986e-006	6.25e-005
1.707486e-006	-0.0005625
1.707986e-006	6.25e-005
1.708486e-006	-0.000875
1.708986e-006	-0.0011875
1.709486e-006	-0.0011875
1.709986e-006	-0.0005625
1.710486e-006	-0.0015
1.710986e-006	-0.0015
1.711486e-006	-0.000875
1.711986e-006	-0.0005625
1.712486e-006	-0.00025
1.712986e-006	-0.0005625
1.713486e-006	-0.00025
1.713986e-006	-0.00025
1.714486e-006	6.25e-005
1.714986e-006	-0.00025
1.715486e-006	0.000375
1.715986e-006	6.25e-005
1.716486e-006	6.25e-005
1.716986e-006	-0.000875
1.717486e-006	-0.0005625
1.717986e-006	-0.0005625
1.718486e-006	-0.000875
1.718986e-006	-0.0005625
1.719486e-006	-0.000875
1.719986e-006	-0.0005625
1.720486e-006	-0.00025
1.720986e-006	-0.0011875
1.721486e-006	-0.0011875
1.721986e-006	-0.000875
1.722486e-006	-0.0005625
1.722986e-006	-0.0005625
1.723486e-006	-0.0005625
1.723986e-006	6.25e-005
1.724486e-006	6.25e-005
1.724986e-006	0.0006875
1.725486e-006	6.25e-005
1.725986e-006	-0.00025
1.726486e-006	-0.000875
1.726986e-006	-0.00025
1.727486e-006	-0.00025
1.727986e-006	-0.0005625
1.728486e-006	-0.000875
1.728986e-006	-0.0005625
1.729486e-006	-0.000875
1.729986e-006	-0.0005625
1.730486e-006	-0.0018125
1.730986e-006	-0.000875
1.731486e-006	-0.000875
1.731986e-006	-0.0011875
1.732486e-006	6.25e-005
1.732986e-006	-0.0005625
1.733486e-006	-0.0011875
1.733986e-006	-0.00025
1.734486e-006	6.25e-005
1.734986e-006	-0.0005625
1.735486e-006	-0.000875
1.735986e-006	-0.0005625
1.736486e-006	0.000375
1.736986e-006	-0.000875
1.737486e-006	-0.0005625
1.737986e-006	-0.000875
1.738486e-006	-0.0011875
1.738986e-006	-0.0011875
1.739486e-006	-0.000875
1.739986e-006	-0.0005625
1.740486e-006	-0.0005625
1.740986e-006	-0.0011875
1.741486e-006	-0.0005625
1.741986e-006	-0.0005625
1.742486e-006	-0.0005625
1.742986e-006	-0.00025
1.743486e-006	-0.00025
1.743986e-006	-0.0005625
1.744486e-006	-0.0005625
1.744986e-006	-0.00025
1.745486e-006	-0.0011875
1.745986e-006	-0.000875
1.746486e-006	-0.000875
1.746986e-006	-0.000875
1.747486e-006	-0.0015
1.747986e-006	-0.0015
1.748486e-006	-0.0011875
1.748986e-006	-0.0005625
1.749486e-006	-0.000875
1.749986e-006	-0.0005625
1.750486e-006	-0.0005625
1.750986e-006	-0.00025
1.751486e-006	-0.00025
1.751986e-006	6.25e-005
1.752486e-006	-0.00025
1.752986e-006	-0.000875
1.753486e-006	-0.0005625
1.753986e-006	-0.0005625
1.754486e-006	6.25e-005
1.754986e-006	-0.00025
1.755486e-006	-0.00025
1.755986e-006	-0.0005625
1.756486e-006	-0.000875
1.756986e-006	-0.0011875
1.757486e-006	-0.000875
1.757986e-006	-0.000875
1.758486e-006	-0.0011875
1.758986e-006	-0.0018125
1.759486e-006	-0.0011875
1.759986e-006	-0.0005625
1.760486e-006	6.25e-005
1.760986e-006	0.000375
1.761486e-006	0.0006875
1.761986e-006	-0.00025
1.762486e-006	-0.0005625
1.762986e-006	6.25e-005
1.763486e-006	6.25e-005
1.763986e-006	-0.0005625
1.764486e-006	-0.0005625
1.764986e-006	-0.00025
1.765486e-006	-0.00025
1.765986e-006	-0.000875
1.766486e-006	-0.0011875
1.766986e-006	-0.000875
1.767486e-006	-0.0011875
1.767986e-006	-0.000875
1.768486e-006	-0.0015
1.768986e-006	-0.0015
1.769486e-006	-0.0015
1.769986e-006	-0.0005625
1.770486e-006	-0.000875
1.770986e-006	-0.0005625
1.771486e-006	6.25e-005
1.771986e-006	6.25e-005
1.772486e-006	-0.00025
1.772986e-006	-0.00025
1.773486e-006	6.25e-005
1.773986e-006	0.000375
1.774486e-006	0.000375
1.774986e-006	-0.00025
1.775486e-006	-0.0011875
1.775986e-006	-0.000875
1.776486e-006	-0.0005625
1.776986e-006	-0.000875
1.777486e-006	-0.0011875
1.777986e-006	-0.0018125
1.778486e-006	-0.0015
1.778986e-006	-0.0011875
1.779486e-006	-0.000875
1.779986e-006	-0.00025
1.780486e-006	6.25e-005
1.780986e-006	-0.0005625
1.781486e-006	-0.00025
1.781986e-006	-0.0005625
1.782486e-006	0.000375
1.782986e-006	6.25e-005
1.783486e-006	6.25e-005
1.783986e-006	-0.0005625
1.784486e-006	-0.00025
1.784986e-006	-0.0005625
1.785486e-006	-0.00025
1.785986e-006	-0.0005625
1.786486e-006	-0.0011875
1.786986e-006	-0.0011875
1.787486e-006	-0.000875
1.787986e-006	-0.000875
1.788486e-006	-0.0015
