LECROYWS454	16215	Waveform
Segments	1	SegmentSize	4002
Segment	TrigTime	TimeSinceSegment1
#1	02-May-2024 19:02:33	0                 
Time	Ampl
-2.12279e-007	-0.0005625
-2.11779e-007	6.25e-005
-2.11279e-007	-0.00025
-2.10779e-007	-0.000875
-2.10279e-007	-0.00025
-2.09779e-007	-0.00025
-2.09279e-007	6.25e-005
-2.08779e-007	0.000375
-2.08279e-007	-0.0005625
-2.07779e-007	0.000375
-2.07279e-007	6.25e-005
-2.06779e-007	0.000375
-2.06279e-007	-0.00025
-2.05779e-007	-0.0005625
-2.05279e-007	-0.00025
-2.04779e-007	-0.0015
-2.04279e-007	-0.0005625
-2.03779e-007	0.000375
-2.03279e-007	-0.0005625
-2.02779e-007	-0.0005625
-2.02279e-007	-0.0005625
-2.01779e-007	6.25e-005
-2.01279e-007	-0.00025
-2.00779e-007	-0.0005625
-2.00279e-007	6.25e-005
-1.99779e-007	6.25e-005
-1.99279e-007	0.000375
-1.98779e-007	0.001
-1.98279e-007	6.25e-005
-1.97779e-007	0.000375
-1.97279e-007	6.25e-005
-1.96779e-007	6.25e-005
-1.96279e-007	-0.00025
-1.95779e-007	-0.00025
-1.95279e-007	0.000375
-1.94779e-007	-0.0005625
-1.94279e-007	-0.00025
-1.93779e-007	-0.0005625
-1.93279e-007	-0.0005625
-1.92779e-007	6.25e-005
-1.92279e-007	-0.00025
-1.91779e-007	0.000375
-1.91279e-007	0.000375
-1.90779e-007	6.25e-005
-1.90279e-007	6.25e-005
-1.89779e-007	0.0006875
-1.89279e-007	0.001
-1.88779e-007	0.0006875
-1.88279e-007	0.000375
-1.87779e-007	0.0013125
-1.87279e-007	6.25e-005
-1.86779e-007	0.000375
-1.86279e-007	6.25e-005
-1.85779e-007	-0.00025
-1.85279e-007	-0.00025
-1.84779e-007	-0.000875
-1.84279e-007	-0.0005625
-1.83779e-007	-0.0005625
-1.83279e-007	-0.000875
-1.82779e-007	6.25e-005
-1.82279e-007	-0.00025
-1.81779e-007	6.25e-005
-1.81279e-007	0.000375
-1.80779e-007	0.000375
-1.80279e-007	0.001
-1.79779e-007	0.001
-1.79279e-007	0.0013125
-1.78779e-007	0.0006875
-1.78279e-007	0.0013125
-1.77779e-007	0.0006875
-1.77279e-007	-0.0005625
-1.76779e-007	-0.00025
-1.76279e-007	6.25e-005
-1.75779e-007	-0.00025
-1.75279e-007	-0.0005625
-1.74779e-007	-0.0005625
-1.74279e-007	-0.00025
-1.73779e-007	-0.0005625
-1.73279e-007	-0.000875
-1.72779e-007	-0.0005625
-1.72279e-007	-0.0005625
-1.71779e-007	0.000375
-1.71279e-007	-0.00025
-1.70779e-007	6.25e-005
-1.70279e-007	0.0006875
-1.69779e-007	0.0006875
-1.69279e-007	0.001
-1.68779e-007	0.0013125
-1.68279e-007	0.0013125
-1.67779e-007	0.0006875
-1.67279e-007	6.25e-005
-1.66779e-007	0.000375
-1.66279e-007	6.25e-005
-1.65779e-007	-0.0005625
-1.65279e-007	-0.0005625
-1.64779e-007	-0.0005625
-1.64279e-007	-0.0011875
-1.63779e-007	-0.0015
-1.63279e-007	-0.000875
-1.62779e-007	-0.0005625
-1.62279e-007	-0.0005625
-1.61779e-007	-0.00025
-1.61279e-007	-0.00025
-1.60779e-007	-0.00025
-1.60279e-007	0.0006875
-1.59779e-007	0.0013125
-1.59279e-007	0.000375
-1.58779e-007	-0.00025
-1.58279e-007	0.0006875
-1.57779e-007	6.25e-005
-1.57279e-007	6.25e-005
-1.56779e-007	-0.0005625
-1.56279e-007	6.25e-005
-1.55779e-007	6.25e-005
-1.55279e-007	-0.0005625
-1.54779e-007	-0.0011875
-1.54279e-007	-0.0011875
-1.53779e-007	-0.0011875
-1.53279e-007	-0.0005625
-1.52779e-007	-0.0005625
-1.52279e-007	-0.0005625
-1.51779e-007	-0.0005625
-1.51279e-007	-0.0005625
-1.50779e-007	-0.00025
-1.50279e-007	0.000375
-1.49779e-007	0.001
-1.49279e-007	0.0006875
-1.48779e-007	0.0006875
-1.48279e-007	0.000375
-1.47779e-007	0.000375
-1.47279e-007	6.25e-005
-1.46779e-007	0.000375
-1.46279e-007	6.25e-005
-1.45779e-007	-0.0005625
-1.45279e-007	-0.0011875
-1.44779e-007	6.25e-005
-1.44279e-007	-0.00025
-1.43779e-007	-0.000875
-1.43279e-007	-0.0005625
-1.42779e-007	-0.0005625
-1.42279e-007	-0.00025
-1.41779e-007	-0.000875
-1.41279e-007	-0.00025
-1.40779e-007	0.000375
-1.40279e-007	0.000375
-1.39779e-007	6.25e-005
-1.39279e-007	-0.00025
-1.38779e-007	6.25e-005
-1.38279e-007	6.25e-005
-1.37779e-007	6.25e-005
-1.37279e-007	6.25e-005
-1.36779e-007	6.25e-005
-1.36279e-007	6.25e-005
-1.35779e-007	-0.0005625
-1.35279e-007	6.25e-005
-1.34779e-007	6.25e-005
-1.34279e-007	-0.000875
-1.33779e-007	-0.0005625
-1.33279e-007	-0.00025
-1.32779e-007	-0.0005625
-1.32279e-007	-0.00025
-1.31779e-007	-0.000875
-1.31279e-007	6.25e-005
-1.30779e-007	6.25e-005
-1.30279e-007	-0.00025
-1.29779e-007	0.0006875
-1.29279e-007	0.000375
-1.28779e-007	0.000375
-1.28279e-007	-0.0005625
-1.27779e-007	-0.00025
-1.27279e-007	0.000375
-1.26779e-007	-0.0005625
-1.26279e-007	-0.0005625
-1.25779e-007	6.25e-005
-1.25279e-007	-0.00025
-1.24779e-007	6.25e-005
-1.24279e-007	-0.0005625
-1.23779e-007	-0.0005625
-1.23279e-007	-0.0005625
-1.22779e-007	6.25e-005
-1.22279e-007	6.25e-005
-1.21779e-007	-0.00025
-1.21279e-007	-0.00025
-1.20779e-007	-0.00025
-1.20279e-007	-0.0005625
-1.19779e-007	6.25e-005
-1.19279e-007	6.25e-005
-1.18779e-007	-0.0005625
-1.18279e-007	-0.0005625
-1.17779e-007	-0.00025
-1.17279e-007	0.0006875
-1.16779e-007	6.25e-005
-1.16279e-007	6.25e-005
-1.15779e-007	0.000375
-1.15279e-007	0.0006875
-1.14779e-007	0.000375
-1.14279e-007	-0.00025
-1.13779e-007	6.25e-005
-1.13279e-007	-0.00025
-1.12779e-007	6.25e-005
-1.12279e-007	6.25e-005
-1.11779e-007	6.25e-005
-1.11279e-007	6.25e-005
-1.10779e-007	-0.0005625
-1.10279e-007	-0.0005625
-1.09779e-007	-0.0005625
-1.09279e-007	-0.00025
-1.08779e-007	-0.00025
-1.08279e-007	-0.00025
-1.07779e-007	0.000375
-1.07279e-007	0.000375
-1.06779e-007	-0.00025
-1.06279e-007	-0.00025
-1.05779e-007	6.25e-005
-1.05279e-007	6.25e-005
-1.04779e-007	6.25e-005
-1.04279e-007	6.25e-005
-1.03779e-007	-0.00025
-1.03279e-007	6.25e-005
-1.02779e-007	-0.00025
-1.02279e-007	-0.00025
-1.01779e-007	-0.00025
-1.01279e-007	-0.000875
-1.00779e-007	-0.0005625
-1.00279e-007	6.25e-005
-9.9779e-008	-0.00025
-9.9279e-008	-0.000875
-9.8779e-008	-0.000875
-9.8279e-008	-0.0005625
-9.7779e-008	-0.0005625
-9.7279e-008	-0.00025
-9.6779e-008	0.000375
-9.6279e-008	6.25e-005
-9.5779e-008	0.001
-9.5279e-008	6.25e-005
-9.4779e-008	0.000375
-9.4279e-008	0.0006875
-9.3779e-008	0.000375
-9.3279e-008	6.25e-005
-9.2779e-008	6.25e-005
-9.2279e-008	-0.00025
-9.1779e-008	6.25e-005
-9.1279e-008	6.25e-005
-9.0779e-008	-0.0005625
-9.0279e-008	-0.0011875
-8.9779e-008	-0.0005625
-8.9279e-008	-0.00025
-8.8779e-008	-0.0005625
-8.8279e-008	6.25e-005
-8.7779e-008	-0.0005625
-8.7279e-008	-0.00025
-8.6779e-008	0.000375
-8.6279e-008	0.000375
-8.5779e-008	0.001
-8.5279e-008	0.000375
-8.4779e-008	0.000375
-8.4279e-008	0.000375
-8.3779e-008	6.25e-005
-8.3279e-008	0.0006875
-8.2779e-008	6.25e-005
-8.2279e-008	-0.0005625
-8.1779e-008	-0.000875
-8.1279e-008	-0.0011875
-8.0779e-008	-0.0005625
-8.0279e-008	-0.000875
-7.9779e-008	-0.000875
-7.9279e-008	-0.0005625
-7.8779e-008	6.25e-005
-7.8279e-008	-0.00025
-7.7779e-008	-0.0005625
-7.7279e-008	-0.0005625
-7.6779e-008	6.25e-005
-7.6279e-008	0.000375
-7.5779e-008	0.001
-7.5279e-008	0.000375
-7.4779e-008	0.000375
-7.4279e-008	0.0006875
-7.3779e-008	6.25e-005
-7.3279e-008	0.0006875
-7.2779e-008	6.25e-005
-7.2279e-008	-0.0005625
-7.1779e-008	-0.00025
-7.1279e-008	-0.0005625
-7.0779e-008	-0.0005625
-7.0279e-008	-0.0005625
-6.9779e-008	-0.0005625
-6.9279e-008	-0.00025
-6.8779e-008	-0.000875
-6.8279e-008	-0.0005625
-6.7779e-008	6.25e-005
-6.7279e-008	6.25e-005
-6.6779e-008	6.25e-005
-6.6279e-008	0.000375
-6.5779e-008	0.000375
-6.5279e-008	0.000375
-6.4779e-008	0.001
-6.4279e-008	0.000375
-6.3779e-008	0.000375
-6.3279e-008	-0.00025
-6.2779e-008	-0.0005625
-6.2279e-008	-0.00025
-6.1779e-008	6.25e-005
-6.1279e-008	-0.00025
-6.0779e-008	-0.000875
-6.0279e-008	-0.0011875
-5.9779e-008	-0.0005625
-5.9279e-008	-0.0005625
-5.8779e-008	-0.000875
-5.8279e-008	-0.0005625
-5.7779e-008	-0.00025
-5.7279e-008	-0.0005625
-5.6779e-008	-0.0005625
-5.6279e-008	6.25e-005
-5.5779e-008	0.000375
-5.5279e-008	6.25e-005
-5.4779e-008	0.000375
-5.4279e-008	0.001
-5.3779e-008	0.000375
-5.3279e-008	-0.0005625
-5.2779e-008	6.25e-005
-5.2279e-008	0.000375
-5.1779e-008	-0.00025
-5.1279e-008	-0.000875
-5.0779e-008	-0.000875
-5.0279e-008	-0.000875
-4.9779e-008	-0.000875
-4.9279e-008	-0.000875
-4.8779e-008	-0.0005625
-4.8279e-008	-0.0005625
-4.7779e-008	-0.0005625
-4.7279e-008	-0.00025
-4.6779e-008	0.000375
-4.6279e-008	0.000375
-4.5779e-008	0.000375
-4.5279e-008	-0.00025
-4.4779e-008	6.25e-005
-4.4279e-008	6.25e-005
-4.3779e-008	0.000375
-4.3279e-008	0.000375
-4.2779e-008	6.25e-005
-4.2279e-008	-0.0005625
-4.1779e-008	-0.000875
-4.1279e-008	6.25e-005
-4.0779e-008	6.25e-005
-4.0279e-008	-0.0005625
-3.9779e-008	-0.0011875
-3.9279e-008	-0.000875
-3.8779e-008	-0.0005625
-3.8279e-008	0.000375
-3.7779e-008	-0.00025
-3.7279e-008	-0.000875
-3.6779e-008	-0.0005625
-3.6279e-008	6.25e-005
-3.5779e-008	6.25e-005
-3.5279e-008	0.000375
-3.4779e-008	0.001
-3.4279e-008	0.001
-3.3779e-008	6.25e-005
-3.3279e-008	0.000375
-3.2779e-008	6.25e-005
-3.2279e-008	-0.00025
-3.1779e-008	-0.0005625
-3.1279e-008	6.25e-005
-3.0779e-008	-0.0005625
-3.0279e-008	-0.0005625
-2.9779e-008	-0.00025
-2.9279e-008	-0.00025
-2.8779e-008	6.25e-005
-2.8279e-008	-0.0005625
-2.7779e-008	-0.0005625
-2.7279e-008	6.25e-005
-2.6779e-008	0.000375
-2.6279e-008	6.25e-005
-2.5779e-008	-0.0005625
-2.5279e-008	-0.00025
-2.4779e-008	-0.00025
-2.4279e-008	-0.0005625
-2.3779e-008	6.25e-005
-2.3279e-008	6.25e-005
-2.2779e-008	0.0006875
-2.2279e-008	6.25e-005
-2.1779e-008	-0.0005625
-2.1279e-008	6.25e-005
-2.0779e-008	-0.000875
-2.0279e-008	-0.0005625
-1.9779e-008	-0.00025
-1.9279e-008	-0.000875
-1.8779e-008	-0.000875
-1.8279e-008	-0.0015
-1.7779e-008	-0.0018125
-1.7279e-008	-0.00275
-1.6779e-008	-0.0030625
-1.6279e-008	-0.0024375
-1.5779e-008	-0.003375
-1.5279e-008	-0.0036875
-1.4779e-008	-0.00525
-1.4279e-008	-0.005875
-1.3779e-008	-0.0049375
-1.3279e-008	-0.005875
-1.2779e-008	-0.0065
-1.2279e-008	-0.0068125
-1.1779e-008	-0.0080625
-1.1279e-008	-0.0080625
-1.0779e-008	-0.0086875
-1.0279e-008	-0.009
-9.779e-009	-0.009625
-9.279e-009	-0.01025
-8.779e-009	-0.01025
-8.279e-009	-0.0111875
-7.779e-009	-0.010875
-7.279e-009	-0.0105625
-6.779e-009	-0.0099375
-6.279e-009	-0.01025
-5.779e-009	-0.009625
-5.279e-009	-0.0099375
-4.779e-009	-0.01025
-4.279e-009	-0.0105625
-3.779e-009	-0.0115
-3.279e-009	-0.0111875
-2.779e-009	-0.0105625
-2.279e-009	-0.0105625
-1.779e-009	-0.010875
-1.279e-009	-0.010875
-7.79e-010	-0.012125
-2.79e-010	-0.012125
2.21e-010	-0.0124375
7.21e-010	-0.0124375
1.221e-009	-0.0130625
1.721e-009	-0.0124375
2.221e-009	-0.010875
2.721e-009	-0.01025
3.221e-009	-0.0105625
3.721e-009	-0.0105625
4.221e-009	-0.01025
4.721e-009	-0.0099375
5.221e-009	-0.0093125
5.721e-009	-0.009625
6.221e-009	-0.0099375
6.721e-009	-0.010875
7.221e-009	-0.01025
7.721e-009	-0.01025
8.221e-009	-0.01025
8.721e-009	-0.0105625
9.221e-009	-0.0115
9.721e-009	-0.0115
1.0221e-008	-0.0115
1.0721e-008	-0.0115
1.1221e-008	-0.0118125
1.1721e-008	-0.0118125
1.2221e-008	-0.012125
1.2721e-008	-0.0118125
1.3221e-008	-0.0115
1.3721e-008	-0.010875
1.4221e-008	-0.0105625
1.4721e-008	-0.0105625
1.5221e-008	-0.0099375
1.5721e-008	-0.0105625
1.6221e-008	-0.010875
1.6721e-008	-0.0105625
1.7221e-008	-0.0105625
1.7721e-008	-0.0105625
1.8221e-008	-0.0118125
1.8721e-008	-0.0124375
1.9221e-008	-0.0130625
1.9721e-008	-0.0136875
2.0221e-008	-0.0136875
2.0721e-008	-0.013375
2.1221e-008	-0.0130625
2.1721e-008	-0.014
2.2221e-008	-0.014
2.2721e-008	-0.0136875
2.3221e-008	-0.0130625
2.3721e-008	-0.012125
2.4221e-008	-0.0118125
2.4721e-008	-0.0118125
2.5221e-008	-0.0115
2.5721e-008	-0.010875
2.6221e-008	-0.010875
2.6721e-008	-0.0111875
2.7221e-008	-0.0118125
2.7721e-008	-0.0118125
2.8221e-008	-0.0118125
2.8721e-008	-0.0115
2.9221e-008	-0.012125
2.9721e-008	-0.0130625
3.0221e-008	-0.0136875
3.0721e-008	-0.0130625
3.1221e-008	-0.013375
3.1721e-008	-0.0130625
3.2221e-008	-0.0136875
3.2721e-008	-0.0124375
3.3221e-008	-0.012125
3.3721e-008	-0.01275
3.4221e-008	-0.0124375
3.4721e-008	-0.0111875
3.5221e-008	-0.01025
3.5721e-008	-0.0105625
3.6221e-008	-0.010875
3.6721e-008	-0.010875
3.7221e-008	-0.010875
3.7721e-008	-0.0115
3.8221e-008	-0.012125
3.8721e-008	-0.0118125
3.9221e-008	-0.01275
3.9721e-008	-0.013375
4.0221e-008	-0.0130625
4.0721e-008	-0.0136875
4.1221e-008	-0.013375
4.1721e-008	-0.0130625
4.2221e-008	-0.013375
4.2721e-008	-0.012125
4.3221e-008	-0.01275
4.3721e-008	-0.0130625
4.4221e-008	-0.012125
4.4721e-008	-0.0115
4.5221e-008	-0.012125
4.5721e-008	-0.0115
4.6221e-008	-0.0118125
4.6721e-008	-0.0111875
4.7221e-008	-0.0105625
4.7721e-008	-0.010875
4.8221e-008	-0.0115
4.8721e-008	-0.010875
4.9221e-008	-0.0118125
4.9721e-008	-0.0130625
5.0221e-008	-0.0130625
5.0721e-008	-0.0130625
5.1221e-008	-0.013375
5.1721e-008	-0.0130625
5.2221e-008	-0.0130625
5.2721e-008	-0.01275
5.3221e-008	-0.0130625
5.3721e-008	-0.01275
5.4221e-008	-0.0124375
5.4721e-008	-0.0115
5.5221e-008	-0.0115
5.5721e-008	-0.0111875
5.6221e-008	-0.0105625
5.6721e-008	-0.0099375
5.7221e-008	-0.0111875
5.7721e-008	-0.012125
5.8221e-008	-0.010875
5.8721e-008	-0.0111875
5.9221e-008	-0.0124375
5.9721e-008	-0.01275
6.0221e-008	-0.01275
6.0721e-008	-0.012125
6.1221e-008	-0.01275
6.1721e-008	-0.013375
6.2221e-008	-0.013375
6.2721e-008	-0.01275
6.3221e-008	-0.012125
6.3721e-008	-0.012125
6.4221e-008	-0.012125
6.4721e-008	-0.0115
6.5221e-008	-0.0111875
6.5721e-008	-0.0111875
6.6221e-008	-0.0105625
6.6721e-008	-0.0105625
6.7221e-008	-0.010875
6.7721e-008	-0.0115
6.8221e-008	-0.0115
6.8721e-008	-0.0111875
6.9221e-008	-0.0124375
6.9721e-008	-0.0130625
7.0221e-008	-0.013375
7.0721e-008	-0.0130625
7.1221e-008	-0.013375
7.1721e-008	-0.0130625
7.2221e-008	-0.0130625
7.2721e-008	-0.0124375
7.3221e-008	-0.0124375
7.3721e-008	-0.0118125
7.4221e-008	-0.0118125
7.4721e-008	-0.012125
7.5221e-008	-0.0118125
7.5721e-008	-0.010875
7.6221e-008	-0.010875
7.6721e-008	-0.010875
7.7221e-008	-0.010875
7.7721e-008	-0.0115
7.8221e-008	-0.0118125
7.8721e-008	-0.0115
7.9221e-008	-0.0118125
7.9721e-008	-0.012125
8.0221e-008	-0.0118125
8.0721e-008	-0.01275
8.1221e-008	-0.0130625
8.1721e-008	-0.012125
8.2221e-008	-0.012125
8.2721e-008	-0.01275
8.3221e-008	-0.012125
8.3721e-008	-0.0105625
8.4221e-008	-0.010875
8.4721e-008	-0.0105625
8.5221e-008	-0.0105625
8.5721e-008	-0.0105625
8.6221e-008	-0.0105625
8.6721e-008	-0.01025
8.7221e-008	-0.010875
8.7721e-008	-0.0111875
8.8221e-008	-0.0111875
8.8721e-008	-0.010875
8.9221e-008	-0.0111875
8.9721e-008	-0.0118125
9.0221e-008	-0.012125
9.0721e-008	-0.012125
9.1221e-008	-0.0124375
9.1721e-008	-0.0124375
9.2221e-008	-0.012125
9.2721e-008	-0.0115
9.3221e-008	-0.0118125
9.3721e-008	-0.0111875
9.4221e-008	-0.0105625
9.4721e-008	-0.0105625
9.5221e-008	-0.0093125
9.5721e-008	-0.0099375
9.6221e-008	-0.009625
9.6721e-008	-0.0099375
9.7221e-008	-0.0105625
9.7721e-008	-0.010875
9.8221e-008	-0.0115
9.8721e-008	-0.0111875
9.9221e-008	-0.0118125
9.9721e-008	-0.0124375
1.00221e-007	-0.01275
1.00721e-007	-0.0124375
1.01221e-007	-0.0124375
1.01721e-007	-0.0124375
1.02221e-007	-0.012125
1.02721e-007	-0.0111875
1.03221e-007	-0.0118125
1.03721e-007	-0.0111875
1.04221e-007	-0.0105625
1.04721e-007	-0.01025
1.05221e-007	-0.0099375
1.05721e-007	-0.0099375
1.06221e-007	-0.009625
1.06721e-007	-0.0099375
1.07221e-007	-0.0093125
1.07721e-007	-0.0099375
1.08221e-007	-0.010875
1.08721e-007	-0.010875
1.09221e-007	-0.0118125
1.09721e-007	-0.0124375
1.10221e-007	-0.0124375
1.10721e-007	-0.0118125
1.11221e-007	-0.0124375
1.11721e-007	-0.012125
1.12221e-007	-0.0115
1.12721e-007	-0.0111875
1.13221e-007	-0.0111875
1.13721e-007	-0.0105625
1.14221e-007	-0.0105625
1.14721e-007	-0.0099375
1.15221e-007	-0.01025
1.15721e-007	-0.009625
1.16221e-007	-0.008375
1.16721e-007	-0.009625
1.17221e-007	-0.009625
1.17721e-007	-0.01025
1.18221e-007	-0.010875
1.18721e-007	-0.0111875
1.19221e-007	-0.0115
1.19721e-007	-0.0115
1.20221e-007	-0.0118125
1.20721e-007	-0.012125
1.21221e-007	-0.0118125
1.21721e-007	-0.012125
1.22221e-007	-0.012125
1.22721e-007	-0.010875
1.23221e-007	-0.0111875
1.23721e-007	-0.010875
1.24221e-007	-0.0099375
1.24721e-007	-0.0093125
1.25221e-007	-0.009
1.25721e-007	-0.009625
1.26221e-007	-0.0099375
1.26721e-007	-0.01025
1.27221e-007	-0.009625
1.27721e-007	-0.009625
1.28221e-007	-0.009625
1.28721e-007	-0.010875
1.29221e-007	-0.0111875
1.29721e-007	-0.0105625
1.30221e-007	-0.0111875
1.30721e-007	-0.0118125
1.31221e-007	-0.012125
1.31721e-007	-0.0111875
1.32221e-007	-0.0105625
1.32721e-007	-0.0105625
1.33221e-007	-0.0099375
1.33721e-007	-0.01025
1.34221e-007	-0.010875
1.34721e-007	-0.009625
1.35221e-007	-0.009625
1.35721e-007	-0.0099375
1.36221e-007	-0.009625
1.36721e-007	-0.0099375
1.37221e-007	-0.0099375
1.37721e-007	-0.01025
1.38221e-007	-0.01025
1.38721e-007	-0.01025
1.39221e-007	-0.010875
1.39721e-007	-0.01025
1.40221e-007	-0.01025
1.40721e-007	-0.0111875
1.41221e-007	-0.010875
1.41721e-007	-0.010875
1.42221e-007	-0.0105625
1.42721e-007	-0.0105625
1.43221e-007	-0.0099375
1.43721e-007	-0.0099375
1.44221e-007	-0.0099375
1.44721e-007	-0.0099375
1.45221e-007	-0.009625
1.45721e-007	-0.009625
1.46221e-007	-0.0099375
1.46721e-007	-0.01025
1.47221e-007	-0.0099375
1.47721e-007	-0.0099375
1.48221e-007	-0.01025
1.48721e-007	-0.0099375
1.49221e-007	-0.009
1.49721e-007	-0.0093125
1.50221e-007	-0.010875
1.50721e-007	-0.0105625
1.51221e-007	-0.01025
1.51721e-007	-0.0099375
1.52221e-007	-0.0099375
1.52721e-007	-0.01025
1.53221e-007	-0.0099375
1.53721e-007	-0.0099375
1.54221e-007	-0.0105625
1.54721e-007	-0.0093125
1.55221e-007	-0.0099375
1.55721e-007	-0.01025
1.56221e-007	-0.01025
1.56721e-007	-0.01025
1.57221e-007	-0.0093125
1.57721e-007	-0.0093125
1.58221e-007	-0.0093125
1.58721e-007	-0.0099375
1.59221e-007	-0.0099375
1.59721e-007	-0.0093125
1.60221e-007	-0.0093125
1.60721e-007	-0.009625
1.61221e-007	-0.0093125
1.61721e-007	-0.009625
1.62221e-007	-0.009625
1.62721e-007	-0.009625
1.63221e-007	-0.009
1.63721e-007	-0.009625
1.64221e-007	-0.009
1.64721e-007	-0.009
1.65221e-007	-0.009
1.65721e-007	-0.009
1.66221e-007	-0.009625
1.66721e-007	-0.009625
1.67221e-007	-0.0093125
1.67721e-007	-0.01025
1.68221e-007	-0.0099375
1.68721e-007	-0.0099375
1.69221e-007	-0.009
1.69721e-007	-0.009
1.70221e-007	-0.009
1.70721e-007	-0.0086875
1.71221e-007	-0.0093125
1.71721e-007	-0.0093125
1.72221e-007	-0.0086875
1.72721e-007	-0.009
1.73221e-007	-0.009
1.73721e-007	-0.0093125
1.74221e-007	-0.009
1.74721e-007	-0.0093125
1.75221e-007	-0.0099375
1.75721e-007	-0.0086875
1.76221e-007	-0.0093125
1.76721e-007	-0.0093125
1.77221e-007	-0.0086875
1.77721e-007	-0.0099375
1.78221e-007	-0.0093125
1.78721e-007	-0.008375
1.79221e-007	-0.0080625
1.79721e-007	-0.0086875
1.80221e-007	-0.008375
1.80721e-007	-0.008375
1.81221e-007	-0.0080625
1.81721e-007	-0.008375
1.82221e-007	-0.009
1.82721e-007	-0.009625
1.83221e-007	-0.009
1.83721e-007	-0.009625
1.84221e-007	-0.009
1.84721e-007	-0.0093125
1.85221e-007	-0.0093125
1.85721e-007	-0.009
1.86221e-007	-0.0086875
1.86721e-007	-0.0093125
1.87221e-007	-0.008375
1.87721e-007	-0.0086875
1.88221e-007	-0.0080625
1.88721e-007	-0.0086875
1.89221e-007	-0.0086875
1.89721e-007	-0.0086875
1.90221e-007	-0.0086875
1.90721e-007	-0.0080625
1.91221e-007	-0.0080625
1.91721e-007	-0.009
1.92221e-007	-0.0086875
1.92721e-007	-0.0086875
1.93221e-007	-0.009
1.93721e-007	-0.009625
1.94221e-007	-0.009625
1.94721e-007	-0.009
1.95221e-007	-0.0086875
1.95721e-007	-0.0093125
1.96221e-007	-0.0086875
1.96721e-007	-0.008375
1.97221e-007	-0.00775
1.97721e-007	-0.00775
1.98221e-007	-0.0080625
1.98721e-007	-0.0080625
1.99221e-007	-0.0080625
1.99721e-007	-0.0086875
2.00221e-007	-0.008375
2.00721e-007	-0.0080625
2.01221e-007	-0.0080625
2.01721e-007	-0.008375
2.02221e-007	-0.008375
2.02721e-007	-0.0093125
2.03221e-007	-0.009
2.03721e-007	-0.009625
2.04221e-007	-0.0099375
2.04721e-007	-0.0093125
2.05221e-007	-0.008375
2.05721e-007	-0.008375
2.06221e-007	-0.0080625
2.06721e-007	-0.0074375
2.07221e-007	-0.0074375
2.07721e-007	-0.0074375
2.08221e-007	-0.0068125
2.08721e-007	-0.0074375
2.09221e-007	-0.007125
2.09721e-007	-0.007125
2.10221e-007	-0.0068125
2.10721e-007	-0.0080625
2.11221e-007	-0.008375
2.11721e-007	-0.0080625
2.12221e-007	-0.0086875
2.12721e-007	-0.009
2.13221e-007	-0.009
2.13721e-007	-0.0093125
2.14221e-007	-0.009625
2.14721e-007	-0.009
2.15221e-007	-0.008375
2.15721e-007	-0.008375
2.16221e-007	-0.00775
2.16721e-007	-0.0074375
2.17221e-007	-0.007125
2.17721e-007	-0.0074375
2.18221e-007	-0.0068125
2.18721e-007	-0.0065
2.19221e-007	-0.007125
2.19721e-007	-0.0074375
2.20221e-007	-0.0074375
2.20721e-007	-0.0074375
2.21221e-007	-0.0080625
2.21721e-007	-0.0086875
2.22221e-007	-0.008375
2.22721e-007	-0.0086875
2.23221e-007	-0.009
2.23721e-007	-0.009625
2.24221e-007	-0.008375
2.24721e-007	-0.008375
2.25221e-007	-0.008375
2.25721e-007	-0.00775
2.26221e-007	-0.0074375
2.26721e-007	-0.007125
2.27221e-007	-0.0068125
2.27721e-007	-0.0065
2.28221e-007	-0.0065
2.28721e-007	-0.0065
2.29221e-007	-0.0068125
2.29721e-007	-0.007125
2.30221e-007	-0.007125
2.30721e-007	-0.0080625
2.31221e-007	-0.0086875
2.31721e-007	-0.008375
2.32221e-007	-0.0086875
2.32721e-007	-0.009625
2.33221e-007	-0.0086875
2.33721e-007	-0.00775
2.34221e-007	-0.008375
2.34721e-007	-0.008375
2.35221e-007	-0.00775
2.35721e-007	-0.007125
2.36221e-007	-0.0068125
2.36721e-007	-0.0068125
2.37221e-007	-0.0061875
2.37721e-007	-0.005875
2.38221e-007	-0.0068125
2.38721e-007	-0.007125
2.39221e-007	-0.0061875
2.39721e-007	-0.007125
2.40221e-007	-0.0074375
2.40721e-007	-0.0080625
2.41221e-007	-0.0080625
2.41721e-007	-0.0086875
2.42221e-007	-0.00775
2.42721e-007	-0.00775
2.43221e-007	-0.0080625
2.43721e-007	-0.009
2.44221e-007	-0.00775
2.44721e-007	-0.00775
2.45221e-007	-0.007125
2.45721e-007	-0.007125
2.46221e-007	-0.0068125
2.46721e-007	-0.0065
2.47221e-007	-0.0068125
2.47721e-007	-0.0061875
2.48221e-007	-0.005875
2.48721e-007	-0.007125
2.49221e-007	-0.0065
2.49721e-007	-0.0068125
2.50221e-007	-0.0068125
2.50721e-007	-0.00775
2.51221e-007	-0.0080625
2.51721e-007	-0.0080625
2.52221e-007	-0.008375
2.52721e-007	-0.0074375
2.53221e-007	-0.0074375
2.53721e-007	-0.0074375
2.54221e-007	-0.007125
2.54721e-007	-0.007125
2.55221e-007	-0.0065
2.55721e-007	-0.005875
2.56221e-007	-0.0065
2.56721e-007	-0.0065
2.57221e-007	-0.0061875
2.57721e-007	-0.0065
2.58221e-007	-0.0061875
2.58721e-007	-0.0065
2.59221e-007	-0.0068125
2.59721e-007	-0.007125
2.60221e-007	-0.0068125
2.60721e-007	-0.007125
2.61221e-007	-0.007125
2.61721e-007	-0.0080625
2.62221e-007	-0.0080625
2.62721e-007	-0.00775
2.63221e-007	-0.0068125
2.63721e-007	-0.007125
2.64221e-007	-0.0068125
2.64721e-007	-0.0065
2.65221e-007	-0.0061875
2.65721e-007	-0.0068125
2.66221e-007	-0.0061875
2.66721e-007	-0.0068125
2.67221e-007	-0.0068125
2.67721e-007	-0.0074375
2.68221e-007	-0.007125
2.68721e-007	-0.007125
2.69221e-007	-0.0074375
2.69721e-007	-0.0080625
2.70221e-007	-0.0074375
2.70721e-007	-0.007125
2.71221e-007	-0.0074375
2.71721e-007	-0.00775
2.72221e-007	-0.007125
2.72721e-007	-0.0068125
2.73221e-007	-0.0068125
2.73721e-007	-0.0065
2.74221e-007	-0.0061875
2.74721e-007	-0.005875
2.75221e-007	-0.0055625
2.75721e-007	-0.0055625
2.76221e-007	-0.0065
2.76721e-007	-0.0065
2.77221e-007	-0.0061875
2.77721e-007	-0.0065
2.78221e-007	-0.007125
2.78721e-007	-0.0074375
2.79221e-007	-0.007125
2.79721e-007	-0.007125
2.80221e-007	-0.0074375
2.80721e-007	-0.007125
2.81221e-007	-0.0068125
2.81721e-007	-0.0065
2.82221e-007	-0.0061875
2.82721e-007	-0.0068125
2.83221e-007	-0.0055625
2.83721e-007	-0.005875
2.84221e-007	-0.0061875
2.84721e-007	-0.005875
2.85221e-007	-0.0055625
2.85721e-007	-0.0065
2.86221e-007	-0.0065
2.86721e-007	-0.0065
2.87221e-007	-0.005875
2.87721e-007	-0.007125
2.88221e-007	-0.0065
2.88721e-007	-0.0074375
2.89221e-007	-0.007125
2.89721e-007	-0.0068125
2.90221e-007	-0.0061875
2.90721e-007	-0.0061875
2.91221e-007	-0.005875
2.91721e-007	-0.0065
2.92221e-007	-0.0061875
2.92721e-007	-0.0061875
2.93221e-007	-0.005875
2.93721e-007	-0.00525
2.94221e-007	-0.0055625
2.94721e-007	-0.005875
2.95221e-007	-0.005875
2.95721e-007	-0.0065
2.96221e-007	-0.007125
2.96721e-007	-0.0065
2.97221e-007	-0.0068125
2.97721e-007	-0.0074375
2.98221e-007	-0.007125
2.98721e-007	-0.0065
2.99221e-007	-0.0068125
2.99721e-007	-0.0068125
3.00221e-007	-0.0061875
3.00721e-007	-0.005875
3.01221e-007	-0.0061875
3.01721e-007	-0.00525
3.02221e-007	-0.00525
3.02721e-007	-0.005875
3.03221e-007	-0.00525
3.03721e-007	-0.0055625
3.04221e-007	-0.0055625
3.04721e-007	-0.005875
3.05221e-007	-0.0061875
3.05721e-007	-0.0065
3.06221e-007	-0.007125
3.06721e-007	-0.0074375
3.07221e-007	-0.0068125
3.07721e-007	-0.0068125
3.08221e-007	-0.0068125
3.08721e-007	-0.0074375
3.09221e-007	-0.0065
3.09721e-007	-0.005875
3.10221e-007	-0.005875
3.10721e-007	-0.00525
3.11221e-007	-0.0043125
3.11721e-007	-0.004625
3.12221e-007	-0.0049375
3.12721e-007	-0.004625
3.13221e-007	-0.004625
3.13721e-007	-0.0055625
3.14221e-007	-0.0061875
3.14721e-007	-0.005875
3.15221e-007	-0.0065
3.15721e-007	-0.007125
3.16221e-007	-0.007125
3.16721e-007	-0.007125
3.17221e-007	-0.0074375
3.17721e-007	-0.007125
3.18221e-007	-0.0065
3.18721e-007	-0.0068125
3.19221e-007	-0.0061875
3.19721e-007	-0.005875
3.20221e-007	-0.00525
3.20721e-007	-0.0043125
3.21221e-007	-0.0043125
3.21721e-007	-0.0043125
3.22221e-007	-0.0043125
3.22721e-007	-0.004
3.23221e-007	-0.00525
3.23721e-007	-0.0055625
3.24221e-007	-0.0055625
3.24721e-007	-0.0065
3.25221e-007	-0.0068125
3.25721e-007	-0.0074375
3.26221e-007	-0.00775
3.26721e-007	-0.0074375
3.27221e-007	-0.0074375
3.27721e-007	-0.007125
3.28221e-007	-0.0068125
3.28721e-007	-0.0061875
3.29221e-007	-0.0055625
3.29721e-007	-0.00525
3.30221e-007	-0.0043125
3.30721e-007	-0.004
3.31221e-007	-0.003375
3.31721e-007	-0.0036875
3.32221e-007	-0.0030625
3.32721e-007	-0.003375
3.33221e-007	-0.0049375
3.33721e-007	-0.00525
3.34221e-007	-0.0055625
3.34721e-007	-0.005875
3.35221e-007	-0.0068125
3.35721e-007	-0.00775
3.36221e-007	-0.007125
3.36721e-007	-0.0074375
3.37221e-007	-0.0068125
3.37721e-007	-0.0065
3.38221e-007	-0.0061875
3.38721e-007	-0.00525
3.39221e-007	-0.005875
3.39721e-007	-0.00525
3.40221e-007	-0.0043125
3.40721e-007	-0.0030625
3.41221e-007	-0.0030625
3.41721e-007	-0.003375
3.42221e-007	-0.0036875
3.42721e-007	-0.004
3.43221e-007	-0.0049375
3.43721e-007	-0.0049375
3.44221e-007	-0.0068125
3.44721e-007	-0.0065
3.45221e-007	-0.0061875
3.45721e-007	-0.007125
3.46221e-007	-0.0065
3.46721e-007	-0.007125
3.47221e-007	-0.0061875
3.47721e-007	-0.0065
3.48221e-007	-0.0065
3.48721e-007	-0.00525
3.49221e-007	-0.00525
3.49721e-007	-0.004625
3.50221e-007	-0.004
3.50721e-007	-0.0036875
3.51221e-007	-0.0030625
3.51721e-007	-0.003375
3.52221e-007	-0.003375
3.52721e-007	-0.0049375
3.53221e-007	-0.0055625
3.53721e-007	-0.00525
3.54221e-007	-0.00525
3.54721e-007	-0.005875
3.55221e-007	-0.0061875
3.55721e-007	-0.0074375
3.56221e-007	-0.0061875
3.56721e-007	-0.0068125
3.57221e-007	-0.0068125
3.57721e-007	-0.0061875
3.58221e-007	-0.005875
3.58721e-007	-0.00525
3.59221e-007	-0.0049375
3.59721e-007	-0.004
3.60221e-007	-0.003375
3.60721e-007	-0.0036875
3.61221e-007	-0.003375
3.61721e-007	-0.0036875
3.62221e-007	-0.0043125
3.62721e-007	-0.0043125
3.63221e-007	-0.004625
3.63721e-007	-0.004625
3.64221e-007	-0.00525
3.64721e-007	-0.005875
3.65221e-007	-0.005875
3.65721e-007	-0.005875
3.66221e-007	-0.0061875
3.66721e-007	-0.007125
3.67221e-007	-0.0065
3.67721e-007	-0.0055625
3.68221e-007	-0.005875
3.68721e-007	-0.00525
3.69221e-007	-0.0043125
3.69721e-007	-0.0036875
3.70221e-007	-0.0036875
3.70721e-007	-0.0043125
3.71221e-007	-0.004
3.71721e-007	-0.004
3.72221e-007	-0.0036875
3.72721e-007	-0.0036875
3.73221e-007	-0.0036875
3.73721e-007	-0.004625
3.74221e-007	-0.00525
3.74721e-007	-0.0043125
3.75221e-007	-0.005875
3.75721e-007	-0.0068125
3.76221e-007	-0.005875
3.76721e-007	-0.005875
3.77221e-007	-0.0055625
3.77721e-007	-0.0055625
3.78221e-007	-0.00525
3.78721e-007	-0.0043125
3.79221e-007	-0.0049375
3.79721e-007	-0.0049375
3.80221e-007	-0.004625
3.80721e-007	-0.004
3.81221e-007	-0.0036875
3.81721e-007	-0.004
3.82221e-007	-0.0043125
3.82721e-007	-0.004625
3.83221e-007	-0.004625
3.83721e-007	-0.0043125
3.84221e-007	-0.0049375
3.84721e-007	-0.00525
3.85221e-007	-0.005875
3.85721e-007	-0.00525
3.86221e-007	-0.0055625
3.86721e-007	-0.005875
3.87221e-007	-0.0049375
3.87721e-007	-0.0061875
3.88221e-007	-0.005875
3.88721e-007	-0.0043125
3.89221e-007	-0.0043125
3.89721e-007	-0.0043125
3.90221e-007	-0.0043125
3.90721e-007	-0.0043125
3.91221e-007	-0.0043125
3.91721e-007	-0.004
3.92221e-007	-0.0036875
3.92721e-007	-0.0043125
3.93221e-007	-0.0043125
3.93721e-007	-0.0049375
3.94221e-007	-0.00525
3.94721e-007	-0.0043125
3.95221e-007	-0.004625
3.95721e-007	-0.0055625
3.96221e-007	-0.0055625
3.96721e-007	-0.0055625
3.97221e-007	-0.0049375
3.97721e-007	-0.00525
3.98221e-007	-0.0049375
3.98721e-007	-0.0043125
3.99221e-007	-0.00525
3.99721e-007	-0.0049375
4.00221e-007	-0.0036875
4.00721e-007	-0.0036875
4.01221e-007	-0.004
4.01721e-007	-0.003375
4.02221e-007	-0.0030625
4.02721e-007	-0.0043125
4.03221e-007	-0.003375
4.03721e-007	-0.0030625
4.04221e-007	-0.0043125
4.04721e-007	-0.0036875
4.05221e-007	-0.004625
4.05721e-007	-0.0049375
4.06221e-007	-0.004625
4.06721e-007	-0.0043125
4.07221e-007	-0.00525
4.07721e-007	-0.0055625
4.08221e-007	-0.0049375
4.08721e-007	-0.00525
4.09221e-007	-0.004625
4.09721e-007	-0.0043125
4.10221e-007	-0.0043125
4.10721e-007	-0.003375
4.11221e-007	-0.003375
4.11721e-007	-0.0036875
4.12221e-007	-0.0036875
4.12721e-007	-0.003375
4.13221e-007	-0.0030625
4.13721e-007	-0.0036875
4.14221e-007	-0.003375
4.14721e-007	-0.003375
4.15221e-007	-0.004625
4.15721e-007	-0.004625
4.16221e-007	-0.0049375
4.16721e-007	-0.0049375
4.17221e-007	-0.00525
4.17721e-007	-0.0061875
4.18221e-007	-0.0055625
4.18721e-007	-0.005875
4.19221e-007	-0.0055625
4.19721e-007	-0.00525
4.20221e-007	-0.0043125
4.20721e-007	-0.0036875
4.21221e-007	-0.0043125
4.21721e-007	-0.0030625
4.22221e-007	-0.00275
4.22721e-007	-0.0030625
4.23221e-007	-0.0030625
4.23721e-007	-0.003375
4.24221e-007	-0.003375
4.24721e-007	-0.0030625
4.25221e-007	-0.0036875
4.25721e-007	-0.0043125
4.26221e-007	-0.00525
4.26721e-007	-0.004625
4.27221e-007	-0.0055625
4.27721e-007	-0.005875
4.28221e-007	-0.0055625
4.28721e-007	-0.005875
4.29221e-007	-0.0049375
4.29721e-007	-0.004625
4.30221e-007	-0.0049375
4.30721e-007	-0.0043125
4.31221e-007	-0.004
4.31721e-007	-0.003375
4.32221e-007	-0.0030625
4.32721e-007	-0.002125
4.33221e-007	-0.002125
4.33721e-007	-0.00275
4.34221e-007	-0.0024375
4.34721e-007	-0.003375
4.35221e-007	-0.0036875
4.35721e-007	-0.003375
4.36221e-007	-0.004
4.36721e-007	-0.0049375
4.37221e-007	-0.0049375
4.37721e-007	-0.00525
4.38221e-007	-0.0055625
4.38721e-007	-0.0055625
4.39221e-007	-0.004625
4.39721e-007	-0.004625
4.40221e-007	-0.004625
4.40721e-007	-0.0036875
4.41221e-007	-0.0030625
4.41721e-007	-0.0030625
4.42221e-007	-0.0024375
4.42721e-007	-0.0024375
4.43221e-007	-0.00275
4.43721e-007	-0.0030625
4.44221e-007	-0.0024375
4.44721e-007	-0.0030625
4.45221e-007	-0.0043125
4.45721e-007	-0.003375
4.46221e-007	-0.0043125
4.46721e-007	-0.0043125
4.47221e-007	-0.004625
4.47721e-007	-0.004625
4.48221e-007	-0.00525
4.48721e-007	-0.005875
4.49221e-007	-0.004625
4.49721e-007	-0.004
4.50221e-007	-0.0043125
4.50721e-007	-0.003375
4.51221e-007	-0.003375
4.51721e-007	-0.003375
4.52221e-007	-0.0030625
4.52721e-007	-0.0030625
4.53221e-007	-0.0030625
4.53721e-007	-0.0030625
4.54221e-007	-0.003375
4.54721e-007	-0.0030625
4.55221e-007	-0.003375
4.55721e-007	-0.0036875
4.56221e-007	-0.0036875
4.56721e-007	-0.004
4.57221e-007	-0.0043125
4.57721e-007	-0.004625
4.58221e-007	-0.004
4.58721e-007	-0.004
4.59221e-007	-0.004
4.59721e-007	-0.0036875
4.60221e-007	-0.0036875
4.60721e-007	-0.0036875
4.61221e-007	-0.003375
4.61721e-007	-0.00275
4.62221e-007	-0.002125
4.62721e-007	-0.0024375
4.63221e-007	-0.0043125
4.63721e-007	-0.004
4.64221e-007	-0.0036875
4.64721e-007	-0.0036875
4.65221e-007	-0.0036875
4.65721e-007	-0.004
4.66221e-007	-0.004625
4.66721e-007	-0.004625
4.67221e-007	-0.004625
4.67721e-007	-0.0043125
4.68221e-007	-0.0043125
4.68721e-007	-0.0043125
4.69221e-007	-0.003375
4.69721e-007	-0.0024375
4.70221e-007	-0.003375
4.70721e-007	-0.003375
4.71221e-007	-0.0030625
4.71721e-007	-0.0024375
4.72221e-007	-0.0024375
4.72721e-007	-0.00275
4.73221e-007	-0.0024375
4.73721e-007	-0.0030625
4.74221e-007	-0.0043125
4.74721e-007	-0.004
4.75221e-007	-0.004
4.75721e-007	-0.0043125
4.76221e-007	-0.0043125
4.76721e-007	-0.0036875
4.77221e-007	-0.0036875
4.77721e-007	-0.004
4.78221e-007	-0.0036875
4.78721e-007	-0.003375
4.79221e-007	-0.003375
4.79721e-007	-0.0030625
4.80221e-007	-0.0024375
4.80721e-007	-0.003375
4.81221e-007	-0.003375
4.81721e-007	-0.00275
4.82221e-007	-0.0030625
4.82721e-007	-0.003375
4.83221e-007	-0.003375
4.83721e-007	-0.004
4.84221e-007	-0.0043125
4.84721e-007	-0.004625
4.85221e-007	-0.0049375
4.85721e-007	-0.0036875
4.86221e-007	-0.004
4.86721e-007	-0.004625
4.87221e-007	-0.0036875
4.87721e-007	-0.00275
4.88221e-007	-0.0030625
4.88721e-007	-0.0030625
4.89221e-007	-0.0024375
4.89721e-007	-0.0024375
4.90221e-007	-0.0024375
4.90721e-007	-0.002125
4.91221e-007	-0.002125
4.91721e-007	-0.002125
4.92221e-007	-0.0030625
4.92721e-007	-0.003375
4.93221e-007	-0.0036875
4.93721e-007	-0.0036875
4.94221e-007	-0.003375
4.94721e-007	-0.0043125
4.95221e-007	-0.0043125
4.95721e-007	-0.004
4.96221e-007	-0.0043125
4.96721e-007	-0.0036875
4.97221e-007	-0.004625
4.97721e-007	-0.0036875
4.98221e-007	-0.003375
4.98721e-007	-0.00275
4.99221e-007	-0.0018125
4.99721e-007	-0.003375
5.00221e-007	-0.0024375
5.00721e-007	-0.002125
5.01221e-007	-0.0030625
5.01721e-007	-0.003375
5.02221e-007	-0.003375
5.02721e-007	-0.0024375
5.03221e-007	-0.0030625
5.03721e-007	-0.0036875
5.04221e-007	-0.0036875
5.04721e-007	-0.0036875
5.05221e-007	-0.004
5.05721e-007	-0.0043125
5.06221e-007	-0.0043125
5.06721e-007	-0.004
5.07221e-007	-0.0030625
5.07721e-007	-0.00275
5.08221e-007	-0.0036875
5.08721e-007	-0.0030625
5.09221e-007	-0.00275
5.09721e-007	-0.003375
5.10221e-007	-0.0024375
5.10721e-007	-0.0030625
5.11221e-007	-0.0030625
5.11721e-007	-0.0024375
5.12221e-007	-0.0030625
5.12721e-007	-0.0030625
5.13221e-007	-0.0030625
5.13721e-007	-0.0030625
5.14221e-007	-0.003375
5.14721e-007	-0.0043125
5.15221e-007	-0.0036875
5.15721e-007	-0.0036875
5.16221e-007	-0.0036875
5.16721e-007	-0.0030625
5.17221e-007	-0.0030625
5.17721e-007	-0.0030625
5.18221e-007	-0.003375
5.18721e-007	-0.0036875
5.19221e-007	-0.0036875
5.19721e-007	-0.003375
5.20221e-007	-0.0024375
5.20721e-007	-0.0030625
5.21221e-007	-0.003375
5.21721e-007	-0.0030625
5.22221e-007	-0.0030625
5.22721e-007	-0.0024375
5.23221e-007	-0.0030625
5.23721e-007	-0.003375
5.24221e-007	-0.0024375
5.24721e-007	-0.0030625
5.25221e-007	-0.0030625
5.25721e-007	-0.0030625
5.26221e-007	-0.00275
5.26721e-007	-0.00275
5.27221e-007	-0.0024375
5.27721e-007	-0.0030625
5.28221e-007	-0.003375
5.28721e-007	-0.003375
5.29221e-007	-0.0030625
5.29721e-007	-0.0030625
5.30221e-007	-0.0030625
5.30721e-007	-0.00275
5.31221e-007	-0.0036875
5.31721e-007	-0.0036875
5.32221e-007	-0.0030625
5.32721e-007	-0.00275
5.33221e-007	-0.0030625
5.33721e-007	-0.00275
5.34221e-007	-0.0024375
5.34721e-007	-0.0024375
5.35221e-007	-0.00275
5.35721e-007	-0.0030625
5.36221e-007	-0.0030625
5.36721e-007	-0.00275
5.37221e-007	-0.0030625
5.37721e-007	-0.00275
5.38221e-007	-0.0024375
5.38721e-007	-0.0030625
5.39221e-007	-0.0030625
5.39721e-007	-0.003375
5.40221e-007	-0.0036875
5.40721e-007	-0.003375
5.41221e-007	-0.0030625
5.41721e-007	-0.0036875
5.42221e-007	-0.003375
5.42721e-007	-0.003375
5.43221e-007	-0.003375
5.43721e-007	-0.002125
5.44221e-007	-0.0015
5.44721e-007	-0.00275
5.45221e-007	-0.002125
5.45721e-007	-0.00275
5.46221e-007	-0.0030625
5.46721e-007	-0.00275
5.47221e-007	-0.00275
5.47721e-007	-0.0024375
5.48221e-007	-0.0024375
5.48721e-007	-0.0030625
5.49221e-007	-0.0036875
5.49721e-007	-0.0036875
5.50221e-007	-0.003375
5.50721e-007	-0.0030625
5.51221e-007	-0.003375
5.51721e-007	-0.0036875
5.52221e-007	-0.0036875
5.52721e-007	-0.00275
5.53221e-007	-0.002125
5.53721e-007	-0.002125
5.54221e-007	-0.0018125
5.54721e-007	-0.0024375
5.55221e-007	-0.0024375
5.55721e-007	-0.0024375
5.56221e-007	-0.0024375
5.56721e-007	-0.0024375
5.57221e-007	-0.0024375
5.57721e-007	-0.0024375
5.58221e-007	-0.00275
5.58721e-007	-0.0030625
5.59221e-007	-0.0030625
5.59721e-007	-0.0030625
5.60221e-007	-0.003375
5.60721e-007	-0.003375
5.61221e-007	-0.003375
5.61721e-007	-0.003375
5.62221e-007	-0.00275
5.62721e-007	-0.00275
5.63221e-007	-0.00275
5.63721e-007	-0.00275
5.64221e-007	-0.00275
5.64721e-007	-0.0024375
5.65221e-007	-0.0018125
5.65721e-007	-0.0024375
5.66221e-007	-0.0018125
5.66721e-007	-0.0018125
5.67221e-007	-0.002125
5.67721e-007	-0.002125
5.68221e-007	-0.0030625
5.68721e-007	-0.0030625
5.69221e-007	-0.002125
5.69721e-007	-0.002125
5.70221e-007	-0.0024375
5.70721e-007	-0.003375
5.71221e-007	-0.00275
5.71721e-007	-0.0030625
5.72221e-007	-0.003375
5.72721e-007	-0.0024375
5.73221e-007	-0.00275
5.73721e-007	-0.0030625
5.74221e-007	-0.002125
5.74721e-007	-0.0024375
5.75221e-007	-0.002125
5.75721e-007	-0.0018125
5.76221e-007	-0.002125
5.76721e-007	-0.0024375
5.77221e-007	-0.0018125
5.77721e-007	-0.0018125
5.78221e-007	-0.0018125
5.78721e-007	-0.0024375
5.79221e-007	-0.0024375
5.79721e-007	-0.0024375
5.80221e-007	-0.0030625
5.80721e-007	-0.00275
5.81221e-007	-0.0024375
5.81721e-007	-0.00275
5.82221e-007	-0.0030625
5.82721e-007	-0.00275
5.83221e-007	-0.0024375
5.83721e-007	-0.0024375
5.84221e-007	-0.0024375
5.84721e-007	-0.002125
5.85221e-007	-0.0015
5.85721e-007	-0.002125
5.86221e-007	-0.0024375
5.86721e-007	-0.0024375
5.87221e-007	-0.0024375
5.87721e-007	-0.002125
5.88221e-007	-0.0024375
5.88721e-007	-0.0015
5.89221e-007	-0.0015
5.89721e-007	-0.0024375
5.90221e-007	-0.002125
5.90721e-007	-0.0030625
5.91221e-007	-0.0024375
5.91721e-007	-0.0024375
5.92221e-007	-0.0024375
5.92721e-007	-0.0024375
5.93221e-007	-0.003375
5.93721e-007	-0.0024375
5.94221e-007	-0.002125
5.94721e-007	-0.00275
5.95221e-007	-0.0024375
5.95721e-007	-0.0024375
5.96221e-007	-0.002125
5.96721e-007	-0.002125
5.97221e-007	-0.0018125
5.97721e-007	-0.002125
5.98221e-007	-0.0030625
5.98721e-007	-0.0024375
5.99221e-007	-0.0015
5.99721e-007	-0.002125
6.00221e-007	-0.002125
6.00721e-007	-0.002125
6.01221e-007	-0.002125
6.01721e-007	-0.0024375
6.02221e-007	-0.00275
6.02721e-007	-0.0024375
6.03221e-007	-0.0030625
6.03721e-007	-0.00275
6.04221e-007	-0.0024375
6.04721e-007	-0.0024375
6.05221e-007	-0.0018125
6.05721e-007	-0.0024375
6.06221e-007	-0.00275
6.06721e-007	-0.0024375
6.07221e-007	-0.0018125
6.07721e-007	-0.002125
6.08221e-007	-0.0024375
6.08721e-007	-0.0018125
6.09221e-007	-0.002125
6.09721e-007	-0.0018125
6.10221e-007	-0.0018125
6.10721e-007	-0.0024375
6.11221e-007	-0.002125
6.11721e-007	-0.00275
6.12221e-007	-0.00275
6.12721e-007	-0.002125
6.13221e-007	-0.002125
6.13721e-007	-0.00275
6.14221e-007	-0.0030625
6.14721e-007	-0.002125
6.15221e-007	-0.0011875
6.15721e-007	-0.0015
6.16221e-007	-0.0011875
6.16721e-007	-0.002125
6.17221e-007	-0.002125
6.17721e-007	-0.0011875
6.18221e-007	-0.0011875
6.18721e-007	-0.002125
6.19221e-007	-0.00275
6.19721e-007	-0.002125
6.20221e-007	-0.002125
6.20721e-007	-0.00275
6.21221e-007	-0.00275
6.21721e-007	-0.0030625
6.22221e-007	-0.0030625
6.22721e-007	-0.0024375
6.23221e-007	-0.002125
6.23721e-007	-0.0024375
6.24221e-007	-0.0024375
6.24721e-007	-0.002125
6.25221e-007	-0.0015
6.25721e-007	-0.0011875
6.26221e-007	-0.0011875
6.26721e-007	-0.0015
6.27221e-007	-0.0011875
6.27721e-007	-0.0011875
6.28221e-007	-0.0015
6.28721e-007	-0.0018125
6.29221e-007	-0.00275
6.29721e-007	-0.00275
6.30221e-007	-0.0024375
6.30721e-007	-0.0024375
6.31221e-007	-0.0024375
6.31721e-007	-0.0030625
6.32221e-007	-0.003375
6.32721e-007	-0.0024375
6.33221e-007	-0.0024375
6.33721e-007	-0.0024375
6.34221e-007	-0.00275
6.34721e-007	-0.0018125
6.35221e-007	-0.0011875
6.35721e-007	-0.0015
6.36221e-007	-0.000875
6.36721e-007	-0.000875
6.37221e-007	-0.0015
6.37721e-007	-0.0011875
6.38221e-007	-0.0011875
6.38721e-007	-0.0015
6.39221e-007	-0.0018125
6.39721e-007	-0.002125
6.40221e-007	-0.0018125
6.40721e-007	-0.0030625
6.41221e-007	-0.0030625
6.41721e-007	-0.00275
6.42221e-007	-0.0024375
6.42721e-007	-0.0024375
6.43221e-007	-0.00275
6.43721e-007	-0.0024375
6.44221e-007	-0.0018125
6.44721e-007	-0.0015
6.45221e-007	-0.0011875
6.45721e-007	-0.0018125
6.46221e-007	-0.0005625
6.46721e-007	-0.0005625
6.47221e-007	-0.0011875
6.47721e-007	-0.0015
6.48221e-007	-0.0011875
6.48721e-007	-0.0015
6.49221e-007	-0.00275
6.49721e-007	-0.0024375
6.50221e-007	-0.0018125
6.50721e-007	-0.00275
6.51221e-007	-0.0036875
6.51721e-007	-0.0024375
6.52221e-007	-0.002125
6.52721e-007	-0.0030625
6.53221e-007	-0.0024375
6.53721e-007	-0.0018125
6.54221e-007	-0.0018125
6.54721e-007	-0.002125
6.55221e-007	-0.0018125
6.55721e-007	-0.0011875
6.56221e-007	-0.0018125
6.56721e-007	-0.0018125
6.57221e-007	-0.0018125
6.57721e-007	-0.0018125
6.58221e-007	-0.0018125
6.58721e-007	-0.002125
6.59221e-007	-0.002125
6.59721e-007	-0.002125
6.60221e-007	-0.0030625
6.60721e-007	-0.0030625
6.61221e-007	-0.00275
6.61721e-007	-0.0024375
6.62221e-007	-0.00275
6.62721e-007	-0.00275
6.63221e-007	-0.002125
6.63721e-007	-0.0018125
6.64221e-007	-0.0018125
6.64721e-007	-0.0015
6.65221e-007	-0.0011875
6.65721e-007	-0.0015
6.66221e-007	-0.0011875
6.66721e-007	-0.0018125
6.67221e-007	-0.0011875
6.67721e-007	-0.002125
6.68221e-007	-0.002125
6.68721e-007	-0.0018125
6.69221e-007	-0.002125
6.69721e-007	-0.002125
6.70221e-007	-0.0024375
6.70721e-007	-0.0018125
6.71221e-007	-0.002125
6.71721e-007	-0.0018125
6.72221e-007	-0.0015
6.72721e-007	-0.0024375
6.73221e-007	-0.0024375
6.73721e-007	-0.0018125
6.74221e-007	-0.0011875
6.74721e-007	-0.0015
6.75221e-007	-0.0011875
6.75721e-007	-0.000875
6.76221e-007	-0.0018125
6.76721e-007	-0.00275
6.77221e-007	-0.002125
6.77721e-007	-0.002125
6.78221e-007	-0.002125
6.78721e-007	-0.0024375
6.79221e-007	-0.002125
6.79721e-007	-0.0015
6.80221e-007	-0.002125
6.80721e-007	-0.002125
6.81221e-007	-0.0015
6.81721e-007	-0.0015
6.82221e-007	-0.0011875
6.82721e-007	-0.0015
6.83221e-007	-0.0018125
6.83721e-007	-0.002125
6.84221e-007	-0.0018125
6.84721e-007	-0.0018125
6.85221e-007	-0.00275
6.85721e-007	-0.0024375
6.86221e-007	-0.0018125
6.86721e-007	-0.002125
6.87221e-007	-0.002125
6.87721e-007	-0.00275
6.88221e-007	-0.0024375
6.88721e-007	-0.0024375
6.89221e-007	-0.0015
6.89721e-007	-0.0011875
6.90221e-007	-0.0015
6.90721e-007	-0.0015
6.91221e-007	-0.0011875
6.91721e-007	-0.0011875
6.92221e-007	-0.0011875
6.92721e-007	-0.0018125
6.93221e-007	-0.0018125
6.93721e-007	-0.0018125
6.94221e-007	-0.0018125
6.94721e-007	-0.0015
6.95221e-007	-0.002125
6.95721e-007	-0.0015
6.96221e-007	-0.002125
6.96721e-007	-0.002125
6.97221e-007	-0.0018125
6.97721e-007	-0.002125
6.98221e-007	-0.002125
6.98721e-007	-0.0018125
6.99221e-007	-0.0011875
6.99721e-007	-0.0015
7.00221e-007	-0.0018125
7.00721e-007	-0.0015
7.01221e-007	-0.0011875
7.01721e-007	-0.000875
7.02221e-007	-0.000875
7.02721e-007	-0.002125
7.03221e-007	-0.0018125
7.03721e-007	-0.0018125
7.04221e-007	-0.0018125
7.04721e-007	-0.0018125
7.05221e-007	-0.002125
7.05721e-007	-0.002125
7.06221e-007	-0.002125
7.06721e-007	-0.00275
7.07221e-007	-0.002125
7.07721e-007	-0.0018125
7.08221e-007	-0.0011875
7.08721e-007	-0.0011875
7.09221e-007	-0.000875
7.09721e-007	-0.000875
7.10221e-007	-0.0015
7.10721e-007	-0.0015
7.11221e-007	-0.0015
7.11721e-007	-0.0018125
7.12221e-007	-0.0011875
7.12721e-007	-0.0011875
7.13221e-007	-0.000875
7.13721e-007	-0.0015
7.14221e-007	-0.002125
7.14721e-007	-0.0024375
7.15221e-007	-0.00275
7.15721e-007	-0.0018125
7.16221e-007	-0.0015
7.16721e-007	-0.00275
7.17221e-007	-0.002125
7.17721e-007	-0.002125
7.18221e-007	-0.0011875
7.18721e-007	-0.0011875
7.19221e-007	-0.0005625
7.19721e-007	-0.000875
7.20221e-007	-0.000875
7.20721e-007	-0.0005625
7.21221e-007	-0.0015
7.21721e-007	-0.0011875
7.22221e-007	-0.0011875
7.22721e-007	-0.0024375
7.23221e-007	-0.0018125
7.23721e-007	-0.0024375
7.24221e-007	-0.0030625
7.24721e-007	-0.00275
7.25221e-007	-0.00275
7.25721e-007	-0.002125
7.26221e-007	-0.002125
7.26721e-007	-0.002125
7.27221e-007	-0.0018125
7.27721e-007	-0.0018125
7.28221e-007	-0.000875
7.28721e-007	-0.000875
7.29221e-007	-0.0005625
7.29721e-007	-0.00025
7.30221e-007	-0.000875
7.30721e-007	-0.000875
7.31221e-007	-0.0005625
7.31721e-007	-0.0011875
7.32221e-007	-0.0015
7.32721e-007	-0.0015
7.33221e-007	-0.0018125
7.33721e-007	-0.0024375
7.34221e-007	-0.0024375
7.34721e-007	-0.003375
7.35221e-007	-0.00275
7.35721e-007	-0.002125
7.36221e-007	-0.002125
7.36721e-007	-0.0015
7.37221e-007	-0.0015
7.37721e-007	-0.0018125
7.38221e-007	-0.0005625
7.38721e-007	-0.0005625
7.39221e-007	-0.0011875
7.39721e-007	-0.0011875
7.40221e-007	-0.00025
7.40721e-007	6.25e-005
7.41221e-007	-0.0011875
7.41721e-007	-0.0015
7.42221e-007	-0.0011875
7.42721e-007	-0.0015
7.43221e-007	-0.0024375
7.43721e-007	-0.0024375
7.44221e-007	-0.002125
7.44721e-007	-0.00275
7.45221e-007	-0.0024375
7.45721e-007	-0.0024375
7.46221e-007	-0.0024375
7.46721e-007	-0.0024375
7.47221e-007	-0.0011875
7.47721e-007	-0.0015
7.48221e-007	-0.0011875
7.48721e-007	-0.000875
7.49221e-007	6.25e-005
7.49721e-007	6.25e-005
7.50221e-007	-0.0005625
7.50721e-007	-0.0005625
7.51221e-007	-0.0005625
7.51721e-007	-0.000875
7.52221e-007	-0.0011875
7.52721e-007	-0.0015
7.53221e-007	-0.0024375
7.53721e-007	-0.0024375
7.54221e-007	-0.002125
7.54721e-007	-0.0024375
7.55221e-007	-0.0024375
7.55721e-007	-0.0018125
7.56221e-007	-0.002125
7.56721e-007	-0.0015
7.57221e-007	-0.0005625
7.57721e-007	-0.000875
7.58221e-007	-0.0015
7.58721e-007	-0.000875
7.59221e-007	-0.0005625
7.59721e-007	-0.000875
7.60221e-007	-0.000875
7.60721e-007	-0.0005625
7.61221e-007	-0.000875
7.61721e-007	-0.0018125
7.62221e-007	-0.0018125
7.62721e-007	-0.0015
7.63221e-007	-0.0011875
7.63721e-007	-0.0015
7.64221e-007	-0.0018125
7.64721e-007	-0.002125
7.65221e-007	-0.0011875
7.65721e-007	-0.0011875
7.66221e-007	-0.002125
7.66721e-007	-0.0018125
7.67221e-007	-0.0011875
7.67721e-007	-0.0011875
7.68221e-007	-0.0015
7.68721e-007	-0.0018125
7.69221e-007	-0.000875
7.69721e-007	-0.0015
7.70221e-007	-0.0015
7.70721e-007	-0.0011875
7.71221e-007	-0.0011875
7.71721e-007	-0.0011875
7.72221e-007	-0.0018125
7.72721e-007	-0.0011875
7.73221e-007	-0.0011875
7.73721e-007	-0.0018125
7.74221e-007	-0.0018125
7.74721e-007	-0.0015
7.75221e-007	-0.0015
7.75721e-007	-0.0015
7.76221e-007	-0.000875
7.76721e-007	-0.000875
7.77221e-007	-0.0011875
7.77721e-007	-0.000875
7.78221e-007	-0.000875
7.78721e-007	-0.0015
7.79221e-007	-0.0018125
7.79721e-007	-0.0018125
7.80221e-007	-0.0018125
7.80721e-007	-0.0015
7.81221e-007	-0.0015
7.81721e-007	-0.0015
7.82221e-007	-0.0018125
7.82721e-007	-0.000875
7.83221e-007	-0.0005625
7.83721e-007	-0.0015
7.84221e-007	-0.0018125
7.84721e-007	-0.0011875
7.85221e-007	-0.0005625
7.85721e-007	-0.0011875
7.86221e-007	-0.0015
7.86721e-007	-0.0011875
7.87221e-007	-0.000875
7.87721e-007	-0.0011875
7.88221e-007	-0.0015
7.88721e-007	-0.002125
7.89221e-007	-0.0018125
7.89721e-007	-0.0018125
7.90221e-007	-0.0011875
7.90721e-007	-0.0011875
7.91221e-007	-0.0011875
7.91721e-007	-0.002125
7.92221e-007	-0.0018125
7.92721e-007	-0.0018125
7.93221e-007	-0.000875
7.93721e-007	-0.0005625
7.94221e-007	-0.0005625
7.94721e-007	-0.0011875
7.95221e-007	-0.0011875
7.95721e-007	-0.000875
7.96221e-007	-0.000875
7.96721e-007	-0.000875
7.97221e-007	-0.0005625
7.97721e-007	-0.0015
7.98221e-007	-0.002125
7.98721e-007	-0.0015
7.99221e-007	-0.0018125
7.99721e-007	-0.002125
8.00221e-007	-0.0018125
8.00721e-007	-0.002125
8.01221e-007	-0.0018125
8.01721e-007	-0.0015
8.02221e-007	-0.0011875
8.02721e-007	-0.0005625
8.03221e-007	-0.0005625
8.03721e-007	-0.0011875
8.04221e-007	-0.0011875
8.04721e-007	-0.000875
8.05221e-007	-0.0005625
8.05721e-007	-0.000875
8.06221e-007	-0.000875
8.06721e-007	-0.0011875
8.07221e-007	-0.0018125
8.07721e-007	-0.0015
8.08221e-007	-0.0015
8.08721e-007	-0.002125
8.09221e-007	-0.0024375
8.09721e-007	-0.0018125
8.10221e-007	-0.0015
8.10721e-007	-0.002125
8.11221e-007	-0.0011875
8.11721e-007	-0.0011875
8.12221e-007	-0.000875
8.12721e-007	-0.0011875
8.13221e-007	-0.0011875
8.13721e-007	-0.000875
8.14221e-007	-0.0011875
8.14721e-007	-0.0011875
8.15221e-007	-0.00025
8.15721e-007	-0.0011875
8.16221e-007	-0.000875
8.16721e-007	-0.0011875
8.17221e-007	-0.0018125
8.17721e-007	-0.0024375
8.18221e-007	-0.0018125
8.18721e-007	-0.0015
8.19221e-007	-0.0018125
8.19721e-007	-0.002125
8.20221e-007	-0.0018125
8.20721e-007	-0.000875
8.21221e-007	-0.000875
8.21721e-007	-0.0015
8.22221e-007	-0.0011875
8.22721e-007	-0.0005625
8.23221e-007	-0.0005625
8.23721e-007	-0.000875
8.24221e-007	-0.0015
8.24721e-007	-0.000875
8.25221e-007	-0.000875
8.25721e-007	-0.0011875
8.26221e-007	-0.0011875
8.26721e-007	-0.0011875
8.27221e-007	-0.0011875
8.27721e-007	-0.0018125
8.28221e-007	-0.0018125
8.28721e-007	-0.0015
8.29221e-007	-0.0018125
8.29721e-007	-0.0011875
8.30221e-007	-0.0011875
8.30721e-007	-0.000875
8.31221e-007	-0.000875
8.31721e-007	-0.000875
8.32221e-007	-0.000875
8.32721e-007	-0.00025
8.33221e-007	-0.00025
8.33721e-007	-0.000875
8.34221e-007	-0.0005625
8.34721e-007	-0.0015
8.35221e-007	-0.0018125
8.35721e-007	-0.0018125
8.36221e-007	-0.0011875
8.36721e-007	-0.0015
8.37221e-007	-0.002125
8.37721e-007	-0.0024375
8.38221e-007	-0.0018125
8.38721e-007	-0.0015
8.39221e-007	-0.000875
8.39721e-007	-0.000875
8.40221e-007	-0.0005625
8.40721e-007	-0.000875
8.41221e-007	-0.0011875
8.41721e-007	-0.0005625
8.42221e-007	0.0006875
8.42721e-007	6.25e-005
8.43221e-007	-0.000875
8.43721e-007	-0.000875
8.44221e-007	-0.000875
8.44721e-007	-0.0018125
8.45221e-007	-0.0015
8.45721e-007	-0.0011875
8.46221e-007	-0.0011875
8.46721e-007	-0.0024375
8.47221e-007	-0.0024375
8.47721e-007	-0.0018125
8.48221e-007	-0.0011875
8.48721e-007	-0.0015
8.49221e-007	-0.0011875
8.49721e-007	-0.0011875
8.50221e-007	-0.000875
8.50721e-007	-0.000875
8.51221e-007	-0.00025
8.51721e-007	-0.0005625
8.52221e-007	-0.000875
8.52721e-007	-0.00025
8.53221e-007	-0.00025
8.53721e-007	-0.0005625
8.54221e-007	-0.000875
8.54721e-007	-0.000875
8.55221e-007	-0.0015
8.55721e-007	-0.0018125
8.56221e-007	-0.0011875
8.56721e-007	-0.0024375
8.57221e-007	-0.0018125
8.57721e-007	-0.0018125
8.58221e-007	-0.0015
8.58721e-007	-0.000875
8.59221e-007	-0.000875
8.59721e-007	-0.0011875
8.60221e-007	-0.0011875
8.60721e-007	-0.000875
8.61221e-007	-0.0005625
8.61721e-007	-0.0005625
8.62221e-007	-0.0005625
8.62721e-007	-0.000875
8.63221e-007	-0.000875
8.63721e-007	-0.0011875
8.64221e-007	-0.0011875
8.64721e-007	-0.0018125
8.65221e-007	-0.0011875
8.65721e-007	-0.0015
8.66221e-007	-0.0024375
8.66721e-007	-0.0018125
8.67221e-007	-0.0005625
8.67721e-007	-0.000875
8.68221e-007	-0.0011875
8.68721e-007	-0.0011875
8.69221e-007	-0.0005625
8.69721e-007	-0.0005625
8.70221e-007	-0.0011875
8.70721e-007	-0.000875
8.71221e-007	-0.00025
8.71721e-007	-0.0015
8.72221e-007	-0.0015
8.72721e-007	-0.0015
8.73221e-007	-0.0018125
8.73721e-007	-0.0011875
8.74221e-007	-0.000875
8.74721e-007	-0.000875
8.75221e-007	-0.0011875
8.75721e-007	-0.0015
8.76221e-007	-0.000875
8.76721e-007	-0.0005625
8.77221e-007	-0.0005625
8.77721e-007	-0.000875
8.78221e-007	-0.0005625
8.78721e-007	-0.00025
8.79221e-007	-0.0005625
8.79721e-007	-0.000875
8.80221e-007	-0.0011875
8.80721e-007	-0.000875
8.81221e-007	-0.000875
8.81721e-007	-0.0011875
8.82221e-007	-0.0011875
8.82721e-007	-0.002125
8.83221e-007	-0.0011875
8.83721e-007	-0.000875
8.84221e-007	-0.0011875
8.84721e-007	-0.0011875
8.85221e-007	-0.0018125
8.85721e-007	-0.0011875
8.86221e-007	-0.0005625
8.86721e-007	-0.000875
8.87221e-007	-0.0005625
8.87721e-007	-0.00025
8.88221e-007	6.25e-005
8.88721e-007	6.25e-005
8.89221e-007	-0.00025
8.89721e-007	-0.0005625
8.90221e-007	-0.0011875
8.90721e-007	-0.0015
8.91221e-007	-0.0011875
8.91721e-007	-0.0015
8.92221e-007	-0.0018125
8.92721e-007	-0.002125
8.93221e-007	-0.0015
8.93721e-007	-0.0011875
8.94221e-007	-0.0015
8.94721e-007	-0.0011875
8.95221e-007	6.25e-005
8.95721e-007	-0.0005625
8.96221e-007	-0.000875
8.96721e-007	-0.00025
8.97221e-007	6.25e-005
8.97721e-007	-0.0005625
8.98221e-007	-0.0005625
8.98721e-007	-0.0005625
8.99221e-007	-0.00025
8.99721e-007	-0.0005625
9.00221e-007	-0.0011875
9.00721e-007	-0.0018125
9.01221e-007	-0.002125
9.01721e-007	-0.0011875
9.02221e-007	-0.0018125
9.02721e-007	-0.002125
9.03221e-007	-0.000875
9.03721e-007	-0.0015
9.04221e-007	-0.000875
9.04721e-007	-0.00025
9.05221e-007	-0.0011875
9.05721e-007	-0.0005625
9.06221e-007	6.25e-005
9.06721e-007	-0.000875
9.07221e-007	-0.000875
9.07721e-007	-0.0005625
9.08221e-007	-0.0005625
9.08721e-007	-0.00025
9.09221e-007	-0.000875
9.09721e-007	-0.0015
9.10221e-007	-0.0011875
9.10721e-007	-0.0015
9.11221e-007	-0.0018125
9.11721e-007	-0.0018125
9.12221e-007	-0.0015
9.12721e-007	-0.0011875
9.13221e-007	-0.0011875
9.13721e-007	-0.0011875
9.14221e-007	-0.000875
9.14721e-007	-0.0005625
9.15221e-007	-0.00025
9.15721e-007	-0.0005625
9.16221e-007	-0.00025
9.16721e-007	0.000375
9.17221e-007	-0.0005625
9.17721e-007	-0.0005625
9.18221e-007	-0.0005625
9.18721e-007	-0.0005625
9.19221e-007	-0.0005625
9.19721e-007	-0.000875
9.20221e-007	-0.000875
9.20721e-007	-0.0011875
9.21221e-007	-0.0018125
9.21721e-007	-0.0018125
9.22221e-007	-0.0011875
9.22721e-007	-0.0011875
9.23221e-007	-0.000875
9.23721e-007	-0.000875
9.24221e-007	-0.0005625
9.24721e-007	0.000375
9.25221e-007	-0.00025
9.25721e-007	-0.0005625
9.26221e-007	6.25e-005
9.26721e-007	-0.00025
9.27221e-007	-0.0005625
9.27721e-007	-0.000875
9.28221e-007	-0.000875
9.28721e-007	-0.0011875
9.29221e-007	-0.0018125
9.29721e-007	-0.0015
9.30221e-007	-0.0011875
9.30721e-007	-0.0011875
9.31221e-007	-0.0015
9.31721e-007	-0.0011875
9.32221e-007	-0.000875
9.32721e-007	-0.00025
9.33221e-007	-0.0005625
9.33721e-007	6.25e-005
9.34221e-007	6.25e-005
9.34721e-007	6.25e-005
9.35221e-007	0.000375
9.35721e-007	-0.00025
9.36221e-007	-0.0005625
9.36721e-007	-0.000875
9.37221e-007	-0.000875
9.37721e-007	-0.000875
9.38221e-007	-0.000875
9.38721e-007	-0.0011875
9.39221e-007	-0.002125
9.39721e-007	-0.002125
9.40221e-007	-0.0018125
9.40721e-007	-0.002125
9.41221e-007	-0.0018125
9.41721e-007	-0.0018125
9.42221e-007	-0.0005625
9.42721e-007	-0.00025
9.43221e-007	-0.0005625
9.43721e-007	0.0006875
9.44221e-007	0.001
9.44721e-007	0.000375
9.45221e-007	6.25e-005
9.45721e-007	6.25e-005
9.46221e-007	6.25e-005
9.46721e-007	-0.0005625
9.47221e-007	-0.0011875
9.47721e-007	-0.0018125
9.48221e-007	-0.0015
9.48721e-007	-0.002125
9.49221e-007	-0.002125
9.49721e-007	-0.0018125
9.50221e-007	-0.0024375
9.50721e-007	-0.0018125
9.51221e-007	-0.0011875
9.51721e-007	-0.0005625
9.52221e-007	-0.0005625
9.52721e-007	-0.0005625
9.53221e-007	6.25e-005
9.53721e-007	0.001
9.54221e-007	0.000375
9.54721e-007	0.0006875
9.55221e-007	0.000375
9.55721e-007	6.25e-005
9.56221e-007	6.25e-005
9.56721e-007	-0.000875
9.57221e-007	-0.000875
9.57721e-007	-0.000875
9.58221e-007	-0.0018125
9.58721e-007	-0.002125
9.59221e-007	-0.002125
9.59721e-007	-0.002125
9.60221e-007	-0.0018125
9.60721e-007	-0.0018125
9.61221e-007	-0.0015
9.61721e-007	-0.000875
9.62221e-007	-0.0005625
9.62721e-007	-0.000875
9.63221e-007	6.25e-005
9.63721e-007	0.000375
9.64221e-007	0.000375
9.64721e-007	0.000375
9.65221e-007	6.25e-005
9.65721e-007	0.000375
9.66221e-007	-0.00025
9.66721e-007	-0.000875
9.67221e-007	-0.0011875
9.67721e-007	-0.0011875
9.68221e-007	-0.0018125
9.68721e-007	-0.0024375
9.69221e-007	-0.0024375
9.69721e-007	-0.0024375
9.70221e-007	-0.0018125
9.70721e-007	-0.0015
9.71221e-007	-0.002125
9.71721e-007	-0.0018125
9.72221e-007	-0.000875
9.72721e-007	-0.00025
9.73221e-007	-0.00025
9.73721e-007	0.000375
9.74221e-007	0.0006875
9.74721e-007	6.25e-005
9.75221e-007	-0.0005625
9.75721e-007	6.25e-005
9.76221e-007	0.000375
9.76721e-007	-0.0005625
9.77221e-007	-0.000875
9.77721e-007	-0.000875
9.78221e-007	-0.0015
9.78721e-007	-0.0024375
9.79221e-007	-0.0018125
9.79721e-007	-0.0015
9.80221e-007	-0.0018125
9.80721e-007	-0.0018125
9.81221e-007	-0.0011875
9.81721e-007	-0.000875
9.82221e-007	-0.000875
9.82721e-007	-0.0005625
9.83221e-007	6.25e-005
9.83721e-007	-0.000875
9.84221e-007	-0.0005625
9.84721e-007	0.000375
9.85221e-007	0.000375
9.85721e-007	-0.00025
9.86221e-007	6.25e-005
9.86721e-007	-0.00025
9.87221e-007	-0.0011875
9.87721e-007	-0.0015
9.88221e-007	-0.0011875
9.88721e-007	-0.0011875
9.89221e-007	-0.0011875
9.89721e-007	-0.000875
9.90221e-007	-0.0011875
9.90721e-007	-0.002125
9.91221e-007	-0.0011875
9.91721e-007	-0.0005625
9.92221e-007	-0.0011875
9.92721e-007	-0.0011875
9.93221e-007	6.25e-005
9.93721e-007	-0.0005625
9.94221e-007	-0.000875
9.94721e-007	-0.0005625
9.95221e-007	-0.00025
9.95721e-007	-0.0005625
9.96221e-007	-0.0005625
9.96721e-007	-0.000875
9.97221e-007	-0.000875
9.97721e-007	-0.0005625
9.98221e-007	-0.0005625
9.98721e-007	-0.0015
9.99221e-007	-0.0011875
9.99721e-007	-0.000875
1.000221e-006	-0.0005625
1.000721e-006	-0.0011875
1.001221e-006	-0.0018125
1.001721e-006	-0.0011875
1.002221e-006	-0.0011875
1.002721e-006	-0.0015
1.003221e-006	-0.000875
1.003721e-006	-0.0005625
1.004221e-006	-0.000875
1.004721e-006	-0.0011875
1.005221e-006	-0.000875
1.005721e-006	-0.0005625
1.006221e-006	-0.0005625
1.006721e-006	-0.0011875
1.007221e-006	-0.000875
1.007721e-006	-0.0005625
1.008221e-006	-0.00025
1.008721e-006	-0.00025
1.009221e-006	-0.00025
1.009721e-006	-0.0011875
1.010221e-006	-0.000875
1.010721e-006	-0.000875
1.011221e-006	-0.000875
1.011721e-006	-0.000875
1.012221e-006	-0.0005625
1.012721e-006	-0.0011875
1.013221e-006	-0.0018125
1.013721e-006	-0.0011875
1.014221e-006	-0.0005625
1.014721e-006	-0.000875
1.015221e-006	-0.0005625
1.015721e-006	-0.00025
1.016221e-006	-0.000875
1.016721e-006	-0.00025
1.017221e-006	-0.0005625
1.017721e-006	-0.000875
1.018221e-006	-0.000875
1.018721e-006	-0.00025
1.019221e-006	6.25e-005
1.019721e-006	-0.00025
1.020221e-006	-0.000875
1.020721e-006	-0.0005625
1.021221e-006	-0.0005625
1.021721e-006	-0.0005625
1.022221e-006	-0.0011875
1.022721e-006	-0.000875
1.023221e-006	-0.000875
1.023721e-006	-0.000875
1.024221e-006	-0.000875
1.024721e-006	-0.000875
1.025221e-006	-0.00025
1.025721e-006	-0.00025
1.026221e-006	-0.00025
1.026721e-006	-0.0005625
1.027221e-006	-0.0005625
1.027721e-006	6.25e-005
1.028221e-006	6.25e-005
1.028721e-006	-0.00025
1.029221e-006	6.25e-005
1.029721e-006	-0.0005625
1.030221e-006	-0.0005625
1.030721e-006	-0.0011875
1.031221e-006	-0.000875
1.031721e-006	-0.0011875
1.032221e-006	-0.0011875
1.032721e-006	-0.000875
1.033221e-006	-0.0011875
1.033721e-006	-0.0015
1.034221e-006	-0.0005625
1.034721e-006	-0.0005625
1.035221e-006	-0.000875
1.035721e-006	-0.000875
1.036221e-006	-0.0005625
1.036721e-006	6.25e-005
1.037221e-006	-0.00025
1.037721e-006	-0.0005625
1.038221e-006	-0.00025
1.038721e-006	6.25e-005
1.039221e-006	-0.0005625
1.039721e-006	-0.0015
1.040221e-006	-0.0011875
1.040721e-006	-0.0005625
1.041221e-006	-0.0015
1.041721e-006	-0.002125
1.042221e-006	-0.0011875
1.042721e-006	-0.0011875
1.043221e-006	-0.0015
1.043721e-006	-0.0011875
1.044221e-006	-0.00025
1.044721e-006	-0.0005625
1.045221e-006	-0.0005625
1.045721e-006	-0.00025
1.046221e-006	-0.00025
1.046721e-006	6.25e-005
1.047221e-006	6.25e-005
1.047721e-006	0.0006875
1.048221e-006	6.25e-005
1.048721e-006	-0.0011875
1.049221e-006	-0.0011875
1.049721e-006	-0.0011875
1.050221e-006	-0.0005625
1.050721e-006	-0.0018125
1.051221e-006	-0.000875
1.051721e-006	-0.0015
1.052221e-006	-0.002125
1.052721e-006	-0.0011875
1.053221e-006	-0.000875
1.053721e-006	-0.000875
1.054221e-006	-0.0005625
1.054721e-006	-0.0005625
1.055221e-006	-0.0005625
1.055721e-006	6.25e-005
1.056221e-006	0.0006875
1.056721e-006	6.25e-005
1.057221e-006	0.000375
1.057721e-006	-0.00025
1.058221e-006	-0.0005625
1.058721e-006	-0.0005625
1.059221e-006	-0.0005625
1.059721e-006	-0.000875
1.060221e-006	-0.0015
1.060721e-006	-0.0011875
1.061221e-006	-0.000875
1.061721e-006	-0.0018125
1.062221e-006	-0.0018125
1.062721e-006	-0.0015
1.063221e-006	-0.0011875
1.063721e-006	-0.000875
1.064221e-006	-0.000875
1.064721e-006	6.25e-005
1.065221e-006	-0.00025
1.065721e-006	-0.00025
1.066221e-006	6.25e-005
1.066721e-006	-0.00025
1.067221e-006	0.000375
1.067721e-006	6.25e-005
1.068221e-006	-0.0005625
1.068721e-006	-0.00025
1.069221e-006	-0.0005625
1.069721e-006	-0.0011875
1.070221e-006	-0.0011875
1.070721e-006	-0.0015
1.071221e-006	-0.0011875
1.071721e-006	-0.0015
1.072221e-006	-0.0011875
1.072721e-006	-0.0011875
1.073221e-006	-0.0011875
1.073721e-006	-0.000875
1.074221e-006	-0.00025
1.074721e-006	-0.0005625
1.075221e-006	-0.00025
1.075721e-006	0.0006875
1.076221e-006	0.000375
1.076721e-006	-0.00025
1.077221e-006	6.25e-005
1.077721e-006	-0.0005625
1.078221e-006	-0.00025
1.078721e-006	-0.00025
1.079221e-006	-0.0005625
1.079721e-006	-0.00025
1.080221e-006	-0.0011875
1.080721e-006	-0.0011875
1.081221e-006	-0.0011875
1.081721e-006	-0.00025
1.082221e-006	-0.000875
1.082721e-006	-0.0018125
1.083221e-006	-0.0015
1.083721e-006	-0.000875
1.084221e-006	6.25e-005
1.084721e-006	6.25e-005
1.085221e-006	-0.0005625
1.085721e-006	6.25e-005
1.086221e-006	-0.00025
1.086721e-006	6.25e-005
1.087221e-006	0.000375
1.087721e-006	6.25e-005
1.088221e-006	-0.0005625
1.088721e-006	-0.000875
1.089221e-006	-0.0005625
1.089721e-006	-0.0011875
1.090221e-006	-0.0011875
1.090721e-006	-0.0011875
1.091221e-006	-0.0005625
1.091721e-006	-0.0005625
1.092221e-006	-0.0005625
1.092721e-006	-0.0005625
1.093221e-006	-0.00025
1.093721e-006	-0.000875
1.094221e-006	-0.0005625
1.094721e-006	-0.0011875
1.095221e-006	-0.000875
1.095721e-006	6.25e-005
1.096221e-006	0.000375
1.096721e-006	-0.00025
1.097221e-006	-0.0005625
1.097721e-006	-0.0005625
1.098221e-006	6.25e-005
1.098721e-006	-0.000875
1.099221e-006	-0.0011875
1.099721e-006	-0.0011875
1.100221e-006	-0.0005625
1.100721e-006	-0.0005625
1.101221e-006	-0.0011875
1.101721e-006	-0.000875
1.102221e-006	-0.0005625
1.102721e-006	-0.0005625
1.103221e-006	-0.0005625
1.103721e-006	-0.000875
1.104221e-006	-0.000875
1.104721e-006	-0.000875
1.105221e-006	-0.0015
1.105721e-006	-0.000875
1.106221e-006	-0.0005625
1.106721e-006	-0.00025
1.107221e-006	-0.0005625
1.107721e-006	-0.0005625
1.108221e-006	-0.00025
1.108721e-006	-0.0005625
1.109221e-006	-0.0005625
1.109721e-006	-0.00025
1.110221e-006	-0.000875
1.110721e-006	-0.0005625
1.111221e-006	-0.00025
1.111721e-006	-0.00025
1.112221e-006	-0.00025
1.112721e-006	-0.00025
1.113221e-006	-0.0005625
1.113721e-006	-0.0005625
1.114221e-006	-0.0005625
1.114721e-006	-0.0018125
1.115221e-006	-0.000875
1.115721e-006	-0.0005625
1.116221e-006	-0.0005625
1.116721e-006	-0.0011875
1.117221e-006	-0.000875
1.117721e-006	-0.0005625
1.118221e-006	-0.00025
1.118721e-006	-0.00025
1.119221e-006	0.0006875
1.119721e-006	6.25e-005
1.120221e-006	-0.000875
1.120721e-006	6.25e-005
1.121221e-006	0.001
1.121721e-006	6.25e-005
1.122221e-006	-0.0005625
1.122721e-006	-0.00025
1.123221e-006	-0.00025
1.123721e-006	-0.000875
1.124221e-006	-0.000875
1.124721e-006	-0.0011875
1.125221e-006	-0.000875
1.125721e-006	-0.000875
1.126221e-006	-0.0015
1.126721e-006	-0.0011875
1.127221e-006	-0.0011875
1.127721e-006	-0.0011875
1.128221e-006	-0.0005625
1.128721e-006	6.25e-005
1.129221e-006	0.000375
1.129721e-006	6.25e-005
1.130221e-006	6.25e-005
1.130721e-006	-0.0005625
1.131221e-006	-0.0005625
1.131721e-006	-0.00025
1.132221e-006	6.25e-005
1.132721e-006	6.25e-005
1.133221e-006	-0.0005625
1.133721e-006	-0.000875
1.134221e-006	6.25e-005
1.134721e-006	-0.0015
1.135221e-006	-0.000875
1.135721e-006	-0.000875
1.136221e-006	-0.0005625
1.136721e-006	-0.0011875
1.137221e-006	-0.0015
1.137721e-006	-0.000875
1.138221e-006	-0.0005625
1.138721e-006	-0.000875
1.139221e-006	6.25e-005
1.139721e-006	6.25e-005
1.140221e-006	-0.00025
1.140721e-006	6.25e-005
1.141221e-006	6.25e-005
1.141721e-006	6.25e-005
1.142221e-006	-0.0005625
1.142721e-006	-0.00025
1.143221e-006	-0.00025
1.143721e-006	-0.00025
1.144221e-006	-0.000875
1.144721e-006	-0.0011875
1.145221e-006	-0.0005625
1.145721e-006	-0.0011875
1.146221e-006	-0.002125
1.146721e-006	-0.0018125
1.147221e-006	-0.000875
1.147721e-006	-0.0005625
1.148221e-006	-0.0005625
1.148721e-006	6.25e-005
1.149221e-006	-0.0005625
1.149721e-006	-0.0005625
1.150221e-006	6.25e-005
1.150721e-006	6.25e-005
1.151221e-006	0.0006875
1.151721e-006	0.000375
1.152221e-006	-0.00025
1.152721e-006	6.25e-005
1.153221e-006	-0.00025
1.153721e-006	-0.0005625
1.154221e-006	-0.0011875
1.154721e-006	-0.0005625
1.155221e-006	-0.0005625
1.155721e-006	-0.0015
1.156221e-006	-0.0011875
1.156721e-006	-0.0011875
1.157221e-006	-0.0011875
1.157721e-006	-0.0005625
1.158221e-006	-0.0005625
1.158721e-006	6.25e-005
1.159221e-006	-0.00025
1.159721e-006	6.25e-005
1.160221e-006	0.000375
1.160721e-006	6.25e-005
1.161221e-006	0.0006875
1.161721e-006	0.0006875
1.162221e-006	0.000375
1.162721e-006	6.25e-005
1.163221e-006	-0.0005625
1.163721e-006	-0.0005625
1.164221e-006	-0.000875
1.164721e-006	-0.000875
1.165221e-006	-0.0005625
1.165721e-006	-0.0011875
1.166221e-006	-0.0005625
1.166721e-006	-0.000875
1.167221e-006	-0.0011875
1.167721e-006	-0.000875
1.168221e-006	-0.0005625
1.168721e-006	-0.00025
1.169221e-006	-0.0005625
1.169721e-006	6.25e-005
1.170221e-006	0.0013125
1.170721e-006	0.0006875
1.171221e-006	0.000375
1.171721e-006	0.001
1.172221e-006	0.000375
1.172721e-006	-0.00025
1.173221e-006	-0.000875
1.173721e-006	-0.0011875
1.174221e-006	-0.0011875
1.174721e-006	-0.0011875
1.175221e-006	-0.000875
1.175721e-006	-0.0011875
1.176221e-006	-0.000875
1.176721e-006	-0.0005625
1.177221e-006	-0.00025
1.177721e-006	-0.0005625
1.178221e-006	6.25e-005
1.178721e-006	0.000375
1.179221e-006	0.0006875
1.179721e-006	0.0006875
1.180221e-006	0.0006875
1.180721e-006	6.25e-005
1.181221e-006	6.25e-005
1.181721e-006	0.000375
1.182221e-006	0.0006875
1.182721e-006	0.000375
1.183221e-006	6.25e-005
1.183721e-006	-0.0005625
1.184221e-006	-0.000875
1.184721e-006	-0.000875
1.185221e-006	-0.0005625
1.185721e-006	-0.000875
1.186221e-006	-0.0011875
1.186721e-006	-0.000875
1.187221e-006	-0.000875
1.187721e-006	-0.00025
1.188221e-006	-0.00025
1.188721e-006	6.25e-005
1.189221e-006	0.000375
1.189721e-006	6.25e-005
1.190221e-006	6.25e-005
1.190721e-006	6.25e-005
1.191221e-006	0.000375
1.191721e-006	0.000375
1.192221e-006	-0.0005625
1.192721e-006	-0.00025
1.193221e-006	-0.0005625
1.193721e-006	-0.000875
1.194221e-006	-0.000875
1.194721e-006	-0.0015
1.195221e-006	-0.000875
1.195721e-006	-0.0005625
1.196221e-006	-0.0005625
1.196721e-006	-0.000875
1.197221e-006	-0.0015
1.197721e-006	-0.000875
1.198221e-006	0.000375
1.198721e-006	0.001625
1.199221e-006	0.0006875
1.199721e-006	-0.000875
1.200221e-006	0.0006875
1.200721e-006	6.25e-005
1.201221e-006	6.25e-005
1.201721e-006	-0.0005625
1.202221e-006	-0.0011875
1.202721e-006	-0.000875
1.203221e-006	-0.0011875
1.203721e-006	-0.000875
1.204221e-006	-0.0005625
1.204721e-006	-0.000875
1.205221e-006	-0.0011875
1.205721e-006	-0.0011875
1.206221e-006	-0.0005625
1.206721e-006	6.25e-005
1.207221e-006	-0.0005625
1.207721e-006	0.000375
1.208221e-006	0.0006875
1.208721e-006	0.000375
1.209221e-006	-0.00025
1.209721e-006	6.25e-005
1.210221e-006	0.001
1.210721e-006	0.001
1.211221e-006	-0.00025
1.211721e-006	6.25e-005
1.212221e-006	-0.0005625
1.212721e-006	-0.0005625
1.213221e-006	-0.000875
1.213721e-006	-0.0011875
1.214221e-006	-0.0011875
1.214721e-006	-0.0018125
1.215221e-006	-0.0015
1.215721e-006	-0.0005625
1.216221e-006	-0.00025
1.216721e-006	-0.00025
1.217221e-006	-0.0005625
1.217721e-006	0.000375
1.218221e-006	0.0006875
1.218721e-006	0.000375
1.219221e-006	0.0013125
1.219721e-006	0.000375
1.220221e-006	0.000375
1.220721e-006	6.25e-005
1.221221e-006	6.25e-005
1.221721e-006	6.25e-005
1.222221e-006	-0.000875
1.222721e-006	-0.0011875
1.223221e-006	-0.0011875
1.223721e-006	-0.0018125
1.224221e-006	-0.0015
1.224721e-006	-0.0015
1.225221e-006	-0.0018125
1.225721e-006	-0.0011875
1.226221e-006	-0.000875
1.226721e-006	-0.000875
1.227221e-006	-0.00025
1.227721e-006	6.25e-005
1.228221e-006	0.000375
1.228721e-006	0.001625
1.229221e-006	0.000375
1.229721e-006	0.000375
1.230221e-006	0.0006875
1.230721e-006	0.0006875
1.231221e-006	-0.00025
1.231721e-006	-0.00025
1.232221e-006	-0.0005625
1.232721e-006	-0.0015
1.233221e-006	-0.002125
1.233721e-006	-0.0018125
1.234221e-006	-0.0018125
1.234721e-006	-0.002125
1.235221e-006	-0.0024375
1.235721e-006	-0.0011875
1.236221e-006	-0.0005625
1.236721e-006	-0.0005625
1.237221e-006	6.25e-005
1.237721e-006	0.000375
1.238221e-006	0.001625
1.238721e-006	0.001625
1.239221e-006	0.0006875
1.239721e-006	0.0006875
1.240221e-006	0.001
1.240721e-006	0.0006875
1.241221e-006	0.000375
1.241721e-006	6.25e-005
1.242221e-006	-0.0005625
1.242721e-006	-0.0015
1.243221e-006	-0.0011875
1.243721e-006	-0.002125
1.244221e-006	-0.0018125
1.244721e-006	-0.002125
1.245221e-006	-0.002125
1.245721e-006	-0.0011875
1.246221e-006	-0.0011875
1.246721e-006	-0.0005625
1.247221e-006	-0.00025
1.247721e-006	0.001
1.248221e-006	0.001
1.248721e-006	0.000375
1.249221e-006	0.0019375
1.249721e-006	0.0019375
1.250221e-006	0.0013125
1.250721e-006	0.001625
1.251221e-006	0.000375
1.251721e-006	6.25e-005
1.252221e-006	-0.000875
1.252721e-006	-0.0011875
1.253221e-006	-0.0011875
1.253721e-006	-0.002125
1.254221e-006	-0.002125
1.254721e-006	-0.0024375
1.255221e-006	-0.0024375
1.255721e-006	-0.0018125
1.256221e-006	-0.0015
1.256721e-006	-0.000875
1.257221e-006	-0.000875
1.257721e-006	0.0006875
1.258221e-006	0.0013125
1.258721e-006	0.0013125
1.259221e-006	0.0013125
1.259721e-006	0.0013125
1.260221e-006	0.001625
1.260721e-006	0.0013125
1.261221e-006	0.000375
1.261721e-006	6.25e-005
1.262221e-006	-0.0005625
1.262721e-006	-0.0011875
1.263221e-006	-0.0018125
1.263721e-006	-0.002125
1.264221e-006	-0.0011875
1.264721e-006	-0.0011875
1.265221e-006	-0.0018125
1.265721e-006	-0.002125
1.266221e-006	-0.0011875
1.266721e-006	-0.00025
1.267221e-006	-0.00025
1.267721e-006	-0.00025
1.268221e-006	6.25e-005
1.268721e-006	0.0006875
1.269221e-006	0.001625
1.269721e-006	0.0013125
1.270221e-006	0.0013125
1.270721e-006	0.0013125
1.271221e-006	6.25e-005
1.271721e-006	-0.00025
1.272221e-006	-0.00025
1.272721e-006	-0.0005625
1.273221e-006	-0.000875
1.273721e-006	-0.0011875
1.274221e-006	-0.0015
1.274721e-006	-0.0015
1.275221e-006	-0.0018125
1.275721e-006	-0.0011875
1.276221e-006	-0.0011875
1.276721e-006	-0.000875
1.277221e-006	-0.00025
1.277721e-006	-0.0005625
1.278221e-006	0.000375
1.278721e-006	0.000375
1.279221e-006	-0.0005625
1.279721e-006	6.25e-005
1.280221e-006	0.000375
1.280721e-006	6.25e-005
1.281221e-006	6.25e-005
1.281721e-006	-0.00025
1.282221e-006	-0.0005625
1.282721e-006	-0.0005625
1.283221e-006	-0.00025
1.283721e-006	-0.000875
1.284221e-006	-0.0015
1.284721e-006	-0.0015
1.285221e-006	-0.000875
1.285721e-006	-0.000875
1.286221e-006	-0.000875
1.286721e-006	-0.0015
1.287221e-006	-0.0005625
1.287721e-006	-0.00025
1.288221e-006	6.25e-005
1.288721e-006	6.25e-005
1.289221e-006	6.25e-005
1.289721e-006	-0.00025
1.290221e-006	6.25e-005
1.290721e-006	6.25e-005
1.291221e-006	6.25e-005
1.291721e-006	-0.000875
1.292221e-006	-0.0005625
1.292721e-006	6.25e-005
1.293221e-006	-0.00025
1.293721e-006	-0.00025
1.294221e-006	-0.000875
1.294721e-006	-0.000875
1.295221e-006	-0.00025
1.295721e-006	6.25e-005
1.296221e-006	-0.0005625
1.296721e-006	-0.0005625
1.297221e-006	-0.0005625
1.297721e-006	-0.000875
1.298221e-006	-0.0005625
1.298721e-006	-0.000875
1.299221e-006	-0.0005625
1.299721e-006	-0.0005625
1.300221e-006	-0.0005625
1.300721e-006	-0.0005625
1.301221e-006	6.25e-005
1.301721e-006	-0.00025
1.302221e-006	-0.00025
1.302721e-006	0.000375
1.303221e-006	6.25e-005
1.303721e-006	-0.00025
1.304221e-006	6.25e-005
1.304721e-006	6.25e-005
1.305221e-006	6.25e-005
1.305721e-006	-0.00025
1.306221e-006	6.25e-005
1.306721e-006	-0.00025
1.307221e-006	-0.00025
1.307721e-006	-0.000875
1.308221e-006	-0.0005625
1.308721e-006	-0.0005625
1.309221e-006	-0.00025
1.309721e-006	-0.0005625
1.310221e-006	-0.0011875
1.310721e-006	-0.000875
1.311221e-006	-0.00025
1.311721e-006	-0.0005625
1.312221e-006	-0.0005625
1.312721e-006	-0.00025
1.313221e-006	6.25e-005
1.313721e-006	0.000375
1.314221e-006	6.25e-005
1.314721e-006	-0.00025
1.315221e-006	-0.00025
1.315721e-006	6.25e-005
1.316221e-006	-0.0005625
1.316721e-006	-0.0005625
1.317221e-006	-0.000875
1.317721e-006	-0.00025
1.318221e-006	-0.0005625
1.318721e-006	-0.0011875
1.319221e-006	-0.000875
1.319721e-006	-0.0005625
1.320221e-006	-0.0005625
1.320721e-006	-0.00025
1.321221e-006	-0.00025
1.321721e-006	-0.00025
1.322221e-006	6.25e-005
1.322721e-006	-0.00025
1.323221e-006	-0.00025
1.323721e-006	6.25e-005
1.324221e-006	6.25e-005
1.324721e-006	-0.00025
1.325221e-006	-0.0005625
1.325721e-006	-0.00025
1.326221e-006	6.25e-005
1.326721e-006	-0.0005625
1.327221e-006	-0.0005625
1.327721e-006	6.25e-005
1.328221e-006	-0.0005625
1.328721e-006	-0.0011875
1.329221e-006	-0.000875
1.329721e-006	-0.0005625
1.330221e-006	-0.000875
1.330721e-006	-0.000875
1.331221e-006	-0.0005625
1.331721e-006	6.25e-005
1.332221e-006	0.000375
1.332721e-006	0.000375
1.333221e-006	0.000375
1.333721e-006	6.25e-005
1.334221e-006	6.25e-005
1.334721e-006	-0.00025
1.335221e-006	-0.0005625
1.335721e-006	-0.000875
1.336221e-006	-0.000875
1.336721e-006	-0.000875
1.337221e-006	-0.0005625
1.337721e-006	-0.0005625
1.338221e-006	-0.0005625
1.338721e-006	-0.0005625
1.339221e-006	-0.0005625
1.339721e-006	-0.0005625
1.340221e-006	6.25e-005
1.340721e-006	6.25e-005
1.341221e-006	-0.00025
1.341721e-006	6.25e-005
1.342221e-006	0.000375
1.342721e-006	-0.00025
1.343221e-006	6.25e-005
1.343721e-006	6.25e-005
1.344221e-006	-0.0005625
1.344721e-006	-0.00025
1.345221e-006	0.000375
1.345721e-006	6.25e-005
1.346221e-006	-0.0015
1.346721e-006	-0.0015
1.347221e-006	-0.000875
1.347721e-006	-0.0015
1.348221e-006	-0.000875
1.348721e-006	-0.000875
1.349221e-006	6.25e-005
1.349721e-006	-0.0005625
1.350221e-006	-0.00025
1.350721e-006	0.0006875
1.351221e-006	0.0006875
1.351721e-006	0.0013125
1.352221e-006	0.000375
1.352721e-006	6.25e-005
1.353221e-006	6.25e-005
1.353721e-006	6.25e-005
1.354221e-006	6.25e-005
1.354721e-006	-0.00025
1.355221e-006	-0.00025
1.355721e-006	-0.000875
1.356221e-006	-0.0015
1.356721e-006	-0.0011875
1.357221e-006	-0.0011875
1.357721e-006	-0.0011875
1.358221e-006	-0.0011875
1.358721e-006	-0.0005625
1.359221e-006	-0.0005625
1.359721e-006	-0.0005625
1.360221e-006	-0.00025
1.360721e-006	0.0006875
1.361221e-006	0.0006875
1.361721e-006	0.0006875
1.362221e-006	0.0006875
1.362721e-006	6.25e-005
1.363221e-006	6.25e-005
1.363721e-006	6.25e-005
1.364221e-006	6.25e-005
1.364721e-006	6.25e-005
1.365221e-006	-0.0005625
1.365721e-006	-0.0011875
1.366221e-006	-0.0011875
1.366721e-006	-0.0015
1.367221e-006	-0.0011875
1.367721e-006	-0.0015
1.368221e-006	-0.0005625
1.368721e-006	-0.0005625
1.369221e-006	-0.00025
1.369721e-006	6.25e-005
1.370221e-006	6.25e-005
1.370721e-006	-0.00025
1.371221e-006	6.25e-005
1.371721e-006	0.0006875
1.372221e-006	0.001
1.372721e-006	0.000375
1.373221e-006	6.25e-005
1.373721e-006	0.000375
1.374221e-006	-0.00025
1.374721e-006	-0.0005625
1.375221e-006	-0.0005625
1.375721e-006	-0.0005625
1.376221e-006	-0.000875
1.376721e-006	-0.0011875
1.377221e-006	-0.0011875
1.377721e-006	-0.0015
1.378221e-006	-0.0015
1.378721e-006	-0.000875
1.379221e-006	6.25e-005
1.379721e-006	0.000375
1.380221e-006	6.25e-005
1.380721e-006	6.25e-005
1.381221e-006	6.25e-005
1.381721e-006	6.25e-005
1.382221e-006	6.25e-005
1.382721e-006	0.000375
1.383221e-006	6.25e-005
1.383721e-006	-0.0005625
1.384221e-006	-0.00025
1.384721e-006	6.25e-005
1.385221e-006	-0.00025
1.385721e-006	-0.000875
1.386221e-006	-0.000875
1.386721e-006	-0.0011875
1.387221e-006	-0.0011875
1.387721e-006	-0.0011875
1.388221e-006	-0.0005625
1.388721e-006	-0.000875
1.389221e-006	-0.000875
1.389721e-006	-0.0005625
1.390221e-006	6.25e-005
1.390721e-006	0.000375
1.391221e-006	-0.0005625
1.391721e-006	-0.0005625
1.392221e-006	0.000375
1.392721e-006	-0.0005625
1.393221e-006	-0.00025
1.393721e-006	6.25e-005
1.394221e-006	0.001
1.394721e-006	0.000375
1.395221e-006	-0.0005625
1.395721e-006	-0.0005625
1.396221e-006	-0.0005625
1.396721e-006	-0.000875
1.397221e-006	-0.000875
1.397721e-006	-0.000875
1.398221e-006	-0.00025
1.398721e-006	-0.00025
1.399221e-006	-0.000875
1.399721e-006	-0.0005625
1.400221e-006	6.25e-005
1.400721e-006	6.25e-005
1.401221e-006	-0.0005625
1.401721e-006	-0.0005625
1.402221e-006	6.25e-005
1.402721e-006	0.0006875
1.403221e-006	6.25e-005
1.403721e-006	-0.0005625
1.404221e-006	-0.0005625
1.404721e-006	-0.00025
1.405221e-006	6.25e-005
1.405721e-006	6.25e-005
1.406221e-006	6.25e-005
1.406721e-006	6.25e-005
1.407221e-006	-0.0005625
1.407721e-006	-0.0005625
1.408221e-006	6.25e-005
1.408721e-006	-0.0005625
1.409221e-006	6.25e-005
1.409721e-006	-0.0005625
1.410221e-006	-0.0005625
1.410721e-006	-0.0005625
1.411221e-006	-0.0005625
1.411721e-006	-0.00025
1.412221e-006	6.25e-005
1.412721e-006	-0.00025
1.413221e-006	-0.0005625
1.413721e-006	-0.0011875
1.414221e-006	-0.00025
1.414721e-006	0.000375
1.415221e-006	6.25e-005
1.415721e-006	6.25e-005
1.416221e-006	6.25e-005
1.416721e-006	0.000375
1.417221e-006	6.25e-005
1.417721e-006	0.000375
1.418221e-006	0.000375
1.418721e-006	-0.00025
1.419221e-006	-0.0005625
1.419721e-006	-0.0011875
1.420221e-006	-0.0011875
1.420721e-006	-0.0005625
1.421221e-006	-0.000875
1.421721e-006	-0.0005625
1.422221e-006	-0.00025
1.422721e-006	-0.0005625
1.423221e-006	-0.000875
1.423721e-006	-0.0011875
1.424221e-006	-0.0005625
1.424721e-006	-0.000875
1.425221e-006	-0.00025
1.425721e-006	0.000375
1.426221e-006	6.25e-005
1.426721e-006	0.000375
1.427221e-006	0.0006875
1.427721e-006	-0.00025
1.428221e-006	-0.0005625
1.428721e-006	-0.0005625
1.429221e-006	-0.00025
1.429721e-006	-0.00025
1.430221e-006	6.25e-005
1.430721e-006	6.25e-005
1.431221e-006	-0.00025
1.431721e-006	-0.000875
1.432221e-006	-0.000875
1.432721e-006	-0.000875
1.433221e-006	-0.0005625
1.433721e-006	-0.0005625
1.434221e-006	6.25e-005
1.434721e-006	-0.0005625
1.435221e-006	6.25e-005
1.435721e-006	-0.0005625
1.436221e-006	-0.0005625
1.436721e-006	0.001
1.437221e-006	0.0006875
1.437721e-006	6.25e-005
1.438221e-006	-0.00025
1.438721e-006	-0.00025
1.439221e-006	-0.0005625
1.439721e-006	-0.00025
1.440221e-006	6.25e-005
1.440721e-006	-0.0005625
1.441221e-006	-0.0011875
1.441721e-006	-0.0005625
1.442221e-006	-0.0005625
1.442721e-006	-0.0005625
1.443221e-006	-0.0005625
1.443721e-006	-0.0005625
1.444221e-006	-0.00025
1.444721e-006	-0.0005625
1.445221e-006	-0.0005625
1.445721e-006	-0.00025
1.446221e-006	-0.000875
1.446721e-006	-0.000875
1.447221e-006	-0.00025
1.447721e-006	6.25e-005
1.448221e-006	0.000375
1.448721e-006	-0.00025
1.449221e-006	-0.000875
1.449721e-006	-0.000875
1.450221e-006	-0.00025
1.450721e-006	6.25e-005
1.451221e-006	6.25e-005
1.451721e-006	-0.00025
1.452221e-006	-0.00025
1.452721e-006	-0.000875
1.453221e-006	-0.000875
1.453721e-006	-0.0005625
1.454221e-006	6.25e-005
1.454721e-006	-0.00025
1.455221e-006	6.25e-005
1.455721e-006	-0.000875
1.456221e-006	-0.000875
1.456721e-006	-0.000875
1.457221e-006	-0.0005625
1.457721e-006	6.25e-005
1.458221e-006	-0.00025
1.458721e-006	6.25e-005
1.459221e-006	0.0006875
1.459721e-006	-0.0005625
1.460221e-006	-0.000875
1.460721e-006	-0.0005625
1.461221e-006	-0.000875
1.461721e-006	-0.0005625
1.462221e-006	-0.00025
1.462721e-006	0.0006875
1.463221e-006	6.25e-005
1.463721e-006	-0.0005625
1.464221e-006	-0.000875
1.464721e-006	-0.0011875
1.465221e-006	-0.000875
1.465721e-006	-0.000875
1.466221e-006	-0.0005625
1.466721e-006	-0.0005625
1.467221e-006	-0.0011875
1.467721e-006	-0.0005625
1.468221e-006	6.25e-005
1.468721e-006	6.25e-005
1.469221e-006	-0.0005625
1.469721e-006	-0.0005625
1.470221e-006	6.25e-005
1.470721e-006	6.25e-005
1.471221e-006	-0.0005625
1.471721e-006	-0.000875
1.472221e-006	6.25e-005
1.472721e-006	6.25e-005
1.473221e-006	-0.00025
1.473721e-006	6.25e-005
1.474221e-006	-0.00025
1.474721e-006	-0.0011875
1.475221e-006	-0.000875
1.475721e-006	6.25e-005
1.476221e-006	0.000375
1.476721e-006	-0.000875
1.477221e-006	-0.000875
1.477721e-006	-0.00025
1.478221e-006	6.25e-005
1.478721e-006	6.25e-005
1.479221e-006	-0.00025
1.479721e-006	6.25e-005
1.480221e-006	0.000375
1.480721e-006	6.25e-005
1.481221e-006	-0.00025
1.481721e-006	0.000375
1.482221e-006	0.000375
1.482721e-006	-0.00025
1.483221e-006	-0.0005625
1.483721e-006	-0.0005625
1.484221e-006	-0.0005625
1.484721e-006	6.25e-005
1.485221e-006	-0.00025
1.485721e-006	-0.00025
1.486221e-006	-0.0005625
1.486721e-006	-0.0005625
1.487221e-006	-0.00025
1.487721e-006	-0.0011875
1.488221e-006	-0.0005625
1.488721e-006	6.25e-005
1.489221e-006	6.25e-005
1.489721e-006	0.000375
1.490221e-006	6.25e-005
1.490721e-006	0.000375
1.491221e-006	0.000375
1.491721e-006	6.25e-005
1.492221e-006	0.0006875
1.492721e-006	6.25e-005
1.493221e-006	-0.00025
1.493721e-006	-0.0005625
1.494221e-006	-0.00025
1.494721e-006	-0.000875
1.495221e-006	-0.000875
1.495721e-006	-0.0005625
1.496221e-006	-0.0005625
1.496721e-006	-0.0005625
1.497221e-006	-0.0005625
1.497721e-006	-0.0005625
1.498221e-006	0.000375
1.498721e-006	-0.0005625
1.499221e-006	6.25e-005
1.499721e-006	0.001
1.500221e-006	6.25e-005
1.500721e-006	0.000375
1.501221e-006	0.000375
1.501721e-006	6.25e-005
1.502221e-006	6.25e-005
1.502721e-006	-0.00025
1.503221e-006	6.25e-005
1.503721e-006	-0.0005625
1.504221e-006	-0.0005625
1.504721e-006	-0.00025
1.505221e-006	-0.0015
1.505721e-006	-0.0011875
1.506221e-006	-0.0005625
1.506721e-006	-0.000875
1.507221e-006	-0.0005625
1.507721e-006	-0.0005625
1.508221e-006	-0.0005625
1.508721e-006	-0.0005625
1.509221e-006	-0.00025
1.509721e-006	0.001
1.510221e-006	0.000375
1.510721e-006	0.0006875
1.511221e-006	0.0006875
1.511721e-006	0.0006875
1.512221e-006	0.000375
1.512721e-006	-0.0005625
1.513221e-006	-0.00025
1.513721e-006	-0.000875
1.514221e-006	-0.0005625
1.514721e-006	6.25e-005
1.515221e-006	-0.000875
1.515721e-006	-0.0011875
1.516221e-006	-0.000875
1.516721e-006	-0.000875
1.517221e-006	-0.0005625
1.517721e-006	-0.0011875
1.518221e-006	-0.0005625
1.518721e-006	6.25e-005
1.519221e-006	-0.0005625
1.519721e-006	6.25e-005
1.520221e-006	6.25e-005
1.520721e-006	0.000375
1.521221e-006	0.0006875
1.521721e-006	0.0006875
1.522221e-006	0.000375
1.522721e-006	6.25e-005
1.523221e-006	0.000375
1.523721e-006	-0.00025
1.524221e-006	-0.000875
1.524721e-006	-0.0011875
1.525221e-006	-0.0015
1.525721e-006	-0.000875
1.526221e-006	-0.000875
1.526721e-006	-0.0015
1.527221e-006	-0.000875
1.527721e-006	-0.0011875
1.528221e-006	-0.00025
1.528721e-006	-0.0005625
1.529221e-006	-0.0005625
1.529721e-006	0.000375
1.530221e-006	6.25e-005
1.530721e-006	0.000375
1.531221e-006	0.0006875
1.531721e-006	6.25e-005
1.532221e-006	0.001
1.532721e-006	0.000375
1.533221e-006	0.000375
1.533721e-006	6.25e-005
1.534221e-006	-0.0011875
1.534721e-006	-0.0005625
1.535221e-006	-0.00025
1.535721e-006	-0.00025
1.536221e-006	-0.000875
1.536721e-006	-0.0018125
1.537221e-006	-0.000875
1.537721e-006	-0.0005625
1.538221e-006	6.25e-005
1.538721e-006	-0.0005625
1.539221e-006	-0.000875
1.539721e-006	-0.0005625
1.540221e-006	-0.000875
1.540721e-006	0.000375
1.541221e-006	0.0006875
1.541721e-006	0.000375
1.542221e-006	0.000375
1.542721e-006	-0.00025
1.543221e-006	0.000375
1.543721e-006	0.000375
1.544221e-006	6.25e-005
1.544721e-006	6.25e-005
1.545221e-006	-0.000875
1.545721e-006	-0.000875
1.546221e-006	-0.000875
1.546721e-006	-0.000875
1.547221e-006	-0.00025
1.547721e-006	-0.0005625
1.548221e-006	-0.0005625
1.548721e-006	-0.0011875
1.549221e-006	-0.0005625
1.549721e-006	6.25e-005
1.550221e-006	-0.00025
1.550721e-006	6.25e-005
1.551221e-006	6.25e-005
1.551721e-006	-0.00025
1.552221e-006	0.000375
1.552721e-006	6.25e-005
1.553221e-006	0.0006875
1.553721e-006	0.000375
1.554221e-006	-0.00025
1.554721e-006	6.25e-005
1.555221e-006	-0.00025
1.555721e-006	-0.00025
1.556221e-006	-0.0005625
1.556721e-006	-0.0005625
1.557221e-006	-0.0005625
1.557721e-006	-0.000875
1.558221e-006	-0.00025
1.558721e-006	-0.0005625
1.559221e-006	-0.000875
1.559721e-006	-0.0005625
1.560221e-006	6.25e-005
1.560721e-006	0.000375
1.561221e-006	-0.0005625
1.561721e-006	-0.00025
1.562221e-006	0.0006875
1.562721e-006	0.000375
1.563221e-006	0.000375
1.563721e-006	0.000375
1.564221e-006	6.25e-005
1.564721e-006	0.000375
1.565221e-006	6.25e-005
1.565721e-006	0.000375
1.566221e-006	-0.0005625
1.566721e-006	-0.00025
1.567221e-006	-0.00025
1.567721e-006	-0.0005625
1.568221e-006	-0.0005625
1.568721e-006	-0.0005625
1.569221e-006	-0.0005625
1.569721e-006	-0.00025
1.570221e-006	-0.00025
1.570721e-006	-0.0011875
1.571221e-006	-0.0005625
1.571721e-006	0.000375
1.572221e-006	0.000375
1.572721e-006	-0.00025
1.573221e-006	6.25e-005
1.573721e-006	6.25e-005
1.574221e-006	-0.00025
1.574721e-006	-0.0005625
1.575221e-006	-0.0005625
1.575721e-006	-0.00025
1.576221e-006	6.25e-005
1.576721e-006	6.25e-005
1.577221e-006	-0.0005625
1.577721e-006	-0.0005625
1.578221e-006	-0.00025
1.578721e-006	-0.00025
1.579221e-006	-0.000875
1.579721e-006	-0.0005625
1.580221e-006	6.25e-005
1.580721e-006	-0.0005625
1.581221e-006	-0.0005625
1.581721e-006	-0.0005625
1.582221e-006	-0.0005625
1.582721e-006	-0.0005625
1.583221e-006	-0.00025
1.583721e-006	-0.0005625
1.584221e-006	-0.00025
1.584721e-006	0.000375
1.585221e-006	0.000375
1.585721e-006	6.25e-005
1.586221e-006	6.25e-005
1.586721e-006	6.25e-005
1.587221e-006	6.25e-005
1.587721e-006	6.25e-005
1.588221e-006	6.25e-005
1.588721e-006	-0.00025
1.589221e-006	-0.0005625
1.589721e-006	-0.00025
1.590221e-006	-0.00025
1.590721e-006	6.25e-005
1.591221e-006	-0.00025
1.591721e-006	-0.000875
1.592221e-006	0.000375
1.592721e-006	-0.0005625
1.593221e-006	-0.0005625
1.593721e-006	-0.00025
1.594221e-006	0.000375
1.594721e-006	6.25e-005
1.595221e-006	-0.00025
1.595721e-006	-0.0005625
1.596221e-006	-0.0005625
1.596721e-006	-0.00025
1.597221e-006	-0.00025
1.597721e-006	-0.0005625
1.598221e-006	-0.00025
1.598721e-006	0.000375
1.599221e-006	0.0006875
1.599721e-006	6.25e-005
1.600221e-006	-0.0005625
1.600721e-006	-0.00025
1.601221e-006	-0.00025
1.601721e-006	-0.00025
1.602221e-006	-0.00025
1.602721e-006	-0.0005625
1.603221e-006	-0.0005625
1.603721e-006	-0.0005625
1.604221e-006	6.25e-005
1.604721e-006	6.25e-005
1.605221e-006	-0.0005625
1.605721e-006	6.25e-005
1.606221e-006	-0.00025
1.606721e-006	-0.00025
1.607221e-006	6.25e-005
1.607721e-006	6.25e-005
1.608221e-006	0.000375
1.608721e-006	0.000375
1.609221e-006	6.25e-005
1.609721e-006	6.25e-005
1.610221e-006	0.000375
1.610721e-006	6.25e-005
1.611221e-006	-0.0005625
1.611721e-006	-0.00025
1.612221e-006	6.25e-005
1.612721e-006	-0.0005625
1.613221e-006	-0.0005625
1.613721e-006	-0.000875
1.614221e-006	-0.000875
1.614721e-006	-0.0005625
1.615221e-006	-0.0005625
1.615721e-006	6.25e-005
1.616221e-006	0.000375
1.616721e-006	0.000375
1.617221e-006	6.25e-005
1.617721e-006	-0.00025
1.618221e-006	6.25e-005
1.618721e-006	0.000375
1.619221e-006	0.0006875
1.619721e-006	6.25e-005
1.620221e-006	6.25e-005
1.620721e-006	0.000375
1.621221e-006	-0.00025
1.621721e-006	-0.000875
1.622221e-006	-0.0011875
1.622721e-006	-0.00025
1.623221e-006	-0.00025
1.623721e-006	-0.000875
1.624221e-006	-0.0011875
1.624721e-006	-0.0005625
1.625221e-006	-0.0005625
1.625721e-006	-0.00025
1.626221e-006	0.0006875
1.626721e-006	0.001
1.627221e-006	-0.00025
1.627721e-006	-0.0005625
1.628221e-006	6.25e-005
1.628721e-006	0.0006875
1.629221e-006	0.000375
1.629721e-006	-0.0005625
1.630221e-006	-0.00025
1.630721e-006	6.25e-005
1.631221e-006	6.25e-005
1.631721e-006	-0.000875
1.632221e-006	-0.00025
1.632721e-006	-0.00025
1.633221e-006	-0.0005625
1.633721e-006	-0.0005625
1.634221e-006	-0.0005625
1.634721e-006	-0.000875
1.635221e-006	0.000375
1.635721e-006	-0.00025
1.636221e-006	-0.0005625
1.636721e-006	6.25e-005
1.637221e-006	0.000375
1.637721e-006	0.001
1.638221e-006	0.0006875
1.638721e-006	0.0006875
1.639221e-006	0.000375
1.639721e-006	-0.000875
1.640221e-006	-0.0005625
1.640721e-006	6.25e-005
1.641221e-006	-0.0005625
1.641721e-006	-0.000875
1.642221e-006	-0.0011875
1.642721e-006	-0.000875
1.643221e-006	-0.0005625
1.643721e-006	-0.00025
1.644221e-006	-0.0005625
1.644721e-006	-0.00025
1.645221e-006	-0.00025
1.645721e-006	6.25e-005
1.646221e-006	6.25e-005
1.646721e-006	0.0006875
1.647221e-006	0.0006875
1.647721e-006	0.0006875
1.648221e-006	0.000375
1.648721e-006	0.000375
1.649221e-006	0.000375
1.649721e-006	-0.000875
1.650221e-006	-0.00025
1.650721e-006	6.25e-005
1.651221e-006	-0.0005625
1.651721e-006	-0.0011875
1.652221e-006	-0.000875
1.652721e-006	-0.000875
1.653221e-006	-0.0015
1.653721e-006	-0.000875
1.654221e-006	-0.0005625
1.654721e-006	-0.000875
1.655221e-006	6.25e-005
1.655721e-006	0.000375
1.656221e-006	0.000375
1.656721e-006	0.001
1.657221e-006	0.000375
1.657721e-006	0.0006875
1.658221e-006	0.0006875
1.658721e-006	0.000375
1.659221e-006	6.25e-005
1.659721e-006	-0.0005625
1.660221e-006	-0.0005625
1.660721e-006	-0.000875
1.661221e-006	-0.0005625
1.661721e-006	-0.0005625
1.662221e-006	-0.0011875
1.662721e-006	-0.0011875
1.663221e-006	-0.0015
1.663721e-006	-0.0005625
1.664221e-006	6.25e-005
1.664721e-006	6.25e-005
1.665221e-006	0.000375
1.665721e-006	0.000375
1.666221e-006	0.0006875
1.666721e-006	0.001
1.667221e-006	0.001
1.667721e-006	0.001625
1.668221e-006	0.000375
1.668721e-006	0.000375
1.669221e-006	0.000375
1.669721e-006	-0.00025
1.670221e-006	-0.00025
1.670721e-006	-0.000875
1.671221e-006	-0.000875
1.671721e-006	-0.0011875
1.672221e-006	-0.000875
1.672721e-006	-0.0005625
1.673221e-006	-0.0011875
1.673721e-006	-0.0005625
1.674221e-006	6.25e-005
1.674721e-006	6.25e-005
1.675221e-006	0.000375
1.675721e-006	-0.000875
1.676221e-006	0.000375
1.676721e-006	0.0006875
1.677221e-006	0.000375
1.677721e-006	0.0006875
1.678221e-006	0.000375
1.678721e-006	0.0006875
1.679221e-006	0.000375
1.679721e-006	6.25e-005
1.680221e-006	6.25e-005
1.680721e-006	-0.00025
1.681221e-006	-0.00025
1.681721e-006	-0.000875
1.682221e-006	-0.0011875
1.682721e-006	-0.000875
1.683221e-006	-0.0011875
1.683721e-006	6.25e-005
1.684221e-006	6.25e-005
1.684721e-006	-0.00025
1.685221e-006	-0.00025
1.685721e-006	0.000375
1.686221e-006	6.25e-005
1.686721e-006	-0.00025
1.687221e-006	0.0006875
1.687721e-006	0.0006875
1.688221e-006	6.25e-005
1.688721e-006	6.25e-005
1.689221e-006	0.000375
1.689721e-006	6.25e-005
1.690221e-006	-0.00025
1.690721e-006	-0.000875
1.691221e-006	-0.0005625
1.691721e-006	-0.0005625
1.692221e-006	-0.000875
1.692721e-006	-0.0005625
1.693221e-006	-0.00025
1.693721e-006	-0.00025
1.694221e-006	-0.00025
1.694721e-006	0.000375
1.695221e-006	0.000375
1.695721e-006	6.25e-005
1.696221e-006	0.0006875
1.696721e-006	0.000375
1.697221e-006	6.25e-005
1.697721e-006	6.25e-005
1.698221e-006	-0.00025
1.698721e-006	-0.00025
1.699221e-006	6.25e-005
1.699721e-006	-0.000875
1.700221e-006	-0.0011875
1.700721e-006	-0.0011875
1.701221e-006	-0.00025
1.701721e-006	-0.00025
1.702221e-006	0.000375
1.702721e-006	6.25e-005
1.703221e-006	-0.00025
1.703721e-006	-0.00025
1.704221e-006	6.25e-005
1.704721e-006	0.000375
1.705221e-006	0.000375
1.705721e-006	6.25e-005
1.706221e-006	0.0013125
1.706721e-006	0.000375
1.707221e-006	6.25e-005
1.707721e-006	-0.00025
1.708221e-006	-0.000875
1.708721e-006	-0.0011875
1.709221e-006	-0.000875
1.709721e-006	-0.0005625
1.710221e-006	-0.000875
1.710721e-006	-0.0005625
1.711221e-006	-0.000875
1.711721e-006	-0.00025
1.712221e-006	0.000375
1.712721e-006	0.000375
1.713221e-006	0.000375
1.713721e-006	0.0006875
1.714221e-006	0.000375
1.714721e-006	0.000375
1.715221e-006	0.001
1.715721e-006	0.001625
1.716221e-006	0.001
1.716721e-006	6.25e-005
1.717221e-006	6.25e-005
1.717721e-006	-0.00025
1.718221e-006	-0.0005625
1.718721e-006	-0.0015
1.719221e-006	-0.000875
1.719721e-006	-0.000875
1.720221e-006	-0.00025
1.720721e-006	-0.000875
1.721221e-006	-0.0011875
1.721721e-006	-0.000875
1.722221e-006	6.25e-005
1.722721e-006	0.0006875
1.723221e-006	0.0006875
1.723721e-006	0.0006875
1.724221e-006	0.0006875
1.724721e-006	0.000375
1.725221e-006	6.25e-005
1.725721e-006	0.0013125
1.726221e-006	0.0013125
1.726721e-006	0.000375
1.727221e-006	6.25e-005
1.727721e-006	-0.00025
1.728221e-006	-0.0005625
1.728721e-006	-0.0005625
1.729221e-006	-0.0011875
1.729721e-006	-0.000875
1.730221e-006	-0.0011875
1.730721e-006	6.25e-005
1.731221e-006	6.25e-005
1.731721e-006	-0.000875
1.732221e-006	-0.0005625
1.732721e-006	0.001
1.733221e-006	0.000375
1.733721e-006	0.0006875
1.734221e-006	0.0013125
1.734721e-006	0.0006875
1.735221e-006	0.000375
1.735721e-006	0.000375
1.736221e-006	0.0006875
1.736721e-006	6.25e-005
1.737221e-006	6.25e-005
1.737721e-006	-0.00025
1.738221e-006	-0.000875
1.738721e-006	-0.000875
1.739221e-006	-0.000875
1.739721e-006	-0.0015
1.740221e-006	-0.0005625
1.740721e-006	-0.0011875
1.741221e-006	-0.0015
1.741721e-006	-0.000875
1.742221e-006	6.25e-005
1.742721e-006	6.25e-005
1.743221e-006	0.000375
1.743721e-006	0.0006875
1.744221e-006	6.25e-005
1.744721e-006	0.000375
1.745221e-006	0.001
1.745721e-006	0.0006875
1.746221e-006	0.000375
1.746721e-006	6.25e-005
1.747221e-006	0.000375
1.747721e-006	6.25e-005
1.748221e-006	-0.0005625
1.748721e-006	-0.0005625
1.749221e-006	-0.0011875
1.749721e-006	-0.0011875
1.750221e-006	-0.000875
1.750721e-006	-0.0005625
1.751221e-006	-0.000875
1.751721e-006	-0.000875
1.752221e-006	-0.0005625
1.752721e-006	6.25e-005
1.753221e-006	6.25e-005
1.753721e-006	6.25e-005
1.754221e-006	0.000375
1.754721e-006	0.0006875
1.755221e-006	0.000375
1.755721e-006	0.000375
1.756221e-006	0.000375
1.756721e-006	0.000375
1.757221e-006	0.0006875
1.757721e-006	6.25e-005
1.758221e-006	-0.000875
1.758721e-006	-0.000875
1.759221e-006	-0.000875
1.759721e-006	-0.00025
1.760221e-006	-0.0011875
1.760721e-006	-0.0015
1.761221e-006	-0.0005625
1.761721e-006	-0.0005625
1.762221e-006	-0.0005625
1.762721e-006	-0.0005625
1.763221e-006	-0.0005625
1.763721e-006	-0.00025
1.764221e-006	0.000375
1.764721e-006	0.0006875
1.765221e-006	0.0006875
1.765721e-006	0.001
1.766221e-006	0.000375
1.766721e-006	-0.00025
1.767221e-006	0.000375
1.767721e-006	6.25e-005
1.768221e-006	0.000375
1.768721e-006	-0.00025
1.769221e-006	-0.000875
1.769721e-006	-0.00025
1.770221e-006	-0.000875
1.770721e-006	-0.000875
1.771221e-006	-0.00025
1.771721e-006	-0.0005625
1.772221e-006	-0.000875
1.772721e-006	-0.0005625
1.773221e-006	-0.0005625
1.773721e-006	-0.0005625
1.774221e-006	6.25e-005
1.774721e-006	0.0006875
1.775221e-006	0.0006875
1.775721e-006	0.000375
1.776221e-006	0.000375
1.776721e-006	6.25e-005
1.777221e-006	6.25e-005
1.777721e-006	0.000375
1.778221e-006	-0.0005625
1.778721e-006	-0.000875
1.779221e-006	6.25e-005
1.779721e-006	-0.00025
1.780221e-006	-0.0005625
1.780721e-006	-0.0011875
1.781221e-006	-0.0011875
1.781721e-006	-0.0011875
1.782221e-006	-0.000875
1.782721e-006	6.25e-005
1.783221e-006	0.0006875
1.783721e-006	-0.00025
1.784221e-006	6.25e-005
1.784721e-006	0.0006875
1.785221e-006	0.0006875
1.785721e-006	0.000375
1.786221e-006	0.0006875
1.786721e-006	0.0006875
1.787221e-006	-0.00025
1.787721e-006	-0.0011875
1.788221e-006	-0.00025
