LECROYWS454	16215	Waveform
Segments	1	SegmentSize	4002
Segment	TrigTime	TimeSinceSegment1
#1	02-May-2024 19:33:29	0                 
Time	Ampl
-2.12164e-007	0.0013125
-2.11664e-007	0.0013125
-2.11164e-007	0.0013125
-2.10664e-007	0.000375
-2.10164e-007	6.25e-005
-2.09664e-007	-0.0011875
-2.09164e-007	-0.000875
-2.08664e-007	-0.0005625
-2.08164e-007	-0.0011875
-2.07664e-007	-0.0011875
-2.07164e-007	-0.0015
-2.06664e-007	-0.0018125
-2.06164e-007	-0.0011875
-2.05664e-007	-0.0005625
-2.05164e-007	0.0006875
-2.04664e-007	0.000375
-2.04164e-007	0.001
-2.03664e-007	0.001
-2.03164e-007	0.0013125
-2.02664e-007	0.0025625
-2.02164e-007	0.0013125
-2.01664e-007	0.0013125
-2.01164e-007	0.001
-2.00664e-007	6.25e-005
-2.00164e-007	-0.000875
-1.99664e-007	-0.0018125
-1.99164e-007	-0.000875
-1.98664e-007	-0.0011875
-1.98164e-007	-0.0030625
-1.97664e-007	-0.0018125
-1.97164e-007	-0.0018125
-1.96664e-007	-0.0011875
-1.96164e-007	-0.0005625
-1.95664e-007	6.25e-005
-1.95164e-007	0.0006875
-1.94664e-007	0.0006875
-1.94164e-007	0.001
-1.93664e-007	0.00225
-1.93164e-007	0.0025625
-1.92664e-007	0.0019375
-1.92164e-007	0.0006875
-1.91664e-007	0.001625
-1.91164e-007	0.0006875
-1.90664e-007	-0.00025
-1.90164e-007	-0.000875
-1.89664e-007	-0.0018125
-1.89164e-007	-0.0024375
-1.88664e-007	-0.002125
-1.88164e-007	-0.002125
-1.87664e-007	-0.002125
-1.87164e-007	-0.0018125
-1.86664e-007	-0.0005625
-1.86164e-007	0.000375
-1.85664e-007	0.000375
-1.85164e-007	0.0013125
-1.84664e-007	0.0013125
-1.84164e-007	0.0019375
-1.83664e-007	0.00225
-1.83164e-007	0.0025625
-1.82664e-007	0.001625
-1.82164e-007	0.0006875
-1.81664e-007	0.0006875
-1.81164e-007	0.0006875
-1.80664e-007	-0.0005625
-1.80164e-007	-0.000875
-1.79664e-007	-0.0018125
-1.79164e-007	-0.002125
-1.78664e-007	-0.0024375
-1.78164e-007	-0.0024375
-1.77664e-007	-0.0018125
-1.77164e-007	-0.0018125
-1.76664e-007	-0.000875
-1.76164e-007	6.25e-005
-1.75664e-007	0.001
-1.75164e-007	0.0019375
-1.74664e-007	0.0019375
-1.74164e-007	0.0019375
-1.73664e-007	0.0019375
-1.73164e-007	0.001
-1.72664e-007	0.001625
-1.72164e-007	0.0013125
-1.71664e-007	0.001
-1.71164e-007	0.000375
-1.70664e-007	-0.0005625
-1.70164e-007	-0.002125
-1.69664e-007	-0.002125
-1.69164e-007	-0.002125
-1.68664e-007	-0.002125
-1.68164e-007	-0.0018125
-1.67664e-007	-0.0005625
-1.67164e-007	-0.000875
-1.66664e-007	-0.0005625
-1.66164e-007	6.25e-005
-1.65664e-007	0.0013125
-1.65164e-007	0.0019375
-1.64664e-007	0.001625
-1.64164e-007	0.001625
-1.63664e-007	0.001
-1.63164e-007	0.0013125
-1.62664e-007	0.001
-1.62164e-007	0.0006875
-1.61664e-007	-0.00025
-1.61164e-007	-0.0005625
-1.60664e-007	-0.0005625
-1.60164e-007	-0.0011875
-1.59664e-007	-0.002125
-1.59164e-007	-0.0015
-1.58664e-007	-0.002125
-1.58164e-007	-0.0011875
-1.57664e-007	-0.0011875
-1.57164e-007	-0.000875
-1.56664e-007	0.000375
-1.56164e-007	0.0006875
-1.55664e-007	0.001625
-1.55164e-007	0.001625
-1.54664e-007	0.001625
-1.54164e-007	0.00225
-1.53664e-007	0.0019375
-1.53164e-007	0.001
-1.52664e-007	0.0006875
-1.52164e-007	6.25e-005
-1.51664e-007	0.000375
-1.51164e-007	-0.0011875
-1.50664e-007	-0.0011875
-1.50164e-007	-0.0015
-1.49664e-007	-0.0015
-1.49164e-007	-0.0011875
-1.48664e-007	-0.0005625
-1.48164e-007	-0.000875
-1.47664e-007	-0.000875
-1.47164e-007	-0.00025
-1.46664e-007	0.001
-1.46164e-007	0.0006875
-1.45664e-007	0.0013125
-1.45164e-007	0.001
-1.44664e-007	0.0013125
-1.44164e-007	0.001
-1.43664e-007	-0.00025
-1.43164e-007	6.25e-005
-1.42664e-007	-0.0005625
-1.42164e-007	-0.000875
-1.41664e-007	-0.000875
-1.41164e-007	-0.000875
-1.40664e-007	-0.00025
-1.40164e-007	-0.000875
-1.39664e-007	-0.0015
-1.39164e-007	-0.00025
-1.38664e-007	-0.000875
-1.38164e-007	6.25e-005
-1.37664e-007	6.25e-005
-1.37164e-007	-0.00025
-1.36664e-007	0.000375
-1.36164e-007	0.001
-1.35664e-007	0.001
-1.35164e-007	6.25e-005
-1.34664e-007	0.000375
-1.34164e-007	6.25e-005
-1.33664e-007	-0.00025
-1.33164e-007	-0.000875
-1.32664e-007	-0.0015
-1.32164e-007	-0.0018125
-1.31664e-007	-0.0011875
-1.31164e-007	-0.0011875
-1.30664e-007	-0.00025
-1.30164e-007	-0.0005625
-1.29664e-007	-0.000875
-1.29164e-007	-0.000875
-1.28664e-007	0.000375
-1.28164e-007	0.001
-1.27664e-007	0.0006875
-1.27164e-007	0.001
-1.26664e-007	0.0013125
-1.26164e-007	0.0013125
-1.25664e-007	0.001
-1.25164e-007	6.25e-005
-1.24664e-007	6.25e-005
-1.24164e-007	0.000375
-1.23664e-007	-0.0005625
-1.23164e-007	-0.000875
-1.22664e-007	-0.0018125
-1.22164e-007	-0.002125
-1.21664e-007	-0.0024375
-1.21164e-007	-0.0015
-1.20664e-007	-0.0018125
-1.20164e-007	-0.0015
-1.19664e-007	-0.000875
-1.19164e-007	-0.0005625
-1.18664e-007	-0.00025
-1.18164e-007	0.000375
-1.17664e-007	0.000375
-1.17164e-007	0.0006875
-1.16664e-007	6.25e-005
-1.16164e-007	0.000375
-1.15664e-007	6.25e-005
-1.15164e-007	0.000375
-1.14664e-007	6.25e-005
-1.14164e-007	-0.0011875
-1.13664e-007	-0.0011875
-1.13164e-007	-0.0011875
-1.12664e-007	-0.0018125
-1.12164e-007	-0.0018125
-1.11664e-007	-0.0018125
-1.11164e-007	-0.0015
-1.10664e-007	-0.000875
-1.10164e-007	-0.0005625
-1.09664e-007	6.25e-005
-1.09164e-007	0.000375
-1.08664e-007	-0.0005625
-1.08164e-007	-0.000875
-1.07664e-007	-0.00025
-1.07164e-007	6.25e-005
-1.06664e-007	0.000375
-1.06164e-007	0.0006875
-1.05664e-007	6.25e-005
-1.05164e-007	-0.00025
-1.04664e-007	-0.00025
-1.04164e-007	-0.0005625
-1.03664e-007	-0.00025
-1.03164e-007	-0.0005625
-1.02664e-007	-0.0005625
-1.02164e-007	-0.0011875
-1.01664e-007	-0.0011875
-1.01164e-007	-0.0005625
-1.00664e-007	-0.0005625
-1.00164e-007	-0.0005625
-9.9664e-008	-0.0011875
-9.9164e-008	-0.000875
-9.8664e-008	0.000375
-9.8164e-008	0.000375
-9.7664e-008	6.25e-005
-9.7164e-008	-0.00025
-9.6664e-008	-0.00025
-9.6164e-008	-0.00025
-9.5664e-008	-0.000875
-9.5164e-008	-0.00025
-9.4664e-008	-0.000875
-9.4164e-008	-0.0005625
-9.3664e-008	6.25e-005
-9.3164e-008	-0.0005625
-9.2664e-008	-0.0005625
-9.2164e-008	6.25e-005
-9.1664e-008	6.25e-005
-9.1164e-008	0.000375
-9.0664e-008	-0.00025
-9.0164e-008	-0.0005625
-8.9664e-008	6.25e-005
-8.9164e-008	-0.00025
-8.8664e-008	-0.000875
-8.8164e-008	-0.0011875
-8.7664e-008	-0.000875
-8.7164e-008	-0.000875
-8.6664e-008	-0.0011875
-8.6164e-008	-0.000875
-8.5664e-008	-0.0011875
-8.5164e-008	-0.000875
-8.4664e-008	-0.0005625
-8.4164e-008	-0.00025
-8.3664e-008	0.000375
-8.3164e-008	6.25e-005
-8.2664e-008	0.0006875
-8.2164e-008	0.0006875
-8.1664e-008	0.0006875
-8.1164e-008	0.001
-8.0664e-008	0.000375
-8.0164e-008	0.000375
-7.9664e-008	6.25e-005
-7.9164e-008	-0.0005625
-7.8664e-008	-0.0005625
-7.8164e-008	-0.000875
-7.7664e-008	-0.0005625
-7.7164e-008	-0.0011875
-7.6664e-008	-0.002125
-7.6164e-008	-0.0015
-7.5664e-008	-0.0011875
-7.5164e-008	-0.0005625
-7.4664e-008	-0.0011875
-7.4164e-008	-0.000875
-7.3664e-008	0.000375
-7.3164e-008	0.000375
-7.2664e-008	0.0006875
-7.2164e-008	0.0006875
-7.1664e-008	0.0013125
-7.1164e-008	0.0013125
-7.0664e-008	6.25e-005
-7.0164e-008	-0.00025
-6.9664e-008	-0.0005625
-6.9164e-008	-0.0005625
-6.8664e-008	-0.000875
-6.8164e-008	-0.0005625
-6.7664e-008	-0.0011875
-6.7164e-008	-0.0015
-6.6664e-008	-0.0018125
-6.6164e-008	-0.0018125
-6.5664e-008	-0.002125
-6.5164e-008	-0.0015
-6.4664e-008	-0.002125
-6.4164e-008	-0.002125
-6.3664e-008	-0.0024375
-6.3164e-008	-0.0030625
-6.2664e-008	-0.0024375
-6.2164e-008	-0.0030625
-6.1664e-008	-0.004
-6.1164e-008	-0.0049375
-6.0664e-008	-0.00525
-6.0164e-008	-0.0055625
-5.9664e-008	-0.0061875
-5.9164e-008	-0.0068125
-5.8664e-008	-0.0068125
-5.8164e-008	-0.00775
-5.7664e-008	-0.008375
-5.7164e-008	-0.008375
-5.6664e-008	-0.0086875
-5.6164e-008	-0.009
-5.5664e-008	-0.0093125
-5.5164e-008	-0.0093125
-5.4664e-008	-0.0086875
-5.4164e-008	-0.0074375
-5.3664e-008	-0.0080625
-5.3164e-008	-0.008375
-5.2664e-008	-0.0080625
-5.2164e-008	-0.0080625
-5.1664e-008	-0.0080625
-5.1164e-008	-0.0086875
-5.0664e-008	-0.009625
-5.0164e-008	-0.009
-4.9664e-008	-0.009
-4.9164e-008	-0.0093125
-4.8664e-008	-0.0105625
-4.8164e-008	-0.0099375
-4.7664e-008	-0.0099375
-4.7164e-008	-0.0099375
-4.6664e-008	-0.009625
-4.6164e-008	-0.009625
-4.5664e-008	-0.008375
-4.5164e-008	-0.0086875
-4.4664e-008	-0.0086875
-4.4164e-008	-0.0074375
-4.3664e-008	-0.0080625
-4.3164e-008	-0.00775
-4.2664e-008	-0.00775
-4.2164e-008	-0.0080625
-4.1664e-008	-0.0080625
-4.1164e-008	-0.009
-4.0664e-008	-0.008375
-4.0164e-008	-0.008375
-3.9664e-008	-0.0099375
-3.9164e-008	-0.0099375
-3.8664e-008	-0.0099375
-3.8164e-008	-0.009625
-3.7664e-008	-0.0099375
-3.7164e-008	-0.0105625
-3.6664e-008	-0.0093125
-3.6164e-008	-0.0086875
-3.5664e-008	-0.0086875
-3.5164e-008	-0.009
-3.4664e-008	-0.009625
-3.4164e-008	-0.0086875
-3.3664e-008	-0.0093125
-3.3164e-008	-0.0093125
-3.2664e-008	-0.0093125
-3.2164e-008	-0.0099375
-3.1664e-008	-0.0093125
-3.1164e-008	-0.01025
-3.0664e-008	-0.0099375
-3.0164e-008	-0.0105625
-2.9664e-008	-0.0115
-2.9164e-008	-0.0118125
-2.8664e-008	-0.012125
-2.8164e-008	-0.0115
-2.7664e-008	-0.0111875
-2.7164e-008	-0.0105625
-2.6664e-008	-0.01025
-2.6164e-008	-0.0099375
-2.5664e-008	-0.0093125
-2.5164e-008	-0.0093125
-2.4664e-008	-0.009
-2.4164e-008	-0.009
-2.3664e-008	-0.01025
-2.3164e-008	-0.01025
-2.2664e-008	-0.0105625
-2.2164e-008	-0.0105625
-2.1664e-008	-0.0105625
-2.1164e-008	-0.010875
-2.0664e-008	-0.0105625
-2.0164e-008	-0.0111875
-1.9664e-008	-0.0115
-1.9164e-008	-0.0111875
-1.8664e-008	-0.0111875
-1.8164e-008	-0.0099375
-1.7664e-008	-0.009625
-1.7164e-008	-0.0099375
-1.6664e-008	-0.0093125
-1.6164e-008	-0.0093125
-1.5664e-008	-0.009
-1.5164e-008	-0.008375
-1.4664e-008	-0.0080625
-1.4164e-008	-0.0086875
-1.3664e-008	-0.009625
-1.3164e-008	-0.0093125
-1.2664e-008	-0.009625
-1.2164e-008	-0.0099375
-1.1664e-008	-0.0105625
-1.1164e-008	-0.0118125
-1.0664e-008	-0.012125
-1.0164e-008	-0.0118125
-9.664e-009	-0.0115
-9.164e-009	-0.010875
-8.664e-009	-0.0115
-8.164e-009	-0.0111875
-7.664e-009	-0.010875
-7.164e-009	-0.0093125
-6.664e-009	-0.009
-6.164e-009	-0.008375
-5.664e-009	-0.008375
-5.164e-009	-0.0086875
-4.664e-009	-0.0086875
-4.164e-009	-0.0086875
-3.664e-009	-0.0093125
-3.164e-009	-0.0093125
-2.664e-009	-0.01025
-2.164e-009	-0.0099375
-1.664e-009	-0.0105625
-1.164e-009	-0.0115
-6.64e-010	-0.0111875
-1.64e-010	-0.0124375
3.36e-010	-0.0124375
8.36e-010	-0.012125
1.336e-009	-0.012125
1.836e-009	-0.0118125
2.336e-009	-0.010875
2.836e-009	-0.0099375
3.336e-009	-0.009625
3.836e-009	-0.0093125
4.336e-009	-0.009
4.836e-009	-0.0086875
5.336e-009	-0.0080625
5.836e-009	-0.0086875
6.336e-009	-0.009625
6.836e-009	-0.0093125
7.336e-009	-0.009
7.836e-009	-0.010875
8.336e-009	-0.010875
8.836e-009	-0.010875
9.336e-009	-0.0115
9.836e-009	-0.012125
1.0336e-008	-0.0111875
1.0836e-008	-0.010875
1.1336e-008	-0.0105625
1.1836e-008	-0.010875
1.2336e-008	-0.01025
1.2836e-008	-0.0093125
1.3336e-008	-0.009625
1.3836e-008	-0.0093125
1.4336e-008	-0.0093125
1.4836e-008	-0.0086875
1.5336e-008	-0.0093125
1.5836e-008	-0.009
1.6336e-008	-0.009
1.6836e-008	-0.009
1.7336e-008	-0.0093125
1.7836e-008	-0.0099375
1.8336e-008	-0.0105625
1.8836e-008	-0.0099375
1.9336e-008	-0.0105625
1.9836e-008	-0.0105625
2.0336e-008	-0.01025
2.0836e-008	-0.0111875
2.1336e-008	-0.0105625
2.1836e-008	-0.0105625
2.2336e-008	-0.009
2.2836e-008	-0.0086875
2.3336e-008	-0.009625
2.3836e-008	-0.0093125
2.4336e-008	-0.009
2.4836e-008	-0.0086875
2.5336e-008	-0.008375
2.5836e-008	-0.0093125
2.6336e-008	-0.0093125
2.6836e-008	-0.0099375
2.7336e-008	-0.0099375
2.7836e-008	-0.0093125
2.8336e-008	-0.0099375
2.8836e-008	-0.0105625
2.9336e-008	-0.01025
2.9836e-008	-0.0093125
3.0336e-008	-0.01025
3.0836e-008	-0.0099375
3.1336e-008	-0.009625
3.1836e-008	-0.01025
3.2336e-008	-0.009
3.2836e-008	-0.0086875
3.3336e-008	-0.009
3.3836e-008	-0.0086875
3.4336e-008	-0.009625
3.4836e-008	-0.0093125
3.5336e-008	-0.0093125
3.5836e-008	-0.0086875
3.6336e-008	-0.0093125
3.6836e-008	-0.0099375
3.7336e-008	-0.0099375
3.7836e-008	-0.01025
3.8336e-008	-0.0105625
3.8836e-008	-0.009625
3.9336e-008	-0.0093125
3.9836e-008	-0.009
4.0336e-008	-0.009
4.0836e-008	-0.009
4.1336e-008	-0.009
4.1836e-008	-0.0086875
4.2336e-008	-0.008375
4.2836e-008	-0.0093125
4.3336e-008	-0.009
4.3836e-008	-0.008375
4.4336e-008	-0.008375
4.4836e-008	-0.008375
4.5336e-008	-0.009625
4.5836e-008	-0.01025
4.6336e-008	-0.0093125
4.6836e-008	-0.0093125
4.7336e-008	-0.009625
4.7836e-008	-0.0105625
4.8336e-008	-0.01025
4.8836e-008	-0.0099375
4.9336e-008	-0.0093125
4.9836e-008	-0.0080625
5.0336e-008	-0.0086875
5.0836e-008	-0.0086875
5.1336e-008	-0.008375
5.1836e-008	-0.008375
5.2336e-008	-0.0080625
5.2836e-008	-0.0080625
5.3336e-008	-0.0086875
5.3836e-008	-0.0086875
5.4336e-008	-0.009
5.4836e-008	-0.0086875
5.5336e-008	-0.009625
5.5836e-008	-0.009625
5.6336e-008	-0.010875
5.6836e-008	-0.01025
5.7336e-008	-0.0099375
5.7836e-008	-0.010875
5.8336e-008	-0.01025
5.8836e-008	-0.009625
5.9336e-008	-0.0099375
5.9836e-008	-0.009
6.0336e-008	-0.009
6.0836e-008	-0.008375
6.1336e-008	-0.008375
6.1836e-008	-0.0080625
6.2336e-008	-0.0080625
6.2836e-008	-0.008375
6.3336e-008	-0.0080625
6.3836e-008	-0.008375
6.4336e-008	-0.008375
6.4836e-008	-0.0086875
6.5336e-008	-0.0093125
6.5836e-008	-0.009625
6.6336e-008	-0.009625
6.6836e-008	-0.01025
6.7336e-008	-0.009625
6.7836e-008	-0.0105625
6.8336e-008	-0.009625
6.8836e-008	-0.009625
6.9336e-008	-0.0093125
6.9836e-008	-0.009
7.0336e-008	-0.0086875
7.0836e-008	-0.0080625
7.1336e-008	-0.0074375
7.1836e-008	-0.00775
7.2336e-008	-0.0074375
7.2836e-008	-0.0074375
7.3336e-008	-0.00775
7.3836e-008	-0.0080625
7.4336e-008	-0.0086875
7.4836e-008	-0.0080625
7.5336e-008	-0.0093125
7.5836e-008	-0.0093125
7.6336e-008	-0.009625
7.6836e-008	-0.0093125
7.7336e-008	-0.009
7.7836e-008	-0.0093125
7.8336e-008	-0.0093125
7.8836e-008	-0.009
7.9336e-008	-0.01025
7.9836e-008	-0.009
8.0336e-008	-0.009
8.0836e-008	-0.0080625
8.1336e-008	-0.009
8.1836e-008	-0.0080625
8.2336e-008	-0.00775
8.2836e-008	-0.0074375
8.3336e-008	-0.007125
8.3836e-008	-0.0080625
8.4336e-008	-0.008375
8.4836e-008	-0.008375
8.5336e-008	-0.0086875
8.5836e-008	-0.008375
8.6336e-008	-0.0080625
8.6836e-008	-0.008375
8.7336e-008	-0.0086875
8.7836e-008	-0.009
8.8336e-008	-0.008375
8.8836e-008	-0.0093125
8.9336e-008	-0.008375
8.9836e-008	-0.009
9.0336e-008	-0.0080625
9.0836e-008	-0.00775
9.1336e-008	-0.0086875
9.1836e-008	-0.008375
9.2336e-008	-0.00775
9.2836e-008	-0.0074375
9.3336e-008	-0.0068125
9.3836e-008	-0.00775
9.4336e-008	-0.0074375
9.4836e-008	-0.0080625
9.5336e-008	-0.0080625
9.5836e-008	-0.0074375
9.6336e-008	-0.0080625
9.6836e-008	-0.00775
9.7336e-008	-0.0080625
9.7836e-008	-0.0086875
9.8336e-008	-0.0086875
9.8836e-008	-0.0080625
9.9336e-008	-0.008375
9.9836e-008	-0.008375
1.00336e-007	-0.009
1.00836e-007	-0.0074375
1.01336e-007	-0.009
1.01836e-007	-0.008375
1.02336e-007	-0.008375
1.02836e-007	-0.00775
1.03336e-007	-0.0080625
1.03836e-007	-0.008375
1.04336e-007	-0.008375
1.04836e-007	-0.00775
1.05336e-007	-0.008375
1.05836e-007	-0.0074375
1.06336e-007	-0.008375
1.06836e-007	-0.0080625
1.07336e-007	-0.0080625
1.07836e-007	-0.0080625
1.08336e-007	-0.0074375
1.08836e-007	-0.008375
1.09336e-007	-0.00775
1.09836e-007	-0.009
1.10336e-007	-0.008375
1.10836e-007	-0.008375
1.11336e-007	-0.0080625
1.11836e-007	-0.00775
1.12336e-007	-0.0068125
1.12836e-007	-0.0080625
1.13336e-007	-0.008375
1.13836e-007	-0.008375
1.14336e-007	-0.0080625
1.14836e-007	-0.008375
1.15336e-007	-0.00775
1.15836e-007	-0.0074375
1.16336e-007	-0.00775
1.16836e-007	-0.007125
1.17336e-007	-0.008375
1.17836e-007	-0.0074375
1.18336e-007	-0.0074375
1.18836e-007	-0.0080625
1.19336e-007	-0.008375
1.19836e-007	-0.0080625
1.20336e-007	-0.0086875
1.20836e-007	-0.0074375
1.21336e-007	-0.00775
1.21836e-007	-0.0080625
1.22336e-007	-0.008375
1.22836e-007	-0.0074375
1.23336e-007	-0.0080625
1.23836e-007	-0.007125
1.24336e-007	-0.00775
1.24836e-007	-0.00775
1.25336e-007	-0.0080625
1.25836e-007	-0.00775
1.26336e-007	-0.0074375
1.26836e-007	-0.007125
1.27336e-007	-0.0074375
1.27836e-007	-0.0074375
1.28336e-007	-0.00775
1.28836e-007	-0.00775
1.29336e-007	-0.0074375
1.29836e-007	-0.0080625
1.30336e-007	-0.00775
1.30836e-007	-0.00775
1.31336e-007	-0.00775
1.31836e-007	-0.008375
1.32336e-007	-0.007125
1.32836e-007	-0.0074375
1.33336e-007	-0.0074375
1.33836e-007	-0.00775
1.34336e-007	-0.0074375
1.34836e-007	-0.0074375
1.35336e-007	-0.007125
1.35836e-007	-0.0074375
1.36336e-007	-0.00775
1.36836e-007	-0.0074375
1.37336e-007	-0.00775
1.37836e-007	-0.0074375
1.38336e-007	-0.0074375
1.38836e-007	-0.0074375
1.39336e-007	-0.0074375
1.39836e-007	-0.007125
1.40336e-007	-0.00775
1.40836e-007	-0.00775
1.41336e-007	-0.0074375
1.41836e-007	-0.007125
1.42336e-007	-0.008375
1.42836e-007	-0.007125
1.43336e-007	-0.0074375
1.43836e-007	-0.0068125
1.44336e-007	-0.007125
1.44836e-007	-0.0074375
1.45336e-007	-0.0080625
1.45836e-007	-0.007125
1.46336e-007	-0.007125
1.46836e-007	-0.007125
1.47336e-007	-0.00775
1.47836e-007	-0.00775
1.48336e-007	-0.00775
1.48836e-007	-0.007125
1.49336e-007	-0.007125
1.49836e-007	-0.0074375
1.50336e-007	-0.007125
1.50836e-007	-0.0074375
1.51336e-007	-0.0065
1.51836e-007	-0.0065
1.52336e-007	-0.0068125
1.52836e-007	-0.0074375
1.53336e-007	-0.0068125
1.53836e-007	-0.0068125
1.54336e-007	-0.0068125
1.54836e-007	-0.0068125
1.55336e-007	-0.0068125
1.55836e-007	-0.0074375
1.56336e-007	-0.007125
1.56836e-007	-0.00775
1.57336e-007	-0.0074375
1.57836e-007	-0.0080625
1.58336e-007	-0.0080625
1.58836e-007	-0.007125
1.59336e-007	-0.007125
1.59836e-007	-0.0074375
1.60336e-007	-0.007125
1.60836e-007	-0.0068125
1.61336e-007	-0.0061875
1.61836e-007	-0.0065
1.62336e-007	-0.0068125
1.62836e-007	-0.0068125
1.63336e-007	-0.0068125
1.63836e-007	-0.0055625
1.64336e-007	-0.0068125
1.64836e-007	-0.0065
1.65336e-007	-0.0074375
1.65836e-007	-0.007125
1.66336e-007	-0.0074375
1.66836e-007	-0.00775
1.67336e-007	-0.0080625
1.67836e-007	-0.007125
1.68336e-007	-0.0080625
1.68836e-007	-0.0074375
1.69336e-007	-0.007125
1.69836e-007	-0.007125
1.70336e-007	-0.007125
1.70836e-007	-0.0065
1.71336e-007	-0.0055625
1.71836e-007	-0.0061875
1.72336e-007	-0.0055625
1.72836e-007	-0.0055625
1.73336e-007	-0.0061875
1.73836e-007	-0.0061875
1.74336e-007	-0.0065
1.74836e-007	-0.0068125
1.75336e-007	-0.0065
1.75836e-007	-0.00775
1.76336e-007	-0.0074375
1.76836e-007	-0.0080625
1.77336e-007	-0.0074375
1.77836e-007	-0.0080625
1.78336e-007	-0.008375
1.78836e-007	-0.0074375
1.79336e-007	-0.0074375
1.79836e-007	-0.0068125
1.80336e-007	-0.0061875
1.80836e-007	-0.0065
1.81336e-007	-0.0061875
1.81836e-007	-0.0055625
1.82336e-007	-0.0049375
1.82836e-007	-0.00525
1.83336e-007	-0.0065
1.83836e-007	-0.0055625
1.84336e-007	-0.0065
1.84836e-007	-0.0061875
1.85336e-007	-0.007125
1.85836e-007	-0.0068125
1.86336e-007	-0.00775
1.86836e-007	-0.00775
1.87336e-007	-0.00775
1.87836e-007	-0.00775
1.88336e-007	-0.0080625
1.88836e-007	-0.0068125
1.89336e-007	-0.0074375
1.89836e-007	-0.0061875
1.90336e-007	-0.0065
1.90836e-007	-0.0055625
1.91336e-007	-0.00525
1.91836e-007	-0.0055625
1.92336e-007	-0.0049375
1.92836e-007	-0.00525
1.93336e-007	-0.0043125
1.93836e-007	-0.00525
1.94336e-007	-0.005875
1.94836e-007	-0.0068125
1.95336e-007	-0.0068125
1.95836e-007	-0.007125
1.96336e-007	-0.007125
1.96836e-007	-0.0080625
1.97336e-007	-0.00775
1.97836e-007	-0.0080625
1.98336e-007	-0.0074375
1.98836e-007	-0.0074375
1.99336e-007	-0.0065
1.99836e-007	-0.0065
2.00336e-007	-0.0061875
2.00836e-007	-0.0055625
2.01336e-007	-0.004625
2.01836e-007	-0.0043125
2.02336e-007	-0.0049375
2.02836e-007	-0.0049375
2.03336e-007	-0.0049375
2.03836e-007	-0.00525
2.04336e-007	-0.0055625
2.04836e-007	-0.005875
2.05336e-007	-0.0068125
2.05836e-007	-0.0061875
2.06336e-007	-0.007125
2.06836e-007	-0.007125
2.07336e-007	-0.0080625
2.07836e-007	-0.0074375
2.08336e-007	-0.0074375
2.08836e-007	-0.0074375
2.09336e-007	-0.0074375
2.09836e-007	-0.0061875
2.10336e-007	-0.005875
2.10836e-007	-0.0049375
2.11336e-007	-0.004625
2.11836e-007	-0.0049375
2.12336e-007	-0.0049375
2.12836e-007	-0.00525
2.13336e-007	-0.0049375
2.13836e-007	-0.004625
2.14336e-007	-0.00525
2.14836e-007	-0.0061875
2.15336e-007	-0.0055625
2.15836e-007	-0.0068125
2.16336e-007	-0.0068125
2.16836e-007	-0.007125
2.17336e-007	-0.0065
2.17836e-007	-0.007125
2.18336e-007	-0.0068125
2.18836e-007	-0.0074375
2.19336e-007	-0.005875
2.19836e-007	-0.005875
2.20336e-007	-0.005875
2.20836e-007	-0.0049375
2.21336e-007	-0.004625
2.21836e-007	-0.0049375
2.22336e-007	-0.00525
2.22836e-007	-0.0055625
2.23336e-007	-0.00525
2.23836e-007	-0.00525
2.24336e-007	-0.00525
2.24836e-007	-0.00525
2.25336e-007	-0.0061875
2.25836e-007	-0.0055625
2.26336e-007	-0.0068125
2.26836e-007	-0.0065
2.27336e-007	-0.0068125
2.27836e-007	-0.0061875
2.28336e-007	-0.0061875
2.28836e-007	-0.0061875
2.29336e-007	-0.007125
2.29836e-007	-0.00525
2.30336e-007	-0.0055625
2.30836e-007	-0.0049375
2.31336e-007	-0.00525
2.31836e-007	-0.0049375
2.32336e-007	-0.004625
2.32836e-007	-0.00525
2.33336e-007	-0.0055625
2.33836e-007	-0.005875
2.34336e-007	-0.0061875
2.34836e-007	-0.0055625
2.35336e-007	-0.005875
2.35836e-007	-0.005875
2.36336e-007	-0.0055625
2.36836e-007	-0.0065
2.37336e-007	-0.0061875
2.37836e-007	-0.0061875
2.38336e-007	-0.00525
2.38836e-007	-0.005875
2.39336e-007	-0.0055625
2.39836e-007	-0.0055625
2.40336e-007	-0.004625
2.40836e-007	-0.0049375
2.41336e-007	-0.0049375
2.41836e-007	-0.0049375
2.42336e-007	-0.0049375
2.42836e-007	-0.0061875
2.43336e-007	-0.005875
2.43836e-007	-0.00525
2.44336e-007	-0.005875
2.44836e-007	-0.0061875
2.45336e-007	-0.0061875
2.45836e-007	-0.005875
2.46336e-007	-0.0065
2.46836e-007	-0.005875
2.47336e-007	-0.0055625
2.47836e-007	-0.004625
2.48336e-007	-0.00525
2.48836e-007	-0.00525
2.49336e-007	-0.004625
2.49836e-007	-0.0043125
2.50336e-007	-0.0055625
2.50836e-007	-0.0036875
2.51336e-007	-0.004
2.51836e-007	-0.004625
2.52336e-007	-0.0055625
2.52836e-007	-0.0055625
2.53336e-007	-0.0055625
2.53836e-007	-0.005875
2.54336e-007	-0.0061875
2.54836e-007	-0.0061875
2.55336e-007	-0.005875
2.55836e-007	-0.005875
2.56336e-007	-0.0055625
2.56836e-007	-0.00525
2.57336e-007	-0.0049375
2.57836e-007	-0.00525
2.58336e-007	-0.004
2.58836e-007	-0.0043125
2.59336e-007	-0.003375
2.59836e-007	-0.004
2.60336e-007	-0.0036875
2.60836e-007	-0.0049375
2.61336e-007	-0.0049375
2.61836e-007	-0.00525
2.62336e-007	-0.004625
2.62836e-007	-0.00525
2.63336e-007	-0.0055625
2.63836e-007	-0.0065
2.64336e-007	-0.0065
2.64836e-007	-0.005875
2.65336e-007	-0.005875
2.65836e-007	-0.0055625
2.66336e-007	-0.005875
2.66836e-007	-0.0055625
2.67336e-007	-0.004625
2.67836e-007	-0.0036875
2.68336e-007	-0.004
2.68836e-007	-0.003375
2.69336e-007	-0.0036875
2.69836e-007	-0.0043125
2.70336e-007	-0.0049375
2.70836e-007	-0.0043125
2.71336e-007	-0.004
2.71836e-007	-0.0036875
2.72336e-007	-0.0055625
2.72836e-007	-0.0055625
2.73336e-007	-0.0061875
2.73836e-007	-0.0055625
2.74336e-007	-0.0065
2.74836e-007	-0.0065
2.75336e-007	-0.0061875
2.75836e-007	-0.0065
2.76336e-007	-0.0061875
2.76836e-007	-0.0055625
2.77336e-007	-0.004625
2.77836e-007	-0.0043125
2.78336e-007	-0.003375
2.78836e-007	-0.0036875
2.79336e-007	-0.0036875
2.79836e-007	-0.0043125
2.80336e-007	-0.0030625
2.80836e-007	-0.0043125
2.81336e-007	-0.0043125
2.81836e-007	-0.0049375
2.82336e-007	-0.004
2.82836e-007	-0.004625
2.83336e-007	-0.0049375
2.83836e-007	-0.0055625
2.84336e-007	-0.0055625
2.84836e-007	-0.005875
2.85336e-007	-0.0061875
2.85836e-007	-0.0055625
2.86336e-007	-0.00525
2.86836e-007	-0.005875
2.87336e-007	-0.00525
2.87836e-007	-0.0043125
2.88336e-007	-0.004
2.88836e-007	-0.0043125
2.89336e-007	-0.0043125
2.89836e-007	-0.0030625
2.90336e-007	-0.0036875
2.90836e-007	-0.004
2.91336e-007	-0.0036875
2.91836e-007	-0.004
2.92336e-007	-0.0043125
2.92836e-007	-0.004625
2.93336e-007	-0.0049375
2.93836e-007	-0.004
2.94336e-007	-0.005875
2.94836e-007	-0.0055625
2.95336e-007	-0.0049375
2.95836e-007	-0.0049375
2.96336e-007	-0.0055625
2.96836e-007	-0.005875
2.97336e-007	-0.00525
2.97836e-007	-0.0049375
2.98336e-007	-0.0043125
2.98836e-007	-0.004625
2.99336e-007	-0.0049375
2.99836e-007	-0.0049375
3.00336e-007	-0.004
3.00836e-007	-0.004
3.01336e-007	-0.003375
3.01836e-007	-0.0049375
3.02336e-007	-0.0036875
3.02836e-007	-0.003375
3.03336e-007	-0.003375
3.03836e-007	-0.004625
3.04336e-007	-0.004
3.04836e-007	-0.0043125
3.05336e-007	-0.0049375
3.05836e-007	-0.0049375
3.06336e-007	-0.0043125
3.06836e-007	-0.0049375
3.07336e-007	-0.0049375
3.07836e-007	-0.005875
3.08336e-007	-0.00525
3.08836e-007	-0.004625
3.09336e-007	-0.0049375
3.09836e-007	-0.004625
3.10336e-007	-0.0043125
3.10836e-007	-0.0036875
3.11336e-007	-0.004
3.11836e-007	-0.0043125
3.12336e-007	-0.0036875
3.12836e-007	-0.0036875
3.13336e-007	-0.004
3.13836e-007	-0.003375
3.14336e-007	-0.004
3.14836e-007	-0.0036875
3.15336e-007	-0.004625
3.15836e-007	-0.0043125
3.16336e-007	-0.0043125
3.16836e-007	-0.0055625
3.17336e-007	-0.0055625
3.17836e-007	-0.0055625
3.18336e-007	-0.00525
3.18836e-007	-0.0043125
3.19336e-007	-0.0043125
3.19836e-007	-0.004
3.20336e-007	-0.0043125
3.20836e-007	-0.004625
3.21336e-007	-0.0036875
3.21836e-007	-0.0043125
3.22336e-007	-0.0043125
3.22836e-007	-0.0043125
3.23336e-007	-0.00275
3.23836e-007	-0.0030625
3.24336e-007	-0.0036875
3.24836e-007	-0.0043125
3.25336e-007	-0.004
3.25836e-007	-0.004
3.26336e-007	-0.004
3.26836e-007	-0.00525
3.27336e-007	-0.004
3.27836e-007	-0.004625
3.28336e-007	-0.0049375
3.28836e-007	-0.004625
3.29336e-007	-0.0049375
3.29836e-007	-0.0043125
3.30336e-007	-0.0049375
3.30836e-007	-0.004625
3.31336e-007	-0.0043125
3.31836e-007	-0.0043125
3.32336e-007	-0.0036875
3.32836e-007	-0.003375
3.33336e-007	-0.0043125
3.33836e-007	-0.0043125
3.34336e-007	-0.003375
3.34836e-007	-0.00275
3.35336e-007	-0.004
3.35836e-007	-0.004
3.36336e-007	-0.0043125
3.36836e-007	-0.0036875
3.37336e-007	-0.004
3.37836e-007	-0.00525
3.38336e-007	-0.00525
3.38836e-007	-0.0043125
3.39336e-007	-0.0043125
3.39836e-007	-0.0036875
3.40336e-007	-0.004625
3.40836e-007	-0.004
3.41336e-007	-0.0043125
3.41836e-007	-0.004625
3.42336e-007	-0.0036875
3.42836e-007	-0.0036875
3.43336e-007	-0.0036875
3.43836e-007	-0.004
3.44336e-007	-0.0030625
3.44836e-007	-0.0030625
3.45336e-007	-0.0036875
3.45836e-007	-0.0043125
3.46336e-007	-0.0036875
3.46836e-007	-0.004625
3.47336e-007	-0.0036875
3.47836e-007	-0.0043125
3.48336e-007	-0.004
3.48836e-007	-0.0036875
3.49336e-007	-0.0036875
3.49836e-007	-0.003375
3.50336e-007	-0.004
3.50836e-007	-0.004
3.51336e-007	-0.003375
3.51836e-007	-0.0036875
3.52336e-007	-0.0036875
3.52836e-007	-0.0043125
3.53336e-007	-0.003375
3.53836e-007	-0.0043125
3.54336e-007	-0.004625
3.54836e-007	-0.004
3.55336e-007	-0.004
3.55836e-007	-0.0036875
3.56336e-007	-0.004625
3.56836e-007	-0.0043125
3.57336e-007	-0.004
3.57836e-007	-0.004
3.58336e-007	-0.003375
3.58836e-007	-0.003375
3.59336e-007	-0.003375
3.59836e-007	-0.0030625
3.60336e-007	-0.003375
3.60836e-007	-0.0030625
3.61336e-007	-0.0030625
3.61836e-007	-0.003375
3.62336e-007	-0.0036875
3.62836e-007	-0.004
3.63336e-007	-0.003375
3.63836e-007	-0.0036875
3.64336e-007	-0.004
3.64836e-007	-0.0043125
3.65336e-007	-0.004
3.65836e-007	-0.0043125
3.66336e-007	-0.004625
3.66836e-007	-0.004625
3.67336e-007	-0.0043125
3.67836e-007	-0.0043125
3.68336e-007	-0.003375
3.68836e-007	-0.0036875
3.69336e-007	-0.0024375
3.69836e-007	-0.0024375
3.70336e-007	-0.0024375
3.70836e-007	-0.00275
3.71336e-007	-0.00275
3.71836e-007	-0.002125
3.72336e-007	-0.0024375
3.72836e-007	-0.003375
3.73336e-007	-0.0030625
3.73836e-007	-0.0036875
3.74336e-007	-0.004625
3.74836e-007	-0.0049375
3.75336e-007	-0.00525
3.75836e-007	-0.004625
3.76336e-007	-0.0043125
3.76836e-007	-0.0043125
3.77336e-007	-0.004625
3.77836e-007	-0.004
3.78336e-007	-0.003375
3.78836e-007	-0.0024375
3.79336e-007	-0.00275
3.79836e-007	-0.002125
3.80336e-007	-0.0018125
3.80836e-007	-0.0024375
3.81336e-007	-0.002125
3.81836e-007	-0.0024375
3.82336e-007	-0.0024375
3.82836e-007	-0.0024375
3.83336e-007	-0.0036875
3.83836e-007	-0.0036875
3.84336e-007	-0.0043125
3.84836e-007	-0.0049375
3.85336e-007	-0.004625
3.85836e-007	-0.0049375
3.86336e-007	-0.004
3.86836e-007	-0.0043125
3.87336e-007	-0.004625
3.87836e-007	-0.004
3.88336e-007	-0.0036875
3.88836e-007	-0.003375
3.89336e-007	-0.0024375
3.89836e-007	-0.002125
3.90336e-007	-0.0018125
3.90836e-007	-0.002125
3.91336e-007	-0.00275
3.91836e-007	-0.0024375
3.92336e-007	-0.0018125
3.92836e-007	-0.002125
3.93336e-007	-0.0024375
3.93836e-007	-0.0030625
3.94336e-007	-0.004
3.94836e-007	-0.004625
3.95336e-007	-0.0055625
3.95836e-007	-0.0049375
3.96336e-007	-0.0043125
3.96836e-007	-0.0043125
3.97336e-007	-0.0043125
3.97836e-007	-0.004625
3.98336e-007	-0.003375
3.98836e-007	-0.003375
3.99336e-007	-0.0036875
3.99836e-007	-0.00275
4.00336e-007	-0.0024375
4.00836e-007	-0.0018125
4.01336e-007	-0.0018125
4.01836e-007	-0.0015
4.02336e-007	-0.0018125
4.02836e-007	-0.0024375
4.03336e-007	-0.0024375
4.03836e-007	-0.0030625
4.04336e-007	-0.003375
4.04836e-007	-0.0030625
4.05336e-007	-0.003375
4.05836e-007	-0.0043125
4.06336e-007	-0.004625
4.06836e-007	-0.004625
4.07336e-007	-0.0036875
4.07836e-007	-0.004
4.08336e-007	-0.003375
4.08836e-007	-0.00275
4.09336e-007	-0.0030625
4.09836e-007	-0.003375
4.10336e-007	-0.00275
4.10836e-007	-0.0024375
4.11336e-007	-0.0024375
4.11836e-007	-0.0024375
4.12336e-007	-0.002125
4.12836e-007	-0.002125
4.13336e-007	-0.0024375
4.13836e-007	-0.002125
4.14336e-007	-0.00275
4.14836e-007	-0.003375
4.15336e-007	-0.0036875
4.15836e-007	-0.0036875
4.16336e-007	-0.003375
4.16836e-007	-0.0043125
4.17336e-007	-0.004
4.17836e-007	-0.0036875
4.18336e-007	-0.003375
4.18836e-007	-0.003375
4.19336e-007	-0.003375
4.19836e-007	-0.0036875
4.20336e-007	-0.0030625
4.20836e-007	-0.0024375
4.21336e-007	-0.00275
4.21836e-007	-0.0030625
4.22336e-007	-0.0024375
4.22836e-007	-0.0024375
4.23336e-007	-0.0018125
4.23836e-007	-0.0024375
4.24336e-007	-0.00275
4.24836e-007	-0.00275
4.25336e-007	-0.0036875
4.25836e-007	-0.003375
4.26336e-007	-0.0030625
4.26836e-007	-0.0036875
4.27336e-007	-0.003375
4.27836e-007	-0.0036875
4.28336e-007	-0.003375
4.28836e-007	-0.0030625
4.29336e-007	-0.003375
4.29836e-007	-0.0030625
4.30336e-007	-0.0030625
4.30836e-007	-0.0030625
4.31336e-007	-0.0030625
4.31836e-007	-0.0030625
4.32336e-007	-0.0024375
4.32836e-007	-0.00275
4.33336e-007	-0.0024375
4.33836e-007	-0.0024375
4.34336e-007	-0.0024375
4.34836e-007	-0.0024375
4.35336e-007	-0.0030625
4.35836e-007	-0.003375
4.36336e-007	-0.0030625
4.36836e-007	-0.0024375
4.37336e-007	-0.002125
4.37836e-007	-0.003375
4.38336e-007	-0.0030625
4.38836e-007	-0.003375
4.39336e-007	-0.003375
4.39836e-007	-0.0030625
4.40336e-007	-0.003375
4.40836e-007	-0.002125
4.41336e-007	-0.0024375
4.41836e-007	-0.0036875
4.42336e-007	-0.0024375
4.42836e-007	-0.0024375
4.43336e-007	-0.00275
4.43836e-007	-0.002125
4.44336e-007	-0.0024375
4.44836e-007	-0.0024375
4.45336e-007	-0.00275
4.45836e-007	-0.0024375
4.46336e-007	-0.003375
4.46836e-007	-0.003375
4.47336e-007	-0.0024375
4.47836e-007	-0.0030625
4.48336e-007	-0.0024375
4.48836e-007	-0.00275
4.49336e-007	-0.0030625
4.49836e-007	-0.0024375
4.50336e-007	-0.0030625
4.50836e-007	-0.0024375
4.51336e-007	-0.0024375
4.51836e-007	-0.00275
4.52336e-007	-0.002125
4.52836e-007	-0.0030625
4.53336e-007	-0.0024375
4.53836e-007	-0.0024375
4.54336e-007	-0.00275
4.54836e-007	-0.00275
4.55336e-007	-0.00275
4.55836e-007	-0.002125
4.56336e-007	-0.0024375
4.56836e-007	-0.0036875
4.57336e-007	-0.0024375
4.57836e-007	-0.0030625
4.58336e-007	-0.00275
4.58836e-007	-0.00275
4.59336e-007	-0.0018125
4.59836e-007	-0.0018125
4.60336e-007	-0.00275
4.60836e-007	-0.0018125
4.61336e-007	-0.002125
4.61836e-007	-0.0018125
4.62336e-007	-0.0015
4.62836e-007	-0.00275
4.63336e-007	-0.0024375
4.63836e-007	-0.0024375
4.64336e-007	-0.0030625
4.64836e-007	-0.0030625
4.65336e-007	-0.003375
4.65836e-007	-0.0024375
4.66336e-007	-0.003375
4.66836e-007	-0.003375
4.67336e-007	-0.0030625
4.67836e-007	-0.0030625
4.68336e-007	-0.002125
4.68836e-007	-0.0024375
4.69336e-007	-0.0024375
4.69836e-007	-0.0018125
4.70336e-007	-0.0024375
4.70836e-007	-0.0015
4.71336e-007	-0.0018125
4.71836e-007	-0.0018125
4.72336e-007	-0.0015
4.72836e-007	-0.0024375
4.73336e-007	-0.0024375
4.73836e-007	-0.0024375
4.74336e-007	-0.00275
4.74836e-007	-0.0030625
4.75336e-007	-0.003375
4.75836e-007	-0.0024375
4.76336e-007	-0.00275
4.76836e-007	-0.003375
4.77336e-007	-0.0030625
4.77836e-007	-0.0036875
4.78336e-007	-0.0030625
4.78836e-007	-0.0024375
4.79336e-007	-0.002125
4.79836e-007	-0.0015
4.80336e-007	-0.002125
4.80836e-007	-0.0011875
4.81336e-007	-0.000875
4.81836e-007	-0.0015
4.82336e-007	-0.002125
4.82836e-007	-0.002125
4.83336e-007	-0.0018125
4.83836e-007	-0.0018125
4.84336e-007	-0.0024375
4.84836e-007	-0.0030625
4.85336e-007	-0.003375
4.85836e-007	-0.003375
4.86336e-007	-0.0030625
4.86836e-007	-0.003375
4.87336e-007	-0.0030625
4.87836e-007	-0.0030625
4.88336e-007	-0.00275
4.88836e-007	-0.0024375
4.89336e-007	-0.00275
4.89836e-007	-0.0018125
4.90336e-007	-0.0015
4.90836e-007	-0.0015
4.91336e-007	-0.0018125
4.91836e-007	-0.0011875
4.92336e-007	-0.0015
4.92836e-007	-0.0018125
4.93336e-007	-0.0018125
4.93836e-007	-0.00275
4.94336e-007	-0.00275
4.94836e-007	-0.00275
4.95336e-007	-0.003375
4.95836e-007	-0.0036875
4.96336e-007	-0.0036875
4.96836e-007	-0.0036875
4.97336e-007	-0.0030625
4.97836e-007	-0.00275
4.98336e-007	-0.00275
4.98836e-007	-0.00275
4.99336e-007	-0.0015
4.99836e-007	-0.000875
5.00336e-007	-0.0015
5.00836e-007	-0.0018125
5.01336e-007	-0.0015
5.01836e-007	-0.0011875
5.02336e-007	-0.0018125
5.02836e-007	-0.002125
5.03336e-007	-0.002125
5.03836e-007	-0.0030625
5.04336e-007	-0.003375
5.04836e-007	-0.003375
5.05336e-007	-0.003375
5.05836e-007	-0.0024375
5.06336e-007	-0.0030625
5.06836e-007	-0.0030625
5.07336e-007	-0.0024375
5.07836e-007	-0.00275
5.08336e-007	-0.0030625
5.08836e-007	-0.0018125
5.09336e-007	-0.0018125
5.09836e-007	-0.0018125
5.10336e-007	-0.0011875
5.10836e-007	-0.0011875
5.11336e-007	-0.0015
5.11836e-007	-0.0018125
5.12336e-007	-0.0024375
5.12836e-007	-0.002125
5.13336e-007	-0.00275
5.13836e-007	-0.0024375
5.14336e-007	-0.00275
5.14836e-007	-0.00275
5.15336e-007	-0.003375
5.15836e-007	-0.0036875
5.16336e-007	-0.00275
5.16836e-007	-0.0030625
5.17336e-007	-0.0024375
5.17836e-007	-0.002125
5.18336e-007	-0.0024375
5.18836e-007	-0.0024375
5.19336e-007	-0.0018125
5.19836e-007	-0.0011875
5.20336e-007	-0.0011875
5.20836e-007	-0.002125
5.21336e-007	-0.0011875
5.21836e-007	-0.0011875
5.22336e-007	-0.0018125
5.22836e-007	-0.0024375
5.23336e-007	-0.00275
5.23836e-007	-0.002125
5.24336e-007	-0.0024375
5.24836e-007	-0.0024375
5.25336e-007	-0.0030625
5.25836e-007	-0.003375
5.26336e-007	-0.0024375
5.26836e-007	-0.0024375
5.27336e-007	-0.0024375
5.27836e-007	-0.002125
5.28336e-007	-0.002125
5.28836e-007	-0.0015
5.29336e-007	-0.0015
5.29836e-007	-0.000875
5.30336e-007	-0.0011875
5.30836e-007	-0.002125
5.31336e-007	-0.002125
5.31836e-007	-0.002125
5.32336e-007	-0.0024375
5.32836e-007	-0.00275
5.33336e-007	-0.003375
5.33836e-007	-0.002125
5.34336e-007	-0.00275
5.34836e-007	-0.0030625
5.35336e-007	-0.0030625
5.35836e-007	-0.0030625
5.36336e-007	-0.0018125
5.36836e-007	-0.002125
5.37336e-007	-0.0024375
5.37836e-007	-0.0011875
5.38336e-007	-0.0011875
5.38836e-007	-0.0015
5.39336e-007	-0.002125
5.39836e-007	-0.0015
5.40336e-007	-0.0024375
5.40836e-007	-0.0024375
5.41336e-007	-0.0018125
5.41836e-007	-0.002125
5.42336e-007	-0.0024375
5.42836e-007	-0.00275
5.43336e-007	-0.00275
5.43836e-007	-0.00275
5.44336e-007	-0.0030625
5.44836e-007	-0.0030625
5.45336e-007	-0.0024375
5.45836e-007	-0.00275
5.46336e-007	-0.0015
5.46836e-007	-0.0015
5.47336e-007	-0.000875
5.47836e-007	-0.0018125
5.48336e-007	-0.0015
5.48836e-007	-0.0005625
5.49336e-007	-0.0015
5.49836e-007	-0.0015
5.50336e-007	-0.002125
5.50836e-007	-0.0018125
5.51336e-007	-0.0015
5.51836e-007	-0.0024375
5.52336e-007	-0.003375
5.52836e-007	-0.0030625
5.53336e-007	-0.0030625
5.53836e-007	-0.0024375
5.54336e-007	-0.00275
5.54836e-007	-0.0018125
5.55336e-007	-0.002125
5.55836e-007	-0.0018125
5.56336e-007	-0.0018125
5.56836e-007	-0.0015
5.57336e-007	-0.0018125
5.57836e-007	-0.0015
5.58336e-007	-0.000875
5.58836e-007	-0.000875
5.59336e-007	-0.0011875
5.59836e-007	-0.0011875
5.60336e-007	-0.0024375
5.60836e-007	-0.002125
5.61336e-007	-0.002125
5.61836e-007	-0.0024375
5.62336e-007	-0.002125
5.62836e-007	-0.003375
5.63336e-007	-0.0030625
5.63836e-007	-0.002125
5.64336e-007	-0.0024375
5.64836e-007	-0.0024375
5.65336e-007	-0.002125
5.65836e-007	-0.0015
5.66336e-007	-0.0011875
5.66836e-007	-0.0011875
5.67336e-007	-0.000875
5.67836e-007	-0.000875
5.68336e-007	-0.000875
5.68836e-007	-0.0015
5.69336e-007	-0.002125
5.69836e-007	-0.0018125
5.70336e-007	-0.002125
5.70836e-007	-0.002125
5.71336e-007	-0.002125
5.71836e-007	-0.0024375
5.72336e-007	-0.0024375
5.72836e-007	-0.00275
5.73336e-007	-0.0024375
5.73836e-007	-0.0024375
5.74336e-007	-0.0024375
5.74836e-007	-0.0015
5.75336e-007	-0.0015
5.75836e-007	-0.0011875
5.76336e-007	-0.0011875
5.76836e-007	-0.000875
5.77336e-007	-0.00025
5.77836e-007	-0.000875
5.78336e-007	-0.0018125
5.78836e-007	-0.0018125
5.79336e-007	-0.002125
5.79836e-007	-0.0018125
5.80336e-007	-0.002125
5.80836e-007	-0.0011875
5.81336e-007	-0.0024375
5.81836e-007	-0.0030625
5.82336e-007	-0.0030625
5.82836e-007	-0.003375
5.83336e-007	-0.0024375
5.83836e-007	-0.0018125
5.84336e-007	-0.002125
5.84836e-007	-0.002125
5.85336e-007	-0.0018125
5.85836e-007	-0.0011875
5.86336e-007	-0.0015
5.86836e-007	-0.0015
5.87336e-007	-0.0005625
5.87836e-007	-0.0011875
5.88336e-007	-0.0005625
5.88836e-007	-0.000875
5.89336e-007	-0.0011875
5.89836e-007	-0.0018125
5.90336e-007	-0.00275
5.90836e-007	-0.0018125
5.91336e-007	-0.002125
5.91836e-007	-0.0024375
5.92336e-007	-0.00275
5.92836e-007	-0.0036875
5.93336e-007	-0.0024375
5.93836e-007	-0.002125
5.94336e-007	-0.002125
5.94836e-007	-0.0018125
5.95336e-007	-0.002125
5.95836e-007	-0.0015
5.96336e-007	-0.000875
5.96836e-007	-0.0005625
5.97336e-007	-0.0005625
5.97836e-007	-0.0011875
5.98336e-007	-0.0015
5.98836e-007	-0.0015
5.99336e-007	-0.002125
5.99836e-007	-0.0011875
6.00336e-007	-0.000875
6.00836e-007	-0.0005625
6.01336e-007	-0.002125
6.01836e-007	-0.0030625
6.02336e-007	-0.00275
6.02836e-007	-0.0024375
6.03336e-007	-0.00275
6.03836e-007	-0.00275
6.04336e-007	-0.0024375
6.04836e-007	-0.0018125
6.05336e-007	-0.002125
6.05836e-007	-0.002125
6.06336e-007	-0.0015
6.06836e-007	-0.0011875
6.07336e-007	-0.0015
6.07836e-007	-0.0011875
6.08336e-007	-0.000875
6.08836e-007	-0.000875
6.09336e-007	-0.000875
6.09836e-007	-0.0015
6.10336e-007	-0.0011875
6.10836e-007	-0.0018125
6.11336e-007	-0.0018125
6.11836e-007	-0.002125
6.12336e-007	-0.002125
6.12836e-007	-0.0024375
6.13336e-007	-0.0024375
6.13836e-007	-0.0024375
6.14336e-007	-0.002125
6.14836e-007	-0.0018125
6.15336e-007	-0.002125
6.15836e-007	-0.002125
6.16336e-007	-0.0011875
6.16836e-007	-0.0005625
6.17336e-007	-0.0018125
6.17836e-007	-0.0011875
6.18336e-007	-0.000875
6.18836e-007	-0.00025
6.19336e-007	-0.000875
6.19836e-007	-0.0011875
6.20336e-007	-0.0011875
6.20836e-007	-0.0015
6.21336e-007	-0.0015
6.21836e-007	-0.002125
6.22336e-007	-0.0024375
6.22836e-007	-0.0018125
6.23336e-007	-0.0024375
6.23836e-007	-0.002125
6.24336e-007	-0.0018125
6.24836e-007	-0.002125
6.25336e-007	-0.002125
6.25836e-007	-0.002125
6.26336e-007	-0.0015
6.26836e-007	-0.0005625
6.27336e-007	-0.000875
6.27836e-007	-0.0015
6.28336e-007	-0.0018125
6.28836e-007	-0.0005625
6.29336e-007	-0.0005625
6.29836e-007	-0.000875
6.30336e-007	-0.000875
6.30836e-007	-0.0015
6.31336e-007	-0.0011875
6.31836e-007	-0.0018125
6.32336e-007	-0.0024375
6.32836e-007	-0.0018125
6.33336e-007	-0.0024375
6.33836e-007	-0.002125
6.34336e-007	-0.0018125
6.34836e-007	-0.002125
6.35336e-007	-0.0015
6.35836e-007	-0.0018125
6.36336e-007	-0.0011875
6.36836e-007	-0.0005625
6.37336e-007	-0.0011875
6.37836e-007	-0.000875
6.38336e-007	-0.000875
6.38836e-007	-0.000875
6.39336e-007	-0.0018125
6.39836e-007	-0.0018125
6.40336e-007	-0.000875
6.40836e-007	-0.0018125
6.41336e-007	-0.002125
6.41836e-007	-0.002125
6.42336e-007	-0.0024375
6.42836e-007	-0.0024375
6.43336e-007	-0.0024375
6.43836e-007	-0.0011875
6.44336e-007	-0.0011875
6.44836e-007	-0.0015
6.45336e-007	-0.0018125
6.45836e-007	-0.0018125
6.46336e-007	-0.0011875
6.46836e-007	-0.0005625
6.47336e-007	-0.0005625
6.47836e-007	-0.0005625
6.48336e-007	-0.0015
6.48836e-007	-0.0011875
6.49336e-007	-0.000875
6.49836e-007	-0.0015
6.50336e-007	-0.002125
6.50836e-007	-0.002125
6.51336e-007	-0.0018125
6.51836e-007	-0.0030625
6.52336e-007	-0.0030625
6.52836e-007	-0.00275
6.53336e-007	-0.0024375
6.53836e-007	-0.002125
6.54336e-007	-0.0018125
6.54836e-007	-0.0011875
6.55336e-007	-0.0011875
6.55836e-007	-0.0011875
6.56336e-007	6.25e-005
6.56836e-007	0.000375
6.57336e-007	-0.0005625
6.57836e-007	-0.0005625
6.58336e-007	-0.0005625
6.58836e-007	-0.000875
6.59336e-007	-0.002125
6.59836e-007	-0.002125
6.60336e-007	-0.0024375
6.60836e-007	-0.0030625
6.61336e-007	-0.00275
6.61836e-007	-0.0024375
6.62336e-007	-0.003375
6.62836e-007	-0.0036875
6.63336e-007	-0.0024375
6.63836e-007	-0.0024375
6.64336e-007	-0.0024375
6.64836e-007	-0.000875
6.65336e-007	0.0006875
6.65836e-007	6.25e-005
6.66336e-007	6.25e-005
6.66836e-007	0.000375
6.67336e-007	0.0006875
6.67836e-007	0.0006875
6.68336e-007	-0.00025
6.68836e-007	-0.0011875
6.69336e-007	-0.002125
6.69836e-007	-0.0018125
6.70336e-007	-0.00275
6.70836e-007	-0.003375
6.71336e-007	-0.0030625
6.71836e-007	-0.003375
6.72336e-007	-0.003375
6.72836e-007	-0.004
6.73336e-007	-0.003375
6.73836e-007	-0.0024375
6.74336e-007	-0.0015
6.74836e-007	6.25e-005
6.75336e-007	0.0006875
6.75836e-007	0.0006875
6.76336e-007	0.0013125
6.76836e-007	0.0006875
6.77336e-007	0.001625
6.77836e-007	0.0006875
6.78336e-007	0.000375
6.78836e-007	-0.00025
6.79336e-007	-0.0015
6.79836e-007	-0.0024375
6.80336e-007	-0.003375
6.80836e-007	-0.003375
6.81336e-007	-0.003375
6.81836e-007	-0.0036875
6.82336e-007	-0.0036875
6.82836e-007	-0.003375
6.83336e-007	-0.0030625
6.83836e-007	-0.002125
6.84336e-007	-0.0018125
6.84836e-007	-0.000875
6.85336e-007	6.25e-005
6.85836e-007	0.0019375
6.86336e-007	0.0019375
6.86836e-007	0.001
6.87336e-007	0.001625
6.87836e-007	0.001
6.88336e-007	0.000375
6.88836e-007	-0.0005625
6.89336e-007	-0.0015
6.89836e-007	-0.0024375
6.90336e-007	-0.003375
6.90836e-007	-0.004
6.91336e-007	-0.004
6.91836e-007	-0.0043125
6.92336e-007	-0.0036875
6.92836e-007	-0.0036875
6.93336e-007	-0.0024375
6.93836e-007	-0.002125
6.94336e-007	-0.0015
6.94836e-007	-0.000875
6.95336e-007	0.000375
6.95836e-007	0.0019375
6.96336e-007	0.0006875
6.96836e-007	0.0013125
6.97336e-007	0.001625
6.97836e-007	6.25e-005
6.98336e-007	6.25e-005
6.98836e-007	-0.000875
6.99336e-007	-0.0018125
6.99836e-007	-0.0018125
7.00336e-007	-0.0030625
7.00836e-007	-0.0030625
7.01336e-007	-0.003375
7.01836e-007	-0.004
7.02336e-007	-0.0036875
7.02836e-007	-0.003375
7.03336e-007	-0.0024375
7.03836e-007	-0.0018125
7.04336e-007	-0.0011875
7.04836e-007	-0.00025
7.05336e-007	6.25e-005
7.05836e-007	0.000375
7.06336e-007	0.000375
7.06836e-007	0.000375
7.07336e-007	0.000375
7.07836e-007	0.000375
7.08336e-007	6.25e-005
7.08836e-007	-0.0015
7.09336e-007	-0.0018125
7.09836e-007	-0.0018125
7.10336e-007	-0.0030625
7.10836e-007	-0.0036875
7.11336e-007	-0.003375
7.11836e-007	-0.0036875
7.12336e-007	-0.0030625
7.12836e-007	-0.0024375
7.13336e-007	-0.0011875
7.13836e-007	-0.0011875
7.14336e-007	-0.00025
7.14836e-007	6.25e-005
7.15336e-007	0.0006875
7.15836e-007	0.0006875
7.16336e-007	0.0006875
7.16836e-007	0.000375
7.17336e-007	6.25e-005
7.17836e-007	-0.0005625
7.18336e-007	-0.000875
7.18836e-007	-0.002125
7.19336e-007	-0.0024375
7.19836e-007	-0.0018125
7.20336e-007	-0.00275
7.20836e-007	-0.00275
7.21336e-007	-0.0030625
7.21836e-007	-0.0024375
7.22336e-007	-0.0018125
7.22836e-007	-0.0018125
7.23336e-007	-0.0011875
7.23836e-007	-0.0005625
7.24336e-007	-0.00025
7.24836e-007	0.001
7.25336e-007	0.000375
7.25836e-007	6.25e-005
7.26336e-007	-0.0005625
7.26836e-007	-0.00025
7.27336e-007	-0.0005625
7.27836e-007	-0.000875
7.28336e-007	-0.0011875
7.28836e-007	-0.0018125
7.29336e-007	-0.0030625
7.29836e-007	-0.0030625
7.30336e-007	-0.0030625
7.30836e-007	-0.00275
7.31336e-007	-0.002125
7.31836e-007	-0.0024375
7.32336e-007	-0.0024375
7.32836e-007	-0.0011875
7.33336e-007	-0.00025
7.33836e-007	0.000375
7.34336e-007	0.0006875
7.34836e-007	0.000375
7.35336e-007	0.001
7.35836e-007	0.0006875
7.36336e-007	-0.00025
7.36836e-007	-0.0011875
7.37336e-007	-0.000875
7.37836e-007	-0.0005625
7.38336e-007	-0.002125
7.38836e-007	-0.0030625
7.39336e-007	-0.00275
7.39836e-007	-0.0030625
7.40336e-007	-0.0030625
7.40836e-007	-0.00275
7.41336e-007	-0.0018125
7.41836e-007	-0.0024375
7.42336e-007	-0.0024375
7.42836e-007	-0.0005625
7.43336e-007	0.000375
7.43836e-007	0.0006875
7.44336e-007	0.000375
7.44836e-007	0.0006875
7.45336e-007	0.0006875
7.45836e-007	6.25e-005
7.46336e-007	6.25e-005
7.46836e-007	-0.0005625
7.47336e-007	-0.0011875
7.47836e-007	-0.0018125
7.48336e-007	-0.002125
7.48836e-007	-0.0024375
7.49336e-007	-0.0030625
7.49836e-007	-0.00275
7.50336e-007	-0.00275
7.50836e-007	-0.0024375
7.51336e-007	-0.002125
7.51836e-007	-0.0015
7.52336e-007	-0.0015
7.52836e-007	-0.0005625
7.53336e-007	6.25e-005
7.53836e-007	6.25e-005
7.54336e-007	0.000375
7.54836e-007	6.25e-005
7.55336e-007	-0.00025
7.55836e-007	-0.0005625
7.56336e-007	-0.0005625
7.56836e-007	-0.0005625
7.57336e-007	-0.0005625
7.57836e-007	-0.002125
7.58336e-007	-0.0024375
7.58836e-007	-0.0024375
7.59336e-007	-0.002125
7.59836e-007	-0.0024375
7.60336e-007	-0.00275
7.60836e-007	-0.003375
7.61336e-007	-0.0024375
7.61836e-007	-0.0018125
7.62336e-007	-0.000875
7.62836e-007	-0.00025
7.63336e-007	6.25e-005
7.63836e-007	0.0006875
7.64336e-007	6.25e-005
7.64836e-007	-0.00025
7.65336e-007	0.000375
7.65836e-007	6.25e-005
7.66336e-007	-0.0005625
7.66836e-007	-0.000875
7.67336e-007	-0.0011875
7.67836e-007	-0.000875
7.68336e-007	-0.002125
7.68836e-007	-0.0018125
7.69336e-007	-0.0018125
7.69836e-007	-0.0018125
7.70336e-007	-0.0015
7.70836e-007	-0.002125
7.71336e-007	-0.0018125
7.71836e-007	-0.0011875
7.72336e-007	-0.0011875
7.72836e-007	-0.0011875
7.73336e-007	-0.000875
7.73836e-007	6.25e-005
7.74336e-007	-0.000875
7.74836e-007	-0.0005625
7.75336e-007	6.25e-005
7.75836e-007	-0.0005625
7.76336e-007	-0.0005625
7.76836e-007	-0.0005625
7.77336e-007	-0.0011875
7.77836e-007	-0.0005625
7.78336e-007	-0.0011875
7.78836e-007	-0.0018125
7.79336e-007	-0.0011875
7.79836e-007	-0.0011875
7.80336e-007	-0.0011875
7.80836e-007	-0.0015
7.81336e-007	-0.000875
7.81836e-007	-0.0011875
7.82336e-007	-0.0005625
7.82836e-007	-0.000875
7.83336e-007	-0.0015
7.83836e-007	-0.0005625
7.84336e-007	-0.0011875
7.84836e-007	-0.000875
7.85336e-007	-0.000875
7.85836e-007	-0.00025
7.86336e-007	-0.00025
7.86836e-007	-0.0018125
7.87336e-007	-0.0005625
7.87836e-007	-0.0005625
7.88336e-007	-0.0011875
7.88836e-007	-0.000875
7.89336e-007	-0.000875
7.89836e-007	-0.0005625
7.90336e-007	-0.0005625
7.90836e-007	-0.000875
7.91336e-007	-0.0011875
7.91836e-007	-0.0015
7.92336e-007	-0.000875
7.92836e-007	-0.000875
7.93336e-007	-0.0018125
7.93836e-007	-0.0005625
7.94336e-007	-0.000875
7.94836e-007	-0.0015
7.95336e-007	-0.0011875
7.95836e-007	-0.0005625
7.96336e-007	-0.0005625
7.96836e-007	-0.000875
7.97336e-007	-0.0005625
7.97836e-007	-0.00025
7.98336e-007	-0.0005625
7.98836e-007	-0.0005625
7.99336e-007	-0.00025
7.99836e-007	-0.0005625
8.00336e-007	-0.000875
8.00836e-007	-0.0005625
8.01336e-007	-0.000875
8.01836e-007	-0.0018125
8.02336e-007	-0.0011875
8.02836e-007	-0.0011875
8.03336e-007	-0.0018125
8.03836e-007	-0.002125
8.04336e-007	-0.0015
8.04836e-007	-0.000875
8.05336e-007	-0.0011875
8.05836e-007	-0.0011875
8.06336e-007	-0.000875
8.06836e-007	-0.0005625
8.07336e-007	-0.0005625
8.07836e-007	-0.0005625
8.08336e-007	6.25e-005
8.08836e-007	-0.00025
8.09336e-007	-0.00025
8.09836e-007	6.25e-005
8.10336e-007	-0.00025
8.10836e-007	-0.0005625
8.11336e-007	-0.0011875
8.11836e-007	-0.0015
8.12336e-007	-0.0011875
8.12836e-007	-0.0015
8.13336e-007	-0.0015
8.13836e-007	-0.000875
8.14336e-007	-0.0018125
8.14836e-007	-0.0011875
8.15336e-007	-0.002125
8.15836e-007	-0.0018125
8.16336e-007	-0.00025
8.16836e-007	-0.0005625
8.17336e-007	-0.00025
8.17836e-007	-0.0005625
8.18336e-007	0.000375
8.18836e-007	6.25e-005
8.19336e-007	-0.0005625
8.19836e-007	6.25e-005
8.20336e-007	-0.0005625
8.20836e-007	-0.000875
8.21336e-007	-0.00025
8.21836e-007	-0.0005625
8.22336e-007	-0.0011875
8.22836e-007	-0.0018125
8.23336e-007	-0.002125
8.23836e-007	-0.0015
8.24336e-007	-0.0015
8.24836e-007	-0.0011875
8.25336e-007	-0.0015
8.25836e-007	-0.0005625
8.26336e-007	-0.00025
8.26836e-007	-0.00025
8.27336e-007	-0.00025
8.27836e-007	-0.0005625
8.28336e-007	6.25e-005
8.28836e-007	-0.0005625
8.29336e-007	-0.0005625
8.29836e-007	-0.0005625
8.30336e-007	-0.0011875
8.30836e-007	-0.0015
8.31336e-007	-0.0018125
8.31836e-007	-0.0015
8.32336e-007	-0.0011875
8.32836e-007	-0.0011875
8.33336e-007	-0.0011875
8.33836e-007	-0.0015
8.34336e-007	-0.0011875
8.34836e-007	-0.00025
8.35336e-007	-0.0005625
8.35836e-007	-0.0005625
8.36336e-007	6.25e-005
8.36836e-007	6.25e-005
8.37336e-007	6.25e-005
8.37836e-007	6.25e-005
8.38336e-007	6.25e-005
8.38836e-007	-0.0005625
8.39336e-007	-0.0005625
8.39836e-007	-0.000875
8.40336e-007	-0.000875
8.40836e-007	-0.0015
8.41336e-007	-0.0018125
8.41836e-007	-0.0015
8.42336e-007	-0.0011875
8.42836e-007	-0.0018125
8.43336e-007	-0.0015
8.43836e-007	-0.0011875
8.44336e-007	-0.0011875
8.44836e-007	-0.0005625
8.45336e-007	-0.0005625
8.45836e-007	-0.00025
8.46336e-007	0.0006875
8.46836e-007	-0.00025
8.47336e-007	-0.00025
8.47836e-007	6.25e-005
8.48336e-007	6.25e-005
8.48836e-007	-0.0005625
8.49336e-007	-0.0005625
8.49836e-007	-0.000875
8.50336e-007	-0.0011875
8.50836e-007	-0.0011875
8.51336e-007	-0.0018125
8.51836e-007	-0.0015
8.52336e-007	-0.0015
8.52836e-007	-0.0011875
8.53336e-007	-0.000875
8.53836e-007	-0.000875
8.54336e-007	-0.000875
8.54836e-007	-0.000875
8.55336e-007	-0.000875
8.55836e-007	6.25e-005
8.56336e-007	0.000375
8.56836e-007	6.25e-005
8.57336e-007	-0.00025
8.57836e-007	0.000375
8.58336e-007	0.000375
8.58836e-007	-0.0005625
8.59336e-007	-0.0011875
8.59836e-007	-0.000875
8.60336e-007	-0.000875
8.60836e-007	-0.0011875
8.61336e-007	-0.0015
8.61836e-007	-0.0015
8.62336e-007	-0.000875
8.62836e-007	-0.0005625
8.63336e-007	-0.0005625
8.63836e-007	-0.000875
8.64336e-007	-0.000875
8.64836e-007	-0.00025
8.65336e-007	6.25e-005
8.65836e-007	-0.0005625
8.66336e-007	-0.00025
8.66836e-007	-0.0005625
8.67336e-007	-0.0005625
8.67836e-007	-0.00025
8.68336e-007	-0.00025
8.68836e-007	-0.0011875
8.69336e-007	-0.000875
8.69836e-007	-0.000875
8.70336e-007	-0.0018125
8.70836e-007	-0.0011875
8.71336e-007	-0.000875
8.71836e-007	-0.0011875
8.72336e-007	-0.0005625
8.72836e-007	6.25e-005
8.73336e-007	-0.00025
8.73836e-007	6.25e-005
8.74336e-007	-0.00025
8.74836e-007	-0.00025
8.75336e-007	-0.0005625
8.75836e-007	-0.00025
8.76336e-007	0.000375
8.76836e-007	-0.000875
8.77336e-007	-0.0015
8.77836e-007	-0.0005625
8.78336e-007	-0.000875
8.78836e-007	-0.0005625
8.79336e-007	-0.0011875
8.79836e-007	-0.0011875
8.80336e-007	-0.000875
8.80836e-007	-0.0011875
8.81336e-007	-0.00025
8.81836e-007	-0.00025
8.82336e-007	6.25e-005
8.82836e-007	0.0006875
8.83336e-007	0.0006875
8.83836e-007	0.0006875
8.84336e-007	-0.00025
8.84836e-007	-0.0005625
8.85336e-007	-0.0005625
8.85836e-007	-0.0005625
8.86336e-007	-0.0005625
8.86836e-007	-0.0011875
8.87336e-007	-0.0011875
8.87836e-007	-0.0011875
8.88336e-007	-0.002125
8.88836e-007	-0.0015
8.89336e-007	-0.0015
8.89836e-007	-0.000875
8.90336e-007	-0.000875
8.90836e-007	-0.0005625
8.91336e-007	-0.0005625
8.91836e-007	-0.00025
8.92336e-007	0.000375
8.92836e-007	6.25e-005
8.93336e-007	6.25e-005
8.93836e-007	6.25e-005
8.94336e-007	-0.0005625
8.94836e-007	6.25e-005
8.95336e-007	6.25e-005
8.95836e-007	-0.0005625
8.96336e-007	-0.0018125
8.96836e-007	-0.0011875
8.97336e-007	-0.0011875
8.97836e-007	-0.002125
8.98336e-007	-0.0018125
8.98836e-007	-0.0011875
8.99336e-007	-0.0018125
8.99836e-007	-0.000875
9.00336e-007	-0.0005625
9.00836e-007	-0.00025
9.01336e-007	-0.000875
9.01836e-007	-0.0005625
9.02336e-007	6.25e-005
9.02836e-007	0.000375
9.03336e-007	0.001
9.03836e-007	6.25e-005
9.04336e-007	6.25e-005
9.04836e-007	6.25e-005
9.05336e-007	-0.000875
9.05836e-007	-0.0011875
9.06336e-007	-0.000875
9.06836e-007	-0.0015
9.07336e-007	-0.0015
9.07836e-007	-0.002125
9.08336e-007	-0.0018125
9.08836e-007	-0.0005625
9.09336e-007	-0.0005625
9.09836e-007	-0.0011875
9.10336e-007	-0.0011875
9.10836e-007	-0.000875
9.11336e-007	-0.00025
9.11836e-007	-0.00025
9.12336e-007	0.000375
9.12836e-007	0.000375
9.13336e-007	0.0006875
9.13836e-007	0.0006875
9.14336e-007	6.25e-005
9.14836e-007	-0.0005625
9.15336e-007	-0.0005625
9.15836e-007	-0.0005625
9.16336e-007	-0.0018125
9.16836e-007	-0.0018125
9.17336e-007	-0.0018125
9.17836e-007	-0.0018125
9.18336e-007	-0.0015
9.18836e-007	-0.0011875
9.19336e-007	-0.000875
9.19836e-007	-0.000875
9.20336e-007	-0.00025
9.20836e-007	0.0006875
9.21336e-007	0.000375
9.21836e-007	6.25e-005
9.22336e-007	6.25e-005
9.22836e-007	6.25e-005
9.23336e-007	0.000375
9.23836e-007	6.25e-005
9.24336e-007	6.25e-005
9.24836e-007	-0.000875
9.25336e-007	-0.0011875
9.25836e-007	-0.0015
9.26336e-007	-0.0018125
9.26836e-007	-0.0011875
9.27336e-007	-0.000875
9.27836e-007	-0.0015
9.28336e-007	-0.000875
9.28836e-007	-0.000875
9.29336e-007	-0.0005625
9.29836e-007	-0.000875
9.30336e-007	-0.00025
9.30836e-007	0.000375
9.31336e-007	0.000375
9.31836e-007	6.25e-005
9.32336e-007	-0.00025
9.32836e-007	-0.0005625
9.33336e-007	6.25e-005
9.33836e-007	-0.00025
9.34336e-007	-0.0011875
9.34836e-007	-0.0018125
9.35336e-007	-0.0011875
9.35836e-007	-0.0011875
9.36336e-007	-0.0018125
9.36836e-007	-0.0015
9.37336e-007	-0.0018125
9.37836e-007	-0.000875
9.38336e-007	-0.0005625
9.38836e-007	6.25e-005
9.39336e-007	0.000375
9.39836e-007	0.0006875
9.40336e-007	0.000375
9.40836e-007	0.000375
9.41336e-007	6.25e-005
9.41836e-007	-0.0005625
9.42336e-007	-0.00025
9.42836e-007	0.000375
9.43336e-007	-0.0005625
9.43836e-007	-0.0024375
9.44336e-007	-0.0018125
9.44836e-007	-0.0011875
9.45336e-007	-0.0015
9.45836e-007	-0.0018125
9.46336e-007	-0.0018125
9.46836e-007	-0.0018125
9.47336e-007	-0.0015
9.47836e-007	-0.0011875
9.48336e-007	-0.00025
9.48836e-007	6.25e-005
9.49336e-007	0.0006875
9.49836e-007	6.25e-005
9.50336e-007	0.0013125
9.50836e-007	0.0013125
9.51336e-007	0.001
9.51836e-007	-0.00025
9.52336e-007	-0.0005625
9.52836e-007	-0.000875
9.53336e-007	-0.0011875
9.53836e-007	-0.0018125
9.54336e-007	-0.0018125
9.54836e-007	-0.0024375
9.55336e-007	-0.00275
9.55836e-007	-0.0024375
9.56336e-007	-0.002125
9.56836e-007	-0.0011875
9.57336e-007	-0.0005625
9.57836e-007	-0.0005625
9.58336e-007	0.0006875
9.58836e-007	0.0019375
9.59336e-007	0.0013125
9.59836e-007	0.0013125
9.60336e-007	0.001625
9.60836e-007	0.001
9.61336e-007	6.25e-005
9.61836e-007	0.000375
9.62336e-007	-0.0005625
9.62836e-007	-0.000875
9.63336e-007	-0.0015
9.63836e-007	-0.0018125
9.64336e-007	-0.00275
9.64836e-007	-0.0030625
9.65336e-007	-0.0024375
9.65836e-007	-0.002125
9.66336e-007	-0.0015
9.66836e-007	-0.0005625
9.67336e-007	-0.0005625
9.67836e-007	6.25e-005
9.68336e-007	0.001
9.68836e-007	0.0013125
9.69336e-007	0.0013125
9.69836e-007	-0.00025
9.70336e-007	0.0006875
9.70836e-007	0.001
9.71336e-007	0.0013125
9.71836e-007	6.25e-005
9.72336e-007	-0.0005625
9.72836e-007	-0.0005625
9.73336e-007	-0.0018125
9.73836e-007	-0.0024375
9.74336e-007	-0.0024375
9.74836e-007	-0.00275
9.75336e-007	-0.002125
9.75836e-007	-0.0024375
9.76336e-007	-0.002125
9.76836e-007	-0.0011875
9.77336e-007	-0.0005625
9.77836e-007	-0.00025
9.78336e-007	0.0006875
9.78836e-007	0.0013125
9.79336e-007	0.001
9.79836e-007	0.0006875
9.80336e-007	0.0006875
9.80836e-007	0.0006875
9.81336e-007	0.000375
9.81836e-007	6.25e-005
9.82336e-007	-0.0005625
9.82836e-007	-0.0011875
9.83336e-007	-0.002125
9.83836e-007	-0.0018125
9.84336e-007	-0.0024375
9.84836e-007	-0.0018125
9.85336e-007	-0.0018125
9.85836e-007	-0.0018125
9.86336e-007	-0.0005625
9.86836e-007	-0.000875
9.87336e-007	6.25e-005
9.87836e-007	0.0013125
9.88336e-007	0.001
9.88836e-007	0.000375
9.89336e-007	6.25e-005
9.89836e-007	6.25e-005
9.90336e-007	0.000375
9.90836e-007	6.25e-005
9.91336e-007	6.25e-005
9.91836e-007	-0.0005625
9.92336e-007	-0.000875
9.92836e-007	-0.0015
9.93336e-007	-0.0024375
9.93836e-007	-0.0030625
9.94336e-007	-0.0024375
9.94836e-007	-0.002125
9.95336e-007	-0.0015
9.95836e-007	-0.0005625
9.96336e-007	-0.00025
9.96836e-007	-0.00025
9.97336e-007	0.000375
9.97836e-007	0.0006875
9.98336e-007	0.0006875
9.98836e-007	6.25e-005
9.99336e-007	0.001
9.99836e-007	0.001
1.000336e-006	6.25e-005
1.000836e-006	-0.00025
1.001336e-006	-0.0011875
1.001836e-006	-0.0011875
1.002336e-006	-0.000875
1.002836e-006	-0.0011875
1.003336e-006	-0.0018125
1.003836e-006	-0.0015
1.004336e-006	-0.0018125
1.004836e-006	-0.0011875
1.005336e-006	-0.000875
1.005836e-006	6.25e-005
1.006336e-006	6.25e-005
1.006836e-006	0.000375
1.007336e-006	0.0006875
1.007836e-006	0.0006875
1.008336e-006	0.0006875
1.008836e-006	0.0006875
1.009336e-006	0.000375
1.009836e-006	6.25e-005
1.010336e-006	-0.000875
1.010836e-006	-0.000875
1.011336e-006	-0.00025
1.011836e-006	-0.0011875
1.012336e-006	-0.0024375
1.012836e-006	-0.0024375
1.013336e-006	-0.0018125
1.013836e-006	-0.0018125
1.014336e-006	-0.0015
1.014836e-006	-0.0005625
1.015336e-006	-0.0005625
1.015836e-006	0.000375
1.016336e-006	0.001
1.016836e-006	0.0006875
1.017336e-006	0.001
1.017836e-006	0.000375
1.018336e-006	0.001
1.018836e-006	0.001
1.019336e-006	6.25e-005
1.019836e-006	-0.0005625
1.020336e-006	-0.0015
1.020836e-006	-0.0015
1.021336e-006	-0.0018125
1.021836e-006	-0.0018125
1.022336e-006	-0.0018125
1.022836e-006	-0.0024375
1.023336e-006	-0.002125
1.023836e-006	-0.0015
1.024336e-006	-0.0011875
1.024836e-006	-0.000875
1.025336e-006	-0.0005625
1.025836e-006	0.000375
1.026336e-006	0.000375
1.026836e-006	0.0006875
1.027336e-006	0.0006875
1.027836e-006	0.000375
1.028336e-006	0.0013125
1.028836e-006	0.0006875
1.029336e-006	6.25e-005
1.029836e-006	-0.00025
1.030336e-006	-0.0011875
1.030836e-006	-0.0018125
1.031336e-006	-0.002125
1.031836e-006	-0.0024375
1.032336e-006	-0.0018125
1.032836e-006	-0.0015
1.033336e-006	-0.0011875
1.033836e-006	-0.0011875
1.034336e-006	-0.0005625
1.034836e-006	-0.0005625
1.035336e-006	-0.0005625
1.035836e-006	6.25e-005
1.036336e-006	6.25e-005
1.036836e-006	0.000375
1.037336e-006	0.0006875
1.037836e-006	0.0006875
1.038336e-006	0.0006875
1.038836e-006	6.25e-005
1.039336e-006	-0.00025
1.039836e-006	-0.000875
1.040336e-006	-0.0015
1.040836e-006	-0.0018125
1.041336e-006	-0.0015
1.041836e-006	-0.0011875
1.042336e-006	-0.0011875
1.042836e-006	-0.0015
1.043336e-006	-0.0011875
1.043836e-006	-0.0005625
1.044336e-006	-0.000875
1.044836e-006	-0.0005625
1.045336e-006	-0.0005625
1.045836e-006	-0.00025
1.046336e-006	6.25e-005
1.046836e-006	0.000375
1.047336e-006	0.000375
1.047836e-006	0.0006875
1.048336e-006	6.25e-005
1.048836e-006	-0.00025
1.049336e-006	-0.00025
1.049836e-006	-0.000875
1.050336e-006	-0.0011875
1.050836e-006	-0.000875
1.051336e-006	-0.000875
1.051836e-006	-0.0011875
1.052336e-006	-0.0018125
1.052836e-006	-0.0011875
1.053336e-006	-0.00025
1.053836e-006	-0.00025
1.054336e-006	-0.000875
1.054836e-006	-0.0005625
1.055336e-006	6.25e-005
1.055836e-006	-0.0005625
1.056336e-006	-0.000875
1.056836e-006	6.25e-005
1.057336e-006	-0.00025
1.057836e-006	-0.00025
1.058336e-006	6.25e-005
1.058836e-006	-0.0005625
1.059336e-006	-0.000875
1.059836e-006	-0.000875
1.060336e-006	-0.0011875
1.060836e-006	-0.0005625
1.061336e-006	-0.000875
1.061836e-006	-0.000875
1.062336e-006	-0.0005625
1.062836e-006	6.25e-005
1.063336e-006	6.25e-005
1.063836e-006	6.25e-005
1.064336e-006	0.000375
1.064836e-006	6.25e-005
1.065336e-006	-0.00025
1.065836e-006	6.25e-005
1.066336e-006	-0.0005625
1.066836e-006	-0.000875
1.067336e-006	-0.0005625
1.067836e-006	-0.000875
1.068336e-006	-0.0015
1.068836e-006	-0.0011875
1.069336e-006	-0.000875
1.069836e-006	-0.0015
1.070336e-006	-0.0015
1.070836e-006	-0.000875
1.071336e-006	-0.000875
1.071836e-006	-0.0005625
1.072336e-006	-0.00025
1.072836e-006	6.25e-005
1.073336e-006	0.001
1.073836e-006	0.001
1.074336e-006	0.001
1.074836e-006	0.000375
1.075336e-006	6.25e-005
1.075836e-006	-0.00025
1.076336e-006	-0.000875
1.076836e-006	-0.0011875
1.077336e-006	-0.0011875
1.077836e-006	-0.0011875
1.078336e-006	-0.0018125
1.078836e-006	-0.002125
1.079336e-006	-0.0018125
1.079836e-006	-0.0018125
1.080336e-006	-0.000875
1.080836e-006	-0.0011875
1.081336e-006	-0.000875
1.081836e-006	6.25e-005
1.082336e-006	0.000375
1.082836e-006	6.25e-005
1.083336e-006	6.25e-005
1.083836e-006	0.000375
1.084336e-006	0.000375
1.084836e-006	0.000375
1.085336e-006	-0.0005625
1.085836e-006	-0.0005625
1.086336e-006	-0.000875
1.086836e-006	-0.000875
1.087336e-006	-0.0015
1.087836e-006	-0.0015
1.088336e-006	-0.0018125
1.088836e-006	-0.0015
1.089336e-006	-0.0015
1.089836e-006	-0.002125
1.090336e-006	-0.0018125
1.090836e-006	-0.000875
1.091336e-006	-0.0011875
1.091836e-006	-0.000875
1.092336e-006	-0.0005625
1.092836e-006	0.0006875
1.093336e-006	0.000375
1.093836e-006	0.000375
1.094336e-006	0.0006875
1.094836e-006	0.000375
1.095336e-006	0.000375
1.095836e-006	6.25e-005
1.096336e-006	-0.00025
1.096836e-006	-0.0011875
1.097336e-006	-0.002125
1.097836e-006	-0.0018125
1.098336e-006	-0.000875
1.098836e-006	-0.0011875
1.099336e-006	-0.0015
1.099836e-006	-0.0015
1.100336e-006	-0.0011875
1.100836e-006	-0.0011875
1.101336e-006	-0.000875
1.101836e-006	-0.0011875
1.102336e-006	-0.000875
1.102836e-006	-0.00025
1.103336e-006	-0.0005625
1.103836e-006	6.25e-005
1.104336e-006	0.000375
1.104836e-006	-0.00025
1.105336e-006	6.25e-005
1.105836e-006	0.000375
1.106336e-006	-0.00025
1.106836e-006	-0.00025
1.107336e-006	-0.0015
1.107836e-006	-0.0015
1.108336e-006	-0.0015
1.108836e-006	-0.0005625
1.109336e-006	-0.0011875
1.109836e-006	-0.0011875
1.110336e-006	-0.0005625
1.110836e-006	-0.0005625
1.111336e-006	-0.0011875
1.111836e-006	-0.000875
1.112336e-006	-0.000875
1.112836e-006	-0.00025
1.113336e-006	6.25e-005
1.113836e-006	6.25e-005
1.114336e-006	-0.00025
1.114836e-006	6.25e-005
1.115336e-006	6.25e-005
1.115836e-006	-0.0005625
1.116336e-006	-0.0005625
1.116836e-006	-0.0011875
1.117336e-006	6.25e-005
1.117836e-006	-0.000875
1.118336e-006	-0.0011875
1.118836e-006	-0.0005625
1.119336e-006	-0.0005625
1.119836e-006	-0.0011875
1.120336e-006	-0.000875
1.120836e-006	-0.0005625
1.121336e-006	-0.00025
1.121836e-006	-0.00025
1.122336e-006	-0.00025
1.122836e-006	-0.00025
1.123336e-006	-0.000875
1.123836e-006	-0.0015
1.124336e-006	-0.0011875
1.124836e-006	-0.00025
1.125336e-006	0.0006875
1.125836e-006	-0.0005625
1.126336e-006	-0.0024375
1.126836e-006	-0.0015
1.127336e-006	-0.0011875
1.127836e-006	-0.00025
1.128336e-006	-0.00025
1.128836e-006	-0.0005625
1.129336e-006	-0.0005625
1.129836e-006	6.25e-005
1.130336e-006	-0.000875
1.130836e-006	6.25e-005
1.131336e-006	6.25e-005
1.131836e-006	6.25e-005
1.132336e-006	-0.000875
1.132836e-006	-0.000875
1.133336e-006	-0.000875
1.133836e-006	-0.0005625
1.134336e-006	-0.00025
1.134836e-006	-0.0011875
1.135336e-006	-0.0015
1.135836e-006	-0.0005625
1.136336e-006	-0.000875
1.136836e-006	-0.0015
1.137336e-006	-0.000875
1.137836e-006	-0.0005625
1.138336e-006	-0.0005625
1.138836e-006	-0.0005625
1.139336e-006	-0.00025
1.139836e-006	-0.0005625
1.140336e-006	-0.00025
1.140836e-006	-0.000875
1.141336e-006	-0.00025
1.141836e-006	0.0006875
1.142336e-006	-0.00025
1.142836e-006	-0.000875
1.143336e-006	0.000375
1.143836e-006	-0.0005625
1.144336e-006	-0.0018125
1.144836e-006	-0.0018125
1.145336e-006	-0.000875
1.145836e-006	-0.000875
1.146336e-006	-0.0018125
1.146836e-006	-0.000875
1.147336e-006	-0.0005625
1.147836e-006	-0.0011875
1.148336e-006	-0.0011875
1.148836e-006	-0.0011875
1.149336e-006	-0.0005625
1.149836e-006	6.25e-005
1.150336e-006	-0.0005625
1.150836e-006	6.25e-005
1.151336e-006	0.000375
1.151836e-006	0.001
1.152336e-006	6.25e-005
1.152836e-006	6.25e-005
1.153336e-006	6.25e-005
1.153836e-006	-0.0005625
1.154336e-006	-0.0005625
1.154836e-006	-0.0005625
1.155336e-006	-0.0011875
1.155836e-006	-0.000875
1.156336e-006	-0.0011875
1.156836e-006	-0.000875
1.157336e-006	-0.0011875
1.157836e-006	-0.0005625
1.158336e-006	-0.0011875
1.158836e-006	-0.002125
1.159336e-006	-0.0011875
1.159836e-006	-0.0005625
1.160336e-006	-0.0005625
1.160836e-006	6.25e-005
1.161336e-006	0.000375
1.161836e-006	0.000375
1.162336e-006	6.25e-005
1.162836e-006	6.25e-005
1.163336e-006	0.000375
1.163836e-006	6.25e-005
1.164336e-006	0.000375
1.164836e-006	-0.0011875
1.165336e-006	-0.0005625
1.165836e-006	-0.0005625
1.166336e-006	-0.0011875
1.166836e-006	-0.0015
1.167336e-006	-0.002125
1.167836e-006	-0.0011875
1.168336e-006	-0.0015
1.168836e-006	-0.0018125
1.169336e-006	-0.0015
1.169836e-006	-0.000875
1.170336e-006	-0.0011875
1.170836e-006	-0.000875
1.171336e-006	-0.0005625
1.171836e-006	0.000375
1.172336e-006	0.0006875
1.172836e-006	0.001
1.173336e-006	6.25e-005
1.173836e-006	0.000375
1.174336e-006	0.0013125
1.174836e-006	6.25e-005
1.175336e-006	-0.00025
1.175836e-006	-0.00025
1.176336e-006	-0.000875
1.176836e-006	-0.0015
1.177336e-006	-0.0011875
1.177836e-006	-0.0015
1.178336e-006	-0.0024375
1.178836e-006	-0.0018125
1.179336e-006	-0.0018125
1.179836e-006	-0.0018125
1.180336e-006	-0.0015
1.180836e-006	-0.0015
1.181336e-006	-0.000875
1.181836e-006	-0.00025
1.182336e-006	6.25e-005
1.182836e-006	0.000375
1.183336e-006	0.0013125
1.183836e-006	0.0013125
1.184336e-006	0.001
1.184836e-006	0.000375
1.185336e-006	0.000375
1.185836e-006	-0.0005625
1.186336e-006	6.25e-005
1.186836e-006	-0.000875
1.187336e-006	-0.0018125
1.187836e-006	-0.002125
1.188336e-006	-0.00275
1.188836e-006	-0.0024375
1.189336e-006	-0.0015
1.189836e-006	-0.0024375
1.190336e-006	-0.002125
1.190836e-006	-0.0011875
1.191336e-006	-0.00025
1.191836e-006	6.25e-005
1.192336e-006	6.25e-005
1.192836e-006	0.000375
1.193336e-006	0.0006875
1.193836e-006	0.001
1.194336e-006	0.001
1.194836e-006	0.0013125
1.195336e-006	0.001
1.195836e-006	-0.00025
1.196336e-006	-0.000875
1.196836e-006	-0.0005625
1.197336e-006	-0.0011875
1.197836e-006	-0.0011875
1.198336e-006	-0.0018125
1.198836e-006	-0.0024375
1.199336e-006	-0.00275
1.199836e-006	-0.002125
1.200336e-006	-0.0018125
1.200836e-006	-0.0015
1.201336e-006	-0.0005625
1.201836e-006	6.25e-005
1.202336e-006	0.0006875
1.202836e-006	0.001
1.203336e-006	0.0013125
1.203836e-006	0.001
1.204336e-006	0.0013125
1.204836e-006	0.000375
1.205336e-006	0.000375
1.205836e-006	6.25e-005
1.206336e-006	-0.00025
1.206836e-006	-0.000875
1.207336e-006	-0.000875
1.207836e-006	-0.0011875
1.208336e-006	-0.002125
1.208836e-006	-0.0018125
1.209336e-006	-0.0011875
1.209836e-006	-0.0015
1.210336e-006	-0.0015
1.210836e-006	-0.0011875
1.211336e-006	-0.00025
1.211836e-006	-0.00025
1.212336e-006	-0.00025
1.212836e-006	0.0006875
1.213336e-006	0.0006875
1.213836e-006	0.0013125
1.214336e-006	0.0006875
1.214836e-006	0.000375
1.215336e-006	0.0006875
1.215836e-006	-0.00025
1.216336e-006	-0.0005625
1.216836e-006	-0.000875
1.217336e-006	-0.0018125
1.217836e-006	-0.000875
1.218336e-006	-0.0018125
1.218836e-006	-0.0011875
1.219336e-006	-0.000875
1.219836e-006	-0.0011875
1.220336e-006	-0.00025
1.220836e-006	-0.00025
1.221336e-006	6.25e-005
1.221836e-006	6.25e-005
1.222336e-006	0.0006875
1.222836e-006	0.0006875
1.223336e-006	6.25e-005
1.223836e-006	0.000375
1.224336e-006	6.25e-005
1.224836e-006	6.25e-005
1.225336e-006	-0.0005625
1.225836e-006	-0.0011875
1.226336e-006	-0.0018125
1.226836e-006	-0.002125
1.227336e-006	-0.0015
1.227836e-006	-0.0018125
1.228336e-006	-0.000875
1.228836e-006	-0.0011875
1.229336e-006	-0.0015
1.229836e-006	-0.00025
1.230336e-006	0.0006875
1.230836e-006	0.0006875
1.231336e-006	0.0006875
1.231836e-006	0.0006875
1.232336e-006	0.001
1.232836e-006	0.0006875
1.233336e-006	0.0006875
1.233836e-006	6.25e-005
1.234336e-006	-0.00025
1.234836e-006	-0.0005625
1.235336e-006	-0.0011875
1.235836e-006	-0.0018125
1.236336e-006	-0.0024375
1.236836e-006	-0.0018125
1.237336e-006	-0.0018125
1.237836e-006	-0.0015
1.238336e-006	-0.0011875
1.238836e-006	-0.0005625
1.239336e-006	-0.00025
1.239836e-006	6.25e-005
1.240336e-006	-0.00025
1.240836e-006	0.000375
1.241336e-006	0.0019375
1.241836e-006	0.001625
1.242336e-006	6.25e-005
1.242836e-006	-0.00025
1.243336e-006	0.0006875
1.243836e-006	6.25e-005
1.244336e-006	-0.0005625
1.244836e-006	-0.0005625
1.245336e-006	-0.0018125
1.245836e-006	-0.0015
1.246336e-006	-0.0018125
1.246836e-006	-0.0024375
1.247336e-006	-0.0015
1.247836e-006	-0.0015
1.248336e-006	-0.0018125
1.248836e-006	-0.0018125
1.249336e-006	-0.00025
1.249836e-006	6.25e-005
1.250336e-006	0.0013125
1.250836e-006	0.0013125
1.251336e-006	0.0006875
1.251836e-006	0.0013125
1.252336e-006	0.001625
1.252836e-006	0.001
1.253336e-006	0.001625
1.253836e-006	6.25e-005
1.254336e-006	6.25e-005
1.254836e-006	-0.0005625
1.255336e-006	-0.0015
1.255836e-006	-0.0015
1.256336e-006	-0.0024375
1.256836e-006	-0.0018125
1.257336e-006	-0.002125
1.257836e-006	-0.002125
1.258336e-006	-0.0015
1.258836e-006	-0.000875
1.259336e-006	6.25e-005
1.259836e-006	0.000375
1.260336e-006	0.000375
1.260836e-006	0.0013125
1.261336e-006	0.000375
1.261836e-006	0.001
1.262336e-006	0.0019375
1.262836e-006	0.0013125
1.263336e-006	0.000375
1.263836e-006	-0.0005625
1.264336e-006	6.25e-005
1.264836e-006	-0.0005625
1.265336e-006	-0.000875
1.265836e-006	-0.0018125
1.266336e-006	-0.0024375
1.266836e-006	-0.0018125
1.267336e-006	-0.002125
1.267836e-006	-0.0018125
1.268336e-006	-0.0005625
1.268836e-006	-0.0005625
1.269336e-006	0.000375
1.269836e-006	6.25e-005
1.270336e-006	0.001
1.270836e-006	0.001
1.271336e-006	0.001
1.271836e-006	0.0019375
1.272336e-006	0.0019375
1.272836e-006	0.000375
1.273336e-006	-0.00025
1.273836e-006	-0.00025
1.274336e-006	6.25e-005
1.274836e-006	-0.0011875
1.275336e-006	-0.0011875
1.275836e-006	-0.0005625
1.276336e-006	-0.002125
1.276836e-006	-0.002125
1.277336e-006	-0.0024375
1.277836e-006	-0.0011875
1.278336e-006	-0.0005625
1.278836e-006	-0.000875
1.279336e-006	6.25e-005
1.279836e-006	0.0006875
1.280336e-006	0.0013125
1.280836e-006	0.001625
1.281336e-006	0.001
1.281836e-006	0.001625
1.282336e-006	0.001
1.282836e-006	0.000375
1.283336e-006	6.25e-005
1.283836e-006	-0.00025
1.284336e-006	6.25e-005
1.284836e-006	-0.000875
1.285336e-006	-0.002125
1.285836e-006	-0.0015
1.286336e-006	-0.0015
1.286836e-006	-0.000875
1.287336e-006	-0.000875
1.287836e-006	-0.0011875
1.288336e-006	-0.00025
1.288836e-006	-0.000875
1.289336e-006	0.0006875
1.289836e-006	0.0013125
1.290336e-006	0.0013125
1.290836e-006	0.001
1.291336e-006	0.0013125
1.291836e-006	0.001
1.292336e-006	0.0006875
1.292836e-006	6.25e-005
1.293336e-006	-0.00025
1.293836e-006	-0.0005625
1.294336e-006	-0.000875
1.294836e-006	-0.0015
1.295336e-006	-0.0011875
1.295836e-006	-0.000875
1.296336e-006	-0.0018125
1.296836e-006	-0.0018125
1.297336e-006	-0.0015
1.297836e-006	-0.000875
1.298336e-006	-0.00025
1.298836e-006	6.25e-005
1.299336e-006	-0.00025
1.299836e-006	0.0006875
1.300336e-006	0.001
1.300836e-006	0.0006875
1.301336e-006	-0.00025
1.301836e-006	0.000375
1.302336e-006	0.001
1.302836e-006	-0.00025
1.303336e-006	-0.000875
1.303836e-006	-0.00025
1.304336e-006	-0.000875
1.304836e-006	-0.0015
1.305336e-006	-0.0024375
1.305836e-006	-0.0024375
1.306336e-006	-0.0018125
1.306836e-006	-0.000875
1.307336e-006	-0.000875
1.307836e-006	-0.0005625
1.308336e-006	-0.0005625
1.308836e-006	-0.000875
1.309336e-006	-0.00025
1.309836e-006	0.000375
1.310336e-006	0.0013125
1.310836e-006	0.001
1.311336e-006	0.001
1.311836e-006	0.000375
1.312336e-006	0.001
1.312836e-006	-0.00025
1.313336e-006	-0.00025
1.313836e-006	-0.00025
1.314336e-006	-0.0005625
1.314836e-006	-0.0011875
1.315336e-006	-0.0015
1.315836e-006	-0.0011875
1.316336e-006	-0.0011875
1.316836e-006	-0.0015
1.317336e-006	-0.0005625
1.317836e-006	-0.0005625
1.318336e-006	0.000375
1.318836e-006	0.0006875
1.319336e-006	-0.00025
1.319836e-006	0.000375
1.320336e-006	0.001
1.320836e-006	0.001625
1.321336e-006	0.0006875
1.321836e-006	-0.00025
1.322336e-006	0.000375
1.322836e-006	0.0006875
1.323336e-006	-0.0005625
1.323836e-006	-0.00025
1.324336e-006	-0.000875
1.324836e-006	-0.0005625
1.325336e-006	-0.000875
1.325836e-006	-0.002125
1.326336e-006	-0.002125
1.326836e-006	-0.0005625
1.327336e-006	-0.0005625
1.327836e-006	-0.0011875
1.328336e-006	-0.00025
1.328836e-006	6.25e-005
1.329336e-006	-0.00025
1.329836e-006	0.000375
1.330336e-006	0.0006875
1.330836e-006	0.0006875
1.331336e-006	0.001
1.331836e-006	-0.0005625
1.332336e-006	-0.0005625
1.332836e-006	-0.000875
1.333336e-006	-0.0005625
1.333836e-006	-0.00025
1.334336e-006	-0.0005625
1.334836e-006	-0.0018125
1.335336e-006	-0.0018125
1.335836e-006	-0.0018125
1.336336e-006	-0.0005625
1.336836e-006	-0.00025
1.337336e-006	-0.00025
1.337836e-006	-0.0005625
1.338336e-006	6.25e-005
1.338836e-006	6.25e-005
1.339336e-006	0.000375
1.339836e-006	0.0006875
1.340336e-006	0.0006875
1.340836e-006	0.0006875
1.341336e-006	6.25e-005
1.341836e-006	-0.0005625
1.342336e-006	-0.00025
1.342836e-006	6.25e-005
1.343336e-006	-0.0011875
1.343836e-006	-0.0005625
1.344336e-006	-0.0005625
1.344836e-006	-0.000875
1.345336e-006	-0.0011875
1.345836e-006	-0.0015
1.346336e-006	-0.0011875
1.346836e-006	-0.000875
1.347336e-006	-0.000875
1.347836e-006	-0.00025
1.348336e-006	-0.00025
1.348836e-006	-0.00025
1.349336e-006	-0.00025
1.349836e-006	6.25e-005
1.350336e-006	0.000375
1.350836e-006	6.25e-005
1.351336e-006	6.25e-005
1.351836e-006	6.25e-005
1.352336e-006	-0.00025
1.352836e-006	-0.000875
1.353336e-006	-0.0005625
1.353836e-006	-0.000875
1.354336e-006	-0.0011875
1.354836e-006	-0.002125
1.355336e-006	-0.0011875
1.355836e-006	-0.0011875
1.356336e-006	-0.000875
1.356836e-006	-0.000875
1.357336e-006	-0.00025
1.357836e-006	-0.00025
1.358336e-006	0.000375
1.358836e-006	6.25e-005
1.359336e-006	0.0006875
1.359836e-006	6.25e-005
1.360336e-006	-0.00025
1.360836e-006	0.0006875
1.361336e-006	0.000375
1.361836e-006	-0.00025
1.362336e-006	-0.0005625
1.362836e-006	-0.0005625
1.363336e-006	-0.0011875
1.363836e-006	-0.0011875
1.364336e-006	-0.0011875
1.364836e-006	-0.0018125
1.365336e-006	-0.0018125
1.365836e-006	-0.0005625
1.366336e-006	-0.0015
1.366836e-006	6.25e-005
1.367336e-006	6.25e-005
1.367836e-006	0.000375
1.368336e-006	6.25e-005
1.368836e-006	6.25e-005
1.369336e-006	-0.00025
1.369836e-006	0.0006875
1.370336e-006	0.0013125
1.370836e-006	0.0013125
1.371336e-006	0.000375
1.371836e-006	6.25e-005
1.372336e-006	-0.00025
1.372836e-006	-0.000875
1.373336e-006	-0.0015
1.373836e-006	-0.002125
1.374336e-006	-0.0011875
1.374836e-006	-0.0018125
1.375336e-006	-0.0015
1.375836e-006	-0.000875
1.376336e-006	-0.000875
1.376836e-006	-0.0011875
1.377336e-006	-0.0005625
1.377836e-006	-0.00025
1.378336e-006	-0.00025
1.378836e-006	6.25e-005
1.379336e-006	0.0013125
1.379836e-006	0.0013125
1.380336e-006	0.001625
1.380836e-006	0.001
1.381336e-006	0.000375
1.381836e-006	6.25e-005
1.382336e-006	-0.0005625
1.382836e-006	-0.0011875
1.383336e-006	-0.0018125
1.383836e-006	-0.0011875
1.384336e-006	-0.000875
1.384836e-006	-0.0018125
1.385336e-006	-0.0018125
1.385836e-006	-0.0015
1.386336e-006	-0.002125
1.386836e-006	-0.000875
1.387336e-006	-0.000875
1.387836e-006	0.0006875
1.388336e-006	0.0006875
1.388836e-006	0.000375
1.389336e-006	0.001
1.389836e-006	0.0013125
1.390336e-006	0.000375
1.390836e-006	0.000375
1.391336e-006	6.25e-005
1.391836e-006	6.25e-005
1.392336e-006	-0.00025
1.392836e-006	-0.00025
1.393336e-006	-0.0005625
1.393836e-006	-0.0015
1.394336e-006	-0.000875
1.394836e-006	-0.0011875
1.395336e-006	-0.0015
1.395836e-006	-0.0018125
1.396336e-006	-0.0011875
1.396836e-006	-0.0005625
1.397336e-006	-0.000875
1.397836e-006	-0.0005625
1.398336e-006	0.0006875
1.398836e-006	6.25e-005
1.399336e-006	0.000375
1.399836e-006	0.000375
1.400336e-006	0.001625
1.400836e-006	0.0006875
1.401336e-006	-0.00025
1.401836e-006	6.25e-005
1.402336e-006	0.000375
1.402836e-006	-0.0005625
1.403336e-006	-0.000875
1.403836e-006	-0.000875
1.404336e-006	-0.0005625
1.404836e-006	-0.000875
1.405336e-006	-0.000875
1.405836e-006	-0.0011875
1.406336e-006	-0.000875
1.406836e-006	6.25e-005
1.407336e-006	-0.0005625
1.407836e-006	6.25e-005
1.408336e-006	-0.00025
1.408836e-006	0.000375
1.409336e-006	0.000375
1.409836e-006	-0.00025
1.410336e-006	6.25e-005
1.410836e-006	6.25e-005
1.411336e-006	6.25e-005
1.411836e-006	-0.00025
1.412336e-006	-0.000875
1.412836e-006	-0.0005625
1.413336e-006	-0.00025
1.413836e-006	-0.00025
1.414336e-006	6.25e-005
1.414836e-006	-0.0005625
1.415336e-006	-0.0005625
1.415836e-006	-0.00025
1.416336e-006	0.0006875
1.416836e-006	6.25e-005
1.417336e-006	6.25e-005
1.417836e-006	-0.0005625
1.418336e-006	-0.0005625
1.418836e-006	0.000375
1.419336e-006	6.25e-005
1.419836e-006	-0.000875
1.420336e-006	-0.0011875
1.420836e-006	-0.0005625
1.421336e-006	-0.00025
1.421836e-006	-0.0011875
1.422336e-006	-0.0015
1.422836e-006	-0.0011875
1.423336e-006	-0.0005625
1.423836e-006	-0.0005625
1.424336e-006	-0.0005625
1.424836e-006	6.25e-005
1.425336e-006	0.000375
1.425836e-006	0.000375
1.426336e-006	0.000375
1.426836e-006	0.0006875
1.427336e-006	0.0006875
1.427836e-006	0.0006875
1.428336e-006	0.000375
1.428836e-006	6.25e-005
1.429336e-006	-0.0005625
1.429836e-006	-0.0005625
1.430336e-006	-0.0005625
1.430836e-006	-0.0011875
1.431336e-006	-0.0015
1.431836e-006	-0.0011875
1.432336e-006	-0.0011875
1.432836e-006	-0.0011875
1.433336e-006	-0.0011875
1.433836e-006	-0.0005625
1.434336e-006	6.25e-005
1.434836e-006	6.25e-005
1.435336e-006	6.25e-005
1.435836e-006	0.0006875
1.436336e-006	0.0013125
1.436836e-006	0.001
1.437336e-006	0.0013125
1.437836e-006	0.001
1.438336e-006	0.0006875
1.438836e-006	6.25e-005
1.439336e-006	-0.00025
1.439836e-006	-0.0005625
1.440336e-006	-0.0011875
1.440836e-006	-0.0015
1.441336e-006	-0.0015
1.441836e-006	-0.0018125
1.442336e-006	-0.0018125
1.442836e-006	-0.0018125
1.443336e-006	-0.0005625
1.443836e-006	6.25e-005
1.444336e-006	-0.00025
1.444836e-006	6.25e-005
1.445336e-006	6.25e-005
1.445836e-006	0.0006875
1.446336e-006	0.0013125
1.446836e-006	0.001625
1.447336e-006	0.0019375
1.447836e-006	0.001
1.448336e-006	6.25e-005
1.448836e-006	6.25e-005
1.449336e-006	-0.00025
1.449836e-006	-0.00025
1.450336e-006	-0.0011875
1.450836e-006	-0.0011875
1.451336e-006	-0.0015
1.451836e-006	-0.0018125
1.452336e-006	-0.0018125
1.452836e-006	-0.0015
1.453336e-006	-0.000875
1.453836e-006	-0.0005625
1.454336e-006	-0.00025
1.454836e-006	6.25e-005
1.455336e-006	6.25e-005
1.455836e-006	0.000375
1.456336e-006	0.0013125
1.456836e-006	0.0019375
1.457336e-006	0.0019375
1.457836e-006	0.001
1.458336e-006	0.0006875
1.458836e-006	0.0006875
1.459336e-006	0.000375
1.459836e-006	-0.000875
1.460336e-006	-0.0011875
1.460836e-006	-0.000875
1.461336e-006	-0.0011875
1.461836e-006	-0.002125
1.462336e-006	-0.002125
1.462836e-006	-0.002125
1.463336e-006	-0.0015
1.463836e-006	-0.0011875
1.464336e-006	-0.000875
1.464836e-006	-0.0005625
1.465336e-006	0.000375
1.465836e-006	0.0013125
1.466336e-006	0.0013125
1.466836e-006	0.0013125
1.467336e-006	0.001625
1.467836e-006	0.0013125
1.468336e-006	0.001
1.468836e-006	0.000375
1.469336e-006	6.25e-005
1.469836e-006	6.25e-005
1.470336e-006	-0.000875
1.470836e-006	6.25e-005
1.471336e-006	-0.000875
1.471836e-006	-0.0018125
1.472336e-006	-0.0018125
1.472836e-006	-0.002125
1.473336e-006	-0.0011875
1.473836e-006	-0.000875
1.474336e-006	-0.0011875
1.474836e-006	-0.0005625
1.475336e-006	-0.0005625
1.475836e-006	6.25e-005
1.476336e-006	0.0006875
1.476836e-006	0.001
1.477336e-006	0.0019375
1.477836e-006	0.0006875
1.478336e-006	6.25e-005
1.478836e-006	6.25e-005
1.479336e-006	6.25e-005
1.479836e-006	0.000375
1.480336e-006	-0.00025
1.480836e-006	-0.000875
1.481336e-006	-0.0011875
1.481836e-006	-0.0015
1.482336e-006	-0.000875
1.482836e-006	-0.0005625
1.483336e-006	-0.000875
1.483836e-006	-0.0011875
1.484336e-006	-0.0005625
1.484836e-006	-0.00025
1.485336e-006	-0.00025
1.485836e-006	0.000375
1.486336e-006	0.0006875
1.486836e-006	6.25e-005
1.487336e-006	0.000375
1.487836e-006	0.001
1.488336e-006	0.001
1.488836e-006	6.25e-005
1.489336e-006	6.25e-005
1.489836e-006	-0.00025
1.490336e-006	-0.0005625
1.490836e-006	0.000375
1.491336e-006	-0.0011875
1.491836e-006	-0.0005625
1.492336e-006	-0.0011875
1.492836e-006	-0.0015
1.493336e-006	-0.0005625
1.493836e-006	-0.0011875
1.494336e-006	-0.0005625
1.494836e-006	-0.00025
1.495336e-006	6.25e-005
1.495836e-006	0.001
1.496336e-006	-0.0005625
1.496836e-006	6.25e-005
1.497336e-006	0.000375
1.497836e-006	6.25e-005
1.498336e-006	0.000375
1.498836e-006	6.25e-005
1.499336e-006	0.000375
1.499836e-006	-0.00025
1.500336e-006	-0.000875
1.500836e-006	-0.0011875
1.501336e-006	-0.0011875
1.501836e-006	-0.000875
1.502336e-006	-0.0005625
1.502836e-006	-0.000875
1.503336e-006	-0.0005625
1.503836e-006	-0.000875
1.504336e-006	0.000375
1.504836e-006	6.25e-005
1.505336e-006	0.000375
1.505836e-006	0.0013125
1.506336e-006	6.25e-005
1.506836e-006	0.000375
1.507336e-006	-0.00025
1.507836e-006	6.25e-005
1.508336e-006	6.25e-005
1.508836e-006	-0.000875
1.509336e-006	-0.0005625
1.509836e-006	-0.0005625
1.510336e-006	-0.000875
1.510836e-006	-0.000875
1.511336e-006	-0.0011875
1.511836e-006	-0.00025
1.512336e-006	-0.000875
1.512836e-006	-0.000875
1.513336e-006	-0.00025
1.513836e-006	6.25e-005
1.514336e-006	0.0013125
1.514836e-006	0.0006875
1.515336e-006	0.000375
1.515836e-006	0.0013125
1.516336e-006	0.0006875
1.516836e-006	0.0006875
1.517336e-006	6.25e-005
1.517836e-006	0.000375
1.518336e-006	-0.00025
1.518836e-006	-0.0011875
1.519336e-006	-0.0005625
1.519836e-006	-0.0018125
1.520336e-006	-0.0018125
1.520836e-006	-0.0011875
1.521336e-006	-0.0024375
1.521836e-006	-0.000875
1.522336e-006	-0.0005625
1.522836e-006	-0.00025
1.523336e-006	-0.00025
1.523836e-006	-0.0005625
1.524336e-006	0.001
1.524836e-006	0.0006875
1.525336e-006	0.0013125
1.525836e-006	0.0019375
1.526336e-006	0.0013125
1.526836e-006	0.0006875
1.527336e-006	6.25e-005
1.527836e-006	6.25e-005
1.528336e-006	0.000375
1.528836e-006	-0.000875
1.529336e-006	-0.000875
1.529836e-006	-0.0015
1.530336e-006	-0.0005625
1.530836e-006	-0.0011875
1.531336e-006	-0.002125
1.531836e-006	-0.0011875
1.532336e-006	-0.0015
1.532836e-006	-0.0005625
1.533336e-006	0.0006875
1.533836e-006	0.000375
1.534336e-006	0.0006875
1.534836e-006	6.25e-005
1.535336e-006	0.0013125
1.535836e-006	0.0019375
1.536336e-006	0.001625
1.536836e-006	0.001625
1.537336e-006	0.000375
1.537836e-006	-0.00025
1.538336e-006	-0.00025
1.538836e-006	-0.000875
1.539336e-006	-0.0011875
1.539836e-006	-0.002125
1.540336e-006	-0.002125
1.540836e-006	-0.002125
1.541336e-006	-0.0024375
1.541836e-006	-0.000875
1.542336e-006	-0.0015
1.542836e-006	-0.0011875
1.543336e-006	0.0006875
1.543836e-006	6.25e-005
1.544336e-006	0.001
1.544836e-006	0.0013125
1.545336e-006	0.0013125
1.545836e-006	0.0013125
1.546336e-006	0.001
1.546836e-006	0.0013125
1.547336e-006	0.0013125
1.547836e-006	0.000375
1.548336e-006	-0.0005625
1.548836e-006	-0.000875
1.549336e-006	-0.0005625
1.549836e-006	-0.002125
1.550336e-006	-0.0018125
1.550836e-006	-0.0018125
1.551336e-006	-0.002125
1.551836e-006	-0.0011875
1.552336e-006	-0.000875
1.552836e-006	6.25e-005
1.553336e-006	6.25e-005
1.553836e-006	0.0006875
1.554336e-006	0.001
1.554836e-006	0.0013125
1.555336e-006	0.001
1.555836e-006	0.0019375
1.556336e-006	0.0013125
1.556836e-006	0.001
1.557336e-006	6.25e-005
1.557836e-006	-0.0005625
1.558336e-006	-0.0005625
1.558836e-006	-0.0011875
1.559336e-006	-0.0018125
1.559836e-006	-0.0015
1.560336e-006	-0.0018125
1.560836e-006	-0.0011875
1.561336e-006	-0.0015
1.561836e-006	-0.0015
1.562336e-006	-0.0011875
1.562836e-006	6.25e-005
1.563336e-006	0.001
1.563836e-006	6.25e-005
1.564336e-006	0.001625
1.564836e-006	0.0013125
1.565336e-006	0.000375
1.565836e-006	0.0013125
1.566336e-006	0.0013125
1.566836e-006	6.25e-005
1.567336e-006	-0.000875
1.567836e-006	-0.000875
1.568336e-006	-0.0005625
1.568836e-006	-0.0011875
1.569336e-006	-0.0015
1.569836e-006	-0.0015
1.570336e-006	-0.0011875
1.570836e-006	-0.0011875
1.571336e-006	-0.0018125
1.571836e-006	-0.0005625
1.572336e-006	-0.00025
1.572836e-006	0.000375
1.573336e-006	0.001
1.573836e-006	0.0006875
1.574336e-006	0.0006875
1.574836e-006	0.001625
1.575336e-006	0.0013125
1.575836e-006	0.0006875
1.576336e-006	-0.00025
1.576836e-006	-0.00025
1.577336e-006	0.000375
1.577836e-006	-0.0005625
1.578336e-006	-0.002125
1.578836e-006	-0.002125
1.579336e-006	-0.0015
1.579836e-006	-0.0015
1.580336e-006	-0.0018125
1.580836e-006	-0.000875
1.581336e-006	-0.000875
1.581836e-006	6.25e-005
1.582336e-006	-0.00025
1.582836e-006	-0.00025
1.583336e-006	0.000375
1.583836e-006	0.0006875
1.584336e-006	0.0013125
1.584836e-006	0.001625
1.585336e-006	0.0013125
1.585836e-006	0.0006875
1.586336e-006	-0.00025
1.586836e-006	-0.0005625
1.587336e-006	-0.000875
1.587836e-006	-0.0015
1.588336e-006	-0.0005625
1.588836e-006	-0.0011875
1.589336e-006	-0.0015
1.589836e-006	-0.000875
1.590336e-006	-0.0011875
1.590836e-006	-0.0011875
1.591336e-006	-0.0005625
1.591836e-006	-0.00025
1.592336e-006	6.25e-005
1.592836e-006	0.000375
1.593336e-006	0.0013125
1.593836e-006	0.001
1.594336e-006	0.0006875
1.594836e-006	0.001625
1.595336e-006	0.0006875
1.595836e-006	0.000375
1.596336e-006	-0.0005625
1.596836e-006	-0.000875
1.597336e-006	-0.0005625
1.597836e-006	-0.0005625
1.598336e-006	-0.000875
1.598836e-006	-0.002125
1.599336e-006	-0.0011875
1.599836e-006	-0.000875
1.600336e-006	-0.0015
1.600836e-006	-0.000875
1.601336e-006	6.25e-005
1.601836e-006	6.25e-005
1.602336e-006	-0.00025
1.602836e-006	0.000375
1.603336e-006	0.001625
1.603836e-006	0.0013125
1.604336e-006	0.001
1.604836e-006	0.0006875
1.605336e-006	0.001
1.605836e-006	0.0006875
1.606336e-006	-0.00025
1.606836e-006	-0.0005625
1.607336e-006	-0.000875
1.607836e-006	-0.0015
1.608336e-006	-0.0018125
1.608836e-006	-0.000875
1.609336e-006	-0.0005625
1.609836e-006	-0.0005625
1.610336e-006	-0.000875
1.610836e-006	6.25e-005
1.611336e-006	6.25e-005
1.611836e-006	0.000375
1.612336e-006	0.0006875
1.612836e-006	0.0006875
1.613336e-006	0.0006875
1.613836e-006	0.000375
1.614336e-006	6.25e-005
1.614836e-006	-0.0005625
1.615336e-006	6.25e-005
1.615836e-006	0.0006875
1.616336e-006	-0.00025
1.616836e-006	-0.000875
1.617336e-006	-0.0011875
1.617836e-006	-0.000875
1.618336e-006	-0.0011875
1.618836e-006	-0.0015
1.619336e-006	-0.00025
1.619836e-006	0.0006875
1.620336e-006	6.25e-005
1.620836e-006	-0.00025
1.621336e-006	-0.0005625
1.621836e-006	-0.00025
1.622336e-006	0.000375
1.622836e-006	0.000375
1.623336e-006	6.25e-005
1.623836e-006	-0.00025
1.624336e-006	-0.00025
1.624836e-006	6.25e-005
1.625336e-006	-0.0005625
1.625836e-006	6.25e-005
1.626336e-006	-0.0005625
1.626836e-006	-0.0005625
1.627336e-006	-0.000875
1.627836e-006	-0.000875
1.628336e-006	-0.00025
1.628836e-006	6.25e-005
1.629336e-006	0.000375
1.629836e-006	0.000375
1.630336e-006	6.25e-005
1.630836e-006	0.0006875
1.631336e-006	0.000375
1.631836e-006	-0.00025
1.632336e-006	-0.00025
1.632836e-006	6.25e-005
1.633336e-006	6.25e-005
1.633836e-006	-0.000875
1.634336e-006	-0.0011875
1.634836e-006	-0.000875
1.635336e-006	-0.0005625
1.635836e-006	-0.0005625
1.636336e-006	-0.000875
1.636836e-006	-0.000875
1.637336e-006	-0.000875
1.637836e-006	6.25e-005
1.638336e-006	-0.00025
1.638836e-006	6.25e-005
1.639336e-006	0.000375
1.639836e-006	0.000375
1.640336e-006	0.000375
1.640836e-006	6.25e-005
1.641336e-006	0.001
1.641836e-006	0.001625
1.642336e-006	6.25e-005
1.642836e-006	-0.0005625
1.643336e-006	-0.000875
1.643836e-006	-0.0005625
1.644336e-006	-0.0005625
1.644836e-006	-0.0005625
1.645336e-006	-0.0011875
1.645836e-006	-0.000875
1.646336e-006	-0.0005625
1.646836e-006	-0.000875
1.647336e-006	-0.0005625
1.647836e-006	6.25e-005
1.648336e-006	0.0006875
1.648836e-006	0.000375
1.649336e-006	6.25e-005
1.649836e-006	6.25e-005
1.650336e-006	0.000375
1.650836e-006	0.000375
1.651336e-006	0.0006875
1.651836e-006	0.0006875
1.652336e-006	-0.00025
1.652836e-006	-0.0005625
1.653336e-006	6.25e-005
1.653836e-006	-0.00025
1.654336e-006	-0.000875
1.654836e-006	-0.000875
1.655336e-006	-0.0005625
1.655836e-006	-0.000875
1.656336e-006	-0.0005625
1.656836e-006	-0.0005625
1.657336e-006	-0.00025
1.657836e-006	-0.00025
1.658336e-006	-0.00025
1.658836e-006	6.25e-005
1.659336e-006	0.0006875
1.659836e-006	0.000375
1.660336e-006	-0.0005625
1.660836e-006	-0.00025
1.661336e-006	0.000375
1.661836e-006	0.000375
1.662336e-006	6.25e-005
1.662836e-006	-0.00025
1.663336e-006	-0.000875
1.663836e-006	-0.0011875
1.664336e-006	-0.0005625
1.664836e-006	-0.00025
1.665336e-006	6.25e-005
1.665836e-006	-0.000875
1.666336e-006	-0.000875
1.666836e-006	0.000375
1.667336e-006	6.25e-005
1.667836e-006	6.25e-005
1.668336e-006	0.000375
1.668836e-006	0.000375
1.669336e-006	0.0013125
1.669836e-006	6.25e-005
1.670336e-006	-0.00025
1.670836e-006	-0.0005625
1.671336e-006	-0.0005625
1.671836e-006	-0.0005625
1.672336e-006	-0.0011875
1.672836e-006	-0.0005625
1.673336e-006	-0.00025
1.673836e-006	-0.0005625
1.674336e-006	-0.00025
1.674836e-006	-0.00025
1.675336e-006	0.000375
1.675836e-006	0.000375
1.676336e-006	0.0006875
1.676836e-006	0.0006875
1.677336e-006	6.25e-005
1.677836e-006	6.25e-005
1.678336e-006	6.25e-005
1.678836e-006	-0.00025
1.679336e-006	-0.00025
1.679836e-006	6.25e-005
1.680336e-006	6.25e-005
1.680836e-006	-0.0011875
1.681336e-006	-0.0011875
1.681836e-006	-0.000875
1.682336e-006	-0.0005625
1.682836e-006	-0.000875
1.683336e-006	-0.000875
1.683836e-006	6.25e-005
1.684336e-006	6.25e-005
1.684836e-006	6.25e-005
1.685336e-006	0.0006875
1.685836e-006	0.0013125
1.686336e-006	0.001625
1.686836e-006	0.0013125
1.687336e-006	0.001
1.687836e-006	0.000375
1.688336e-006	-0.0005625
1.688836e-006	-0.00025
1.689336e-006	-0.0005625
1.689836e-006	-0.0011875
1.690336e-006	-0.0011875
1.690836e-006	-0.000875
1.691336e-006	-0.000875
1.691836e-006	-0.0015
1.692336e-006	-0.0011875
1.692836e-006	-0.000875
1.693336e-006	-0.0005625
1.693836e-006	-0.00025
1.694336e-006	6.25e-005
1.694836e-006	0.000375
1.695336e-006	0.0006875
1.695836e-006	0.000375
1.696336e-006	0.001
1.696836e-006	0.0013125
1.697336e-006	0.0006875
1.697836e-006	0.0006875
1.698336e-006	0.001625
1.698836e-006	6.25e-005
1.699336e-006	-0.0005625
1.699836e-006	-0.000875
1.700336e-006	-0.000875
1.700836e-006	-0.0011875
1.701336e-006	-0.0015
1.701836e-006	-0.0011875
1.702336e-006	-0.000875
1.702836e-006	-0.0015
1.703336e-006	-0.0005625
1.703836e-006	-0.00025
1.704336e-006	0.000375
1.704836e-006	0.0006875
1.705336e-006	6.25e-005
1.705836e-006	0.0006875
1.706336e-006	0.0013125
1.706836e-006	0.001625
1.707336e-006	0.0013125
1.707836e-006	0.0006875
1.708336e-006	0.0006875
1.708836e-006	6.25e-005
1.709336e-006	-0.0005625
1.709836e-006	-0.00025
1.710336e-006	-0.00025
1.710836e-006	-0.0011875
1.711336e-006	-0.0018125
1.711836e-006	-0.0011875
1.712336e-006	-0.000875
1.712836e-006	-0.0011875
1.713336e-006	-0.000875
1.713836e-006	-0.00025
1.714336e-006	-0.00025
1.714836e-006	-0.00025
1.715336e-006	6.25e-005
1.715836e-006	6.25e-005
1.716336e-006	0.000375
1.716836e-006	6.25e-005
1.717336e-006	0.000375
1.717836e-006	0.0006875
1.718336e-006	0.000375
1.718836e-006	6.25e-005
1.719336e-006	0.000375
1.719836e-006	-0.00025
1.720336e-006	-0.0011875
1.720836e-006	-0.0011875
1.721336e-006	-0.0005625
1.721836e-006	-0.0005625
1.722336e-006	-0.0011875
1.722836e-006	-0.0018125
1.723336e-006	0.000375
1.723836e-006	-0.0005625
1.724336e-006	-0.000875
1.724836e-006	6.25e-005
1.725336e-006	0.000375
1.725836e-006	6.25e-005
1.726336e-006	-0.00025
1.726836e-006	-0.00025
1.727336e-006	6.25e-005
1.727836e-006	6.25e-005
1.728336e-006	6.25e-005
1.728836e-006	0.000375
1.729336e-006	0.0006875
1.729836e-006	6.25e-005
1.730336e-006	-0.000875
1.730836e-006	-0.00025
1.731336e-006	-0.00025
1.731836e-006	0.000375
1.732336e-006	-0.0005625
1.732836e-006	-0.0011875
1.733336e-006	-0.0005625
1.733836e-006	-0.00025
1.734336e-006	-0.00025
1.734836e-006	-0.0005625
1.735336e-006	-0.000875
1.735836e-006	-0.0005625
1.736336e-006	-0.0005625
1.736836e-006	-0.00025
1.737336e-006	-0.0005625
1.737836e-006	6.25e-005
1.738336e-006	0.001
1.738836e-006	0.000375
1.739336e-006	6.25e-005
1.739836e-006	6.25e-005
1.740336e-006	0.000375
1.740836e-006	0.0006875
1.741336e-006	0.000375
1.741836e-006	-0.0005625
1.742336e-006	0.000375
1.742836e-006	0.000375
1.743336e-006	0.000375
1.743836e-006	-0.0005625
1.744336e-006	-0.00025
1.744836e-006	-0.000875
1.745336e-006	-0.000875
1.745836e-006	-0.000875
1.746336e-006	-0.0005625
1.746836e-006	0.000375
1.747336e-006	6.25e-005
1.747836e-006	-0.0005625
1.748336e-006	-0.00025
1.748836e-006	6.25e-005
1.749336e-006	0.000375
1.749836e-006	0.000375
1.750336e-006	0.0006875
1.750836e-006	0.0006875
1.751336e-006	0.0006875
1.751836e-006	0.0006875
1.752336e-006	-0.0005625
1.752836e-006	-0.00025
1.753336e-006	-0.00025
1.753836e-006	6.25e-005
1.754336e-006	-0.0005625
1.754836e-006	-0.000875
1.755336e-006	-0.0011875
1.755836e-006	0.000375
1.756336e-006	-0.00025
1.756836e-006	-0.000875
1.757336e-006	-0.000875
1.757836e-006	-0.0005625
1.758336e-006	6.25e-005
1.758836e-006	-0.00025
1.759336e-006	6.25e-005
1.759836e-006	0.000375
1.760336e-006	0.000375
1.760836e-006	0.000375
1.761336e-006	0.0006875
1.761836e-006	0.000375
1.762336e-006	0.000375
1.762836e-006	-0.0005625
1.763336e-006	-0.00025
1.763836e-006	-0.0005625
1.764336e-006	-0.0005625
1.764836e-006	-0.0005625
1.765336e-006	-0.0005625
1.765836e-006	-0.0005625
1.766336e-006	-0.000875
1.766836e-006	-0.0005625
1.767336e-006	-0.0005625
1.767836e-006	-0.0005625
1.768336e-006	0.000375
1.768836e-006	6.25e-005
1.769336e-006	0.000375
1.769836e-006	0.001
1.770336e-006	0.001
1.770836e-006	0.0006875
1.771336e-006	6.25e-005
1.771836e-006	0.001
1.772336e-006	0.0006875
1.772836e-006	6.25e-005
1.773336e-006	6.25e-005
1.773836e-006	-0.0005625
1.774336e-006	-0.0005625
1.774836e-006	-0.0005625
1.775336e-006	-0.0011875
1.775836e-006	-0.00025
1.776336e-006	-0.0005625
1.776836e-006	6.25e-005
1.777336e-006	6.25e-005
1.777836e-006	-0.00025
1.778336e-006	0.000375
1.778836e-006	0.000375
1.779336e-006	6.25e-005
1.779836e-006	0.001
1.780336e-006	0.001
1.780836e-006	-0.00025
1.781336e-006	6.25e-005
1.781836e-006	0.000375
1.782336e-006	6.25e-005
1.782836e-006	-0.0005625
1.783336e-006	6.25e-005
1.783836e-006	-0.000875
1.784336e-006	-0.0005625
1.784836e-006	-0.000875
1.785336e-006	-0.0005625
1.785836e-006	-0.00025
1.786336e-006	6.25e-005
1.786836e-006	6.25e-005
1.787336e-006	-0.00025
1.787836e-006	0.000375
1.788336e-006	0.001
