LECROYWS454	16215	Waveform
Segments	1	SegmentSize	4002
Segment	TrigTime	TimeSinceSegment1
#1	02-May-2024 19:28:51	0                 
Time	Ampl
-2.12139e-007	-0.00025
-2.11639e-007	-0.0005625
-2.11139e-007	6.25e-005
-2.10639e-007	-0.00025
-2.10139e-007	-0.0005625
-2.09639e-007	6.25e-005
-2.09139e-007	0.0006875
-2.08639e-007	0.0013125
-2.08139e-007	0.0006875
-2.07639e-007	0.000375
-2.07139e-007	0.000375
-2.06639e-007	0.000375
-2.06139e-007	0.000375
-2.05639e-007	6.25e-005
-2.05139e-007	6.25e-005
-2.04639e-007	6.25e-005
-2.04139e-007	-0.00025
-2.03639e-007	-0.000875
-2.03139e-007	-0.000875
-2.02639e-007	-0.00025
-2.02139e-007	6.25e-005
-2.01639e-007	-0.000875
-2.01139e-007	-0.0011875
-2.00639e-007	-0.00025
-2.00139e-007	6.25e-005
-1.99639e-007	0.000375
-1.99139e-007	0.0006875
-1.98639e-007	6.25e-005
-1.98139e-007	6.25e-005
-1.97639e-007	0.0006875
-1.97139e-007	0.001
-1.96639e-007	0.0013125
-1.96139e-007	0.0006875
-1.95639e-007	6.25e-005
-1.95139e-007	0.0006875
-1.94639e-007	6.25e-005
-1.94139e-007	-0.0005625
-1.93639e-007	-0.00025
-1.93139e-007	-0.0005625
-1.92639e-007	-0.0005625
-1.92139e-007	-0.000875
-1.91639e-007	-0.0011875
-1.91139e-007	-0.0011875
-1.90639e-007	-0.0005625
-1.90139e-007	-0.0005625
-1.89639e-007	-0.0005625
-1.89139e-007	6.25e-005
-1.88639e-007	6.25e-005
-1.88139e-007	0.0006875
-1.87639e-007	0.000375
-1.87139e-007	0.0006875
-1.86639e-007	0.001
-1.86139e-007	0.001
-1.85639e-007	6.25e-005
-1.85139e-007	0.000375
-1.84639e-007	0.0006875
-1.84139e-007	6.25e-005
-1.83639e-007	-0.000875
-1.83139e-007	-0.0005625
-1.82639e-007	-0.00025
-1.82139e-007	-0.000875
-1.81639e-007	-0.000875
-1.81139e-007	-0.0011875
-1.80639e-007	-0.0005625
-1.80139e-007	-0.000875
-1.79639e-007	-0.0005625
-1.79139e-007	-0.000875
-1.78639e-007	-0.0005625
-1.78139e-007	0.001
-1.77639e-007	0.0006875
-1.77139e-007	0.0006875
-1.76639e-007	0.0006875
-1.76139e-007	0.000375
-1.75639e-007	6.25e-005
-1.75139e-007	6.25e-005
-1.74639e-007	0.000375
-1.74139e-007	0.000375
-1.73639e-007	6.25e-005
-1.73139e-007	-0.00025
-1.72639e-007	-0.000875
-1.72139e-007	6.25e-005
-1.71639e-007	-0.0011875
-1.71139e-007	-0.0018125
-1.70639e-007	-0.000875
-1.70139e-007	-0.0005625
-1.69639e-007	6.25e-005
-1.69139e-007	-0.000875
-1.68639e-007	-0.00025
-1.68139e-007	6.25e-005
-1.67639e-007	6.25e-005
-1.67139e-007	0.0006875
-1.66639e-007	0.0006875
-1.66139e-007	6.25e-005
-1.65639e-007	6.25e-005
-1.65139e-007	0.000375
-1.64639e-007	0.0006875
-1.64139e-007	0.000375
-1.63639e-007	6.25e-005
-1.63139e-007	6.25e-005
-1.62639e-007	6.25e-005
-1.62139e-007	-0.0005625
-1.61639e-007	-0.000875
-1.61139e-007	-0.0005625
-1.60639e-007	-0.0005625
-1.60139e-007	-0.00025
-1.59639e-007	-0.0005625
-1.59139e-007	-0.0005625
-1.58639e-007	-0.0005625
-1.58139e-007	-0.00025
-1.57639e-007	6.25e-005
-1.57139e-007	6.25e-005
-1.56639e-007	-0.0005625
-1.56139e-007	-0.00025
-1.55639e-007	0.000375
-1.55139e-007	0.000375
-1.54639e-007	-0.00025
-1.54139e-007	-0.00025
-1.53639e-007	-0.00025
-1.53139e-007	-0.0005625
-1.52639e-007	6.25e-005
-1.52139e-007	6.25e-005
-1.51639e-007	6.25e-005
-1.51139e-007	6.25e-005
-1.50639e-007	6.25e-005
-1.50139e-007	-0.0005625
-1.49639e-007	6.25e-005
-1.49139e-007	-0.00025
-1.48639e-007	-0.0005625
-1.48139e-007	6.25e-005
-1.47639e-007	6.25e-005
-1.47139e-007	6.25e-005
-1.46639e-007	6.25e-005
-1.46139e-007	-0.00025
-1.45639e-007	6.25e-005
-1.45139e-007	-0.00025
-1.44639e-007	-0.0005625
-1.44139e-007	-0.0005625
-1.43639e-007	6.25e-005
-1.43139e-007	6.25e-005
-1.42639e-007	-0.0005625
-1.42139e-007	-0.00025
-1.41639e-007	0.000375
-1.41139e-007	6.25e-005
-1.40639e-007	6.25e-005
-1.40139e-007	6.25e-005
-1.39639e-007	6.25e-005
-1.39139e-007	0.0006875
-1.38639e-007	0.000375
-1.38139e-007	0.0006875
-1.37639e-007	-0.00025
-1.37139e-007	-0.0005625
-1.36639e-007	6.25e-005
-1.36139e-007	-0.0005625
-1.35639e-007	-0.0011875
-1.35139e-007	-0.000875
-1.34639e-007	-0.0005625
-1.34139e-007	-0.00025
-1.33639e-007	-0.00025
-1.33139e-007	-0.0005625
-1.32639e-007	-0.00025
-1.32139e-007	-0.00025
-1.31639e-007	6.25e-005
-1.31139e-007	0.0006875
-1.30639e-007	0.0006875
-1.30139e-007	0.000375
-1.29639e-007	0.000375
-1.29139e-007	0.0006875
-1.28639e-007	0.0006875
-1.28139e-007	6.25e-005
-1.27639e-007	6.25e-005
-1.27139e-007	6.25e-005
-1.26639e-007	6.25e-005
-1.26139e-007	-0.0005625
-1.25639e-007	-0.0005625
-1.25139e-007	-0.00025
-1.24639e-007	-0.00025
-1.24139e-007	-0.0011875
-1.23639e-007	-0.0011875
-1.23139e-007	-0.0005625
-1.22639e-007	6.25e-005
-1.22139e-007	6.25e-005
-1.21639e-007	-0.00025
-1.21139e-007	6.25e-005
-1.20639e-007	0.001
-1.20139e-007	0.0006875
-1.19639e-007	0.0006875
-1.19139e-007	0.0006875
-1.18639e-007	0.0006875
-1.18139e-007	0.000375
-1.17639e-007	6.25e-005
-1.17139e-007	6.25e-005
-1.16639e-007	6.25e-005
-1.16139e-007	-0.00025
-1.15639e-007	-0.0011875
-1.15139e-007	-0.0018125
-1.14639e-007	-0.0005625
-1.14139e-007	-0.000875
-1.13639e-007	-0.000875
-1.13139e-007	-0.0011875
-1.12639e-007	-0.0005625
-1.12139e-007	6.25e-005
-1.11639e-007	-0.00025
-1.11139e-007	6.25e-005
-1.10639e-007	0.000375
-1.10139e-007	6.25e-005
-1.09639e-007	0.0006875
-1.09139e-007	0.0006875
-1.08639e-007	0.001
-1.08139e-007	0.001
-1.07639e-007	0.0006875
-1.07139e-007	0.0006875
-1.06639e-007	6.25e-005
-1.06139e-007	6.25e-005
-1.05639e-007	6.25e-005
-1.05139e-007	-0.0005625
-1.04639e-007	-0.0005625
-1.04139e-007	-0.0005625
-1.03639e-007	-0.00025
-1.03139e-007	-0.0005625
-1.02639e-007	-0.000875
-1.02139e-007	-0.0005625
-1.01639e-007	-0.000875
-1.01139e-007	-0.0005625
-1.00639e-007	-0.00025
-1.00139e-007	0.000375
-9.9639e-008	0.000375
-9.9139e-008	-0.00025
-9.8639e-008	0.001
-9.8139e-008	0.001
-9.7639e-008	0.000375
-9.7139e-008	0.0006875
-9.6639e-008	0.0006875
-9.6139e-008	0.001
-9.5639e-008	0.0006875
-9.5139e-008	0.000375
-9.4639e-008	6.25e-005
-9.4139e-008	-0.00025
-9.3639e-008	-0.00025
-9.3139e-008	-0.0011875
-9.2639e-008	-0.0011875
-9.2139e-008	-0.000875
-9.1639e-008	-0.000875
-9.1139e-008	-0.00025
-9.0639e-008	-0.0005625
-9.0139e-008	-0.0005625
-8.9639e-008	-0.00025
-8.9139e-008	-0.00025
-8.8639e-008	0.0006875
-8.8139e-008	0.001
-8.7639e-008	0.0013125
-8.7139e-008	0.0013125
-8.6639e-008	0.0006875
-8.6139e-008	0.0006875
-8.5639e-008	0.000375
-8.5139e-008	0.0006875
-8.4639e-008	0.000375
-8.4139e-008	-0.00025
-8.3639e-008	-0.00025
-8.3139e-008	-0.0005625
-8.2639e-008	-0.000875
-8.2139e-008	-0.0011875
-8.1639e-008	-0.0011875
-8.1139e-008	-0.0005625
-8.0639e-008	-0.0011875
-8.0139e-008	-0.0005625
-7.9639e-008	6.25e-005
-7.9139e-008	-0.0005625
-7.8639e-008	-0.0005625
-7.8139e-008	-0.00025
-7.7639e-008	0.0006875
-7.7139e-008	0.001
-7.6639e-008	0.001
-7.6139e-008	0.0013125
-7.5639e-008	0.000375
-7.5139e-008	0.000375
-7.4639e-008	6.25e-005
-7.4139e-008	-0.0005625
-7.3639e-008	0.000375
-7.3139e-008	-0.00025
-7.2639e-008	-0.0005625
-7.2139e-008	-0.00025
-7.1639e-008	-0.0005625
-7.1139e-008	-0.0005625
-7.0639e-008	-0.0005625
-7.0139e-008	-0.000875
-6.9639e-008	6.25e-005
-6.9139e-008	-0.00025
-6.8639e-008	-0.00025
-6.8139e-008	-0.00025
-6.7639e-008	0.0006875
-6.7139e-008	0.0006875
-6.6639e-008	6.25e-005
-6.6139e-008	0.0006875
-6.5639e-008	0.000375
-6.5139e-008	0.0006875
-6.4639e-008	0.000375
-6.4139e-008	-0.00025
-6.3639e-008	6.25e-005
-6.3139e-008	-0.00025
-6.2639e-008	0.000375
-6.2139e-008	-0.0005625
-6.1639e-008	-0.000875
-6.1139e-008	0.000375
-6.0639e-008	-0.0005625
-6.0139e-008	-0.00025
-5.9639e-008	0.000375
-5.9139e-008	0.000375
-5.8639e-008	-0.00025
-5.8139e-008	-0.0005625
-5.7639e-008	0.0006875
-5.7139e-008	0.0006875
-5.6639e-008	0.000375
-5.6139e-008	0.000375
-5.5639e-008	6.25e-005
-5.5139e-008	0.0006875
-5.4639e-008	6.25e-005
-5.4139e-008	6.25e-005
-5.3639e-008	6.25e-005
-5.3139e-008	-0.00025
-5.2639e-008	6.25e-005
-5.2139e-008	-0.0005625
-5.1639e-008	6.25e-005
-5.1139e-008	0.0006875
-5.0639e-008	6.25e-005
-5.0139e-008	6.25e-005
-4.9639e-008	6.25e-005
-4.9139e-008	0.0006875
-4.8639e-008	-0.00025
-4.8139e-008	-0.0005625
-4.7639e-008	0.001
-4.7139e-008	6.25e-005
-4.6639e-008	-0.0005625
-4.6139e-008	-0.0005625
-4.5639e-008	-0.00025
-4.5139e-008	0.0006875
-4.4639e-008	6.25e-005
-4.4139e-008	-0.0005625
-4.3639e-008	-0.00025
-4.3139e-008	-0.00025
-4.2639e-008	6.25e-005
-4.2139e-008	-0.00025
-4.1639e-008	0.000375
-4.1139e-008	6.25e-005
-4.0639e-008	0.000375
-4.0139e-008	0.0006875
-3.9639e-008	6.25e-005
-3.9139e-008	0.0006875
-3.8639e-008	6.25e-005
-3.8139e-008	-0.00025
-3.7639e-008	0.000375
-3.7139e-008	-0.0005625
-3.6639e-008	-0.0005625
-3.6139e-008	-0.0005625
-3.5639e-008	-0.00025
-3.5139e-008	-0.0005625
-3.4639e-008	-0.000875
-3.4139e-008	-0.00025
-3.3639e-008	-0.00025
-3.3139e-008	-0.00025
-3.2639e-008	-0.0005625
-3.2139e-008	-0.00025
-3.1639e-008	0.000375
-3.1139e-008	0.000375
-3.0639e-008	0.0006875
-3.0139e-008	0.001
-2.9639e-008	0.0006875
-2.9139e-008	0.0013125
-2.8639e-008	0.000375
-2.8139e-008	-0.00025
-2.7639e-008	6.25e-005
-2.7139e-008	-0.0005625
-2.6639e-008	-0.0005625
-2.6139e-008	-0.000875
-2.5639e-008	-0.0005625
-2.5139e-008	-0.000875
-2.4639e-008	-0.0011875
-2.4139e-008	-0.0005625
-2.3639e-008	-0.000875
-2.3139e-008	-0.000875
-2.2639e-008	6.25e-005
-2.2139e-008	0.000375
-2.1639e-008	0.0006875
-2.1139e-008	0.001
-2.0639e-008	0.0013125
-2.0139e-008	0.0006875
-1.9639e-008	0.000375
-1.9139e-008	0.0019375
-1.8639e-008	0.001
-1.8139e-008	0.0006875
-1.7639e-008	0.000375
-1.7139e-008	-0.0005625
-1.6639e-008	-0.0005625
-1.6139e-008	-0.0005625
-1.5639e-008	-0.000875
-1.5139e-008	-0.0015
-1.4639e-008	-0.00025
-1.4139e-008	-0.00025
-1.3639e-008	-0.0011875
-1.3139e-008	6.25e-005
-1.2639e-008	0.0006875
-1.2139e-008	-0.00025
-1.1639e-008	6.25e-005
-1.1139e-008	0.000375
-1.0639e-008	0.0006875
-1.0139e-008	0.001
-9.639e-009	0.0006875
-9.139e-009	0.000375
-8.639e-009	6.25e-005
-8.139e-009	-0.0005625
-7.639e-009	6.25e-005
-7.139e-009	-0.00025
-6.639e-009	-0.0005625
-6.139e-009	-0.000875
-5.639e-009	-0.0015
-5.139e-009	-0.00275
-4.639e-009	-0.003375
-4.139e-009	-0.0049375
-3.639e-009	-0.0061875
-3.139e-009	-0.0074375
-2.639e-009	-0.0086875
-2.139e-009	-0.0099375
-1.639e-009	-0.0105625
-1.139e-009	-0.0105625
-6.39e-010	-0.0118125
-1.39e-010	-0.0124375
3.61e-010	-0.0130625
8.61e-010	-0.0130625
1.361e-009	-0.01525
1.861e-009	-0.0161875
2.361e-009	-0.01775
2.861e-009	-0.01775
3.361e-009	-0.01775
3.861e-009	-0.01775
4.361e-009	-0.018375
4.861e-009	-0.01775
5.361e-009	-0.0180625
5.861e-009	-0.0186875
6.361e-009	-0.019
6.861e-009	-0.019
7.361e-009	-0.019
7.861e-009	-0.0186875
8.361e-009	-0.0180625
8.861e-009	-0.018375
9.361e-009	-0.0186875
9.861e-009	-0.019
1.0361e-008	-0.0205625
1.0861e-008	-0.020875
1.1361e-008	-0.020875
1.1861e-008	-0.0215
1.2361e-008	-0.0211875
1.2861e-008	-0.0211875
1.3361e-008	-0.019625
1.3861e-008	-0.019
1.4361e-008	-0.0186875
1.4861e-008	-0.0180625
1.5361e-008	-0.0180625
1.5861e-008	-0.0180625
1.6361e-008	-0.0180625
1.6861e-008	-0.018375
1.7361e-008	-0.017125
1.7861e-008	-0.017125
1.8361e-008	-0.0168125
1.8861e-008	-0.0168125
1.9361e-008	-0.017125
1.9861e-008	-0.017125
2.0361e-008	-0.01775
2.0861e-008	-0.018375
2.1361e-008	-0.019
2.1861e-008	-0.0186875
2.2361e-008	-0.018375
2.2861e-008	-0.01775
2.3361e-008	-0.0174375
2.3861e-008	-0.0174375
2.4361e-008	-0.017125
2.4861e-008	-0.0165
2.5361e-008	-0.0161875
2.5861e-008	-0.015875
2.6361e-008	-0.0161875
2.6861e-008	-0.015875
2.7361e-008	-0.015875
2.7861e-008	-0.0161875
2.8361e-008	-0.0165
2.8861e-008	-0.0165
2.9361e-008	-0.01775
2.9861e-008	-0.018375
3.0361e-008	-0.019
3.0861e-008	-0.019
3.1361e-008	-0.019625
3.1861e-008	-0.02025
3.2361e-008	-0.0199375
3.2861e-008	-0.0199375
3.3361e-008	-0.019625
3.3861e-008	-0.0193125
3.4361e-008	-0.0180625
3.4861e-008	-0.0180625
3.5361e-008	-0.0180625
3.5861e-008	-0.0174375
3.6361e-008	-0.0161875
3.6861e-008	-0.015875
3.7361e-008	-0.0168125
3.7861e-008	-0.0165
3.8361e-008	-0.0168125
3.8861e-008	-0.0165
3.9361e-008	-0.0168125
3.9861e-008	-0.01775
4.0361e-008	-0.018375
4.0861e-008	-0.0186875
4.1361e-008	-0.0186875
4.1861e-008	-0.018375
4.2361e-008	-0.019
4.2861e-008	-0.0186875
4.3361e-008	-0.0180625
4.3861e-008	-0.0180625
4.4361e-008	-0.0168125
4.4861e-008	-0.0161875
4.5361e-008	-0.0161875
4.5861e-008	-0.0155625
4.6361e-008	-0.01525
4.6861e-008	-0.0149375
4.7361e-008	-0.01525
4.7861e-008	-0.0155625
4.8361e-008	-0.0155625
4.8861e-008	-0.0165
4.9361e-008	-0.017125
4.9861e-008	-0.01775
5.0361e-008	-0.01775
5.0861e-008	-0.01775
5.1361e-008	-0.0180625
5.1861e-008	-0.01775
5.2361e-008	-0.0180625
5.2861e-008	-0.0174375
5.3361e-008	-0.0174375
5.3861e-008	-0.0174375
5.4361e-008	-0.0168125
5.4861e-008	-0.0165
5.5361e-008	-0.01525
5.5861e-008	-0.01525
5.6361e-008	-0.01525
5.6861e-008	-0.014625
5.7361e-008	-0.0149375
5.7861e-008	-0.01525
5.8361e-008	-0.0155625
5.8861e-008	-0.0161875
5.9361e-008	-0.0161875
5.9861e-008	-0.0174375
6.0361e-008	-0.0174375
6.0861e-008	-0.0174375
6.1361e-008	-0.01775
6.1861e-008	-0.01775
6.2361e-008	-0.01775
6.2861e-008	-0.0174375
6.3361e-008	-0.0168125
6.3861e-008	-0.0165
6.4361e-008	-0.015875
6.4861e-008	-0.01525
6.5361e-008	-0.0149375
6.5861e-008	-0.014625
6.6361e-008	-0.014625
6.6861e-008	-0.014625
6.7361e-008	-0.0149375
6.7861e-008	-0.01525
6.8361e-008	-0.01525
6.8861e-008	-0.0155625
6.9361e-008	-0.0165
6.9861e-008	-0.0165
7.0361e-008	-0.017125
7.0861e-008	-0.0165
7.1361e-008	-0.0168125
7.1861e-008	-0.0165
7.2361e-008	-0.0168125
7.2861e-008	-0.0168125
7.3361e-008	-0.017125
7.3861e-008	-0.015875
7.4361e-008	-0.0143125
7.4861e-008	-0.0143125
7.5361e-008	-0.0143125
7.5861e-008	-0.0149375
7.6361e-008	-0.0143125
7.6861e-008	-0.014
7.7361e-008	-0.0149375
7.7861e-008	-0.0155625
7.8361e-008	-0.0165
7.8861e-008	-0.0165
7.9361e-008	-0.015875
7.9861e-008	-0.017125
8.0361e-008	-0.0174375
8.0861e-008	-0.017125
8.1361e-008	-0.0165
8.1861e-008	-0.017125
8.2361e-008	-0.017125
8.2861e-008	-0.0161875
8.3361e-008	-0.0155625
8.3861e-008	-0.015875
8.4361e-008	-0.0155625
8.4861e-008	-0.01525
8.5361e-008	-0.01525
8.5861e-008	-0.0149375
8.6361e-008	-0.014625
8.6861e-008	-0.0143125
8.7361e-008	-0.01525
8.7861e-008	-0.01525
8.8361e-008	-0.015875
8.8861e-008	-0.0161875
8.9361e-008	-0.0161875
8.9861e-008	-0.0165
9.0361e-008	-0.0168125
9.0861e-008	-0.0165
9.1361e-008	-0.015875
9.1861e-008	-0.0161875
9.2361e-008	-0.0165
9.2861e-008	-0.015875
9.3361e-008	-0.0149375
9.3861e-008	-0.0143125
9.4361e-008	-0.0143125
9.4861e-008	-0.014
9.5361e-008	-0.0136875
9.5861e-008	-0.0136875
9.6361e-008	-0.014625
9.6861e-008	-0.01525
9.7361e-008	-0.0149375
9.7861e-008	-0.0149375
9.8361e-008	-0.0155625
9.8861e-008	-0.0155625
9.9361e-008	-0.0161875
9.9861e-008	-0.015875
1.00361e-007	-0.015875
1.00861e-007	-0.0165
1.01361e-007	-0.0161875
1.01861e-007	-0.01525
1.02361e-007	-0.01525
1.02861e-007	-0.0149375
1.03361e-007	-0.014625
1.03861e-007	-0.014625
1.04361e-007	-0.0143125
1.04861e-007	-0.014625
1.05361e-007	-0.0143125
1.05861e-007	-0.014625
1.06361e-007	-0.014
1.06861e-007	-0.014
1.07361e-007	-0.014
1.07861e-007	-0.0149375
1.08361e-007	-0.015875
1.08861e-007	-0.01525
1.09361e-007	-0.0155625
1.09861e-007	-0.0155625
1.10361e-007	-0.0155625
1.10861e-007	-0.0161875
1.11361e-007	-0.015875
1.11861e-007	-0.0161875
1.12361e-007	-0.0149375
1.12861e-007	-0.0149375
1.13361e-007	-0.01525
1.13861e-007	-0.014625
1.14361e-007	-0.014625
1.14861e-007	-0.0143125
1.15361e-007	-0.014625
1.15861e-007	-0.014625
1.16361e-007	-0.0143125
1.16861e-007	-0.0149375
1.17361e-007	-0.0149375
1.17861e-007	-0.014625
1.18361e-007	-0.0155625
1.18861e-007	-0.015875
1.19361e-007	-0.0161875
1.19861e-007	-0.015875
1.20361e-007	-0.015875
1.20861e-007	-0.0161875
1.21361e-007	-0.0155625
1.21861e-007	-0.015875
1.22361e-007	-0.014625
1.22861e-007	-0.0149375
1.23361e-007	-0.01525
1.23861e-007	-0.014
1.24361e-007	-0.0149375
1.24861e-007	-0.014625
1.25361e-007	-0.0136875
1.25861e-007	-0.014625
1.26361e-007	-0.0136875
1.26861e-007	-0.013375
1.27361e-007	-0.0143125
1.27861e-007	-0.0149375
1.28361e-007	-0.014625
1.28861e-007	-0.014625
1.29361e-007	-0.0161875
1.29861e-007	-0.015875
1.30361e-007	-0.014625
1.30861e-007	-0.014625
1.31361e-007	-0.01525
1.31861e-007	-0.015875
1.32361e-007	-0.0155625
1.32861e-007	-0.0143125
1.33361e-007	-0.0143125
1.33861e-007	-0.0143125
1.34361e-007	-0.014
1.34861e-007	-0.013375
1.35361e-007	-0.014
1.35861e-007	-0.0143125
1.36361e-007	-0.0136875
1.36861e-007	-0.014
1.37361e-007	-0.014625
1.37861e-007	-0.0143125
1.38361e-007	-0.014625
1.38861e-007	-0.01525
1.39361e-007	-0.015875
1.39861e-007	-0.0155625
1.40361e-007	-0.0155625
1.40861e-007	-0.015875
1.41361e-007	-0.015875
1.41861e-007	-0.0155625
1.42361e-007	-0.0149375
1.42861e-007	-0.0149375
1.43361e-007	-0.014
1.43861e-007	-0.0136875
1.44361e-007	-0.0143125
1.44861e-007	-0.0130625
1.45361e-007	-0.013375
1.45861e-007	-0.014
1.46361e-007	-0.0136875
1.46861e-007	-0.01275
1.47361e-007	-0.013375
1.47861e-007	-0.0143125
1.48361e-007	-0.0149375
1.48861e-007	-0.014625
1.49361e-007	-0.0155625
1.49861e-007	-0.015875
1.50361e-007	-0.0155625
1.50861e-007	-0.015875
1.51361e-007	-0.0155625
1.51861e-007	-0.015875
1.52361e-007	-0.0149375
1.52861e-007	-0.014625
1.53361e-007	-0.0136875
1.53861e-007	-0.013375
1.54361e-007	-0.014
1.54861e-007	-0.0130625
1.55361e-007	-0.01275
1.55861e-007	-0.0130625
1.56361e-007	-0.0130625
1.56861e-007	-0.01275
1.57361e-007	-0.0130625
1.57861e-007	-0.0136875
1.58361e-007	-0.0143125
1.58861e-007	-0.0143125
1.59361e-007	-0.0149375
1.59861e-007	-0.0155625
1.60361e-007	-0.0155625
1.60861e-007	-0.01525
1.61361e-007	-0.0149375
1.61861e-007	-0.0155625
1.62361e-007	-0.01525
1.62861e-007	-0.0143125
1.63361e-007	-0.0136875
1.63861e-007	-0.013375
1.64361e-007	-0.01275
1.64861e-007	-0.012125
1.65361e-007	-0.012125
1.65861e-007	-0.0118125
1.66361e-007	-0.0124375
1.66861e-007	-0.0124375
1.67361e-007	-0.01275
1.67861e-007	-0.013375
1.68361e-007	-0.0143125
1.68861e-007	-0.014625
1.69361e-007	-0.014625
1.69861e-007	-0.01525
1.70361e-007	-0.0149375
1.70861e-007	-0.01525
1.71361e-007	-0.0155625
1.71861e-007	-0.0149375
1.72361e-007	-0.01525
1.72861e-007	-0.0143125
1.73361e-007	-0.0143125
1.73861e-007	-0.0130625
1.74361e-007	-0.0124375
1.74861e-007	-0.0118125
1.75361e-007	-0.0118125
1.75861e-007	-0.0115
1.76361e-007	-0.012125
1.76861e-007	-0.0118125
1.77361e-007	-0.0118125
1.77861e-007	-0.01275
1.78361e-007	-0.0136875
1.78861e-007	-0.014625
1.79361e-007	-0.0149375
1.79861e-007	-0.015875
1.80361e-007	-0.015875
1.80861e-007	-0.015875
1.81361e-007	-0.01525
1.81861e-007	-0.014
1.82361e-007	-0.014
1.82861e-007	-0.0143125
1.83361e-007	-0.014
1.83861e-007	-0.01275
1.84361e-007	-0.012125
1.84861e-007	-0.0118125
1.85361e-007	-0.0115
1.85861e-007	-0.0111875
1.86361e-007	-0.0115
1.86861e-007	-0.0118125
1.87361e-007	-0.0130625
1.87861e-007	-0.01275
1.88361e-007	-0.01275
1.88861e-007	-0.0136875
1.89361e-007	-0.0143125
1.89861e-007	-0.0149375
1.90361e-007	-0.0155625
1.90861e-007	-0.0149375
1.91361e-007	-0.0149375
1.91861e-007	-0.014
1.92361e-007	-0.014
1.92861e-007	-0.0136875
1.93361e-007	-0.01275
1.93861e-007	-0.0124375
1.94361e-007	-0.0115
1.94861e-007	-0.0115
1.95361e-007	-0.0111875
1.95861e-007	-0.010875
1.96361e-007	-0.0111875
1.96861e-007	-0.010875
1.97361e-007	-0.0124375
1.97861e-007	-0.0130625
1.98361e-007	-0.0130625
1.98861e-007	-0.013375
1.99361e-007	-0.0136875
1.99861e-007	-0.0149375
2.00361e-007	-0.01525
2.00861e-007	-0.014
2.01361e-007	-0.014
2.01861e-007	-0.0136875
2.02361e-007	-0.013375
2.02861e-007	-0.01275
2.03361e-007	-0.0118125
2.03861e-007	-0.0111875
2.04361e-007	-0.0111875
2.04861e-007	-0.0111875
2.05361e-007	-0.0115
2.05861e-007	-0.0111875
2.06361e-007	-0.0124375
2.06861e-007	-0.0118125
2.07361e-007	-0.0124375
2.07861e-007	-0.013375
2.08361e-007	-0.0130625
2.08861e-007	-0.014
2.09361e-007	-0.014
2.09861e-007	-0.014
2.10361e-007	-0.014625
2.10861e-007	-0.0136875
2.11361e-007	-0.0130625
2.11861e-007	-0.0124375
2.12361e-007	-0.0124375
2.12861e-007	-0.0118125
2.13361e-007	-0.0115
2.13861e-007	-0.0105625
2.14361e-007	-0.0105625
2.14861e-007	-0.0105625
2.15361e-007	-0.0105625
2.15861e-007	-0.0111875
2.16361e-007	-0.0118125
2.16861e-007	-0.0115
2.17361e-007	-0.0130625
2.17861e-007	-0.0130625
2.18361e-007	-0.0130625
2.18861e-007	-0.013375
2.19361e-007	-0.0130625
2.19861e-007	-0.0136875
2.20361e-007	-0.0136875
2.20861e-007	-0.01275
2.21361e-007	-0.01275
2.21861e-007	-0.012125
2.22361e-007	-0.012125
2.22861e-007	-0.0105625
2.23361e-007	-0.0099375
2.23861e-007	-0.01025
2.24361e-007	-0.009625
2.24861e-007	-0.0099375
2.25361e-007	-0.0111875
2.25861e-007	-0.0111875
2.26361e-007	-0.0118125
2.26861e-007	-0.0118125
2.27361e-007	-0.0130625
2.27861e-007	-0.013375
2.28361e-007	-0.013375
2.28861e-007	-0.013375
2.29361e-007	-0.0143125
2.29861e-007	-0.014625
2.30361e-007	-0.0130625
2.30861e-007	-0.0118125
2.31361e-007	-0.012125
2.31861e-007	-0.0111875
2.32361e-007	-0.0099375
2.32861e-007	-0.0105625
2.33361e-007	-0.01025
2.33861e-007	-0.009625
2.34361e-007	-0.0093125
2.34861e-007	-0.0099375
2.35361e-007	-0.010875
2.35861e-007	-0.0111875
2.36361e-007	-0.012125
2.36861e-007	-0.0124375
2.37361e-007	-0.013375
2.37861e-007	-0.013375
2.38361e-007	-0.0136875
2.38861e-007	-0.0136875
2.39361e-007	-0.014
2.39861e-007	-0.014
2.40361e-007	-0.013375
2.40861e-007	-0.0124375
2.41361e-007	-0.0111875
2.41861e-007	-0.0105625
2.42361e-007	-0.0105625
2.42861e-007	-0.009625
2.43361e-007	-0.0093125
2.43861e-007	-0.0093125
2.44361e-007	-0.009625
2.44861e-007	-0.009
2.45361e-007	-0.0099375
2.45861e-007	-0.0111875
2.46361e-007	-0.0111875
2.46861e-007	-0.012125
2.47361e-007	-0.0130625
2.47861e-007	-0.0130625
2.48361e-007	-0.0136875
2.48861e-007	-0.013375
2.49361e-007	-0.013375
2.49861e-007	-0.0136875
2.50361e-007	-0.0124375
2.50861e-007	-0.0118125
2.51361e-007	-0.0111875
2.51861e-007	-0.0105625
2.52361e-007	-0.010875
2.52861e-007	-0.01025
2.53361e-007	-0.0093125
2.53861e-007	-0.0093125
2.54361e-007	-0.0093125
2.54861e-007	-0.0099375
2.55361e-007	-0.0105625
2.55861e-007	-0.010875
2.56361e-007	-0.0118125
2.56861e-007	-0.0124375
2.57361e-007	-0.0124375
2.57861e-007	-0.012125
2.58361e-007	-0.0130625
2.58861e-007	-0.0124375
2.59361e-007	-0.0124375
2.59861e-007	-0.0118125
2.60361e-007	-0.012125
2.60861e-007	-0.0115
2.61361e-007	-0.010875
2.61861e-007	-0.0099375
2.62361e-007	-0.01025
2.62861e-007	-0.0099375
2.63361e-007	-0.0086875
2.63861e-007	-0.0093125
2.64361e-007	-0.0105625
2.64861e-007	-0.0099375
2.65361e-007	-0.0099375
2.65861e-007	-0.010875
2.66361e-007	-0.0111875
2.66861e-007	-0.0111875
2.67361e-007	-0.0115
2.67861e-007	-0.0118125
2.68361e-007	-0.012125
2.68861e-007	-0.0115
2.69361e-007	-0.0115
2.69861e-007	-0.0115
2.70361e-007	-0.0111875
2.70861e-007	-0.010875
2.71361e-007	-0.01025
2.71861e-007	-0.0099375
2.72361e-007	-0.0093125
2.72861e-007	-0.0099375
2.73361e-007	-0.01025
2.73861e-007	-0.0093125
2.74361e-007	-0.009625
2.74861e-007	-0.010875
2.75361e-007	-0.0099375
2.75861e-007	-0.0105625
2.76361e-007	-0.0111875
2.76861e-007	-0.0105625
2.77361e-007	-0.0115
2.77861e-007	-0.010875
2.78361e-007	-0.0111875
2.78861e-007	-0.0111875
2.79361e-007	-0.0099375
2.79861e-007	-0.0105625
2.80361e-007	-0.01025
2.80861e-007	-0.0099375
2.81361e-007	-0.009625
2.81861e-007	-0.009
2.82361e-007	-0.0099375
2.82861e-007	-0.0105625
2.83361e-007	-0.009625
2.83861e-007	-0.0093125
2.84361e-007	-0.009625
2.84861e-007	-0.01025
2.85361e-007	-0.01025
2.85861e-007	-0.010875
2.86361e-007	-0.010875
2.86861e-007	-0.0099375
2.87361e-007	-0.0105625
2.87861e-007	-0.010875
2.88361e-007	-0.0105625
2.88861e-007	-0.0099375
2.89361e-007	-0.0093125
2.89861e-007	-0.0093125
2.90361e-007	-0.0086875
2.90861e-007	-0.009
2.91361e-007	-0.0093125
2.91861e-007	-0.009625
2.92361e-007	-0.01025
2.92861e-007	-0.0099375
2.93361e-007	-0.009625
2.93861e-007	-0.01025
2.94361e-007	-0.0105625
2.94861e-007	-0.0105625
2.95361e-007	-0.0099375
2.95861e-007	-0.0099375
2.96361e-007	-0.009625
2.96861e-007	-0.01025
2.97361e-007	-0.0111875
2.97861e-007	-0.0099375
2.98361e-007	-0.009
2.98861e-007	-0.009
2.99361e-007	-0.008375
2.99861e-007	-0.009
3.00361e-007	-0.0080625
3.00861e-007	-0.008375
3.01361e-007	-0.0093125
3.01861e-007	-0.0086875
3.02361e-007	-0.0093125
3.02861e-007	-0.009625
3.03361e-007	-0.0099375
3.03861e-007	-0.0099375
3.04361e-007	-0.0099375
3.04861e-007	-0.01025
3.05361e-007	-0.0093125
3.05861e-007	-0.0099375
3.06361e-007	-0.0105625
3.06861e-007	-0.0099375
3.07361e-007	-0.009625
3.07861e-007	-0.0086875
3.08361e-007	-0.0093125
3.08861e-007	-0.0093125
3.09361e-007	-0.008375
3.09861e-007	-0.008375
3.10361e-007	-0.0080625
3.10861e-007	-0.0086875
3.11361e-007	-0.0086875
3.11861e-007	-0.008375
3.12361e-007	-0.009
3.12861e-007	-0.0099375
3.13361e-007	-0.0099375
3.13861e-007	-0.0093125
3.14361e-007	-0.009
3.14861e-007	-0.009625
3.15361e-007	-0.0099375
3.15861e-007	-0.0099375
3.16361e-007	-0.0099375
3.16861e-007	-0.009625
3.17361e-007	-0.0086875
3.17861e-007	-0.0093125
3.18361e-007	-0.0086875
3.18861e-007	-0.0086875
3.19361e-007	-0.0086875
3.19861e-007	-0.009
3.20361e-007	-0.0080625
3.20861e-007	-0.008375
3.21361e-007	-0.00775
3.21861e-007	-0.0086875
3.22361e-007	-0.009
3.22861e-007	-0.009
3.23361e-007	-0.0093125
3.23861e-007	-0.009625
3.24361e-007	-0.0086875
3.24861e-007	-0.0093125
3.25361e-007	-0.0099375
3.25861e-007	-0.009
3.26361e-007	-0.0086875
3.26861e-007	-0.0093125
3.27361e-007	-0.009
3.27861e-007	-0.0086875
3.28361e-007	-0.0086875
3.28861e-007	-0.009
3.29361e-007	-0.0086875
3.29861e-007	-0.009
3.30361e-007	-0.0093125
3.30861e-007	-0.009625
3.31361e-007	-0.0086875
3.31861e-007	-0.0086875
3.32361e-007	-0.0093125
3.32861e-007	-0.0093125
3.33361e-007	-0.0086875
3.33861e-007	-0.0086875
3.34361e-007	-0.0086875
3.34861e-007	-0.0086875
3.35361e-007	-0.00775
3.35861e-007	-0.0086875
3.36361e-007	-0.0086875
3.36861e-007	-0.00775
3.37361e-007	-0.0080625
3.37861e-007	-0.008375
3.38361e-007	-0.0080625
3.38861e-007	-0.009
3.39361e-007	-0.009
3.39861e-007	-0.0086875
3.40361e-007	-0.0093125
3.40861e-007	-0.009625
3.41361e-007	-0.0086875
3.41861e-007	-0.0086875
3.42361e-007	-0.009
3.42861e-007	-0.009
3.43361e-007	-0.0080625
3.43861e-007	-0.008375
3.44361e-007	-0.0086875
3.44861e-007	-0.0080625
3.45361e-007	-0.0080625
3.45861e-007	-0.00775
3.46361e-007	-0.0074375
3.46861e-007	-0.0074375
3.47361e-007	-0.007125
3.47861e-007	-0.0074375
3.48361e-007	-0.0080625
3.48861e-007	-0.008375
3.49361e-007	-0.009
3.49861e-007	-0.0093125
3.50361e-007	-0.0093125
3.50861e-007	-0.009625
3.51361e-007	-0.0093125
3.51861e-007	-0.009625
3.52361e-007	-0.008375
3.52861e-007	-0.0086875
3.53361e-007	-0.008375
3.53861e-007	-0.008375
3.54361e-007	-0.0080625
3.54861e-007	-0.0074375
3.55361e-007	-0.0074375
3.55861e-007	-0.0074375
3.56361e-007	-0.0065
3.56861e-007	-0.007125
3.57361e-007	-0.0065
3.57861e-007	-0.0074375
3.58361e-007	-0.0080625
3.58861e-007	-0.008375
3.59361e-007	-0.008375
3.59861e-007	-0.0086875
3.60361e-007	-0.0093125
3.60861e-007	-0.01025
3.61361e-007	-0.0093125
3.61861e-007	-0.009625
3.62361e-007	-0.009625
3.62861e-007	-0.0099375
3.63361e-007	-0.0086875
3.63861e-007	-0.0086875
3.64361e-007	-0.0080625
3.64861e-007	-0.0068125
3.65361e-007	-0.0068125
3.65861e-007	-0.0065
3.66361e-007	-0.0065
3.66861e-007	-0.0068125
3.67361e-007	-0.0065
3.67861e-007	-0.00775
3.68361e-007	-0.0074375
3.68861e-007	-0.007125
3.69361e-007	-0.008375
3.69861e-007	-0.0086875
3.70361e-007	-0.009625
3.70861e-007	-0.009
3.71361e-007	-0.009
3.71861e-007	-0.0099375
3.72361e-007	-0.009
3.72861e-007	-0.009625
3.73361e-007	-0.0086875
3.73861e-007	-0.0074375
3.74361e-007	-0.00775
3.74861e-007	-0.0074375
3.75361e-007	-0.0074375
3.75861e-007	-0.007125
3.76361e-007	-0.0065
3.76861e-007	-0.0074375
3.77361e-007	-0.005875
3.77861e-007	-0.0065
3.78361e-007	-0.0065
3.78861e-007	-0.0074375
3.79361e-007	-0.00775
3.79861e-007	-0.00775
3.80361e-007	-0.0086875
3.80861e-007	-0.009
3.81361e-007	-0.0086875
3.81861e-007	-0.0086875
3.82361e-007	-0.0080625
3.82861e-007	-0.008375
3.83361e-007	-0.0074375
3.83861e-007	-0.0074375
3.84361e-007	-0.0074375
3.84861e-007	-0.0074375
3.85361e-007	-0.007125
3.85861e-007	-0.0065
3.86361e-007	-0.0061875
3.86861e-007	-0.0065
3.87361e-007	-0.005875
3.87861e-007	-0.007125
3.88361e-007	-0.007125
3.88861e-007	-0.007125
3.89361e-007	-0.0068125
3.89861e-007	-0.0074375
3.90361e-007	-0.0080625
3.90861e-007	-0.00775
3.91361e-007	-0.00775
3.91861e-007	-0.00775
3.92361e-007	-0.00775
3.92861e-007	-0.00775
3.93361e-007	-0.0068125
3.93861e-007	-0.0074375
3.94361e-007	-0.00775
3.94861e-007	-0.007125
3.95361e-007	-0.0068125
3.95861e-007	-0.007125
3.96361e-007	-0.007125
3.96861e-007	-0.0061875
3.97361e-007	-0.0068125
3.97861e-007	-0.0068125
3.98361e-007	-0.0061875
3.98861e-007	-0.00775
3.99361e-007	-0.0074375
3.99861e-007	-0.007125
4.00361e-007	-0.007125
4.00861e-007	-0.007125
4.01361e-007	-0.007125
4.01861e-007	-0.007125
4.02361e-007	-0.007125
4.02861e-007	-0.007125
4.03361e-007	-0.0068125
4.03861e-007	-0.007125
4.04361e-007	-0.0068125
4.04861e-007	-0.0068125
4.05361e-007	-0.0068125
4.05861e-007	-0.007125
4.06361e-007	-0.007125
4.06861e-007	-0.00775
4.07361e-007	-0.0074375
4.07861e-007	-0.0074375
4.08361e-007	-0.007125
4.08861e-007	-0.00775
4.09361e-007	-0.0068125
4.09861e-007	-0.0068125
4.10361e-007	-0.0068125
4.10861e-007	-0.0068125
4.11361e-007	-0.0065
4.11861e-007	-0.0065
4.12361e-007	-0.0068125
4.12861e-007	-0.0068125
4.13361e-007	-0.0061875
4.13861e-007	-0.0061875
4.14361e-007	-0.0061875
4.14861e-007	-0.0065
4.15361e-007	-0.0065
4.15861e-007	-0.0068125
4.16361e-007	-0.0080625
4.16861e-007	-0.00775
4.17361e-007	-0.0074375
4.17861e-007	-0.007125
4.18361e-007	-0.0074375
4.18861e-007	-0.00775
4.19361e-007	-0.0068125
4.19861e-007	-0.0068125
4.20361e-007	-0.0068125
4.20861e-007	-0.005875
4.21361e-007	-0.0061875
4.21861e-007	-0.0061875
4.22361e-007	-0.005875
4.22861e-007	-0.005875
4.23361e-007	-0.00525
4.23861e-007	-0.005875
4.24361e-007	-0.005875
4.24861e-007	-0.0068125
4.25361e-007	-0.007125
4.25861e-007	-0.0068125
4.26361e-007	-0.0074375
4.26861e-007	-0.00775
4.27361e-007	-0.007125
4.27861e-007	-0.00775
4.28361e-007	-0.00775
4.28861e-007	-0.007125
4.29361e-007	-0.0068125
4.29861e-007	-0.0065
4.30361e-007	-0.0065
4.30861e-007	-0.005875
4.31361e-007	-0.0055625
4.31861e-007	-0.0061875
4.32361e-007	-0.005875
4.32861e-007	-0.005875
4.33361e-007	-0.0055625
4.33861e-007	-0.005875
4.34361e-007	-0.0065
4.34861e-007	-0.0065
4.35361e-007	-0.007125
4.35861e-007	-0.0074375
4.36361e-007	-0.0074375
4.36861e-007	-0.00775
4.37361e-007	-0.007125
4.37861e-007	-0.0068125
4.38361e-007	-0.007125
4.38861e-007	-0.0068125
4.39361e-007	-0.0061875
4.39861e-007	-0.0061875
4.40361e-007	-0.0061875
4.40861e-007	-0.0061875
4.41361e-007	-0.005875
4.41861e-007	-0.005875
4.42361e-007	-0.0055625
4.42861e-007	-0.005875
4.43361e-007	-0.005875
4.43861e-007	-0.0065
4.44361e-007	-0.0068125
4.44861e-007	-0.0068125
4.45361e-007	-0.007125
4.45861e-007	-0.0068125
4.46361e-007	-0.007125
4.46861e-007	-0.007125
4.47361e-007	-0.0068125
4.47861e-007	-0.007125
4.48361e-007	-0.0068125
4.48861e-007	-0.0061875
4.49361e-007	-0.00525
4.49861e-007	-0.0055625
4.50361e-007	-0.0061875
4.50861e-007	-0.0055625
4.51361e-007	-0.00525
4.51861e-007	-0.005875
4.52361e-007	-0.0061875
4.52861e-007	-0.0061875
4.53361e-007	-0.0065
4.53861e-007	-0.0074375
4.54361e-007	-0.0074375
4.54861e-007	-0.007125
4.55361e-007	-0.007125
4.55861e-007	-0.007125
4.56361e-007	-0.007125
4.56861e-007	-0.007125
4.57361e-007	-0.0061875
4.57861e-007	-0.0061875
4.58361e-007	-0.0055625
4.58861e-007	-0.0055625
4.59361e-007	-0.0055625
4.59861e-007	-0.0049375
4.60361e-007	-0.005875
4.60861e-007	-0.0055625
4.61361e-007	-0.005875
4.61861e-007	-0.0061875
4.62361e-007	-0.0061875
4.62861e-007	-0.0068125
4.63361e-007	-0.0074375
4.63861e-007	-0.0074375
4.64361e-007	-0.0074375
4.64861e-007	-0.007125
4.65361e-007	-0.0074375
4.65861e-007	-0.0068125
4.66361e-007	-0.0065
4.66861e-007	-0.007125
4.67361e-007	-0.0055625
4.67861e-007	-0.0061875
4.68361e-007	-0.0065
4.68861e-007	-0.00525
4.69361e-007	-0.0043125
4.69861e-007	-0.004625
4.70361e-007	-0.0055625
4.70861e-007	-0.0049375
4.71361e-007	-0.0055625
4.71861e-007	-0.0061875
4.72361e-007	-0.0055625
4.72861e-007	-0.0068125
4.73361e-007	-0.007125
4.73861e-007	-0.007125
4.74361e-007	-0.0074375
4.74861e-007	-0.0074375
4.75361e-007	-0.0074375
4.75861e-007	-0.0068125
4.76361e-007	-0.0068125
4.76861e-007	-0.0068125
4.77361e-007	-0.0055625
4.77861e-007	-0.0055625
4.78361e-007	-0.0055625
4.78861e-007	-0.0049375
4.79361e-007	-0.00525
4.79861e-007	-0.0043125
4.80361e-007	-0.0049375
4.80861e-007	-0.004625
4.81361e-007	-0.0049375
4.81861e-007	-0.005875
4.82361e-007	-0.0055625
4.82861e-007	-0.0061875
4.83361e-007	-0.0068125
4.83861e-007	-0.007125
4.84361e-007	-0.0074375
4.84861e-007	-0.0074375
4.85361e-007	-0.0074375
4.85861e-007	-0.0065
4.86361e-007	-0.005875
4.86861e-007	-0.0068125
4.87361e-007	-0.0055625
4.87861e-007	-0.0055625
4.88361e-007	-0.0049375
4.88861e-007	-0.004625
4.89361e-007	-0.0049375
4.89861e-007	-0.004
4.90361e-007	-0.00525
4.90861e-007	-0.00525
4.91361e-007	-0.004625
4.91861e-007	-0.00525
4.92361e-007	-0.005875
4.92861e-007	-0.0061875
4.93361e-007	-0.0061875
4.93861e-007	-0.0065
4.94361e-007	-0.0068125
4.94861e-007	-0.0065
4.95361e-007	-0.0061875
4.95861e-007	-0.0061875
4.96361e-007	-0.0055625
4.96861e-007	-0.005875
4.97361e-007	-0.00525
4.97861e-007	-0.004625
4.98361e-007	-0.0049375
4.98861e-007	-0.004625
4.99361e-007	-0.00525
4.99861e-007	-0.004625
5.00361e-007	-0.0055625
5.00861e-007	-0.005875
5.01361e-007	-0.0049375
5.01861e-007	-0.0055625
5.02361e-007	-0.005875
5.02861e-007	-0.0065
5.03361e-007	-0.005875
5.03861e-007	-0.0055625
5.04361e-007	-0.0065
5.04861e-007	-0.0065
5.05361e-007	-0.005875
5.05861e-007	-0.0061875
5.06361e-007	-0.00525
5.06861e-007	-0.004625
5.07361e-007	-0.004625
5.07861e-007	-0.004625
5.08361e-007	-0.004625
5.08861e-007	-0.0049375
5.09361e-007	-0.0055625
5.09861e-007	-0.0043125
5.10361e-007	-0.004625
5.10861e-007	-0.0055625
5.11361e-007	-0.0055625
5.11861e-007	-0.0055625
5.12361e-007	-0.00525
5.12861e-007	-0.0055625
5.13361e-007	-0.0055625
5.13861e-007	-0.0055625
5.14361e-007	-0.005875
5.14861e-007	-0.0055625
5.15361e-007	-0.00525
5.15861e-007	-0.00525
5.16361e-007	-0.004
5.16861e-007	-0.0036875
5.17361e-007	-0.0049375
5.17861e-007	-0.00525
5.18361e-007	-0.0049375
5.18861e-007	-0.0043125
5.19361e-007	-0.00525
5.19861e-007	-0.0049375
5.20361e-007	-0.0049375
5.20861e-007	-0.005875
5.21361e-007	-0.0055625
5.21861e-007	-0.0055625
5.22361e-007	-0.00525
5.22861e-007	-0.0049375
5.23361e-007	-0.0055625
5.23861e-007	-0.0055625
5.24361e-007	-0.0055625
5.24861e-007	-0.00525
5.25361e-007	-0.004
5.25861e-007	-0.0049375
5.26361e-007	-0.0049375
5.26861e-007	-0.0043125
5.27361e-007	-0.004625
5.27861e-007	-0.0049375
5.28361e-007	-0.0055625
5.28861e-007	-0.0049375
5.29361e-007	-0.004625
5.29861e-007	-0.0049375
5.30361e-007	-0.005875
5.30861e-007	-0.0055625
5.31361e-007	-0.004625
5.31861e-007	-0.0055625
5.32361e-007	-0.00525
5.32861e-007	-0.004625
5.33361e-007	-0.00525
5.33861e-007	-0.00525
5.34361e-007	-0.0049375
5.34861e-007	-0.004
5.35361e-007	-0.0043125
5.35861e-007	-0.00525
5.36361e-007	-0.004625
5.36861e-007	-0.004
5.37361e-007	-0.0043125
5.37861e-007	-0.0049375
5.38361e-007	-0.0055625
5.38861e-007	-0.0055625
5.39361e-007	-0.0049375
5.39861e-007	-0.00525
5.40361e-007	-0.00525
5.40861e-007	-0.0055625
5.41361e-007	-0.0049375
5.41861e-007	-0.0043125
5.42361e-007	-0.0049375
5.42861e-007	-0.0049375
5.43361e-007	-0.0049375
5.43861e-007	-0.0043125
5.44361e-007	-0.004625
5.44861e-007	-0.004625
5.45361e-007	-0.0043125
5.45861e-007	-0.004625
5.46361e-007	-0.004625
5.46861e-007	-0.0043125
5.47361e-007	-0.004625
5.47861e-007	-0.0049375
5.48361e-007	-0.0055625
5.48861e-007	-0.00525
5.49361e-007	-0.00525
5.49861e-007	-0.0049375
5.50361e-007	-0.0049375
5.50861e-007	-0.004625
5.51361e-007	-0.0043125
5.51861e-007	-0.0043125
5.52361e-007	-0.0043125
5.52861e-007	-0.0043125
5.53361e-007	-0.004
5.53861e-007	-0.0036875
5.54361e-007	-0.004
5.54861e-007	-0.004
5.55361e-007	-0.0049375
5.55861e-007	-0.0049375
5.56361e-007	-0.004625
5.56861e-007	-0.004625
5.57361e-007	-0.0055625
5.57861e-007	-0.0055625
5.58361e-007	-0.0049375
5.58861e-007	-0.0049375
5.59361e-007	-0.0055625
5.59861e-007	-0.0049375
5.60361e-007	-0.004625
5.60861e-007	-0.0049375
5.61361e-007	-0.0036875
5.61861e-007	-0.003375
5.62361e-007	-0.003375
5.62861e-007	-0.0030625
5.63361e-007	-0.0036875
5.63861e-007	-0.004
5.64361e-007	-0.0036875
5.64861e-007	-0.0043125
5.65361e-007	-0.0043125
5.65861e-007	-0.0049375
5.66361e-007	-0.0049375
5.66861e-007	-0.005875
5.67361e-007	-0.0061875
5.67861e-007	-0.005875
5.68361e-007	-0.0055625
5.68861e-007	-0.00525
5.69361e-007	-0.0055625
5.69861e-007	-0.00525
5.70361e-007	-0.004625
5.70861e-007	-0.003375
5.71361e-007	-0.003375
5.71861e-007	-0.0036875
5.72361e-007	-0.0030625
5.72861e-007	-0.0030625
5.73361e-007	-0.003375
5.73861e-007	-0.003375
5.74361e-007	-0.0036875
5.74861e-007	-0.003375
5.75361e-007	-0.004625
5.75861e-007	-0.0049375
5.76361e-007	-0.0055625
5.76861e-007	-0.0065
5.77361e-007	-0.005875
5.77861e-007	-0.0065
5.78361e-007	-0.0061875
5.78861e-007	-0.00525
5.79361e-007	-0.0049375
5.79861e-007	-0.004
5.80361e-007	-0.004
5.80861e-007	-0.004
5.81361e-007	-0.0036875
5.81861e-007	-0.003375
5.82361e-007	-0.002125
5.82861e-007	-0.0024375
5.83361e-007	-0.00275
5.83861e-007	-0.0030625
5.84361e-007	-0.0030625
5.84861e-007	-0.0036875
5.85361e-007	-0.004625
5.85861e-007	-0.0049375
5.86361e-007	-0.00525
5.86861e-007	-0.0055625
5.87361e-007	-0.0065
5.87861e-007	-0.0065
5.88361e-007	-0.0055625
5.88861e-007	-0.00525
5.89361e-007	-0.00525
5.89861e-007	-0.0043125
5.90361e-007	-0.0036875
5.90861e-007	-0.0030625
5.91361e-007	-0.0030625
5.91861e-007	-0.0024375
5.92361e-007	-0.0024375
5.92861e-007	-0.0030625
5.93361e-007	-0.0030625
5.93861e-007	-0.0030625
5.94361e-007	-0.003375
5.94861e-007	-0.003375
5.95361e-007	-0.004625
5.95861e-007	-0.0049375
5.96361e-007	-0.00525
5.96861e-007	-0.0055625
5.97361e-007	-0.0055625
5.97861e-007	-0.00525
5.98361e-007	-0.004625
5.98861e-007	-0.0049375
5.99361e-007	-0.004625
5.99861e-007	-0.003375
6.00361e-007	-0.0030625
6.00861e-007	-0.0030625
6.01361e-007	-0.0024375
6.01861e-007	-0.002125
6.02361e-007	-0.0024375
6.02861e-007	-0.0036875
6.03361e-007	-0.0030625
6.03861e-007	-0.0030625
6.04361e-007	-0.004
6.04861e-007	-0.0043125
6.05361e-007	-0.0049375
6.05861e-007	-0.004625
6.06361e-007	-0.0049375
6.06861e-007	-0.004625
6.07361e-007	-0.004625
6.07861e-007	-0.0049375
6.08361e-007	-0.0049375
6.08861e-007	-0.004625
6.09361e-007	-0.004625
6.09861e-007	-0.0030625
6.10361e-007	-0.0024375
6.10861e-007	-0.0030625
6.11361e-007	-0.0030625
6.11861e-007	-0.004
6.12361e-007	-0.0036875
6.12861e-007	-0.0030625
6.13361e-007	-0.004
6.13861e-007	-0.0043125
6.14361e-007	-0.004625
6.14861e-007	-0.004625
6.15361e-007	-0.0049375
6.15861e-007	-0.00525
6.16361e-007	-0.0049375
6.16861e-007	-0.004625
6.17361e-007	-0.0043125
6.17861e-007	-0.004625
6.18361e-007	-0.004625
6.18861e-007	-0.0036875
6.19361e-007	-0.00275
6.19861e-007	-0.0024375
6.20361e-007	-0.00275
6.20861e-007	-0.00275
6.21361e-007	-0.0024375
6.21861e-007	-0.0030625
6.22361e-007	-0.0036875
6.22861e-007	-0.004
6.23361e-007	-0.0043125
6.23861e-007	-0.0049375
6.24361e-007	-0.0055625
6.24861e-007	-0.0049375
6.25361e-007	-0.0043125
6.25861e-007	-0.00525
6.26361e-007	-0.00525
6.26861e-007	-0.0049375
6.27361e-007	-0.004
6.27861e-007	-0.0030625
6.28361e-007	-0.00275
6.28861e-007	-0.0024375
6.29361e-007	-0.00275
6.29861e-007	-0.0024375
6.30361e-007	-0.0024375
6.30861e-007	-0.002125
6.31361e-007	-0.0018125
6.31861e-007	-0.003375
6.32361e-007	-0.004
6.32861e-007	-0.0043125
6.33361e-007	-0.004625
6.33861e-007	-0.0043125
6.34361e-007	-0.00525
6.34861e-007	-0.00525
6.35361e-007	-0.0055625
6.35861e-007	-0.005875
6.36361e-007	-0.004625
6.36861e-007	-0.004625
6.37361e-007	-0.003375
6.37861e-007	-0.00275
6.38361e-007	-0.003375
6.38861e-007	-0.002125
6.39361e-007	-0.0024375
6.39861e-007	-0.00275
6.40361e-007	-0.0018125
6.40861e-007	-0.0018125
6.41361e-007	-0.0018125
6.41861e-007	-0.0030625
6.42361e-007	-0.003375
6.42861e-007	-0.004
6.43361e-007	-0.0049375
6.43861e-007	-0.0049375
6.44361e-007	-0.0055625
6.44861e-007	-0.005875
6.45361e-007	-0.0049375
6.45861e-007	-0.004625
6.46361e-007	-0.0049375
6.46861e-007	-0.004625
6.47361e-007	-0.003375
6.47861e-007	-0.0030625
6.48361e-007	-0.0024375
6.48861e-007	-0.0018125
6.49361e-007	-0.0018125
6.49861e-007	-0.0011875
6.50361e-007	-0.002125
6.50861e-007	-0.002125
6.51361e-007	-0.002125
6.51861e-007	-0.0030625
6.52361e-007	-0.003375
6.52861e-007	-0.003375
6.53361e-007	-0.0036875
6.53861e-007	-0.0043125
6.54361e-007	-0.0049375
6.54861e-007	-0.0049375
6.55361e-007	-0.0055625
6.55861e-007	-0.0055625
6.56361e-007	-0.0049375
6.56861e-007	-0.0043125
6.57361e-007	-0.003375
6.57861e-007	-0.003375
6.58361e-007	-0.0030625
6.58861e-007	-0.0030625
6.59361e-007	-0.0030625
6.59861e-007	-0.0024375
6.60361e-007	-0.0018125
6.60861e-007	-0.002125
6.61361e-007	-0.0024375
6.61861e-007	-0.00275
6.62361e-007	-0.0024375
6.62861e-007	-0.0036875
6.63361e-007	-0.0043125
6.63861e-007	-0.0036875
6.64361e-007	-0.0043125
6.64861e-007	-0.0043125
6.65361e-007	-0.0049375
6.65861e-007	-0.0049375
6.66361e-007	-0.0043125
6.66861e-007	-0.0043125
6.67361e-007	-0.0036875
6.67861e-007	-0.003375
6.68361e-007	-0.0036875
6.68861e-007	-0.003375
6.69361e-007	-0.003375
6.69861e-007	-0.0030625
6.70361e-007	-0.0030625
6.70861e-007	-0.002125
6.71361e-007	-0.002125
6.71861e-007	-0.0030625
6.72361e-007	-0.0024375
6.72861e-007	-0.00275
6.73361e-007	-0.00275
6.73861e-007	-0.0030625
6.74361e-007	-0.0030625
6.74861e-007	-0.0030625
6.75361e-007	-0.0036875
6.75861e-007	-0.003375
6.76361e-007	-0.0043125
6.76861e-007	-0.0036875
6.77361e-007	-0.0030625
6.77861e-007	-0.004
6.78361e-007	-0.004
6.78861e-007	-0.0043125
6.79361e-007	-0.0036875
6.79861e-007	-0.0030625
6.80361e-007	-0.0030625
6.80861e-007	-0.00275
6.81361e-007	-0.00275
6.81861e-007	-0.0030625
6.82361e-007	-0.00275
6.82861e-007	-0.0018125
6.83361e-007	-0.002125
6.83861e-007	-0.0024375
6.84361e-007	-0.0024375
6.84861e-007	-0.002125
6.85361e-007	-0.00275
6.85861e-007	-0.0024375
6.86361e-007	-0.0036875
6.86861e-007	-0.004
6.87361e-007	-0.003375
6.87861e-007	-0.004
6.88361e-007	-0.003375
6.88861e-007	-0.003375
6.89361e-007	-0.0036875
6.89861e-007	-0.0030625
6.90361e-007	-0.0036875
6.90861e-007	-0.003375
6.91361e-007	-0.0030625
6.91861e-007	-0.0030625
6.92361e-007	-0.0024375
6.92861e-007	-0.0024375
6.93361e-007	-0.0024375
6.93861e-007	-0.0024375
6.94361e-007	-0.0024375
6.94861e-007	-0.002125
6.95361e-007	-0.0030625
6.95861e-007	-0.003375
6.96361e-007	-0.003375
6.96861e-007	-0.003375
6.97361e-007	-0.004
6.97861e-007	-0.003375
6.98361e-007	-0.0024375
6.98861e-007	-0.0030625
6.99361e-007	-0.0043125
6.99861e-007	-0.00275
7.00361e-007	-0.0030625
7.00861e-007	-0.0036875
7.01361e-007	-0.003375
7.01861e-007	-0.003375
7.02361e-007	-0.00275
7.02861e-007	-0.0030625
7.03361e-007	-0.00275
7.03861e-007	-0.002125
7.04361e-007	-0.002125
7.04861e-007	-0.002125
7.05361e-007	-0.002125
7.05861e-007	-0.00275
7.06361e-007	-0.003375
7.06861e-007	-0.003375
7.07361e-007	-0.00275
7.07861e-007	-0.004
7.08361e-007	-0.004
7.08861e-007	-0.004
7.09361e-007	-0.0030625
7.09861e-007	-0.0024375
7.10361e-007	-0.003375
7.10861e-007	-0.0030625
7.11361e-007	-0.0024375
7.11861e-007	-0.00275
7.12361e-007	-0.00275
7.12861e-007	-0.0024375
7.13361e-007	-0.002125
7.13861e-007	-0.002125
7.14361e-007	-0.00275
7.14861e-007	-0.0024375
7.15361e-007	-0.003375
7.15861e-007	-0.0030625
7.16361e-007	-0.0024375
7.16861e-007	-0.0030625
7.17361e-007	-0.003375
7.17861e-007	-0.003375
7.18361e-007	-0.0024375
7.18861e-007	-0.0024375
7.19361e-007	-0.0030625
7.19861e-007	-0.00275
7.20361e-007	-0.00275
7.20861e-007	-0.0024375
7.21361e-007	-0.00275
7.21861e-007	-0.0030625
7.22361e-007	-0.002125
7.22861e-007	-0.0030625
7.23361e-007	-0.0024375
7.23861e-007	-0.0024375
7.24361e-007	-0.0030625
7.24861e-007	-0.00275
7.25361e-007	-0.0036875
7.25861e-007	-0.0036875
7.26361e-007	-0.003375
7.26861e-007	-0.00275
7.27361e-007	-0.0018125
7.27861e-007	-0.0030625
7.28361e-007	-0.0024375
7.28861e-007	-0.002125
7.29361e-007	-0.002125
7.29861e-007	-0.0011875
7.30361e-007	-0.0018125
7.30861e-007	-0.0015
7.31361e-007	-0.0015
7.31861e-007	-0.0024375
7.32361e-007	-0.002125
7.32861e-007	-0.00275
7.33361e-007	-0.0024375
7.33861e-007	-0.0030625
7.34361e-007	-0.004
7.34861e-007	-0.003375
7.35361e-007	-0.004
7.35861e-007	-0.0036875
7.36361e-007	-0.0043125
7.36861e-007	-0.0043125
7.37361e-007	-0.0024375
7.37861e-007	-0.00275
7.38361e-007	-0.0024375
7.38861e-007	-0.002125
7.39361e-007	-0.002125
7.39861e-007	-0.0011875
7.40361e-007	-0.0011875
7.40861e-007	-0.0015
7.41361e-007	-0.0015
7.41861e-007	-0.002125
7.42361e-007	-0.0015
7.42861e-007	-0.0024375
7.43361e-007	-0.0030625
7.43861e-007	-0.0030625
7.44361e-007	-0.0030625
7.44861e-007	-0.0030625
7.45361e-007	-0.0043125
7.45861e-007	-0.004
7.46361e-007	-0.004625
7.46861e-007	-0.004
7.47361e-007	-0.0030625
7.47861e-007	-0.0024375
7.48361e-007	-0.0011875
7.48861e-007	-0.002125
7.49361e-007	-0.0024375
7.49861e-007	-0.0015
7.50361e-007	-0.000875
7.50861e-007	-0.00025
7.51361e-007	-0.000875
7.51861e-007	-0.0024375
7.52361e-007	-0.002125
7.52861e-007	-0.002125
7.53361e-007	-0.0024375
7.53861e-007	-0.0030625
7.54361e-007	-0.0036875
7.54861e-007	-0.0036875
7.55361e-007	-0.004625
7.55861e-007	-0.0036875
7.56361e-007	-0.004
7.56861e-007	-0.0036875
7.57361e-007	-0.0030625
7.57861e-007	-0.0024375
7.58361e-007	-0.0024375
7.58861e-007	-0.0024375
7.59361e-007	-0.000875
7.59861e-007	-0.000875
7.60361e-007	-0.0018125
7.60861e-007	-0.0018125
7.61361e-007	-0.0011875
7.61861e-007	-0.0018125
7.62361e-007	-0.0018125
7.62861e-007	-0.0024375
7.63361e-007	-0.0030625
7.63861e-007	-0.0030625
7.64361e-007	-0.0030625
7.64861e-007	-0.003375
7.65361e-007	-0.0036875
7.65861e-007	-0.003375
7.66361e-007	-0.0030625
7.66861e-007	-0.003375
7.67361e-007	-0.0030625
7.67861e-007	-0.0030625
7.68361e-007	-0.0018125
7.68861e-007	-0.0018125
7.69361e-007	-0.0018125
7.69861e-007	-0.002125
7.70361e-007	-0.002125
7.70861e-007	-0.002125
7.71361e-007	-0.0015
7.71861e-007	-0.002125
7.72361e-007	-0.00275
7.72861e-007	-0.0030625
7.73361e-007	-0.003375
7.73861e-007	-0.003375
7.74361e-007	-0.0036875
7.74861e-007	-0.00275
7.75361e-007	-0.0030625
7.75861e-007	-0.0030625
7.76361e-007	-0.0030625
7.76861e-007	-0.003375
7.77361e-007	-0.00275
7.77861e-007	-0.0024375
7.78361e-007	-0.00275
7.78861e-007	-0.0018125
7.79361e-007	-0.0024375
7.79861e-007	-0.00275
7.80361e-007	-0.0018125
7.80861e-007	-0.002125
7.81361e-007	-0.0030625
7.81861e-007	-0.0036875
7.82361e-007	-0.0043125
7.82861e-007	-0.003375
7.83361e-007	-0.0030625
7.83861e-007	-0.0030625
7.84361e-007	-0.003375
7.84861e-007	-0.003375
7.85361e-007	-0.0030625
7.85861e-007	-0.00275
7.86361e-007	-0.002125
7.86861e-007	-0.0018125
7.87361e-007	-0.002125
7.87861e-007	-0.0024375
7.88361e-007	-0.0015
7.88861e-007	-0.0015
7.89361e-007	-0.0018125
7.89861e-007	-0.0018125
7.90361e-007	-0.0030625
7.90861e-007	-0.0030625
7.91361e-007	-0.0030625
7.91861e-007	-0.004
7.92361e-007	-0.0043125
7.92861e-007	-0.0036875
7.93361e-007	-0.0036875
7.93861e-007	-0.0030625
7.94361e-007	-0.0030625
7.94861e-007	-0.00275
7.95361e-007	-0.002125
7.95861e-007	-0.0015
7.96361e-007	-0.0015
7.96861e-007	-0.0015
7.97361e-007	-0.0011875
7.97861e-007	-0.0018125
7.98361e-007	-0.0018125
7.98861e-007	-0.0015
7.99361e-007	-0.0011875
7.99861e-007	-0.0015
8.00361e-007	-0.00275
8.00861e-007	-0.0030625
8.01361e-007	-0.0030625
8.01861e-007	-0.004
8.02361e-007	-0.0049375
8.02861e-007	-0.0043125
8.03361e-007	-0.0036875
8.03861e-007	-0.004
8.04361e-007	-0.003375
8.04861e-007	-0.0030625
8.05361e-007	-0.0024375
8.05861e-007	-0.002125
8.06361e-007	-0.0015
8.06861e-007	-0.0011875
8.07361e-007	-0.0005625
8.07861e-007	-0.0011875
8.08361e-007	-0.000875
8.08861e-007	-0.000875
8.09361e-007	-0.000875
8.09861e-007	-0.0011875
8.10361e-007	-0.0024375
8.10861e-007	-0.0036875
8.11361e-007	-0.004
8.11861e-007	-0.003375
8.12361e-007	-0.0036875
8.12861e-007	-0.004
8.13361e-007	-0.0043125
8.13861e-007	-0.0036875
8.14361e-007	-0.003375
8.14861e-007	-0.0024375
8.15361e-007	-0.002125
8.15861e-007	-0.0015
8.16361e-007	-0.0011875
8.16861e-007	-0.0011875
8.17361e-007	-0.000875
8.17861e-007	-0.0011875
8.18361e-007	-0.0015
8.18861e-007	-0.0015
8.19361e-007	-0.0015
8.19861e-007	-0.0024375
8.20361e-007	-0.002125
8.20861e-007	-0.0024375
8.21361e-007	-0.0030625
8.21861e-007	-0.0036875
8.22361e-007	-0.003375
8.22861e-007	-0.003375
8.23361e-007	-0.0036875
8.23861e-007	-0.0030625
8.24361e-007	-0.0024375
8.24861e-007	-0.002125
8.25361e-007	-0.0018125
8.25861e-007	-0.002125
8.26361e-007	-0.0011875
8.26861e-007	-0.0015
8.27361e-007	-0.0018125
8.27861e-007	-0.0015
8.28361e-007	-0.0015
8.28861e-007	-0.0018125
8.29361e-007	-0.0024375
8.29861e-007	-0.0030625
8.30361e-007	-0.002125
8.30861e-007	-0.002125
8.31361e-007	-0.0024375
8.31861e-007	-0.0030625
8.32361e-007	-0.0030625
8.32861e-007	-0.00275
8.33361e-007	-0.0030625
8.33861e-007	-0.00275
8.34361e-007	-0.0024375
8.34861e-007	-0.0024375
8.35361e-007	-0.0011875
8.35861e-007	-0.0011875
8.36361e-007	-0.0011875
8.36861e-007	-0.0015
8.37361e-007	-0.0018125
8.37861e-007	-0.0018125
8.38361e-007	-0.0015
8.38861e-007	-0.0011875
8.39361e-007	-0.0018125
8.39861e-007	-0.0024375
8.40361e-007	-0.002125
8.40861e-007	-0.0024375
8.41361e-007	-0.0024375
8.41861e-007	-0.0024375
8.42361e-007	-0.0024375
8.42861e-007	-0.0024375
8.43361e-007	-0.0024375
8.43861e-007	-0.002125
8.44361e-007	-0.002125
8.44861e-007	-0.00275
8.45361e-007	-0.002125
8.45861e-007	-0.002125
8.46361e-007	-0.0018125
8.46861e-007	-0.002125
8.47361e-007	-0.0011875
8.47861e-007	-0.0011875
8.48361e-007	-0.0024375
8.48861e-007	-0.0024375
8.49361e-007	-0.002125
8.49861e-007	-0.0030625
8.50361e-007	-0.0030625
8.50861e-007	-0.00275
8.51361e-007	-0.0018125
8.51861e-007	-0.0015
8.52361e-007	-0.002125
8.52861e-007	-0.0024375
8.53361e-007	-0.0024375
8.53861e-007	-0.002125
8.54361e-007	-0.002125
8.54861e-007	-0.0015
8.55361e-007	-0.0011875
8.55861e-007	-0.0024375
8.56361e-007	-0.0018125
8.56861e-007	-0.002125
8.57361e-007	-0.0024375
8.57861e-007	-0.0018125
8.58361e-007	-0.0018125
8.58861e-007	-0.00275
8.59361e-007	-0.00275
8.59861e-007	-0.0024375
8.60361e-007	-0.002125
8.60861e-007	-0.0018125
8.61361e-007	-0.0018125
8.61861e-007	-0.0015
8.62361e-007	-0.0015
8.62861e-007	-0.000875
8.63361e-007	-0.0018125
8.63861e-007	-0.002125
8.64361e-007	-0.002125
8.64861e-007	-0.0018125
8.65361e-007	-0.0015
8.65861e-007	-0.0024375
8.66361e-007	-0.0018125
8.66861e-007	-0.0018125
8.67361e-007	-0.002125
8.67861e-007	-0.0015
8.68361e-007	-0.0015
8.68861e-007	-0.002125
8.69361e-007	-0.0018125
8.69861e-007	-0.0018125
8.70361e-007	-0.0018125
8.70861e-007	-0.0018125
8.71361e-007	-0.002125
8.71861e-007	-0.0024375
8.72361e-007	-0.0018125
8.72861e-007	-0.000875
8.73361e-007	-0.000875
8.73861e-007	-0.002125
8.74361e-007	-0.0018125
8.74861e-007	-0.0018125
8.75361e-007	-0.0018125
8.75861e-007	-0.0018125
8.76361e-007	-0.0015
8.76861e-007	-0.0015
8.77361e-007	-0.0015
8.77861e-007	-0.0011875
8.78361e-007	-0.0018125
8.78861e-007	-0.0018125
8.79361e-007	-0.0018125
8.79861e-007	-0.002125
8.80361e-007	-0.002125
8.80861e-007	-0.002125
8.81361e-007	-0.0015
8.81861e-007	-0.0018125
8.82361e-007	-0.0015
8.82861e-007	-0.0015
8.83361e-007	-0.0018125
8.83861e-007	-0.0018125
8.84361e-007	-0.0024375
8.84861e-007	-0.0024375
8.85361e-007	-0.0018125
8.85861e-007	-0.0024375
8.86361e-007	-0.0018125
8.86861e-007	-0.0011875
8.87361e-007	-0.0018125
8.87861e-007	-0.002125
8.88361e-007	-0.0015
8.88861e-007	-0.0015
8.89361e-007	-0.0011875
8.89861e-007	-0.0015
8.90361e-007	-0.0011875
8.90861e-007	-0.0018125
8.91361e-007	-0.002125
8.91861e-007	-0.0024375
8.92361e-007	-0.0015
8.92861e-007	-0.0018125
8.93361e-007	-0.002125
8.93861e-007	-0.002125
8.94361e-007	-0.0024375
8.94861e-007	-0.0024375
8.95361e-007	-0.0024375
8.95861e-007	-0.0024375
8.96361e-007	-0.0018125
8.96861e-007	-0.0018125
8.97361e-007	-0.0018125
8.97861e-007	-0.0015
8.98361e-007	-0.0018125
8.98861e-007	-0.0011875
8.99361e-007	-0.0011875
8.99861e-007	-0.0015
9.00361e-007	-0.0018125
9.00861e-007	-0.0015
9.01361e-007	-0.0015
9.01861e-007	-0.0018125
9.02361e-007	-0.0015
9.02861e-007	-0.0018125
9.03361e-007	-0.0015
9.03861e-007	-0.002125
9.04361e-007	-0.0015
9.04861e-007	-0.0011875
9.05361e-007	-0.0030625
9.05861e-007	-0.0030625
9.06361e-007	-0.0024375
9.06861e-007	-0.002125
9.07361e-007	-0.0018125
9.07861e-007	-0.0018125
9.08361e-007	-0.0011875
9.08861e-007	-0.0011875
9.09361e-007	-0.0015
9.09861e-007	-0.0011875
9.10361e-007	-0.0011875
9.10861e-007	-0.0011875
9.11361e-007	-0.0015
9.11861e-007	-0.0024375
9.12361e-007	-0.0018125
9.12861e-007	-0.0018125
9.13361e-007	-0.0024375
9.13861e-007	-0.0024375
9.14361e-007	-0.0024375
9.14861e-007	-0.0024375
9.15361e-007	-0.00275
9.15861e-007	-0.002125
9.16361e-007	-0.0018125
9.16861e-007	-0.0018125
9.17361e-007	-0.002125
9.17861e-007	-0.0018125
9.18361e-007	-0.0015
9.18861e-007	-0.0015
9.19361e-007	-0.000875
9.19861e-007	-0.0005625
9.20361e-007	-0.0005625
9.20861e-007	-0.0005625
9.21361e-007	-0.0018125
9.21861e-007	-0.002125
9.22361e-007	-0.0018125
9.22861e-007	-0.002125
9.23361e-007	-0.0018125
9.23861e-007	-0.0018125
9.24361e-007	-0.002125
9.24861e-007	-0.002125
9.25361e-007	-0.0018125
9.25861e-007	-0.0015
9.26361e-007	-0.002125
9.26861e-007	-0.0024375
9.27361e-007	-0.002125
9.27861e-007	-0.0018125
9.28361e-007	-0.0011875
9.28861e-007	-0.0015
9.29361e-007	-0.0011875
9.29861e-007	-0.0015
9.30361e-007	-0.0011875
9.30861e-007	-0.0011875
9.31361e-007	-0.0018125
9.31861e-007	-0.0011875
9.32361e-007	-0.0011875
9.32861e-007	-0.002125
9.33361e-007	-0.0018125
9.33861e-007	-0.0018125
9.34361e-007	-0.0018125
9.34861e-007	-0.002125
9.35361e-007	-0.002125
9.35861e-007	-0.0018125
9.36361e-007	-0.0018125
9.36861e-007	-0.0018125
9.37361e-007	-0.0018125
9.37861e-007	-0.0018125
9.38361e-007	-0.0018125
9.38861e-007	-0.0015
9.39361e-007	-0.0015
9.39861e-007	-0.0011875
9.40361e-007	-0.0011875
9.40861e-007	-0.0011875
9.41361e-007	-0.0018125
9.41861e-007	-0.002125
9.42361e-007	-0.0024375
9.42861e-007	-0.0018125
9.43361e-007	-0.0018125
9.43861e-007	-0.00275
9.44361e-007	-0.0018125
9.44861e-007	-0.0011875
9.45361e-007	-0.0015
9.45861e-007	-0.0018125
9.46361e-007	-0.0018125
9.46861e-007	-0.0011875
9.47361e-007	-0.0011875
9.47861e-007	-0.002125
9.48361e-007	-0.0015
9.48861e-007	-0.0015
9.49361e-007	-0.0011875
9.49861e-007	-0.0011875
9.50361e-007	-0.0018125
9.50861e-007	-0.0018125
9.51361e-007	-0.0015
9.51861e-007	-0.002125
9.52361e-007	-0.0018125
9.52861e-007	-0.0018125
9.53361e-007	-0.0018125
9.53861e-007	-0.0018125
9.54361e-007	-0.0018125
9.54861e-007	-0.0015
9.55361e-007	-0.0015
9.55861e-007	-0.0011875
9.56361e-007	-0.000875
9.56861e-007	-0.0011875
9.57361e-007	-0.000875
9.57861e-007	-0.0011875
9.58361e-007	-0.0011875
9.58861e-007	-0.0018125
9.59361e-007	-0.0018125
9.59861e-007	-0.0011875
9.60361e-007	-0.0015
9.60861e-007	-0.0015
9.61361e-007	-0.0015
9.61861e-007	-0.0018125
9.62361e-007	-0.002125
9.62861e-007	-0.002125
9.63361e-007	-0.0018125
9.63861e-007	-0.0018125
9.64361e-007	-0.0015
9.64861e-007	-0.002125
9.65361e-007	-0.0018125
9.65861e-007	-0.0011875
9.66361e-007	-0.0005625
9.66861e-007	-0.0011875
9.67361e-007	-0.0011875
9.67861e-007	-0.0015
9.68361e-007	-0.0011875
9.68861e-007	-0.0011875
9.69361e-007	-0.0015
9.69861e-007	-0.0011875
9.70361e-007	-0.0015
9.70861e-007	-0.0018125
9.71361e-007	-0.0011875
9.71861e-007	-0.0018125
9.72361e-007	-0.0011875
9.72861e-007	-0.0015
9.73361e-007	-0.0011875
9.73861e-007	-0.0015
9.74361e-007	-0.002125
9.74861e-007	-0.0018125
9.75361e-007	-0.0018125
9.75861e-007	-0.0018125
9.76361e-007	-0.000875
9.76861e-007	-0.0011875
9.77361e-007	-0.000875
9.77861e-007	-0.0018125
9.78361e-007	-0.0015
9.78861e-007	-0.000875
9.79361e-007	-0.0011875
9.79861e-007	-0.0011875
9.80361e-007	-0.0015
9.80861e-007	-0.0005625
9.81361e-007	-0.0011875
9.81861e-007	-0.0024375
9.82361e-007	-0.0018125
9.82861e-007	-0.002125
9.83361e-007	-0.0018125
9.83861e-007	-0.0011875
9.84361e-007	-0.002125
9.84861e-007	-0.002125
9.85361e-007	-0.0018125
9.85861e-007	-0.0015
9.86361e-007	-0.0018125
9.86861e-007	-0.0015
9.87361e-007	-0.000875
9.87861e-007	-0.0015
9.88361e-007	-0.0018125
9.88861e-007	-0.0018125
9.89361e-007	-0.000875
9.89861e-007	-0.0011875
9.90361e-007	-0.0015
9.90861e-007	-0.0015
9.91361e-007	-0.0011875
9.91861e-007	-0.0018125
9.92361e-007	-0.002125
9.92861e-007	-0.0018125
9.93361e-007	-0.0011875
9.93861e-007	-0.0015
9.94361e-007	-0.0011875
9.94861e-007	-0.0011875
9.95361e-007	-0.0011875
9.95861e-007	-0.0011875
9.96361e-007	-0.0018125
9.96861e-007	-0.0018125
9.97361e-007	-0.0011875
9.97861e-007	-0.0011875
9.98361e-007	-0.0018125
9.98861e-007	-0.0018125
9.99361e-007	-0.0011875
9.99861e-007	-0.0011875
1.000361e-006	-0.002125
1.000861e-006	-0.0015
1.001361e-006	-0.0015
1.001861e-006	-0.0015
1.002361e-006	-0.0015
1.002861e-006	-0.0011875
1.003361e-006	-0.0005625
1.003861e-006	-0.0011875
1.004361e-006	-0.0011875
1.004861e-006	-0.0011875
1.005361e-006	-0.0011875
1.005861e-006	-0.0011875
1.006361e-006	-0.0018125
1.006861e-006	-0.0015
1.007361e-006	-0.0015
1.007861e-006	-0.0024375
1.008361e-006	-0.0018125
1.008861e-006	-0.0011875
1.009361e-006	-0.0011875
1.009861e-006	-0.0024375
1.010361e-006	-0.0024375
1.010861e-006	-0.0015
1.011361e-006	-0.0018125
1.011861e-006	-0.002125
1.012361e-006	-0.0011875
1.012861e-006	-0.0011875
1.013361e-006	-0.0011875
1.013861e-006	-0.000875
1.014361e-006	-0.00025
1.014861e-006	-0.00025
1.015361e-006	-0.000875
1.015861e-006	-0.0015
1.016361e-006	-0.0011875
1.016861e-006	-0.0005625
1.017361e-006	-0.0015
1.017861e-006	-0.0024375
1.018361e-006	-0.0018125
1.018861e-006	-0.0024375
1.019361e-006	-0.0024375
1.019861e-006	-0.0024375
1.020361e-006	-0.0024375
1.020861e-006	-0.0024375
1.021361e-006	-0.0015
1.021861e-006	-0.0015
1.022361e-006	-0.0018125
1.022861e-006	-0.0015
1.023361e-006	-0.000875
1.023861e-006	-0.0005625
1.024361e-006	-0.00025
1.024861e-006	6.25e-005
1.025361e-006	-0.00025
1.025861e-006	-0.0011875
1.026361e-006	-0.0015
1.026861e-006	-0.0005625
1.027361e-006	-0.0005625
1.027861e-006	-0.0011875
1.028361e-006	-0.0015
1.028861e-006	-0.002125
1.029361e-006	-0.00275
1.029861e-006	-0.003375
1.030361e-006	-0.0030625
1.030861e-006	-0.00275
1.031361e-006	-0.0024375
1.031861e-006	-0.0018125
1.032361e-006	-0.000875
1.032861e-006	-0.000875
1.033361e-006	-0.000875
1.033861e-006	-0.0015
1.034361e-006	6.25e-005
1.034861e-006	0.000375
1.035361e-006	6.25e-005
1.035861e-006	-0.00025
1.036361e-006	-0.00025
1.036861e-006	-0.00025
1.037361e-006	-0.0005625
1.037861e-006	-0.0015
1.038361e-006	-0.0018125
1.038861e-006	-0.0024375
1.039361e-006	-0.0024375
1.039861e-006	-0.0024375
1.040361e-006	-0.0024375
1.040861e-006	-0.0030625
1.041361e-006	-0.0030625
1.041861e-006	-0.0024375
1.042361e-006	-0.0018125
1.042861e-006	-0.0018125
1.043361e-006	-0.0011875
1.043861e-006	-0.0005625
1.044361e-006	-0.000875
1.044861e-006	-0.0005625
1.045361e-006	-0.00025
1.045861e-006	0.000375
1.046361e-006	6.25e-005
1.046861e-006	-0.00025
1.047361e-006	-0.0005625
1.047861e-006	-0.0011875
1.048361e-006	-0.0011875
1.048861e-006	-0.0015
1.049361e-006	-0.0018125
1.049861e-006	-0.0024375
1.050361e-006	-0.0030625
1.050861e-006	-0.0024375
1.051361e-006	-0.002125
1.051861e-006	-0.0024375
1.052361e-006	-0.00275
1.052861e-006	-0.002125
1.053361e-006	-0.0018125
1.053861e-006	-0.0005625
1.054361e-006	0.0006875
1.054861e-006	0.000375
1.055361e-006	-0.0005625
1.055861e-006	-0.000875
1.056361e-006	-0.0005625
1.056861e-006	-0.00025
1.057361e-006	-0.00025
1.057861e-006	-0.000875
1.058361e-006	-0.0015
1.058861e-006	-0.0024375
1.059361e-006	-0.002125
1.059861e-006	-0.0018125
1.060361e-006	-0.0018125
1.060861e-006	-0.002125
1.061361e-006	-0.0024375
1.061861e-006	-0.00275
1.062361e-006	-0.0018125
1.062861e-006	-0.0015
1.063361e-006	-0.0011875
1.063861e-006	-0.000875
1.064361e-006	-0.00025
1.064861e-006	-0.0005625
1.065361e-006	-0.00025
1.065861e-006	-0.0005625
1.066361e-006	-0.000875
1.066861e-006	-0.000875
1.067361e-006	-0.00025
1.067861e-006	-0.0011875
1.068361e-006	-0.002125
1.068861e-006	-0.0015
1.069361e-006	-0.0015
1.069861e-006	-0.002125
1.070361e-006	-0.0024375
1.070861e-006	-0.0018125
1.071361e-006	-0.000875
1.071861e-006	-0.0015
1.072361e-006	-0.0011875
1.072861e-006	-0.0011875
1.073361e-006	-0.000875
1.073861e-006	-0.00025
1.074361e-006	-0.0005625
1.074861e-006	-0.000875
1.075361e-006	-0.0005625
1.075861e-006	-0.0015
1.076361e-006	-0.0011875
1.076861e-006	-0.0011875
1.077361e-006	-0.000875
1.077861e-006	-0.002125
1.078361e-006	-0.0024375
1.078861e-006	-0.0024375
1.079361e-006	-0.002125
1.079861e-006	-0.0018125
1.080361e-006	-0.002125
1.080861e-006	-0.0018125
1.081361e-006	-0.0011875
1.081861e-006	-0.0015
1.082361e-006	-0.00025
1.082861e-006	-0.0005625
1.083361e-006	-0.000875
1.083861e-006	-0.0005625
1.084361e-006	-0.0005625
1.084861e-006	0.000375
1.085361e-006	6.25e-005
1.085861e-006	-0.0015
1.086361e-006	-0.0018125
1.086861e-006	-0.0024375
1.087361e-006	-0.0024375
1.087861e-006	-0.00275
1.088361e-006	-0.003375
1.088861e-006	-0.0024375
1.089361e-006	-0.0030625
1.089861e-006	-0.0024375
1.090361e-006	-0.0011875
1.090861e-006	-0.0011875
1.091361e-006	-0.000875
1.091861e-006	-0.0005625
1.092361e-006	0.000375
1.092861e-006	0.0006875
1.093361e-006	0.0006875
1.093861e-006	0.000375
1.094361e-006	-0.00025
1.094861e-006	-0.0005625
1.095361e-006	-0.00025
1.095861e-006	-0.0011875
1.096361e-006	-0.0018125
1.096861e-006	-0.00275
1.097361e-006	-0.002125
1.097861e-006	-0.0024375
1.098361e-006	-0.003375
1.098861e-006	-0.003375
1.099361e-006	-0.00275
1.099861e-006	-0.0024375
1.100361e-006	-0.0018125
1.100861e-006	-0.0011875
1.101361e-006	6.25e-005
1.101861e-006	6.25e-005
1.102361e-006	6.25e-005
1.102861e-006	0.001
1.103361e-006	0.0013125
1.103861e-006	0.001
1.104361e-006	6.25e-005
1.104861e-006	0.000375
1.105361e-006	-0.0005625
1.105861e-006	-0.0018125
1.106361e-006	-0.000875
1.106861e-006	-0.002125
1.107361e-006	-0.00275
1.107861e-006	-0.0030625
1.108361e-006	-0.0036875
1.108861e-006	-0.0024375
1.109361e-006	-0.0024375
1.109861e-006	-0.0024375
1.110361e-006	-0.0015
1.110861e-006	-0.000875
1.111361e-006	-0.0005625
1.111861e-006	-0.0005625
1.112361e-006	6.25e-005
1.112861e-006	0.0006875
1.113361e-006	0.0006875
1.113861e-006	0.0013125
1.114361e-006	0.000375
1.114861e-006	6.25e-005
1.115361e-006	-0.0005625
1.115861e-006	-0.0015
1.116361e-006	-0.0011875
1.116861e-006	-0.002125
1.117361e-006	-0.002125
1.117861e-006	-0.0024375
1.118361e-006	-0.003375
1.118861e-006	-0.0024375
1.119361e-006	-0.002125
1.119861e-006	-0.0018125
1.120361e-006	-0.0011875
1.120861e-006	-0.000875
1.121361e-006	-0.00025
1.121861e-006	-0.000875
1.122361e-006	-0.0005625
1.122861e-006	0.0006875
1.123361e-006	0.0006875
1.123861e-006	0.000375
1.124361e-006	-0.00025
1.124861e-006	6.25e-005
1.125361e-006	6.25e-005
1.125861e-006	-0.0011875
1.126361e-006	-0.000875
1.126861e-006	-0.0018125
1.127361e-006	-0.0018125
1.127861e-006	-0.0024375
1.128361e-006	-0.00275
1.128861e-006	-0.0018125
1.129361e-006	-0.0018125
1.129861e-006	-0.002125
1.130361e-006	-0.0011875
1.130861e-006	-0.0011875
1.131361e-006	-0.000875
1.131861e-006	-0.0011875
1.132361e-006	-0.0005625
1.132861e-006	0.0006875
1.133361e-006	-0.00025
1.133861e-006	-0.00025
1.134361e-006	-0.0005625
1.134861e-006	6.25e-005
1.135361e-006	0.0006875
1.135861e-006	-0.0011875
1.136361e-006	-0.000875
1.136861e-006	-0.000875
1.137361e-006	-0.0015
1.137861e-006	-0.0024375
1.138361e-006	-0.0024375
1.138861e-006	-0.0015
1.139361e-006	-0.0015
1.139861e-006	-0.0011875
1.140361e-006	-0.0011875
1.140861e-006	-0.0018125
1.141361e-006	-0.000875
1.141861e-006	-0.000875
1.142361e-006	-0.000875
1.142861e-006	-0.0011875
1.143361e-006	-0.0011875
1.143861e-006	-0.00025
1.144361e-006	-0.0005625
1.144861e-006	-0.000875
1.145361e-006	-0.000875
1.145861e-006	-0.0015
1.146361e-006	-0.0011875
1.146861e-006	-0.0011875
1.147361e-006	-0.0005625
1.147861e-006	-0.0005625
1.148361e-006	-0.000875
1.148861e-006	-0.000875
1.149361e-006	-0.0015
1.149861e-006	-0.000875
1.150361e-006	-0.000875
1.150861e-006	-0.0011875
1.151361e-006	-0.0005625
1.151861e-006	-0.000875
1.152361e-006	-0.000875
1.152861e-006	-0.0011875
1.153361e-006	-0.000875
1.153861e-006	-0.000875
1.154361e-006	-0.0015
1.154861e-006	-0.0011875
1.155361e-006	-0.0011875
1.155861e-006	-0.0011875
1.156361e-006	-0.000875
1.156861e-006	-0.0011875
1.157361e-006	-0.000875
1.157861e-006	-0.0011875
1.158361e-006	-0.0011875
1.158861e-006	-0.000875
1.159361e-006	-0.000875
1.159861e-006	-0.00025
1.160361e-006	-0.00025
1.160861e-006	-0.0005625
1.161361e-006	-0.0005625
1.161861e-006	-0.0015
1.162361e-006	-0.0018125
1.162861e-006	-0.0015
1.163361e-006	-0.0015
1.163861e-006	-0.0015
1.164361e-006	-0.000875
1.164861e-006	-0.0011875
1.165361e-006	-0.002125
1.165861e-006	-0.0018125
1.166361e-006	-0.0005625
1.166861e-006	-0.0015
1.167361e-006	-0.000875
1.167861e-006	-0.0005625
1.168361e-006	6.25e-005
1.168861e-006	-0.0005625
1.169361e-006	-0.0011875
1.169861e-006	-0.000875
1.170361e-006	-0.0005625
1.170861e-006	-0.0005625
1.171361e-006	-0.0005625
1.171861e-006	-0.000875
1.172361e-006	-0.0011875
1.172861e-006	-0.0015
1.173361e-006	-0.0011875
1.173861e-006	-0.0011875
1.174361e-006	-0.0018125
1.174861e-006	-0.0011875
1.175361e-006	-0.0015
1.175861e-006	-0.0018125
1.176361e-006	-0.0011875
1.176861e-006	-0.000875
1.177361e-006	-0.0011875
1.177861e-006	-0.0011875
1.178361e-006	-0.000875
1.178861e-006	-0.0011875
1.179361e-006	-0.000875
1.179861e-006	-0.00025
1.180361e-006	-0.000875
1.180861e-006	-0.0015
1.181361e-006	-0.000875
1.181861e-006	-0.0005625
1.182361e-006	-0.0005625
1.182861e-006	-0.0018125
1.183361e-006	-0.0018125
1.183861e-006	-0.0011875
1.184361e-006	-0.0011875
1.184861e-006	-0.0018125
1.185361e-006	-0.0015
1.185861e-006	-0.0011875
1.186361e-006	-0.0011875
1.186861e-006	-0.0011875
1.187361e-006	-0.000875
1.187861e-006	-0.0011875
1.188361e-006	-0.0005625
1.188861e-006	-0.000875
1.189361e-006	-0.000875
1.189861e-006	-0.0011875
1.190361e-006	-0.0011875
1.190861e-006	-0.000875
1.191361e-006	-0.000875
1.191861e-006	-0.000875
1.192361e-006	-0.0011875
1.192861e-006	-0.0011875
1.193361e-006	-0.00025
1.193861e-006	-0.0005625
1.194361e-006	-0.00025
1.194861e-006	-0.00025
1.195361e-006	-0.0011875
1.195861e-006	-0.0011875
1.196361e-006	-0.000875
1.196861e-006	-0.000875
1.197361e-006	-0.000875
1.197861e-006	-0.0011875
1.198361e-006	-0.0015
1.198861e-006	-0.0015
1.199361e-006	-0.0011875
1.199861e-006	-0.0018125
1.200361e-006	-0.0011875
1.200861e-006	-0.0011875
1.201361e-006	-0.0011875
1.201861e-006	-0.0015
1.202361e-006	-0.0011875
1.202861e-006	-0.00025
1.203361e-006	-0.0005625
1.203861e-006	-0.0011875
1.204361e-006	6.25e-005
1.204861e-006	6.25e-005
1.205361e-006	-0.000875
1.205861e-006	-0.000875
1.206361e-006	-0.0005625
1.206861e-006	-0.0005625
1.207361e-006	-0.000875
1.207861e-006	-0.0011875
1.208361e-006	-0.0015
1.208861e-006	-0.0018125
1.209361e-006	-0.0011875
1.209861e-006	-0.0015
1.210361e-006	-0.0018125
1.210861e-006	-0.0018125
1.211361e-006	-0.0011875
1.211861e-006	-0.000875
1.212361e-006	-0.0011875
1.212861e-006	-0.000875
1.213361e-006	6.25e-005
1.213861e-006	-0.0005625
1.214361e-006	0.000375
1.214861e-006	0.000375
1.215361e-006	-0.00025
1.215861e-006	-0.0005625
1.216361e-006	-0.0005625
1.216861e-006	-0.00025
1.217361e-006	-0.0011875
1.217861e-006	-0.0011875
1.218361e-006	-0.0015
1.218861e-006	-0.002125
1.219361e-006	-0.002125
1.219861e-006	-0.002125
1.220361e-006	-0.0018125
1.220861e-006	-0.0018125
1.221361e-006	-0.0018125
1.221861e-006	-0.0011875
1.222361e-006	-0.0011875
1.222861e-006	-0.0005625
1.223361e-006	-0.00025
1.223861e-006	-0.0005625
1.224361e-006	-0.00025
1.224861e-006	6.25e-005
1.225361e-006	0.001
1.225861e-006	0.000375
1.226361e-006	6.25e-005
1.226861e-006	0.000375
1.227361e-006	-0.000875
1.227861e-006	-0.0018125
1.228361e-006	-0.0018125
1.228861e-006	-0.0018125
1.229361e-006	-0.0018125
1.229861e-006	-0.0024375
1.230361e-006	-0.0015
1.230861e-006	-0.000875
1.231361e-006	-0.0011875
1.231861e-006	-0.0005625
1.232361e-006	-0.0005625
1.232861e-006	-0.00025
1.233361e-006	-0.00025
1.233861e-006	-0.000875
1.234361e-006	-0.0005625
1.234861e-006	-0.0005625
1.235361e-006	0.000375
1.235861e-006	-0.00025
1.236361e-006	-0.00025
1.236861e-006	6.25e-005
1.237361e-006	-0.0011875
1.237861e-006	-0.0015
1.238361e-006	-0.0011875
1.238861e-006	-0.000875
1.239361e-006	-0.0005625
1.239861e-006	-0.0015
1.240361e-006	-0.0011875
1.240861e-006	-0.000875
1.241361e-006	-0.000875
1.241861e-006	-0.0005625
1.242361e-006	-0.000875
1.242861e-006	-0.00025
1.243361e-006	-0.00025
1.243861e-006	-0.00025
1.244361e-006	-0.00025
1.244861e-006	-0.000875
1.245361e-006	-0.000875
1.245861e-006	-0.0005625
1.246361e-006	6.25e-005
1.246861e-006	-0.0005625
1.247361e-006	-0.0018125
1.247861e-006	-0.000875
1.248361e-006	-0.0011875
1.248861e-006	-0.0011875
1.249361e-006	-0.000875
1.249861e-006	-0.0015
1.250361e-006	-0.0011875
1.250861e-006	-0.000875
1.251361e-006	-0.0005625
1.251861e-006	-0.0005625
1.252361e-006	-0.0005625
1.252861e-006	-0.0005625
1.253361e-006	-0.0005625
1.253861e-006	-0.000875
1.254361e-006	-0.000875
1.254861e-006	-0.0011875
1.255361e-006	-0.0005625
1.255861e-006	-0.000875
1.256361e-006	-0.0015
1.256861e-006	-0.0015
1.257361e-006	-0.0011875
1.257861e-006	-0.0011875
1.258361e-006	-0.0011875
1.258861e-006	-0.0015
1.259361e-006	-0.000875
1.259861e-006	-0.0005625
1.260361e-006	-0.00025
1.260861e-006	-0.0005625
1.261361e-006	-0.0005625
1.261861e-006	0.000375
1.262361e-006	6.25e-005
1.262861e-006	-0.00025
1.263361e-006	-0.000875
1.263861e-006	-0.000875
1.264361e-006	-0.0005625
1.264861e-006	-0.0015
1.265361e-006	-0.0011875
1.265861e-006	-0.0005625
1.266361e-006	-0.0011875
1.266861e-006	-0.0011875
1.267361e-006	-0.0011875
1.267861e-006	-0.000875
1.268361e-006	-0.000875
1.268861e-006	-0.0011875
1.269361e-006	6.25e-005
1.269861e-006	6.25e-005
1.270361e-006	-0.0005625
1.270861e-006	-0.00025
1.271361e-006	-0.00025
1.271861e-006	-0.0005625
1.272361e-006	-0.0005625
1.272861e-006	-0.000875
1.273361e-006	-0.0005625
1.273861e-006	-0.000875
1.274361e-006	-0.000875
1.274861e-006	-0.0011875
1.275361e-006	-0.000875
1.275861e-006	-0.000875
1.276361e-006	-0.000875
1.276861e-006	-0.000875
1.277361e-006	-0.0011875
1.277861e-006	-0.000875
1.278361e-006	-0.0011875
1.278861e-006	-0.0005625
1.279361e-006	-0.00025
1.279861e-006	-0.0005625
1.280361e-006	6.25e-005
1.280861e-006	6.25e-005
1.281361e-006	-0.0005625
1.281861e-006	6.25e-005
1.282361e-006	-0.0005625
1.282861e-006	-0.0011875
1.283361e-006	-0.0005625
1.283861e-006	-0.00025
1.284361e-006	-0.0011875
1.284861e-006	-0.002125
1.285361e-006	-0.0015
1.285861e-006	-0.0011875
1.286361e-006	-0.0011875
1.286861e-006	-0.0005625
1.287361e-006	-0.0005625
1.287861e-006	-0.00025
1.288361e-006	-0.0005625
1.288861e-006	-0.00025
1.289361e-006	0.000375
1.289861e-006	6.25e-005
1.290361e-006	0.0006875
1.290861e-006	6.25e-005
1.291361e-006	-0.0005625
1.291861e-006	-0.0011875
1.292361e-006	-0.0015
1.292861e-006	-0.0015
1.293361e-006	-0.0011875
1.293861e-006	-0.0011875
1.294361e-006	-0.000875
1.294861e-006	-0.0015
1.295361e-006	-0.0015
1.295861e-006	-0.000875
1.296361e-006	-0.000875
1.296861e-006	-0.0011875
1.297361e-006	-0.0005625
1.297861e-006	0.0006875
1.298361e-006	0.000375
1.298861e-006	6.25e-005
1.299361e-006	0.000375
1.299861e-006	0.001
1.300361e-006	6.25e-005
1.300861e-006	0.000375
1.301361e-006	-0.00025
1.301861e-006	-0.0005625
1.302361e-006	-0.000875
1.302861e-006	-0.0011875
1.303361e-006	-0.002125
1.303861e-006	-0.0018125
1.304361e-006	-0.0015
1.304861e-006	-0.0011875
1.305361e-006	-0.0011875
1.305861e-006	-0.0015
1.306361e-006	-0.000875
1.306861e-006	-0.0005625
1.307361e-006	6.25e-005
1.307861e-006	0.0006875
1.308361e-006	0.000375
1.308861e-006	0.0006875
1.309361e-006	0.001
1.309861e-006	0.001625
1.310361e-006	0.0006875
1.310861e-006	6.25e-005
1.311361e-006	-0.0005625
1.311861e-006	-0.0015
1.312361e-006	-0.0015
1.312861e-006	-0.002125
1.313361e-006	-0.0024375
1.313861e-006	-0.002125
1.314361e-006	-0.0015
1.314861e-006	-0.0011875
1.315361e-006	-0.0015
1.315861e-006	-0.0011875
1.316361e-006	-0.00025
1.316861e-006	-0.0005625
1.317361e-006	0.000375
1.317861e-006	6.25e-005
1.318361e-006	0.0006875
1.318861e-006	0.000375
1.319361e-006	0.001
1.319861e-006	0.0013125
1.320361e-006	0.0006875
1.320861e-006	6.25e-005
1.321361e-006	-0.000875
1.321861e-006	-0.0015
1.322361e-006	-0.0011875
1.322861e-006	-0.0024375
1.323361e-006	-0.0018125
1.323861e-006	-0.002125
1.324361e-006	-0.0024375
1.324861e-006	-0.002125
1.325361e-006	-0.0030625
1.325861e-006	-0.0011875
1.326361e-006	-0.00025
1.326861e-006	6.25e-005
1.327361e-006	0.000375
1.327861e-006	-0.00025
1.328361e-006	0.0006875
1.328861e-006	0.0013125
1.329361e-006	0.0006875
1.329861e-006	0.000375
1.330361e-006	-0.0005625
1.330861e-006	0.0006875
1.331361e-006	-0.0005625
1.331861e-006	-0.0024375
1.332361e-006	-0.0018125
1.332861e-006	-0.002125
1.333361e-006	-0.002125
1.333861e-006	-0.0024375
1.334361e-006	-0.0018125
1.334861e-006	-0.0011875
1.335361e-006	-0.0024375
1.335861e-006	-0.0018125
1.336361e-006	-0.0005625
1.336861e-006	0.000375
1.337361e-006	0.0006875
1.337861e-006	6.25e-005
1.338361e-006	0.001
1.338861e-006	0.001
1.339361e-006	0.001
1.339861e-006	0.001
1.340361e-006	6.25e-005
1.340861e-006	6.25e-005
1.341361e-006	-0.0005625
1.341861e-006	-0.0018125
1.342361e-006	-0.0018125
1.342861e-006	-0.0024375
1.343361e-006	-0.0018125
1.343861e-006	-0.0024375
1.344361e-006	-0.0018125
1.344861e-006	-0.0005625
1.345361e-006	-0.0011875
1.345861e-006	-0.000875
1.346361e-006	-0.0005625
1.346861e-006	0.000375
1.347361e-006	6.25e-005
1.347861e-006	-0.00025
1.348361e-006	0.0013125
1.348861e-006	0.0013125
1.349361e-006	6.25e-005
1.349861e-006	6.25e-005
1.350361e-006	-0.0005625
1.350861e-006	-0.0005625
1.351361e-006	-0.0011875
1.351861e-006	-0.0011875
1.352361e-006	-0.0011875
1.352861e-006	-0.00275
1.353361e-006	-0.002125
1.353861e-006	-0.002125
1.354361e-006	-0.002125
1.354861e-006	-0.0011875
1.355361e-006	-0.0015
1.355861e-006	-0.0015
1.356361e-006	-0.0005625
1.356861e-006	6.25e-005
1.357361e-006	0.000375
1.357861e-006	-0.00025
1.358361e-006	0.0006875
1.358861e-006	0.000375
1.359361e-006	-0.00025
1.359861e-006	-0.0005625
1.360361e-006	-0.000875
1.360861e-006	-0.000875
1.361361e-006	-0.0018125
1.361861e-006	-0.0018125
1.362361e-006	-0.0015
1.362861e-006	-0.002125
1.363361e-006	-0.0015
1.363861e-006	-0.0011875
1.364361e-006	-0.0018125
1.364861e-006	-0.0018125
1.365361e-006	-0.000875
1.365861e-006	0.000375
1.366361e-006	-0.00025
1.366861e-006	-0.0005625
1.367361e-006	6.25e-005
1.367861e-006	0.000375
1.368361e-006	0.001
1.368861e-006	0.000375
1.369361e-006	-0.00025
1.369861e-006	-0.0005625
1.370361e-006	-0.00025
1.370861e-006	-0.0005625
1.371361e-006	-0.0024375
1.371861e-006	-0.0018125
1.372361e-006	-0.000875
1.372861e-006	-0.0018125
1.373361e-006	-0.0018125
1.373861e-006	-0.0015
1.374361e-006	-0.0018125
1.374861e-006	-0.000875
1.375361e-006	-0.000875
1.375861e-006	-0.0005625
1.376361e-006	0.0006875
1.376861e-006	0.000375
1.377361e-006	6.25e-005
1.377861e-006	0.000375
1.378361e-006	6.25e-005
1.378861e-006	-0.0005625
1.379361e-006	-0.00025
1.379861e-006	0.000375
1.380361e-006	-0.0005625
1.380861e-006	-0.000875
1.381361e-006	-0.0011875
1.381861e-006	-0.0018125
1.382361e-006	-0.0018125
1.382861e-006	-0.0015
1.383361e-006	-0.0011875
1.383861e-006	-0.0015
1.384361e-006	-0.0015
1.384861e-006	-0.000875
1.385361e-006	-0.000875
1.385861e-006	-0.0005625
1.386361e-006	0.000375
1.386861e-006	6.25e-005
1.387361e-006	0.0006875
1.387861e-006	0.000375
1.388361e-006	0.000375
1.388861e-006	0.0006875
1.389361e-006	-0.0005625
1.389861e-006	-0.00025
1.390361e-006	-0.0005625
1.390861e-006	-0.0005625
1.391361e-006	-0.0005625
1.391861e-006	-0.0015
1.392361e-006	-0.0015
1.392861e-006	-0.0018125
1.393361e-006	-0.0018125
1.393861e-006	-0.0015
1.394361e-006	-0.0018125
1.394861e-006	-0.0015
1.395361e-006	-0.0015
1.395861e-006	-0.0005625
1.396361e-006	-0.00025
1.396861e-006	-0.0005625
1.397361e-006	6.25e-005
1.397861e-006	0.000375
1.398361e-006	0.0006875
1.398861e-006	-0.00025
1.399361e-006	-0.00025
1.399861e-006	6.25e-005
1.400361e-006	6.25e-005
1.400861e-006	-0.00025
1.401361e-006	-0.000875
1.401861e-006	-0.000875
1.402361e-006	-0.0005625
1.402861e-006	-0.0015
1.403361e-006	-0.0015
1.403861e-006	-0.0018125
1.404361e-006	-0.0018125
1.404861e-006	-0.0011875
1.405361e-006	-0.0015
1.405861e-006	-0.0011875
1.406361e-006	-0.0005625
1.406861e-006	-0.000875
1.407361e-006	-0.000875
1.407861e-006	-0.0005625
1.408361e-006	0.000375
1.408861e-006	0.000375
1.409361e-006	0.000375
1.409861e-006	-0.00025
1.410361e-006	-0.0005625
1.410861e-006	6.25e-005
1.411361e-006	-0.00025
1.411861e-006	-0.0005625
1.412361e-006	-0.000875
1.412861e-006	-0.000875
1.413361e-006	-0.0015
1.413861e-006	-0.0018125
1.414361e-006	-0.0011875
1.414861e-006	-0.0015
1.415361e-006	-0.0011875
1.415861e-006	-0.0011875
1.416361e-006	-0.0015
1.416861e-006	-0.0005625
1.417361e-006	-0.0005625
1.417861e-006	-0.0011875
1.418361e-006	-0.0005625
1.418861e-006	0.0006875
1.419361e-006	0.001
1.419861e-006	0.000375
1.420361e-006	6.25e-005
1.420861e-006	6.25e-005
1.421361e-006	-0.000875
1.421861e-006	-0.0011875
1.422361e-006	-0.0005625
1.422861e-006	-0.00025
1.423361e-006	-0.0011875
1.423861e-006	-0.0015
1.424361e-006	-0.00025
1.424861e-006	-0.0011875
1.425361e-006	-0.0011875
1.425861e-006	-0.0011875
1.426361e-006	-0.000875
1.426861e-006	-0.0015
1.427361e-006	-0.000875
1.427861e-006	-0.0005625
1.428361e-006	-0.00025
1.428861e-006	6.25e-005
1.429361e-006	-0.0005625
1.429861e-006	-0.0005625
1.430361e-006	0.000375
1.430861e-006	-0.00025
1.431361e-006	6.25e-005
1.431861e-006	-0.0005625
1.432361e-006	-0.000875
1.432861e-006	-0.00025
1.433361e-006	-0.000875
1.433861e-006	-0.0011875
1.434361e-006	-0.0015
1.434861e-006	-0.000875
1.435361e-006	-0.0005625
1.435861e-006	-0.0018125
1.436361e-006	-0.0015
1.436861e-006	-0.000875
1.437361e-006	-0.0011875
1.437861e-006	-0.0011875
1.438361e-006	-0.0005625
1.438861e-006	0.0006875
1.439361e-006	6.25e-005
1.439861e-006	-0.0005625
1.440361e-006	6.25e-005
1.440861e-006	-0.00025
1.441361e-006	-0.00025
1.441861e-006	-0.00025
1.442361e-006	6.25e-005
1.442861e-006	-0.00025
1.443361e-006	-0.000875
1.443861e-006	-0.0011875
1.444361e-006	-0.0011875
1.444861e-006	-0.0005625
1.445361e-006	-0.0005625
1.445861e-006	-0.0011875
1.446361e-006	-0.000875
1.446861e-006	-0.000875
1.447361e-006	-0.00025
1.447861e-006	-0.00025
1.448361e-006	-0.0005625
1.448861e-006	-0.0005625
1.449361e-006	-0.0005625
1.449861e-006	-0.0005625
1.450361e-006	-0.0005625
1.450861e-006	-0.00025
1.451361e-006	6.25e-005
1.451861e-006	-0.0005625
1.452361e-006	-0.000875
1.452861e-006	-0.0011875
1.453361e-006	-0.0011875
1.453861e-006	-0.000875
1.454361e-006	-0.0005625
1.454861e-006	-0.0005625
1.455361e-006	-0.0011875
1.455861e-006	-0.0011875
1.456361e-006	-0.0005625
1.456861e-006	-0.0005625
1.457361e-006	-0.00025
1.457861e-006	6.25e-005
1.458361e-006	6.25e-005
1.458861e-006	6.25e-005
1.459361e-006	-0.0005625
1.459861e-006	6.25e-005
1.460361e-006	-0.0005625
1.460861e-006	-0.00025
1.461361e-006	-0.00025
1.461861e-006	-0.00025
1.462361e-006	-0.0005625
1.462861e-006	-0.000875
1.463361e-006	-0.0011875
1.463861e-006	-0.0005625
1.464361e-006	-0.000875
1.464861e-006	-0.0005625
1.465361e-006	-0.0005625
1.465861e-006	-0.0005625
1.466361e-006	6.25e-005
1.466861e-006	-0.0011875
1.467361e-006	-0.00025
1.467861e-006	-0.00025
1.468361e-006	6.25e-005
1.468861e-006	0.000375
1.469361e-006	6.25e-005
1.469861e-006	-0.0005625
1.470361e-006	-0.0005625
1.470861e-006	-0.0005625
1.471361e-006	-0.0005625
1.471861e-006	-0.0011875
1.472361e-006	-0.000875
1.472861e-006	-0.000875
1.473361e-006	-0.000875
1.473861e-006	-0.0011875
1.474361e-006	-0.0018125
1.474861e-006	-0.0015
1.475361e-006	-0.0011875
1.475861e-006	-0.0011875
1.476361e-006	-0.000875
1.476861e-006	-0.00025
1.477361e-006	0.0006875
1.477861e-006	0.0006875
1.478361e-006	6.25e-005
1.478861e-006	0.000375
1.479361e-006	6.25e-005
1.479861e-006	6.25e-005
1.480361e-006	6.25e-005
1.480861e-006	6.25e-005
1.481361e-006	-0.0005625
1.481861e-006	-0.0005625
1.482361e-006	-0.0011875
1.482861e-006	-0.0018125
1.483361e-006	-0.0018125
1.483861e-006	-0.0011875
1.484361e-006	-0.002125
1.484861e-006	-0.0018125
1.485361e-006	-0.0011875
1.485861e-006	-0.000875
1.486361e-006	6.25e-005
1.486861e-006	0.000375
1.487361e-006	-0.00025
1.487861e-006	0.000375
1.488361e-006	0.0013125
1.488861e-006	0.001625
1.489361e-006	0.0006875
1.489861e-006	0.0006875
1.490361e-006	0.000375
1.490861e-006	-0.00025
1.491361e-006	-0.00025
1.491861e-006	-0.0011875
1.492361e-006	-0.0011875
1.492861e-006	-0.0011875
1.493361e-006	-0.002125
1.493861e-006	-0.0015
1.494361e-006	-0.0011875
1.494861e-006	-0.0018125
1.495361e-006	-0.0015
1.495861e-006	-0.000875
1.496361e-006	-0.0005625
1.496861e-006	-0.00025
1.497361e-006	0.000375
1.497861e-006	0.000375
1.498361e-006	0.000375
1.498861e-006	0.001
1.499361e-006	0.0006875
1.499861e-006	0.001
1.500361e-006	0.000375
1.500861e-006	6.25e-005
1.501361e-006	-0.00025
1.501861e-006	-0.000875
1.502361e-006	-0.0015
1.502861e-006	-0.0011875
1.503361e-006	-0.0011875
1.503861e-006	-0.002125
1.504361e-006	-0.0024375
1.504861e-006	-0.0018125
1.505361e-006	-0.0011875
1.505861e-006	-0.0011875
1.506361e-006	-0.0005625
1.506861e-006	-0.00025
1.507361e-006	6.25e-005
1.507861e-006	-0.0005625
1.508361e-006	-0.00025
1.508861e-006	0.000375
1.509361e-006	0.0006875
1.509861e-006	0.0006875
1.510361e-006	0.0006875
1.510861e-006	-0.0005625
1.511361e-006	-0.0005625
1.511861e-006	-0.000875
1.512361e-006	-0.0005625
1.512861e-006	-0.0011875
1.513361e-006	-0.0015
1.513861e-006	-0.0011875
1.514361e-006	-0.0005625
1.514861e-006	-0.0011875
1.515361e-006	-0.0018125
1.515861e-006	-0.0015
1.516361e-006	-0.0005625
1.516861e-006	-0.0005625
1.517361e-006	-0.0005625
1.517861e-006	-0.0005625
1.518361e-006	6.25e-005
1.518861e-006	0.0006875
1.519361e-006	6.25e-005
1.519861e-006	6.25e-005
1.520361e-006	-0.0005625
1.520861e-006	-0.0005625
1.521361e-006	6.25e-005
1.521861e-006	-0.00025
1.522361e-006	-0.0005625
1.522861e-006	-0.0005625
1.523361e-006	-0.0005625
1.523861e-006	-0.0011875
1.524361e-006	-0.000875
1.524861e-006	-0.00025
1.525361e-006	-0.0005625
1.525861e-006	-0.0005625
1.526361e-006	-0.0005625
1.526861e-006	-0.0005625
1.527361e-006	-0.00025
1.527861e-006	-0.0005625
1.528361e-006	-0.0011875
1.528861e-006	-0.00025
1.529361e-006	6.25e-005
1.529861e-006	-0.00025
1.530361e-006	-0.00025
1.530861e-006	-0.0011875
1.531361e-006	-0.000875
1.531861e-006	6.25e-005
1.532361e-006	6.25e-005
1.532861e-006	6.25e-005
1.533361e-006	6.25e-005
1.533861e-006	-0.0005625
1.534361e-006	-0.00025
1.534861e-006	0.000375
1.535361e-006	0.001
1.535861e-006	6.25e-005
1.536361e-006	-0.0005625
1.536861e-006	-0.0005625
1.537361e-006	6.25e-005
1.537861e-006	-0.00025
1.538361e-006	-0.000875
1.538861e-006	-0.0005625
1.539361e-006	6.25e-005
1.539861e-006	-0.000875
1.540361e-006	-0.000875
1.540861e-006	-0.000875
1.541361e-006	-0.000875
1.541861e-006	-0.00025
1.542361e-006	-0.0005625
1.542861e-006	6.25e-005
1.543361e-006	-0.0005625
1.543861e-006	-0.000875
1.544361e-006	0.000375
1.544861e-006	0.0006875
1.545361e-006	6.25e-005
1.545861e-006	-0.00025
1.546361e-006	0.0006875
1.546861e-006	0.0006875
1.547361e-006	-0.00025
1.547861e-006	-0.0005625
1.548361e-006	-0.000875
1.548861e-006	-0.0005625
1.549361e-006	-0.0005625
1.549861e-006	-0.000875
1.550361e-006	-0.000875
1.550861e-006	-0.0011875
1.551361e-006	-0.0005625
1.551861e-006	-0.00025
1.552361e-006	-0.0005625
1.552861e-006	-0.0005625
1.553361e-006	-0.0005625
1.553861e-006	6.25e-005
1.554361e-006	0.001
1.554861e-006	6.25e-005
1.555361e-006	0.000375
1.555861e-006	0.001625
1.556361e-006	0.000375
1.556861e-006	0.000375
1.557361e-006	-0.00025
1.557861e-006	-0.0005625
1.558361e-006	-0.0005625
1.558861e-006	-0.0011875
1.559361e-006	-0.000875
1.559861e-006	-0.000875
1.560361e-006	-0.0005625
1.560861e-006	-0.000875
1.561361e-006	-0.0015
1.561861e-006	-0.0005625
1.562361e-006	-0.0005625
1.562861e-006	-0.0005625
1.563361e-006	-0.00025
1.563861e-006	6.25e-005
1.564361e-006	6.25e-005
1.564861e-006	0.000375
1.565361e-006	0.0006875
1.565861e-006	6.25e-005
1.566361e-006	-0.00025
1.566861e-006	0.000375
1.567361e-006	-0.0005625
1.567861e-006	6.25e-005
1.568361e-006	6.25e-005
1.568861e-006	-0.000875
1.569361e-006	-0.0005625
1.569861e-006	-0.000875
1.570361e-006	-0.0011875
1.570861e-006	-0.0005625
1.571361e-006	-0.0005625
1.571861e-006	-0.00025
1.572361e-006	-0.0005625
1.572861e-006	-0.00025
1.573361e-006	-0.00025
1.573861e-006	-0.0005625
1.574361e-006	6.25e-005
1.574861e-006	-0.00025
1.575361e-006	6.25e-005
1.575861e-006	-0.00025
1.576361e-006	-0.00025
1.576861e-006	-0.0005625
1.577361e-006	-0.0011875
1.577861e-006	-0.0011875
1.578361e-006	-0.0005625
1.578861e-006	6.25e-005
1.579361e-006	6.25e-005
1.579861e-006	-0.000875
1.580361e-006	-0.000875
1.580861e-006	-0.0005625
1.581361e-006	-0.00025
1.581861e-006	6.25e-005
1.582361e-006	0.0006875
1.582861e-006	0.000375
1.583361e-006	0.000375
1.583861e-006	-0.0005625
1.584361e-006	-0.000875
1.584861e-006	-0.0005625
1.585361e-006	6.25e-005
1.585861e-006	-0.0005625
1.586361e-006	-0.000875
1.586861e-006	-0.0011875
1.587361e-006	-0.000875
1.587861e-006	-0.0005625
1.588361e-006	-0.0005625
1.588861e-006	-0.0005625
1.589361e-006	-0.00025
1.589861e-006	6.25e-005
1.590361e-006	6.25e-005
1.590861e-006	0.0006875
1.591361e-006	0.001
1.591861e-006	0.001
1.592361e-006	0.000375
1.592861e-006	6.25e-005
1.593361e-006	6.25e-005
1.593861e-006	-0.0005625
1.594361e-006	6.25e-005
1.594861e-006	-0.0005625
1.595361e-006	-0.000875
1.595861e-006	-0.000875
1.596361e-006	-0.0015
1.596861e-006	-0.0011875
1.597361e-006	-0.0011875
1.597861e-006	-0.0011875
1.598361e-006	-0.0005625
1.598861e-006	-0.0011875
1.599361e-006	-0.0005625
1.599861e-006	0.000375
1.600361e-006	6.25e-005
1.600861e-006	0.000375
1.601361e-006	0.0006875
1.601861e-006	0.001625
1.602361e-006	0.0013125
1.602861e-006	0.000375
1.603361e-006	6.25e-005
1.603861e-006	-0.0005625
1.604361e-006	-0.0005625
1.604861e-006	-0.0011875
1.605361e-006	-0.0015
1.605861e-006	-0.0011875
1.606361e-006	-0.0015
1.606861e-006	-0.0018125
1.607361e-006	-0.0018125
1.607861e-006	-0.002125
1.608361e-006	-0.0011875
1.608861e-006	-0.00025
1.609361e-006	-0.0005625
1.609861e-006	6.25e-005
1.610361e-006	0.0006875
1.610861e-006	0.001
1.611361e-006	0.001
1.611861e-006	0.001625
1.612361e-006	0.0013125
1.612861e-006	0.0006875
1.613361e-006	0.0013125
1.613861e-006	6.25e-005
1.614361e-006	-0.0005625
1.614861e-006	-0.00025
1.615361e-006	-0.000875
1.615861e-006	-0.0015
1.616361e-006	-0.0030625
1.616861e-006	-0.0024375
1.617361e-006	-0.0015
1.617861e-006	-0.0018125
1.618361e-006	-0.000875
1.618861e-006	-0.0011875
1.619361e-006	-0.00025
1.619861e-006	6.25e-005
1.620361e-006	0.0006875
1.620861e-006	0.0006875
1.621361e-006	0.000375
1.621861e-006	0.0019375
1.622361e-006	0.001625
1.622861e-006	0.0006875
1.623361e-006	0.000375
1.623861e-006	-0.0005625
1.624361e-006	-0.00025
1.624861e-006	-0.0011875
1.625361e-006	-0.0015
1.625861e-006	-0.0011875
1.626361e-006	-0.002125
1.626861e-006	-0.0018125
1.627361e-006	-0.002125
1.627861e-006	-0.0018125
1.628361e-006	-0.0011875
1.628861e-006	-0.000875
1.629361e-006	6.25e-005
1.629861e-006	6.25e-005
1.630361e-006	6.25e-005
1.630861e-006	0.0006875
1.631361e-006	6.25e-005
1.631861e-006	0.0013125
1.632361e-006	0.0013125
1.632861e-006	0.000375
1.633361e-006	0.000375
1.633861e-006	-0.00025
1.634361e-006	-0.0005625
1.634861e-006	-0.000875
1.635361e-006	-0.0015
1.635861e-006	-0.0011875
1.636361e-006	-0.0018125
1.636861e-006	-0.0024375
1.637361e-006	-0.002125
1.637861e-006	-0.0011875
1.638361e-006	-0.000875
1.638861e-006	-0.000875
1.639361e-006	-0.00025
1.639861e-006	0.000375
1.640361e-006	0.001
1.640861e-006	0.000375
1.641361e-006	0.000375
1.641861e-006	0.0013125
1.642361e-006	0.001
1.642861e-006	0.000375
1.643361e-006	6.25e-005
1.643861e-006	6.25e-005
1.644361e-006	-0.00025
1.644861e-006	-0.000875
1.645361e-006	-0.0018125
1.645861e-006	-0.0018125
1.646361e-006	-0.0011875
1.646861e-006	-0.0015
1.647361e-006	-0.000875
1.647861e-006	-0.0005625
1.648361e-006	-0.0005625
1.648861e-006	0.000375
1.649361e-006	0.000375
1.649861e-006	0.000375
1.650361e-006	0.0006875
1.650861e-006	0.0013125
1.651361e-006	0.000375
1.651861e-006	-0.00025
1.652361e-006	-0.00025
1.652861e-006	6.25e-005
1.653361e-006	6.25e-005
1.653861e-006	-0.0005625
1.654361e-006	-0.0005625
1.654861e-006	-0.000875
1.655361e-006	-0.0011875
1.655861e-006	-0.0005625
1.656361e-006	-0.0005625
1.656861e-006	-0.000875
1.657361e-006	-0.000875
1.657861e-006	-0.0005625
1.658361e-006	-0.00025
1.658861e-006	0.000375
1.659361e-006	0.000375
1.659861e-006	0.001
1.660361e-006	0.001
1.660861e-006	0.0006875
1.661361e-006	6.25e-005
1.661861e-006	-0.0005625
1.662361e-006	-0.0005625
1.662861e-006	-0.0005625
1.663361e-006	-0.0005625
1.663861e-006	-0.0005625
1.664361e-006	-0.000875
1.664861e-006	-0.0015
1.665361e-006	-0.0011875
1.665861e-006	-0.0005625
1.666361e-006	-0.000875
1.666861e-006	-0.000875
1.667361e-006	6.25e-005
1.667861e-006	0.000375
1.668361e-006	0.000375
1.668861e-006	0.000375
1.669361e-006	0.000375
1.669861e-006	0.001
1.670361e-006	0.000375
1.670861e-006	0.000375
1.671361e-006	0.000375
1.671861e-006	-0.00025
1.672361e-006	-0.000875
1.672861e-006	-0.0011875
1.673361e-006	-0.0011875
1.673861e-006	-0.000875
1.674361e-006	-0.000875
1.674861e-006	-0.0005625
1.675361e-006	-0.0011875
1.675861e-006	-0.0011875
1.676361e-006	-0.0011875
1.676861e-006	-0.000875
1.677361e-006	-0.0005625
1.677861e-006	-0.00025
1.678361e-006	0.0006875
1.678861e-006	0.0013125
1.679361e-006	0.0006875
1.679861e-006	0.000375
1.680361e-006	0.000375
1.680861e-006	6.25e-005
1.681361e-006	-0.0005625
1.681861e-006	-0.0005625
1.682361e-006	-0.0005625
1.682861e-006	-0.0011875
1.683361e-006	-0.0005625
1.683861e-006	-0.0011875
1.684361e-006	-0.0011875
1.684861e-006	-0.0011875
1.685361e-006	-0.0011875
1.685861e-006	-0.000875
1.686361e-006	-0.00025
1.686861e-006	0.000375
1.687361e-006	6.25e-005
1.687861e-006	-0.0005625
1.688361e-006	0.000375
1.688861e-006	0.001
1.689361e-006	0.0006875
1.689861e-006	6.25e-005
1.690361e-006	6.25e-005
1.690861e-006	0.000375
1.691361e-006	-0.00025
1.691861e-006	6.25e-005
1.692361e-006	-0.0005625
1.692861e-006	-0.0005625
1.693361e-006	-0.0005625
1.693861e-006	-0.0015
1.694361e-006	-0.000875
1.694861e-006	-0.0005625
1.695361e-006	-0.0005625
1.695861e-006	-0.00025
1.696361e-006	-0.0005625
1.696861e-006	0.000375
1.697361e-006	0.000375
1.697861e-006	6.25e-005
1.698361e-006	6.25e-005
1.698861e-006	6.25e-005
1.699361e-006	0.0006875
1.699861e-006	6.25e-005
1.700361e-006	-0.00025
1.700861e-006	-0.00025
1.701361e-006	-0.0005625
1.701861e-006	-0.00025
1.702361e-006	-0.00025
1.702861e-006	-0.0005625
1.703361e-006	-0.0005625
1.703861e-006	-0.000875
1.704361e-006	-0.0005625
1.704861e-006	-0.00025
1.705361e-006	6.25e-005
1.705861e-006	-0.0005625
1.706361e-006	-0.0005625
1.706861e-006	-0.00025
1.707361e-006	6.25e-005
1.707861e-006	6.25e-005
1.708361e-006	-0.00025
1.708861e-006	-0.0005625
1.709361e-006	-0.0005625
1.709861e-006	-0.0005625
1.710361e-006	6.25e-005
1.710861e-006	6.25e-005
1.711361e-006	6.25e-005
1.711861e-006	6.25e-005
1.712361e-006	-0.00025
1.712861e-006	-0.0005625
1.713361e-006	-0.0005625
1.713861e-006	-0.0005625
1.714361e-006	-0.00025
1.714861e-006	0.000375
1.715361e-006	6.25e-005
1.715861e-006	-0.00025
1.716361e-006	-0.0005625
1.716861e-006	-0.0005625
1.717361e-006	-0.0005625
1.717861e-006	-0.00025
1.718361e-006	0.000375
1.718861e-006	-0.0005625
1.719361e-006	-0.00025
1.719861e-006	6.25e-005
1.720361e-006	-0.00025
1.720861e-006	-0.000875
1.721361e-006	-0.0005625
1.721861e-006	-0.00025
1.722361e-006	-0.0005625
1.722861e-006	-0.00025
1.723361e-006	-0.00025
1.723861e-006	-0.00025
1.724361e-006	6.25e-005
1.724861e-006	6.25e-005
1.725361e-006	-0.0005625
1.725861e-006	-0.00025
1.726361e-006	6.25e-005
1.726861e-006	-0.00025
1.727361e-006	-0.0005625
1.727861e-006	0.000375
1.728361e-006	0.000375
1.728861e-006	-0.00025
1.729361e-006	-0.0005625
1.729861e-006	-0.0005625
1.730361e-006	6.25e-005
1.730861e-006	-0.00025
1.731361e-006	-0.0005625
1.731861e-006	-0.000875
1.732361e-006	-0.0005625
1.732861e-006	6.25e-005
1.733361e-006	-0.00025
1.733861e-006	-0.0005625
1.734361e-006	-0.0005625
1.734861e-006	-0.00025
1.735361e-006	0.000375
1.735861e-006	6.25e-005
1.736361e-006	-0.0005625
1.736861e-006	-0.00025
1.737361e-006	-0.00025
1.737861e-006	6.25e-005
1.738361e-006	6.25e-005
1.738861e-006	-0.00025
1.739361e-006	6.25e-005
1.739861e-006	-0.0005625
1.740361e-006	6.25e-005
1.740861e-006	0.000375
1.741361e-006	6.25e-005
1.741861e-006	-0.00025
1.742361e-006	-0.00025
1.742861e-006	6.25e-005
1.743361e-006	6.25e-005
1.743861e-006	-0.00025
1.744361e-006	-0.00025
1.744861e-006	6.25e-005
1.745361e-006	-0.00025
1.745861e-006	-0.0005625
1.746361e-006	-0.0005625
1.746861e-006	6.25e-005
1.747361e-006	-0.00025
1.747861e-006	-0.0005625
1.748361e-006	-0.0005625
1.748861e-006	6.25e-005
1.749361e-006	-0.00025
1.749861e-006	6.25e-005
1.750361e-006	-0.00025
1.750861e-006	-0.000875
1.751361e-006	6.25e-005
1.751861e-006	0.001
1.752361e-006	-0.0005625
1.752861e-006	-0.00025
1.753361e-006	6.25e-005
1.753861e-006	6.25e-005
1.754361e-006	-0.0011875
1.754861e-006	-0.000875
1.755361e-006	6.25e-005
1.755861e-006	-0.0005625
1.756361e-006	-0.0005625
1.756861e-006	-0.0005625
1.757361e-006	6.25e-005
1.757861e-006	6.25e-005
1.758361e-006	-0.00025
1.758861e-006	6.25e-005
1.759361e-006	0.0006875
1.759861e-006	0.000375
1.760361e-006	0.001
1.760861e-006	0.0006875
1.761361e-006	-0.00025
1.761861e-006	-0.0005625
1.762361e-006	-0.0005625
1.762861e-006	6.25e-005
1.763361e-006	-0.000875
1.763861e-006	-0.0005625
1.764361e-006	-0.0005625
1.764861e-006	-0.000875
1.765361e-006	-0.0005625
1.765861e-006	-0.00025
1.766361e-006	0.000375
1.766861e-006	-0.000875
1.767361e-006	-0.00025
1.767861e-006	-0.00025
1.768361e-006	-0.0005625
1.768861e-006	-0.00025
1.769361e-006	6.25e-005
1.769861e-006	-0.00025
1.770361e-006	6.25e-005
1.770861e-006	6.25e-005
1.771361e-006	6.25e-005
1.771861e-006	6.25e-005
1.772361e-006	-0.00025
1.772861e-006	-0.0011875
1.773361e-006	-0.000875
1.773861e-006	6.25e-005
1.774361e-006	-0.0005625
1.774861e-006	-0.0005625
1.775361e-006	6.25e-005
1.775861e-006	-0.0005625
1.776361e-006	6.25e-005
1.776861e-006	0.000375
1.777361e-006	0.000375
1.777861e-006	-0.00025
1.778361e-006	-0.0005625
1.778861e-006	6.25e-005
1.779361e-006	-0.00025
1.779861e-006	6.25e-005
1.780361e-006	-0.00025
1.780861e-006	-0.0005625
1.781361e-006	-0.00025
1.781861e-006	-0.0011875
1.782361e-006	-0.0005625
1.782861e-006	-0.0005625
1.783361e-006	-0.000875
1.783861e-006	-0.00025
1.784361e-006	6.25e-005
1.784861e-006	0.000375
1.785361e-006	6.25e-005
1.785861e-006	0.000375
1.786361e-006	0.000375
1.786861e-006	6.25e-005
1.787361e-006	6.25e-005
1.787861e-006	-0.000875
1.788361e-006	-0.00025
