LECROYWS454	16215	Waveform
Segments	1	SegmentSize	4002
Segment	TrigTime	TimeSinceSegment1
#1	02-May-2024 19:02:47	0                 
Time	Ampl
-2.12354e-007	6.25e-005
-2.11854e-007	6.25e-005
-2.11354e-007	6.25e-005
-2.10854e-007	6.25e-005
-2.10354e-007	-0.0011875
-2.09854e-007	-0.0011875
-2.09354e-007	6.25e-005
-2.08854e-007	-0.00025
-2.08354e-007	-0.00025
-2.07854e-007	6.25e-005
-2.07354e-007	0.000375
-2.06854e-007	0.0006875
-2.06354e-007	6.25e-005
-2.05854e-007	0.000375
-2.05354e-007	6.25e-005
-2.04854e-007	0.001
-2.04354e-007	0.001625
-2.03854e-007	0.0006875
-2.03354e-007	-0.00025
-2.02854e-007	6.25e-005
-2.02354e-007	-0.00025
-2.01854e-007	-0.0005625
-2.01354e-007	-0.0005625
-2.00854e-007	-0.00025
-2.00354e-007	-0.0005625
-1.99854e-007	-0.00025
-1.99354e-007	-0.00025
-1.98854e-007	-0.0005625
-1.98354e-007	0.0006875
-1.97854e-007	6.25e-005
-1.97354e-007	-0.00025
-1.96854e-007	0.000375
-1.96354e-007	0.000375
-1.95854e-007	0.000375
-1.95354e-007	0.000375
-1.94854e-007	6.25e-005
-1.94354e-007	0.000375
-1.93854e-007	0.001
-1.93354e-007	0.0006875
-1.92854e-007	-0.00025
-1.92354e-007	-0.0005625
-1.91854e-007	-0.0005625
-1.91354e-007	-0.0005625
-1.90854e-007	-0.0005625
-1.90354e-007	-0.0005625
-1.89854e-007	6.25e-005
-1.89354e-007	-0.00025
-1.88854e-007	-0.00025
-1.88354e-007	-0.00025
-1.87854e-007	6.25e-005
-1.87354e-007	0.000375
-1.86854e-007	0.001
-1.86354e-007	0.000375
-1.85854e-007	-0.0005625
-1.85354e-007	6.25e-005
-1.84854e-007	0.000375
-1.84354e-007	-0.0005625
-1.83854e-007	6.25e-005
-1.83354e-007	6.25e-005
-1.82854e-007	-0.000875
-1.82354e-007	-0.00025
-1.81854e-007	-0.00025
-1.81354e-007	6.25e-005
-1.80854e-007	6.25e-005
-1.80354e-007	6.25e-005
-1.79854e-007	-0.00025
-1.79354e-007	-0.00025
-1.78854e-007	-0.00025
-1.78354e-007	-0.00025
-1.77854e-007	0.000375
-1.77354e-007	6.25e-005
-1.76854e-007	-0.0005625
-1.76354e-007	-0.00025
-1.75854e-007	-0.00025
-1.75354e-007	6.25e-005
-1.74854e-007	0.0006875
-1.74354e-007	0.001
-1.73854e-007	6.25e-005
-1.73354e-007	-0.00025
-1.72854e-007	6.25e-005
-1.72354e-007	0.000375
-1.71854e-007	0.000375
-1.71354e-007	0.000375
-1.70854e-007	-0.0005625
-1.70354e-007	6.25e-005
-1.69854e-007	6.25e-005
-1.69354e-007	-0.00025
-1.68854e-007	-0.0005625
-1.68354e-007	6.25e-005
-1.67854e-007	-0.00025
-1.67354e-007	0.000375
-1.66854e-007	0.000375
-1.66354e-007	-0.00025
-1.65854e-007	0.0006875
-1.65354e-007	6.25e-005
-1.64854e-007	-0.0005625
-1.64354e-007	6.25e-005
-1.63854e-007	0.000375
-1.63354e-007	0.000375
-1.62854e-007	0.000375
-1.62354e-007	6.25e-005
-1.61854e-007	0.000375
-1.61354e-007	0.000375
-1.60854e-007	-0.00025
-1.60354e-007	6.25e-005
-1.59854e-007	0.000375
-1.59354e-007	-0.00025
-1.58854e-007	-0.00025
-1.58354e-007	0.000375
-1.57854e-007	6.25e-005
-1.57354e-007	-0.0005625
-1.56854e-007	-0.0005625
-1.56354e-007	-0.00025
-1.55854e-007	-0.000875
-1.55354e-007	-0.0005625
-1.54854e-007	-0.00025
-1.54354e-007	0.000375
-1.53854e-007	6.25e-005
-1.53354e-007	-0.00025
-1.52854e-007	6.25e-005
-1.52354e-007	0.0006875
-1.51854e-007	0.0006875
-1.51354e-007	0.000375
-1.50854e-007	0.000375
-1.50354e-007	0.0006875
-1.49854e-007	6.25e-005
-1.49354e-007	-0.00025
-1.48854e-007	6.25e-005
-1.48354e-007	-0.000875
-1.47854e-007	-0.0011875
-1.47354e-007	-0.0005625
-1.46854e-007	-0.000875
-1.46354e-007	-0.0011875
-1.45854e-007	-0.000875
-1.45354e-007	-0.0005625
-1.44854e-007	-0.000875
-1.44354e-007	-0.00025
-1.43854e-007	0.000375
-1.43354e-007	0.001
-1.42854e-007	0.000375
-1.42354e-007	0.000375
-1.41854e-007	0.0006875
-1.41354e-007	0.000375
-1.40854e-007	0.0006875
-1.40354e-007	0.000375
-1.39854e-007	6.25e-005
-1.39354e-007	6.25e-005
-1.38854e-007	6.25e-005
-1.38354e-007	-0.0005625
-1.37854e-007	-0.000875
-1.37354e-007	-0.0005625
-1.36854e-007	-0.0011875
-1.36354e-007	-0.0018125
-1.35854e-007	-0.000875
-1.35354e-007	-0.0005625
-1.34854e-007	-0.000875
-1.34354e-007	-0.0005625
-1.33854e-007	6.25e-005
-1.33354e-007	0.0006875
-1.32854e-007	6.25e-005
-1.32354e-007	0.0006875
-1.31854e-007	0.0006875
-1.31354e-007	0.000375
-1.30854e-007	0.0013125
-1.30354e-007	0.001
-1.29854e-007	0.000375
-1.29354e-007	0.0006875
-1.28854e-007	0.0006875
-1.28354e-007	-0.00025
-1.27854e-007	-0.000875
-1.27354e-007	-0.0005625
-1.26854e-007	-0.0011875
-1.26354e-007	-0.0011875
-1.25854e-007	-0.0011875
-1.25354e-007	-0.0011875
-1.24854e-007	-0.0005625
-1.24354e-007	-0.00025
-1.23854e-007	6.25e-005
-1.23354e-007	0.0013125
-1.22854e-007	0.001
-1.22354e-007	0.0006875
-1.21854e-007	0.000375
-1.21354e-007	0.001
-1.20854e-007	0.001625
-1.20354e-007	0.0013125
-1.19854e-007	0.000375
-1.19354e-007	6.25e-005
-1.18854e-007	-0.0005625
-1.18354e-007	-0.0005625
-1.17854e-007	-0.0011875
-1.17354e-007	-0.0015
-1.16854e-007	-0.0015
-1.16354e-007	-0.000875
-1.15854e-007	-0.0005625
-1.15354e-007	-0.0005625
-1.14854e-007	-0.000875
-1.14354e-007	-0.00025
-1.13854e-007	0.0006875
-1.13354e-007	6.25e-005
-1.12854e-007	0.0006875
-1.12354e-007	0.001
-1.11854e-007	0.000375
-1.11354e-007	0.0006875
-1.10854e-007	0.0006875
-1.10354e-007	6.25e-005
-1.09854e-007	6.25e-005
-1.09354e-007	0.000375
-1.08854e-007	-0.00025
-1.08354e-007	-0.000875
-1.07854e-007	-0.0011875
-1.07354e-007	-0.0015
-1.06854e-007	-0.0015
-1.06354e-007	-0.0015
-1.05854e-007	-0.0015
-1.05354e-007	-0.0005625
-1.04854e-007	-0.0005625
-1.04354e-007	0.000375
-1.03854e-007	0.001
-1.03354e-007	0.000375
-1.02854e-007	0.0013125
-1.02354e-007	0.001
-1.01854e-007	0.000375
-1.01354e-007	6.25e-005
-1.00854e-007	0.0013125
-1.00354e-007	0.000375
-9.9854e-008	-0.0005625
-9.9354e-008	-0.000875
-9.8854e-008	-0.0018125
-9.8354e-008	-0.0011875
-9.7854e-008	-0.0011875
-9.7354e-008	-0.0011875
-9.6854e-008	-0.0011875
-9.6354e-008	-0.0018125
-9.5854e-008	-0.0015
-9.5354e-008	-0.0005625
-9.4854e-008	-0.00025
-9.4354e-008	6.25e-005
-9.3854e-008	6.25e-005
-9.3354e-008	0.001625
-9.2854e-008	0.0013125
-9.2354e-008	0.0006875
-9.1854e-008	0.0013125
-9.1354e-008	0.0013125
-9.0854e-008	0.001
-9.0354e-008	-0.00025
-8.9854e-008	-0.0011875
-8.9354e-008	-0.0011875
-8.8854e-008	-0.0011875
-8.8354e-008	-0.0011875
-8.7854e-008	-0.0024375
-8.7354e-008	-0.0024375
-8.6854e-008	-0.0011875
-8.6354e-008	-0.0005625
-8.5854e-008	-0.000875
-8.5354e-008	-0.0005625
-8.4854e-008	0.0006875
-8.4354e-008	0.001
-8.3854e-008	0.001
-8.3354e-008	0.001
-8.2854e-008	0.001625
-8.2354e-008	0.0019375
-8.1854e-008	0.001625
-8.1354e-008	6.25e-005
-8.0854e-008	-0.00025
-8.0354e-008	-0.0005625
-7.9854e-008	-0.0011875
-7.9354e-008	-0.0011875
-7.8854e-008	-0.0018125
-7.8354e-008	-0.0018125
-7.7854e-008	-0.0030625
-7.7354e-008	-0.0024375
-7.6854e-008	-0.0015
-7.6354e-008	-0.0011875
-7.5854e-008	-0.0011875
-7.5354e-008	-0.000875
-7.4854e-008	-0.00025
-7.4354e-008	0.001
-7.3854e-008	0.001625
-7.3354e-008	0.0019375
-7.2854e-008	0.0013125
-7.2354e-008	0.001625
-7.1854e-008	0.0019375
-7.1354e-008	0.0013125
-7.0854e-008	6.25e-005
-7.0354e-008	-0.0005625
-6.9854e-008	-0.000875
-6.9354e-008	-0.0015
-6.8854e-008	-0.002125
-6.8354e-008	-0.00275
-6.7854e-008	-0.0024375
-6.7354e-008	-0.002125
-6.6854e-008	-0.002125
-6.6354e-008	-0.0018125
-6.5854e-008	-0.0018125
-6.5354e-008	-0.000875
-6.4854e-008	0.0006875
-6.4354e-008	0.0013125
-6.3854e-008	0.0019375
-6.3354e-008	0.0019375
-6.2854e-008	0.001625
-6.2354e-008	0.001625
-6.1854e-008	0.0019375
-6.1354e-008	0.0013125
-6.0854e-008	0.001
-6.0354e-008	-0.00025
-5.9854e-008	-0.0015
-5.9354e-008	-0.0018125
-5.8854e-008	-0.0018125
-5.8354e-008	-0.0024375
-5.7854e-008	-0.0024375
-5.7354e-008	-0.002125
-5.6854e-008	-0.002125
-5.6354e-008	-0.0018125
-5.5854e-008	-0.0015
-5.5354e-008	-0.0005625
-5.4854e-008	0.000375
-5.4354e-008	0.001
-5.3854e-008	0.0013125
-5.3354e-008	0.0013125
-5.2854e-008	0.001625
-5.2354e-008	0.0019375
-5.1854e-008	0.001625
-5.1354e-008	0.001625
-5.0854e-008	0.001
-5.0354e-008	6.25e-005
-4.9854e-008	-0.000875
-4.9354e-008	-0.0011875
-4.8854e-008	-0.0018125
-4.8354e-008	-0.002125
-4.7854e-008	-0.0024375
-4.7354e-008	-0.0024375
-4.6854e-008	-0.0024375
-4.6354e-008	-0.0024375
-4.5854e-008	-0.002125
-4.5354e-008	-0.0011875
-4.4854e-008	-0.0011875
-4.4354e-008	6.25e-005
-4.3854e-008	0.0013125
-4.3354e-008	0.0019375
-4.2854e-008	0.00225
-4.2354e-008	0.0019375
-4.1854e-008	0.0013125
-4.1354e-008	0.0013125
-4.0854e-008	0.001625
-4.0354e-008	0.001
-3.9854e-008	0.000375
-3.9354e-008	-0.0011875
-3.8854e-008	-0.0024375
-3.8354e-008	-0.002125
-3.7854e-008	-0.002125
-3.7354e-008	-0.002125
-3.6854e-008	-0.002125
-3.6354e-008	-0.0015
-3.5854e-008	-0.000875
-3.5354e-008	-0.000875
-3.4854e-008	-0.00025
-3.4354e-008	6.25e-005
-3.3854e-008	0.0006875
-3.3354e-008	0.001
-3.2854e-008	0.001625
-3.2354e-008	0.001625
-3.1854e-008	0.0013125
-3.1354e-008	0.001
-3.0854e-008	0.0006875
-3.0354e-008	-0.00025
-2.9854e-008	-0.0005625
-2.9354e-008	-0.000875
-2.8854e-008	-0.0005625
-2.8354e-008	-0.0015
-2.7854e-008	-0.002125
-2.7354e-008	-0.0011875
-2.6854e-008	-0.0018125
-2.6354e-008	-0.0011875
-2.5854e-008	-0.000875
-2.5354e-008	-0.0011875
-2.4854e-008	-0.00025
-2.4354e-008	6.25e-005
-2.3854e-008	0.0006875
-2.3354e-008	0.0006875
-2.2854e-008	0.0013125
-2.2354e-008	0.0013125
-2.1854e-008	0.000375
-2.1354e-008	0.001
-2.0854e-008	0.0006875
-2.0354e-008	6.25e-005
-1.9854e-008	0.000375
-1.9354e-008	-0.0005625
-1.8854e-008	-0.0011875
-1.8354e-008	-0.000875
-1.7854e-008	-0.0011875
-1.7354e-008	-0.0011875
-1.6854e-008	-0.0015
-1.6354e-008	-0.0011875
-1.5854e-008	-0.000875
-1.5354e-008	-0.0005625
-1.4854e-008	-0.00025
-1.4354e-008	-0.0005625
-1.3854e-008	-0.0005625
-1.3354e-008	-0.0011875
-1.2854e-008	-0.0024375
-1.2354e-008	-0.0030625
-1.1854e-008	-0.003375
-1.1354e-008	-0.004625
-1.0854e-008	-0.0055625
-1.0354e-008	-0.0061875
-9.854e-009	-0.0068125
-9.354e-009	-0.0074375
-8.854e-009	-0.00775
-8.354e-009	-0.0080625
-7.854e-009	-0.0093125
-7.354e-009	-0.009
-6.854e-009	-0.009625
-6.354e-009	-0.009625
-5.854e-009	-0.009625
-5.354e-009	-0.0099375
-4.854e-009	-0.01025
-4.354e-009	-0.01025
-3.854e-009	-0.0099375
-3.354e-009	-0.0093125
-2.854e-009	-0.0099375
-2.354e-009	-0.0105625
-1.854e-009	-0.0105625
-1.354e-009	-0.01025
-8.54e-010	-0.0111875
-3.54e-010	-0.0124375
1.46e-010	-0.012125
6.46e-010	-0.012125
1.146e-009	-0.0130625
1.646e-009	-0.014
2.146e-009	-0.014
2.646e-009	-0.014
3.146e-009	-0.014
3.646e-009	-0.014625
4.146e-009	-0.0143125
4.646e-009	-0.0136875
5.146e-009	-0.0130625
5.646e-009	-0.01275
6.146e-009	-0.0124375
6.646e-009	-0.0118125
7.146e-009	-0.0118125
7.646e-009	-0.0118125
8.146e-009	-0.0111875
8.646e-009	-0.0115
9.146e-009	-0.0111875
9.646e-009	-0.0124375
1.0146e-008	-0.0130625
1.0646e-008	-0.013375
1.1146e-008	-0.0143125
1.1646e-008	-0.014
1.2146e-008	-0.014625
1.2646e-008	-0.0143125
1.3146e-008	-0.0143125
1.3646e-008	-0.0143125
1.4146e-008	-0.0136875
1.4646e-008	-0.014
1.5146e-008	-0.0136875
1.5646e-008	-0.0130625
1.6146e-008	-0.0136875
1.6646e-008	-0.013375
1.7146e-008	-0.0130625
1.7646e-008	-0.0130625
1.8146e-008	-0.0136875
1.8646e-008	-0.014625
1.9146e-008	-0.0143125
1.9646e-008	-0.0149375
2.0146e-008	-0.0155625
2.0646e-008	-0.0168125
2.1146e-008	-0.0174375
2.1646e-008	-0.015875
2.2146e-008	-0.0161875
2.2646e-008	-0.0165
2.3146e-008	-0.0174375
2.3646e-008	-0.01775
2.4146e-008	-0.0168125
2.4646e-008	-0.0165
2.5146e-008	-0.0155625
2.5646e-008	-0.0155625
2.6146e-008	-0.015875
2.6646e-008	-0.0149375
2.7146e-008	-0.0155625
2.7646e-008	-0.01525
2.8146e-008	-0.015875
2.8646e-008	-0.0168125
2.9146e-008	-0.0165
2.9646e-008	-0.0165
3.0146e-008	-0.0174375
3.0646e-008	-0.0174375
3.1146e-008	-0.018375
3.1646e-008	-0.01775
3.2146e-008	-0.01775
3.2646e-008	-0.01775
3.3146e-008	-0.0174375
3.3646e-008	-0.0180625
3.4146e-008	-0.0174375
3.4646e-008	-0.0168125
3.5146e-008	-0.0161875
3.5646e-008	-0.015875
3.6146e-008	-0.015875
3.6646e-008	-0.01525
3.7146e-008	-0.0149375
3.7646e-008	-0.0149375
3.8146e-008	-0.015875
3.8646e-008	-0.015875
3.9146e-008	-0.0161875
3.9646e-008	-0.017125
4.0146e-008	-0.017125
4.0646e-008	-0.0168125
4.1146e-008	-0.0168125
4.1646e-008	-0.0168125
4.2146e-008	-0.01775
4.2646e-008	-0.0180625
4.3146e-008	-0.0174375
4.3646e-008	-0.0174375
4.4146e-008	-0.0174375
4.4646e-008	-0.0168125
4.5146e-008	-0.0165
4.5646e-008	-0.0165
4.6146e-008	-0.0161875
4.6646e-008	-0.01525
4.7146e-008	-0.015875
4.7646e-008	-0.0161875
4.8146e-008	-0.0161875
4.8646e-008	-0.0165
4.9146e-008	-0.017125
4.9646e-008	-0.017125
5.0146e-008	-0.017125
5.0646e-008	-0.01775
5.1146e-008	-0.01775
5.1646e-008	-0.01775
5.2146e-008	-0.0174375
5.2646e-008	-0.0174375
5.3146e-008	-0.017125
5.3646e-008	-0.0174375
5.4146e-008	-0.0174375
5.4646e-008	-0.0168125
5.5146e-008	-0.0165
5.5646e-008	-0.0161875
5.6146e-008	-0.0161875
5.6646e-008	-0.0161875
5.7146e-008	-0.0165
5.7646e-008	-0.017125
5.8146e-008	-0.0165
5.8646e-008	-0.0165
5.9146e-008	-0.017125
5.9646e-008	-0.0168125
6.0146e-008	-0.017125
6.0646e-008	-0.017125
6.1146e-008	-0.0174375
6.1646e-008	-0.0174375
6.2146e-008	-0.01775
6.2646e-008	-0.01775
6.3146e-008	-0.017125
6.3646e-008	-0.0174375
6.4146e-008	-0.017125
6.4646e-008	-0.0161875
6.5146e-008	-0.017125
6.5646e-008	-0.0168125
6.6146e-008	-0.015875
6.6646e-008	-0.0161875
6.7146e-008	-0.017125
6.7646e-008	-0.0168125
6.8146e-008	-0.0165
6.8646e-008	-0.0168125
6.9146e-008	-0.0165
6.9646e-008	-0.0155625
7.0146e-008	-0.0165
7.0646e-008	-0.0168125
7.1146e-008	-0.0168125
7.1646e-008	-0.0168125
7.2146e-008	-0.017125
7.2646e-008	-0.017125
7.3146e-008	-0.0161875
7.3646e-008	-0.0155625
7.4146e-008	-0.0161875
7.4646e-008	-0.0161875
7.5146e-008	-0.015875
7.5646e-008	-0.01525
7.6146e-008	-0.015875
7.6646e-008	-0.0161875
7.7146e-008	-0.0165
7.7646e-008	-0.0165
7.8146e-008	-0.0165
7.8646e-008	-0.017125
7.9146e-008	-0.0174375
7.9646e-008	-0.017125
8.0146e-008	-0.0174375
8.0646e-008	-0.0174375
8.1146e-008	-0.0174375
8.1646e-008	-0.0174375
8.2146e-008	-0.0165
8.2646e-008	-0.0161875
8.3146e-008	-0.015875
8.3646e-008	-0.0155625
8.4146e-008	-0.015875
8.4646e-008	-0.01525
8.5146e-008	-0.01525
8.5646e-008	-0.01525
8.6146e-008	-0.015875
8.6646e-008	-0.0165
8.7146e-008	-0.0165
8.7646e-008	-0.017125
8.8146e-008	-0.017125
8.8646e-008	-0.0165
8.9146e-008	-0.0165
8.9646e-008	-0.0168125
9.0146e-008	-0.0168125
9.0646e-008	-0.0168125
9.1146e-008	-0.017125
9.1646e-008	-0.0161875
9.2146e-008	-0.01525
9.2646e-008	-0.0155625
9.3146e-008	-0.01525
9.3646e-008	-0.01525
9.4146e-008	-0.0149375
9.4646e-008	-0.0143125
9.5146e-008	-0.0149375
9.5646e-008	-0.015875
9.6146e-008	-0.015875
9.6646e-008	-0.0155625
9.7146e-008	-0.0165
9.7646e-008	-0.017125
9.8146e-008	-0.0174375
9.8646e-008	-0.017125
9.9146e-008	-0.0168125
9.9646e-008	-0.0168125
1.00146e-007	-0.0165
1.00646e-007	-0.0165
1.01146e-007	-0.0165
1.01646e-007	-0.0165
1.02146e-007	-0.0161875
1.02646e-007	-0.0149375
1.03146e-007	-0.0149375
1.03646e-007	-0.014
1.04146e-007	-0.014625
1.04646e-007	-0.014625
1.05146e-007	-0.014
1.05646e-007	-0.014625
1.06146e-007	-0.015875
1.06646e-007	-0.0161875
1.07146e-007	-0.0161875
1.07646e-007	-0.0165
1.08146e-007	-0.0165
1.08646e-007	-0.0168125
1.09146e-007	-0.017125
1.09646e-007	-0.017125
1.10146e-007	-0.0165
1.10646e-007	-0.0165
1.11146e-007	-0.015875
1.11646e-007	-0.0149375
1.12146e-007	-0.0149375
1.12646e-007	-0.01525
1.13146e-007	-0.0143125
1.13646e-007	-0.014
1.14146e-007	-0.014625
1.14646e-007	-0.014
1.15146e-007	-0.0143125
1.15646e-007	-0.0149375
1.16146e-007	-0.0149375
1.16646e-007	-0.0155625
1.17146e-007	-0.0168125
1.17646e-007	-0.0165
1.18146e-007	-0.0165
1.18646e-007	-0.0161875
1.19146e-007	-0.0165
1.19646e-007	-0.017125
1.20146e-007	-0.0161875
1.20646e-007	-0.0149375
1.21146e-007	-0.0155625
1.21646e-007	-0.01525
1.22146e-007	-0.0149375
1.22646e-007	-0.0143125
1.23146e-007	-0.0143125
1.23646e-007	-0.014
1.24146e-007	-0.0136875
1.24646e-007	-0.0136875
1.25146e-007	-0.0136875
1.25646e-007	-0.014
1.26146e-007	-0.0149375
1.26646e-007	-0.014625
1.27146e-007	-0.01525
1.27646e-007	-0.015875
1.28146e-007	-0.0165
1.28646e-007	-0.0165
1.29146e-007	-0.0161875
1.29646e-007	-0.0165
1.30146e-007	-0.0165
1.30646e-007	-0.01525
1.31146e-007	-0.014625
1.31646e-007	-0.014
1.32146e-007	-0.0136875
1.32646e-007	-0.014
1.33146e-007	-0.014
1.33646e-007	-0.013375
1.34146e-007	-0.01275
1.34646e-007	-0.0136875
1.35146e-007	-0.013375
1.35646e-007	-0.0136875
1.36146e-007	-0.0149375
1.36646e-007	-0.01525
1.37146e-007	-0.01525
1.37646e-007	-0.01525
1.38146e-007	-0.0155625
1.38646e-007	-0.0161875
1.39146e-007	-0.0155625
1.39646e-007	-0.0149375
1.40146e-007	-0.014625
1.40646e-007	-0.0143125
1.41146e-007	-0.014625
1.41646e-007	-0.014
1.42146e-007	-0.014
1.42646e-007	-0.013375
1.43146e-007	-0.0130625
1.43646e-007	-0.0130625
1.44146e-007	-0.01275
1.44646e-007	-0.0130625
1.45146e-007	-0.01275
1.45646e-007	-0.0130625
1.46146e-007	-0.0143125
1.46646e-007	-0.0149375
1.47146e-007	-0.0149375
1.47646e-007	-0.014625
1.48146e-007	-0.0149375
1.48646e-007	-0.01525
1.49146e-007	-0.0149375
1.49646e-007	-0.0149375
1.50146e-007	-0.0149375
1.50646e-007	-0.014625
1.51146e-007	-0.0143125
1.51646e-007	-0.0130625
1.52146e-007	-0.0124375
1.52646e-007	-0.0130625
1.53146e-007	-0.0124375
1.53646e-007	-0.01275
1.54146e-007	-0.01275
1.54646e-007	-0.0130625
1.55146e-007	-0.0130625
1.55646e-007	-0.013375
1.56146e-007	-0.014
1.56646e-007	-0.013375
1.57146e-007	-0.014
1.57646e-007	-0.01525
1.58146e-007	-0.014625
1.58646e-007	-0.014625
1.59146e-007	-0.014
1.59646e-007	-0.014
1.60146e-007	-0.0136875
1.60646e-007	-0.013375
1.61146e-007	-0.0136875
1.61646e-007	-0.0130625
1.62146e-007	-0.0130625
1.62646e-007	-0.0130625
1.63146e-007	-0.0124375
1.63646e-007	-0.01275
1.64146e-007	-0.0124375
1.64646e-007	-0.01275
1.65146e-007	-0.013375
1.65646e-007	-0.013375
1.66146e-007	-0.0136875
1.66646e-007	-0.0136875
1.67146e-007	-0.014
1.67646e-007	-0.0143125
1.68146e-007	-0.0136875
1.68646e-007	-0.0143125
1.69146e-007	-0.0136875
1.69646e-007	-0.0136875
1.70146e-007	-0.014
1.70646e-007	-0.0130625
1.71146e-007	-0.0130625
1.71646e-007	-0.0130625
1.72146e-007	-0.0130625
1.72646e-007	-0.0124375
1.73146e-007	-0.012125
1.73646e-007	-0.0124375
1.74146e-007	-0.0124375
1.74646e-007	-0.0124375
1.75146e-007	-0.01275
1.75646e-007	-0.0130625
1.76146e-007	-0.01275
1.76646e-007	-0.0136875
1.77146e-007	-0.013375
1.77646e-007	-0.0136875
1.78146e-007	-0.013375
1.78646e-007	-0.0130625
1.79146e-007	-0.01275
1.79646e-007	-0.0130625
1.80146e-007	-0.0130625
1.80646e-007	-0.0130625
1.81146e-007	-0.0124375
1.81646e-007	-0.0118125
1.82146e-007	-0.0111875
1.82646e-007	-0.0124375
1.83146e-007	-0.0124375
1.83646e-007	-0.01275
1.84146e-007	-0.0124375
1.84646e-007	-0.0124375
1.85146e-007	-0.0136875
1.85646e-007	-0.0130625
1.86146e-007	-0.013375
1.86646e-007	-0.013375
1.87146e-007	-0.0130625
1.87646e-007	-0.013375
1.88146e-007	-0.01275
1.88646e-007	-0.01275
1.89146e-007	-0.012125
1.89646e-007	-0.012125
1.90146e-007	-0.012125
1.90646e-007	-0.012125
1.91146e-007	-0.0124375
1.91646e-007	-0.012125
1.92146e-007	-0.012125
1.92646e-007	-0.0124375
1.93146e-007	-0.012125
1.93646e-007	-0.01275
1.94146e-007	-0.012125
1.94646e-007	-0.0124375
1.95146e-007	-0.0130625
1.95646e-007	-0.01275
1.96146e-007	-0.012125
1.96646e-007	-0.0124375
1.97146e-007	-0.01275
1.97646e-007	-0.0130625
1.98146e-007	-0.012125
1.98646e-007	-0.012125
1.99146e-007	-0.0115
1.99646e-007	-0.0111875
2.00146e-007	-0.0111875
2.00646e-007	-0.0105625
2.01146e-007	-0.0115
2.01646e-007	-0.0118125
2.02146e-007	-0.0111875
2.02646e-007	-0.012125
2.03146e-007	-0.012125
2.03646e-007	-0.01275
2.04146e-007	-0.012125
2.04646e-007	-0.0124375
2.05146e-007	-0.01275
2.05646e-007	-0.0130625
2.06146e-007	-0.01275
2.06646e-007	-0.0124375
2.07146e-007	-0.012125
2.07646e-007	-0.0118125
2.08146e-007	-0.0115
2.08646e-007	-0.0118125
2.09146e-007	-0.010875
2.09646e-007	-0.010875
2.10146e-007	-0.0105625
2.10646e-007	-0.01025
2.11146e-007	-0.010875
2.11646e-007	-0.0111875
2.12146e-007	-0.0111875
2.12646e-007	-0.0111875
2.13146e-007	-0.0111875
2.13646e-007	-0.0115
2.14146e-007	-0.0115
2.14646e-007	-0.012125
2.15146e-007	-0.0115
2.15646e-007	-0.0118125
2.16146e-007	-0.012125
2.16646e-007	-0.0124375
2.17146e-007	-0.0118125
2.17646e-007	-0.0115
2.18146e-007	-0.0111875
2.18646e-007	-0.010875
2.19146e-007	-0.01025
2.19646e-007	-0.0105625
2.20146e-007	-0.01025
2.20646e-007	-0.0105625
2.21146e-007	-0.0105625
2.21646e-007	-0.0099375
2.22146e-007	-0.010875
2.22646e-007	-0.0118125
2.23146e-007	-0.0115
2.23646e-007	-0.012125
2.24146e-007	-0.0118125
2.24646e-007	-0.0118125
2.25146e-007	-0.0118125
2.25646e-007	-0.0118125
2.26146e-007	-0.0118125
2.26646e-007	-0.0118125
2.27146e-007	-0.0111875
2.27646e-007	-0.0118125
2.28146e-007	-0.0115
2.28646e-007	-0.010875
2.29146e-007	-0.009625
2.29646e-007	-0.009625
2.30146e-007	-0.0099375
2.30646e-007	-0.0099375
2.31146e-007	-0.0099375
2.31646e-007	-0.010875
2.32146e-007	-0.010875
2.32646e-007	-0.0105625
2.33146e-007	-0.0105625
2.33646e-007	-0.010875
2.34146e-007	-0.0111875
2.34646e-007	-0.0111875
2.35146e-007	-0.0115
2.35646e-007	-0.010875
2.36146e-007	-0.0111875
2.36646e-007	-0.0118125
2.37146e-007	-0.0111875
2.37646e-007	-0.0111875
2.38146e-007	-0.010875
2.38646e-007	-0.01025
2.39146e-007	-0.01025
2.39646e-007	-0.01025
2.40146e-007	-0.01025
2.40646e-007	-0.009625
2.41146e-007	-0.0099375
2.41646e-007	-0.010875
2.42146e-007	-0.010875
2.42646e-007	-0.0105625
2.43146e-007	-0.0099375
2.43646e-007	-0.0105625
2.44146e-007	-0.0105625
2.44646e-007	-0.0105625
2.45146e-007	-0.010875
2.45646e-007	-0.010875
2.46146e-007	-0.01025
2.46646e-007	-0.0105625
2.47146e-007	-0.0105625
2.47646e-007	-0.01025
2.48146e-007	-0.0099375
2.48646e-007	-0.009625
2.49146e-007	-0.0099375
2.49646e-007	-0.01025
2.50146e-007	-0.01025
2.50646e-007	-0.01025
2.51146e-007	-0.01025
2.51646e-007	-0.009625
2.52146e-007	-0.0099375
2.52646e-007	-0.0105625
2.53146e-007	-0.01025
2.53646e-007	-0.010875
2.54146e-007	-0.0105625
2.54646e-007	-0.01025
2.55146e-007	-0.0099375
2.55646e-007	-0.0093125
2.56146e-007	-0.0099375
2.56646e-007	-0.0093125
2.57146e-007	-0.0099375
2.57646e-007	-0.01025
2.58146e-007	-0.0099375
2.58646e-007	-0.01025
2.59146e-007	-0.01025
2.59646e-007	-0.0105625
2.60146e-007	-0.010875
2.60646e-007	-0.0099375
2.61146e-007	-0.0105625
2.61646e-007	-0.010875
2.62146e-007	-0.010875
2.62646e-007	-0.0105625
2.63146e-007	-0.0111875
2.63646e-007	-0.0099375
2.64146e-007	-0.0099375
2.64646e-007	-0.01025
2.65146e-007	-0.0093125
2.65646e-007	-0.009
2.66146e-007	-0.009625
2.66646e-007	-0.009
2.67146e-007	-0.0099375
2.67646e-007	-0.0093125
2.68146e-007	-0.009625
2.68646e-007	-0.009625
2.69146e-007	-0.0099375
2.69646e-007	-0.009625
2.70146e-007	-0.01025
2.70646e-007	-0.0111875
2.71146e-007	-0.01025
2.71646e-007	-0.009625
2.72146e-007	-0.0105625
2.72646e-007	-0.0105625
2.73146e-007	-0.01025
2.73646e-007	-0.0099375
2.74146e-007	-0.0099375
2.74646e-007	-0.0099375
2.75146e-007	-0.009625
2.75646e-007	-0.0086875
2.76146e-007	-0.0080625
2.76646e-007	-0.0086875
2.77146e-007	-0.0093125
2.77646e-007	-0.009
2.78146e-007	-0.009625
2.78646e-007	-0.009625
2.79146e-007	-0.0099375
2.79646e-007	-0.01025
2.80146e-007	-0.01025
2.80646e-007	-0.01025
2.81146e-007	-0.01025
2.81646e-007	-0.0099375
2.82146e-007	-0.009625
2.82646e-007	-0.0099375
2.83146e-007	-0.0105625
2.83646e-007	-0.009625
2.84146e-007	-0.0099375
2.84646e-007	-0.01025
2.85146e-007	-0.0093125
2.85646e-007	-0.0086875
2.86146e-007	-0.009
2.86646e-007	-0.0086875
2.87146e-007	-0.009
2.87646e-007	-0.0086875
2.88146e-007	-0.009
2.88646e-007	-0.009
2.89146e-007	-0.009625
2.89646e-007	-0.0093125
2.90146e-007	-0.009625
2.90646e-007	-0.0099375
2.91146e-007	-0.0099375
2.91646e-007	-0.009
2.92146e-007	-0.0093125
2.92646e-007	-0.009
2.93146e-007	-0.0093125
2.93646e-007	-0.009
2.94146e-007	-0.008375
2.94646e-007	-0.0086875
2.95146e-007	-0.009625
2.95646e-007	-0.009
2.96146e-007	-0.009
2.96646e-007	-0.0086875
2.97146e-007	-0.009
2.97646e-007	-0.0086875
2.98146e-007	-0.0086875
2.98646e-007	-0.009625
2.99146e-007	-0.0099375
2.99646e-007	-0.009
3.00146e-007	-0.009625
3.00646e-007	-0.0093125
3.01146e-007	-0.0086875
3.01646e-007	-0.0080625
3.02146e-007	-0.009
3.02646e-007	-0.009625
3.03146e-007	-0.009
3.03646e-007	-0.008375
3.04146e-007	-0.0086875
3.04646e-007	-0.008375
3.05146e-007	-0.0093125
3.05646e-007	-0.009
3.06146e-007	-0.009
3.06646e-007	-0.0093125
3.07146e-007	-0.0093125
3.07646e-007	-0.0093125
3.08146e-007	-0.0099375
3.08646e-007	-0.009
3.09146e-007	-0.0093125
3.09646e-007	-0.009
3.10146e-007	-0.0093125
3.10646e-007	-0.0080625
3.11146e-007	-0.008375
3.11646e-007	-0.00775
3.12146e-007	-0.007125
3.12646e-007	-0.0074375
3.13146e-007	-0.008375
3.13646e-007	-0.00775
3.14146e-007	-0.0074375
3.14646e-007	-0.0080625
3.15146e-007	-0.008375
3.15646e-007	-0.0086875
3.16146e-007	-0.009625
3.16646e-007	-0.009
3.17146e-007	-0.009625
3.17646e-007	-0.009625
3.18146e-007	-0.0093125
3.18646e-007	-0.0093125
3.19146e-007	-0.009
3.19646e-007	-0.0086875
3.20146e-007	-0.0086875
3.20646e-007	-0.0074375
3.21146e-007	-0.007125
3.21646e-007	-0.0068125
3.22146e-007	-0.0068125
3.22646e-007	-0.0065
3.23146e-007	-0.0074375
3.23646e-007	-0.0080625
3.24146e-007	-0.0074375
3.24646e-007	-0.00775
3.25146e-007	-0.009
3.25646e-007	-0.009
3.26146e-007	-0.0093125
3.26646e-007	-0.008375
3.27146e-007	-0.0093125
3.27646e-007	-0.009625
3.28146e-007	-0.0099375
3.28646e-007	-0.009625
3.29146e-007	-0.009
3.29646e-007	-0.00775
3.30146e-007	-0.0074375
3.30646e-007	-0.007125
3.31146e-007	-0.0068125
3.31646e-007	-0.0065
3.32146e-007	-0.007125
3.32646e-007	-0.0068125
3.33146e-007	-0.0061875
3.33646e-007	-0.0068125
3.34146e-007	-0.0074375
3.34646e-007	-0.008375
3.35146e-007	-0.009
3.35646e-007	-0.008375
3.36146e-007	-0.008375
3.36646e-007	-0.009625
3.37146e-007	-0.01025
3.37646e-007	-0.0093125
3.38146e-007	-0.0093125
3.38646e-007	-0.0086875
3.39146e-007	-0.0086875
3.39646e-007	-0.0080625
3.40146e-007	-0.007125
3.40646e-007	-0.0065
3.41146e-007	-0.0065
3.41646e-007	-0.0061875
3.42146e-007	-0.005875
3.42646e-007	-0.0061875
3.43146e-007	-0.0065
3.43646e-007	-0.0068125
3.44146e-007	-0.007125
3.44646e-007	-0.007125
3.45146e-007	-0.00775
3.45646e-007	-0.008375
3.46146e-007	-0.009
3.46646e-007	-0.009
3.47146e-007	-0.009
3.47646e-007	-0.009
3.48146e-007	-0.009
3.48646e-007	-0.0093125
3.49146e-007	-0.008375
3.49646e-007	-0.0068125
3.50146e-007	-0.0068125
3.50646e-007	-0.0068125
3.51146e-007	-0.0065
3.51646e-007	-0.005875
3.52146e-007	-0.0065
3.52646e-007	-0.005875
3.53146e-007	-0.005875
3.53646e-007	-0.0068125
3.54146e-007	-0.0074375
3.54646e-007	-0.0074375
3.55146e-007	-0.0080625
3.55646e-007	-0.0080625
3.56146e-007	-0.008375
3.56646e-007	-0.008375
3.57146e-007	-0.009
3.57646e-007	-0.0086875
3.58146e-007	-0.00775
3.58646e-007	-0.0074375
3.59146e-007	-0.00775
3.59646e-007	-0.007125
3.60146e-007	-0.0068125
3.60646e-007	-0.0061875
3.61146e-007	-0.0061875
3.61646e-007	-0.0061875
3.62146e-007	-0.0068125
3.62646e-007	-0.0061875
3.63146e-007	-0.0068125
3.63646e-007	-0.0074375
3.64146e-007	-0.0068125
3.64646e-007	-0.0074375
3.65146e-007	-0.00775
3.65646e-007	-0.00775
3.66146e-007	-0.0080625
3.66646e-007	-0.0086875
3.67146e-007	-0.009
3.67646e-007	-0.00775
3.68146e-007	-0.00775
3.68646e-007	-0.007125
3.69146e-007	-0.0065
3.69646e-007	-0.0061875
3.70146e-007	-0.0065
3.70646e-007	-0.0065
3.71146e-007	-0.007125
3.71646e-007	-0.0061875
3.72146e-007	-0.005875
3.72646e-007	-0.0068125
3.73146e-007	-0.007125
3.73646e-007	-0.0074375
3.74146e-007	-0.0080625
3.74646e-007	-0.008375
3.75146e-007	-0.0080625
3.75646e-007	-0.0080625
3.76146e-007	-0.0086875
3.76646e-007	-0.0080625
3.77146e-007	-0.008375
3.77646e-007	-0.0068125
3.78146e-007	-0.0068125
3.78646e-007	-0.0068125
3.79146e-007	-0.005875
3.79646e-007	-0.00525
3.80146e-007	-0.005875
3.80646e-007	-0.0055625
3.81146e-007	-0.00525
3.81646e-007	-0.0061875
3.82146e-007	-0.007125
3.82646e-007	-0.007125
3.83146e-007	-0.007125
3.83646e-007	-0.007125
3.84146e-007	-0.0086875
3.84646e-007	-0.0086875
3.85146e-007	-0.0080625
3.85646e-007	-0.008375
3.86146e-007	-0.0086875
3.86646e-007	-0.00775
3.87146e-007	-0.007125
3.87646e-007	-0.0065
3.88146e-007	-0.0065
3.88646e-007	-0.0061875
3.89146e-007	-0.005875
3.89646e-007	-0.00525
3.90146e-007	-0.0049375
3.90646e-007	-0.0055625
3.91146e-007	-0.0061875
3.91646e-007	-0.0061875
3.92146e-007	-0.0061875
3.92646e-007	-0.007125
3.93146e-007	-0.0080625
3.93646e-007	-0.0074375
3.94146e-007	-0.0080625
3.94646e-007	-0.0080625
3.95146e-007	-0.0086875
3.95646e-007	-0.0086875
3.96146e-007	-0.0080625
3.96646e-007	-0.00775
3.97146e-007	-0.0068125
3.97646e-007	-0.0061875
3.98146e-007	-0.0068125
3.98646e-007	-0.0065
3.99146e-007	-0.0061875
3.99646e-007	-0.0049375
4.00146e-007	-0.0049375
4.00646e-007	-0.0055625
4.01146e-007	-0.0061875
4.01646e-007	-0.0061875
4.02146e-007	-0.0061875
4.02646e-007	-0.0068125
4.03146e-007	-0.00775
4.03646e-007	-0.00775
4.04146e-007	-0.0080625
4.04646e-007	-0.0074375
4.05146e-007	-0.0074375
4.05646e-007	-0.0074375
4.06146e-007	-0.0080625
4.06646e-007	-0.0074375
4.07146e-007	-0.007125
4.07646e-007	-0.0068125
4.08146e-007	-0.005875
4.08646e-007	-0.00525
4.09146e-007	-0.00525
4.09646e-007	-0.0055625
4.10146e-007	-0.0055625
4.10646e-007	-0.0055625
4.11146e-007	-0.0055625
4.11646e-007	-0.0061875
4.12146e-007	-0.007125
4.12646e-007	-0.0068125
4.13146e-007	-0.0068125
4.13646e-007	-0.0068125
4.14146e-007	-0.007125
4.14646e-007	-0.007125
4.15146e-007	-0.0074375
4.15646e-007	-0.0068125
4.16146e-007	-0.0065
4.16646e-007	-0.0068125
4.17146e-007	-0.007125
4.17646e-007	-0.0065
4.18146e-007	-0.0055625
4.18646e-007	-0.005875
4.19146e-007	-0.0055625
4.19646e-007	-0.0055625
4.20146e-007	-0.005875
4.20646e-007	-0.005875
4.21146e-007	-0.005875
4.21646e-007	-0.005875
4.22146e-007	-0.0061875
4.22646e-007	-0.005875
4.23146e-007	-0.0065
4.23646e-007	-0.007125
4.24146e-007	-0.0074375
4.24646e-007	-0.007125
4.25146e-007	-0.0065
4.25646e-007	-0.0065
4.26146e-007	-0.0065
4.26646e-007	-0.0055625
4.27146e-007	-0.0061875
4.27646e-007	-0.0061875
4.28146e-007	-0.005875
4.28646e-007	-0.005875
4.29146e-007	-0.0065
4.29646e-007	-0.0065
4.30146e-007	-0.0061875
4.30646e-007	-0.0061875
4.31146e-007	-0.0061875
4.31646e-007	-0.0061875
4.32146e-007	-0.0061875
4.32646e-007	-0.005875
4.33146e-007	-0.0061875
4.33646e-007	-0.0061875
4.34146e-007	-0.0061875
4.34646e-007	-0.0055625
4.35146e-007	-0.0055625
4.35646e-007	-0.0061875
4.36146e-007	-0.0065
4.36646e-007	-0.005875
4.37146e-007	-0.0065
4.37646e-007	-0.0055625
4.38146e-007	-0.0061875
4.38646e-007	-0.0065
4.39146e-007	-0.0065
4.39646e-007	-0.0065
4.40146e-007	-0.0065
4.40646e-007	-0.0061875
4.41146e-007	-0.0055625
4.41646e-007	-0.005875
4.42146e-007	-0.0068125
4.42646e-007	-0.0061875
4.43146e-007	-0.00525
4.43646e-007	-0.0049375
4.44146e-007	-0.0049375
4.44646e-007	-0.0055625
4.45146e-007	-0.0055625
4.45646e-007	-0.0055625
4.46146e-007	-0.0055625
4.46646e-007	-0.005875
4.47146e-007	-0.0065
4.47646e-007	-0.005875
4.48146e-007	-0.0061875
4.48646e-007	-0.0061875
4.49146e-007	-0.0065
4.49646e-007	-0.0061875
4.50146e-007	-0.0055625
4.50646e-007	-0.005875
4.51146e-007	-0.00525
4.51646e-007	-0.0055625
4.52146e-007	-0.0055625
4.52646e-007	-0.0055625
4.53146e-007	-0.005875
4.53646e-007	-0.004625
4.54146e-007	-0.0043125
4.54646e-007	-0.0055625
4.55146e-007	-0.005875
4.55646e-007	-0.0055625
4.56146e-007	-0.005875
4.56646e-007	-0.0055625
4.57146e-007	-0.0061875
4.57646e-007	-0.005875
4.58146e-007	-0.0061875
4.58646e-007	-0.0061875
4.59146e-007	-0.005875
4.59646e-007	-0.0055625
4.60146e-007	-0.0055625
4.60646e-007	-0.0055625
4.61146e-007	-0.00525
4.61646e-007	-0.004625
4.62146e-007	-0.004625
4.62646e-007	-0.00525
4.63146e-007	-0.0049375
4.63646e-007	-0.0049375
4.64146e-007	-0.0049375
4.64646e-007	-0.0055625
4.65146e-007	-0.0055625
4.65646e-007	-0.00525
4.66146e-007	-0.0061875
4.66646e-007	-0.0065
4.67146e-007	-0.0061875
4.67646e-007	-0.0061875
4.68146e-007	-0.0061875
4.68646e-007	-0.0065
4.69146e-007	-0.0065
4.69646e-007	-0.00525
4.70146e-007	-0.004625
4.70646e-007	-0.0049375
4.71146e-007	-0.0043125
4.71646e-007	-0.0036875
4.72146e-007	-0.004
4.72646e-007	-0.0043125
4.73146e-007	-0.003375
4.73646e-007	-0.0036875
4.74146e-007	-0.004625
4.74646e-007	-0.005875
4.75146e-007	-0.0061875
4.75646e-007	-0.0061875
4.76146e-007	-0.0065
4.76646e-007	-0.0068125
4.77146e-007	-0.0065
4.77646e-007	-0.007125
4.78146e-007	-0.007125
4.78646e-007	-0.0065
4.79146e-007	-0.005875
4.79646e-007	-0.0049375
4.80146e-007	-0.0043125
4.80646e-007	-0.0036875
4.81146e-007	-0.003375
4.81646e-007	-0.00275
4.82146e-007	-0.0036875
4.82646e-007	-0.004
4.83146e-007	-0.0036875
4.83646e-007	-0.0036875
4.84146e-007	-0.004625
4.84646e-007	-0.00525
4.85146e-007	-0.0065
4.85646e-007	-0.0068125
4.86146e-007	-0.0074375
4.86646e-007	-0.0065
4.87146e-007	-0.0074375
4.87646e-007	-0.00775
4.88146e-007	-0.0074375
4.88646e-007	-0.0061875
4.89146e-007	-0.005875
4.89646e-007	-0.00525
4.90146e-007	-0.004
4.90646e-007	-0.004
4.91146e-007	-0.0036875
4.91646e-007	-0.0024375
4.92146e-007	-0.0024375
4.92646e-007	-0.0030625
4.93146e-007	-0.0036875
4.93646e-007	-0.0036875
4.94146e-007	-0.0049375
4.94646e-007	-0.0061875
4.95146e-007	-0.0065
4.95646e-007	-0.007125
4.96146e-007	-0.0074375
4.96646e-007	-0.0074375
4.97146e-007	-0.0068125
4.97646e-007	-0.007125
4.98146e-007	-0.007125
4.98646e-007	-0.0065
4.99146e-007	-0.0055625
4.99646e-007	-0.0049375
5.00146e-007	-0.004
5.00646e-007	-0.0030625
5.01146e-007	-0.00275
5.01646e-007	-0.0018125
5.02146e-007	-0.0018125
5.02646e-007	-0.003375
5.03146e-007	-0.003375
5.03646e-007	-0.004
5.04146e-007	-0.0049375
5.04646e-007	-0.00525
5.05146e-007	-0.0061875
5.05646e-007	-0.007125
5.06146e-007	-0.0074375
5.06646e-007	-0.00775
5.07146e-007	-0.0074375
5.07646e-007	-0.0068125
5.08146e-007	-0.0068125
5.08646e-007	-0.0055625
5.09146e-007	-0.0043125
5.09646e-007	-0.004
5.10146e-007	-0.0036875
5.10646e-007	-0.0030625
5.11146e-007	-0.0024375
5.11646e-007	-0.0024375
5.12146e-007	-0.00275
5.12646e-007	-0.00275
5.13146e-007	-0.0030625
5.13646e-007	-0.0036875
5.14146e-007	-0.0049375
5.14646e-007	-0.0055625
5.15146e-007	-0.0061875
5.15646e-007	-0.007125
5.16146e-007	-0.007125
5.16646e-007	-0.007125
5.17146e-007	-0.007125
5.17646e-007	-0.0074375
5.18146e-007	-0.0065
5.18646e-007	-0.00525
5.19146e-007	-0.0043125
5.19646e-007	-0.004
5.20146e-007	-0.0036875
5.20646e-007	-0.003375
5.21146e-007	-0.0024375
5.21646e-007	-0.0018125
5.22146e-007	-0.002125
5.22646e-007	-0.0030625
5.23146e-007	-0.0043125
5.23646e-007	-0.0043125
5.24146e-007	-0.004625
5.24646e-007	-0.0049375
5.25146e-007	-0.0065
5.25646e-007	-0.007125
5.26146e-007	-0.0065
5.26646e-007	-0.007125
5.27146e-007	-0.007125
5.27646e-007	-0.0061875
5.28146e-007	-0.0055625
5.28646e-007	-0.0049375
5.29146e-007	-0.004625
5.29646e-007	-0.003375
5.30146e-007	-0.0030625
5.30646e-007	-0.0030625
5.31146e-007	-0.00275
5.31646e-007	-0.0030625
5.32146e-007	-0.0030625
5.32646e-007	-0.003375
5.33146e-007	-0.004
5.33646e-007	-0.0043125
5.34146e-007	-0.0055625
5.34646e-007	-0.0061875
5.35146e-007	-0.0061875
5.35646e-007	-0.005875
5.36146e-007	-0.0065
5.36646e-007	-0.007125
5.37146e-007	-0.0061875
5.37646e-007	-0.005875
5.38146e-007	-0.0055625
5.38646e-007	-0.0043125
5.39146e-007	-0.0036875
5.39646e-007	-0.003375
5.40146e-007	-0.0030625
5.40646e-007	-0.0030625
5.41146e-007	-0.0030625
5.41646e-007	-0.0036875
5.42146e-007	-0.0030625
5.42646e-007	-0.0030625
5.43146e-007	-0.004
5.43646e-007	-0.0049375
5.44146e-007	-0.005875
5.44646e-007	-0.0055625
5.45146e-007	-0.0065
5.45646e-007	-0.0061875
5.46146e-007	-0.0061875
5.46646e-007	-0.0055625
5.47146e-007	-0.0055625
5.47646e-007	-0.00525
5.48146e-007	-0.0049375
5.48646e-007	-0.0043125
5.49146e-007	-0.0030625
5.49646e-007	-0.002125
5.50146e-007	-0.0024375
5.50646e-007	-0.0024375
5.51146e-007	-0.00275
5.51646e-007	-0.003375
5.52146e-007	-0.003375
5.52646e-007	-0.0030625
5.53146e-007	-0.0043125
5.53646e-007	-0.0049375
5.54146e-007	-0.004625
5.54646e-007	-0.00525
5.55146e-007	-0.00525
5.55646e-007	-0.0055625
5.56146e-007	-0.005875
5.56646e-007	-0.005875
5.57146e-007	-0.0049375
5.57646e-007	-0.004625
5.58146e-007	-0.0043125
5.58646e-007	-0.004
5.59146e-007	-0.0036875
5.59646e-007	-0.0024375
5.60146e-007	-0.00275
5.60646e-007	-0.003375
5.61146e-007	-0.003375
5.61646e-007	-0.004
5.62146e-007	-0.0036875
5.62646e-007	-0.0043125
5.63146e-007	-0.0043125
5.63646e-007	-0.0049375
5.64146e-007	-0.0049375
5.64646e-007	-0.004625
5.65146e-007	-0.0049375
5.65646e-007	-0.00525
5.66146e-007	-0.0049375
5.66646e-007	-0.0049375
5.67146e-007	-0.00525
5.67646e-007	-0.0049375
5.68146e-007	-0.0049375
5.68646e-007	-0.0036875
5.69146e-007	-0.003375
5.69646e-007	-0.0036875
5.70146e-007	-0.0036875
5.70646e-007	-0.0036875
5.71146e-007	-0.0036875
5.71646e-007	-0.0030625
5.72146e-007	-0.004
5.72646e-007	-0.004625
5.73146e-007	-0.004625
5.73646e-007	-0.0043125
5.74146e-007	-0.0043125
5.74646e-007	-0.004625
5.75146e-007	-0.004625
5.75646e-007	-0.004
5.76146e-007	-0.0043125
5.76646e-007	-0.0049375
5.77146e-007	-0.0049375
5.77646e-007	-0.0043125
5.78146e-007	-0.0043125
5.78646e-007	-0.0036875
5.79146e-007	-0.0036875
5.79646e-007	-0.0036875
5.80146e-007	-0.0036875
5.80646e-007	-0.0043125
5.81146e-007	-0.004
5.81646e-007	-0.004
5.82146e-007	-0.0043125
5.82646e-007	-0.004
5.83146e-007	-0.004
5.83646e-007	-0.0036875
5.84146e-007	-0.0030625
5.84646e-007	-0.004
5.85146e-007	-0.004
5.85646e-007	-0.004
5.86146e-007	-0.0043125
5.86646e-007	-0.004
5.87146e-007	-0.004
5.87646e-007	-0.0043125
5.88146e-007	-0.0049375
5.88646e-007	-0.004625
5.89146e-007	-0.0049375
5.89646e-007	-0.004625
5.90146e-007	-0.004
5.90646e-007	-0.0036875
5.91146e-007	-0.0043125
5.91646e-007	-0.004
5.92146e-007	-0.003375
5.92646e-007	-0.0036875
5.93146e-007	-0.0036875
5.93646e-007	-0.0036875
5.94146e-007	-0.0030625
5.94646e-007	-0.0036875
5.95146e-007	-0.0036875
5.95646e-007	-0.0030625
5.96146e-007	-0.0030625
5.96646e-007	-0.003375
5.97146e-007	-0.004
5.97646e-007	-0.0036875
5.98146e-007	-0.0043125
5.98646e-007	-0.0043125
5.99146e-007	-0.0043125
5.99646e-007	-0.0049375
6.00146e-007	-0.00525
6.00646e-007	-0.0049375
6.01146e-007	-0.004625
6.01646e-007	-0.0043125
6.02146e-007	-0.004
6.02646e-007	-0.004
6.03146e-007	-0.0036875
6.03646e-007	-0.003375
6.04146e-007	-0.00275
6.04646e-007	-0.0030625
6.05146e-007	-0.0030625
6.05646e-007	-0.003375
6.06146e-007	-0.0030625
6.06646e-007	-0.0030625
6.07146e-007	-0.003375
6.07646e-007	-0.0043125
6.08146e-007	-0.0043125
6.08646e-007	-0.0043125
6.09146e-007	-0.004625
6.09646e-007	-0.0049375
6.10146e-007	-0.00525
6.10646e-007	-0.00525
6.11146e-007	-0.004625
6.11646e-007	-0.004
6.12146e-007	-0.0036875
6.12646e-007	-0.0030625
6.13146e-007	-0.00275
6.13646e-007	-0.0036875
6.14146e-007	-0.003375
6.14646e-007	-0.00275
6.15146e-007	-0.002125
6.15646e-007	-0.0024375
6.16146e-007	-0.00275
6.16646e-007	-0.0024375
6.17146e-007	-0.0030625
6.17646e-007	-0.004
6.18146e-007	-0.0036875
6.18646e-007	-0.004
6.19146e-007	-0.004625
6.19646e-007	-0.0055625
6.20146e-007	-0.0049375
6.20646e-007	-0.0043125
6.21146e-007	-0.0043125
6.21646e-007	-0.0043125
6.22146e-007	-0.0036875
6.22646e-007	-0.0036875
6.23146e-007	-0.003375
6.23646e-007	-0.00275
6.24146e-007	-0.0024375
6.24646e-007	-0.00275
6.25146e-007	-0.0024375
6.25646e-007	-0.0024375
6.26146e-007	-0.00275
6.26646e-007	-0.0030625
6.27146e-007	-0.003375
6.27646e-007	-0.0043125
6.28146e-007	-0.004
6.28646e-007	-0.004
6.29146e-007	-0.00525
6.29646e-007	-0.00525
6.30146e-007	-0.004625
6.30646e-007	-0.004
6.31146e-007	-0.0043125
6.31646e-007	-0.004
6.32146e-007	-0.003375
6.32646e-007	-0.0036875
6.33146e-007	-0.003375
6.33646e-007	-0.0024375
6.34146e-007	-0.0024375
6.34646e-007	-0.002125
6.35146e-007	-0.0030625
6.35646e-007	-0.0030625
6.36146e-007	-0.0030625
6.36646e-007	-0.003375
6.37146e-007	-0.0030625
6.37646e-007	-0.0036875
6.38146e-007	-0.004
6.38646e-007	-0.004
6.39146e-007	-0.003375
6.39646e-007	-0.0030625
6.40146e-007	-0.0043125
6.40646e-007	-0.004
6.41146e-007	-0.004625
6.41646e-007	-0.004
6.42146e-007	-0.003375
6.42646e-007	-0.0036875
6.43146e-007	-0.0024375
6.43646e-007	-0.00275
6.44146e-007	-0.0024375
6.44646e-007	-0.002125
6.45146e-007	-0.00275
6.45646e-007	-0.0030625
6.46146e-007	-0.0030625
6.46646e-007	-0.0030625
6.47146e-007	-0.0030625
6.47646e-007	-0.003375
6.48146e-007	-0.003375
6.48646e-007	-0.0043125
6.49146e-007	-0.0043125
6.49646e-007	-0.004
6.50146e-007	-0.004
6.50646e-007	-0.004
6.51146e-007	-0.003375
6.51646e-007	-0.0030625
6.52146e-007	-0.0030625
6.52646e-007	-0.0036875
6.53146e-007	-0.0030625
6.53646e-007	-0.0024375
6.54146e-007	-0.0024375
6.54646e-007	-0.002125
6.55146e-007	-0.00275
6.55646e-007	-0.0024375
6.56146e-007	-0.002125
6.56646e-007	-0.00275
6.57146e-007	-0.0030625
6.57646e-007	-0.0036875
6.58146e-007	-0.003375
6.58646e-007	-0.0036875
6.59146e-007	-0.004
6.59646e-007	-0.004
6.60146e-007	-0.0036875
6.60646e-007	-0.004
6.61146e-007	-0.003375
6.61646e-007	-0.0030625
6.62146e-007	-0.00275
6.62646e-007	-0.00275
6.63146e-007	-0.00275
6.63646e-007	-0.0024375
6.64146e-007	-0.0015
6.64646e-007	-0.0015
6.65146e-007	-0.0024375
6.65646e-007	-0.0024375
6.66146e-007	-0.002125
6.66646e-007	-0.002125
6.67146e-007	-0.0030625
6.67646e-007	-0.0043125
6.68146e-007	-0.003375
6.68646e-007	-0.0030625
6.69146e-007	-0.0043125
6.69646e-007	-0.004625
6.70146e-007	-0.0036875
6.70646e-007	-0.004
6.71146e-007	-0.004
6.71646e-007	-0.0036875
6.72146e-007	-0.003375
6.72646e-007	-0.0024375
6.73146e-007	-0.0024375
6.73646e-007	-0.0024375
6.74146e-007	-0.0018125
6.74646e-007	-0.0015
6.75146e-007	-0.0018125
6.75646e-007	-0.00275
6.76146e-007	-0.0024375
6.76646e-007	-0.0018125
6.77146e-007	-0.0024375
6.77646e-007	-0.0030625
6.78146e-007	-0.0030625
6.78646e-007	-0.0030625
6.79146e-007	-0.003375
6.79646e-007	-0.0043125
6.80146e-007	-0.0036875
6.80646e-007	-0.0036875
6.81146e-007	-0.0043125
6.81646e-007	-0.004
6.82146e-007	-0.00275
6.82646e-007	-0.0030625
6.83146e-007	-0.0030625
6.83646e-007	-0.00275
6.84146e-007	-0.0024375
6.84646e-007	-0.0015
6.85146e-007	-0.0015
6.85646e-007	-0.002125
6.86146e-007	-0.002125
6.86646e-007	-0.0018125
6.87146e-007	-0.0024375
6.87646e-007	-0.002125
6.88146e-007	-0.0024375
6.88646e-007	-0.00275
6.89146e-007	-0.0030625
6.89646e-007	-0.0030625
6.90146e-007	-0.0036875
6.90646e-007	-0.004625
6.91146e-007	-0.004625
6.91646e-007	-0.004625
6.92146e-007	-0.004
6.92646e-007	-0.0036875
6.93146e-007	-0.0036875
6.93646e-007	-0.0030625
6.94146e-007	-0.0024375
6.94646e-007	-0.002125
6.95146e-007	-0.0011875
6.95646e-007	-0.0011875
6.96146e-007	-0.0015
6.96646e-007	-0.0018125
6.97146e-007	-0.0011875
6.97646e-007	-0.000875
6.98146e-007	-0.002125
6.98646e-007	-0.002125
6.99146e-007	-0.0024375
6.99646e-007	-0.0036875
7.00146e-007	-0.0036875
7.00646e-007	-0.004
7.01146e-007	-0.0036875
7.01646e-007	-0.0049375
7.02146e-007	-0.0049375
7.02646e-007	-0.0043125
7.03146e-007	-0.0036875
7.03646e-007	-0.0024375
7.04146e-007	-0.00275
7.04646e-007	-0.002125
7.05146e-007	-0.0018125
7.05646e-007	-0.0018125
7.06146e-007	-0.0005625
7.06646e-007	-0.000875
7.07146e-007	-0.0011875
7.07646e-007	-0.0005625
7.08146e-007	-0.0015
7.08646e-007	-0.0018125
7.09146e-007	-0.002125
7.09646e-007	-0.0036875
7.10146e-007	-0.003375
7.10646e-007	-0.0043125
7.11146e-007	-0.0049375
7.11646e-007	-0.0049375
7.12146e-007	-0.004
7.12646e-007	-0.004
7.13146e-007	-0.00525
7.13646e-007	-0.0036875
7.14146e-007	-0.0030625
7.14646e-007	-0.0030625
7.15146e-007	-0.0018125
7.15646e-007	-0.0015
7.16146e-007	-0.0011875
7.16646e-007	-0.0011875
7.17146e-007	-0.002125
7.17646e-007	-0.0011875
7.18146e-007	-0.0011875
7.18646e-007	-0.0011875
7.19146e-007	-0.0024375
7.19646e-007	-0.0024375
7.20146e-007	-0.003375
7.20646e-007	-0.0036875
7.21146e-007	-0.003375
7.21646e-007	-0.0043125
7.22146e-007	-0.0049375
7.22646e-007	-0.00525
7.23146e-007	-0.0049375
7.23646e-007	-0.004
7.24146e-007	-0.0036875
7.24646e-007	-0.0030625
7.25146e-007	-0.002125
7.25646e-007	-0.0018125
7.26146e-007	-0.0015
7.26646e-007	-0.0018125
7.27146e-007	-0.0011875
7.27646e-007	-0.0005625
7.28146e-007	-0.0018125
7.28646e-007	-0.0018125
7.29146e-007	-0.0015
7.29646e-007	-0.0018125
7.30146e-007	-0.0024375
7.30646e-007	-0.0036875
7.31146e-007	-0.003375
7.31646e-007	-0.004
7.32146e-007	-0.004
7.32646e-007	-0.0049375
7.33146e-007	-0.0049375
7.33646e-007	-0.0043125
7.34146e-007	-0.0036875
7.34646e-007	-0.0030625
7.35146e-007	-0.002125
7.35646e-007	-0.0024375
7.36146e-007	-0.0018125
7.36646e-007	-0.0015
7.37146e-007	-0.0011875
7.37646e-007	-0.0005625
7.38146e-007	-0.0018125
7.38646e-007	-0.0024375
7.39146e-007	-0.0024375
7.39646e-007	-0.002125
7.40146e-007	-0.002125
7.40646e-007	-0.0030625
7.41146e-007	-0.0043125
7.41646e-007	-0.004
7.42146e-007	-0.004
7.42646e-007	-0.0043125
7.43146e-007	-0.0043125
7.43646e-007	-0.0043125
7.44146e-007	-0.003375
7.44646e-007	-0.003375
7.45146e-007	-0.002125
7.45646e-007	-0.0015
7.46146e-007	-0.0018125
7.46646e-007	-0.0015
7.47146e-007	-0.0018125
7.47646e-007	-0.0018125
7.48146e-007	-0.0015
7.48646e-007	-0.0018125
7.49146e-007	-0.002125
7.49646e-007	-0.002125
7.50146e-007	-0.00275
7.50646e-007	-0.003375
7.51146e-007	-0.0030625
7.51646e-007	-0.0030625
7.52146e-007	-0.003375
7.52646e-007	-0.004
7.53146e-007	-0.0043125
7.53646e-007	-0.0036875
7.54146e-007	-0.0024375
7.54646e-007	-0.0024375
7.55146e-007	-0.0030625
7.55646e-007	-0.00275
7.56146e-007	-0.0018125
7.56646e-007	-0.0015
7.57146e-007	-0.002125
7.57646e-007	-0.0011875
7.58146e-007	-0.0018125
7.58646e-007	-0.0030625
7.59146e-007	-0.002125
7.59646e-007	-0.00275
7.60146e-007	-0.0024375
7.60646e-007	-0.0024375
7.61146e-007	-0.003375
7.61646e-007	-0.003375
7.62146e-007	-0.003375
7.62646e-007	-0.0030625
7.63146e-007	-0.003375
7.63646e-007	-0.003375
7.64146e-007	-0.002125
7.64646e-007	-0.0024375
7.65146e-007	-0.002125
7.65646e-007	-0.0018125
7.66146e-007	-0.002125
7.66646e-007	-0.0011875
7.67146e-007	-0.0011875
7.67646e-007	-0.0011875
7.68146e-007	-0.002125
7.68646e-007	-0.0024375
7.69146e-007	-0.0030625
7.69646e-007	-0.003375
7.70146e-007	-0.0030625
7.70646e-007	-0.003375
7.71146e-007	-0.003375
7.71646e-007	-0.0030625
7.72146e-007	-0.003375
7.72646e-007	-0.0030625
7.73146e-007	-0.0030625
7.73646e-007	-0.00275
7.74146e-007	-0.0024375
7.74646e-007	-0.0018125
7.75146e-007	-0.0015
7.75646e-007	-0.0015
7.76146e-007	-0.0011875
7.76646e-007	-0.000875
7.77146e-007	-0.0005625
7.77646e-007	-0.0011875
7.78146e-007	-0.002125
7.78646e-007	-0.00275
7.79146e-007	-0.00275
7.79646e-007	-0.0024375
7.80146e-007	-0.0030625
7.80646e-007	-0.0036875
7.81146e-007	-0.0030625
7.81646e-007	-0.00275
7.82146e-007	-0.0030625
7.82646e-007	-0.0030625
7.83146e-007	-0.0030625
7.83646e-007	-0.0024375
7.84146e-007	-0.0024375
7.84646e-007	-0.0018125
7.85146e-007	-0.0015
7.85646e-007	-0.0011875
7.86146e-007	-0.000875
7.86646e-007	-0.000875
7.87146e-007	-0.000875
7.87646e-007	-0.0015
7.88146e-007	-0.0018125
7.88646e-007	-0.0024375
7.89146e-007	-0.0030625
7.89646e-007	-0.0030625
7.90146e-007	-0.0030625
7.90646e-007	-0.00275
7.91146e-007	-0.0030625
7.91646e-007	-0.0036875
7.92146e-007	-0.0036875
7.92646e-007	-0.003375
7.93146e-007	-0.003375
7.93646e-007	-0.0024375
7.94146e-007	-0.0024375
7.94646e-007	-0.0015
7.95146e-007	-0.0018125
7.95646e-007	-0.0018125
7.96146e-007	-0.0011875
7.96646e-007	-0.0005625
7.97146e-007	-0.0005625
7.97646e-007	-0.000875
7.98146e-007	-0.0015
7.98646e-007	-0.0018125
7.99146e-007	-0.002125
7.99646e-007	-0.002125
8.00146e-007	-0.0030625
8.00646e-007	-0.003375
8.01146e-007	-0.0036875
8.01646e-007	-0.0036875
8.02146e-007	-0.003375
8.02646e-007	-0.0030625
8.03146e-007	-0.003375
8.03646e-007	-0.0030625
8.04146e-007	-0.0024375
8.04646e-007	-0.0018125
8.05146e-007	-0.0011875
8.05646e-007	-0.0011875
8.06146e-007	-0.0015
8.06646e-007	-0.000875
8.07146e-007	-0.00025
8.07646e-007	-0.00025
8.08146e-007	-0.000875
8.08646e-007	-0.0015
8.09146e-007	-0.002125
8.09646e-007	-0.0018125
8.10146e-007	-0.002125
8.10646e-007	-0.0030625
8.11146e-007	-0.004
8.11646e-007	-0.004
8.12146e-007	-0.0030625
8.12646e-007	-0.0030625
8.13146e-007	-0.003375
8.13646e-007	-0.003375
8.14146e-007	-0.002125
8.14646e-007	-0.0018125
8.15146e-007	-0.002125
8.15646e-007	-0.0011875
8.16146e-007	-0.0005625
8.16646e-007	-0.0005625
8.17146e-007	-0.0015
8.17646e-007	-0.0005625
8.18146e-007	-0.0005625
8.18646e-007	-0.000875
8.19146e-007	-0.0011875
8.19646e-007	-0.0018125
8.20146e-007	-0.0018125
8.20646e-007	-0.002125
8.21146e-007	-0.00275
8.21646e-007	-0.0024375
8.22146e-007	-0.0030625
8.22646e-007	-0.0036875
8.23146e-007	-0.0030625
8.23646e-007	-0.0024375
8.24146e-007	-0.0024375
8.24646e-007	-0.00275
8.25146e-007	-0.002125
8.25646e-007	-0.0018125
8.26146e-007	-0.0018125
8.26646e-007	-0.0011875
8.27146e-007	-0.0011875
8.27646e-007	-0.000875
8.28146e-007	-0.000875
8.28646e-007	-0.0011875
8.29146e-007	-0.0015
8.29646e-007	-0.000875
8.30146e-007	-0.0018125
8.30646e-007	-0.00275
8.31146e-007	-0.0024375
8.31646e-007	-0.0024375
8.32146e-007	-0.00275
8.32646e-007	-0.0024375
8.33146e-007	-0.0024375
8.33646e-007	-0.00275
8.34146e-007	-0.00275
8.34646e-007	-0.002125
8.35146e-007	-0.0018125
8.35646e-007	-0.0015
8.36146e-007	-0.0018125
8.36646e-007	-0.0018125
8.37146e-007	-0.0018125
8.37646e-007	-0.0011875
8.38146e-007	-0.000875
8.38646e-007	-0.000875
8.39146e-007	-0.000875
8.39646e-007	-0.0011875
8.40146e-007	-0.002125
8.40646e-007	-0.0024375
8.41146e-007	-0.0024375
8.41646e-007	-0.002125
8.42146e-007	-0.0030625
8.42646e-007	-0.0024375
8.43146e-007	-0.0024375
8.43646e-007	-0.0030625
8.44146e-007	-0.0024375
8.44646e-007	-0.002125
8.45146e-007	-0.0024375
8.45646e-007	-0.0018125
8.46146e-007	-0.0015
8.46646e-007	-0.0011875
8.47146e-007	-0.0015
8.47646e-007	-0.0011875
8.48146e-007	-0.0011875
8.48646e-007	-0.0011875
8.49146e-007	-0.0018125
8.49646e-007	-0.0011875
8.50146e-007	-0.002125
8.50646e-007	-0.0024375
8.51146e-007	-0.0018125
8.51646e-007	-0.0018125
8.52146e-007	-0.0024375
8.52646e-007	-0.00275
8.53146e-007	-0.0024375
8.53646e-007	-0.0018125
8.54146e-007	-0.0018125
8.54646e-007	-0.0018125
8.55146e-007	-0.0015
8.55646e-007	-0.0011875
8.56146e-007	-0.0015
8.56646e-007	-0.0018125
8.57146e-007	-0.0011875
8.57646e-007	-0.0011875
8.58146e-007	-0.0005625
8.58646e-007	-0.0005625
8.59146e-007	-0.0015
8.59646e-007	-0.0018125
8.60146e-007	-0.002125
8.60646e-007	-0.0015
8.61146e-007	-0.0018125
8.61646e-007	-0.002125
8.62146e-007	-0.0024375
8.62646e-007	-0.00275
8.63146e-007	-0.0024375
8.63646e-007	-0.0018125
8.64146e-007	-0.002125
8.64646e-007	-0.002125
8.65146e-007	-0.0015
8.65646e-007	-0.0015
8.66146e-007	-0.000875
8.66646e-007	-0.0005625
8.67146e-007	-0.000875
8.67646e-007	-0.0011875
8.68146e-007	-0.0015
8.68646e-007	-0.000875
8.69146e-007	-0.0015
8.69646e-007	-0.0011875
8.70146e-007	-0.0015
8.70646e-007	-0.002125
8.71146e-007	-0.0024375
8.71646e-007	-0.002125
8.72146e-007	-0.0024375
8.72646e-007	-0.00275
8.73146e-007	-0.0024375
8.73646e-007	-0.0024375
8.74146e-007	-0.00275
8.74646e-007	-0.0015
8.75146e-007	-0.0015
8.75646e-007	-0.0011875
8.76146e-007	-0.0005625
8.76646e-007	-0.000875
8.77146e-007	-0.0011875
8.77646e-007	-0.0011875
8.78146e-007	-0.000875
8.78646e-007	-0.0011875
8.79146e-007	-0.0018125
8.79646e-007	-0.0011875
8.80146e-007	-0.0015
8.80646e-007	-0.0011875
8.81146e-007	-0.002125
8.81646e-007	-0.0018125
8.82146e-007	-0.00275
8.82646e-007	-0.003375
8.83146e-007	-0.0030625
8.83646e-007	-0.0030625
8.84146e-007	-0.00275
8.84646e-007	-0.00275
8.85146e-007	-0.0018125
8.85646e-007	-0.0005625
8.86146e-007	-0.0011875
8.86646e-007	-0.000875
8.87146e-007	-0.0005625
8.87646e-007	-0.00025
8.88146e-007	-0.000875
8.88646e-007	-0.0005625
8.89146e-007	-0.0005625
8.89646e-007	-0.000875
8.90146e-007	-0.0015
8.90646e-007	-0.002125
8.91146e-007	-0.0024375
8.91646e-007	-0.002125
8.92146e-007	-0.0018125
8.92646e-007	-0.0030625
8.93146e-007	-0.003375
8.93646e-007	-0.00275
8.94146e-007	-0.002125
8.94646e-007	-0.002125
8.95146e-007	-0.002125
8.95646e-007	-0.000875
8.96146e-007	-0.0005625
8.96646e-007	-0.0005625
8.97146e-007	-0.00025
8.97646e-007	6.25e-005
8.98146e-007	-0.0011875
8.98646e-007	-0.000875
8.99146e-007	-0.0005625
8.99646e-007	-0.000875
9.00146e-007	-0.0015
9.00646e-007	-0.0011875
9.01146e-007	-0.0011875
9.01646e-007	-0.002125
9.02146e-007	-0.0024375
9.02646e-007	-0.002125
9.03146e-007	-0.002125
9.03646e-007	-0.0030625
9.04146e-007	-0.00275
9.04646e-007	-0.0018125
9.05146e-007	-0.002125
9.05646e-007	-0.002125
9.06146e-007	-0.0018125
9.06646e-007	-0.0011875
9.07146e-007	-0.00025
9.07646e-007	-0.0005625
9.08146e-007	-0.000875
9.08646e-007	-0.000875
9.09146e-007	-0.0011875
9.09646e-007	-0.0011875
9.10146e-007	-0.0018125
9.10646e-007	-0.0018125
9.11146e-007	-0.002125
9.11646e-007	-0.0018125
9.12146e-007	-0.002125
9.12646e-007	-0.0018125
9.13146e-007	-0.002125
9.13646e-007	-0.0024375
9.14146e-007	-0.00275
9.14646e-007	-0.0024375
9.15146e-007	-0.000875
9.15646e-007	-0.0015
9.16146e-007	-0.0015
9.16646e-007	-0.0011875
9.17146e-007	-0.000875
9.17646e-007	-0.0005625
9.18146e-007	-0.0005625
9.18646e-007	-0.00025
9.19146e-007	-0.0011875
9.19646e-007	-0.0018125
9.20146e-007	-0.0011875
9.20646e-007	-0.0011875
9.21146e-007	-0.000875
9.21646e-007	-0.0018125
9.22146e-007	-0.0018125
9.22646e-007	-0.002125
9.23146e-007	-0.0018125
9.23646e-007	-0.0011875
9.24146e-007	-0.0018125
9.24646e-007	-0.0018125
9.25146e-007	-0.0011875
9.25646e-007	-0.0011875
9.26146e-007	-0.0018125
9.26646e-007	-0.000875
9.27146e-007	-0.000875
9.27646e-007	-0.0005625
9.28146e-007	-0.0011875
9.28646e-007	-0.0005625
9.29146e-007	-0.0011875
9.29646e-007	-0.000875
9.30146e-007	-0.0011875
9.30646e-007	-0.0011875
9.31146e-007	-0.0018125
9.31646e-007	-0.002125
9.32146e-007	-0.002125
9.32646e-007	-0.0015
9.33146e-007	-0.0011875
9.33646e-007	-0.0018125
9.34146e-007	-0.0018125
9.34646e-007	-0.000875
9.35146e-007	-0.0011875
9.35646e-007	-0.0011875
9.36146e-007	-0.000875
9.36646e-007	-0.000875
9.37146e-007	-0.0015
9.37646e-007	-0.0018125
9.38146e-007	-0.0018125
9.38646e-007	-0.0005625
9.39146e-007	-0.000875
9.39646e-007	-0.0011875
9.40146e-007	-0.0024375
9.40646e-007	-0.00275
9.41146e-007	-0.0015
9.41646e-007	-0.0015
9.42146e-007	-0.0015
9.42646e-007	-0.0018125
9.43146e-007	-0.0011875
9.43646e-007	-0.0011875
9.44146e-007	-0.000875
9.44646e-007	-0.000875
9.45146e-007	-0.000875
9.45646e-007	-0.000875
9.46146e-007	-0.000875
9.46646e-007	-0.0011875
9.47146e-007	-0.0011875
9.47646e-007	-0.000875
9.48146e-007	-0.000875
9.48646e-007	-0.0005625
9.49146e-007	-0.0015
9.49646e-007	-0.0011875
9.50146e-007	-0.0015
9.50646e-007	-0.002125
9.51146e-007	-0.0024375
9.51646e-007	-0.0024375
9.52146e-007	-0.0011875
9.52646e-007	-0.0005625
9.53146e-007	-0.000875
9.53646e-007	-0.0011875
9.54146e-007	-0.0018125
9.54646e-007	-0.0018125
9.55146e-007	-0.0011875
9.55646e-007	-0.0005625
9.56146e-007	-0.0005625
9.56646e-007	-0.000875
9.57146e-007	-0.0011875
9.57646e-007	-0.000875
9.58146e-007	-0.000875
9.58646e-007	-0.0005625
9.59146e-007	-0.0011875
9.59646e-007	-0.0018125
9.60146e-007	-0.0015
9.60646e-007	-0.0011875
9.61146e-007	-0.0015
9.61646e-007	-0.0018125
9.62146e-007	-0.002125
9.62646e-007	-0.0011875
9.63146e-007	-0.000875
9.63646e-007	-0.000875
9.64146e-007	-0.0011875
9.64646e-007	-0.0015
9.65146e-007	-0.000875
9.65646e-007	-0.0011875
9.66146e-007	-0.0011875
9.66646e-007	-0.000875
9.67146e-007	-0.0011875
9.67646e-007	-0.000875
9.68146e-007	-0.0011875
9.68646e-007	-0.0011875
9.69146e-007	-0.0011875
9.69646e-007	-0.0005625
9.70146e-007	-0.0005625
9.70646e-007	-0.000875
9.71146e-007	-0.0011875
9.71646e-007	-0.0011875
9.72146e-007	-0.0011875
9.72646e-007	-0.000875
9.73146e-007	-0.0011875
9.73646e-007	-0.0011875
9.74146e-007	-0.0015
9.74646e-007	-0.0018125
9.75146e-007	-0.0018125
9.75646e-007	-0.0011875
9.76146e-007	-0.0011875
9.76646e-007	-0.0011875
9.77146e-007	-0.0015
9.77646e-007	-0.0015
9.78146e-007	-0.0018125
9.78646e-007	-0.000875
9.79146e-007	-0.0011875
9.79646e-007	-0.0015
9.80146e-007	-0.0005625
9.80646e-007	-0.00025
9.81146e-007	-0.00025
9.81646e-007	-0.0011875
9.82146e-007	-0.002125
9.82646e-007	-0.000875
9.83146e-007	-0.000875
9.83646e-007	-0.0015
9.84146e-007	-0.002125
9.84646e-007	-0.002125
9.85146e-007	-0.002125
9.85646e-007	-0.0018125
9.86146e-007	-0.0018125
9.86646e-007	-0.002125
9.87146e-007	-0.002125
9.87646e-007	-0.0024375
9.88146e-007	-0.0015
9.88646e-007	-0.0005625
9.89146e-007	-0.0005625
9.89646e-007	-0.0005625
9.90146e-007	-0.0005625
9.90646e-007	-0.0005625
9.91146e-007	-0.000875
9.91646e-007	-0.0005625
9.92146e-007	-0.00025
9.92646e-007	-0.00025
9.93146e-007	-0.00025
9.93646e-007	-0.000875
9.94146e-007	-0.0011875
9.94646e-007	-0.0015
9.95146e-007	-0.002125
9.95646e-007	-0.002125
9.96146e-007	-0.002125
9.96646e-007	-0.0024375
9.97146e-007	-0.00275
9.97646e-007	-0.0018125
9.98146e-007	-0.0018125
9.98646e-007	-0.0018125
9.99146e-007	-0.0011875
9.99646e-007	-0.000875
1.000146e-006	-0.0005625
1.000646e-006	-0.0005625
1.001146e-006	-0.000875
1.001646e-006	-0.00025
1.002146e-006	6.25e-005
1.002646e-006	6.25e-005
1.003146e-006	-0.0005625
1.003646e-006	-0.000875
1.004146e-006	-0.000875
1.004646e-006	-0.0011875
1.005146e-006	-0.002125
1.005646e-006	-0.0018125
1.006146e-006	-0.0024375
1.006646e-006	-0.003375
1.007146e-006	-0.003375
1.007646e-006	-0.002125
1.008146e-006	-0.0018125
1.008646e-006	-0.0015
1.009146e-006	-0.0018125
1.009646e-006	-0.0015
1.010146e-006	-0.0011875
1.010646e-006	-0.0005625
1.011146e-006	6.25e-005
1.011646e-006	-0.0005625
1.012146e-006	6.25e-005
1.012646e-006	6.25e-005
1.013146e-006	6.25e-005
1.013646e-006	-0.00025
1.014146e-006	-0.0011875
1.014646e-006	-0.0018125
1.015146e-006	-0.000875
1.015646e-006	-0.000875
1.016146e-006	-0.0024375
1.016646e-006	-0.00275
1.017146e-006	-0.002125
1.017646e-006	-0.002125
1.018146e-006	-0.0024375
1.018646e-006	-0.0024375
1.019146e-006	-0.0015
1.019646e-006	-0.000875
1.020146e-006	-0.0011875
1.020646e-006	-0.0015
1.021146e-006	-0.0005625
1.021646e-006	-0.000875
1.022146e-006	-0.0011875
1.022646e-006	0.000375
1.023146e-006	0.000375
1.023646e-006	0.000375
1.024146e-006	-0.0011875
1.024646e-006	-0.0011875
1.025146e-006	-0.0005625
1.025646e-006	-0.000875
1.026146e-006	-0.002125
1.026646e-006	-0.0018125
1.027146e-006	-0.0024375
1.027646e-006	-0.0024375
1.028146e-006	-0.002125
1.028646e-006	-0.0018125
1.029146e-006	-0.0018125
1.029646e-006	-0.0018125
1.030146e-006	-0.0018125
1.030646e-006	-0.0011875
1.031146e-006	-0.0005625
1.031646e-006	-0.00025
1.032146e-006	-0.000875
1.032646e-006	-0.0011875
1.033146e-006	-0.000875
1.033646e-006	6.25e-005
1.034146e-006	0.000375
1.034646e-006	-0.0005625
1.035146e-006	-0.000875
1.035646e-006	-0.000875
1.036146e-006	-0.0011875
1.036646e-006	-0.0015
1.037146e-006	-0.002125
1.037646e-006	-0.0011875
1.038146e-006	-0.0011875
1.038646e-006	-0.0015
1.039146e-006	-0.0024375
1.039646e-006	-0.0024375
1.040146e-006	-0.002125
1.040646e-006	-0.002125
1.041146e-006	-0.0011875
1.041646e-006	-0.0005625
1.042146e-006	-0.0011875
1.042646e-006	-0.000875
1.043146e-006	-0.0005625
1.043646e-006	6.25e-005
1.044146e-006	6.25e-005
1.044646e-006	6.25e-005
1.045146e-006	-0.0005625
1.045646e-006	-0.0005625
1.046146e-006	6.25e-005
1.046646e-006	-0.000875
1.047146e-006	-0.0011875
1.047646e-006	-0.0011875
1.048146e-006	-0.0011875
1.048646e-006	-0.0011875
1.049146e-006	-0.0018125
1.049646e-006	-0.0018125
1.050146e-006	-0.0018125
1.050646e-006	-0.0011875
1.051146e-006	-0.0015
1.051646e-006	-0.0018125
1.052146e-006	-0.002125
1.052646e-006	-0.0015
1.053146e-006	-0.000875
1.053646e-006	-0.00025
1.054146e-006	-0.0005625
1.054646e-006	-0.0005625
1.055146e-006	-0.000875
1.055646e-006	-0.00025
1.056146e-006	6.25e-005
1.056646e-006	-0.0005625
1.057146e-006	-0.0005625
1.057646e-006	-0.0005625
1.058146e-006	-0.0011875
1.058646e-006	-0.0011875
1.059146e-006	-0.0018125
1.059646e-006	-0.0018125
1.060146e-006	-0.000875
1.060646e-006	-0.000875
1.061146e-006	-0.0011875
1.061646e-006	-0.0011875
1.062146e-006	-0.0018125
1.062646e-006	-0.000875
1.063146e-006	-0.000875
1.063646e-006	-0.0005625
1.064146e-006	-0.0015
1.064646e-006	-0.000875
1.065146e-006	-0.00025
1.065646e-006	6.25e-005
1.066146e-006	-0.00025
1.066646e-006	-0.0005625
1.067146e-006	-0.00025
1.067646e-006	-0.0005625
1.068146e-006	-0.00025
1.068646e-006	-0.000875
1.069146e-006	-0.0018125
1.069646e-006	-0.0011875
1.070146e-006	-0.0011875
1.070646e-006	-0.0018125
1.071146e-006	-0.0015
1.071646e-006	-0.0015
1.072146e-006	-0.0018125
1.072646e-006	-0.0011875
1.073146e-006	-0.0011875
1.073646e-006	-0.0005625
1.074146e-006	-0.0011875
1.074646e-006	-0.000875
1.075146e-006	-0.000875
1.075646e-006	-0.0005625
1.076146e-006	-0.00025
1.076646e-006	-0.000875
1.077146e-006	-0.0011875
1.077646e-006	-0.0011875
1.078146e-006	-0.0011875
1.078646e-006	-0.000875
1.079146e-006	-0.0015
1.079646e-006	-0.0018125
1.080146e-006	-0.0015
1.080646e-006	-0.000875
1.081146e-006	-0.0011875
1.081646e-006	-0.0011875
1.082146e-006	-0.0011875
1.082646e-006	-0.0011875
1.083146e-006	-0.0011875
1.083646e-006	-0.0011875
1.084146e-006	-0.0015
1.084646e-006	-0.0011875
1.085146e-006	-0.0005625
1.085646e-006	-0.000875
1.086146e-006	-0.000875
1.086646e-006	-0.000875
1.087146e-006	-0.0005625
1.087646e-006	-0.0005625
1.088146e-006	-0.0011875
1.088646e-006	-0.0011875
1.089146e-006	-0.0011875
1.089646e-006	-0.0015
1.090146e-006	-0.0018125
1.090646e-006	-0.0011875
1.091146e-006	-0.000875
1.091646e-006	-0.00025
1.092146e-006	-0.0005625
1.092646e-006	-0.0005625
1.093146e-006	-0.000875
1.093646e-006	-0.0005625
1.094146e-006	-0.000875
1.094646e-006	-0.00025
1.095146e-006	-0.0011875
1.095646e-006	-0.000875
1.096146e-006	-0.0005625
1.096646e-006	-0.0005625
1.097146e-006	-0.000875
1.097646e-006	-0.000875
1.098146e-006	-0.0015
1.098646e-006	-0.0011875
1.099146e-006	-0.0015
1.099646e-006	-0.0015
1.100146e-006	-0.0018125
1.100646e-006	-0.0015
1.101146e-006	-0.0005625
1.101646e-006	-0.0005625
1.102146e-006	-0.0005625
1.102646e-006	-0.00025
1.103146e-006	-0.0005625
1.103646e-006	6.25e-005
1.104146e-006	-0.00025
1.104646e-006	-0.0005625
1.105146e-006	-0.0005625
1.105646e-006	-0.00025
1.106146e-006	-0.0005625
1.106646e-006	-0.0005625
1.107146e-006	-0.0015
1.107646e-006	-0.0015
1.108146e-006	-0.0015
1.108646e-006	-0.002125
1.109146e-006	-0.0024375
1.109646e-006	-0.0018125
1.110146e-006	-0.0015
1.110646e-006	-0.0015
1.111146e-006	-0.0005625
1.111646e-006	-0.00025
1.112146e-006	-0.0005625
1.112646e-006	6.25e-005
1.113146e-006	-0.00025
1.113646e-006	6.25e-005
1.114146e-006	6.25e-005
1.114646e-006	6.25e-005
1.115146e-006	-0.0005625
1.115646e-006	-0.0005625
1.116146e-006	-0.00025
1.116646e-006	-0.0011875
1.117146e-006	-0.0018125
1.117646e-006	-0.0011875
1.118146e-006	-0.0015
1.118646e-006	-0.0018125
1.119146e-006	-0.0015
1.119646e-006	-0.002125
1.120146e-006	-0.002125
1.120646e-006	-0.0018125
1.121146e-006	-0.0018125
1.121646e-006	-0.0011875
1.122146e-006	-0.0011875
1.122646e-006	-0.0005625
1.123146e-006	-0.00025
1.123646e-006	-0.0005625
1.124146e-006	-0.0005625
1.124646e-006	-0.00025
1.125146e-006	6.25e-005
1.125646e-006	6.25e-005
1.126146e-006	-0.0005625
1.126646e-006	-0.000875
1.127146e-006	-0.0011875
1.127646e-006	-0.0018125
1.128146e-006	-0.0018125
1.128646e-006	-0.0015
1.129146e-006	-0.0018125
1.129646e-006	-0.0011875
1.130146e-006	-0.0018125
1.130646e-006	-0.002125
1.131146e-006	-0.0015
1.131646e-006	-0.0011875
1.132146e-006	-0.0011875
1.132646e-006	-0.0005625
1.133146e-006	-0.00025
1.133646e-006	-0.00025
1.134146e-006	-0.00025
1.134646e-006	-0.00025
1.135146e-006	-0.0005625
1.135646e-006	-0.000875
1.136146e-006	-0.000875
1.136646e-006	-0.0005625
1.137146e-006	-0.000875
1.137646e-006	-0.000875
1.138146e-006	-0.0011875
1.138646e-006	-0.0011875
1.139146e-006	-0.0018125
1.139646e-006	-0.0011875
1.140146e-006	-0.0011875
1.140646e-006	-0.0018125
1.141146e-006	-0.0018125
1.141646e-006	-0.00025
1.142146e-006	-0.000875
1.142646e-006	-0.0015
1.143146e-006	-0.0005625
1.143646e-006	-0.0005625
1.144146e-006	-0.000875
1.144646e-006	-0.000875
1.145146e-006	-0.0005625
1.145646e-006	-0.00025
1.146146e-006	-0.0005625
1.146646e-006	-0.000875
1.147146e-006	-0.0015
1.147646e-006	-0.0005625
1.148146e-006	-0.00025
1.148646e-006	-0.000875
1.149146e-006	-0.000875
1.149646e-006	-0.0011875
1.150146e-006	-0.0011875
1.150646e-006	-0.0005625
1.151146e-006	-0.0015
1.151646e-006	-0.0015
1.152146e-006	-0.000875
1.152646e-006	-0.0005625
1.153146e-006	-0.000875
1.153646e-006	-0.0005625
1.154146e-006	-0.0011875
1.154646e-006	-0.0018125
1.155146e-006	-0.0005625
1.155646e-006	-0.0005625
1.156146e-006	-0.0011875
1.156646e-006	-0.000875
1.157146e-006	-0.0011875
1.157646e-006	-0.0011875
1.158146e-006	-0.0005625
1.158646e-006	6.25e-005
1.159146e-006	6.25e-005
1.159646e-006	-0.00025
1.160146e-006	-0.000875
1.160646e-006	-0.000875
1.161146e-006	-0.000875
1.161646e-006	-0.00025
1.162146e-006	-0.000875
1.162646e-006	-0.0011875
1.163146e-006	-0.000875
1.163646e-006	-0.0011875
1.164146e-006	-0.000875
1.164646e-006	-0.0011875
1.165146e-006	-0.0015
1.165646e-006	-0.000875
1.166146e-006	-0.0011875
1.166646e-006	-0.0011875
1.167146e-006	-0.0015
1.167646e-006	-0.0011875
1.168146e-006	-0.000875
1.168646e-006	-0.00025
1.169146e-006	6.25e-005
1.169646e-006	-0.0005625
1.170146e-006	6.25e-005
1.170646e-006	0.000375
1.171146e-006	0.0006875
1.171646e-006	6.25e-005
1.172146e-006	-0.00025
1.172646e-006	-0.0005625
1.173146e-006	-0.000875
1.173646e-006	-0.000875
1.174146e-006	-0.0011875
1.174646e-006	-0.0011875
1.175146e-006	-0.0018125
1.175646e-006	-0.0018125
1.176146e-006	-0.0015
1.176646e-006	-0.0018125
1.177146e-006	-0.0024375
1.177646e-006	-0.0015
1.178146e-006	-0.000875
1.178646e-006	-0.0005625
1.179146e-006	-0.0005625
1.179646e-006	6.25e-005
1.180146e-006	6.25e-005
1.180646e-006	0.000375
1.181146e-006	6.25e-005
1.181646e-006	-0.00025
1.182146e-006	0.000375
1.182646e-006	0.0006875
1.183146e-006	-0.00025
1.183646e-006	-0.0011875
1.184146e-006	-0.0015
1.184646e-006	-0.0011875
1.185146e-006	-0.0015
1.185646e-006	-0.0024375
1.186146e-006	-0.0018125
1.186646e-006	-0.0018125
1.187146e-006	-0.0018125
1.187646e-006	-0.0018125
1.188146e-006	-0.0015
1.188646e-006	-0.0005625
1.189146e-006	-0.0005625
1.189646e-006	6.25e-005
1.190146e-006	6.25e-005
1.190646e-006	-0.00025
1.191146e-006	0.001
1.191646e-006	0.001
1.192146e-006	0.000375
1.192646e-006	6.25e-005
1.193146e-006	6.25e-005
1.193646e-006	0.000375
1.194146e-006	-0.0005625
1.194646e-006	-0.000875
1.195146e-006	-0.0015
1.195646e-006	-0.0018125
1.196146e-006	-0.0015
1.196646e-006	-0.0024375
1.197146e-006	-0.0030625
1.197646e-006	-0.0024375
1.198146e-006	-0.002125
1.198646e-006	-0.0011875
1.199146e-006	-0.0011875
1.199646e-006	6.25e-005
1.200146e-006	0.000375
1.200646e-006	0.0006875
1.201146e-006	0.001
1.201646e-006	0.0013125
1.202146e-006	0.0006875
1.202646e-006	6.25e-005
1.203146e-006	6.25e-005
1.203646e-006	0.0006875
1.204146e-006	-0.00025
1.204646e-006	-0.000875
1.205146e-006	-0.0015
1.205646e-006	-0.0018125
1.206146e-006	-0.0018125
1.206646e-006	-0.0018125
1.207146e-006	-0.0018125
1.207646e-006	-0.002125
1.208146e-006	-0.002125
1.208646e-006	-0.000875
1.209146e-006	-0.0005625
1.209646e-006	-0.0005625
1.210146e-006	-0.0005625
1.210646e-006	6.25e-005
1.211146e-006	0.0006875
1.211646e-006	6.25e-005
1.212146e-006	0.001
1.212646e-006	0.001
1.213146e-006	6.25e-005
1.213646e-006	-0.0005625
1.214146e-006	-0.000875
1.214646e-006	-0.0015
1.215146e-006	-0.0015
1.215646e-006	-0.0015
1.216146e-006	-0.0018125
1.216646e-006	-0.0018125
1.217146e-006	-0.0011875
1.217646e-006	-0.0018125
1.218146e-006	-0.002125
1.218646e-006	-0.0018125
1.219146e-006	-0.0018125
1.219646e-006	-0.0005625
1.220146e-006	-0.0005625
1.220646e-006	6.25e-005
1.221146e-006	0.0013125
1.221646e-006	6.25e-005
1.222146e-006	0.000375
1.222646e-006	0.0006875
1.223146e-006	6.25e-005
1.223646e-006	-0.0005625
1.224146e-006	-0.0005625
1.224646e-006	-0.00025
1.225146e-006	-0.0011875
1.225646e-006	-0.0011875
1.226146e-006	-0.0011875
1.226646e-006	-0.0015
1.227146e-006	-0.0015
1.227646e-006	-0.0015
1.228146e-006	-0.0024375
1.228646e-006	-0.0011875
1.229146e-006	-0.0005625
1.229646e-006	-0.000875
1.230146e-006	-0.00025
1.230646e-006	6.25e-005
1.231146e-006	0.000375
1.231646e-006	-0.00025
1.232146e-006	-0.00025
1.232646e-006	0.000375
1.233146e-006	6.25e-005
1.233646e-006	-0.0005625
1.234146e-006	-0.0005625
1.234646e-006	-0.0011875
1.235146e-006	-0.0011875
1.235646e-006	-0.000875
1.236146e-006	-0.000875
1.236646e-006	-0.0018125
1.237146e-006	-0.0018125
1.237646e-006	-0.0018125
1.238146e-006	-0.0018125
1.238646e-006	-0.0005625
1.239146e-006	-0.000875
1.239646e-006	-0.00025
1.240146e-006	0.000375
1.240646e-006	0.0006875
1.241146e-006	0.001
1.241646e-006	6.25e-005
1.242146e-006	6.25e-005
1.242646e-006	0.0006875
1.243146e-006	-0.0005625
1.243646e-006	-0.0005625
1.244146e-006	-0.0011875
1.244646e-006	-0.000875
1.245146e-006	-0.0005625
1.245646e-006	-0.0005625
1.246146e-006	-0.0015
1.246646e-006	-0.0018125
1.247146e-006	-0.0011875
1.247646e-006	-0.0005625
1.248146e-006	-0.0011875
1.248646e-006	-0.0005625
1.249146e-006	6.25e-005
1.249646e-006	0.000375
1.250146e-006	0.001
1.250646e-006	0.0006875
1.251146e-006	0.000375
1.251646e-006	0.000375
1.252146e-006	6.25e-005
1.252646e-006	-0.00025
1.253146e-006	6.25e-005
1.253646e-006	-0.0005625
1.254146e-006	-0.0011875
1.254646e-006	-0.0011875
1.255146e-006	-0.0015
1.255646e-006	-0.002125
1.256146e-006	-0.002125
1.256646e-006	-0.0011875
1.257146e-006	-0.0011875
1.257646e-006	-0.0011875
1.258146e-006	-0.0011875
1.258646e-006	-0.00025
1.259146e-006	0.001
1.259646e-006	-0.00025
1.260146e-006	6.25e-005
1.260646e-006	6.25e-005
1.261146e-006	0.0006875
1.261646e-006	6.25e-005
1.262146e-006	-0.00025
1.262646e-006	0.0006875
1.263146e-006	-0.0011875
1.263646e-006	-0.0011875
1.264146e-006	-0.000875
1.264646e-006	-0.0018125
1.265146e-006	-0.0018125
1.265646e-006	-0.002125
1.266146e-006	-0.0024375
1.266646e-006	-0.002125
1.267146e-006	-0.0018125
1.267646e-006	-0.00025
1.268146e-006	-0.0011875
1.268646e-006	-0.000875
1.269146e-006	-0.0005625
1.269646e-006	6.25e-005
1.270146e-006	0.001
1.270646e-006	6.25e-005
1.271146e-006	0.000375
1.271646e-006	0.0006875
1.272146e-006	-0.00025
1.272646e-006	-0.00025
1.273146e-006	-0.0005625
1.273646e-006	6.25e-005
1.274146e-006	-0.000875
1.274646e-006	-0.002125
1.275146e-006	-0.0018125
1.275646e-006	-0.0018125
1.276146e-006	-0.0018125
1.276646e-006	-0.0015
1.277146e-006	-0.000875
1.277646e-006	-0.0005625
1.278146e-006	-0.0005625
1.278646e-006	-0.00025
1.279146e-006	6.25e-005
1.279646e-006	6.25e-005
1.280146e-006	0.0006875
1.280646e-006	0.000375
1.281146e-006	0.000375
1.281646e-006	6.25e-005
1.282146e-006	-0.00025
1.282646e-006	6.25e-005
1.283146e-006	6.25e-005
1.283646e-006	-0.00025
1.284146e-006	-0.000875
1.284646e-006	-0.0011875
1.285146e-006	-0.0005625
1.285646e-006	-0.0011875
1.286146e-006	-0.0011875
1.286646e-006	-0.00025
1.287146e-006	-0.0005625
1.287646e-006	-0.0005625
1.288146e-006	-0.0015
1.288646e-006	-0.000875
1.289146e-006	6.25e-005
1.289646e-006	6.25e-005
1.290146e-006	-0.00025
1.290646e-006	-0.0005625
1.291146e-006	-0.00025
1.291646e-006	6.25e-005
1.292146e-006	-0.0011875
1.292646e-006	-0.0011875
1.293146e-006	-0.0005625
1.293646e-006	6.25e-005
1.294146e-006	-0.000875
1.294646e-006	-0.0005625
1.295146e-006	-0.0011875
1.295646e-006	-0.0011875
1.296146e-006	-0.000875
1.296646e-006	-0.0005625
1.297146e-006	-0.000875
1.297646e-006	-0.000875
1.298146e-006	6.25e-005
1.298646e-006	-0.00025
1.299146e-006	-0.0005625
1.299646e-006	-0.0005625
1.300146e-006	-0.000875
1.300646e-006	-0.0005625
1.301146e-006	-0.0005625
1.301646e-006	-0.00025
1.302146e-006	-0.00025
1.302646e-006	6.25e-005
1.303146e-006	-0.0005625
1.303646e-006	-0.00025
1.304146e-006	-0.00025
1.304646e-006	-0.0005625
1.305146e-006	-0.000875
1.305646e-006	-0.000875
1.306146e-006	-0.0011875
1.306646e-006	-0.00025
1.307146e-006	6.25e-005
1.307646e-006	-0.00025
1.308146e-006	-0.0005625
1.308646e-006	-0.0005625
1.309146e-006	-0.0005625
1.309646e-006	-0.00025
1.310146e-006	-0.0005625
1.310646e-006	-0.000875
1.311146e-006	-0.0011875
1.311646e-006	-0.0005625
1.312146e-006	-0.0011875
1.312646e-006	-0.0011875
1.313146e-006	6.25e-005
1.313646e-006	0.000375
1.314146e-006	-0.00025
1.314646e-006	-0.0005625
1.315146e-006	-0.00025
1.315646e-006	6.25e-005
1.316146e-006	-0.0005625
1.316646e-006	6.25e-005
1.317146e-006	6.25e-005
1.317646e-006	-0.000875
1.318146e-006	-0.0011875
1.318646e-006	-0.0005625
1.319146e-006	6.25e-005
1.319646e-006	-0.000875
1.320146e-006	-0.0011875
1.320646e-006	-0.00025
1.321146e-006	-0.000875
1.321646e-006	-0.000875
1.322146e-006	-0.0005625
1.322646e-006	-0.0005625
1.323146e-006	-0.000875
1.323646e-006	-0.000875
1.324146e-006	-0.00025
1.324646e-006	6.25e-005
1.325146e-006	6.25e-005
1.325646e-006	-0.00025
1.326146e-006	-0.0005625
1.326646e-006	0.000375
1.327146e-006	-0.0005625
1.327646e-006	-0.000875
1.328146e-006	-0.0005625
1.328646e-006	-0.0005625
1.329146e-006	-0.000875
1.329646e-006	-0.000875
1.330146e-006	-0.00025
1.330646e-006	-0.000875
1.331146e-006	-0.0011875
1.331646e-006	-0.0005625
1.332146e-006	-0.00025
1.332646e-006	-0.00025
1.333146e-006	-0.0005625
1.333646e-006	6.25e-005
1.334146e-006	6.25e-005
1.334646e-006	6.25e-005
1.335146e-006	6.25e-005
1.335646e-006	6.25e-005
1.336146e-006	6.25e-005
1.336646e-006	-0.0005625
1.337146e-006	-0.0005625
1.337646e-006	-0.000875
1.338146e-006	-0.000875
1.338646e-006	-0.000875
1.339146e-006	-0.0015
1.339646e-006	-0.000875
1.340146e-006	-0.000875
1.340646e-006	-0.0011875
1.341146e-006	-0.0005625
1.341646e-006	-0.0005625
1.342146e-006	6.25e-005
1.342646e-006	0.0006875
1.343146e-006	6.25e-005
1.343646e-006	0.000375
1.344146e-006	6.25e-005
1.344646e-006	6.25e-005
1.345146e-006	6.25e-005
1.345646e-006	-0.0005625
1.346146e-006	-0.0005625
1.346646e-006	-0.000875
1.347146e-006	-0.0011875
1.347646e-006	-0.0011875
1.348146e-006	-0.0011875
1.348646e-006	-0.0011875
1.349146e-006	-0.0018125
1.349646e-006	-0.0011875
1.350146e-006	-0.000875
1.350646e-006	-0.0005625
1.351146e-006	-0.00025
1.351646e-006	-0.00025
1.352146e-006	0.000375
1.352646e-006	0.0006875
1.353146e-006	0.000375
1.353646e-006	6.25e-005
1.354146e-006	-0.0005625
1.354646e-006	0.000375
1.355146e-006	0.000375
1.355646e-006	-0.00025
1.356146e-006	-0.000875
1.356646e-006	-0.0011875
1.357146e-006	-0.0011875
1.357646e-006	-0.000875
1.358146e-006	-0.0018125
1.358646e-006	-0.002125
1.359146e-006	-0.000875
1.359646e-006	-0.00025
1.360146e-006	-0.0011875
1.360646e-006	-0.000875
1.361146e-006	-0.00025
1.361646e-006	0.000375
1.362146e-006	0.0006875
1.362646e-006	0.001
1.363146e-006	0.000375
1.363646e-006	0.000375
1.364146e-006	0.001
1.364646e-006	0.0006875
1.365146e-006	6.25e-005
1.365646e-006	-0.000875
1.366146e-006	-0.0005625
1.366646e-006	-0.00025
1.367146e-006	-0.0011875
1.367646e-006	-0.002125
1.368146e-006	-0.0018125
1.368646e-006	-0.0015
1.369146e-006	-0.0015
1.369646e-006	-0.0011875
1.370146e-006	6.25e-005
1.370646e-006	0.000375
1.371146e-006	-0.00025
1.371646e-006	0.000375
1.372146e-006	0.0013125
1.372646e-006	0.001
1.373146e-006	0.000375
1.373646e-006	0.0006875
1.374146e-006	0.000375
1.374646e-006	6.25e-005
1.375146e-006	6.25e-005
1.375646e-006	-0.000875
1.376146e-006	-0.000875
1.376646e-006	-0.0011875
1.377146e-006	-0.002125
1.377646e-006	-0.0015
1.378146e-006	-0.0015
1.378646e-006	-0.0011875
1.379146e-006	-0.000875
1.379646e-006	-0.0011875
1.380146e-006	-0.0011875
1.380646e-006	6.25e-005
1.381146e-006	0.001
1.381646e-006	0.001
1.382146e-006	0.001
1.382646e-006	6.25e-005
1.383146e-006	-0.00025
1.383646e-006	0.0006875
1.384146e-006	-0.00025
1.384646e-006	-0.000875
1.385146e-006	6.25e-005
1.385646e-006	-0.0005625
1.386146e-006	-0.0011875
1.386646e-006	-0.0011875
1.387146e-006	-0.0011875
1.387646e-006	-0.000875
1.388146e-006	-0.0015
1.388646e-006	-0.000875
1.389146e-006	-0.000875
1.389646e-006	-0.0005625
1.390146e-006	0.0006875
1.390646e-006	0.000375
1.391146e-006	6.25e-005
1.391646e-006	0.000375
1.392146e-006	6.25e-005
1.392646e-006	0.000375
1.393146e-006	-0.00025
1.393646e-006	-0.00025
1.394146e-006	-0.0005625
1.394646e-006	-0.000875
1.395146e-006	-0.0011875
1.395646e-006	-0.0018125
1.396146e-006	-0.000875
1.396646e-006	-0.0005625
1.397146e-006	-0.0015
1.397646e-006	-0.000875
1.398146e-006	-0.0015
1.398646e-006	-0.000875
1.399146e-006	0.000375
1.399646e-006	6.25e-005
1.400146e-006	-0.00025
1.400646e-006	-0.0005625
1.401146e-006	6.25e-005
1.401646e-006	0.0006875
1.402146e-006	0.000375
1.402646e-006	0.0006875
1.403146e-006	-0.00025
1.403646e-006	-0.0005625
1.404146e-006	-0.0005625
1.404646e-006	-0.0015
1.405146e-006	-0.000875
1.405646e-006	-0.0011875
1.406146e-006	-0.0018125
1.406646e-006	-0.000875
1.407146e-006	-0.0011875
1.407646e-006	-0.0015
1.408146e-006	-0.000875
1.408646e-006	-0.0005625
1.409146e-006	6.25e-005
1.409646e-006	0.000375
1.410146e-006	0.0013125
1.410646e-006	0.000375
1.411146e-006	0.0006875
1.411646e-006	0.0006875
1.412146e-006	6.25e-005
1.412646e-006	0.000375
1.413146e-006	-0.0005625
1.413646e-006	-0.000875
1.414146e-006	-0.0011875
1.414646e-006	-0.0015
1.415146e-006	-0.0011875
1.415646e-006	-0.0011875
1.416146e-006	-0.0018125
1.416646e-006	-0.0011875
1.417146e-006	-0.0015
1.417646e-006	-0.0015
1.418146e-006	-0.0011875
1.418646e-006	-0.0005625
1.419146e-006	-0.00025
1.419646e-006	-0.0005625
1.420146e-006	-0.0005625
1.420646e-006	0.0006875
1.421146e-006	0.0013125
1.421646e-006	0.000375
1.422146e-006	-0.0005625
1.422646e-006	-0.000875
1.423146e-006	-0.000875
1.423646e-006	-0.000875
1.424146e-006	-0.0011875
1.424646e-006	-0.0018125
1.425146e-006	-0.0011875
1.425646e-006	-0.0015
1.426146e-006	-0.0018125
1.426646e-006	-0.000875
1.427146e-006	-0.0011875
1.427646e-006	-0.0011875
1.428146e-006	-0.0011875
1.428646e-006	-0.000875
1.429146e-006	-0.00025
1.429646e-006	-0.0005625
1.430146e-006	0.0006875
1.430646e-006	6.25e-005
1.431146e-006	-0.0005625
1.431646e-006	0.000375
1.432146e-006	6.25e-005
1.432646e-006	6.25e-005
1.433146e-006	-0.00025
1.433646e-006	-0.000875
1.434146e-006	-0.000875
1.434646e-006	-0.000875
1.435146e-006	-0.0005625
1.435646e-006	-0.000875
1.436146e-006	-0.0011875
1.436646e-006	-0.0005625
1.437146e-006	-0.000875
1.437646e-006	-0.000875
1.438146e-006	-0.000875
1.438646e-006	-0.0005625
1.439146e-006	-0.0011875
1.439646e-006	-0.0011875
1.440146e-006	-0.0005625
1.440646e-006	-0.000875
1.441146e-006	-0.000875
1.441646e-006	6.25e-005
1.442146e-006	-0.0005625
1.442646e-006	-0.0005625
1.443146e-006	0.000375
1.443646e-006	-0.0005625
1.444146e-006	-0.0005625
1.444646e-006	-0.0005625
1.445146e-006	-0.000875
1.445646e-006	-0.0005625
1.446146e-006	-0.000875
1.446646e-006	-0.000875
1.447146e-006	-0.0011875
1.447646e-006	-0.0005625
1.448146e-006	-0.00025
1.448646e-006	-0.0005625
1.449146e-006	-0.000875
1.449646e-006	-0.0015
1.450146e-006	-0.000875
1.450646e-006	-0.0005625
1.451146e-006	-0.0011875
1.451646e-006	-0.0011875
1.452146e-006	-0.0005625
1.452646e-006	-0.0005625
1.453146e-006	-0.0005625
1.453646e-006	-0.00025
1.454146e-006	0.000375
1.454646e-006	-0.00025
1.455146e-006	0.000375
1.455646e-006	0.000375
1.456146e-006	6.25e-005
1.456646e-006	6.25e-005
1.457146e-006	-0.000875
1.457646e-006	-0.0005625
1.458146e-006	-0.0005625
1.458646e-006	-0.000875
1.459146e-006	-0.0005625
1.459646e-006	-0.0011875
1.460146e-006	-0.0015
1.460646e-006	-0.0015
1.461146e-006	-0.002125
1.461646e-006	-0.0011875
1.462146e-006	-0.0011875
1.462646e-006	-0.000875
1.463146e-006	6.25e-005
1.463646e-006	6.25e-005
1.464146e-006	6.25e-005
1.464646e-006	6.25e-005
1.465146e-006	6.25e-005
1.465646e-006	0.000375
1.466146e-006	-0.0005625
1.466646e-006	6.25e-005
1.467146e-006	6.25e-005
1.467646e-006	6.25e-005
1.468146e-006	-0.00025
1.468646e-006	-0.000875
1.469146e-006	-0.0011875
1.469646e-006	-0.0018125
1.470146e-006	-0.002125
1.470646e-006	-0.0018125
1.471146e-006	-0.002125
1.471646e-006	-0.0018125
1.472146e-006	-0.0011875
1.472646e-006	-0.000875
1.473146e-006	-0.00025
1.473646e-006	6.25e-005
1.474146e-006	6.25e-005
1.474646e-006	0.000375
1.475146e-006	0.0006875
1.475646e-006	0.0013125
1.476146e-006	0.001
1.476646e-006	0.000375
1.477146e-006	0.0006875
1.477646e-006	6.25e-005
1.478146e-006	-0.0011875
1.478646e-006	-0.0015
1.479146e-006	-0.0011875
1.479646e-006	-0.000875
1.480146e-006	-0.0018125
1.480646e-006	-0.0024375
1.481146e-006	-0.002125
1.481646e-006	-0.0024375
1.482146e-006	-0.0011875
1.482646e-006	-0.0005625
1.483146e-006	-0.00025
1.483646e-006	6.25e-005
1.484146e-006	0.001
1.484646e-006	0.0006875
1.485146e-006	0.000375
1.485646e-006	0.001
1.486146e-006	0.001
1.486646e-006	0.0006875
1.487146e-006	0.000375
1.487646e-006	-0.00025
1.488146e-006	-0.000875
1.488646e-006	-0.0005625
1.489146e-006	-0.0011875
1.489646e-006	-0.0018125
1.490146e-006	-0.002125
1.490646e-006	-0.0018125
1.491146e-006	-0.0018125
1.491646e-006	-0.0011875
1.492146e-006	-0.000875
1.492646e-006	-0.0011875
1.493146e-006	-0.0011875
1.493646e-006	-0.00025
1.494146e-006	0.001
1.494646e-006	0.001
1.495146e-006	0.001
1.495646e-006	0.0013125
1.496146e-006	0.0006875
1.496646e-006	0.000375
1.497146e-006	6.25e-005
1.497646e-006	-0.000875
1.498146e-006	-0.0015
1.498646e-006	-0.000875
1.499146e-006	-0.0005625
1.499646e-006	-0.0015
1.500146e-006	-0.002125
1.500646e-006	-0.0018125
1.501146e-006	-0.0011875
1.501646e-006	-0.0015
1.502146e-006	-0.0015
1.502646e-006	-0.00025
1.503146e-006	6.25e-005
1.503646e-006	6.25e-005
1.504146e-006	0.000375
1.504646e-006	0.001625
1.505146e-006	0.001
1.505646e-006	0.0006875
1.506146e-006	0.001
1.506646e-006	6.25e-005
1.507146e-006	-0.00025
1.507646e-006	-0.0005625
1.508146e-006	-0.0011875
1.508646e-006	-0.000875
1.509146e-006	-0.0018125
1.509646e-006	-0.0015
1.510146e-006	-0.000875
1.510646e-006	-0.000875
1.511146e-006	-0.000875
1.511646e-006	-0.000875
1.512146e-006	-0.00025
1.512646e-006	-0.00025
1.513146e-006	-0.0005625
1.513646e-006	6.25e-005
1.514146e-006	0.000375
1.514646e-006	0.0013125
1.515146e-006	0.001
1.515646e-006	0.0006875
1.516146e-006	0.0006875
1.516646e-006	6.25e-005
1.517146e-006	-0.000875
1.517646e-006	-0.0005625
1.518146e-006	-0.000875
1.518646e-006	-0.000875
1.519146e-006	-0.000875
1.519646e-006	-0.0011875
1.520146e-006	-0.0015
1.520646e-006	-0.0018125
1.521146e-006	-0.0011875
1.521646e-006	-0.00025
1.522146e-006	-0.00025
1.522646e-006	-0.0005625
1.523146e-006	6.25e-005
1.523646e-006	0.0013125
1.524146e-006	0.001
1.524646e-006	0.000375
1.525146e-006	0.0006875
1.525646e-006	0.001
1.526146e-006	0.0006875
1.526646e-006	-0.0005625
1.527146e-006	-0.0005625
1.527646e-006	-0.00025
1.528146e-006	-0.000875
1.528646e-006	-0.0015
1.529146e-006	-0.0018125
1.529646e-006	-0.0018125
1.530146e-006	-0.000875
1.530646e-006	-0.0005625
1.531146e-006	-0.0005625
1.531646e-006	-0.00025
1.532146e-006	-0.00025
1.532646e-006	-0.0005625
1.533146e-006	-0.000875
1.533646e-006	0.000375
1.534146e-006	0.0006875
1.534646e-006	0.0006875
1.535146e-006	0.0006875
1.535646e-006	0.000375
1.536146e-006	6.25e-005
1.536646e-006	6.25e-005
1.537146e-006	-0.00025
1.537646e-006	-0.00025
1.538146e-006	-0.0011875
1.538646e-006	-0.0011875
1.539146e-006	-0.000875
1.539646e-006	-0.0015
1.540146e-006	-0.0018125
1.540646e-006	-0.0011875
1.541146e-006	-0.0011875
1.541646e-006	-0.0005625
1.542146e-006	-0.0005625
1.542646e-006	6.25e-005
1.543146e-006	0.000375
1.543646e-006	6.25e-005
1.544146e-006	0.0006875
1.544646e-006	0.000375
1.545146e-006	0.0013125
1.545646e-006	0.0013125
1.546146e-006	0.000375
1.546646e-006	6.25e-005
1.547146e-006	0.0006875
1.547646e-006	0.000375
1.548146e-006	-0.00025
1.548646e-006	-0.0011875
1.549146e-006	-0.000875
1.549646e-006	-0.0011875
1.550146e-006	-0.0011875
1.550646e-006	-0.0011875
1.551146e-006	-0.0011875
1.551646e-006	-0.0011875
1.552146e-006	-0.0015
1.552646e-006	-0.000875
1.553146e-006	-0.000875
1.553646e-006	-0.0005625
1.554146e-006	0.000375
1.554646e-006	0.0013125
1.555146e-006	0.001
1.555646e-006	0.0006875
1.556146e-006	0.000375
1.556646e-006	0.001
1.557146e-006	0.0006875
1.557646e-006	0.000375
1.558146e-006	0.0006875
1.558646e-006	-0.0005625
1.559146e-006	-0.0011875
1.559646e-006	-0.000875
1.560146e-006	-0.0011875
1.560646e-006	-0.0011875
1.561146e-006	-0.000875
1.561646e-006	-0.000875
1.562146e-006	-0.0018125
1.562646e-006	-0.002125
1.563146e-006	-0.0011875
1.563646e-006	-0.000875
1.564146e-006	6.25e-005
1.564646e-006	0.0006875
1.565146e-006	0.0006875
1.565646e-006	0.001
1.566146e-006	0.001625
1.566646e-006	0.0006875
1.567146e-006	0.0006875
1.567646e-006	0.0013125
1.568146e-006	0.0013125
1.568646e-006	6.25e-005
1.569146e-006	-0.00025
1.569646e-006	-0.0005625
1.570146e-006	-0.000875
1.570646e-006	-0.0011875
1.571146e-006	-0.0018125
1.571646e-006	-0.0024375
1.572146e-006	-0.002125
1.572646e-006	-0.0011875
1.573146e-006	-0.0005625
1.573646e-006	-0.0011875
1.574146e-006	6.25e-005
1.574646e-006	0.000375
1.575146e-006	-0.00025
1.575646e-006	6.25e-005
1.576146e-006	0.000375
1.576646e-006	0.0019375
1.577146e-006	0.0019375
1.577646e-006	0.0013125
1.578146e-006	0.0013125
1.578646e-006	0.000375
1.579146e-006	-0.0005625
1.579646e-006	-0.0005625
1.580146e-006	-0.0005625
1.580646e-006	-0.000875
1.581146e-006	-0.002125
1.581646e-006	-0.0024375
1.582146e-006	-0.0018125
1.582646e-006	-0.0011875
1.583146e-006	-0.0011875
1.583646e-006	-0.0018125
1.584146e-006	-0.0011875
1.584646e-006	6.25e-005
1.585146e-006	-0.0005625
1.585646e-006	6.25e-005
1.586146e-006	0.0006875
1.586646e-006	0.0013125
1.587146e-006	0.001625
1.587646e-006	0.0013125
1.588146e-006	0.001
1.588646e-006	0.001
1.589146e-006	0.0006875
1.589646e-006	6.25e-005
1.590146e-006	-0.0005625
1.590646e-006	-0.000875
1.591146e-006	-0.0018125
1.591646e-006	-0.0018125
1.592146e-006	-0.002125
1.592646e-006	-0.0024375
1.593146e-006	-0.0018125
1.593646e-006	-0.000875
1.594146e-006	-0.000875
1.594646e-006	-0.0005625
1.595146e-006	-0.0005625
1.595646e-006	0.000375
1.596146e-006	0.001
1.596646e-006	0.000375
1.597146e-006	0.000375
1.597646e-006	0.0006875
1.598146e-006	0.0006875
1.598646e-006	6.25e-005
1.599146e-006	0.0006875
1.599646e-006	0.000375
1.600146e-006	-0.0011875
1.600646e-006	-0.0005625
1.601146e-006	-0.0011875
1.601646e-006	-0.0015
1.602146e-006	-0.0018125
1.602646e-006	-0.0015
1.603146e-006	-0.0011875
1.603646e-006	-0.000875
1.604146e-006	-0.0005625
1.604646e-006	6.25e-005
1.605146e-006	0.000375
1.605646e-006	0.000375
1.606146e-006	0.000375
1.606646e-006	0.001
1.607146e-006	0.001625
1.607646e-006	0.0006875
1.608146e-006	0.000375
1.608646e-006	0.000375
1.609146e-006	0.000375
1.609646e-006	6.25e-005
1.610146e-006	-0.0005625
1.610646e-006	-0.0005625
1.611146e-006	-0.0011875
1.611646e-006	-0.0015
1.612146e-006	-0.0011875
1.612646e-006	-0.0015
1.613146e-006	-0.0015
1.613646e-006	-0.0011875
1.614146e-006	-0.0005625
1.614646e-006	-0.0005625
1.615146e-006	-0.0005625
1.615646e-006	6.25e-005
1.616146e-006	0.001
1.616646e-006	0.0013125
1.617146e-006	0.0013125
1.617646e-006	0.0013125
1.618146e-006	0.001
1.618646e-006	0.000375
1.619146e-006	-0.0005625
1.619646e-006	-0.0005625
1.620146e-006	-0.0005625
1.620646e-006	-0.0015
1.621146e-006	-0.0018125
1.621646e-006	-0.0011875
1.622146e-006	-0.0018125
1.622646e-006	-0.0011875
1.623146e-006	-0.0005625
1.623646e-006	-0.0011875
1.624146e-006	-0.0011875
1.624646e-006	-0.00025
1.625146e-006	0.000375
1.625646e-006	0.000375
1.626146e-006	0.000375
1.626646e-006	0.0006875
1.627146e-006	0.001
1.627646e-006	0.0006875
1.628146e-006	0.0006875
1.628646e-006	0.000375
1.629146e-006	-0.00025
1.629646e-006	-0.0011875
1.630146e-006	-0.0011875
1.630646e-006	-0.0011875
1.631146e-006	-0.0018125
1.631646e-006	-0.0018125
1.632146e-006	-0.0018125
1.632646e-006	-0.0011875
1.633146e-006	-0.0015
1.633646e-006	-0.0011875
1.634146e-006	-0.0005625
1.634646e-006	6.25e-005
1.635146e-006	0.0006875
1.635646e-006	0.0006875
1.636146e-006	0.0013125
1.636646e-006	0.0013125
1.637146e-006	0.0006875
1.637646e-006	0.0006875
1.638146e-006	0.0006875
1.638646e-006	0.000375
1.639146e-006	-0.00025
1.639646e-006	-0.00025
1.640146e-006	-0.0005625
1.640646e-006	-0.0015
1.641146e-006	-0.0018125
1.641646e-006	-0.002125
1.642146e-006	-0.0024375
1.642646e-006	-0.0018125
1.643146e-006	-0.0011875
1.643646e-006	-0.0005625
1.644146e-006	-0.00025
1.644646e-006	6.25e-005
1.645146e-006	0.0006875
1.645646e-006	0.0006875
1.646146e-006	0.001
1.646646e-006	0.001
1.647146e-006	0.0013125
1.647646e-006	0.0013125
1.648146e-006	0.0006875
1.648646e-006	6.25e-005
1.649146e-006	-0.00025
1.649646e-006	6.25e-005
1.650146e-006	-0.0015
1.650646e-006	-0.0018125
1.651146e-006	-0.0015
1.651646e-006	-0.0018125
1.652146e-006	-0.0018125
1.652646e-006	-0.0011875
1.653146e-006	-0.0011875
1.653646e-006	-0.0005625
1.654146e-006	6.25e-005
1.654646e-006	0.0006875
1.655146e-006	0.000375
1.655646e-006	0.0006875
1.656146e-006	0.001625
1.656646e-006	0.0013125
1.657146e-006	0.001
1.657646e-006	0.001
1.658146e-006	0.001
1.658646e-006	0.0006875
1.659146e-006	-0.00025
1.659646e-006	-0.0005625
1.660146e-006	-0.0011875
1.660646e-006	-0.0011875
1.661146e-006	-0.000875
1.661646e-006	-0.0005625
1.662146e-006	-0.0011875
1.662646e-006	-0.0015
1.663146e-006	-0.0015
1.663646e-006	-0.000875
1.664146e-006	-0.00025
1.664646e-006	6.25e-005
1.665146e-006	0.001
1.665646e-006	0.001625
1.666146e-006	0.0013125
1.666646e-006	0.0013125
1.667146e-006	0.0013125
1.667646e-006	0.001
1.668146e-006	0.0006875
1.668646e-006	0.000375
1.669146e-006	0.000375
1.669646e-006	6.25e-005
1.670146e-006	-0.000875
1.670646e-006	-0.0011875
1.671146e-006	-0.0011875
1.671646e-006	-0.0015
1.672146e-006	-0.002125
1.672646e-006	-0.002125
1.673146e-006	-0.000875
1.673646e-006	-0.0005625
1.674146e-006	-0.0005625
1.674646e-006	-0.00025
1.675146e-006	0.001
1.675646e-006	0.001625
1.676146e-006	0.001
1.676646e-006	0.0013125
1.677146e-006	0.0006875
1.677646e-006	0.001
1.678146e-006	0.001
1.678646e-006	0.000375
1.679146e-006	6.25e-005
1.679646e-006	-0.0005625
1.680146e-006	-0.000875
1.680646e-006	-0.000875
1.681146e-006	-0.0011875
1.681646e-006	-0.0011875
1.682146e-006	-0.0018125
1.682646e-006	-0.0018125
1.683146e-006	-0.0011875
1.683646e-006	-0.00025
1.684146e-006	-0.00025
1.684646e-006	-0.0005625
1.685146e-006	0.000375
1.685646e-006	0.000375
1.686146e-006	6.25e-005
1.686646e-006	0.001
1.687146e-006	0.001
1.687646e-006	0.0013125
1.688146e-006	0.001
1.688646e-006	0.0006875
1.689146e-006	0.0006875
1.689646e-006	-0.00025
1.690146e-006	-0.0005625
1.690646e-006	-0.0005625
1.691146e-006	-0.0005625
1.691646e-006	-0.0005625
1.692146e-006	-0.0018125
1.692646e-006	-0.0018125
1.693146e-006	-0.0011875
1.693646e-006	-0.000875
1.694146e-006	-0.0005625
1.694646e-006	-0.00025
1.695146e-006	0.000375
1.695646e-006	-0.00025
1.696146e-006	0.000375
1.696646e-006	0.0006875
1.697146e-006	0.001
1.697646e-006	0.0013125
1.698146e-006	0.0013125
1.698646e-006	0.0006875
1.699146e-006	0.000375
1.699646e-006	0.000375
1.700146e-006	6.25e-005
1.700646e-006	-0.0005625
1.701146e-006	-0.0011875
1.701646e-006	-0.0011875
1.702146e-006	-0.0015
1.702646e-006	-0.000875
1.703146e-006	-0.0005625
1.703646e-006	-0.0005625
1.704146e-006	-0.000875
1.704646e-006	-0.0005625
1.705146e-006	0.000375
1.705646e-006	0.0006875
1.706146e-006	0.001
1.706646e-006	0.0013125
1.707146e-006	0.0006875
1.707646e-006	0.000375
1.708146e-006	0.001
1.708646e-006	0.001
1.709146e-006	-0.00025
1.709646e-006	-0.00025
1.710146e-006	-0.00025
1.710646e-006	-0.0005625
1.711146e-006	-0.0005625
1.711646e-006	-0.000875
1.712146e-006	-0.0005625
1.712646e-006	-0.0011875
1.713146e-006	-0.0011875
1.713646e-006	-0.0011875
1.714146e-006	-0.0011875
1.714646e-006	-0.0005625
1.715146e-006	6.25e-005
1.715646e-006	6.25e-005
1.716146e-006	6.25e-005
1.716646e-006	0.000375
1.717146e-006	0.0013125
1.717646e-006	0.0013125
1.718146e-006	0.001
1.718646e-006	0.000375
1.719146e-006	6.25e-005
1.719646e-006	0.000375
1.720146e-006	0.0006875
1.720646e-006	-0.0005625
1.721146e-006	-0.0015
1.721646e-006	-0.0005625
1.722146e-006	-0.000875
1.722646e-006	-0.0011875
1.723146e-006	-0.00025
1.723646e-006	6.25e-005
1.724146e-006	-0.00025
1.724646e-006	-0.0005625
1.725146e-006	-0.0005625
1.725646e-006	6.25e-005
1.726146e-006	0.000375
1.726646e-006	0.001
1.727146e-006	0.000375
1.727646e-006	0.0006875
1.728146e-006	0.001625
1.728646e-006	0.000375
1.729146e-006	0.000375
1.729646e-006	-0.0005625
1.730146e-006	-0.0005625
1.730646e-006	6.25e-005
1.731146e-006	-0.00025
1.731646e-006	-0.00025
1.732146e-006	-0.0011875
1.732646e-006	-0.0011875
1.733146e-006	-0.00025
1.733646e-006	-0.00025
1.734146e-006	6.25e-005
1.734646e-006	-0.000875
1.735146e-006	-0.0005625
1.735646e-006	-0.00025
1.736146e-006	-0.00025
1.736646e-006	0.001
1.737146e-006	0.0006875
1.737646e-006	0.001
1.738146e-006	0.0013125
1.738646e-006	0.0006875
1.739146e-006	0.001
1.739646e-006	-0.00025
1.740146e-006	-0.0005625
1.740646e-006	-0.00025
1.741146e-006	-0.0005625
1.741646e-006	-0.000875
1.742146e-006	-0.0011875
1.742646e-006	-0.0005625
1.743146e-006	-0.0005625
1.743646e-006	-0.0011875
1.744146e-006	-0.0018125
1.744646e-006	-0.0011875
1.745146e-006	-0.00025
1.745646e-006	0.000375
1.746146e-006	6.25e-005
1.746646e-006	0.000375
1.747146e-006	0.000375
1.747646e-006	0.001
1.748146e-006	6.25e-005
1.748646e-006	6.25e-005
1.749146e-006	0.0006875
1.749646e-006	0.0006875
1.750146e-006	0.0006875
1.750646e-006	6.25e-005
1.751146e-006	-0.000875
1.751646e-006	-0.0005625
1.752146e-006	6.25e-005
1.752646e-006	6.25e-005
1.753146e-006	-0.000875
1.753646e-006	-0.000875
1.754146e-006	-0.000875
1.754646e-006	-0.000875
1.755146e-006	6.25e-005
1.755646e-006	6.25e-005
1.756146e-006	0.000375
1.756646e-006	0.000375
1.757146e-006	6.25e-005
1.757646e-006	0.000375
1.758146e-006	0.000375
1.758646e-006	0.0006875
1.759146e-006	0.000375
1.759646e-006	6.25e-005
1.760146e-006	0.0006875
1.760646e-006	0.000375
1.761146e-006	6.25e-005
1.761646e-006	6.25e-005
1.762146e-006	-0.0005625
1.762646e-006	-0.0011875
1.763146e-006	-0.000875
1.763646e-006	-0.0011875
1.764146e-006	-0.0018125
1.764646e-006	-0.000875
1.765146e-006	-0.0005625
1.765646e-006	6.25e-005
1.766146e-006	-0.00025
1.766646e-006	6.25e-005
1.767146e-006	0.000375
1.767646e-006	-0.0005625
1.768146e-006	6.25e-005
1.768646e-006	0.000375
1.769146e-006	0.000375
1.769646e-006	6.25e-005
1.770146e-006	6.25e-005
1.770646e-006	6.25e-005
1.771146e-006	-0.00025
1.771646e-006	6.25e-005
1.772146e-006	-0.0005625
1.772646e-006	-0.0005625
1.773146e-006	-0.0005625
1.773646e-006	-0.0005625
1.774146e-006	-0.000875
1.774646e-006	-0.000875
1.775146e-006	-0.0005625
1.775646e-006	-0.0005625
1.776146e-006	-0.000875
1.776646e-006	-0.00025
1.777146e-006	6.25e-005
1.777646e-006	-0.00025
1.778146e-006	0.0013125
1.778646e-006	0.0006875
1.779146e-006	6.25e-005
1.779646e-006	-0.00025
1.780146e-006	-0.00025
1.780646e-006	0.000375
1.781146e-006	0.000375
1.781646e-006	6.25e-005
1.782146e-006	-0.00025
1.782646e-006	6.25e-005
1.783146e-006	0.000375
1.783646e-006	-0.00025
1.784146e-006	-0.00025
1.784646e-006	6.25e-005
1.785146e-006	-0.0005625
1.785646e-006	-0.0005625
1.786146e-006	-0.00025
1.786646e-006	-0.00025
1.787146e-006	-0.000875
1.787646e-006	-0.0005625
1.788146e-006	-0.0005625
