LECROYWS454	16215	Waveform
Segments	1	SegmentSize	4002
Segment	TrigTime	TimeSinceSegment1
#1	02-May-2024 19:17:49	0                 
Time	Ampl
-2.12214e-007	0.001
-2.11714e-007	0.0006875
-2.11214e-007	0.001
-2.10714e-007	0.0013125
-2.10214e-007	0.0006875
-2.09714e-007	0.0006875
-2.09214e-007	-0.0005625
-2.08714e-007	0.000375
-2.08214e-007	-0.0005625
-2.07714e-007	-0.00025
-2.07214e-007	6.25e-005
-2.06714e-007	-0.00025
-2.06214e-007	-0.000875
-2.05714e-007	-0.0005625
-2.05214e-007	-0.0011875
-2.04714e-007	-0.000875
-2.04214e-007	-0.0005625
-2.03714e-007	0.0006875
-2.03214e-007	0.0006875
-2.02714e-007	6.25e-005
-2.02214e-007	0.000375
-2.01714e-007	6.25e-005
-2.01214e-007	0.001625
-2.00714e-007	0.0013125
-2.00214e-007	0.0006875
-1.99714e-007	0.001
-1.99214e-007	0.001625
-1.98714e-007	0.000375
-1.98214e-007	-0.0005625
-1.97714e-007	0.000375
-1.97214e-007	0.000375
-1.96714e-007	-0.0018125
-1.96214e-007	-0.000875
-1.95714e-007	-0.000875
-1.95214e-007	-0.0005625
-1.94714e-007	-0.000875
-1.94214e-007	-0.000875
-1.93714e-007	-0.0005625
-1.93214e-007	-0.00025
-1.92714e-007	0.0013125
-1.92214e-007	0.0006875
-1.91714e-007	6.25e-005
-1.91214e-007	0.0006875
-1.90714e-007	0.000375
-1.90214e-007	0.000375
-1.89714e-007	0.0006875
-1.89214e-007	0.001
-1.88714e-007	0.001625
-1.88214e-007	0.0006875
-1.87714e-007	0.000375
-1.87214e-007	-0.0005625
-1.86714e-007	-0.0005625
-1.86214e-007	6.25e-005
-1.85714e-007	-0.0011875
-1.85214e-007	-0.0011875
-1.84714e-007	-0.0005625
-1.84214e-007	-0.000875
-1.83714e-007	-0.00025
-1.83214e-007	-0.000875
-1.82714e-007	0.000375
-1.82214e-007	6.25e-005
-1.81714e-007	6.25e-005
-1.81214e-007	0.000375
-1.80714e-007	0.000375
-1.80214e-007	0.001625
-1.79714e-007	0.0013125
-1.79214e-007	0.0006875
-1.78714e-007	0.001
-1.78214e-007	0.001
-1.77714e-007	0.0006875
-1.77214e-007	0.000375
-1.76714e-007	6.25e-005
-1.76214e-007	6.25e-005
-1.75714e-007	-0.0011875
-1.75214e-007	-0.0011875
-1.74714e-007	-0.000875
-1.74214e-007	-0.00025
-1.73714e-007	-0.0011875
-1.73214e-007	-0.0005625
-1.72714e-007	6.25e-005
-1.72214e-007	6.25e-005
-1.71714e-007	0.000375
-1.71214e-007	-0.00025
-1.70714e-007	0.000375
-1.70214e-007	0.0006875
-1.69714e-007	0.000375
-1.69214e-007	6.25e-005
-1.68714e-007	0.0006875
-1.68214e-007	0.0013125
-1.67714e-007	0.0013125
-1.67214e-007	0.000375
-1.66714e-007	0.0006875
-1.66214e-007	-0.00025
-1.65714e-007	-0.0005625
-1.65214e-007	-0.000875
-1.64714e-007	-0.0011875
-1.64214e-007	-0.000875
-1.63714e-007	-0.00025
-1.63214e-007	-0.0005625
-1.62714e-007	-0.00025
-1.62214e-007	-0.00025
-1.61714e-007	6.25e-005
-1.61214e-007	-0.0005625
-1.60714e-007	-0.0005625
-1.60214e-007	0.000375
-1.59714e-007	0.000375
-1.59214e-007	0.000375
-1.58714e-007	0.0006875
-1.58214e-007	0.001
-1.57714e-007	6.25e-005
-1.57214e-007	0.000375
-1.56714e-007	0.000375
-1.56214e-007	0.000375
-1.55714e-007	6.25e-005
-1.55214e-007	6.25e-005
-1.54714e-007	-0.0005625
-1.54214e-007	6.25e-005
-1.53714e-007	6.25e-005
-1.53214e-007	6.25e-005
-1.52714e-007	-0.000875
-1.52214e-007	-0.00025
-1.51714e-007	-0.0005625
-1.51214e-007	-0.000875
-1.50714e-007	-0.0005625
-1.50214e-007	-0.00025
-1.49714e-007	-0.0005625
-1.49214e-007	0.000375
-1.48714e-007	6.25e-005
-1.48214e-007	-0.0005625
-1.47714e-007	-0.00025
-1.47214e-007	6.25e-005
-1.46714e-007	0.001
-1.46214e-007	0.000375
-1.45714e-007	0.0006875
-1.45214e-007	0.001
-1.44714e-007	6.25e-005
-1.44214e-007	-0.00025
-1.43714e-007	6.25e-005
-1.43214e-007	-0.00025
-1.42714e-007	-0.0005625
-1.42214e-007	-0.00025
-1.41714e-007	-0.0005625
-1.41214e-007	-0.000875
-1.40714e-007	-0.0005625
-1.40214e-007	-0.0005625
-1.39714e-007	-0.0005625
-1.39214e-007	-0.000875
-1.38714e-007	-0.000875
-1.38214e-007	0.000375
-1.37714e-007	0.0006875
-1.37214e-007	-0.00025
-1.36714e-007	6.25e-005
-1.36214e-007	0.001
-1.35714e-007	0.000375
-1.35214e-007	0.000375
-1.34714e-007	6.25e-005
-1.34214e-007	6.25e-005
-1.33714e-007	0.0006875
-1.33214e-007	0.0006875
-1.32714e-007	6.25e-005
-1.32214e-007	6.25e-005
-1.31714e-007	-0.00025
-1.31214e-007	-0.0005625
-1.30714e-007	-0.0005625
-1.30214e-007	-0.0005625
-1.29714e-007	-0.0005625
-1.29214e-007	-0.0011875
-1.28714e-007	-0.000875
-1.28214e-007	-0.00025
-1.27714e-007	-0.000875
-1.27214e-007	-0.00025
-1.26714e-007	0.0006875
-1.26214e-007	0.001
-1.25714e-007	0.0006875
-1.25214e-007	0.0006875
-1.24714e-007	0.0006875
-1.24214e-007	0.0006875
-1.23714e-007	0.000375
-1.23214e-007	0.0006875
-1.22714e-007	0.0006875
-1.22214e-007	-0.00025
-1.21714e-007	6.25e-005
-1.21214e-007	0.000375
-1.20714e-007	-0.0005625
-1.20214e-007	-0.0005625
-1.19714e-007	-0.0011875
-1.19214e-007	-0.00025
-1.18714e-007	-0.00025
-1.18214e-007	6.25e-005
-1.17714e-007	-0.00025
-1.17214e-007	-0.0005625
-1.16714e-007	0.000375
-1.16214e-007	0.000375
-1.15714e-007	0.000375
-1.15214e-007	6.25e-005
-1.14714e-007	6.25e-005
-1.14214e-007	0.001
-1.13714e-007	0.000375
-1.13214e-007	0.000375
-1.12714e-007	0.000375
-1.12214e-007	6.25e-005
-1.11714e-007	-0.00025
-1.11214e-007	-0.00025
-1.10714e-007	-0.00025
-1.10214e-007	-0.0005625
-1.09714e-007	-0.00025
-1.09214e-007	-0.0005625
-1.08714e-007	-0.00025
-1.08214e-007	0.000375
-1.07714e-007	0.000375
-1.07214e-007	-0.00025
-1.06714e-007	-0.00025
-1.06214e-007	0.0006875
-1.05714e-007	0.0019375
-1.05214e-007	0.0006875
-1.04714e-007	0.000375
-1.04214e-007	0.0013125
-1.03714e-007	0.001
-1.03214e-007	6.25e-005
-1.02714e-007	-0.0005625
-1.02214e-007	-0.0005625
-1.01714e-007	-0.00025
-1.01214e-007	6.25e-005
-1.00714e-007	-0.00025
-1.00214e-007	-0.000875
-9.9714e-008	-0.0005625
-9.9214e-008	-0.0005625
-9.8714e-008	-0.0005625
-9.8214e-008	6.25e-005
-9.7714e-008	6.25e-005
-9.7214e-008	0.000375
-9.6714e-008	6.25e-005
-9.6214e-008	0.001
-9.5714e-008	0.000375
-9.5214e-008	6.25e-005
-9.4714e-008	0.0006875
-9.4214e-008	0.001
-9.3714e-008	0.000375
-9.3214e-008	-0.00025
-9.2714e-008	6.25e-005
-9.2214e-008	6.25e-005
-9.1714e-008	-0.000875
-9.1214e-008	-0.000875
-9.0714e-008	-0.00025
-9.0214e-008	-0.00025
-8.9714e-008	6.25e-005
-8.9214e-008	-0.0005625
-8.8714e-008	0.000375
-8.8214e-008	6.25e-005
-8.7714e-008	6.25e-005
-8.7214e-008	6.25e-005
-8.6714e-008	6.25e-005
-8.6214e-008	0.0006875
-8.5714e-008	6.25e-005
-8.5214e-008	6.25e-005
-8.4714e-008	0.000375
-8.4214e-008	-0.00025
-8.3714e-008	-0.00025
-8.3214e-008	-0.00025
-8.2714e-008	-0.0005625
-8.2214e-008	-0.0011875
-8.1714e-008	-0.0015
-8.1214e-008	-0.000875
-8.0714e-008	-0.0005625
-8.0214e-008	-0.00025
-7.9714e-008	-0.0005625
-7.9214e-008	-0.00025
-7.8714e-008	0.000375
-7.8214e-008	0.0006875
-7.7714e-008	0.0013125
-7.7214e-008	0.0006875
-7.6714e-008	0.000375
-7.6214e-008	0.001
-7.5714e-008	6.25e-005
-7.5214e-008	0.001
-7.4714e-008	6.25e-005
-7.4214e-008	6.25e-005
-7.3714e-008	6.25e-005
-7.3214e-008	-0.0005625
-7.2714e-008	-0.0005625
-7.2214e-008	-0.000875
-7.1714e-008	-0.000875
-7.1214e-008	-0.000875
-7.0714e-008	-0.0015
-7.0214e-008	-0.0005625
-6.9714e-008	6.25e-005
-6.9214e-008	0.000375
-6.8714e-008	0.000375
-6.8214e-008	6.25e-005
-6.7714e-008	0.001
-6.7214e-008	0.000375
-6.6714e-008	0.0006875
-6.6214e-008	0.0006875
-6.5714e-008	0.0006875
-6.5214e-008	0.0013125
-6.4714e-008	0.001
-6.4214e-008	0.000375
-6.3714e-008	-0.00025
-6.3214e-008	-0.000875
-6.2714e-008	-0.0005625
-6.2214e-008	-0.000875
-6.1714e-008	-0.0011875
-6.1214e-008	-0.000875
-6.0714e-008	-0.000875
-6.0214e-008	-0.00025
-5.9714e-008	-0.0005625
-5.9214e-008	-0.00025
-5.8714e-008	0.0006875
-5.8214e-008	6.25e-005
-5.7714e-008	6.25e-005
-5.7214e-008	0.000375
-5.6714e-008	0.0006875
-5.6214e-008	0.0006875
-5.5714e-008	0.000375
-5.5214e-008	0.0006875
-5.4714e-008	-0.00025
-5.4214e-008	0.0006875
-5.3714e-008	0.0006875
-5.3214e-008	6.25e-005
-5.2714e-008	-0.0005625
-5.2214e-008	-0.0005625
-5.1714e-008	-0.0005625
-5.1214e-008	-0.0011875
-5.0714e-008	-0.0005625
-5.0214e-008	6.25e-005
-4.9714e-008	-0.00025
-4.9214e-008	6.25e-005
-4.8714e-008	-0.0005625
-4.8214e-008	-0.00025
-4.7714e-008	0.0006875
-4.7214e-008	6.25e-005
-4.6714e-008	0.000375
-4.6214e-008	0.0006875
-4.5714e-008	0.0006875
-4.5214e-008	0.000375
-4.4714e-008	0.000375
-4.4214e-008	-0.0005625
-4.3714e-008	6.25e-005
-4.3214e-008	0.000375
-4.2714e-008	-0.00025
-4.2214e-008	-0.0005625
-4.1714e-008	-0.0005625
-4.1214e-008	-0.0005625
-4.0714e-008	-0.00025
-4.0214e-008	-0.00025
-3.9714e-008	6.25e-005
-3.9214e-008	6.25e-005
-3.8714e-008	0.0006875
-3.8214e-008	0.000375
-3.7714e-008	6.25e-005
-3.7214e-008	6.25e-005
-3.6714e-008	6.25e-005
-3.6214e-008	0.001
-3.5714e-008	6.25e-005
-3.5214e-008	0.000375
-3.4714e-008	0.0006875
-3.4214e-008	0.0006875
-3.3714e-008	0.000375
-3.3214e-008	6.25e-005
-3.2714e-008	6.25e-005
-3.2214e-008	6.25e-005
-3.1714e-008	-0.00025
-3.1214e-008	-0.00025
-3.0714e-008	-0.0005625
-3.0214e-008	6.25e-005
-2.9714e-008	-0.0005625
-2.9214e-008	-0.0011875
-2.8714e-008	6.25e-005
-2.8214e-008	0.0013125
-2.7714e-008	0.0013125
-2.7214e-008	0.000375
-2.6714e-008	-0.00025
-2.6214e-008	-0.0005625
-2.5714e-008	0.0006875
-2.5214e-008	0.0006875
-2.4714e-008	6.25e-005
-2.4214e-008	6.25e-005
-2.3714e-008	6.25e-005
-2.3214e-008	-0.000875
-2.2714e-008	-0.00025
-2.2214e-008	6.25e-005
-2.1714e-008	0.000375
-2.1214e-008	-0.00025
-2.0714e-008	-0.00025
-2.0214e-008	-0.00025
-1.9714e-008	-0.00025
-1.9214e-008	-0.00025
-1.8714e-008	6.25e-005
-1.8214e-008	0.000375
-1.7714e-008	0.0013125
-1.7214e-008	0.0006875
-1.6714e-008	-0.00025
-1.6214e-008	6.25e-005
-1.5714e-008	-0.00025
-1.5214e-008	0.000375
-1.4714e-008	6.25e-005
-1.4214e-008	6.25e-005
-1.3714e-008	0.000375
-1.3214e-008	6.25e-005
-1.2714e-008	6.25e-005
-1.2214e-008	6.25e-005
-1.1714e-008	6.25e-005
-1.1214e-008	-0.00025
-1.0714e-008	-0.000875
-1.0214e-008	-0.0005625
-9.714e-009	6.25e-005
-9.214e-009	6.25e-005
-8.714e-009	6.25e-005
-8.214e-009	0.000375
-7.714e-009	0.000375
-7.214e-009	6.25e-005
-6.714e-009	6.25e-005
-6.214e-009	-0.000875
-5.714e-009	-0.0024375
-5.214e-009	-0.003375
-4.714e-009	-0.004625
-4.214e-009	-0.0055625
-3.714e-009	-0.0068125
-3.214e-009	-0.009
-2.714e-009	-0.009
-2.214e-009	-0.009625
-1.714e-009	-0.010875
-1.214e-009	-0.010875
-7.14e-010	-0.0111875
-2.14e-010	-0.0124375
2.86e-010	-0.0136875
7.86e-010	-0.0143125
1.286e-009	-0.014625
1.786e-009	-0.0143125
2.286e-009	-0.01525
2.786e-009	-0.015875
3.286e-009	-0.015875
3.786e-009	-0.0161875
4.286e-009	-0.017125
4.786e-009	-0.0168125
5.286e-009	-0.017125
5.786e-009	-0.0174375
6.286e-009	-0.0174375
6.786e-009	-0.0174375
7.286e-009	-0.018375
7.786e-009	-0.0193125
8.286e-009	-0.0199375
8.786e-009	-0.0199375
9.286e-009	-0.02025
9.786e-009	-0.020875
1.0286e-008	-0.02025
1.0786e-008	-0.0199375
1.1286e-008	-0.0193125
1.1786e-008	-0.0186875
1.2286e-008	-0.0186875
1.2786e-008	-0.01775
1.3286e-008	-0.0174375
1.3786e-008	-0.0168125
1.4286e-008	-0.0165
1.4786e-008	-0.0168125
1.5286e-008	-0.0165
1.5786e-008	-0.0174375
1.6286e-008	-0.01775
1.6786e-008	-0.0174375
1.7286e-008	-0.0174375
1.7786e-008	-0.0174375
1.8286e-008	-0.0174375
1.8786e-008	-0.0180625
1.9286e-008	-0.01775
1.9786e-008	-0.018375
2.0286e-008	-0.01775
2.0786e-008	-0.0174375
2.1286e-008	-0.017125
2.1786e-008	-0.0165
2.2286e-008	-0.01775
2.2786e-008	-0.0168125
2.3286e-008	-0.017125
2.3786e-008	-0.017125
2.4286e-008	-0.0174375
2.4786e-008	-0.0174375
2.5286e-008	-0.0168125
2.5786e-008	-0.0174375
2.6286e-008	-0.01775
2.6786e-008	-0.0174375
2.7286e-008	-0.018375
2.7786e-008	-0.018375
2.8286e-008	-0.019
2.8786e-008	-0.0193125
2.9286e-008	-0.019625
2.9786e-008	-0.02025
3.0286e-008	-0.019625
3.0786e-008	-0.0199375
3.1286e-008	-0.0193125
3.1786e-008	-0.0186875
3.2286e-008	-0.019625
3.2786e-008	-0.0186875
3.3286e-008	-0.0180625
3.3786e-008	-0.0180625
3.4286e-008	-0.01775
3.4786e-008	-0.018375
3.5286e-008	-0.0186875
3.5786e-008	-0.019625
3.6286e-008	-0.019625
3.6786e-008	-0.019625
3.7286e-008	-0.02025
3.7786e-008	-0.02025
3.8286e-008	-0.020875
3.8786e-008	-0.02025
3.9286e-008	-0.019625
3.9786e-008	-0.020875
4.0286e-008	-0.0205625
4.0786e-008	-0.02025
4.1286e-008	-0.019625
4.1786e-008	-0.019625
4.2286e-008	-0.0199375
4.2786e-008	-0.019
4.3286e-008	-0.019
4.3786e-008	-0.0180625
4.4286e-008	-0.01775
4.4786e-008	-0.018375
4.5286e-008	-0.0186875
4.5786e-008	-0.019
4.6286e-008	-0.019
4.6786e-008	-0.0193125
4.7286e-008	-0.019625
4.7786e-008	-0.0193125
4.8286e-008	-0.0205625
4.8786e-008	-0.02025
4.9286e-008	-0.0205625
4.9786e-008	-0.0211875
5.0286e-008	-0.0205625
5.0786e-008	-0.02025
5.1286e-008	-0.0199375
5.1786e-008	-0.019625
5.2286e-008	-0.019
5.2786e-008	-0.0180625
5.3286e-008	-0.0186875
5.3786e-008	-0.018375
5.4286e-008	-0.0180625
5.4786e-008	-0.0186875
5.5286e-008	-0.018375
5.5786e-008	-0.018375
5.6286e-008	-0.0186875
5.6786e-008	-0.019625
5.7286e-008	-0.019625
5.7786e-008	-0.0199375
5.8286e-008	-0.0205625
5.8786e-008	-0.020875
5.9286e-008	-0.020875
5.9786e-008	-0.020875
6.0286e-008	-0.020875
6.0786e-008	-0.0205625
6.1286e-008	-0.02025
6.1786e-008	-0.0199375
6.2286e-008	-0.019625
6.2786e-008	-0.019625
6.3286e-008	-0.0199375
6.3786e-008	-0.0193125
6.4286e-008	-0.018375
6.4786e-008	-0.018375
6.5286e-008	-0.019
6.5786e-008	-0.0193125
6.6286e-008	-0.019625
6.6786e-008	-0.019625
6.7286e-008	-0.020875
6.7786e-008	-0.020875
6.8286e-008	-0.0218125
6.8786e-008	-0.020875
6.9286e-008	-0.0205625
6.9786e-008	-0.020875
7.0286e-008	-0.0211875
7.0786e-008	-0.02025
7.1286e-008	-0.0199375
7.1786e-008	-0.0193125
7.2286e-008	-0.0193125
7.2786e-008	-0.019
7.3286e-008	-0.0186875
7.3786e-008	-0.018375
7.4286e-008	-0.0180625
7.4786e-008	-0.0180625
7.5286e-008	-0.018375
7.5786e-008	-0.0186875
7.6286e-008	-0.0186875
7.6786e-008	-0.019625
7.7286e-008	-0.019625
7.7786e-008	-0.02025
7.8286e-008	-0.02025
7.8786e-008	-0.0199375
7.9286e-008	-0.02025
7.9786e-008	-0.0205625
8.0286e-008	-0.0199375
8.0786e-008	-0.02025
8.1286e-008	-0.019625
8.1786e-008	-0.019
8.2286e-008	-0.019
8.2786e-008	-0.0186875
8.3286e-008	-0.0186875
8.3786e-008	-0.01775
8.4286e-008	-0.0174375
8.4786e-008	-0.0180625
8.5286e-008	-0.0180625
8.5786e-008	-0.018375
8.6286e-008	-0.019
8.6786e-008	-0.0193125
8.7286e-008	-0.019
8.7786e-008	-0.0186875
8.8286e-008	-0.02025
8.8786e-008	-0.0205625
8.9286e-008	-0.02025
8.9786e-008	-0.019625
9.0286e-008	-0.0193125
9.0786e-008	-0.0193125
9.1286e-008	-0.0193125
9.1786e-008	-0.0186875
9.2286e-008	-0.018375
9.2786e-008	-0.018375
9.3286e-008	-0.018375
9.3786e-008	-0.0180625
9.4286e-008	-0.0180625
9.4786e-008	-0.0180625
9.5286e-008	-0.0174375
9.5786e-008	-0.01775
9.6286e-008	-0.0180625
9.6786e-008	-0.0186875
9.7286e-008	-0.019
9.7786e-008	-0.0193125
9.8286e-008	-0.019
9.8786e-008	-0.0186875
9.9286e-008	-0.0186875
9.9786e-008	-0.0199375
1.00286e-007	-0.0193125
1.00786e-007	-0.019
1.01286e-007	-0.0186875
1.01786e-007	-0.0193125
1.02286e-007	-0.0186875
1.02786e-007	-0.0180625
1.03286e-007	-0.0180625
1.03786e-007	-0.01775
1.04286e-007	-0.017125
1.04786e-007	-0.0174375
1.05286e-007	-0.017125
1.05786e-007	-0.017125
1.06286e-007	-0.017125
1.06786e-007	-0.01775
1.07286e-007	-0.01775
1.07786e-007	-0.01775
1.08286e-007	-0.018375
1.08786e-007	-0.0180625
1.09286e-007	-0.018375
1.09786e-007	-0.018375
1.10286e-007	-0.018375
1.10786e-007	-0.0186875
1.11286e-007	-0.019
1.11786e-007	-0.0186875
1.12286e-007	-0.0186875
1.12786e-007	-0.01775
1.13286e-007	-0.0180625
1.13786e-007	-0.017125
1.14286e-007	-0.0174375
1.14786e-007	-0.017125
1.15286e-007	-0.0165
1.15786e-007	-0.0168125
1.16286e-007	-0.0165
1.16786e-007	-0.0165
1.17286e-007	-0.0168125
1.17786e-007	-0.01775
1.18286e-007	-0.0174375
1.18786e-007	-0.0174375
1.19286e-007	-0.018375
1.19786e-007	-0.0193125
1.20286e-007	-0.01775
1.20786e-007	-0.0180625
1.21286e-007	-0.018375
1.21786e-007	-0.018375
1.22286e-007	-0.0180625
1.22786e-007	-0.01775
1.23286e-007	-0.0174375
1.23786e-007	-0.018375
1.24286e-007	-0.0174375
1.24786e-007	-0.0165
1.25286e-007	-0.0155625
1.25786e-007	-0.015875
1.26286e-007	-0.0161875
1.26786e-007	-0.0155625
1.27286e-007	-0.0165
1.27786e-007	-0.0168125
1.28286e-007	-0.017125
1.28786e-007	-0.017125
1.29286e-007	-0.01775
1.29786e-007	-0.01775
1.30286e-007	-0.01775
1.30786e-007	-0.018375
1.31286e-007	-0.0186875
1.31786e-007	-0.01775
1.32286e-007	-0.0180625
1.32786e-007	-0.0174375
1.33286e-007	-0.01775
1.33786e-007	-0.0165
1.34286e-007	-0.0165
1.34786e-007	-0.0168125
1.35286e-007	-0.015875
1.35786e-007	-0.0161875
1.36286e-007	-0.015875
1.36786e-007	-0.0161875
1.37286e-007	-0.0161875
1.37786e-007	-0.0155625
1.38286e-007	-0.0165
1.38786e-007	-0.0161875
1.39286e-007	-0.0165
1.39786e-007	-0.0180625
1.40286e-007	-0.0174375
1.40786e-007	-0.0180625
1.41286e-007	-0.0174375
1.41786e-007	-0.0174375
1.42286e-007	-0.017125
1.42786e-007	-0.0165
1.43286e-007	-0.017125
1.43786e-007	-0.0161875
1.44286e-007	-0.0161875
1.44786e-007	-0.017125
1.45286e-007	-0.01525
1.45786e-007	-0.0155625
1.46286e-007	-0.0149375
1.46786e-007	-0.0149375
1.47286e-007	-0.0155625
1.47786e-007	-0.0161875
1.48286e-007	-0.0165
1.48786e-007	-0.0161875
1.49286e-007	-0.017125
1.49786e-007	-0.0168125
1.50286e-007	-0.0165
1.50786e-007	-0.01775
1.51286e-007	-0.0165
1.51786e-007	-0.0165
1.52286e-007	-0.0165
1.52786e-007	-0.0161875
1.53286e-007	-0.0161875
1.53786e-007	-0.0149375
1.54286e-007	-0.0155625
1.54786e-007	-0.0155625
1.55286e-007	-0.0149375
1.55786e-007	-0.0149375
1.56286e-007	-0.0149375
1.56786e-007	-0.0155625
1.57286e-007	-0.0161875
1.57786e-007	-0.0161875
1.58286e-007	-0.0165
1.58786e-007	-0.015875
1.59286e-007	-0.0165
1.59786e-007	-0.0174375
1.60286e-007	-0.0161875
1.60786e-007	-0.0165
1.61286e-007	-0.0161875
1.61786e-007	-0.015875
1.62286e-007	-0.015875
1.62786e-007	-0.0149375
1.63286e-007	-0.0149375
1.63786e-007	-0.0143125
1.64286e-007	-0.0149375
1.64786e-007	-0.0143125
1.65286e-007	-0.014625
1.65786e-007	-0.0149375
1.66286e-007	-0.0143125
1.66786e-007	-0.0149375
1.67286e-007	-0.0165
1.67786e-007	-0.015875
1.68286e-007	-0.0161875
1.68786e-007	-0.017125
1.69286e-007	-0.0174375
1.69786e-007	-0.017125
1.70286e-007	-0.017125
1.70786e-007	-0.0168125
1.71286e-007	-0.0155625
1.71786e-007	-0.01525
1.72286e-007	-0.015875
1.72786e-007	-0.0149375
1.73286e-007	-0.0136875
1.73786e-007	-0.013375
1.74286e-007	-0.013375
1.74786e-007	-0.0136875
1.75286e-007	-0.0143125
1.75786e-007	-0.0143125
1.76286e-007	-0.0149375
1.76786e-007	-0.015875
1.77286e-007	-0.0149375
1.77786e-007	-0.0155625
1.78286e-007	-0.0165
1.78786e-007	-0.0165
1.79286e-007	-0.0165
1.79786e-007	-0.0168125
1.80286e-007	-0.0165
1.80786e-007	-0.015875
1.81286e-007	-0.0165
1.81786e-007	-0.0155625
1.82286e-007	-0.014625
1.82786e-007	-0.0136875
1.83286e-007	-0.01275
1.83786e-007	-0.0130625
1.84286e-007	-0.01275
1.84786e-007	-0.0130625
1.85286e-007	-0.01275
1.85786e-007	-0.013375
1.86286e-007	-0.0143125
1.86786e-007	-0.014625
1.87286e-007	-0.0149375
1.87786e-007	-0.01525
1.88286e-007	-0.0165
1.88786e-007	-0.0168125
1.89286e-007	-0.0165
1.89786e-007	-0.017125
1.90286e-007	-0.0165
1.90786e-007	-0.015875
1.91286e-007	-0.0155625
1.91786e-007	-0.0143125
1.92286e-007	-0.0136875
1.92786e-007	-0.013375
1.93286e-007	-0.01275
1.93786e-007	-0.01275
1.94286e-007	-0.0124375
1.94786e-007	-0.0130625
1.95286e-007	-0.0130625
1.95786e-007	-0.0130625
1.96286e-007	-0.0130625
1.96786e-007	-0.0143125
1.97286e-007	-0.0155625
1.97786e-007	-0.01525
1.98286e-007	-0.015875
1.98786e-007	-0.0161875
1.99286e-007	-0.015875
1.99786e-007	-0.0161875
2.00286e-007	-0.015875
2.00786e-007	-0.015875
2.01286e-007	-0.0155625
2.01786e-007	-0.0143125
2.02286e-007	-0.0130625
2.02786e-007	-0.01275
2.03286e-007	-0.0130625
2.03786e-007	-0.0130625
2.04286e-007	-0.0124375
2.04786e-007	-0.0130625
2.05286e-007	-0.012125
2.05786e-007	-0.01275
2.06286e-007	-0.013375
2.06786e-007	-0.0136875
2.07286e-007	-0.014
2.07786e-007	-0.0143125
2.08286e-007	-0.01525
2.08786e-007	-0.0155625
2.09286e-007	-0.0155625
2.09786e-007	-0.01525
2.10286e-007	-0.01525
2.10786e-007	-0.0149375
2.11286e-007	-0.0143125
2.11786e-007	-0.014
2.12286e-007	-0.0136875
2.12786e-007	-0.013375
2.13286e-007	-0.013375
2.13786e-007	-0.0124375
2.14286e-007	-0.0124375
2.14786e-007	-0.01275
2.15286e-007	-0.012125
2.15786e-007	-0.01275
2.16286e-007	-0.0136875
2.16786e-007	-0.0136875
2.17286e-007	-0.0136875
2.17786e-007	-0.014
2.18286e-007	-0.0143125
2.18786e-007	-0.0143125
2.19286e-007	-0.0143125
2.19786e-007	-0.0149375
2.20286e-007	-0.014625
2.20786e-007	-0.014
2.21286e-007	-0.0130625
2.21786e-007	-0.0143125
2.22286e-007	-0.0136875
2.22786e-007	-0.01275
2.23286e-007	-0.01275
2.23786e-007	-0.01275
2.24286e-007	-0.0118125
2.24786e-007	-0.01275
2.25286e-007	-0.0124375
2.25786e-007	-0.01275
2.26286e-007	-0.0130625
2.26786e-007	-0.013375
2.27286e-007	-0.013375
2.27786e-007	-0.014625
2.28286e-007	-0.014625
2.28786e-007	-0.0136875
2.29286e-007	-0.013375
2.29786e-007	-0.014
2.30286e-007	-0.0143125
2.30786e-007	-0.013375
2.31286e-007	-0.013375
2.31786e-007	-0.0130625
2.32286e-007	-0.0130625
2.32786e-007	-0.0130625
2.33286e-007	-0.0124375
2.33786e-007	-0.0118125
2.34286e-007	-0.01275
2.34786e-007	-0.01275
2.35286e-007	-0.01275
2.35786e-007	-0.01275
2.36286e-007	-0.0136875
2.36786e-007	-0.014
2.37286e-007	-0.0130625
2.37786e-007	-0.0130625
2.38286e-007	-0.013375
2.38786e-007	-0.014
2.39286e-007	-0.0136875
2.39786e-007	-0.0130625
2.40286e-007	-0.0130625
2.40786e-007	-0.0130625
2.41286e-007	-0.0124375
2.41786e-007	-0.012125
2.42286e-007	-0.0118125
2.42786e-007	-0.01275
2.43286e-007	-0.0111875
2.43786e-007	-0.0115
2.44286e-007	-0.0124375
2.44786e-007	-0.01275
2.45286e-007	-0.0124375
2.45786e-007	-0.01275
2.46286e-007	-0.0130625
2.46786e-007	-0.0136875
2.47286e-007	-0.0136875
2.47786e-007	-0.014
2.48286e-007	-0.0130625
2.48786e-007	-0.01275
2.49286e-007	-0.0124375
2.49786e-007	-0.01275
2.50286e-007	-0.01275
2.50786e-007	-0.0118125
2.51286e-007	-0.0111875
2.51786e-007	-0.0115
2.52286e-007	-0.0118125
2.52786e-007	-0.0115
2.53286e-007	-0.0115
2.53786e-007	-0.012125
2.54286e-007	-0.0115
2.54786e-007	-0.0115
2.55286e-007	-0.012125
2.55786e-007	-0.0124375
2.56286e-007	-0.0124375
2.56786e-007	-0.01275
2.57286e-007	-0.013375
2.57786e-007	-0.013375
2.58286e-007	-0.013375
2.58786e-007	-0.01275
2.59286e-007	-0.0124375
2.59786e-007	-0.0124375
2.60286e-007	-0.012125
2.60786e-007	-0.012125
2.61286e-007	-0.0118125
2.61786e-007	-0.0118125
2.62286e-007	-0.0111875
2.62786e-007	-0.010875
2.63286e-007	-0.010875
2.63786e-007	-0.0105625
2.64286e-007	-0.01025
2.64786e-007	-0.0105625
2.65286e-007	-0.0111875
2.65786e-007	-0.0115
2.66286e-007	-0.0111875
2.66786e-007	-0.01275
2.67286e-007	-0.0130625
2.67786e-007	-0.0130625
2.68286e-007	-0.01275
2.68786e-007	-0.0130625
2.69286e-007	-0.0130625
2.69786e-007	-0.0124375
2.70286e-007	-0.012125
2.70786e-007	-0.012125
2.71286e-007	-0.0111875
2.71786e-007	-0.010875
2.72286e-007	-0.010875
2.72786e-007	-0.0105625
2.73286e-007	-0.010875
2.73786e-007	-0.0105625
2.74286e-007	-0.0105625
2.74786e-007	-0.01025
2.75286e-007	-0.0099375
2.75786e-007	-0.0105625
2.76286e-007	-0.0115
2.76786e-007	-0.012125
2.77286e-007	-0.0124375
2.77786e-007	-0.0130625
2.78286e-007	-0.01275
2.78786e-007	-0.0124375
2.79286e-007	-0.0130625
2.79786e-007	-0.0136875
2.80286e-007	-0.0124375
2.80786e-007	-0.0118125
2.81286e-007	-0.0115
2.81786e-007	-0.0118125
2.82286e-007	-0.0105625
2.82786e-007	-0.0105625
2.83286e-007	-0.0105625
2.83786e-007	-0.0099375
2.84286e-007	-0.009625
2.84786e-007	-0.0099375
2.85286e-007	-0.01025
2.85786e-007	-0.01025
2.86286e-007	-0.01025
2.86786e-007	-0.0111875
2.87286e-007	-0.0118125
2.87786e-007	-0.012125
2.88286e-007	-0.0124375
2.88786e-007	-0.01275
2.89286e-007	-0.0124375
2.89786e-007	-0.012125
2.90286e-007	-0.0124375
2.90786e-007	-0.0124375
2.91286e-007	-0.0118125
2.91786e-007	-0.010875
2.92286e-007	-0.0099375
2.92786e-007	-0.01025
2.93286e-007	-0.0105625
2.93786e-007	-0.009
2.94286e-007	-0.009
2.94786e-007	-0.009625
2.95286e-007	-0.0086875
2.95786e-007	-0.009
2.96286e-007	-0.0099375
2.96786e-007	-0.0105625
2.97286e-007	-0.010875
2.97786e-007	-0.010875
2.98286e-007	-0.0118125
2.98786e-007	-0.0124375
2.99286e-007	-0.0118125
2.99786e-007	-0.0118125
3.00286e-007	-0.0118125
3.00786e-007	-0.0124375
3.01286e-007	-0.0111875
3.01786e-007	-0.0111875
3.02286e-007	-0.0105625
3.02786e-007	-0.009625
3.03286e-007	-0.01025
3.03786e-007	-0.0093125
3.04286e-007	-0.009
3.04786e-007	-0.0093125
3.05286e-007	-0.009
3.05786e-007	-0.0093125
3.06286e-007	-0.009625
3.06786e-007	-0.01025
3.07286e-007	-0.010875
3.07786e-007	-0.0105625
3.08286e-007	-0.0115
3.08786e-007	-0.0111875
3.09286e-007	-0.010875
3.09786e-007	-0.0115
3.10286e-007	-0.0111875
3.10786e-007	-0.0118125
3.11286e-007	-0.0105625
3.11786e-007	-0.0105625
3.12286e-007	-0.0105625
3.12786e-007	-0.0105625
3.13286e-007	-0.0099375
3.13786e-007	-0.0086875
3.14286e-007	-0.0093125
3.14786e-007	-0.0086875
3.15286e-007	-0.0080625
3.15786e-007	-0.009
3.16286e-007	-0.009
3.16786e-007	-0.0093125
3.17286e-007	-0.0099375
3.17786e-007	-0.01025
3.18286e-007	-0.0111875
3.18786e-007	-0.0111875
3.19286e-007	-0.010875
3.19786e-007	-0.010875
3.20286e-007	-0.01025
3.20786e-007	-0.0115
3.21286e-007	-0.0105625
3.21786e-007	-0.0093125
3.22286e-007	-0.009
3.22786e-007	-0.009625
3.23286e-007	-0.009625
3.23786e-007	-0.0086875
3.24286e-007	-0.009
3.24786e-007	-0.0099375
3.25286e-007	-0.0093125
3.25786e-007	-0.0086875
3.26286e-007	-0.009625
3.26786e-007	-0.010875
3.27286e-007	-0.009625
3.27786e-007	-0.0099375
3.28286e-007	-0.0105625
3.28786e-007	-0.01025
3.29286e-007	-0.010875
3.29786e-007	-0.0105625
3.30286e-007	-0.01025
3.30786e-007	-0.009625
3.31286e-007	-0.009625
3.31786e-007	-0.009625
3.32286e-007	-0.009
3.32786e-007	-0.0086875
3.33286e-007	-0.0086875
3.33786e-007	-0.0086875
3.34286e-007	-0.009
3.34786e-007	-0.0086875
3.35286e-007	-0.0099375
3.35786e-007	-0.009625
3.36286e-007	-0.0099375
3.36786e-007	-0.0105625
3.37286e-007	-0.0099375
3.37786e-007	-0.0099375
3.38286e-007	-0.0105625
3.38786e-007	-0.0099375
3.39286e-007	-0.009625
3.39786e-007	-0.01025
3.40286e-007	-0.0105625
3.40786e-007	-0.009625
3.41286e-007	-0.0080625
3.41786e-007	-0.009
3.42286e-007	-0.0086875
3.42786e-007	-0.0086875
3.43286e-007	-0.008375
3.43786e-007	-0.0080625
3.44286e-007	-0.0080625
3.44786e-007	-0.009625
3.45286e-007	-0.0099375
3.45786e-007	-0.0093125
3.46286e-007	-0.0093125
3.46786e-007	-0.01025
3.47286e-007	-0.0099375
3.47786e-007	-0.01025
3.48286e-007	-0.009625
3.48786e-007	-0.0093125
3.49286e-007	-0.0099375
3.49786e-007	-0.0099375
3.50286e-007	-0.009
3.50786e-007	-0.008375
3.51286e-007	-0.0086875
3.51786e-007	-0.0080625
3.52286e-007	-0.0080625
3.52786e-007	-0.00775
3.53286e-007	-0.0080625
3.53786e-007	-0.00775
3.54286e-007	-0.0086875
3.54786e-007	-0.0086875
3.55286e-007	-0.0093125
3.55786e-007	-0.0093125
3.56286e-007	-0.0099375
3.56786e-007	-0.0093125
3.57286e-007	-0.0099375
3.57786e-007	-0.0105625
3.58286e-007	-0.0099375
3.58786e-007	-0.0093125
3.59286e-007	-0.0093125
3.59786e-007	-0.009
3.60286e-007	-0.009
3.60786e-007	-0.0080625
3.61286e-007	-0.00775
3.61786e-007	-0.008375
3.62286e-007	-0.00775
3.62786e-007	-0.00775
3.63286e-007	-0.0074375
3.63786e-007	-0.0080625
3.64286e-007	-0.0080625
3.64786e-007	-0.008375
3.65286e-007	-0.0086875
3.65786e-007	-0.009
3.66286e-007	-0.0093125
3.66786e-007	-0.009625
3.67286e-007	-0.009
3.67786e-007	-0.009
3.68286e-007	-0.009
3.68786e-007	-0.0093125
3.69286e-007	-0.009
3.69786e-007	-0.009
3.70286e-007	-0.008375
3.70786e-007	-0.0080625
3.71286e-007	-0.0080625
3.71786e-007	-0.0074375
3.72286e-007	-0.0080625
3.72786e-007	-0.007125
3.73286e-007	-0.008375
3.73786e-007	-0.008375
3.74286e-007	-0.0080625
3.74786e-007	-0.0080625
3.75286e-007	-0.009
3.75786e-007	-0.008375
3.76286e-007	-0.0086875
3.76786e-007	-0.008375
3.77286e-007	-0.009
3.77786e-007	-0.008375
3.78286e-007	-0.009
3.78786e-007	-0.008375
3.79286e-007	-0.008375
3.79786e-007	-0.007125
3.80286e-007	-0.007125
3.80786e-007	-0.00775
3.81286e-007	-0.00775
3.81786e-007	-0.0074375
3.82286e-007	-0.0074375
3.82786e-007	-0.0080625
3.83286e-007	-0.00775
3.83786e-007	-0.00775
3.84286e-007	-0.008375
3.84786e-007	-0.0086875
3.85286e-007	-0.008375
3.85786e-007	-0.008375
3.86286e-007	-0.0080625
3.86786e-007	-0.008375
3.87286e-007	-0.0080625
3.87786e-007	-0.0080625
3.88286e-007	-0.007125
3.88786e-007	-0.00775
3.89286e-007	-0.00775
3.89786e-007	-0.0074375
3.90286e-007	-0.00775
3.90786e-007	-0.00775
3.91286e-007	-0.007125
3.91786e-007	-0.0074375
3.92286e-007	-0.0080625
3.92786e-007	-0.0080625
3.93286e-007	-0.008375
3.93786e-007	-0.00775
3.94286e-007	-0.0086875
3.94786e-007	-0.009
3.95286e-007	-0.0093125
3.95786e-007	-0.008375
3.96286e-007	-0.0080625
3.96786e-007	-0.00775
3.97286e-007	-0.0080625
3.97786e-007	-0.0074375
3.98286e-007	-0.0080625
3.98786e-007	-0.0061875
3.99286e-007	-0.0068125
3.99786e-007	-0.007125
4.00286e-007	-0.0074375
4.00786e-007	-0.0074375
4.01286e-007	-0.00775
4.01786e-007	-0.00775
4.02286e-007	-0.0080625
4.02786e-007	-0.008375
4.03286e-007	-0.009
4.03786e-007	-0.0086875
4.04286e-007	-0.0086875
4.04786e-007	-0.0086875
4.05286e-007	-0.009
4.05786e-007	-0.0086875
4.06286e-007	-0.0074375
4.06786e-007	-0.0074375
4.07286e-007	-0.0074375
4.07786e-007	-0.007125
4.08286e-007	-0.007125
4.08786e-007	-0.0074375
4.09286e-007	-0.0061875
4.09786e-007	-0.0061875
4.10286e-007	-0.0068125
4.10786e-007	-0.0074375
4.11286e-007	-0.0074375
4.11786e-007	-0.00775
4.12286e-007	-0.008375
4.12786e-007	-0.0086875
4.13286e-007	-0.008375
4.13786e-007	-0.0086875
4.14286e-007	-0.0093125
4.14786e-007	-0.0093125
4.15286e-007	-0.0080625
4.15786e-007	-0.0074375
4.16286e-007	-0.0080625
4.16786e-007	-0.0080625
4.17286e-007	-0.007125
4.17786e-007	-0.005875
4.18286e-007	-0.005875
4.18786e-007	-0.005875
4.19286e-007	-0.0065
4.19786e-007	-0.0061875
4.20286e-007	-0.0068125
4.20786e-007	-0.0068125
4.21286e-007	-0.007125
4.21786e-007	-0.0074375
4.22286e-007	-0.008375
4.22786e-007	-0.00775
4.23286e-007	-0.0086875
4.23786e-007	-0.0080625
4.24286e-007	-0.008375
4.24786e-007	-0.009
4.25286e-007	-0.008375
4.25786e-007	-0.00775
4.26286e-007	-0.007125
4.26786e-007	-0.0068125
4.27286e-007	-0.0065
4.27786e-007	-0.005875
4.28286e-007	-0.0061875
4.28786e-007	-0.0061875
4.29286e-007	-0.005875
4.29786e-007	-0.0065
4.30286e-007	-0.0061875
4.30786e-007	-0.0061875
4.31286e-007	-0.0061875
4.31786e-007	-0.0074375
4.32286e-007	-0.009
4.32786e-007	-0.008375
4.33286e-007	-0.008375
4.33786e-007	-0.009
4.34286e-007	-0.009
4.34786e-007	-0.0080625
4.35286e-007	-0.0074375
4.35786e-007	-0.0074375
4.36286e-007	-0.00775
4.36786e-007	-0.0068125
4.37286e-007	-0.0061875
4.37786e-007	-0.0055625
4.38286e-007	-0.005875
4.38786e-007	-0.005875
4.39286e-007	-0.005875
4.39786e-007	-0.0055625
4.40286e-007	-0.0068125
4.40786e-007	-0.0068125
4.41286e-007	-0.0074375
4.41786e-007	-0.00775
4.42286e-007	-0.008375
4.42786e-007	-0.00775
4.43286e-007	-0.0086875
4.43786e-007	-0.0086875
4.44286e-007	-0.008375
4.44786e-007	-0.00775
4.45286e-007	-0.00775
4.45786e-007	-0.007125
4.46286e-007	-0.0061875
4.46786e-007	-0.005875
4.47286e-007	-0.005875
4.47786e-007	-0.0055625
4.48286e-007	-0.0055625
4.48786e-007	-0.005875
4.49286e-007	-0.00525
4.49786e-007	-0.005875
4.50286e-007	-0.0065
4.50786e-007	-0.0074375
4.51286e-007	-0.0074375
4.51786e-007	-0.008375
4.52286e-007	-0.0086875
4.52786e-007	-0.008375
4.53286e-007	-0.008375
4.53786e-007	-0.008375
4.54286e-007	-0.0080625
4.54786e-007	-0.007125
4.55286e-007	-0.0065
4.55786e-007	-0.0061875
4.56286e-007	-0.0055625
4.56786e-007	-0.00525
4.57286e-007	-0.00525
4.57786e-007	-0.004625
4.58286e-007	-0.0043125
4.58786e-007	-0.004625
4.59286e-007	-0.00525
4.59786e-007	-0.0061875
4.60286e-007	-0.0065
4.60786e-007	-0.0065
4.61286e-007	-0.0068125
4.61786e-007	-0.0080625
4.62286e-007	-0.0086875
4.62786e-007	-0.00775
4.63286e-007	-0.009
4.63786e-007	-0.008375
4.64286e-007	-0.00775
4.64786e-007	-0.0068125
4.65286e-007	-0.0065
4.65786e-007	-0.0061875
4.66286e-007	-0.005875
4.66786e-007	-0.0049375
4.67286e-007	-0.004625
4.67786e-007	-0.00525
4.68286e-007	-0.004625
4.68786e-007	-0.0043125
4.69286e-007	-0.0049375
4.69786e-007	-0.0061875
4.70286e-007	-0.0065
4.70786e-007	-0.007125
4.71286e-007	-0.0074375
4.71786e-007	-0.008375
4.72286e-007	-0.0080625
4.72786e-007	-0.00775
4.73286e-007	-0.009
4.73786e-007	-0.009
4.74286e-007	-0.0074375
4.74786e-007	-0.0065
4.75286e-007	-0.005875
4.75786e-007	-0.0049375
4.76286e-007	-0.0049375
4.76786e-007	-0.0049375
4.77286e-007	-0.004625
4.77786e-007	-0.004
4.78286e-007	-0.0043125
4.78786e-007	-0.004625
4.79286e-007	-0.0055625
4.79786e-007	-0.005875
4.80286e-007	-0.005875
4.80786e-007	-0.0068125
4.81286e-007	-0.00775
4.81786e-007	-0.0080625
4.82286e-007	-0.0086875
4.82786e-007	-0.008375
4.83286e-007	-0.0086875
4.83786e-007	-0.00775
4.84286e-007	-0.0068125
4.84786e-007	-0.005875
4.85286e-007	-0.0055625
4.85786e-007	-0.0049375
4.86286e-007	-0.004625
4.86786e-007	-0.004625
4.87286e-007	-0.0049375
4.87786e-007	-0.004625
4.88286e-007	-0.004625
4.88786e-007	-0.0043125
4.89286e-007	-0.00525
4.89786e-007	-0.0061875
4.90286e-007	-0.0065
4.90786e-007	-0.0068125
4.91286e-007	-0.0074375
4.91786e-007	-0.00775
4.92286e-007	-0.00775
4.92786e-007	-0.00775
4.93286e-007	-0.007125
4.93786e-007	-0.0065
4.94286e-007	-0.0065
4.94786e-007	-0.0065
4.95286e-007	-0.0061875
4.95786e-007	-0.0049375
4.96286e-007	-0.0043125
4.96786e-007	-0.004
4.97286e-007	-0.004
4.97786e-007	-0.0043125
4.98286e-007	-0.004625
4.98786e-007	-0.004625
4.99286e-007	-0.00525
4.99786e-007	-0.005875
5.00286e-007	-0.0061875
5.00786e-007	-0.0068125
5.01286e-007	-0.0074375
5.01786e-007	-0.0074375
5.02286e-007	-0.0080625
5.02786e-007	-0.007125
5.03286e-007	-0.0068125
5.03786e-007	-0.0065
5.04286e-007	-0.0065
5.04786e-007	-0.005875
5.05286e-007	-0.0055625
5.05786e-007	-0.0049375
5.06286e-007	-0.004625
5.06786e-007	-0.004625
5.07286e-007	-0.004
5.07786e-007	-0.004
5.08286e-007	-0.004625
5.08786e-007	-0.0049375
5.09286e-007	-0.0055625
5.09786e-007	-0.0061875
5.10286e-007	-0.0065
5.10786e-007	-0.007125
5.11286e-007	-0.007125
5.11786e-007	-0.0074375
5.12286e-007	-0.007125
5.12786e-007	-0.0065
5.13286e-007	-0.0068125
5.13786e-007	-0.0068125
5.14286e-007	-0.0061875
5.14786e-007	-0.005875
5.15286e-007	-0.0049375
5.15786e-007	-0.004625
5.16286e-007	-0.0043125
5.16786e-007	-0.0043125
5.17286e-007	-0.0036875
5.17786e-007	-0.0043125
5.18286e-007	-0.00525
5.18786e-007	-0.00525
5.19286e-007	-0.005875
5.19786e-007	-0.0055625
5.20286e-007	-0.0061875
5.20786e-007	-0.0068125
5.21286e-007	-0.0065
5.21786e-007	-0.005875
5.22286e-007	-0.007125
5.22786e-007	-0.0068125
5.23286e-007	-0.0065
5.23786e-007	-0.0061875
5.24286e-007	-0.00525
5.24786e-007	-0.004625
5.25286e-007	-0.0049375
5.25786e-007	-0.004
5.26286e-007	-0.004
5.26786e-007	-0.004
5.27286e-007	-0.003375
5.27786e-007	-0.0036875
5.28286e-007	-0.0049375
5.28786e-007	-0.0055625
5.29286e-007	-0.00525
5.29786e-007	-0.00525
5.30286e-007	-0.0065
5.30786e-007	-0.0065
5.31286e-007	-0.0061875
5.31786e-007	-0.0068125
5.32286e-007	-0.0061875
5.32786e-007	-0.007125
5.33286e-007	-0.0068125
5.33786e-007	-0.0061875
5.34286e-007	-0.0055625
5.34786e-007	-0.00525
5.35286e-007	-0.0043125
5.35786e-007	-0.004625
5.36286e-007	-0.0043125
5.36786e-007	-0.0043125
5.37286e-007	-0.0036875
5.37786e-007	-0.004
5.38286e-007	-0.0043125
5.38786e-007	-0.0049375
5.39286e-007	-0.00525
5.39786e-007	-0.0055625
5.40286e-007	-0.0055625
5.40786e-007	-0.0055625
5.41286e-007	-0.005875
5.41786e-007	-0.0061875
5.42286e-007	-0.007125
5.42786e-007	-0.005875
5.43286e-007	-0.0061875
5.43786e-007	-0.0061875
5.44286e-007	-0.00525
5.44786e-007	-0.0049375
5.45286e-007	-0.004625
5.45786e-007	-0.0043125
5.46286e-007	-0.0043125
5.46786e-007	-0.0030625
5.47286e-007	-0.003375
5.47786e-007	-0.004
5.48286e-007	-0.0043125
5.48786e-007	-0.0043125
5.49286e-007	-0.0049375
5.49786e-007	-0.004625
5.50286e-007	-0.0049375
5.50786e-007	-0.0055625
5.51286e-007	-0.005875
5.51786e-007	-0.005875
5.52286e-007	-0.0061875
5.52786e-007	-0.005875
5.53286e-007	-0.0055625
5.53786e-007	-0.0061875
5.54286e-007	-0.0055625
5.54786e-007	-0.0049375
5.55286e-007	-0.0049375
5.55786e-007	-0.00525
5.56286e-007	-0.0043125
5.56786e-007	-0.0049375
5.57286e-007	-0.004
5.57786e-007	-0.0036875
5.58286e-007	-0.004
5.58786e-007	-0.004
5.59286e-007	-0.0043125
5.59786e-007	-0.0043125
5.60286e-007	-0.004625
5.60786e-007	-0.0055625
5.61286e-007	-0.00525
5.61786e-007	-0.005875
5.62286e-007	-0.005875
5.62786e-007	-0.0065
5.63286e-007	-0.0065
5.63786e-007	-0.005875
5.64286e-007	-0.0065
5.64786e-007	-0.0055625
5.65286e-007	-0.005875
5.65786e-007	-0.0061875
5.66286e-007	-0.00525
5.66786e-007	-0.0049375
5.67286e-007	-0.004
5.67786e-007	-0.004
5.68286e-007	-0.004
5.68786e-007	-0.004
5.69286e-007	-0.0043125
5.69786e-007	-0.0036875
5.70286e-007	-0.0049375
5.70786e-007	-0.00525
5.71286e-007	-0.0043125
5.71786e-007	-0.004625
5.72286e-007	-0.0055625
5.72786e-007	-0.0061875
5.73286e-007	-0.0055625
5.73786e-007	-0.0055625
5.74286e-007	-0.0065
5.74786e-007	-0.005875
5.75286e-007	-0.00525
5.75786e-007	-0.005875
5.76286e-007	-0.0055625
5.76786e-007	-0.00525
5.77286e-007	-0.004
5.77786e-007	-0.0043125
5.78286e-007	-0.0036875
5.78786e-007	-0.003375
5.79286e-007	-0.0036875
5.79786e-007	-0.0043125
5.80286e-007	-0.0043125
5.80786e-007	-0.0049375
5.81286e-007	-0.004
5.81786e-007	-0.004625
5.82286e-007	-0.004625
5.82786e-007	-0.0055625
5.83286e-007	-0.00525
5.83786e-007	-0.0055625
5.84286e-007	-0.0061875
5.84786e-007	-0.005875
5.85286e-007	-0.005875
5.85786e-007	-0.00525
5.86286e-007	-0.004625
5.86786e-007	-0.00525
5.87286e-007	-0.0049375
5.87786e-007	-0.004625
5.88286e-007	-0.0043125
5.88786e-007	-0.0036875
5.89286e-007	-0.0036875
5.89786e-007	-0.003375
5.90286e-007	-0.0036875
5.90786e-007	-0.0036875
5.91286e-007	-0.0036875
5.91786e-007	-0.004625
5.92286e-007	-0.0055625
5.92786e-007	-0.0049375
5.93286e-007	-0.0049375
5.93786e-007	-0.00525
5.94286e-007	-0.0055625
5.94786e-007	-0.004625
5.95286e-007	-0.0043125
5.95786e-007	-0.0049375
5.96286e-007	-0.00525
5.96786e-007	-0.0049375
5.97286e-007	-0.004625
5.97786e-007	-0.004625
5.98286e-007	-0.0036875
5.98786e-007	-0.0036875
5.99286e-007	-0.003375
5.99786e-007	-0.003375
6.00286e-007	-0.003375
6.00786e-007	-0.0036875
6.01286e-007	-0.0036875
6.01786e-007	-0.0036875
6.02286e-007	-0.004
6.02786e-007	-0.0049375
6.03286e-007	-0.00525
6.03786e-007	-0.0049375
6.04286e-007	-0.0043125
6.04786e-007	-0.0049375
6.05286e-007	-0.0043125
6.05786e-007	-0.0043125
6.06286e-007	-0.004
6.06786e-007	-0.0043125
6.07286e-007	-0.004
6.07786e-007	-0.0043125
6.08286e-007	-0.004625
6.08786e-007	-0.004
6.09286e-007	-0.004
6.09786e-007	-0.004625
6.10286e-007	-0.0043125
6.10786e-007	-0.0043125
6.11286e-007	-0.004
6.11786e-007	-0.0036875
6.12286e-007	-0.0049375
6.12786e-007	-0.0043125
6.13286e-007	-0.0043125
6.13786e-007	-0.0036875
6.14286e-007	-0.004
6.14786e-007	-0.004
6.15286e-007	-0.004
6.15786e-007	-0.0043125
6.16286e-007	-0.0043125
6.16786e-007	-0.0043125
6.17286e-007	-0.004
6.17786e-007	-0.004
6.18286e-007	-0.0043125
6.18786e-007	-0.0043125
6.19286e-007	-0.004
6.19786e-007	-0.004625
6.20286e-007	-0.004625
6.20786e-007	-0.0043125
6.21286e-007	-0.003375
6.21786e-007	-0.0049375
6.22286e-007	-0.0049375
6.22786e-007	-0.004625
6.23286e-007	-0.004
6.23786e-007	-0.0043125
6.24286e-007	-0.004
6.24786e-007	-0.004
6.25286e-007	-0.003375
6.25786e-007	-0.004
6.26286e-007	-0.0036875
6.26786e-007	-0.004
6.27286e-007	-0.0043125
6.27786e-007	-0.004
6.28286e-007	-0.004
6.28786e-007	-0.0036875
6.29286e-007	-0.004
6.29786e-007	-0.0043125
6.30286e-007	-0.004
6.30786e-007	-0.0049375
6.31286e-007	-0.004625
6.31786e-007	-0.004
6.32286e-007	-0.0043125
6.32786e-007	-0.004
6.33286e-007	-0.004
6.33786e-007	-0.0036875
6.34286e-007	-0.0036875
6.34786e-007	-0.0036875
6.35286e-007	-0.003375
6.35786e-007	-0.0030625
6.36286e-007	-0.003375
6.36786e-007	-0.003375
6.37286e-007	-0.003375
6.37786e-007	-0.003375
6.38286e-007	-0.004
6.38786e-007	-0.004
6.39286e-007	-0.0036875
6.39786e-007	-0.0043125
6.40286e-007	-0.004625
6.40786e-007	-0.0043125
6.41286e-007	-0.0036875
6.41786e-007	-0.0043125
6.42286e-007	-0.0049375
6.42786e-007	-0.0049375
6.43286e-007	-0.0049375
6.43786e-007	-0.0036875
6.44286e-007	-0.0036875
6.44786e-007	-0.0049375
6.45286e-007	-0.0043125
6.45786e-007	-0.004625
6.46286e-007	-0.004
6.46786e-007	-0.0036875
6.47286e-007	-0.003375
6.47786e-007	-0.003375
6.48286e-007	-0.0036875
6.48786e-007	-0.0036875
6.49286e-007	-0.0036875
6.49786e-007	-0.0043125
6.50286e-007	-0.0043125
6.50786e-007	-0.0043125
6.51286e-007	-0.0036875
6.51786e-007	-0.004
6.52286e-007	-0.0043125
6.52786e-007	-0.004625
6.53286e-007	-0.004625
6.53786e-007	-0.0043125
6.54286e-007	-0.004
6.54786e-007	-0.0049375
6.55286e-007	-0.0043125
6.55786e-007	-0.0036875
6.56286e-007	-0.0036875
6.56786e-007	-0.0036875
6.57286e-007	-0.0036875
6.57786e-007	-0.0036875
6.58286e-007	-0.0036875
6.58786e-007	-0.0043125
6.59286e-007	-0.0036875
6.59786e-007	-0.004
6.60286e-007	-0.0043125
6.60786e-007	-0.0036875
6.61286e-007	-0.003375
6.61786e-007	-0.004
6.62286e-007	-0.0036875
6.62786e-007	-0.0030625
6.63286e-007	-0.003375
6.63786e-007	-0.0043125
6.64286e-007	-0.0049375
6.64786e-007	-0.0043125
6.65286e-007	-0.0036875
6.65786e-007	-0.0043125
6.66286e-007	-0.004
6.66786e-007	-0.0036875
6.67286e-007	-0.004
6.67786e-007	-0.0043125
6.68286e-007	-0.004
6.68786e-007	-0.0036875
6.69286e-007	-0.0036875
6.69786e-007	-0.0036875
6.70286e-007	-0.0030625
6.70786e-007	-0.00275
6.71286e-007	-0.00275
6.71786e-007	-0.003375
6.72286e-007	-0.0030625
6.72786e-007	-0.0030625
6.73286e-007	-0.0030625
6.73786e-007	-0.0036875
6.74286e-007	-0.0036875
6.74786e-007	-0.0049375
6.75286e-007	-0.004625
6.75786e-007	-0.0043125
6.76286e-007	-0.004625
6.76786e-007	-0.0049375
6.77286e-007	-0.0043125
6.77786e-007	-0.0049375
6.78286e-007	-0.0043125
6.78786e-007	-0.0036875
6.79286e-007	-0.0030625
6.79786e-007	-0.003375
6.80286e-007	-0.0036875
6.80786e-007	-0.0024375
6.81286e-007	-0.002125
6.81786e-007	-0.0024375
6.82286e-007	-0.00275
6.82786e-007	-0.0030625
6.83286e-007	-0.0024375
6.83786e-007	-0.0024375
6.84286e-007	-0.0036875
6.84786e-007	-0.0043125
6.85286e-007	-0.0043125
6.85786e-007	-0.0049375
6.86286e-007	-0.0049375
6.86786e-007	-0.004625
6.87286e-007	-0.0055625
6.87786e-007	-0.0049375
6.88286e-007	-0.004625
6.88786e-007	-0.0049375
6.89286e-007	-0.0036875
6.89786e-007	-0.0030625
6.90286e-007	-0.0030625
6.90786e-007	-0.0024375
6.91286e-007	-0.00275
6.91786e-007	-0.002125
6.92286e-007	-0.0015
6.92786e-007	-0.0018125
6.93286e-007	-0.002125
6.93786e-007	-0.0030625
6.94286e-007	-0.003375
6.94786e-007	-0.004
6.95286e-007	-0.0036875
6.95786e-007	-0.004625
6.96286e-007	-0.0055625
6.96786e-007	-0.00525
6.97286e-007	-0.0055625
6.97786e-007	-0.0049375
6.98286e-007	-0.004625
6.98786e-007	-0.004
6.99286e-007	-0.0036875
6.99786e-007	-0.0036875
7.00286e-007	-0.0024375
7.00786e-007	-0.002125
7.01286e-007	-0.002125
7.01786e-007	-0.0024375
7.02286e-007	-0.002125
7.02786e-007	-0.002125
7.03286e-007	-0.0030625
7.03786e-007	-0.002125
7.04286e-007	-0.00275
7.04786e-007	-0.0043125
7.05286e-007	-0.0043125
7.05786e-007	-0.0043125
7.06286e-007	-0.0043125
7.06786e-007	-0.0049375
7.07286e-007	-0.0055625
7.07786e-007	-0.0049375
7.08286e-007	-0.004625
7.08786e-007	-0.0036875
7.09286e-007	-0.0036875
7.09786e-007	-0.0036875
7.10286e-007	-0.002125
7.10786e-007	-0.0018125
7.11286e-007	-0.0018125
7.11786e-007	-0.002125
7.12286e-007	-0.0018125
7.12786e-007	-0.0018125
7.13286e-007	-0.003375
7.13786e-007	-0.00275
7.14286e-007	-0.00275
7.14786e-007	-0.003375
7.15286e-007	-0.0036875
7.15786e-007	-0.0043125
7.16286e-007	-0.004
7.16786e-007	-0.0043125
7.17286e-007	-0.0043125
7.17786e-007	-0.004625
7.18286e-007	-0.0049375
7.18786e-007	-0.004
7.19286e-007	-0.0030625
7.19786e-007	-0.0030625
7.20286e-007	-0.0030625
7.20786e-007	-0.00275
7.21286e-007	-0.0018125
7.21786e-007	-0.0018125
7.22286e-007	-0.002125
7.22786e-007	-0.002125
7.23286e-007	-0.00275
7.23786e-007	-0.00275
7.24286e-007	-0.0036875
7.24786e-007	-0.004625
7.25286e-007	-0.003375
7.25786e-007	-0.003375
7.26286e-007	-0.003375
7.26786e-007	-0.004625
7.27286e-007	-0.004
7.27786e-007	-0.0036875
7.28286e-007	-0.0043125
7.28786e-007	-0.0030625
7.29286e-007	-0.0030625
7.29786e-007	-0.00275
7.30286e-007	-0.002125
7.30786e-007	-0.0024375
7.31286e-007	-0.002125
7.31786e-007	-0.0030625
7.32286e-007	-0.003375
7.32786e-007	-0.00275
7.33286e-007	-0.0030625
7.33786e-007	-0.0030625
7.34286e-007	-0.0043125
7.34786e-007	-0.0043125
7.35286e-007	-0.003375
7.35786e-007	-0.0043125
7.36286e-007	-0.0043125
7.36786e-007	-0.004
7.37286e-007	-0.003375
7.37786e-007	-0.003375
7.38286e-007	-0.0036875
7.38786e-007	-0.003375
7.39286e-007	-0.003375
7.39786e-007	-0.0024375
7.40286e-007	-0.00275
7.40786e-007	-0.0030625
7.41286e-007	-0.0015
7.41786e-007	-0.00275
7.42286e-007	-0.00275
7.42786e-007	-0.00275
7.43286e-007	-0.003375
7.43786e-007	-0.003375
7.44286e-007	-0.0036875
7.44786e-007	-0.004
7.45286e-007	-0.0036875
7.45786e-007	-0.0036875
7.46286e-007	-0.003375
7.46786e-007	-0.004
7.47286e-007	-0.003375
7.47786e-007	-0.0030625
7.48286e-007	-0.00275
7.48786e-007	-0.0030625
7.49286e-007	-0.0030625
7.49786e-007	-0.0024375
7.50286e-007	-0.0024375
7.50786e-007	-0.00275
7.51286e-007	-0.00275
7.51786e-007	-0.00275
7.52286e-007	-0.0030625
7.52786e-007	-0.0030625
7.53286e-007	-0.003375
7.53786e-007	-0.0036875
7.54286e-007	-0.0036875
7.54786e-007	-0.004625
7.55286e-007	-0.0036875
7.55786e-007	-0.003375
7.56286e-007	-0.0036875
7.56786e-007	-0.0036875
7.57286e-007	-0.00275
7.57786e-007	-0.0024375
7.58286e-007	-0.0024375
7.58786e-007	-0.00275
7.59286e-007	-0.0024375
7.59786e-007	-0.0024375
7.60286e-007	-0.0024375
7.60786e-007	-0.0018125
7.61286e-007	-0.002125
7.61786e-007	-0.00275
7.62286e-007	-0.0030625
7.62786e-007	-0.0030625
7.63286e-007	-0.00275
7.63786e-007	-0.003375
7.64286e-007	-0.004
7.64786e-007	-0.0043125
7.65286e-007	-0.004
7.65786e-007	-0.003375
7.66286e-007	-0.0030625
7.66786e-007	-0.003375
7.67286e-007	-0.003375
7.67786e-007	-0.0024375
7.68286e-007	-0.002125
7.68786e-007	-0.00275
7.69286e-007	-0.0030625
7.69786e-007	-0.0024375
7.70286e-007	-0.0024375
7.70786e-007	-0.0024375
7.71286e-007	-0.0024375
7.71786e-007	-0.00275
7.72286e-007	-0.00275
7.72786e-007	-0.0024375
7.73286e-007	-0.0024375
7.73786e-007	-0.004
7.74286e-007	-0.0036875
7.74786e-007	-0.003375
7.75286e-007	-0.00275
7.75786e-007	-0.0036875
7.76286e-007	-0.003375
7.76786e-007	-0.002125
7.77286e-007	-0.00275
7.77786e-007	-0.00275
7.78286e-007	-0.0030625
7.78786e-007	-0.0030625
7.79286e-007	-0.0024375
7.79786e-007	-0.002125
7.80286e-007	-0.0018125
7.80786e-007	-0.0018125
7.81286e-007	-0.00275
7.81786e-007	-0.0024375
7.82286e-007	-0.002125
7.82786e-007	-0.0024375
7.83286e-007	-0.00275
7.83786e-007	-0.00275
7.84286e-007	-0.0030625
7.84786e-007	-0.003375
7.85286e-007	-0.00275
7.85786e-007	-0.0024375
7.86286e-007	-0.0030625
7.86786e-007	-0.00275
7.87286e-007	-0.0030625
7.87786e-007	-0.0024375
7.88286e-007	-0.0024375
7.88786e-007	-0.00275
7.89286e-007	-0.0030625
7.89786e-007	-0.0036875
7.90286e-007	-0.0024375
7.90786e-007	-0.0024375
7.91286e-007	-0.0024375
7.91786e-007	-0.00275
7.92286e-007	-0.00275
7.92786e-007	-0.0018125
7.93286e-007	-0.0024375
7.93786e-007	-0.00275
7.94286e-007	-0.0024375
7.94786e-007	-0.0024375
7.95286e-007	-0.002125
7.95786e-007	-0.00275
7.96286e-007	-0.00275
7.96786e-007	-0.0030625
7.97286e-007	-0.00275
7.97786e-007	-0.00275
7.98286e-007	-0.0030625
7.98786e-007	-0.00275
7.99286e-007	-0.003375
7.99786e-007	-0.0036875
8.00286e-007	-0.00275
8.00786e-007	-0.0024375
8.01286e-007	-0.002125
8.01786e-007	-0.0024375
8.02286e-007	-0.00275
8.02786e-007	-0.0024375
8.03286e-007	-0.0024375
8.03786e-007	-0.0024375
8.04286e-007	-0.0024375
8.04786e-007	-0.0018125
8.05286e-007	-0.0018125
8.05786e-007	-0.0024375
8.06286e-007	-0.0024375
8.06786e-007	-0.0030625
8.07286e-007	-0.0030625
8.07786e-007	-0.00275
8.08286e-007	-0.0030625
8.08786e-007	-0.0030625
8.09286e-007	-0.0030625
8.09786e-007	-0.003375
8.10286e-007	-0.0036875
8.10786e-007	-0.0030625
8.11286e-007	-0.0024375
8.11786e-007	-0.0030625
8.12286e-007	-0.0030625
8.12786e-007	-0.00275
8.13286e-007	-0.002125
8.13786e-007	-0.0018125
8.14286e-007	-0.002125
8.14786e-007	-0.002125
8.15286e-007	-0.00275
8.15786e-007	-0.0030625
8.16286e-007	-0.0024375
8.16786e-007	-0.0024375
8.17286e-007	-0.00275
8.17786e-007	-0.003375
8.18286e-007	-0.0024375
8.18786e-007	-0.00275
8.19286e-007	-0.003375
8.19786e-007	-0.0030625
8.20286e-007	-0.00275
8.20786e-007	-0.0024375
8.21286e-007	-0.002125
8.21786e-007	-0.002125
8.22286e-007	-0.00275
8.22786e-007	-0.00275
8.23286e-007	-0.0015
8.23786e-007	-0.0015
8.24286e-007	-0.002125
8.24786e-007	-0.0024375
8.25286e-007	-0.0024375
8.25786e-007	-0.002125
8.26286e-007	-0.0018125
8.26786e-007	-0.00275
8.27286e-007	-0.00275
8.27786e-007	-0.0030625
8.28286e-007	-0.00275
8.28786e-007	-0.00275
8.29286e-007	-0.0030625
8.29786e-007	-0.0030625
8.30286e-007	-0.0030625
8.30786e-007	-0.0030625
8.31286e-007	-0.0030625
8.31786e-007	-0.0024375
8.32286e-007	-0.002125
8.32786e-007	-0.0018125
8.33286e-007	-0.002125
8.33786e-007	-0.00275
8.34286e-007	-0.00275
8.34786e-007	-0.002125
8.35286e-007	-0.002125
8.35786e-007	-0.0018125
8.36286e-007	-0.0024375
8.36786e-007	-0.0030625
8.37286e-007	-0.0030625
8.37786e-007	-0.0024375
8.38286e-007	-0.0024375
8.38786e-007	-0.0024375
8.39286e-007	-0.0024375
8.39786e-007	-0.0030625
8.40286e-007	-0.0030625
8.40786e-007	-0.0024375
8.41286e-007	-0.00275
8.41786e-007	-0.0024375
8.42286e-007	-0.0024375
8.42786e-007	-0.002125
8.43286e-007	-0.0015
8.43786e-007	-0.0024375
8.44286e-007	-0.00275
8.44786e-007	-0.002125
8.45286e-007	-0.0011875
8.45786e-007	-0.0018125
8.46286e-007	-0.0024375
8.46786e-007	-0.0030625
8.47286e-007	-0.0030625
8.47786e-007	-0.0030625
8.48286e-007	-0.0024375
8.48786e-007	-0.00275
8.49286e-007	-0.0030625
8.49786e-007	-0.0024375
8.50286e-007	-0.00275
8.50786e-007	-0.0024375
8.51286e-007	-0.0011875
8.51786e-007	-0.0018125
8.52286e-007	-0.0024375
8.52786e-007	-0.0024375
8.53286e-007	-0.0024375
8.53786e-007	-0.0015
8.54286e-007	-0.0015
8.54786e-007	-0.0015
8.55286e-007	-0.0018125
8.55786e-007	-0.0018125
8.56286e-007	-0.002125
8.56786e-007	-0.00275
8.57286e-007	-0.0024375
8.57786e-007	-0.00275
8.58286e-007	-0.00275
8.58786e-007	-0.0024375
8.59286e-007	-0.0024375
8.59786e-007	-0.0018125
8.60286e-007	-0.0024375
8.60786e-007	-0.002125
8.61286e-007	-0.002125
8.61786e-007	-0.0024375
8.62286e-007	-0.002125
8.62786e-007	-0.0018125
8.63286e-007	-0.0018125
8.63786e-007	-0.0018125
8.64286e-007	-0.0018125
8.64786e-007	-0.002125
8.65286e-007	-0.0015
8.65786e-007	-0.0018125
8.66286e-007	-0.0015
8.66786e-007	-0.0018125
8.67286e-007	-0.002125
8.67786e-007	-0.002125
8.68286e-007	-0.002125
8.68786e-007	-0.0024375
8.69286e-007	-0.0024375
8.69786e-007	-0.0018125
8.70286e-007	-0.0024375
8.70786e-007	-0.0024375
8.71286e-007	-0.0018125
8.71786e-007	-0.002125
8.72286e-007	-0.002125
8.72786e-007	-0.0018125
8.73286e-007	-0.0024375
8.73786e-007	-0.0024375
8.74286e-007	-0.0024375
8.74786e-007	-0.0015
8.75286e-007	-0.0015
8.75786e-007	-0.0011875
8.76286e-007	-0.0015
8.76786e-007	-0.0024375
8.77286e-007	-0.0015
8.77786e-007	-0.0011875
8.78286e-007	-0.002125
8.78786e-007	-0.002125
8.79286e-007	-0.0024375
8.79786e-007	-0.0011875
8.80286e-007	-0.0015
8.80786e-007	-0.0024375
8.81286e-007	-0.00275
8.81786e-007	-0.0024375
8.82286e-007	-0.002125
8.82786e-007	-0.00275
8.83286e-007	-0.0024375
8.83786e-007	-0.0018125
8.84286e-007	-0.0024375
8.84786e-007	-0.0018125
8.85286e-007	-0.0015
8.85786e-007	-0.002125
8.86286e-007	-0.0015
8.86786e-007	-0.0015
8.87286e-007	-0.000875
8.87786e-007	-0.0005625
8.88286e-007	-0.0011875
8.88786e-007	-0.0011875
8.89286e-007	-0.0015
8.89786e-007	-0.0024375
8.90286e-007	-0.0024375
8.90786e-007	-0.0024375
8.91286e-007	-0.002125
8.91786e-007	-0.0030625
8.92286e-007	-0.0036875
8.92786e-007	-0.0024375
8.93286e-007	-0.002125
8.93786e-007	-0.0024375
8.94286e-007	-0.00275
8.94786e-007	-0.0018125
8.95286e-007	-0.0018125
8.95786e-007	-0.0015
8.96286e-007	-0.0018125
8.96786e-007	-0.0015
8.97286e-007	-0.000875
8.97786e-007	-0.0005625
8.98286e-007	-0.0018125
8.98786e-007	-0.0011875
8.99286e-007	-0.0011875
8.99786e-007	-0.0011875
9.00286e-007	-0.0018125
9.00786e-007	-0.0018125
9.01286e-007	-0.0024375
9.01786e-007	-0.0024375
9.02286e-007	-0.0024375
9.02786e-007	-0.00275
9.03286e-007	-0.003375
9.03786e-007	-0.0024375
9.04286e-007	-0.002125
9.04786e-007	-0.002125
9.05286e-007	-0.0018125
9.05786e-007	-0.0015
9.06286e-007	-0.0015
9.06786e-007	-0.000875
9.07286e-007	-0.00025
9.07786e-007	-0.0011875
9.08286e-007	-0.0011875
9.08786e-007	-0.0011875
9.09286e-007	-0.0011875
9.09786e-007	-0.0011875
9.10286e-007	-0.002125
9.10786e-007	-0.002125
9.11286e-007	-0.0024375
9.11786e-007	-0.00275
9.12286e-007	-0.0030625
9.12786e-007	-0.0030625
9.13286e-007	-0.0024375
9.13786e-007	-0.0018125
9.14286e-007	-0.0018125
9.14786e-007	-0.0024375
9.15286e-007	-0.0024375
9.15786e-007	-0.002125
9.16286e-007	-0.002125
9.16786e-007	-0.0011875
9.17286e-007	-0.000875
9.17786e-007	-0.0011875
9.18286e-007	-0.0005625
9.18786e-007	-0.0011875
9.19286e-007	-0.0011875
9.19786e-007	-0.0018125
9.20286e-007	-0.002125
9.20786e-007	-0.0015
9.21286e-007	-0.0015
9.21786e-007	-0.002125
9.22286e-007	-0.0030625
9.22786e-007	-0.002125
9.23286e-007	-0.0015
9.23786e-007	-0.00275
9.24286e-007	-0.00275
9.24786e-007	-0.002125
9.25286e-007	-0.0018125
9.25786e-007	-0.0018125
9.26286e-007	-0.002125
9.26786e-007	-0.0011875
9.27286e-007	-0.002125
9.27786e-007	-0.0018125
9.28286e-007	-0.0015
9.28786e-007	-0.000875
9.29286e-007	-0.000875
9.29786e-007	-0.0018125
9.30286e-007	-0.002125
9.30786e-007	-0.0018125
9.31286e-007	-0.002125
9.31786e-007	-0.0018125
9.32286e-007	-0.002125
9.32786e-007	-0.0018125
9.33286e-007	-0.0015
9.33786e-007	-0.002125
9.34286e-007	-0.002125
9.34786e-007	-0.002125
9.35286e-007	-0.0024375
9.35786e-007	-0.0024375
9.36286e-007	-0.0024375
9.36786e-007	-0.0015
9.37286e-007	-0.002125
9.37786e-007	-0.0018125
9.38286e-007	-0.0011875
9.38786e-007	-0.0018125
9.39286e-007	-0.0024375
9.39786e-007	-0.0018125
9.40286e-007	-0.0011875
9.40786e-007	-0.0011875
9.41286e-007	-0.0015
9.41786e-007	-0.0015
9.42286e-007	-0.002125
9.42786e-007	-0.0018125
9.43286e-007	-0.0018125
9.43786e-007	-0.0015
9.44286e-007	-0.0011875
9.44786e-007	-0.0011875
9.45286e-007	-0.0011875
9.45786e-007	-0.0015
9.46286e-007	-0.002125
9.46786e-007	-0.0015
9.47286e-007	-0.0018125
9.47786e-007	-0.0011875
9.48286e-007	-0.002125
9.48786e-007	-0.002125
9.49286e-007	-0.0018125
9.49786e-007	-0.0018125
9.50286e-007	-0.0011875
9.50786e-007	-0.0011875
9.51286e-007	-0.0018125
9.51786e-007	-0.0015
9.52286e-007	-0.0018125
9.52786e-007	-0.0015
9.53286e-007	-0.0018125
9.53786e-007	-0.000875
9.54286e-007	-0.000875
9.54786e-007	-0.0015
9.55286e-007	-0.0015
9.55786e-007	-0.0015
9.56286e-007	-0.000875
9.56786e-007	-0.0011875
9.57286e-007	-0.002125
9.57786e-007	-0.002125
9.58286e-007	-0.002125
9.58786e-007	-0.0015
9.59286e-007	-0.0018125
9.59786e-007	-0.0018125
9.60286e-007	-0.002125
9.60786e-007	-0.0024375
9.61286e-007	-0.0011875
9.61786e-007	-0.0011875
9.62286e-007	-0.0018125
9.62786e-007	-0.0018125
9.63286e-007	-0.0018125
9.63786e-007	-0.0015
9.64286e-007	-0.0011875
9.64786e-007	-0.0005625
9.65286e-007	-0.000875
9.65786e-007	-0.0011875
9.66286e-007	-0.0011875
9.66786e-007	-0.0018125
9.67286e-007	-0.0011875
9.67786e-007	-0.0011875
9.68286e-007	-0.0011875
9.68786e-007	-0.0015
9.69286e-007	-0.0024375
9.69786e-007	-0.0018125
9.70286e-007	-0.0015
9.70786e-007	-0.0018125
9.71286e-007	-0.0015
9.71786e-007	-0.0018125
9.72286e-007	-0.002125
9.72786e-007	-0.0024375
9.73286e-007	-0.0015
9.73786e-007	-0.0005625
9.74286e-007	-0.0015
9.74786e-007	-0.0011875
9.75286e-007	-0.0011875
9.75786e-007	-0.000875
9.76286e-007	-0.0018125
9.76786e-007	-0.0015
9.77286e-007	-0.00025
9.77786e-007	-0.000875
9.78286e-007	-0.002125
9.78786e-007	-0.0015
9.79286e-007	-0.0011875
9.79786e-007	-0.0015
9.80286e-007	-0.002125
9.80786e-007	-0.0024375
9.81286e-007	-0.0024375
9.81786e-007	-0.002125
9.82286e-007	-0.0024375
9.82786e-007	-0.002125
9.83286e-007	-0.0018125
9.83786e-007	-0.0011875
9.84286e-007	-0.0015
9.84786e-007	-0.0011875
9.85286e-007	-0.0005625
9.85786e-007	-0.0011875
9.86286e-007	-0.0011875
9.86786e-007	-0.0005625
9.87286e-007	-0.0005625
9.87786e-007	-0.0011875
9.88286e-007	-0.0011875
9.88786e-007	-0.0015
9.89286e-007	-0.0018125
9.89786e-007	-0.0011875
9.90286e-007	-0.0018125
9.90786e-007	-0.0024375
9.91286e-007	-0.0018125
9.91786e-007	-0.0018125
9.92286e-007	-0.0018125
9.92786e-007	-0.0018125
9.93286e-007	-0.0018125
9.93786e-007	-0.0018125
9.94286e-007	-0.0018125
9.94786e-007	-0.0011875
9.95286e-007	-0.000875
9.95786e-007	-0.000875
9.96286e-007	-0.0011875
9.96786e-007	-0.0011875
9.97286e-007	-0.000875
9.97786e-007	-0.0011875
9.98286e-007	-0.000875
9.98786e-007	-0.0005625
9.99286e-007	-0.0018125
9.99786e-007	-0.0011875
1.000286e-006	-0.000875
1.000786e-006	-0.0015
1.001286e-006	-0.0018125
1.001786e-006	-0.0015
1.002286e-006	-0.0018125
1.002786e-006	-0.0011875
1.003286e-006	-0.0018125
1.003786e-006	-0.0018125
1.004286e-006	-0.0011875
1.004786e-006	-0.0005625
1.005286e-006	-0.000875
1.005786e-006	-0.000875
1.006286e-006	-0.0011875
1.006786e-006	-0.002125
1.007286e-006	-0.0018125
1.007786e-006	-0.0015
1.008286e-006	-0.0011875
1.008786e-006	-0.0015
1.009286e-006	-0.0015
1.009786e-006	-0.0011875
1.010286e-006	-0.0011875
1.010786e-006	-0.0018125
1.011286e-006	-0.0015
1.011786e-006	-0.0015
1.012286e-006	-0.0018125
1.012786e-006	-0.0015
1.013286e-006	-0.0018125
1.013786e-006	-0.0015
1.014286e-006	-0.000875
1.014786e-006	-0.0011875
1.015286e-006	-0.0015
1.015786e-006	-0.0011875
1.016286e-006	-0.0015
1.016786e-006	-0.0011875
1.017286e-006	-0.002125
1.017786e-006	-0.0018125
1.018286e-006	-0.0018125
1.018786e-006	-0.0015
1.019286e-006	-0.0015
1.019786e-006	-0.0015
1.020286e-006	-0.0018125
1.020786e-006	-0.0011875
1.021286e-006	-0.0011875
1.021786e-006	-0.0011875
1.022286e-006	-0.0011875
1.022786e-006	-0.0005625
1.023286e-006	-0.0011875
1.023786e-006	-0.0011875
1.024286e-006	-0.0018125
1.024786e-006	-0.0011875
1.025286e-006	-0.0005625
1.025786e-006	-0.000875
1.026286e-006	-0.0018125
1.026786e-006	-0.0011875
1.027286e-006	-0.0018125
1.027786e-006	-0.0018125
1.028286e-006	-0.0018125
1.028786e-006	-0.002125
1.029286e-006	-0.002125
1.029786e-006	-0.002125
1.030286e-006	-0.0015
1.030786e-006	-0.0015
1.031286e-006	-0.0011875
1.031786e-006	-0.000875
1.032286e-006	-0.0011875
1.032786e-006	-0.0005625
1.033286e-006	-0.0005625
1.033786e-006	-0.000875
1.034286e-006	-0.0005625
1.034786e-006	-0.0011875
1.035286e-006	-0.0011875
1.035786e-006	-0.0018125
1.036286e-006	-0.0015
1.036786e-006	-0.0011875
1.037286e-006	-0.0018125
1.037786e-006	-0.00275
1.038286e-006	-0.002125
1.038786e-006	-0.002125
1.039286e-006	-0.002125
1.039786e-006	-0.0018125
1.040286e-006	-0.0018125
1.040786e-006	-0.0011875
1.041286e-006	-0.000875
1.041786e-006	-0.000875
1.042286e-006	-0.0011875
1.042786e-006	-0.0005625
1.043286e-006	6.25e-005
1.043786e-006	6.25e-005
1.044286e-006	-0.000875
1.044786e-006	-0.000875
1.045286e-006	-0.000875
1.045786e-006	-0.0011875
1.046286e-006	-0.0015
1.046786e-006	-0.0018125
1.047286e-006	-0.0024375
1.047786e-006	-0.0018125
1.048286e-006	-0.0030625
1.048786e-006	-0.003375
1.049286e-006	-0.002125
1.049786e-006	-0.0018125
1.050286e-006	-0.0024375
1.050786e-006	-0.0015
1.051286e-006	-0.0005625
1.051786e-006	-0.0005625
1.052286e-006	-0.000875
1.052786e-006	-0.00025
1.053286e-006	6.25e-005
1.053786e-006	6.25e-005
1.054286e-006	-0.0005625
1.054786e-006	-0.000875
1.055286e-006	-0.00025
1.055786e-006	-0.0011875
1.056286e-006	-0.0011875
1.056786e-006	-0.0011875
1.057286e-006	-0.0015
1.057786e-006	-0.0011875
1.058286e-006	-0.0011875
1.058786e-006	-0.0018125
1.059286e-006	-0.0024375
1.059786e-006	-0.0015
1.060286e-006	-0.0018125
1.060786e-006	-0.0011875
1.061286e-006	-0.0011875
1.061786e-006	-0.0011875
1.062286e-006	-0.000875
1.062786e-006	0.000375
1.063286e-006	-0.0005625
1.063786e-006	-0.000875
1.064286e-006	-0.0011875
1.064786e-006	-0.000875
1.065286e-006	-0.0011875
1.065786e-006	-0.0011875
1.066286e-006	-0.0011875
1.066786e-006	-0.0015
1.067286e-006	-0.0024375
1.067786e-006	-0.002125
1.068286e-006	-0.002125
1.068786e-006	-0.002125
1.069286e-006	-0.0015
1.069786e-006	-0.0011875
1.070286e-006	-0.0011875
1.070786e-006	-0.0005625
1.071286e-006	-0.00025
1.071786e-006	-0.00025
1.072286e-006	-0.000875
1.072786e-006	-0.00025
1.073286e-006	6.25e-005
1.073786e-006	-0.0005625
1.074286e-006	-0.0015
1.074786e-006	-0.0011875
1.075286e-006	-0.000875
1.075786e-006	-0.000875
1.076286e-006	-0.0018125
1.076786e-006	-0.0024375
1.077286e-006	-0.002125
1.077786e-006	-0.0018125
1.078286e-006	-0.0018125
1.078786e-006	-0.0011875
1.079286e-006	-0.0011875
1.079786e-006	-0.000875
1.080286e-006	-0.000875
1.080786e-006	-0.0005625
1.081286e-006	-0.0005625
1.081786e-006	-0.0005625
1.082286e-006	-0.0005625
1.082786e-006	-0.0005625
1.083286e-006	-0.0005625
1.083786e-006	-0.000875
1.084286e-006	-0.000875
1.084786e-006	-0.000875
1.085286e-006	-0.0024375
1.085786e-006	-0.0024375
1.086286e-006	-0.0018125
1.086786e-006	-0.0015
1.087286e-006	-0.0024375
1.087786e-006	-0.0018125
1.088286e-006	-0.0011875
1.088786e-006	-0.0011875
1.089286e-006	-0.0018125
1.089786e-006	-0.0011875
1.090286e-006	-0.0005625
1.090786e-006	6.25e-005
1.091286e-006	0.000375
1.091786e-006	0.000375
1.092286e-006	-0.00025
1.092786e-006	-0.0005625
1.093286e-006	-0.00025
1.093786e-006	-0.000875
1.094286e-006	-0.0015
1.094786e-006	-0.0018125
1.095286e-006	-0.0015
1.095786e-006	-0.0024375
1.096286e-006	-0.0024375
1.096786e-006	-0.0018125
1.097286e-006	-0.002125
1.097786e-006	-0.0024375
1.098286e-006	-0.0015
1.098786e-006	-0.0011875
1.099286e-006	-0.00025
1.099786e-006	-0.00025
1.100286e-006	-0.0005625
1.100786e-006	-0.0005625
1.101286e-006	0.000375
1.101786e-006	6.25e-005
1.102286e-006	-0.00025
1.102786e-006	0.000375
1.103286e-006	-0.0005625
1.103786e-006	-0.0011875
1.104286e-006	-0.0011875
1.104786e-006	-0.0018125
1.105286e-006	-0.002125
1.105786e-006	-0.002125
1.106286e-006	-0.0030625
1.106786e-006	-0.0024375
1.107286e-006	-0.002125
1.107786e-006	-0.0024375
1.108286e-006	-0.0024375
1.108786e-006	-0.0015
1.109286e-006	-0.000875
1.109786e-006	-0.000875
1.110286e-006	-0.000875
1.110786e-006	0.0006875
1.111286e-006	0.0013125
1.111786e-006	0.0006875
1.112286e-006	-0.00025
1.112786e-006	6.25e-005
1.113286e-006	-0.00025
1.113786e-006	-0.0011875
1.114286e-006	-0.0011875
1.114786e-006	-0.0018125
1.115286e-006	-0.002125
1.115786e-006	-0.002125
1.116286e-006	-0.0024375
1.116786e-006	-0.0030625
1.117286e-006	-0.0030625
1.117786e-006	-0.0018125
1.118286e-006	-0.000875
1.118786e-006	-0.0011875
1.119286e-006	-0.0011875
1.119786e-006	-0.000875
1.120286e-006	-0.00025
1.120786e-006	6.25e-005
1.121286e-006	6.25e-005
1.121786e-006	0.001
1.122286e-006	0.001
1.122786e-006	-0.0005625
1.123286e-006	6.25e-005
1.123786e-006	-0.00025
1.124286e-006	-0.00025
1.124786e-006	-0.0011875
1.125286e-006	-0.002125
1.125786e-006	-0.002125
1.126286e-006	-0.002125
1.126786e-006	-0.002125
1.127286e-006	-0.0024375
1.127786e-006	-0.002125
1.128286e-006	-0.0011875
1.128786e-006	-0.0011875
1.129286e-006	-0.0011875
1.129786e-006	-0.000875
1.130286e-006	-0.000875
1.130786e-006	6.25e-005
1.131286e-006	-0.00025
1.131786e-006	-0.0005625
1.132286e-006	6.25e-005
1.132786e-006	6.25e-005
1.133286e-006	-0.00025
1.133786e-006	6.25e-005
1.134286e-006	6.25e-005
1.134786e-006	-0.000875
1.135286e-006	-0.0011875
1.135786e-006	-0.0015
1.136286e-006	-0.0024375
1.136786e-006	-0.0018125
1.137286e-006	-0.0015
1.137786e-006	-0.002125
1.138286e-006	-0.0015
1.138786e-006	-0.0015
1.139286e-006	-0.0015
1.139786e-006	-0.000875
1.140286e-006	-0.0005625
1.140786e-006	-0.0005625
1.141286e-006	-0.0005625
1.141786e-006	-0.0005625
1.142286e-006	-0.00025
1.142786e-006	-0.0005625
1.143286e-006	-0.0005625
1.143786e-006	-0.000875
1.144286e-006	-0.00025
1.144786e-006	-0.00025
1.145286e-006	-0.000875
1.145786e-006	-0.00025
1.146286e-006	-0.0015
1.146786e-006	-0.0018125
1.147286e-006	-0.0015
1.147786e-006	-0.0011875
1.148286e-006	-0.0018125
1.148786e-006	-0.0024375
1.149286e-006	-0.000875
1.149786e-006	-0.0005625
1.150286e-006	-0.0015
1.150786e-006	-0.0005625
1.151286e-006	-0.000875
1.151786e-006	-0.0005625
1.152286e-006	-0.00025
1.152786e-006	-0.000875
1.153286e-006	-0.000875
1.153786e-006	-0.000875
1.154286e-006	-0.00025
1.154786e-006	-0.0005625
1.155286e-006	-0.000875
1.155786e-006	-0.0011875
1.156286e-006	-0.0018125
1.156786e-006	-0.0015
1.157286e-006	-0.0011875
1.157786e-006	-0.0015
1.158286e-006	-0.000875
1.158786e-006	-0.0018125
1.159286e-006	-0.0018125
1.159786e-006	-0.0011875
1.160286e-006	-0.0011875
1.160786e-006	-0.000875
1.161286e-006	-0.0005625
1.161786e-006	-0.0005625
1.162286e-006	-0.0005625
1.162786e-006	-0.0005625
1.163286e-006	-0.00025
1.163786e-006	-0.0005625
1.164286e-006	-0.0005625
1.164786e-006	-0.000875
1.165286e-006	-0.0011875
1.165786e-006	-0.000875
1.166286e-006	-0.0015
1.166786e-006	-0.0015
1.167286e-006	-0.0018125
1.167786e-006	-0.0011875
1.168286e-006	-0.002125
1.168786e-006	-0.0018125
1.169286e-006	-0.0015
1.169786e-006	-0.0011875
1.170286e-006	-0.000875
1.170786e-006	-0.0005625
1.171286e-006	-0.0011875
1.171786e-006	-0.0005625
1.172286e-006	-0.0011875
1.172786e-006	-0.00025
1.173286e-006	-0.0005625
1.173786e-006	-0.0005625
1.174286e-006	-0.000875
1.174786e-006	-0.0011875
1.175286e-006	-0.0005625
1.175786e-006	-0.0011875
1.176286e-006	-0.0018125
1.176786e-006	-0.0015
1.177286e-006	-0.0015
1.177786e-006	-0.0015
1.178286e-006	-0.0018125
1.178786e-006	-0.0024375
1.179286e-006	-0.0018125
1.179786e-006	-0.0018125
1.180286e-006	-0.0011875
1.180786e-006	-0.000875
1.181286e-006	-0.0005625
1.181786e-006	-0.0005625
1.182286e-006	-0.000875
1.182786e-006	-0.00025
1.183286e-006	-0.00025
1.183786e-006	-0.0005625
1.184286e-006	-0.0005625
1.184786e-006	-0.000875
1.185286e-006	-0.0005625
1.185786e-006	-0.000875
1.186286e-006	-0.000875
1.186786e-006	-0.0011875
1.187286e-006	-0.002125
1.187786e-006	-0.0024375
1.188286e-006	-0.00275
1.188786e-006	-0.0018125
1.189286e-006	-0.0018125
1.189786e-006	-0.002125
1.190286e-006	-0.0018125
1.190786e-006	-0.0005625
1.191286e-006	6.25e-005
1.191786e-006	6.25e-005
1.192286e-006	-0.0005625
1.192786e-006	6.25e-005
1.193286e-006	6.25e-005
1.193786e-006	6.25e-005
1.194286e-006	-0.000875
1.194786e-006	-0.0005625
1.195286e-006	-0.000875
1.195786e-006	-0.0011875
1.196286e-006	-0.000875
1.196786e-006	-0.0015
1.197286e-006	-0.0018125
1.197786e-006	-0.002125
1.198286e-006	-0.0030625
1.198786e-006	-0.0024375
1.199286e-006	-0.0024375
1.199786e-006	-0.0018125
1.200286e-006	-0.0011875
1.200786e-006	-0.0011875
1.201286e-006	-0.0005625
1.201786e-006	-0.000875
1.202286e-006	0.000375
1.202786e-006	0.0006875
1.203286e-006	0.000375
1.203786e-006	0.000375
1.204286e-006	6.25e-005
1.204786e-006	-0.0005625
1.205286e-006	6.25e-005
1.205786e-006	-0.0005625
1.206286e-006	-0.0011875
1.206786e-006	-0.002125
1.207286e-006	-0.0018125
1.207786e-006	-0.0024375
1.208286e-006	-0.0030625
1.208786e-006	-0.00275
1.209286e-006	-0.0024375
1.209786e-006	-0.0018125
1.210286e-006	-0.0015
1.210786e-006	-0.0018125
1.211286e-006	-0.0005625
1.211786e-006	-0.00025
1.212286e-006	-0.00025
1.212786e-006	0.000375
1.213286e-006	0.000375
1.213786e-006	0.001
1.214286e-006	-0.00025
1.214786e-006	6.25e-005
1.215286e-006	-0.00025
1.215786e-006	-0.00025
1.216286e-006	-0.0005625
1.216786e-006	-0.0018125
1.217286e-006	-0.0024375
1.217786e-006	-0.0030625
1.218286e-006	-0.0030625
1.218786e-006	-0.0024375
1.219286e-006	-0.00275
1.219786e-006	-0.0015
1.220286e-006	-0.0015
1.220786e-006	-0.0015
1.221286e-006	-0.0011875
1.221786e-006	-0.0005625
1.222286e-006	-0.00025
1.222786e-006	0.0006875
1.223286e-006	0.001
1.223786e-006	6.25e-005
1.224286e-006	6.25e-005
1.224786e-006	6.25e-005
1.225286e-006	6.25e-005
1.225786e-006	-0.0011875
1.226286e-006	-0.0015
1.226786e-006	-0.002125
1.227286e-006	-0.0015
1.227786e-006	-0.0024375
1.228286e-006	-0.00275
1.228786e-006	-0.0024375
1.229286e-006	-0.0024375
1.229786e-006	-0.00275
1.230286e-006	-0.002125
1.230786e-006	-0.0015
1.231286e-006	-0.0011875
1.231786e-006	-0.0011875
1.232286e-006	-0.00025
1.232786e-006	0.0006875
1.233286e-006	6.25e-005
1.233786e-006	0.000375
1.234286e-006	-0.0005625
1.234786e-006	-0.000875
1.235286e-006	-0.0005625
1.235786e-006	-0.0005625
1.236286e-006	-0.0015
1.236786e-006	-0.0018125
1.237286e-006	-0.0024375
1.237786e-006	-0.0015
1.238286e-006	-0.0015
1.238786e-006	-0.0024375
1.239286e-006	-0.0030625
1.239786e-006	-0.002125
1.240286e-006	-0.0011875
1.240786e-006	-0.0011875
1.241286e-006	-0.0011875
1.241786e-006	-0.000875
1.242286e-006	-0.00025
1.242786e-006	6.25e-005
1.243286e-006	-0.00025
1.243786e-006	-0.00025
1.244286e-006	-0.00025
1.244786e-006	-0.0005625
1.245286e-006	-0.00025
1.245786e-006	-0.0018125
1.246286e-006	-0.0018125
1.246786e-006	-0.0011875
1.247286e-006	-0.0015
1.247786e-006	-0.0024375
1.248286e-006	-0.0018125
1.248786e-006	-0.0011875
1.249286e-006	-0.0018125
1.249786e-006	-0.0018125
1.250286e-006	-0.0005625
1.250786e-006	-0.0015
1.251286e-006	-0.0011875
1.251786e-006	-0.000875
1.252286e-006	-0.000875
1.252786e-006	-0.0005625
1.253286e-006	-0.0005625
1.253786e-006	-0.00025
1.254286e-006	-0.000875
1.254786e-006	-0.0005625
1.255286e-006	-0.000875
1.255786e-006	-0.0011875
1.256286e-006	-0.0015
1.256786e-006	-0.0018125
1.257286e-006	-0.0018125
1.257786e-006	-0.0015
1.258286e-006	-0.0018125
1.258786e-006	-0.000875
1.259286e-006	-0.0011875
1.259786e-006	-0.000875
1.260286e-006	-0.0011875
1.260786e-006	-0.0005625
1.261286e-006	-0.000875
1.261786e-006	-0.0005625
1.262286e-006	-0.000875
1.262786e-006	-0.0005625
1.263286e-006	-0.00025
1.263786e-006	-0.0005625
1.264286e-006	-0.0015
1.264786e-006	-0.000875
1.265286e-006	-0.0011875
1.265786e-006	-0.0011875
1.266286e-006	-0.0005625
1.266786e-006	-0.0011875
1.267286e-006	-0.000875
1.267786e-006	-0.0011875
1.268286e-006	-0.0005625
1.268786e-006	-0.000875
1.269286e-006	-0.0011875
1.269786e-006	-0.000875
1.270286e-006	-0.0011875
1.270786e-006	-0.0011875
1.271286e-006	-0.0011875
1.271786e-006	-0.0011875
1.272286e-006	-0.0005625
1.272786e-006	-0.0011875
1.273286e-006	-0.0011875
1.273786e-006	-0.000875
1.274286e-006	-0.000875
1.274786e-006	-0.0011875
1.275286e-006	-0.0018125
1.275786e-006	-0.0015
1.276286e-006	-0.0011875
1.276786e-006	-0.000875
1.277286e-006	-0.000875
1.277786e-006	-0.000875
1.278286e-006	-0.00025
1.278786e-006	-0.0005625
1.279286e-006	-0.0015
1.279786e-006	-0.0011875
1.280286e-006	-0.0011875
1.280786e-006	-0.0005625
1.281286e-006	-0.000875
1.281786e-006	-0.000875
1.282286e-006	-0.0018125
1.282786e-006	-0.0011875
1.283286e-006	-0.000875
1.283786e-006	-0.0015
1.284286e-006	-0.0015
1.284786e-006	-0.000875
1.285286e-006	-0.0015
1.285786e-006	-0.00025
1.286286e-006	-0.0005625
1.286786e-006	-0.0005625
1.287286e-006	-0.00025
1.287786e-006	-0.0005625
1.288286e-006	-0.00025
1.288786e-006	-0.000875
1.289286e-006	-0.000875
1.289786e-006	-0.000875
1.290286e-006	-0.00025
1.290786e-006	-0.000875
1.291286e-006	-0.0011875
1.291786e-006	-0.0018125
1.292286e-006	-0.0015
1.292786e-006	-0.0011875
1.293286e-006	-0.0005625
1.293786e-006	-0.0015
1.294286e-006	-0.0015
1.294786e-006	-0.0015
1.295286e-006	-0.000875
1.295786e-006	6.25e-005
1.296286e-006	-0.0005625
1.296786e-006	-0.0005625
1.297286e-006	-0.0005625
1.297786e-006	-0.00025
1.298286e-006	-0.00025
1.298786e-006	-0.00025
1.299286e-006	-0.00025
1.299786e-006	-0.0005625
1.300286e-006	-0.000875
1.300786e-006	-0.0011875
1.301286e-006	-0.0015
1.301786e-006	-0.0015
1.302286e-006	-0.002125
1.302786e-006	-0.0018125
1.303286e-006	-0.0018125
1.303786e-006	-0.0011875
1.304286e-006	-0.0011875
1.304786e-006	-0.0005625
1.305286e-006	-0.000875
1.305786e-006	-0.00025
1.306286e-006	-0.0005625
1.306786e-006	6.25e-005
1.307286e-006	0.0006875
1.307786e-006	6.25e-005
1.308286e-006	-0.00025
1.308786e-006	-0.000875
1.309286e-006	-0.000875
1.309786e-006	-0.0011875
1.310286e-006	-0.0015
1.310786e-006	-0.0018125
1.311286e-006	-0.0015
1.311786e-006	-0.0024375
1.312286e-006	-0.00275
1.312786e-006	-0.00275
1.313286e-006	-0.0015
1.313786e-006	-0.0015
1.314286e-006	-0.0015
1.314786e-006	-0.0005625
1.315286e-006	-0.00025
1.315786e-006	6.25e-005
1.316286e-006	0.000375
1.316786e-006	-0.00025
1.317286e-006	6.25e-005
1.317786e-006	0.0006875
1.318286e-006	0.001
1.318786e-006	6.25e-005
1.319286e-006	-0.000875
1.319786e-006	-0.0005625
1.320286e-006	-0.000875
1.320786e-006	-0.0015
1.321286e-006	-0.002125
1.321786e-006	-0.0024375
1.322286e-006	-0.002125
1.322786e-006	-0.0018125
1.323286e-006	-0.002125
1.323786e-006	-0.0015
1.324286e-006	-0.0018125
1.324786e-006	-0.000875
1.325286e-006	-0.0005625
1.325786e-006	6.25e-005
1.326286e-006	0.0006875
1.326786e-006	0.001
1.327286e-006	0.0006875
1.327786e-006	0.001
1.328286e-006	6.25e-005
1.328786e-006	6.25e-005
1.329286e-006	0.000375
1.329786e-006	-0.00025
1.330286e-006	-0.0011875
1.330786e-006	-0.0024375
1.331286e-006	-0.00275
1.331786e-006	-0.00275
1.332286e-006	-0.0024375
1.332786e-006	-0.002125
1.333286e-006	-0.0024375
1.333786e-006	-0.002125
1.334286e-006	-0.0011875
1.334786e-006	-0.0005625
1.335286e-006	6.25e-005
1.335786e-006	-0.00025
1.336286e-006	0.001
1.336786e-006	0.001625
1.337286e-006	0.001
1.337786e-006	0.0006875
1.338286e-006	0.0006875
1.338786e-006	-0.0005625
1.339286e-006	-0.0005625
1.339786e-006	-0.000875
1.340286e-006	-0.002125
1.340786e-006	-0.0018125
1.341286e-006	-0.0018125
1.341786e-006	-0.0024375
1.342286e-006	-0.00275
1.342786e-006	-0.0024375
1.343286e-006	-0.002125
1.343786e-006	-0.0015
1.344286e-006	-0.0015
1.344786e-006	-0.000875
1.345286e-006	6.25e-005
1.345786e-006	6.25e-005
1.346286e-006	6.25e-005
1.346786e-006	0.0006875
1.347286e-006	0.000375
1.347786e-006	0.000375
1.348286e-006	0.000375
1.348786e-006	-0.00025
1.349286e-006	-0.0005625
1.349786e-006	-0.000875
1.350286e-006	-0.000875
1.350786e-006	-0.002125
1.351286e-006	-0.0024375
1.351786e-006	-0.00275
1.352286e-006	-0.002125
1.352786e-006	-0.0011875
1.353286e-006	-0.0011875
1.353786e-006	-0.0011875
1.354286e-006	-0.0011875
1.354786e-006	-0.0005625
1.355286e-006	0.000375
1.355786e-006	0.000375
1.356286e-006	0.000375
1.356786e-006	0.000375
1.357286e-006	-0.00025
1.357786e-006	6.25e-005
1.358286e-006	6.25e-005
1.358786e-006	-0.000875
1.359286e-006	-0.0011875
1.359786e-006	-0.000875
1.360286e-006	-0.0018125
1.360786e-006	-0.0024375
1.361286e-006	-0.002125
1.361786e-006	-0.0018125
1.362286e-006	-0.002125
1.362786e-006	-0.0018125
1.363286e-006	-0.000875
1.363786e-006	6.25e-005
1.364286e-006	-0.0005625
1.364786e-006	-0.00025
1.365286e-006	0.001
1.365786e-006	0.0006875
1.366286e-006	6.25e-005
1.366786e-006	0.000375
1.367286e-006	6.25e-005
1.367786e-006	-0.00025
1.368286e-006	-0.00025
1.368786e-006	-0.0005625
1.369286e-006	-0.0018125
1.369786e-006	-0.0015
1.370286e-006	-0.0011875
1.370786e-006	-0.0015
1.371286e-006	-0.0018125
1.371786e-006	-0.0024375
1.372286e-006	-0.0015
1.372786e-006	-0.000875
1.373286e-006	-0.0005625
1.373786e-006	-0.0005625
1.374286e-006	6.25e-005
1.374786e-006	0.0006875
1.375286e-006	0.000375
1.375786e-006	6.25e-005
1.376286e-006	0.000375
1.376786e-006	-0.00025
1.377286e-006	-0.0005625
1.377786e-006	-0.000875
1.378286e-006	-0.0011875
1.378786e-006	-0.0015
1.379286e-006	-0.0015
1.379786e-006	-0.0015
1.380286e-006	-0.002125
1.380786e-006	-0.0018125
1.381286e-006	-0.002125
1.381786e-006	-0.0011875
1.382286e-006	-0.0011875
1.382786e-006	-0.000875
1.383286e-006	6.25e-005
1.383786e-006	6.25e-005
1.384286e-006	6.25e-005
1.384786e-006	0.0006875
1.385286e-006	0.000375
1.385786e-006	0.0006875
1.386286e-006	6.25e-005
1.386786e-006	0.000375
1.387286e-006	-0.0005625
1.387786e-006	-0.0011875
1.388286e-006	-0.0011875
1.388786e-006	-0.0018125
1.389286e-006	-0.0018125
1.389786e-006	-0.0024375
1.390286e-006	-0.0024375
1.390786e-006	-0.0015
1.391286e-006	-0.0015
1.391786e-006	-0.0018125
1.392286e-006	-0.0011875
1.392786e-006	-0.000875
1.393286e-006	-0.00025
1.393786e-006	-0.0005625
1.394286e-006	-0.00025
1.394786e-006	6.25e-005
1.395286e-006	0.000375
1.395786e-006	6.25e-005
1.396286e-006	6.25e-005
1.396786e-006	6.25e-005
1.397286e-006	-0.00025
1.397786e-006	-0.0005625
1.398286e-006	-0.0005625
1.398786e-006	-0.0011875
1.399286e-006	-0.0018125
1.399786e-006	-0.0018125
1.400286e-006	-0.002125
1.400786e-006	-0.0018125
1.401286e-006	-0.002125
1.401786e-006	-0.0011875
1.402286e-006	-0.000875
1.402786e-006	-0.0005625
1.403286e-006	-0.000875
1.403786e-006	-0.0011875
1.404286e-006	-0.0005625
1.404786e-006	6.25e-005
1.405286e-006	6.25e-005
1.405786e-006	0.0006875
1.406286e-006	6.25e-005
1.406786e-006	-0.00025
1.407286e-006	-0.000875
1.407786e-006	-0.000875
1.408286e-006	-0.000875
1.408786e-006	-0.000875
1.409286e-006	-0.000875
1.409786e-006	-0.0011875
1.410286e-006	-0.0015
1.410786e-006	-0.0011875
1.411286e-006	-0.0018125
1.411786e-006	-0.0011875
1.412286e-006	-0.0011875
1.412786e-006	-0.000875
1.413286e-006	-0.000875
1.413786e-006	-0.0011875
1.414286e-006	-0.0011875
1.414786e-006	-0.000875
1.415286e-006	6.25e-005
1.415786e-006	6.25e-005
1.416286e-006	-0.0005625
1.416786e-006	-0.00025
1.417286e-006	0.000375
1.417786e-006	-0.00025
1.418286e-006	-0.00025
1.418786e-006	-0.000875
1.419286e-006	-0.00025
1.419786e-006	-0.0005625
1.420286e-006	-0.0005625
1.420786e-006	-0.000875
1.421286e-006	-0.0005625
1.421786e-006	-0.00025
1.422286e-006	-0.000875
1.422786e-006	-0.0015
1.423286e-006	-0.0018125
1.423786e-006	-0.0015
1.424286e-006	-0.0011875
1.424786e-006	-0.0011875
1.425286e-006	-0.000875
1.425786e-006	-0.0005625
1.426286e-006	-0.00025
1.426786e-006	0.0006875
1.427286e-006	6.25e-005
1.427786e-006	0.0006875
1.428286e-006	0.0006875
1.428786e-006	0.000375
1.429286e-006	-0.00025
1.429786e-006	-0.000875
1.430286e-006	-0.0005625
1.430786e-006	6.25e-005
1.431286e-006	-0.000875
1.431786e-006	-0.000875
1.432286e-006	-0.0011875
1.432786e-006	-0.0011875
1.433286e-006	-0.0018125
1.433786e-006	-0.0018125
1.434286e-006	-0.0018125
1.434786e-006	-0.0015
1.435286e-006	-0.0011875
1.435786e-006	-0.0011875
1.436286e-006	-0.0005625
1.436786e-006	-0.0005625
1.437286e-006	-0.0005625
1.437786e-006	-0.00025
1.438286e-006	0.001
1.438786e-006	0.0006875
1.439286e-006	-0.00025
1.439786e-006	-0.0005625
1.440286e-006	6.25e-005
1.440786e-006	-0.0005625
1.441286e-006	6.25e-005
1.441786e-006	-0.0005625
1.442286e-006	-0.0015
1.442786e-006	-0.0015
1.443286e-006	-0.0018125
1.443786e-006	-0.0018125
1.444286e-006	-0.0018125
1.444786e-006	-0.0015
1.445286e-006	-0.0011875
1.445786e-006	-0.0011875
1.446286e-006	-0.0011875
1.446786e-006	6.25e-005
1.447286e-006	0.000375
1.447786e-006	6.25e-005
1.448286e-006	0.001
1.448786e-006	0.0013125
1.449286e-006	0.000375
1.449786e-006	6.25e-005
1.450286e-006	6.25e-005
1.450786e-006	0.000375
1.451286e-006	-0.00025
1.451786e-006	-0.000875
1.452286e-006	-0.0011875
1.452786e-006	-0.000875
1.453286e-006	-0.0018125
1.453786e-006	-0.002125
1.454286e-006	-0.0018125
1.454786e-006	-0.0018125
1.455286e-006	-0.002125
1.455786e-006	-0.0011875
1.456286e-006	-0.00025
1.456786e-006	6.25e-005
1.457286e-006	6.25e-005
1.457786e-006	0.000375
1.458286e-006	0.0006875
1.458786e-006	0.0006875
1.459286e-006	0.0006875
1.459786e-006	0.000375
1.460286e-006	0.0006875
1.460786e-006	-0.0005625
1.461286e-006	-0.000875
1.461786e-006	-0.000875
1.462286e-006	-0.000875
1.462786e-006	-0.0024375
1.463286e-006	-0.0024375
1.463786e-006	-0.002125
1.464286e-006	-0.0024375
1.464786e-006	-0.002125
1.465286e-006	-0.000875
1.465786e-006	-0.000875
1.466286e-006	-0.0005625
1.466786e-006	6.25e-005
1.467286e-006	0.001
1.467786e-006	0.001
1.468286e-006	0.000375
1.468786e-006	0.001
1.469286e-006	0.0013125
1.469786e-006	0.0006875
1.470286e-006	-0.00025
1.470786e-006	-0.00025
1.471286e-006	-0.0005625
1.471786e-006	-0.0015
1.472286e-006	-0.0024375
1.472786e-006	-0.0015
1.473286e-006	-0.0011875
1.473786e-006	-0.0011875
1.474286e-006	-0.0018125
1.474786e-006	-0.0018125
1.475286e-006	-0.0011875
1.475786e-006	-0.0005625
1.476286e-006	6.25e-005
1.476786e-006	0.0006875
1.477286e-006	0.000375
1.477786e-006	0.0013125
1.478286e-006	0.0013125
1.478786e-006	0.0006875
1.479286e-006	6.25e-005
1.479786e-006	-0.00025
1.480286e-006	-0.000875
1.480786e-006	-0.0005625
1.481286e-006	-0.000875
1.481786e-006	-0.0011875
1.482286e-006	-0.0018125
1.482786e-006	-0.00275
1.483286e-006	-0.0024375
1.483786e-006	-0.0018125
1.484286e-006	-0.000875
1.484786e-006	-0.000875
1.485286e-006	-0.0005625
1.485786e-006	6.25e-005
1.486286e-006	0.000375
1.486786e-006	0.000375
1.487286e-006	0.001
1.487786e-006	0.0006875
1.488286e-006	0.0006875
1.488786e-006	0.0006875
1.489286e-006	6.25e-005
1.489786e-006	-0.00025
1.490286e-006	-0.0005625
1.490786e-006	-0.0011875
1.491286e-006	-0.002125
1.491786e-006	-0.0018125
1.492286e-006	-0.0015
1.492786e-006	-0.0011875
1.493286e-006	-0.002125
1.493786e-006	-0.0018125
1.494286e-006	-0.0011875
1.494786e-006	-0.0005625
1.495286e-006	-0.0005625
1.495786e-006	0.000375
1.496286e-006	0.0006875
1.496786e-006	0.0006875
1.497286e-006	0.0006875
1.497786e-006	0.001
1.498286e-006	0.0013125
1.498786e-006	0.0013125
1.499286e-006	0.0006875
1.499786e-006	0.000375
1.500286e-006	-0.0011875
1.500786e-006	-0.000875
1.501286e-006	-0.0015
1.501786e-006	-0.0024375
1.502286e-006	-0.002125
1.502786e-006	-0.002125
1.503286e-006	-0.002125
1.503786e-006	-0.0018125
1.504286e-006	-0.0015
1.504786e-006	-0.000875
1.505286e-006	6.25e-005
1.505786e-006	0.0006875
1.506286e-006	0.001
1.506786e-006	0.001
1.507286e-006	0.0006875
1.507786e-006	0.000375
1.508286e-006	0.0013125
1.508786e-006	0.0006875
1.509286e-006	6.25e-005
1.509786e-006	-0.0005625
1.510286e-006	-0.0005625
1.510786e-006	-0.000875
1.511286e-006	-0.0018125
1.511786e-006	-0.0015
1.512286e-006	-0.0018125
1.512786e-006	-0.0018125
1.513286e-006	-0.0015
1.513786e-006	-0.0018125
1.514286e-006	-0.0011875
1.514786e-006	6.25e-005
1.515286e-006	-0.00025
1.515786e-006	0.000375
1.516286e-006	0.000375
1.516786e-006	0.0006875
1.517286e-006	0.001
1.517786e-006	0.0006875
1.518286e-006	0.001
1.518786e-006	0.0006875
1.519286e-006	0.0006875
1.519786e-006	0.000375
1.520286e-006	-0.000875
1.520786e-006	-0.000875
1.521286e-006	-0.0011875
1.521786e-006	-0.0015
1.522286e-006	-0.0018125
1.522786e-006	-0.0018125
1.523286e-006	-0.0018125
1.523786e-006	-0.0011875
1.524286e-006	-0.0005625
1.524786e-006	6.25e-005
1.525286e-006	-0.00025
1.525786e-006	-0.00025
1.526286e-006	6.25e-005
1.526786e-006	0.0006875
1.527286e-006	0.000375
1.527786e-006	0.000375
1.528286e-006	0.001
1.528786e-006	0.0006875
1.529286e-006	0.000375
1.529786e-006	-0.00025
1.530286e-006	-0.000875
1.530786e-006	-0.0005625
1.531286e-006	-0.0015
1.531786e-006	-0.0015
1.532286e-006	-0.000875
1.532786e-006	-0.000875
1.533286e-006	-0.0015
1.533786e-006	-0.0018125
1.534286e-006	-0.0005625
1.534786e-006	-0.0005625
1.535286e-006	-0.000875
1.535786e-006	-0.00025
1.536286e-006	6.25e-005
1.536786e-006	0.000375
1.537286e-006	0.000375
1.537786e-006	-0.00025
1.538286e-006	-0.0005625
1.538786e-006	-0.00025
1.539286e-006	0.000375
1.539786e-006	0.000375
1.540286e-006	-0.0005625
1.540786e-006	-0.00025
1.541286e-006	-0.00025
1.541786e-006	-0.00025
1.542286e-006	-0.0011875
1.542786e-006	-0.0011875
1.543286e-006	-0.000875
1.543786e-006	-0.0005625
1.544286e-006	-0.0005625
1.544786e-006	-0.0005625
1.545286e-006	-0.000875
1.545786e-006	-0.00025
1.546286e-006	6.25e-005
1.546786e-006	6.25e-005
1.547286e-006	-0.00025
1.547786e-006	-0.0005625
1.548286e-006	6.25e-005
1.548786e-006	0.000375
1.549286e-006	0.000375
1.549786e-006	-0.00025
1.550286e-006	6.25e-005
1.550786e-006	6.25e-005
1.551286e-006	6.25e-005
1.551786e-006	6.25e-005
1.552286e-006	6.25e-005
1.552786e-006	-0.0005625
1.553286e-006	-0.0011875
1.553786e-006	-0.0011875
1.554286e-006	-0.0005625
1.554786e-006	-0.0005625
1.555286e-006	-0.00025
1.555786e-006	-0.000875
1.556286e-006	-0.0011875
1.556786e-006	-0.0005625
1.557286e-006	-0.0005625
1.557786e-006	-0.0005625
1.558286e-006	-0.000875
1.558786e-006	-0.000875
1.559286e-006	-0.0005625
1.559786e-006	6.25e-005
1.560286e-006	6.25e-005
1.560786e-006	6.25e-005
1.561286e-006	6.25e-005
1.561786e-006	-0.00025
1.562286e-006	-0.0005625
1.562786e-006	-0.00025
1.563286e-006	-0.000875
1.563786e-006	-0.000875
1.564286e-006	-0.000875
1.564786e-006	-0.000875
1.565286e-006	-0.000875
1.565786e-006	-0.0005625
1.566286e-006	-0.0005625
1.566786e-006	-0.0011875
1.567286e-006	-0.000875
1.567786e-006	6.25e-005
1.568286e-006	-0.000875
1.568786e-006	-0.0005625
1.569286e-006	6.25e-005
1.569786e-006	6.25e-005
1.570286e-006	0.0006875
1.570786e-006	6.25e-005
1.571286e-006	0.0006875
1.571786e-006	0.000375
1.572286e-006	0.000375
1.572786e-006	0.000375
1.573286e-006	-0.00025
1.573786e-006	-0.0005625
1.574286e-006	-0.0011875
1.574786e-006	-0.0011875
1.575286e-006	-0.0011875
1.575786e-006	-0.0015
1.576286e-006	-0.000875
1.576786e-006	-0.0011875
1.577286e-006	-0.000875
1.577786e-006	6.25e-005
1.578286e-006	-0.000875
1.578786e-006	6.25e-005
1.579286e-006	6.25e-005
1.579786e-006	6.25e-005
1.580286e-006	0.001
1.580786e-006	0.0006875
1.581286e-006	0.0006875
1.581786e-006	6.25e-005
1.582286e-006	6.25e-005
1.582786e-006	6.25e-005
1.583286e-006	-0.0011875
1.583786e-006	-0.0011875
1.584286e-006	-0.0015
1.584786e-006	-0.0018125
1.585286e-006	-0.0011875
1.585786e-006	-0.0015
1.586286e-006	-0.0011875
1.586786e-006	-0.0011875
1.587286e-006	-0.000875
1.587786e-006	-0.0005625
1.588286e-006	-0.000875
1.588786e-006	0.000375
1.589286e-006	6.25e-005
1.589786e-006	-0.0005625
1.590286e-006	0.000375
1.590786e-006	6.25e-005
1.591286e-006	0.0013125
1.591786e-006	0.000375
1.592286e-006	0.0006875
1.592786e-006	6.25e-005
1.593286e-006	-0.0011875
1.593786e-006	-0.000875
1.594286e-006	-0.0015
1.594786e-006	-0.0018125
1.595286e-006	-0.0015
1.595786e-006	-0.0018125
1.596286e-006	-0.0011875
1.596786e-006	-0.0011875
1.597286e-006	-0.0011875
1.597786e-006	-0.00025
1.598286e-006	-0.00025
1.598786e-006	0.000375
1.599286e-006	-0.00025
1.599786e-006	0.0006875
1.600286e-006	0.001
1.600786e-006	0.000375
1.601286e-006	0.0013125
1.601786e-006	6.25e-005
1.602286e-006	-0.0005625
1.602786e-006	-0.00025
1.603286e-006	-0.0005625
1.603786e-006	-0.0005625
1.604286e-006	-0.0024375
1.604786e-006	-0.0018125
1.605286e-006	-0.0015
1.605786e-006	-0.0015
1.606286e-006	-0.000875
1.606786e-006	-0.0011875
1.607286e-006	6.25e-005
1.607786e-006	0.000375
1.608286e-006	6.25e-005
1.608786e-006	0.0006875
1.609286e-006	0.0006875
1.609786e-006	0.0006875
1.610286e-006	0.001
1.610786e-006	0.0013125
1.611286e-006	0.001
1.611786e-006	-0.0005625
1.612286e-006	0.000375
1.612786e-006	-0.00025
1.613286e-006	-0.000875
1.613786e-006	-0.0005625
1.614286e-006	-0.0015
1.614786e-006	-0.0018125
1.615286e-006	-0.0015
1.615786e-006	-0.0011875
1.616286e-006	-0.0005625
1.616786e-006	-0.000875
1.617286e-006	-0.0011875
1.617786e-006	-0.0005625
1.618286e-006	6.25e-005
1.618786e-006	0.0006875
1.619286e-006	0.0006875
1.619786e-006	0.001625
1.620286e-006	0.000375
1.620786e-006	0.000375
1.621286e-006	0.000375
1.621786e-006	-0.00025
1.622286e-006	6.25e-005
1.622786e-006	-0.00025
1.623286e-006	-0.00025
1.623786e-006	-0.0005625
1.624286e-006	-0.0011875
1.624786e-006	-0.0011875
1.625286e-006	-0.0024375
1.625786e-006	-0.000875
1.626286e-006	-0.0005625
1.626786e-006	-0.0011875
1.627286e-006	-0.000875
1.627786e-006	-0.00025
1.628286e-006	6.25e-005
1.628786e-006	0.000375
1.629286e-006	0.0006875
1.629786e-006	0.0013125
1.630286e-006	0.000375
1.630786e-006	0.0006875
1.631286e-006	0.000375
1.631786e-006	-0.00025
1.632286e-006	-0.00025
1.632786e-006	-0.00025
1.633286e-006	-0.00025
1.633786e-006	-0.0011875
1.634286e-006	-0.0015
1.634786e-006	-0.0005625
1.635286e-006	-0.000875
1.635786e-006	-0.000875
1.636286e-006	-0.00025
1.636786e-006	6.25e-005
1.637286e-006	6.25e-005
1.637786e-006	-0.00025
1.638286e-006	0.0006875
1.638786e-006	0.000375
1.639286e-006	0.0006875
1.639786e-006	0.000375
1.640286e-006	-0.000875
1.640786e-006	6.25e-005
1.641286e-006	-0.0005625
1.641786e-006	-0.000875
1.642286e-006	6.25e-005
1.642786e-006	0.000375
1.643286e-006	-0.00025
1.643786e-006	-0.0005625
1.644286e-006	-0.0011875
1.644786e-006	-0.0005625
1.645286e-006	-0.000875
1.645786e-006	-0.00025
1.646286e-006	-0.00025
1.646786e-006	6.25e-005
1.647286e-006	6.25e-005
1.647786e-006	6.25e-005
1.648286e-006	0.0006875
1.648786e-006	0.0006875
1.649286e-006	6.25e-005
1.649786e-006	6.25e-005
1.650286e-006	-0.0005625
1.650786e-006	-0.0005625
1.651286e-006	-0.000875
1.651786e-006	-0.000875
1.652286e-006	-0.000875
1.652786e-006	-0.000875
1.653286e-006	-0.0005625
1.653786e-006	-0.00025
1.654286e-006	-0.00025
1.654786e-006	6.25e-005
1.655286e-006	0.000375
1.655786e-006	-0.0005625
1.656286e-006	-0.00025
1.656786e-006	6.25e-005
1.657286e-006	0.0013125
1.657786e-006	0.000375
1.658286e-006	6.25e-005
1.658786e-006	-0.0005625
1.659286e-006	6.25e-005
1.659786e-006	6.25e-005
1.660286e-006	-0.0005625
1.660786e-006	-0.0005625
1.661286e-006	-0.0005625
1.661786e-006	-0.000875
1.662286e-006	-0.0011875
1.662786e-006	-0.000875
1.663286e-006	-0.00025
1.663786e-006	6.25e-005
1.664286e-006	6.25e-005
1.664786e-006	6.25e-005
1.665286e-006	6.25e-005
1.665786e-006	6.25e-005
1.666286e-006	6.25e-005
1.666786e-006	6.25e-005
1.667286e-006	-0.000875
1.667786e-006	-0.0005625
1.668286e-006	6.25e-005
1.668786e-006	6.25e-005
1.669286e-006	-0.000875
1.669786e-006	-0.00025
1.670286e-006	-0.00025
1.670786e-006	6.25e-005
1.671286e-006	-0.0005625
1.671786e-006	-0.0005625
1.672286e-006	-0.00025
1.672786e-006	-0.00025
1.673286e-006	-0.00025
1.673786e-006	-0.00025
1.674286e-006	0.0006875
1.674786e-006	0.000375
1.675286e-006	0.000375
1.675786e-006	6.25e-005
1.676286e-006	-0.00025
1.676786e-006	6.25e-005
1.677286e-006	0.000375
1.677786e-006	-0.0005625
1.678286e-006	-0.0005625
1.678786e-006	-0.0011875
1.679286e-006	-0.0005625
1.679786e-006	-0.00025
1.680286e-006	-0.0005625
1.680786e-006	-0.00025
1.681286e-006	-0.00025
1.681786e-006	6.25e-005
1.682286e-006	6.25e-005
1.682786e-006	6.25e-005
1.683286e-006	0.000375
1.683786e-006	0.000375
1.684286e-006	6.25e-005
1.684786e-006	-0.0005625
1.685286e-006	-0.0005625
1.685786e-006	-0.00025
1.686286e-006	-0.000875
1.686786e-006	-0.000875
1.687286e-006	-0.0005625
1.687786e-006	-0.0005625
1.688286e-006	-0.000875
1.688786e-006	-0.000875
1.689286e-006	-0.000875
1.689786e-006	-0.0005625
1.690286e-006	-0.0005625
1.690786e-006	6.25e-005
1.691286e-006	-0.00025
1.691786e-006	-0.00025
1.692286e-006	0.000375
1.692786e-006	0.0013125
1.693286e-006	0.0013125
1.693786e-006	6.25e-005
1.694286e-006	0.0006875
1.694786e-006	0.0006875
1.695286e-006	-0.000875
1.695786e-006	-0.0005625
1.696286e-006	-0.000875
1.696786e-006	-0.0015
1.697286e-006	-0.0011875
1.697786e-006	-0.0011875
1.698286e-006	-0.000875
1.698786e-006	-0.0011875
1.699286e-006	-0.0005625
1.699786e-006	-0.0005625
1.700286e-006	6.25e-005
1.700786e-006	6.25e-005
1.701286e-006	-0.00025
1.701786e-006	0.0006875
1.702286e-006	0.0013125
1.702786e-006	0.001625
1.703286e-006	0.0013125
1.703786e-006	0.0006875
1.704286e-006	0.0013125
1.704786e-006	6.25e-005
1.705286e-006	-0.00025
1.705786e-006	-0.0005625
1.706286e-006	-0.0015
1.706786e-006	-0.000875
1.707286e-006	-0.0015
1.707786e-006	-0.0015
1.708286e-006	-0.0018125
1.708786e-006	-0.0015
1.709286e-006	-0.000875
1.709786e-006	-0.0005625
1.710286e-006	6.25e-005
1.710786e-006	6.25e-005
1.711286e-006	0.0006875
1.711786e-006	0.0019375
1.712286e-006	0.001625
1.712786e-006	0.0019375
1.713286e-006	0.001
1.713786e-006	0.001
1.714286e-006	0.001625
1.714786e-006	0.000375
1.715286e-006	6.25e-005
1.715786e-006	-0.0005625
1.716286e-006	-0.0011875
1.716786e-006	-0.0011875
1.717286e-006	-0.0015
1.717786e-006	-0.0011875
1.718286e-006	-0.0018125
1.718786e-006	-0.0018125
1.719286e-006	-0.0011875
1.719786e-006	-0.000875
1.720286e-006	6.25e-005
1.720786e-006	-0.00025
1.721286e-006	6.25e-005
1.721786e-006	0.001
1.722286e-006	0.0019375
1.722786e-006	0.001625
1.723286e-006	0.000375
1.723786e-006	0.0013125
1.724286e-006	0.0013125
1.724786e-006	6.25e-005
1.725286e-006	0.000375
1.725786e-006	-0.000875
1.726286e-006	-0.0011875
1.726786e-006	-0.0011875
1.727286e-006	-0.0011875
1.727786e-006	-0.000875
1.728286e-006	-0.0018125
1.728786e-006	-0.0011875
1.729286e-006	-0.000875
1.729786e-006	-0.0011875
1.730286e-006	0.000375
1.730786e-006	0.000375
1.731286e-006	0.001
1.731786e-006	0.001
1.732286e-006	0.001
1.732786e-006	0.001
1.733286e-006	0.0006875
1.733786e-006	0.0013125
1.734286e-006	0.0006875
1.734786e-006	-0.00025
1.735286e-006	6.25e-005
1.735786e-006	6.25e-005
1.736286e-006	-0.000875
1.736786e-006	-0.0018125
1.737286e-006	-0.0011875
1.737786e-006	-0.0005625
1.738286e-006	-0.0015
1.738786e-006	-0.000875
1.739286e-006	-0.0011875
1.739786e-006	-0.0011875
1.740286e-006	-0.0005625
1.740786e-006	-0.00025
1.741286e-006	0.0006875
1.741786e-006	0.0006875
1.742286e-006	6.25e-005
1.742786e-006	0.0006875
1.743286e-006	0.000375
1.743786e-006	0.0006875
1.744286e-006	6.25e-005
1.744786e-006	-0.00025
1.745286e-006	-0.0005625
1.745786e-006	-0.0011875
1.746286e-006	-0.0005625
1.746786e-006	-0.00025
1.747286e-006	6.25e-005
1.747786e-006	-0.0005625
1.748286e-006	-0.0011875
1.748786e-006	-0.0011875
1.749286e-006	-0.0005625
1.749786e-006	-0.0005625
1.750286e-006	-0.00025
1.750786e-006	-0.0005625
1.751286e-006	0.000375
1.751786e-006	0.0006875
1.752286e-006	0.000375
1.752786e-006	6.25e-005
1.753286e-006	6.25e-005
1.753786e-006	0.000375
1.754286e-006	-0.000875
1.754786e-006	-0.0015
1.755286e-006	-0.0011875
1.755786e-006	-0.0005625
1.756286e-006	-0.00025
1.756786e-006	-0.00025
1.757286e-006	0.0006875
1.757786e-006	6.25e-005
1.758286e-006	-0.00025
1.758786e-006	-0.00025
1.759286e-006	-0.0005625
1.759786e-006	6.25e-005
1.760286e-006	-0.00025
1.760786e-006	0.000375
1.761286e-006	0.000375
1.761786e-006	0.000375
1.762286e-006	6.25e-005
1.762786e-006	-0.0005625
1.763286e-006	-0.0005625
1.763786e-006	-0.0005625
1.764286e-006	-0.0005625
1.764786e-006	-0.0005625
1.765286e-006	-0.0011875
1.765786e-006	-0.00025
1.766286e-006	6.25e-005
1.766786e-006	-0.00025
1.767286e-006	6.25e-005
1.767786e-006	-0.0005625
1.768286e-006	0.000375
1.768786e-006	0.000375
1.769286e-006	6.25e-005
1.769786e-006	6.25e-005
1.770286e-006	6.25e-005
1.770786e-006	0.001
1.771286e-006	0.000375
1.771786e-006	6.25e-005
1.772286e-006	0.0006875
1.772786e-006	-0.0005625
1.773286e-006	-0.0005625
1.773786e-006	-0.0005625
1.774286e-006	-0.0005625
1.774786e-006	-0.0005625
1.775286e-006	-0.000875
1.775786e-006	-0.0005625
1.776286e-006	-0.0005625
1.776786e-006	-0.0005625
1.777286e-006	0.000375
1.777786e-006	-0.0005625
1.778286e-006	0.000375
1.778786e-006	0.000375
1.779286e-006	0.0006875
1.779786e-006	0.001
1.780286e-006	6.25e-005
1.780786e-006	0.000375
1.781286e-006	0.001
1.781786e-006	0.000375
1.782286e-006	6.25e-005
1.782786e-006	-0.00025
1.783286e-006	6.25e-005
1.783786e-006	6.25e-005
1.784286e-006	-0.000875
1.784786e-006	-0.0005625
1.785286e-006	-0.0005625
1.785786e-006	6.25e-005
1.786286e-006	-0.00025
1.786786e-006	-0.0005625
1.787286e-006	0.000375
1.787786e-006	0.000375
1.788286e-006	-0.00025
