LECROYWS454	16215	Waveform
Segments	1	SegmentSize	4002
Segment	TrigTime	TimeSinceSegment1
#1	02-May-2024 19:19:41	0                 
Time	Ampl
-2.12219e-007	0.0006875
-2.11719e-007	6.25e-005
-2.11219e-007	6.25e-005
-2.10719e-007	6.25e-005
-2.10219e-007	0.000375
-2.09719e-007	-0.00025
-2.09219e-007	6.25e-005
-2.08719e-007	-0.00025
-2.08219e-007	-0.0005625
-2.07719e-007	-0.00025
-2.07219e-007	-0.0005625
-2.06719e-007	-0.000875
-2.06219e-007	-0.000875
-2.05719e-007	-0.0005625
-2.05219e-007	0.000375
-2.04719e-007	6.25e-005
-2.04219e-007	6.25e-005
-2.03719e-007	0.0006875
-2.03219e-007	0.0013125
-2.02719e-007	0.001
-2.02219e-007	0.0006875
-2.01719e-007	0.0006875
-2.01219e-007	0.0006875
-2.00719e-007	0.0013125
-2.00219e-007	0.0006875
-1.99719e-007	-0.00025
-1.99219e-007	-0.0005625
-1.98719e-007	-0.0005625
-1.98219e-007	-0.0011875
-1.97719e-007	-0.0018125
-1.97219e-007	-0.0011875
-1.96719e-007	-0.000875
-1.96219e-007	-0.0005625
-1.95719e-007	-0.0005625
-1.95219e-007	-0.0011875
-1.94719e-007	-0.0005625
-1.94219e-007	-0.00025
-1.93719e-007	0.000375
-1.93219e-007	0.0006875
-1.92719e-007	0.000375
-1.92219e-007	0.0013125
-1.91719e-007	0.0013125
-1.91219e-007	0.001
-1.90719e-007	0.0013125
-1.90219e-007	0.0013125
-1.89719e-007	0.001
-1.89219e-007	0.000375
-1.88719e-007	-0.000875
-1.88219e-007	-0.0011875
-1.87719e-007	-0.000875
-1.87219e-007	-0.0011875
-1.86719e-007	-0.0018125
-1.86219e-007	-0.002125
-1.85719e-007	-0.0018125
-1.85219e-007	-0.0011875
-1.84719e-007	-0.0005625
-1.84219e-007	0.0006875
-1.83719e-007	0.000375
-1.83219e-007	6.25e-005
-1.82719e-007	0.001625
-1.82219e-007	0.0013125
-1.81719e-007	0.0006875
-1.81219e-007	0.0006875
-1.80719e-007	0.001625
-1.80219e-007	0.001
-1.79719e-007	0.0006875
-1.79219e-007	0.000375
-1.78719e-007	-0.0005625
-1.78219e-007	-0.0005625
-1.77719e-007	-0.000875
-1.77219e-007	-0.0015
-1.76719e-007	-0.0018125
-1.76219e-007	-0.002125
-1.75719e-007	-0.0015
-1.75219e-007	-0.000875
-1.74719e-007	-0.00025
-1.74219e-007	0.000375
-1.73719e-007	0.000375
-1.73219e-007	0.0006875
-1.72719e-007	0.0006875
-1.72219e-007	0.001
-1.71719e-007	0.0013125
-1.71219e-007	0.0013125
-1.70719e-007	0.0013125
-1.70219e-007	0.0006875
-1.69719e-007	0.0006875
-1.69219e-007	0.000375
-1.68719e-007	-0.000875
-1.68219e-007	-0.0011875
-1.67719e-007	-0.000875
-1.67219e-007	-0.0005625
-1.66719e-007	-0.0018125
-1.66219e-007	-0.0018125
-1.65719e-007	-0.0011875
-1.65219e-007	-0.0005625
-1.64719e-007	-0.000875
-1.64219e-007	-0.00025
-1.63719e-007	0.000375
-1.63219e-007	0.000375
-1.62719e-007	0.000375
-1.62219e-007	0.0006875
-1.61719e-007	0.0013125
-1.61219e-007	0.0013125
-1.60719e-007	0.0013125
-1.60219e-007	0.001
-1.59719e-007	6.25e-005
-1.59219e-007	6.25e-005
-1.58719e-007	-0.00025
-1.58219e-007	-0.0005625
-1.57719e-007	-0.000875
-1.57219e-007	-0.002125
-1.56719e-007	-0.0018125
-1.56219e-007	-0.000875
-1.55719e-007	-0.000875
-1.55219e-007	-0.0005625
-1.54719e-007	0.000375
-1.54219e-007	0.000375
-1.53719e-007	-0.00025
-1.53219e-007	-0.00025
-1.52719e-007	0.000375
-1.52219e-007	0.000375
-1.51719e-007	0.0006875
-1.51219e-007	0.001
-1.50719e-007	0.0013125
-1.50219e-007	0.000375
-1.49719e-007	6.25e-005
-1.49219e-007	-0.0005625
-1.48719e-007	-0.000875
-1.48219e-007	-0.0005625
-1.47719e-007	-0.000875
-1.47219e-007	-0.000875
-1.46719e-007	-0.0011875
-1.46219e-007	-0.000875
-1.45719e-007	-0.000875
-1.45219e-007	0.000375
-1.44719e-007	0.000375
-1.44219e-007	6.25e-005
-1.43719e-007	0.0006875
-1.43219e-007	0.001
-1.42719e-007	0.0006875
-1.42219e-007	0.0006875
-1.41719e-007	0.0006875
-1.41219e-007	0.0013125
-1.40719e-007	0.0006875
-1.40219e-007	6.25e-005
-1.39719e-007	-0.0005625
-1.39219e-007	-0.000875
-1.38719e-007	-0.000875
-1.38219e-007	-0.0011875
-1.37719e-007	-0.0018125
-1.37219e-007	-0.0011875
-1.36719e-007	-0.0011875
-1.36219e-007	-0.00025
-1.35719e-007	-0.00025
-1.35219e-007	-0.00025
-1.34719e-007	0.000375
-1.34219e-007	0.000375
-1.33719e-007	0.001
-1.33219e-007	0.001
-1.32719e-007	0.0013125
-1.32219e-007	0.0019375
-1.31719e-007	0.001625
-1.31219e-007	0.001
-1.30719e-007	0.000375
-1.30219e-007	0.000375
-1.29719e-007	-0.00025
-1.29219e-007	-0.0011875
-1.28719e-007	-0.000875
-1.28219e-007	-0.0015
-1.27719e-007	-0.0011875
-1.27219e-007	-0.0015
-1.26719e-007	-0.0015
-1.26219e-007	-0.00025
-1.25719e-007	-0.00025
-1.25219e-007	0.000375
-1.24719e-007	0.0019375
-1.24219e-007	0.001625
-1.23719e-007	0.0013125
-1.23219e-007	0.001
-1.22719e-007	0.00225
-1.22219e-007	0.0019375
-1.21719e-007	0.001
-1.21219e-007	0.001
-1.20719e-007	6.25e-005
-1.20219e-007	-0.00025
-1.19719e-007	-0.000875
-1.19219e-007	-0.000875
-1.18719e-007	-0.000875
-1.18219e-007	-0.0018125
-1.17719e-007	-0.002125
-1.17219e-007	-0.0011875
-1.16719e-007	-0.000875
-1.16219e-007	-0.0005625
-1.15719e-007	-0.00025
-1.15219e-007	6.25e-005
-1.14719e-007	0.001
-1.14219e-007	0.0013125
-1.13719e-007	0.0013125
-1.13219e-007	0.001625
-1.12719e-007	0.0019375
-1.12219e-007	0.0019375
-1.11719e-007	0.001625
-1.11219e-007	6.25e-005
-1.10719e-007	6.25e-005
-1.10219e-007	6.25e-005
-1.09719e-007	-0.000875
-1.09219e-007	-0.0015
-1.08719e-007	-0.0015
-1.08219e-007	-0.0011875
-1.07719e-007	-0.0015
-1.07219e-007	-0.0015
-1.06719e-007	-0.000875
-1.06219e-007	-0.0005625
-1.05719e-007	0.000375
-1.05219e-007	0.000375
-1.04719e-007	6.25e-005
-1.04219e-007	0.0013125
-1.03719e-007	0.0019375
-1.03219e-007	0.0019375
-1.02719e-007	0.00225
-1.02219e-007	0.0019375
-1.01719e-007	0.0013125
-1.01219e-007	0.0006875
-1.00719e-007	6.25e-005
-1.00219e-007	-0.0005625
-9.9719e-008	-0.000875
-9.9219e-008	-0.0011875
-9.8719e-008	-0.0018125
-9.8219e-008	-0.0011875
-9.7719e-008	-0.0011875
-9.7219e-008	-0.000875
-9.6719e-008	-0.0011875
-9.6219e-008	-0.000875
-9.5719e-008	-0.0005625
-9.5219e-008	0.0006875
-9.4719e-008	0.0013125
-9.4219e-008	0.001625
-9.3719e-008	0.0013125
-9.3219e-008	0.001625
-9.2719e-008	0.001625
-9.2219e-008	0.0013125
-9.1719e-008	0.001
-9.1219e-008	0.000375
-9.0719e-008	6.25e-005
-9.0219e-008	-0.00025
-8.9719e-008	-0.00025
-8.9219e-008	-0.0005625
-8.8719e-008	-0.0018125
-8.8219e-008	-0.0018125
-8.7719e-008	-0.0011875
-8.7219e-008	-0.0011875
-8.6719e-008	-0.000875
-8.6219e-008	-0.000875
-8.5719e-008	-0.00025
-8.5219e-008	6.25e-005
-8.4719e-008	-0.00025
-8.4219e-008	0.0006875
-8.3719e-008	0.0013125
-8.3219e-008	0.0013125
-8.2719e-008	0.0013125
-8.2219e-008	0.0013125
-8.1719e-008	0.0013125
-8.1219e-008	6.25e-005
-8.0719e-008	6.25e-005
-8.0219e-008	6.25e-005
-7.9719e-008	-0.000875
-7.9219e-008	-0.0011875
-7.8719e-008	-0.0015
-7.8219e-008	-0.000875
-7.7719e-008	-0.000875
-7.7219e-008	-0.000875
-7.6719e-008	-0.0011875
-7.6219e-008	-0.000875
-7.5719e-008	6.25e-005
-7.5219e-008	6.25e-005
-7.4719e-008	6.25e-005
-7.4219e-008	0.000375
-7.3719e-008	0.0006875
-7.3219e-008	0.001
-7.2719e-008	0.001
-7.2219e-008	0.0013125
-7.1719e-008	0.0013125
-7.1219e-008	0.0006875
-7.0719e-008	-0.00025
-7.0219e-008	-0.0005625
-6.9719e-008	6.25e-005
-6.9219e-008	-0.0005625
-6.8719e-008	-0.0015
-6.8219e-008	-0.0015
-6.7719e-008	-0.0005625
-6.7219e-008	-0.000875
-6.6719e-008	-0.0011875
-6.6219e-008	-0.0005625
-6.5719e-008	-0.0005625
-6.5219e-008	-0.0005625
-6.4719e-008	-0.0005625
-6.4219e-008	0.001625
-6.3719e-008	0.001625
-6.3219e-008	0.0006875
-6.2719e-008	0.0006875
-6.2219e-008	0.0006875
-6.1719e-008	6.25e-005
-6.1219e-008	-0.00025
-6.0719e-008	-0.00025
-6.0219e-008	6.25e-005
-5.9719e-008	-0.00025
-5.9219e-008	-0.0005625
-5.8719e-008	-0.0011875
-5.8219e-008	-0.000875
-5.7719e-008	-0.000875
-5.7219e-008	-0.0015
-5.6719e-008	-0.00025
-5.6219e-008	-0.0005625
-5.5719e-008	-0.0005625
-5.5219e-008	6.25e-005
-5.4719e-008	6.25e-005
-5.4219e-008	6.25e-005
-5.3719e-008	6.25e-005
-5.3219e-008	0.0006875
-5.2719e-008	0.001625
-5.2219e-008	0.000375
-5.1719e-008	0.0013125
-5.1219e-008	0.0006875
-5.0719e-008	-0.0005625
-5.0219e-008	-0.0005625
-4.9719e-008	-0.000875
-4.9219e-008	-0.00025
-4.8719e-008	-0.0011875
-4.8219e-008	-0.000875
-4.7719e-008	-0.000875
-4.7219e-008	6.25e-005
-4.6719e-008	6.25e-005
-4.6219e-008	-0.000875
-4.5719e-008	-0.000875
-4.5219e-008	0.000375
-4.4719e-008	0.0006875
-4.4219e-008	0.0013125
-4.3719e-008	0.0006875
-4.3219e-008	0.0006875
-4.2719e-008	0.0013125
-4.2219e-008	0.000375
-4.1719e-008	0.0006875
-4.1219e-008	0.000375
-4.0719e-008	6.25e-005
-4.0219e-008	-0.0005625
-3.9719e-008	-0.000875
-3.9219e-008	-0.0005625
-3.8719e-008	-0.0005625
-3.8219e-008	-0.00025
-3.7719e-008	-0.000875
-3.7219e-008	-0.0015
-3.6719e-008	-0.0005625
-3.6219e-008	-0.0005625
-3.5719e-008	-0.00025
-3.5219e-008	6.25e-005
-3.4719e-008	-0.00025
-3.4219e-008	6.25e-005
-3.3719e-008	0.000375
-3.3219e-008	0.0006875
-3.2719e-008	0.000375
-3.2219e-008	6.25e-005
-3.1719e-008	0.0006875
-3.1219e-008	0.0006875
-3.0719e-008	6.25e-005
-3.0219e-008	6.25e-005
-2.9719e-008	6.25e-005
-2.9219e-008	0.000375
-2.8719e-008	6.25e-005
-2.8219e-008	-0.00025
-2.7719e-008	6.25e-005
-2.7219e-008	-0.0005625
-2.6719e-008	-0.0011875
-2.6219e-008	-0.0005625
-2.5719e-008	-0.0005625
-2.5219e-008	-0.00025
-2.4719e-008	-0.0005625
-2.4219e-008	6.25e-005
-2.3719e-008	0.000375
-2.3219e-008	0.001
-2.2719e-008	0.0019375
-2.2219e-008	0.000375
-2.1719e-008	-0.00025
-2.1219e-008	6.25e-005
-2.0719e-008	0.0006875
-2.0219e-008	0.001
-1.9719e-008	-0.00025
-1.9219e-008	-0.00025
-1.8719e-008	6.25e-005
-1.8219e-008	-0.0005625
-1.7719e-008	-0.0005625
-1.7219e-008	-0.0011875
-1.6719e-008	-0.0011875
-1.6219e-008	-0.0018125
-1.5719e-008	-0.002125
-1.5219e-008	-0.00275
-1.4719e-008	-0.0036875
-1.4219e-008	-0.00275
-1.3719e-008	-0.0030625
-1.3219e-008	-0.0043125
-1.2719e-008	-0.004
-1.2219e-008	-0.0049375
-1.1719e-008	-0.0043125
-1.1219e-008	-0.0043125
-1.0719e-008	-0.0049375
-1.0219e-008	-0.005875
-9.719e-009	-0.0068125
-9.219e-009	-0.005875
-8.719e-009	-0.007125
-8.219e-009	-0.0086875
-7.719e-009	-0.0093125
-7.219e-009	-0.0099375
-6.719e-009	-0.01025
-6.219e-009	-0.01025
-5.719e-009	-0.0105625
-5.219e-009	-0.0105625
-4.719e-009	-0.010875
-4.219e-009	-0.0093125
-3.719e-009	-0.0086875
-3.219e-009	-0.009
-2.719e-009	-0.0093125
-2.219e-009	-0.0099375
-1.719e-009	-0.01025
-1.219e-009	-0.0115
-7.19e-010	-0.0118125
-2.19e-010	-0.012125
2.81e-010	-0.012125
7.81e-010	-0.0118125
1.281e-009	-0.012125
1.781e-009	-0.0118125
2.281e-009	-0.0115
2.781e-009	-0.012125
3.281e-009	-0.0118125
3.781e-009	-0.0115
4.281e-009	-0.010875
4.781e-009	-0.0115
5.281e-009	-0.0115
5.781e-009	-0.0111875
6.281e-009	-0.0111875
6.781e-009	-0.0115
7.281e-009	-0.0111875
7.781e-009	-0.0118125
8.281e-009	-0.012125
8.781e-009	-0.0111875
9.281e-009	-0.01025
9.781e-009	-0.0105625
1.0281e-008	-0.0105625
1.0781e-008	-0.01025
1.1281e-008	-0.010875
1.1781e-008	-0.0111875
1.2281e-008	-0.0111875
1.2781e-008	-0.0111875
1.3281e-008	-0.0111875
1.3781e-008	-0.0124375
1.4281e-008	-0.012125
1.4781e-008	-0.0118125
1.5281e-008	-0.010875
1.5781e-008	-0.0118125
1.6281e-008	-0.0115
1.6781e-008	-0.0115
1.7281e-008	-0.0115
1.7781e-008	-0.012125
1.8281e-008	-0.0111875
1.8781e-008	-0.0118125
1.9281e-008	-0.012125
1.9781e-008	-0.012125
2.0281e-008	-0.0118125
2.0781e-008	-0.0124375
2.1281e-008	-0.01275
2.1781e-008	-0.0124375
2.2281e-008	-0.0118125
2.2781e-008	-0.0118125
2.3281e-008	-0.01275
2.3781e-008	-0.0124375
2.4281e-008	-0.012125
2.4781e-008	-0.0124375
2.5281e-008	-0.013375
2.5781e-008	-0.013375
2.6281e-008	-0.0124375
2.6781e-008	-0.01275
2.7281e-008	-0.01275
2.7781e-008	-0.012125
2.8281e-008	-0.01275
2.8781e-008	-0.0130625
2.9281e-008	-0.01275
2.9781e-008	-0.0124375
3.0281e-008	-0.0124375
3.0781e-008	-0.01275
3.1281e-008	-0.012125
3.1781e-008	-0.0124375
3.2281e-008	-0.0124375
3.2781e-008	-0.01275
3.3281e-008	-0.0130625
3.3781e-008	-0.01275
3.4281e-008	-0.01275
3.4781e-008	-0.0130625
3.5281e-008	-0.0130625
3.5781e-008	-0.01275
3.6281e-008	-0.01275
3.6781e-008	-0.0130625
3.7281e-008	-0.0124375
3.7781e-008	-0.012125
3.8281e-008	-0.01275
3.8781e-008	-0.013375
3.9281e-008	-0.0130625
3.9781e-008	-0.0124375
4.0281e-008	-0.01275
4.0781e-008	-0.012125
4.1281e-008	-0.012125
4.1781e-008	-0.0130625
4.2281e-008	-0.01275
4.2781e-008	-0.0130625
4.3281e-008	-0.012125
4.3781e-008	-0.0124375
4.4281e-008	-0.012125
4.4781e-008	-0.0124375
4.5281e-008	-0.0136875
4.5781e-008	-0.0136875
4.6281e-008	-0.0130625
4.6781e-008	-0.0130625
4.7281e-008	-0.012125
4.7781e-008	-0.0130625
4.8281e-008	-0.012125
4.8781e-008	-0.01275
4.9281e-008	-0.0124375
4.9781e-008	-0.0115
5.0281e-008	-0.0118125
5.0781e-008	-0.0124375
5.1281e-008	-0.013375
5.1781e-008	-0.0130625
5.2281e-008	-0.013375
5.2781e-008	-0.0136875
5.3281e-008	-0.0130625
5.3781e-008	-0.0136875
5.4281e-008	-0.014
5.4781e-008	-0.0143125
5.5281e-008	-0.0143125
5.5781e-008	-0.013375
5.6281e-008	-0.0130625
5.6781e-008	-0.0124375
5.7281e-008	-0.01275
5.7781e-008	-0.0124375
5.8281e-008	-0.01275
5.8781e-008	-0.01275
5.9281e-008	-0.0118125
5.9781e-008	-0.0124375
6.0281e-008	-0.01275
6.0781e-008	-0.012125
6.1281e-008	-0.01275
6.1781e-008	-0.0130625
6.2281e-008	-0.013375
6.2781e-008	-0.014
6.3281e-008	-0.0136875
6.3781e-008	-0.0136875
6.4281e-008	-0.013375
6.4781e-008	-0.014
6.5281e-008	-0.014625
6.5781e-008	-0.0136875
6.6281e-008	-0.0130625
6.6781e-008	-0.0130625
6.7281e-008	-0.01275
6.7781e-008	-0.0130625
6.8281e-008	-0.012125
6.8781e-008	-0.01275
6.9281e-008	-0.012125
6.9781e-008	-0.0124375
7.0281e-008	-0.0124375
7.0781e-008	-0.0124375
7.1281e-008	-0.01275
7.1781e-008	-0.013375
7.2281e-008	-0.013375
7.2781e-008	-0.0136875
7.3281e-008	-0.0136875
7.3781e-008	-0.013375
7.4281e-008	-0.0136875
7.4781e-008	-0.014
7.5281e-008	-0.014625
7.5781e-008	-0.013375
7.6281e-008	-0.0136875
7.6781e-008	-0.0136875
7.7281e-008	-0.0130625
7.7781e-008	-0.0130625
7.8281e-008	-0.0124375
7.8781e-008	-0.0118125
7.9281e-008	-0.012125
7.9781e-008	-0.012125
8.0281e-008	-0.0124375
8.0781e-008	-0.012125
8.1281e-008	-0.0118125
8.1781e-008	-0.01275
8.2281e-008	-0.0118125
8.2781e-008	-0.01275
8.3281e-008	-0.013375
8.3781e-008	-0.013375
8.4281e-008	-0.0136875
8.4781e-008	-0.014
8.5281e-008	-0.013375
8.5781e-008	-0.0136875
8.6281e-008	-0.013375
8.6781e-008	-0.0136875
8.7281e-008	-0.0124375
8.7781e-008	-0.0124375
8.8281e-008	-0.0124375
8.8781e-008	-0.0124375
8.9281e-008	-0.0115
8.9781e-008	-0.0118125
9.0281e-008	-0.0115
9.0781e-008	-0.0118125
9.1281e-008	-0.0115
9.1781e-008	-0.012125
9.2281e-008	-0.012125
9.2781e-008	-0.0124375
9.3281e-008	-0.01275
9.3781e-008	-0.0130625
9.4281e-008	-0.0130625
9.4781e-008	-0.01275
9.5281e-008	-0.013375
9.5781e-008	-0.014
9.6281e-008	-0.013375
9.6781e-008	-0.013375
9.7281e-008	-0.01275
9.7781e-008	-0.012125
9.8281e-008	-0.0118125
9.8781e-008	-0.0115
9.9281e-008	-0.0118125
9.9781e-008	-0.0115
1.00281e-007	-0.0115
1.00781e-007	-0.0118125
1.01281e-007	-0.0111875
1.01781e-007	-0.0111875
1.02281e-007	-0.0115
1.02781e-007	-0.0124375
1.03281e-007	-0.01275
1.03781e-007	-0.0118125
1.04281e-007	-0.012125
1.04781e-007	-0.0130625
1.05281e-007	-0.013375
1.05781e-007	-0.01275
1.06281e-007	-0.0124375
1.06781e-007	-0.0136875
1.07281e-007	-0.0130625
1.07781e-007	-0.0124375
1.08281e-007	-0.0118125
1.08781e-007	-0.012125
1.09281e-007	-0.0118125
1.09781e-007	-0.0118125
1.10281e-007	-0.0115
1.10781e-007	-0.0111875
1.11281e-007	-0.0111875
1.11781e-007	-0.0115
1.12281e-007	-0.010875
1.12781e-007	-0.0118125
1.13281e-007	-0.0111875
1.13781e-007	-0.0118125
1.14281e-007	-0.0115
1.14781e-007	-0.0115
1.15281e-007	-0.0124375
1.15781e-007	-0.013375
1.16281e-007	-0.01275
1.16781e-007	-0.01275
1.17281e-007	-0.0124375
1.17781e-007	-0.01275
1.18281e-007	-0.0118125
1.18781e-007	-0.0118125
1.19281e-007	-0.012125
1.19781e-007	-0.0118125
1.20281e-007	-0.0115
1.20781e-007	-0.0111875
1.21281e-007	-0.0115
1.21781e-007	-0.0115
1.22281e-007	-0.0111875
1.22781e-007	-0.010875
1.23281e-007	-0.0115
1.23781e-007	-0.012125
1.24281e-007	-0.0115
1.24781e-007	-0.012125
1.25281e-007	-0.012125
1.25781e-007	-0.0124375
1.26281e-007	-0.0124375
1.26781e-007	-0.0124375
1.27281e-007	-0.0118125
1.27781e-007	-0.0118125
1.28281e-007	-0.0115
1.28781e-007	-0.0118125
1.29281e-007	-0.0115
1.29781e-007	-0.0118125
1.30281e-007	-0.010875
1.30781e-007	-0.010875
1.31281e-007	-0.0111875
1.31781e-007	-0.0105625
1.32281e-007	-0.01025
1.32781e-007	-0.0115
1.33281e-007	-0.010875
1.33781e-007	-0.0118125
1.34281e-007	-0.0115
1.34781e-007	-0.012125
1.35281e-007	-0.0115
1.35781e-007	-0.0118125
1.36281e-007	-0.0124375
1.36781e-007	-0.0115
1.37281e-007	-0.0105625
1.37781e-007	-0.0111875
1.38281e-007	-0.0115
1.38781e-007	-0.0115
1.39281e-007	-0.0105625
1.39781e-007	-0.010875
1.40281e-007	-0.0105625
1.40781e-007	-0.0099375
1.41281e-007	-0.010875
1.41781e-007	-0.0099375
1.42281e-007	-0.0105625
1.42781e-007	-0.0105625
1.43281e-007	-0.010875
1.43781e-007	-0.0115
1.44281e-007	-0.0115
1.44781e-007	-0.0115
1.45281e-007	-0.0118125
1.45781e-007	-0.0118125
1.46281e-007	-0.0115
1.46781e-007	-0.0111875
1.47281e-007	-0.0115
1.47781e-007	-0.0111875
1.48281e-007	-0.0111875
1.48781e-007	-0.0111875
1.49281e-007	-0.009625
1.49781e-007	-0.009625
1.50281e-007	-0.009625
1.50781e-007	-0.0093125
1.51281e-007	-0.009
1.51781e-007	-0.0093125
1.52281e-007	-0.01025
1.52781e-007	-0.0105625
1.53281e-007	-0.010875
1.53781e-007	-0.0118125
1.54281e-007	-0.0111875
1.54781e-007	-0.0115
1.55281e-007	-0.0115
1.55781e-007	-0.0124375
1.56281e-007	-0.012125
1.56781e-007	-0.0111875
1.57281e-007	-0.0115
1.57781e-007	-0.0118125
1.58281e-007	-0.010875
1.58781e-007	-0.01025
1.59281e-007	-0.0099375
1.59781e-007	-0.009625
1.60281e-007	-0.009
1.60781e-007	-0.0086875
1.61281e-007	-0.0093125
1.61781e-007	-0.009
1.62281e-007	-0.0093125
1.62781e-007	-0.009625
1.63281e-007	-0.0105625
1.63781e-007	-0.0111875
1.64281e-007	-0.010875
1.64781e-007	-0.0111875
1.65281e-007	-0.0111875
1.65781e-007	-0.0115
1.66281e-007	-0.0124375
1.66781e-007	-0.0118125
1.67281e-007	-0.0105625
1.67781e-007	-0.01025
1.68281e-007	-0.01025
1.68781e-007	-0.0099375
1.69281e-007	-0.0093125
1.69781e-007	-0.0086875
1.70281e-007	-0.009
1.70781e-007	-0.009
1.71281e-007	-0.009
1.71781e-007	-0.0080625
1.72281e-007	-0.0086875
1.72781e-007	-0.01025
1.73281e-007	-0.01025
1.73781e-007	-0.0099375
1.74281e-007	-0.010875
1.74781e-007	-0.0111875
1.75281e-007	-0.0115
1.75781e-007	-0.0124375
1.76281e-007	-0.0118125
1.76781e-007	-0.0115
1.77281e-007	-0.010875
1.77781e-007	-0.0111875
1.78281e-007	-0.01025
1.78781e-007	-0.0099375
1.79281e-007	-0.0093125
1.79781e-007	-0.0086875
1.80281e-007	-0.0093125
1.80781e-007	-0.008375
1.81281e-007	-0.009
1.81781e-007	-0.0093125
1.82281e-007	-0.0086875
1.82781e-007	-0.009
1.83281e-007	-0.009625
1.83781e-007	-0.0105625
1.84281e-007	-0.010875
1.84781e-007	-0.0118125
1.85281e-007	-0.0115
1.85781e-007	-0.0111875
1.86281e-007	-0.012125
1.86781e-007	-0.0115
1.87281e-007	-0.0105625
1.87781e-007	-0.0099375
1.88281e-007	-0.0099375
1.88781e-007	-0.0099375
1.89281e-007	-0.0093125
1.89781e-007	-0.009
1.90281e-007	-0.009
1.90781e-007	-0.0080625
1.91281e-007	-0.008375
1.91781e-007	-0.0080625
1.92281e-007	-0.0093125
1.92781e-007	-0.0099375
1.93281e-007	-0.01025
1.93781e-007	-0.0115
1.94281e-007	-0.010875
1.94781e-007	-0.0105625
1.95281e-007	-0.010875
1.95781e-007	-0.0111875
1.96281e-007	-0.010875
1.96781e-007	-0.0111875
1.97281e-007	-0.01025
1.97781e-007	-0.0093125
1.98281e-007	-0.009625
1.98781e-007	-0.0093125
1.99281e-007	-0.009
1.99781e-007	-0.0093125
2.00281e-007	-0.0093125
2.00781e-007	-0.00775
2.01281e-007	-0.0080625
2.01781e-007	-0.009
2.02281e-007	-0.009625
2.02781e-007	-0.009
2.03281e-007	-0.0093125
2.03781e-007	-0.0099375
2.04281e-007	-0.009625
2.04781e-007	-0.009
2.05281e-007	-0.01025
2.05781e-007	-0.0105625
2.06281e-007	-0.0099375
2.06781e-007	-0.0086875
2.07281e-007	-0.0093125
2.07781e-007	-0.009625
2.08281e-007	-0.0086875
2.08781e-007	-0.0086875
2.09281e-007	-0.009
2.09781e-007	-0.0086875
2.10281e-007	-0.0080625
2.10781e-007	-0.008375
2.11281e-007	-0.0086875
2.11781e-007	-0.0086875
2.12281e-007	-0.0093125
2.12781e-007	-0.0093125
2.13281e-007	-0.0099375
2.13781e-007	-0.0099375
2.14281e-007	-0.009625
2.14781e-007	-0.0086875
2.15281e-007	-0.0099375
2.15781e-007	-0.009
2.16281e-007	-0.0086875
2.16781e-007	-0.0086875
2.17281e-007	-0.009
2.17781e-007	-0.0086875
2.18281e-007	-0.008375
2.18781e-007	-0.0086875
2.19281e-007	-0.0086875
2.19781e-007	-0.008375
2.20281e-007	-0.008375
2.20781e-007	-0.008375
2.21281e-007	-0.0086875
2.21781e-007	-0.0086875
2.22281e-007	-0.009625
2.22781e-007	-0.009625
2.23281e-007	-0.0093125
2.23781e-007	-0.0093125
2.24281e-007	-0.009625
2.24781e-007	-0.009
2.25281e-007	-0.009
2.25781e-007	-0.008375
2.26281e-007	-0.0080625
2.26781e-007	-0.008375
2.27281e-007	-0.008375
2.27781e-007	-0.00775
2.28281e-007	-0.00775
2.28781e-007	-0.0074375
2.29281e-007	-0.0086875
2.29781e-007	-0.008375
2.30281e-007	-0.008375
2.30781e-007	-0.009
2.31281e-007	-0.009
2.31781e-007	-0.0093125
2.32281e-007	-0.009
2.32781e-007	-0.009
2.33281e-007	-0.0093125
2.33781e-007	-0.0086875
2.34281e-007	-0.008375
2.34781e-007	-0.0086875
2.35281e-007	-0.008375
2.35781e-007	-0.0080625
2.36281e-007	-0.00775
2.36781e-007	-0.00775
2.37281e-007	-0.0074375
2.37781e-007	-0.007125
2.38281e-007	-0.0065
2.38781e-007	-0.00775
2.39281e-007	-0.0086875
2.39781e-007	-0.0080625
2.40281e-007	-0.00775
2.40781e-007	-0.0080625
2.41281e-007	-0.008375
2.41781e-007	-0.0080625
2.42281e-007	-0.0086875
2.42781e-007	-0.009
2.43281e-007	-0.008375
2.43781e-007	-0.0080625
2.44281e-007	-0.0086875
2.44781e-007	-0.0080625
2.45281e-007	-0.00775
2.45781e-007	-0.007125
2.46281e-007	-0.00775
2.46781e-007	-0.0074375
2.47281e-007	-0.00775
2.47781e-007	-0.007125
2.48281e-007	-0.00775
2.48781e-007	-0.0080625
2.49281e-007	-0.008375
2.49781e-007	-0.008375
2.50281e-007	-0.008375
2.50781e-007	-0.008375
2.51281e-007	-0.009
2.51781e-007	-0.0086875
2.52281e-007	-0.009
2.52781e-007	-0.0086875
2.53281e-007	-0.008375
2.53781e-007	-0.0080625
2.54281e-007	-0.00775
2.54781e-007	-0.00775
2.55281e-007	-0.00775
2.55781e-007	-0.0074375
2.56281e-007	-0.007125
2.56781e-007	-0.0068125
2.57281e-007	-0.00775
2.57781e-007	-0.00775
2.58281e-007	-0.0074375
2.58781e-007	-0.00775
2.59281e-007	-0.008375
2.59781e-007	-0.009
2.60281e-007	-0.0086875
2.60781e-007	-0.0080625
2.61281e-007	-0.008375
2.61781e-007	-0.008375
2.62281e-007	-0.0086875
2.62781e-007	-0.0074375
2.63281e-007	-0.007125
2.63781e-007	-0.0074375
2.64281e-007	-0.0068125
2.64781e-007	-0.0068125
2.65281e-007	-0.0074375
2.65781e-007	-0.0068125
2.66281e-007	-0.00775
2.66781e-007	-0.0074375
2.67281e-007	-0.007125
2.67781e-007	-0.007125
2.68281e-007	-0.00775
2.68781e-007	-0.0080625
2.69281e-007	-0.008375
2.69781e-007	-0.008375
2.70281e-007	-0.008375
2.70781e-007	-0.0080625
2.71281e-007	-0.008375
2.71781e-007	-0.00775
2.72281e-007	-0.0074375
2.72781e-007	-0.007125
2.73281e-007	-0.0068125
2.73781e-007	-0.0068125
2.74281e-007	-0.0065
2.74781e-007	-0.005875
2.75281e-007	-0.0061875
2.75781e-007	-0.0068125
2.76281e-007	-0.0068125
2.76781e-007	-0.0061875
2.77281e-007	-0.0074375
2.77781e-007	-0.0080625
2.78281e-007	-0.008375
2.78781e-007	-0.009
2.79281e-007	-0.0086875
2.79781e-007	-0.0086875
2.80281e-007	-0.008375
2.80781e-007	-0.00775
2.81281e-007	-0.0080625
2.81781e-007	-0.0080625
2.82281e-007	-0.0074375
2.82781e-007	-0.0061875
2.83281e-007	-0.0065
2.83781e-007	-0.0061875
2.84281e-007	-0.005875
2.84781e-007	-0.0068125
2.85281e-007	-0.0065
2.85781e-007	-0.0055625
2.86281e-007	-0.0061875
2.86781e-007	-0.0068125
2.87281e-007	-0.0080625
2.87781e-007	-0.0074375
2.88281e-007	-0.00775
2.88781e-007	-0.008375
2.89281e-007	-0.0086875
2.89781e-007	-0.008375
2.90281e-007	-0.009
2.90781e-007	-0.008375
2.91281e-007	-0.0086875
2.91781e-007	-0.0080625
2.92281e-007	-0.0074375
2.92781e-007	-0.007125
2.93281e-007	-0.0061875
2.93781e-007	-0.0049375
2.94281e-007	-0.004625
2.94781e-007	-0.00525
2.95281e-007	-0.0049375
2.95781e-007	-0.00525
2.96281e-007	-0.005875
2.96781e-007	-0.0068125
2.97281e-007	-0.0065
2.97781e-007	-0.007125
2.98281e-007	-0.0080625
2.98781e-007	-0.008375
2.99281e-007	-0.0093125
2.99781e-007	-0.0093125
3.00281e-007	-0.008375
3.00781e-007	-0.0080625
3.01281e-007	-0.008375
3.01781e-007	-0.00775
3.02281e-007	-0.0068125
3.02781e-007	-0.0061875
3.03281e-007	-0.0055625
3.03781e-007	-0.00525
3.04281e-007	-0.0043125
3.04781e-007	-0.0043125
3.05281e-007	-0.0049375
3.05781e-007	-0.00525
3.06281e-007	-0.004625
3.06781e-007	-0.0055625
3.07281e-007	-0.0068125
3.07781e-007	-0.0074375
3.08281e-007	-0.00775
3.08781e-007	-0.0086875
3.09281e-007	-0.0080625
3.09781e-007	-0.0074375
3.10281e-007	-0.008375
3.10781e-007	-0.0080625
3.11281e-007	-0.00775
3.11781e-007	-0.0074375
3.12281e-007	-0.0061875
3.12781e-007	-0.0055625
3.13281e-007	-0.005875
3.13781e-007	-0.0055625
3.14281e-007	-0.0049375
3.14781e-007	-0.004625
3.15281e-007	-0.0043125
3.15781e-007	-0.0043125
3.16281e-007	-0.0049375
3.16781e-007	-0.005875
3.17281e-007	-0.007125
3.17781e-007	-0.00775
3.18281e-007	-0.00775
3.18781e-007	-0.008375
3.19281e-007	-0.008375
3.19781e-007	-0.0074375
3.20281e-007	-0.008375
3.20781e-007	-0.0086875
3.21281e-007	-0.0080625
3.21781e-007	-0.0068125
3.22281e-007	-0.0061875
3.22781e-007	-0.0061875
3.23281e-007	-0.0055625
3.23781e-007	-0.0049375
3.24281e-007	-0.0049375
3.24781e-007	-0.004625
3.25281e-007	-0.004625
3.25781e-007	-0.0055625
3.26281e-007	-0.005875
3.26781e-007	-0.0061875
3.27281e-007	-0.005875
3.27781e-007	-0.0068125
3.28281e-007	-0.0074375
3.28781e-007	-0.0065
3.29281e-007	-0.0074375
3.29781e-007	-0.007125
3.30281e-007	-0.0074375
3.30781e-007	-0.0068125
3.31281e-007	-0.0068125
3.31781e-007	-0.0068125
3.32281e-007	-0.0061875
3.32781e-007	-0.005875
3.33281e-007	-0.0061875
3.33781e-007	-0.0055625
3.34281e-007	-0.0049375
3.34781e-007	-0.004625
3.35281e-007	-0.00525
3.35781e-007	-0.005875
3.36281e-007	-0.0061875
3.36781e-007	-0.0065
3.37281e-007	-0.0065
3.37781e-007	-0.0068125
3.38281e-007	-0.0074375
3.38781e-007	-0.0068125
3.39281e-007	-0.0065
3.39781e-007	-0.007125
3.40281e-007	-0.007125
3.40781e-007	-0.0074375
3.41281e-007	-0.0068125
3.41781e-007	-0.0061875
3.42281e-007	-0.0055625
3.42781e-007	-0.005875
3.43281e-007	-0.005875
3.43781e-007	-0.005875
3.44281e-007	-0.005875
3.44781e-007	-0.00525
3.45281e-007	-0.005875
3.45781e-007	-0.005875
3.46281e-007	-0.0055625
3.46781e-007	-0.0061875
3.47281e-007	-0.0068125
3.47781e-007	-0.005875
3.48281e-007	-0.0061875
3.48781e-007	-0.0065
3.49281e-007	-0.0074375
3.49781e-007	-0.0065
3.50281e-007	-0.0061875
3.50781e-007	-0.0068125
3.51281e-007	-0.0065
3.51781e-007	-0.0055625
3.52281e-007	-0.0055625
3.52781e-007	-0.00525
3.53281e-007	-0.0049375
3.53781e-007	-0.0049375
3.54281e-007	-0.00525
3.54781e-007	-0.00525
3.55281e-007	-0.005875
3.55781e-007	-0.005875
3.56281e-007	-0.00525
3.56781e-007	-0.0065
3.57281e-007	-0.0065
3.57781e-007	-0.005875
3.58281e-007	-0.0061875
3.58781e-007	-0.0061875
3.59281e-007	-0.0065
3.59781e-007	-0.0055625
3.60281e-007	-0.0055625
3.60781e-007	-0.00525
3.61281e-007	-0.0061875
3.61781e-007	-0.0068125
3.62281e-007	-0.0049375
3.62781e-007	-0.0049375
3.63281e-007	-0.005875
3.63781e-007	-0.004625
3.64281e-007	-0.0049375
3.64781e-007	-0.00525
3.65281e-007	-0.005875
3.65781e-007	-0.0055625
3.66281e-007	-0.00525
3.66781e-007	-0.005875
3.67281e-007	-0.005875
3.67781e-007	-0.0055625
3.68281e-007	-0.0061875
3.68781e-007	-0.005875
3.69281e-007	-0.0055625
3.69781e-007	-0.0055625
3.70281e-007	-0.0061875
3.70781e-007	-0.005875
3.71281e-007	-0.0055625
3.71781e-007	-0.005875
3.72281e-007	-0.0055625
3.72781e-007	-0.005875
3.73281e-007	-0.00525
3.73781e-007	-0.0049375
3.74281e-007	-0.00525
3.74781e-007	-0.00525
3.75281e-007	-0.005875
3.75781e-007	-0.005875
3.76281e-007	-0.005875
3.76781e-007	-0.0055625
3.77281e-007	-0.005875
3.77781e-007	-0.0061875
3.78281e-007	-0.0061875
3.78781e-007	-0.005875
3.79281e-007	-0.0061875
3.79781e-007	-0.0055625
3.80281e-007	-0.005875
3.80781e-007	-0.0055625
3.81281e-007	-0.0049375
3.81781e-007	-0.00525
3.82281e-007	-0.0055625
3.82781e-007	-0.005875
3.83281e-007	-0.0049375
3.83781e-007	-0.0043125
3.84281e-007	-0.004625
3.84781e-007	-0.0049375
3.85281e-007	-0.005875
3.85781e-007	-0.00525
3.86281e-007	-0.0049375
3.86781e-007	-0.00525
3.87281e-007	-0.0055625
3.87781e-007	-0.0055625
3.88281e-007	-0.0049375
3.88781e-007	-0.00525
3.89281e-007	-0.0055625
3.89781e-007	-0.00525
3.90281e-007	-0.00525
3.90781e-007	-0.0055625
3.91281e-007	-0.00525
3.91781e-007	-0.00525
3.92281e-007	-0.005875
3.92781e-007	-0.0055625
3.93281e-007	-0.004625
3.93781e-007	-0.004625
3.94281e-007	-0.004625
3.94781e-007	-0.004625
3.95281e-007	-0.00525
3.95781e-007	-0.00525
3.96281e-007	-0.0055625
3.96781e-007	-0.00525
3.97281e-007	-0.0049375
3.97781e-007	-0.0055625
3.98281e-007	-0.00525
3.98781e-007	-0.005875
3.99281e-007	-0.0055625
3.99781e-007	-0.0049375
4.00281e-007	-0.0049375
4.00781e-007	-0.0049375
4.01281e-007	-0.0055625
4.01781e-007	-0.0049375
4.02281e-007	-0.004
4.02781e-007	-0.0043125
4.03281e-007	-0.0049375
4.03781e-007	-0.0049375
4.04281e-007	-0.004
4.04781e-007	-0.004625
4.05281e-007	-0.0043125
4.05781e-007	-0.00525
4.06281e-007	-0.00525
4.06781e-007	-0.00525
4.07281e-007	-0.005875
4.07781e-007	-0.00525
4.08281e-007	-0.0049375
4.08781e-007	-0.0055625
4.09281e-007	-0.0049375
4.09781e-007	-0.0049375
4.10281e-007	-0.0055625
4.10781e-007	-0.0055625
4.11281e-007	-0.0049375
4.11781e-007	-0.004625
4.12281e-007	-0.004
4.12781e-007	-0.0043125
4.13281e-007	-0.0043125
4.13781e-007	-0.0049375
4.14281e-007	-0.0049375
4.14781e-007	-0.0036875
4.15281e-007	-0.004625
4.15781e-007	-0.0049375
4.16281e-007	-0.0049375
4.16781e-007	-0.0055625
4.17281e-007	-0.00525
4.17781e-007	-0.0049375
4.18281e-007	-0.0061875
4.18781e-007	-0.0055625
4.19281e-007	-0.0055625
4.19781e-007	-0.00525
4.20281e-007	-0.005875
4.20781e-007	-0.0055625
4.21281e-007	-0.004625
4.21781e-007	-0.004
4.22281e-007	-0.003375
4.22781e-007	-0.0043125
4.23281e-007	-0.0036875
4.23781e-007	-0.003375
4.24281e-007	-0.0036875
4.24781e-007	-0.004625
4.25281e-007	-0.0049375
4.25781e-007	-0.0049375
4.26281e-007	-0.0049375
4.26781e-007	-0.005875
4.27281e-007	-0.0055625
4.27781e-007	-0.0055625
4.28281e-007	-0.0055625
4.28781e-007	-0.0061875
4.29281e-007	-0.0055625
4.29781e-007	-0.0049375
4.30281e-007	-0.00525
4.30781e-007	-0.00525
4.31281e-007	-0.0043125
4.31781e-007	-0.0036875
4.32281e-007	-0.003375
4.32781e-007	-0.0043125
4.33281e-007	-0.0043125
4.33781e-007	-0.0030625
4.34281e-007	-0.0030625
4.34781e-007	-0.004
4.35281e-007	-0.004625
4.35781e-007	-0.0043125
4.36281e-007	-0.0049375
4.36781e-007	-0.0049375
4.37281e-007	-0.0055625
4.37781e-007	-0.0061875
4.38281e-007	-0.005875
4.38781e-007	-0.0055625
4.39281e-007	-0.0061875
4.39781e-007	-0.00525
4.40281e-007	-0.0049375
4.40781e-007	-0.0043125
4.41281e-007	-0.004
4.41781e-007	-0.004
4.42281e-007	-0.003375
4.42781e-007	-0.0030625
4.43281e-007	-0.003375
4.43781e-007	-0.0036875
4.44281e-007	-0.003375
4.44781e-007	-0.0036875
4.45281e-007	-0.004
4.45781e-007	-0.0043125
4.46281e-007	-0.00525
4.46781e-007	-0.0055625
4.47281e-007	-0.0049375
4.47781e-007	-0.005875
4.48281e-007	-0.005875
4.48781e-007	-0.005875
4.49281e-007	-0.0055625
4.49781e-007	-0.0043125
4.50281e-007	-0.004
4.50781e-007	-0.004
4.51281e-007	-0.0043125
4.51781e-007	-0.004
4.52281e-007	-0.0024375
4.52781e-007	-0.0030625
4.53281e-007	-0.0024375
4.53781e-007	-0.00275
4.54281e-007	-0.0036875
4.54781e-007	-0.0036875
4.55281e-007	-0.004625
4.55781e-007	-0.0043125
4.56281e-007	-0.004625
4.56781e-007	-0.0055625
4.57281e-007	-0.0055625
4.57781e-007	-0.0055625
4.58281e-007	-0.0055625
4.58781e-007	-0.0055625
4.59281e-007	-0.0055625
4.59781e-007	-0.0049375
4.60281e-007	-0.0049375
4.60781e-007	-0.004
4.61281e-007	-0.004
4.61781e-007	-0.0036875
4.62281e-007	-0.0030625
4.62781e-007	-0.00275
4.63281e-007	-0.0024375
4.63781e-007	-0.003375
4.64281e-007	-0.0036875
4.64781e-007	-0.0036875
4.65281e-007	-0.0036875
4.65781e-007	-0.004
4.66281e-007	-0.0055625
4.66781e-007	-0.0055625
4.67281e-007	-0.005875
4.67781e-007	-0.0061875
4.68281e-007	-0.005875
4.68781e-007	-0.0055625
4.69281e-007	-0.0043125
4.69781e-007	-0.004
4.70281e-007	-0.0043125
4.70781e-007	-0.0043125
4.71281e-007	-0.0036875
4.71781e-007	-0.0036875
4.72281e-007	-0.0030625
4.72781e-007	-0.003375
4.73281e-007	-0.0030625
4.73781e-007	-0.003375
4.74281e-007	-0.0030625
4.74781e-007	-0.0043125
4.75281e-007	-0.004625
4.75781e-007	-0.004625
4.76281e-007	-0.00525
4.76781e-007	-0.0055625
4.77281e-007	-0.0055625
4.77781e-007	-0.00525
4.78281e-007	-0.0049375
4.78781e-007	-0.004625
4.79281e-007	-0.004625
4.79781e-007	-0.004
4.80281e-007	-0.0036875
4.80781e-007	-0.0030625
4.81281e-007	-0.003375
4.81781e-007	-0.0030625
4.82281e-007	-0.00275
4.82781e-007	-0.0024375
4.83281e-007	-0.0024375
4.83781e-007	-0.003375
4.84281e-007	-0.0043125
4.84781e-007	-0.0043125
4.85281e-007	-0.0049375
4.85781e-007	-0.00525
4.86281e-007	-0.005875
4.86781e-007	-0.00525
4.87281e-007	-0.005875
4.87781e-007	-0.00525
4.88281e-007	-0.0043125
4.88781e-007	-0.0049375
4.89281e-007	-0.004
4.89781e-007	-0.0030625
4.90281e-007	-0.0030625
4.90781e-007	-0.0030625
4.91281e-007	-0.0024375
4.91781e-007	-0.002125
4.92281e-007	-0.0024375
4.92781e-007	-0.00275
4.93281e-007	-0.00275
4.93781e-007	-0.004
4.94281e-007	-0.0043125
4.94781e-007	-0.004625
4.95281e-007	-0.00525
4.95781e-007	-0.00525
4.96281e-007	-0.00525
4.96781e-007	-0.00525
4.97281e-007	-0.00525
4.97781e-007	-0.00525
4.98281e-007	-0.0043125
4.98781e-007	-0.0036875
4.99281e-007	-0.0036875
4.99781e-007	-0.003375
5.00281e-007	-0.00275
5.00781e-007	-0.0018125
5.01281e-007	-0.0018125
5.01781e-007	-0.0018125
5.02281e-007	-0.002125
5.02781e-007	-0.0024375
5.03281e-007	-0.0036875
5.03781e-007	-0.004625
5.04281e-007	-0.00525
5.04781e-007	-0.0049375
5.05281e-007	-0.00525
5.05781e-007	-0.0055625
5.06281e-007	-0.0055625
5.06781e-007	-0.0049375
5.07281e-007	-0.0055625
5.07781e-007	-0.00525
5.08281e-007	-0.004625
5.08781e-007	-0.0036875
5.09281e-007	-0.0030625
5.09781e-007	-0.00275
5.10281e-007	-0.002125
5.10781e-007	-0.0015
5.11281e-007	-0.002125
5.11781e-007	-0.0018125
5.12281e-007	-0.0018125
5.12781e-007	-0.00275
5.13281e-007	-0.0030625
5.13781e-007	-0.0036875
5.14281e-007	-0.0043125
5.14781e-007	-0.0055625
5.15281e-007	-0.005875
5.15781e-007	-0.00525
5.16281e-007	-0.0049375
5.16781e-007	-0.005875
5.17281e-007	-0.0055625
5.17781e-007	-0.004625
5.18281e-007	-0.0036875
5.18781e-007	-0.003375
5.19281e-007	-0.0030625
5.19781e-007	-0.00275
5.20281e-007	-0.002125
5.20781e-007	-0.0015
5.21281e-007	-0.0011875
5.21781e-007	-0.0011875
5.22281e-007	-0.002125
5.22781e-007	-0.0024375
5.23281e-007	-0.00275
5.23781e-007	-0.0036875
5.24281e-007	-0.004
5.24781e-007	-0.0043125
5.25281e-007	-0.0055625
5.25781e-007	-0.0049375
5.26281e-007	-0.00525
5.26781e-007	-0.0049375
5.27281e-007	-0.004625
5.27781e-007	-0.0043125
5.28281e-007	-0.0043125
5.28781e-007	-0.0036875
5.29281e-007	-0.0030625
5.29781e-007	-0.0024375
5.30281e-007	-0.0024375
5.30781e-007	-0.0018125
5.31281e-007	-0.002125
5.31781e-007	-0.0018125
5.32281e-007	-0.0018125
5.32781e-007	-0.0024375
5.33281e-007	-0.003375
5.33781e-007	-0.004
5.34281e-007	-0.0036875
5.34781e-007	-0.0043125
5.35281e-007	-0.00525
5.35781e-007	-0.004625
5.36281e-007	-0.004
5.36781e-007	-0.0043125
5.37281e-007	-0.004
5.37781e-007	-0.004
5.38281e-007	-0.004
5.38781e-007	-0.0036875
5.39281e-007	-0.0030625
5.39781e-007	-0.00275
5.40281e-007	-0.002125
5.40781e-007	-0.0018125
5.41281e-007	-0.0024375
5.41781e-007	-0.0024375
5.42281e-007	-0.00275
5.42781e-007	-0.0024375
5.43281e-007	-0.0030625
5.43781e-007	-0.0036875
5.44281e-007	-0.003375
5.44781e-007	-0.0036875
5.45281e-007	-0.0036875
5.45781e-007	-0.0036875
5.46281e-007	-0.004
5.46781e-007	-0.0043125
5.47281e-007	-0.0036875
5.47781e-007	-0.004
5.48281e-007	-0.0030625
5.48781e-007	-0.002125
5.49281e-007	-0.00275
5.49781e-007	-0.00275
5.50281e-007	-0.00275
5.50781e-007	-0.0030625
5.51281e-007	-0.003375
5.51781e-007	-0.0030625
5.52281e-007	-0.003375
5.52781e-007	-0.0036875
5.53281e-007	-0.0030625
5.53781e-007	-0.003375
5.54281e-007	-0.003375
5.54781e-007	-0.0030625
5.55281e-007	-0.003375
5.55781e-007	-0.0030625
5.56281e-007	-0.0030625
5.56781e-007	-0.0030625
5.57281e-007	-0.003375
5.57781e-007	-0.0030625
5.58281e-007	-0.0024375
5.58781e-007	-0.0024375
5.59281e-007	-0.00275
5.59781e-007	-0.00275
5.60281e-007	-0.0030625
5.60781e-007	-0.0030625
5.61281e-007	-0.0030625
5.61781e-007	-0.0036875
5.62281e-007	-0.0036875
5.62781e-007	-0.0043125
5.63281e-007	-0.004
5.63781e-007	-0.0036875
5.64281e-007	-0.004
5.64781e-007	-0.003375
5.65281e-007	-0.002125
5.65781e-007	-0.0024375
5.66281e-007	-0.0030625
5.66781e-007	-0.0024375
5.67281e-007	-0.002125
5.67781e-007	-0.002125
5.68281e-007	-0.002125
5.68781e-007	-0.002125
5.69281e-007	-0.002125
5.69781e-007	-0.0024375
5.70281e-007	-0.003375
5.70781e-007	-0.0030625
5.71281e-007	-0.003375
5.71781e-007	-0.004
5.72281e-007	-0.0036875
5.72781e-007	-0.0036875
5.73281e-007	-0.004
5.73781e-007	-0.004
5.74281e-007	-0.0036875
5.74781e-007	-0.0030625
5.75281e-007	-0.0030625
5.75781e-007	-0.0030625
5.76281e-007	-0.00275
5.76781e-007	-0.002125
5.77281e-007	-0.002125
5.77781e-007	-0.0018125
5.78281e-007	-0.0015
5.78781e-007	-0.002125
5.79281e-007	-0.002125
5.79781e-007	-0.002125
5.80281e-007	-0.00275
5.80781e-007	-0.0030625
5.81281e-007	-0.0030625
5.81781e-007	-0.0036875
5.82281e-007	-0.0036875
5.82781e-007	-0.003375
5.83281e-007	-0.0036875
5.83781e-007	-0.0043125
5.84281e-007	-0.0036875
5.84781e-007	-0.004
5.85281e-007	-0.003375
5.85781e-007	-0.002125
5.86281e-007	-0.0024375
5.86781e-007	-0.0024375
5.87281e-007	-0.0024375
5.87781e-007	-0.002125
5.88281e-007	-0.0018125
5.88781e-007	-0.0011875
5.89281e-007	-0.0018125
5.89781e-007	-0.00275
5.90281e-007	-0.0030625
5.90781e-007	-0.0024375
5.91281e-007	-0.00275
5.91781e-007	-0.0030625
5.92281e-007	-0.0036875
5.92781e-007	-0.0043125
5.93281e-007	-0.0036875
5.93781e-007	-0.0036875
5.94281e-007	-0.00275
5.94781e-007	-0.0030625
5.95281e-007	-0.0030625
5.95781e-007	-0.0030625
5.96281e-007	-0.0030625
5.96781e-007	-0.0030625
5.97281e-007	-0.00275
5.97781e-007	-0.002125
5.98281e-007	-0.0018125
5.98781e-007	-0.002125
5.99281e-007	-0.002125
5.99781e-007	-0.002125
6.00281e-007	-0.002125
6.00781e-007	-0.0018125
6.01281e-007	-0.0015
6.01781e-007	-0.002125
6.02281e-007	-0.003375
6.02781e-007	-0.0043125
6.03281e-007	-0.0030625
6.03781e-007	-0.002125
6.04281e-007	-0.00275
6.04781e-007	-0.00275
6.05281e-007	-0.0030625
6.05781e-007	-0.00275
6.06281e-007	-0.0030625
6.06781e-007	-0.0024375
6.07281e-007	-0.0024375
6.07781e-007	-0.0024375
6.08281e-007	-0.0024375
6.08781e-007	-0.00275
6.09281e-007	-0.0024375
6.09781e-007	-0.002125
6.10281e-007	-0.0024375
6.10781e-007	-0.0015
6.11281e-007	-0.002125
6.11781e-007	-0.002125
6.12281e-007	-0.0024375
6.12781e-007	-0.0024375
6.13281e-007	-0.002125
6.13781e-007	-0.00275
6.14281e-007	-0.00275
6.14781e-007	-0.0024375
6.15281e-007	-0.00275
6.15781e-007	-0.0030625
6.16281e-007	-0.0030625
6.16781e-007	-0.0030625
6.17281e-007	-0.003375
6.17781e-007	-0.0036875
6.18281e-007	-0.0030625
6.18781e-007	-0.003375
6.19281e-007	-0.0030625
6.19781e-007	-0.0018125
6.20281e-007	-0.002125
6.20781e-007	-0.0018125
6.21281e-007	-0.0015
6.21781e-007	-0.0015
6.22281e-007	-0.0015
6.22781e-007	-0.0015
6.23281e-007	-0.000875
6.23781e-007	-0.0015
6.24281e-007	-0.002125
6.24781e-007	-0.0024375
6.25281e-007	-0.0024375
6.25781e-007	-0.002125
6.26281e-007	-0.0030625
6.26781e-007	-0.0036875
6.27281e-007	-0.003375
6.27781e-007	-0.0030625
6.28281e-007	-0.0030625
6.28781e-007	-0.0030625
6.29281e-007	-0.0030625
6.29781e-007	-0.00275
6.30281e-007	-0.0030625
6.30781e-007	-0.002125
6.31281e-007	-0.0015
6.31781e-007	-0.0011875
6.32281e-007	-0.0011875
6.32781e-007	-0.0015
6.33281e-007	-0.000875
6.33781e-007	-0.0015
6.34281e-007	-0.002125
6.34781e-007	-0.0015
6.35281e-007	-0.0024375
6.35781e-007	-0.0024375
6.36281e-007	-0.0030625
6.36781e-007	-0.003375
6.37281e-007	-0.0030625
6.37781e-007	-0.004
6.38281e-007	-0.003375
6.38781e-007	-0.004
6.39281e-007	-0.0036875
6.39781e-007	-0.0024375
6.40281e-007	-0.0024375
6.40781e-007	-0.0024375
6.41281e-007	-0.0018125
6.41781e-007	-0.0011875
6.42281e-007	-0.0015
6.42781e-007	-0.0011875
6.43281e-007	-0.0005625
6.43781e-007	-0.0011875
6.44281e-007	-0.0011875
6.44781e-007	-0.0011875
6.45281e-007	-0.002125
6.45781e-007	-0.0024375
6.46281e-007	-0.00275
6.46781e-007	-0.003375
6.47281e-007	-0.0036875
6.47781e-007	-0.0043125
6.48281e-007	-0.0036875
6.48781e-007	-0.0030625
6.49281e-007	-0.0030625
6.49781e-007	-0.00275
6.50281e-007	-0.00275
6.50781e-007	-0.0024375
6.51281e-007	-0.0018125
6.51781e-007	-0.0018125
6.52281e-007	-0.002125
6.52781e-007	-0.0015
6.53281e-007	-0.000875
6.53781e-007	-0.0011875
6.54281e-007	-0.0015
6.54781e-007	-0.0015
6.55281e-007	-0.00275
6.55781e-007	-0.0024375
6.56281e-007	-0.0030625
6.56781e-007	-0.003375
6.57281e-007	-0.00275
6.57781e-007	-0.0030625
6.58281e-007	-0.0030625
6.58781e-007	-0.00275
6.59281e-007	-0.0024375
6.59781e-007	-0.00275
6.60281e-007	-0.0030625
6.60781e-007	-0.0024375
6.61281e-007	-0.0018125
6.61781e-007	-0.0015
6.62281e-007	-0.0015
6.62781e-007	-0.002125
6.63281e-007	-0.002125
6.63781e-007	-0.0018125
6.64281e-007	-0.002125
6.64781e-007	-0.0018125
6.65281e-007	-0.002125
6.65781e-007	-0.0024375
6.66281e-007	-0.0024375
6.66781e-007	-0.002125
6.67281e-007	-0.0024375
6.67781e-007	-0.00275
6.68281e-007	-0.0024375
6.68781e-007	-0.002125
6.69281e-007	-0.0024375
6.69781e-007	-0.002125
6.70281e-007	-0.0018125
6.70781e-007	-0.0018125
6.71281e-007	-0.002125
6.71781e-007	-0.002125
6.72281e-007	-0.002125
6.72781e-007	-0.0024375
6.73281e-007	-0.0030625
6.73781e-007	-0.002125
6.74281e-007	-0.0024375
6.74781e-007	-0.0024375
6.75281e-007	-0.00275
6.75781e-007	-0.0024375
6.76281e-007	-0.00275
6.76781e-007	-0.00275
6.77281e-007	-0.0018125
6.77781e-007	-0.0018125
6.78281e-007	-0.0024375
6.78781e-007	-0.0011875
6.79281e-007	-0.0015
6.79781e-007	-0.0011875
6.80281e-007	-0.0015
6.80781e-007	-0.0015
6.81281e-007	-0.0015
6.81781e-007	-0.0024375
6.82281e-007	-0.002125
6.82781e-007	-0.0024375
6.83281e-007	-0.0024375
6.83781e-007	-0.0024375
6.84281e-007	-0.0030625
6.84781e-007	-0.003375
6.85281e-007	-0.00275
6.85781e-007	-0.00275
6.86281e-007	-0.002125
6.86781e-007	-0.0018125
6.87281e-007	-0.0018125
6.87781e-007	-0.0015
6.88281e-007	-0.0005625
6.88781e-007	-0.0015
6.89281e-007	-0.002125
6.89781e-007	-0.000875
6.90281e-007	-0.0005625
6.90781e-007	-0.0011875
6.91281e-007	-0.0018125
6.91781e-007	-0.0018125
6.92281e-007	-0.0024375
6.92781e-007	-0.0030625
6.93281e-007	-0.003375
6.93781e-007	-0.003375
6.94281e-007	-0.003375
6.94781e-007	-0.00275
6.95281e-007	-0.00275
6.95781e-007	-0.00275
6.96281e-007	-0.0024375
6.96781e-007	-0.0018125
6.97281e-007	-0.0011875
6.97781e-007	-0.0011875
6.98281e-007	-0.0015
6.98781e-007	-0.0005625
6.99281e-007	-0.0005625
6.99781e-007	-0.000875
7.00281e-007	-0.0015
7.00781e-007	-0.0018125
7.01281e-007	-0.0015
7.01781e-007	-0.0015
7.02281e-007	-0.0018125
7.02781e-007	-0.0030625
7.03281e-007	-0.0036875
7.03781e-007	-0.0030625
7.04281e-007	-0.00275
7.04781e-007	-0.0024375
7.05281e-007	-0.00275
7.05781e-007	-0.00275
7.06281e-007	-0.0024375
7.06781e-007	-0.0015
7.07281e-007	-0.0015
7.07781e-007	-0.0011875
7.08281e-007	-0.0005625
7.08781e-007	-0.0005625
7.09281e-007	-0.000875
7.09781e-007	-0.0015
7.10281e-007	-0.0015
7.10781e-007	-0.0015
7.11281e-007	-0.0024375
7.11781e-007	-0.0024375
7.12281e-007	-0.0018125
7.12781e-007	-0.0018125
7.13281e-007	-0.0024375
7.13781e-007	-0.00275
7.14281e-007	-0.0018125
7.14781e-007	-0.0018125
7.15281e-007	-0.002125
7.15781e-007	-0.0011875
7.16281e-007	-0.002125
7.16781e-007	-0.0018125
7.17281e-007	-0.000875
7.17781e-007	-0.0005625
7.18281e-007	-0.0005625
7.18781e-007	-0.000875
7.19281e-007	-0.000875
7.19781e-007	-0.0011875
7.20281e-007	-0.002125
7.20781e-007	-0.002125
7.21281e-007	-0.0030625
7.21781e-007	-0.00275
7.22281e-007	-0.00275
7.22781e-007	-0.0030625
7.23281e-007	-0.00275
7.23781e-007	-0.0018125
7.24281e-007	-0.0018125
7.24781e-007	-0.0018125
7.25281e-007	-0.0005625
7.25781e-007	-0.000875
7.26281e-007	-0.000875
7.26781e-007	-0.000875
7.27281e-007	-0.000875
7.27781e-007	-0.00025
7.28281e-007	-0.000875
7.28781e-007	-0.0015
7.29281e-007	-0.0015
7.29781e-007	-0.0018125
7.30281e-007	-0.00275
7.30781e-007	-0.00275
7.31281e-007	-0.00275
7.31781e-007	-0.0030625
7.32281e-007	-0.0030625
7.32781e-007	-0.0030625
7.33281e-007	-0.00275
7.33781e-007	-0.0024375
7.34281e-007	-0.0015
7.34781e-007	-0.0011875
7.35281e-007	-0.0005625
7.35781e-007	6.25e-005
7.36281e-007	-0.0005625
7.36781e-007	-0.00025
7.37281e-007	-0.0005625
7.37781e-007	-0.00025
7.38281e-007	-0.0005625
7.38781e-007	-0.0011875
7.39281e-007	-0.0018125
7.39781e-007	-0.0030625
7.40281e-007	-0.0030625
7.40781e-007	-0.0030625
7.41281e-007	-0.0036875
7.41781e-007	-0.0036875
7.42281e-007	-0.0036875
7.42781e-007	-0.003375
7.43281e-007	-0.00275
7.43781e-007	-0.002125
7.44281e-007	-0.0011875
7.44781e-007	-0.000875
7.45281e-007	-0.000875
7.45781e-007	6.25e-005
7.46281e-007	6.25e-005
7.46781e-007	6.25e-005
7.47281e-007	-0.00025
7.47781e-007	-0.00025
7.48281e-007	-0.000875
7.48781e-007	-0.0018125
7.49281e-007	-0.002125
7.49781e-007	-0.00275
7.50281e-007	-0.0036875
7.50781e-007	-0.0036875
7.51281e-007	-0.0036875
7.51781e-007	-0.00275
7.52281e-007	-0.003375
7.52781e-007	-0.0036875
7.53281e-007	-0.0030625
7.53781e-007	-0.002125
7.54281e-007	-0.0011875
7.54781e-007	-0.000875
7.55281e-007	6.25e-005
7.55781e-007	0.000375
7.56281e-007	0.000375
7.56781e-007	6.25e-005
7.57281e-007	6.25e-005
7.57781e-007	-0.0005625
7.58281e-007	-0.00025
7.58781e-007	-0.000875
7.59281e-007	-0.002125
7.59781e-007	-0.00275
7.60281e-007	-0.0030625
7.60781e-007	-0.0030625
7.61281e-007	-0.00275
7.61781e-007	-0.003375
7.62281e-007	-0.003375
7.62781e-007	-0.00275
7.63281e-007	-0.0024375
7.63781e-007	-0.00275
7.64281e-007	-0.0011875
7.64781e-007	-0.00025
7.65281e-007	-0.00025
7.65781e-007	6.25e-005
7.66281e-007	0.001
7.66781e-007	0.0006875
7.67281e-007	-0.0005625
7.67781e-007	-0.00025
7.68281e-007	-0.0005625
7.68781e-007	-0.0015
7.69281e-007	-0.0024375
7.69781e-007	-0.0024375
7.70281e-007	-0.00275
7.70781e-007	-0.00275
7.71281e-007	-0.003375
7.71781e-007	-0.00275
7.72281e-007	-0.0024375
7.72781e-007	-0.002125
7.73281e-007	-0.0018125
7.73781e-007	-0.0018125
7.74281e-007	-0.0015
7.74781e-007	-0.000875
7.75281e-007	-0.0005625
7.75781e-007	6.25e-005
7.76281e-007	-0.00025
7.76781e-007	0.000375
7.77281e-007	0.000375
7.77781e-007	-0.000875
7.78281e-007	-0.0005625
7.78781e-007	-0.000875
7.79281e-007	-0.0015
7.79781e-007	-0.0024375
7.80281e-007	-0.0024375
7.80781e-007	-0.002125
7.81281e-007	-0.0030625
7.81781e-007	-0.0030625
7.82281e-007	-0.0024375
7.82781e-007	-0.002125
7.83281e-007	-0.0018125
7.83781e-007	-0.0011875
7.84281e-007	-0.0011875
7.84781e-007	-0.0015
7.85281e-007	-0.0005625
7.85781e-007	-0.0005625
7.86281e-007	-0.000875
7.86781e-007	6.25e-005
7.87281e-007	-0.0005625
7.87781e-007	-0.0011875
7.88281e-007	-0.000875
7.88781e-007	-0.0011875
7.89281e-007	-0.0011875
7.89781e-007	-0.0015
7.90281e-007	-0.0024375
7.90781e-007	-0.002125
7.91281e-007	-0.0024375
7.91781e-007	-0.002125
7.92281e-007	-0.0024375
7.92781e-007	-0.002125
7.93281e-007	-0.0018125
7.93781e-007	-0.000875
7.94281e-007	-0.000875
7.94781e-007	-0.000875
7.95281e-007	-0.0005625
7.95781e-007	-0.0005625
7.96281e-007	-0.000875
7.96781e-007	-0.0005625
7.97281e-007	-0.0015
7.97781e-007	-0.0011875
7.98281e-007	-0.0011875
7.98781e-007	-0.0011875
7.99281e-007	-0.0018125
7.99781e-007	-0.0018125
8.00281e-007	-0.002125
8.00781e-007	-0.0018125
8.01281e-007	-0.0024375
8.01781e-007	-0.0024375
8.02281e-007	-0.0015
8.02781e-007	-0.0015
8.03281e-007	-0.0011875
8.03781e-007	-0.0011875
8.04281e-007	-0.000875
8.04781e-007	-0.00025
8.05281e-007	-0.000875
8.05781e-007	-0.000875
8.06281e-007	-0.0005625
8.06781e-007	-0.000875
8.07281e-007	-0.0011875
8.07781e-007	-0.0011875
8.08281e-007	-0.000875
8.08781e-007	-0.0011875
8.09281e-007	-0.0018125
8.09781e-007	-0.0011875
8.10281e-007	-0.0018125
8.10781e-007	-0.0015
8.11281e-007	-0.0015
8.11781e-007	-0.0018125
8.12281e-007	-0.0015
8.12781e-007	-0.000875
8.13281e-007	-0.0011875
8.13781e-007	-0.0015
8.14281e-007	-0.0015
8.14781e-007	-0.0005625
8.15281e-007	-0.000875
8.15781e-007	-0.0011875
8.16281e-007	-0.0011875
8.16781e-007	-0.0005625
8.17281e-007	-0.00025
8.17781e-007	-0.0005625
8.18281e-007	-0.0011875
8.18781e-007	-0.0011875
8.19281e-007	-0.0011875
8.19781e-007	-0.0015
8.20281e-007	-0.0011875
8.20781e-007	-0.0011875
8.21281e-007	-0.0015
8.21781e-007	-0.0011875
8.22281e-007	-0.0011875
8.22781e-007	-0.0011875
8.23281e-007	-0.0015
8.23781e-007	-0.0011875
8.24281e-007	-0.0011875
8.24781e-007	-0.000875
8.25281e-007	-0.0018125
8.25781e-007	-0.0011875
8.26281e-007	-0.00025
8.26781e-007	-0.000875
8.27281e-007	-0.0018125
8.27781e-007	-0.000875
8.28281e-007	-0.000875
8.28781e-007	-0.0005625
8.29281e-007	-0.000875
8.29781e-007	-0.0011875
8.30281e-007	-0.0018125
8.30781e-007	-0.0018125
8.31281e-007	-0.0015
8.31781e-007	-0.0015
8.32281e-007	-0.0018125
8.32781e-007	-0.0018125
8.33281e-007	-0.002125
8.33781e-007	-0.002125
8.34281e-007	-0.002125
8.34781e-007	-0.0011875
8.35281e-007	-0.0011875
8.35781e-007	-0.0011875
8.36281e-007	-0.00025
8.36781e-007	-0.0005625
8.37281e-007	-0.0005625
8.37781e-007	6.25e-005
8.38281e-007	-0.0005625
8.38781e-007	-0.0005625
8.39281e-007	-0.000875
8.39781e-007	-0.000875
8.40281e-007	-0.000875
8.40781e-007	-0.000875
8.41281e-007	-0.0015
8.41781e-007	-0.0018125
8.42281e-007	-0.002125
8.42781e-007	-0.002125
8.43281e-007	-0.0024375
8.43781e-007	-0.0018125
8.44281e-007	-0.0018125
8.44781e-007	-0.002125
8.45281e-007	-0.0018125
8.45781e-007	-0.000875
8.46281e-007	6.25e-005
8.46781e-007	6.25e-005
8.47281e-007	-0.00025
8.47781e-007	6.25e-005
8.48281e-007	6.25e-005
8.48781e-007	6.25e-005
8.49281e-007	-0.0005625
8.49781e-007	-0.000875
8.50281e-007	-0.0005625
8.50781e-007	-0.0005625
8.51281e-007	-0.0011875
8.51781e-007	-0.002125
8.52281e-007	-0.00275
8.52781e-007	-0.0024375
8.53281e-007	-0.002125
8.53781e-007	-0.0024375
8.54281e-007	-0.002125
8.54781e-007	-0.0018125
8.55281e-007	-0.0018125
8.55781e-007	-0.000875
8.56281e-007	-0.0005625
8.56781e-007	-0.00025
8.57281e-007	6.25e-005
8.57781e-007	0.0006875
8.58281e-007	0.000375
8.58781e-007	-0.0005625
8.59281e-007	-0.00025
8.59781e-007	6.25e-005
8.60281e-007	-0.0005625
8.60781e-007	-0.0011875
8.61281e-007	-0.0018125
8.61781e-007	-0.0024375
8.62281e-007	-0.0024375
8.62781e-007	-0.0024375
8.63281e-007	-0.0024375
8.63781e-007	-0.00275
8.64281e-007	-0.002125
8.64781e-007	-0.0024375
8.65281e-007	-0.0011875
8.65781e-007	-0.000875
8.66281e-007	-0.0005625
8.66781e-007	0.001
8.67281e-007	6.25e-005
8.67781e-007	0.000375
8.68281e-007	0.0006875
8.68781e-007	0.0006875
8.69281e-007	0.0006875
8.69781e-007	-0.00025
8.70281e-007	-0.000875
8.70781e-007	-0.0011875
8.71281e-007	-0.002125
8.71781e-007	-0.00275
8.72281e-007	-0.00275
8.72781e-007	-0.002125
8.73281e-007	-0.002125
8.73781e-007	-0.0030625
8.74281e-007	-0.0024375
8.74781e-007	-0.0024375
8.75281e-007	-0.0011875
8.75781e-007	-0.0005625
8.76281e-007	6.25e-005
8.76781e-007	0.0006875
8.77281e-007	0.0006875
8.77781e-007	0.000375
8.78281e-007	0.0013125
8.78781e-007	0.001
8.79281e-007	0.0006875
8.79781e-007	-0.0005625
8.80281e-007	-0.000875
8.80781e-007	-0.0015
8.81281e-007	-0.0024375
8.81781e-007	-0.0024375
8.82281e-007	-0.00275
8.82781e-007	-0.0024375
8.83281e-007	-0.0024375
8.83781e-007	-0.0024375
8.84281e-007	-0.002125
8.84781e-007	-0.0018125
8.85281e-007	-0.000875
8.85781e-007	6.25e-005
8.86281e-007	-0.00025
8.86781e-007	0.0006875
8.87281e-007	0.000375
8.87781e-007	0.000375
8.88281e-007	0.000375
8.88781e-007	-0.00025
8.89281e-007	-0.00025
8.89781e-007	-0.00025
8.90281e-007	-0.000875
8.90781e-007	-0.0011875
8.91281e-007	-0.002125
8.91781e-007	-0.00275
8.92281e-007	-0.003375
8.92781e-007	-0.0030625
8.93281e-007	-0.0024375
8.93781e-007	-0.0018125
8.94281e-007	-0.0015
8.94781e-007	-0.0011875
8.95281e-007	-0.0005625
8.95781e-007	6.25e-005
8.96281e-007	6.25e-005
8.96781e-007	0.000375
8.97281e-007	0.000375
8.97781e-007	0.001
8.98281e-007	0.001
8.98781e-007	6.25e-005
8.99281e-007	-0.0005625
8.99781e-007	-0.000875
9.00281e-007	-0.0011875
9.00781e-007	-0.0024375
9.01281e-007	-0.0024375
9.01781e-007	-0.002125
9.02281e-007	-0.0024375
9.02781e-007	-0.0024375
9.03281e-007	-0.0024375
9.03781e-007	-0.002125
9.04281e-007	-0.0015
9.04781e-007	-0.000875
9.05281e-007	-0.0005625
9.05781e-007	0.000375
9.06281e-007	0.000375
9.06781e-007	-0.00025
9.07281e-007	0.0006875
9.07781e-007	0.0013125
9.08281e-007	0.0019375
9.08781e-007	0.000375
9.09281e-007	-0.000875
9.09781e-007	-0.0011875
9.10281e-007	-0.0011875
9.10781e-007	-0.0011875
9.11281e-007	-0.0018125
9.11781e-007	-0.0015
9.12281e-007	-0.0024375
9.12781e-007	-0.0024375
9.13281e-007	-0.0011875
9.13781e-007	-0.000875
9.14281e-007	-0.0011875
9.14781e-007	-0.000875
9.15281e-007	-0.00025
9.15781e-007	0.0006875
9.16281e-007	0.0006875
9.16781e-007	0.000375
9.17281e-007	6.25e-005
9.17781e-007	6.25e-005
9.18281e-007	0.000375
9.18781e-007	-0.0005625
9.19281e-007	-0.0005625
9.19781e-007	-0.0005625
9.20281e-007	-0.0011875
9.20781e-007	-0.000875
9.21281e-007	-0.0018125
9.21781e-007	-0.002125
9.22281e-007	-0.002125
9.22781e-007	-0.0018125
9.23281e-007	-0.0011875
9.23781e-007	-0.0015
9.24281e-007	-0.000875
9.24781e-007	-0.0005625
9.25281e-007	-0.0005625
9.25781e-007	6.25e-005
9.26281e-007	6.25e-005
9.26781e-007	6.25e-005
9.27281e-007	-0.0005625
9.27781e-007	-0.000875
9.28281e-007	6.25e-005
9.28781e-007	6.25e-005
9.29281e-007	-0.000875
9.29781e-007	-0.0011875
9.30281e-007	-0.0011875
9.30781e-007	-0.000875
9.31281e-007	-0.0011875
9.31781e-007	-0.0015
9.32281e-007	-0.0015
9.32781e-007	-0.000875
9.33281e-007	-0.000875
9.33781e-007	-0.000875
9.34281e-007	-0.0005625
9.34781e-007	-0.0005625
9.35281e-007	-0.000875
9.35781e-007	-0.0005625
9.36281e-007	-0.0005625
9.36781e-007	6.25e-005
9.37281e-007	-0.0005625
9.37781e-007	-0.0011875
9.38281e-007	-0.000875
9.38781e-007	-0.0011875
9.39281e-007	-0.0011875
9.39781e-007	-0.000875
9.40281e-007	-0.0015
9.40781e-007	-0.000875
9.41281e-007	-0.0005625
9.41781e-007	-0.0005625
9.42281e-007	-0.0011875
9.42781e-007	-0.0011875
9.43281e-007	-0.000875
9.43781e-007	-0.0011875
9.44281e-007	-0.0011875
9.44781e-007	-0.000875
9.45281e-007	-0.0005625
9.45781e-007	-0.0005625
9.46281e-007	-0.0005625
9.46781e-007	-0.0015
9.47281e-007	-0.0018125
9.47781e-007	-0.0011875
9.48281e-007	-0.0005625
9.48781e-007	-0.0011875
9.49281e-007	-0.0011875
9.49781e-007	-0.000875
9.50281e-007	-0.0011875
9.50781e-007	-0.0005625
9.51281e-007	-0.00025
9.51781e-007	-0.00025
9.52281e-007	-0.0005625
9.52781e-007	-0.00025
9.53281e-007	-0.000875
9.53781e-007	-0.0005625
9.54281e-007	-0.000875
9.54781e-007	-0.0018125
9.55281e-007	-0.0011875
9.55781e-007	-0.00025
9.56281e-007	-0.0015
9.56781e-007	-0.0018125
9.57281e-007	-0.0018125
9.57781e-007	-0.000875
9.58281e-007	-0.0011875
9.58781e-007	-0.000875
9.59281e-007	-0.0015
9.59781e-007	-0.0011875
9.60281e-007	6.25e-005
9.60781e-007	0.000375
9.61281e-007	-0.0005625
9.61781e-007	-0.00025
9.62281e-007	-0.00025
9.62781e-007	-0.000875
9.63281e-007	-0.00025
9.63781e-007	6.25e-005
9.64281e-007	-0.000875
9.64781e-007	-0.0011875
9.65281e-007	-0.0005625
9.65781e-007	-0.0011875
9.66281e-007	-0.0015
9.66781e-007	-0.0015
9.67281e-007	-0.0011875
9.67781e-007	-0.0011875
9.68281e-007	-0.0015
9.68781e-007	-0.002125
9.69281e-007	-0.002125
9.69781e-007	-0.000875
9.70281e-007	-0.0005625
9.70781e-007	-0.0011875
9.71281e-007	-0.0005625
9.71781e-007	0.0006875
9.72281e-007	-0.00025
9.72781e-007	-0.0005625
9.73281e-007	-0.0005625
9.73781e-007	6.25e-005
9.74281e-007	6.25e-005
9.74781e-007	-0.0011875
9.75281e-007	-0.002125
9.75781e-007	-0.0015
9.76281e-007	-0.0018125
9.76781e-007	-0.0015
9.77281e-007	-0.000875
9.77781e-007	-0.000875
9.78281e-007	-0.000875
9.78781e-007	-0.0005625
9.79281e-007	-0.0011875
9.79781e-007	-0.0011875
9.80281e-007	-0.0005625
9.80781e-007	-0.000875
9.81281e-007	-0.0005625
9.81781e-007	-0.0005625
9.82281e-007	6.25e-005
9.82781e-007	6.25e-005
9.83281e-007	-0.0005625
9.83781e-007	-0.000875
9.84281e-007	-0.0011875
9.84781e-007	-0.0005625
9.85281e-007	-0.0011875
9.85781e-007	-0.0011875
9.86281e-007	-0.0018125
9.86781e-007	-0.002125
9.87281e-007	-0.0011875
9.87781e-007	-0.0011875
9.88281e-007	-0.000875
9.88781e-007	-0.0005625
9.89281e-007	-0.0005625
9.89781e-007	-0.000875
9.90281e-007	-0.0005625
9.90781e-007	-0.0005625
9.91281e-007	-0.0005625
9.91781e-007	0.000375
9.92281e-007	-0.00025
9.92781e-007	-0.0005625
9.93281e-007	-0.0005625
9.93781e-007	-0.0011875
9.94281e-007	-0.0011875
9.94781e-007	-0.0015
9.95281e-007	-0.0024375
9.95781e-007	-0.0018125
9.96281e-007	-0.0018125
9.96781e-007	-0.0005625
9.97281e-007	-0.0005625
9.97781e-007	-0.0005625
9.98281e-007	-0.0005625
9.98781e-007	-0.0005625
9.99281e-007	-0.000875
9.99781e-007	-0.0005625
1.000281e-006	6.25e-005
1.000781e-006	-0.00025
1.001281e-006	-0.0005625
1.001781e-006	-0.0005625
1.002281e-006	-0.000875
1.002781e-006	-0.0011875
1.003281e-006	-0.000875
1.003781e-006	-0.0011875
1.004281e-006	-0.002125
1.004781e-006	-0.002125
1.005281e-006	-0.0011875
1.005781e-006	-0.0015
1.006281e-006	-0.0015
1.006781e-006	-0.0018125
1.007281e-006	-0.0011875
1.007781e-006	6.25e-005
1.008281e-006	6.25e-005
1.008781e-006	-0.00025
1.009281e-006	0.000375
1.009781e-006	6.25e-005
1.010281e-006	6.25e-005
1.010781e-006	-0.00025
1.011281e-006	-0.0005625
1.011781e-006	-0.0005625
1.012281e-006	-0.0011875
1.012781e-006	-0.000875
1.013281e-006	-0.0011875
1.013781e-006	-0.002125
1.014281e-006	-0.002125
1.014781e-006	-0.00275
1.015281e-006	-0.002125
1.015781e-006	-0.0011875
1.016281e-006	-0.0018125
1.016781e-006	-0.000875
1.017281e-006	-0.000875
1.017781e-006	-0.00025
1.018281e-006	0.000375
1.018781e-006	6.25e-005
1.019281e-006	0.000375
1.019781e-006	0.0006875
1.020281e-006	0.000375
1.020781e-006	6.25e-005
1.021281e-006	-0.00025
1.021781e-006	-0.0005625
1.022281e-006	-0.0015
1.022781e-006	-0.0011875
1.023281e-006	-0.0018125
1.023781e-006	-0.0018125
1.024281e-006	-0.0018125
1.024781e-006	-0.0024375
1.025281e-006	-0.0018125
1.025781e-006	-0.0011875
1.026281e-006	-0.002125
1.026781e-006	-0.0015
1.027281e-006	-0.0011875
1.027781e-006	-0.000875
1.028281e-006	6.25e-005
1.028781e-006	6.25e-005
1.029281e-006	0.0006875
1.029781e-006	6.25e-005
1.030281e-006	0.0006875
1.030781e-006	0.000375
1.031281e-006	-0.00025
1.031781e-006	-0.0005625
1.032281e-006	-0.000875
1.032781e-006	-0.000875
1.033281e-006	-0.000875
1.033781e-006	-0.0015
1.034281e-006	-0.0018125
1.034781e-006	-0.0024375
1.035281e-006	-0.002125
1.035781e-006	-0.000875
1.036281e-006	-0.0015
1.036781e-006	-0.000875
1.037281e-006	-0.000875
1.037781e-006	-0.0005625
1.038281e-006	-0.000875
1.038781e-006	-0.000875
1.039281e-006	0.000375
1.039781e-006	0.000375
1.040281e-006	0.0006875
1.040781e-006	0.000375
1.041281e-006	-0.0005625
1.041781e-006	0.000375
1.042281e-006	0.0006875
1.042781e-006	-0.0005625
1.043281e-006	-0.0015
1.043781e-006	-0.0005625
1.044281e-006	-0.000875
1.044781e-006	-0.0018125
1.045281e-006	-0.0011875
1.045781e-006	-0.000875
1.046281e-006	-0.0011875
1.046781e-006	-0.0011875
1.047281e-006	-0.0011875
1.047781e-006	-0.000875
1.048281e-006	-0.0005625
1.048781e-006	-0.0011875
1.049281e-006	-0.00025
1.049781e-006	-0.00025
1.050281e-006	6.25e-005
1.050781e-006	-0.000875
1.051281e-006	-0.000875
1.051781e-006	-0.00025
1.052281e-006	-0.00025
1.052781e-006	-0.000875
1.053281e-006	-0.0005625
1.053781e-006	-0.000875
1.054281e-006	-0.0011875
1.054781e-006	6.25e-005
1.055281e-006	-0.0011875
1.055781e-006	-0.0011875
1.056281e-006	-0.0015
1.056781e-006	-0.0015
1.057281e-006	-0.0015
1.057781e-006	-0.000875
1.058281e-006	-0.0005625
1.058781e-006	-0.000875
1.059281e-006	-0.0018125
1.059781e-006	-0.0015
1.060281e-006	-0.0015
1.060781e-006	6.25e-005
1.061281e-006	-0.0011875
1.061781e-006	-0.0005625
1.062281e-006	-0.0005625
1.062781e-006	-0.0005625
1.063281e-006	-0.0005625
1.063781e-006	6.25e-005
1.064281e-006	0.000375
1.064781e-006	-0.0005625
1.065281e-006	-0.000875
1.065781e-006	-0.0005625
1.066281e-006	-0.0011875
1.066781e-006	-0.0011875
1.067281e-006	-0.0005625
1.067781e-006	-0.002125
1.068281e-006	-0.0018125
1.068781e-006	-0.0024375
1.069281e-006	-0.0011875
1.069781e-006	-0.000875
1.070281e-006	-0.0015
1.070781e-006	-0.0011875
1.071281e-006	-0.0011875
1.071781e-006	-0.0011875
1.072281e-006	-0.0005625
1.072781e-006	-0.0005625
1.073281e-006	-0.00025
1.073781e-006	6.25e-005
1.074281e-006	6.25e-005
1.074781e-006	-0.00025
1.075281e-006	-0.000875
1.075781e-006	0.0006875
1.076281e-006	-0.000875
1.076781e-006	-0.0011875
1.077281e-006	-0.0011875
1.077781e-006	-0.0011875
1.078281e-006	-0.0011875
1.078781e-006	-0.0011875
1.079281e-006	-0.002125
1.079781e-006	-0.002125
1.080281e-006	-0.002125
1.080781e-006	-0.000875
1.081281e-006	-0.0015
1.081781e-006	-0.0005625
1.082281e-006	-0.00025
1.082781e-006	6.25e-005
1.083281e-006	0.000375
1.083781e-006	6.25e-005
1.084281e-006	6.25e-005
1.084781e-006	0.001
1.085281e-006	6.25e-005
1.085781e-006	6.25e-005
1.086281e-006	-0.0011875
1.086781e-006	-0.0015
1.087281e-006	-0.000875
1.087781e-006	-0.0015
1.088281e-006	-0.0015
1.088781e-006	-0.002125
1.089281e-006	-0.0024375
1.089781e-006	-0.002125
1.090281e-006	-0.0018125
1.090781e-006	-0.0011875
1.091281e-006	-0.0011875
1.091781e-006	-0.0005625
1.092281e-006	6.25e-005
1.092781e-006	-0.0005625
1.093281e-006	6.25e-005
1.093781e-006	0.000375
1.094281e-006	0.0006875
1.094781e-006	6.25e-005
1.095281e-006	-0.0005625
1.095781e-006	6.25e-005
1.096281e-006	-0.0005625
1.096781e-006	-0.0011875
1.097281e-006	-0.0011875
1.097781e-006	-0.0018125
1.098281e-006	-0.0015
1.098781e-006	-0.0018125
1.099281e-006	-0.002125
1.099781e-006	-0.0015
1.100281e-006	-0.0015
1.100781e-006	-0.0005625
1.101281e-006	-0.000875
1.101781e-006	-0.0005625
1.102281e-006	0.000375
1.102781e-006	0.000375
1.103281e-006	6.25e-005
1.103781e-006	0.000375
1.104281e-006	0.000375
1.104781e-006	0.0006875
1.105281e-006	-0.00025
1.105781e-006	6.25e-005
1.106281e-006	-0.0011875
1.106781e-006	-0.0018125
1.107281e-006	-0.0018125
1.107781e-006	-0.0024375
1.108281e-006	-0.0018125
1.108781e-006	-0.0018125
1.109281e-006	-0.0024375
1.109781e-006	-0.0018125
1.110281e-006	-0.0011875
1.110781e-006	6.25e-005
1.111281e-006	6.25e-005
1.111781e-006	-0.0005625
1.112281e-006	0.0006875
1.112781e-006	6.25e-005
1.113281e-006	0.0006875
1.113781e-006	-0.00025
1.114281e-006	-0.0005625
1.114781e-006	-0.0005625
1.115281e-006	-0.000875
1.115781e-006	-0.0015
1.116281e-006	-0.0015
1.116781e-006	-0.0015
1.117281e-006	-0.002125
1.117781e-006	-0.00275
1.118281e-006	-0.0024375
1.118781e-006	-0.0018125
1.119281e-006	-0.0011875
1.119781e-006	-0.0015
1.120281e-006	-0.0015
1.120781e-006	-0.0005625
1.121281e-006	6.25e-005
1.121781e-006	0.0006875
1.122281e-006	0.001
1.122781e-006	0.0006875
1.123281e-006	0.000375
1.123781e-006	6.25e-005
1.124281e-006	-0.000875
1.124781e-006	-0.00025
1.125281e-006	-0.0011875
1.125781e-006	-0.000875
1.126281e-006	-0.0018125
1.126781e-006	-0.0018125
1.127281e-006	-0.0024375
1.127781e-006	-0.0030625
1.128281e-006	-0.0024375
1.128781e-006	-0.0024375
1.129281e-006	-0.002125
1.129781e-006	-0.0011875
1.130281e-006	-0.0005625
1.130781e-006	0.000375
1.131281e-006	0.001
1.131781e-006	0.001
1.132281e-006	0.001625
1.132781e-006	0.001
1.133281e-006	0.0013125
1.133781e-006	0.0006875
1.134281e-006	-0.00025
1.134781e-006	-0.0005625
1.135281e-006	-0.000875
1.135781e-006	-0.0018125
1.136281e-006	-0.0018125
1.136781e-006	-0.0030625
1.137281e-006	-0.002125
1.137781e-006	-0.00275
1.138281e-006	-0.0024375
1.138781e-006	-0.0018125
1.139281e-006	-0.0018125
1.139781e-006	-0.0011875
1.140281e-006	-0.0005625
1.140781e-006	0.0006875
1.141281e-006	0.0013125
1.141781e-006	0.0006875
1.142281e-006	0.001625
1.142781e-006	0.00225
1.143281e-006	0.0006875
1.143781e-006	0.0006875
1.144281e-006	-0.0005625
1.144781e-006	-0.000875
1.145281e-006	-0.000875
1.145781e-006	-0.0015
1.146281e-006	-0.0024375
1.146781e-006	-0.002125
1.147281e-006	-0.00275
1.147781e-006	-0.0030625
1.148281e-006	-0.0024375
1.148781e-006	-0.0024375
1.149281e-006	-0.0024375
1.149781e-006	-0.0011875
1.150281e-006	-0.0005625
1.150781e-006	0.000375
1.151281e-006	0.001
1.151781e-006	0.0006875
1.152281e-006	0.0013125
1.152781e-006	0.0019375
1.153281e-006	0.0019375
1.153781e-006	0.0013125
1.154281e-006	6.25e-005
1.154781e-006	-0.0005625
1.155281e-006	-0.0011875
1.155781e-006	-0.0015
1.156281e-006	-0.0018125
1.156781e-006	-0.0024375
1.157281e-006	-0.002125
1.157781e-006	-0.0030625
1.158281e-006	-0.00275
1.158781e-006	-0.0018125
1.159281e-006	-0.0015
1.159781e-006	-0.0011875
1.160281e-006	-0.0005625
1.160781e-006	0.0006875
1.161281e-006	0.001
1.161781e-006	0.001625
1.162281e-006	0.0019375
1.162781e-006	0.001625
1.163281e-006	0.001
1.163781e-006	0.001
1.164281e-006	0.0006875
1.164781e-006	6.25e-005
1.165281e-006	-0.000875
1.165781e-006	-0.0018125
1.166281e-006	-0.0024375
1.166781e-006	-0.002125
1.167281e-006	-0.00275
1.167781e-006	-0.0030625
1.168281e-006	-0.002125
1.168781e-006	-0.0011875
1.169281e-006	-0.000875
1.169781e-006	-0.0011875
1.170281e-006	6.25e-005
1.170781e-006	0.001
1.171281e-006	0.0006875
1.171781e-006	0.0013125
1.172281e-006	0.0013125
1.172781e-006	0.0013125
1.173281e-006	0.0013125
1.173781e-006	0.0006875
1.174281e-006	6.25e-005
1.174781e-006	-0.00025
1.175281e-006	-0.0005625
1.175781e-006	-0.0018125
1.176281e-006	-0.0018125
1.176781e-006	-0.0011875
1.177281e-006	-0.0024375
1.177781e-006	-0.002125
1.178281e-006	-0.0015
1.178781e-006	-0.0018125
1.179281e-006	-0.0011875
1.179781e-006	-0.000875
1.180281e-006	-0.000875
1.180781e-006	-0.00025
1.181281e-006	0.000375
1.181781e-006	0.001
1.182281e-006	0.0013125
1.182781e-006	0.0019375
1.183281e-006	0.0006875
1.183781e-006	-0.0005625
1.184281e-006	-0.00025
1.184781e-006	6.25e-005
1.185281e-006	-0.0005625
1.185781e-006	-0.0018125
1.186281e-006	-0.002125
1.186781e-006	-0.0011875
1.187281e-006	-0.0011875
1.187781e-006	-0.0018125
1.188281e-006	-0.002125
1.188781e-006	-0.0018125
1.189281e-006	-0.000875
1.189781e-006	-0.000875
1.190281e-006	-0.00025
1.190781e-006	0.0006875
1.191281e-006	0.000375
1.191781e-006	0.0006875
1.192281e-006	0.000375
1.192781e-006	6.25e-005
1.193281e-006	0.0006875
1.193781e-006	6.25e-005
1.194281e-006	6.25e-005
1.194781e-006	-0.00025
1.195281e-006	-0.000875
1.195781e-006	-0.0011875
1.196281e-006	-0.0011875
1.196781e-006	-0.000875
1.197281e-006	-0.0011875
1.197781e-006	-0.0011875
1.198281e-006	-0.0015
1.198781e-006	-0.0011875
1.199281e-006	-0.0011875
1.199781e-006	-0.000875
1.200281e-006	-0.000875
1.200781e-006	-0.00025
1.201281e-006	6.25e-005
1.201781e-006	0.0006875
1.202281e-006	0.0006875
1.202781e-006	6.25e-005
1.203281e-006	6.25e-005
1.203781e-006	0.000375
1.204281e-006	6.25e-005
1.204781e-006	-0.0011875
1.205281e-006	-0.0011875
1.205781e-006	6.25e-005
1.206281e-006	-0.0011875
1.206781e-006	-0.0015
1.207281e-006	-0.0015
1.207781e-006	-0.0018125
1.208281e-006	-0.0018125
1.208781e-006	-0.0018125
1.209281e-006	-0.000875
1.209781e-006	-0.0005625
1.210281e-006	-0.0011875
1.210781e-006	-0.0005625
1.211281e-006	-0.0005625
1.211781e-006	6.25e-005
1.212281e-006	0.000375
1.212781e-006	-0.0005625
1.213281e-006	-0.0005625
1.213781e-006	-0.0005625
1.214281e-006	0.000375
1.214781e-006	6.25e-005
1.215281e-006	-0.0011875
1.215781e-006	-0.0005625
1.216281e-006	-0.000875
1.216781e-006	-0.0011875
1.217281e-006	-0.0018125
1.217781e-006	-0.002125
1.218281e-006	-0.0011875
1.218781e-006	-0.0011875
1.219281e-006	-0.0015
1.219781e-006	-0.000875
1.220281e-006	-0.0005625
1.220781e-006	6.25e-005
1.221281e-006	-0.000875
1.221781e-006	-0.00025
1.222281e-006	-0.00025
1.222781e-006	6.25e-005
1.223281e-006	0.0006875
1.223781e-006	6.25e-005
1.224281e-006	6.25e-005
1.224781e-006	6.25e-005
1.225281e-006	-0.000875
1.225781e-006	6.25e-005
1.226281e-006	-0.0005625
1.226781e-006	-0.0011875
1.227281e-006	-0.0024375
1.227781e-006	-0.0018125
1.228281e-006	-0.000875
1.228781e-006	-0.0011875
1.229281e-006	-0.0011875
1.229781e-006	-0.0011875
1.230281e-006	-0.0018125
1.230781e-006	-0.0005625
1.231281e-006	-0.000875
1.231781e-006	-0.000875
1.232281e-006	-0.000875
1.232781e-006	-0.000875
1.233281e-006	6.25e-005
1.233781e-006	0.000375
1.234281e-006	0.000375
1.234781e-006	-0.00025
1.235281e-006	6.25e-005
1.235781e-006	-0.00025
1.236281e-006	-0.000875
1.236781e-006	-0.000875
1.237281e-006	-0.0015
1.237781e-006	-0.002125
1.238281e-006	-0.000875
1.238781e-006	-0.0005625
1.239281e-006	-0.000875
1.239781e-006	-0.0018125
1.240281e-006	-0.0018125
1.240781e-006	-0.00025
1.241281e-006	-0.0005625
1.241781e-006	-0.0005625
1.242281e-006	-0.00025
1.242781e-006	-0.000875
1.243281e-006	6.25e-005
1.243781e-006	6.25e-005
1.244281e-006	0.0006875
1.244781e-006	0.000375
1.245281e-006	-0.000875
1.245781e-006	-0.0005625
1.246281e-006	-0.0005625
1.246781e-006	-0.000875
1.247281e-006	-0.000875
1.247781e-006	-0.000875
1.248281e-006	-0.0018125
1.248781e-006	-0.0024375
1.249281e-006	-0.002125
1.249781e-006	-0.000875
1.250281e-006	-0.000875
1.250781e-006	-0.00025
1.251281e-006	-0.000875
1.251781e-006	-0.0005625
1.252281e-006	6.25e-005
1.252781e-006	6.25e-005
1.253281e-006	-0.00025
1.253781e-006	-0.00025
1.254281e-006	-0.00025
1.254781e-006	6.25e-005
1.255281e-006	-0.00025
1.255781e-006	-0.00025
1.256281e-006	6.25e-005
1.256781e-006	-0.00025
1.257281e-006	-0.000875
1.257781e-006	-0.0015
1.258281e-006	-0.000875
1.258781e-006	-0.0015
1.259281e-006	-0.002125
1.259781e-006	-0.0018125
1.260281e-006	-0.0011875
1.260781e-006	-0.00025
1.261281e-006	6.25e-005
1.261781e-006	-0.00025
1.262281e-006	-0.00025
1.262781e-006	-0.00025
1.263281e-006	6.25e-005
1.263781e-006	-0.0005625
1.264281e-006	-0.00025
1.264781e-006	0.000375
1.265281e-006	0.000375
1.265781e-006	0.0006875
1.266281e-006	-0.00025
1.266781e-006	-0.000875
1.267281e-006	-0.0015
1.267781e-006	-0.0015
1.268281e-006	-0.0011875
1.268781e-006	-0.0011875
1.269281e-006	-0.0015
1.269781e-006	-0.000875
1.270281e-006	-0.0011875
1.270781e-006	-0.0005625
1.271281e-006	-0.00025
1.271781e-006	-0.0005625
1.272281e-006	-0.000875
1.272781e-006	6.25e-005
1.273281e-006	-0.00025
1.273781e-006	6.25e-005
1.274281e-006	0.001
1.274781e-006	0.0006875
1.275281e-006	6.25e-005
1.275781e-006	-0.0005625
1.276281e-006	-0.0005625
1.276781e-006	-0.000875
1.277281e-006	-0.0015
1.277781e-006	-0.0018125
1.278281e-006	-0.000875
1.278781e-006	-0.0011875
1.279281e-006	-0.0015
1.279781e-006	-0.000875
1.280281e-006	-0.0011875
1.280781e-006	-0.000875
1.281281e-006	-0.000875
1.281781e-006	6.25e-005
1.282281e-006	0.000375
1.282781e-006	6.25e-005
1.283281e-006	0.000375
1.283781e-006	6.25e-005
1.284281e-006	0.000375
1.284781e-006	6.25e-005
1.285281e-006	-0.0005625
1.285781e-006	-0.000875
1.286281e-006	-0.0011875
1.286781e-006	-0.000875
1.287281e-006	-0.0011875
1.287781e-006	-0.0011875
1.288281e-006	-0.0015
1.288781e-006	-0.0018125
1.289281e-006	-0.0015
1.289781e-006	-0.000875
1.290281e-006	-0.0011875
1.290781e-006	-0.0005625
1.291281e-006	-0.0005625
1.291781e-006	6.25e-005
1.292281e-006	0.001
1.292781e-006	0.000375
1.293281e-006	0.000375
1.293781e-006	0.0006875
1.294281e-006	6.25e-005
1.294781e-006	-0.0005625
1.295281e-006	-0.00025
1.295781e-006	-0.0005625
1.296281e-006	-0.0011875
1.296781e-006	-0.0011875
1.297281e-006	-0.0018125
1.297781e-006	-0.002125
1.298281e-006	-0.0018125
1.298781e-006	-0.0015
1.299281e-006	-0.0011875
1.299781e-006	-0.000875
1.300281e-006	-0.0011875
1.300781e-006	-0.0005625
1.301281e-006	-0.0005625
1.301781e-006	6.25e-005
1.302281e-006	0.000375
1.302781e-006	0.000375
1.303281e-006	0.0006875
1.303781e-006	0.000375
1.304281e-006	0.0006875
1.304781e-006	0.000375
1.305281e-006	-0.0005625
1.305781e-006	-0.000875
1.306281e-006	-0.0005625
1.306781e-006	-0.0011875
1.307281e-006	-0.0011875
1.307781e-006	-0.0015
1.308281e-006	-0.0015
1.308781e-006	-0.0018125
1.309281e-006	-0.0015
1.309781e-006	-0.000875
1.310281e-006	-0.0005625
1.310781e-006	6.25e-005
1.311281e-006	6.25e-005
1.311781e-006	0.001
1.312281e-006	0.001
1.312781e-006	6.25e-005
1.313281e-006	0.000375
1.313781e-006	-0.00025
1.314281e-006	0.000375
1.314781e-006	0.000375
1.315281e-006	-0.0005625
1.315781e-006	-0.0005625
1.316281e-006	-0.0011875
1.316781e-006	-0.000875
1.317281e-006	-0.000875
1.317781e-006	-0.0015
1.318281e-006	-0.0015
1.318781e-006	-0.0015
1.319281e-006	-0.0015
1.319781e-006	-0.000875
1.320281e-006	-0.000875
1.320781e-006	6.25e-005
1.321281e-006	-0.00025
1.321781e-006	-0.0005625
1.322281e-006	-0.00025
1.322781e-006	0.0006875
1.323281e-006	0.0013125
1.323781e-006	-0.00025
1.324281e-006	6.25e-005
1.324781e-006	6.25e-005
1.325281e-006	-0.00025
1.325781e-006	-0.00025
1.326281e-006	-0.0005625
1.326781e-006	-0.0011875
1.327281e-006	-0.002125
1.327781e-006	-0.0018125
1.328281e-006	-0.00025
1.328781e-006	-0.0005625
1.329281e-006	-0.0005625
1.329781e-006	-0.0011875
1.330281e-006	-0.0015
1.330781e-006	-0.00025
1.331281e-006	-0.0005625
1.331781e-006	6.25e-005
1.332281e-006	6.25e-005
1.332781e-006	-0.0005625
1.333281e-006	6.25e-005
1.333781e-006	-0.0005625
1.334281e-006	6.25e-005
1.334781e-006	0.000375
1.335281e-006	-0.00025
1.335781e-006	-0.0005625
1.336281e-006	-0.000875
1.336781e-006	-0.00025
1.337281e-006	6.25e-005
1.337781e-006	-0.000875
1.338281e-006	-0.00025
1.338781e-006	-0.0005625
1.339281e-006	-0.0011875
1.339781e-006	-0.0011875
1.340281e-006	-0.000875
1.340781e-006	0.000375
1.341281e-006	-0.0005625
1.341781e-006	-0.0005625
1.342281e-006	-0.0005625
1.342781e-006	6.25e-005
1.343281e-006	6.25e-005
1.343781e-006	6.25e-005
1.344281e-006	6.25e-005
1.344781e-006	-0.0005625
1.345281e-006	-0.000875
1.345781e-006	-0.0005625
1.346281e-006	-0.000875
1.346781e-006	6.25e-005
1.347281e-006	-0.00025
1.347781e-006	-0.0005625
1.348281e-006	-0.000875
1.348781e-006	-0.0011875
1.349281e-006	-0.00025
1.349781e-006	6.25e-005
1.350281e-006	6.25e-005
1.350781e-006	-0.00025
1.351281e-006	-0.0005625
1.351781e-006	-0.0005625
1.352281e-006	6.25e-005
1.352781e-006	6.25e-005
1.353281e-006	6.25e-005
1.353781e-006	-0.0005625
1.354281e-006	-0.0005625
1.354781e-006	-0.0011875
1.355281e-006	-0.000875
1.355781e-006	-0.00025
1.356281e-006	-0.000875
1.356781e-006	-0.000875
1.357281e-006	-0.000875
1.357781e-006	-0.0005625
1.358281e-006	0.0006875
1.358781e-006	6.25e-005
1.359281e-006	6.25e-005
1.359781e-006	0.000375
1.360281e-006	6.25e-005
1.360781e-006	6.25e-005
1.361281e-006	0.000375
1.361781e-006	0.000375
1.362281e-006	0.000375
1.362781e-006	6.25e-005
1.363281e-006	-0.0005625
1.363781e-006	-0.000875
1.364281e-006	-0.0011875
1.364781e-006	-0.000875
1.365281e-006	-0.0015
1.365781e-006	-0.000875
1.366281e-006	-0.000875
1.366781e-006	-0.000875
1.367281e-006	-0.0011875
1.367781e-006	-0.000875
1.368281e-006	-0.00025
1.368781e-006	-0.00025
1.369281e-006	-0.00025
1.369781e-006	6.25e-005
1.370281e-006	-0.00025
1.370781e-006	6.25e-005
1.371281e-006	6.25e-005
1.371781e-006	6.25e-005
1.372281e-006	6.25e-005
1.372781e-006	-0.0005625
1.373281e-006	-0.0005625
1.373781e-006	-0.000875
1.374281e-006	-0.0005625
1.374781e-006	-0.000875
1.375281e-006	-0.0018125
1.375781e-006	-0.0015
1.376281e-006	-0.0015
1.376781e-006	-0.0015
1.377281e-006	-0.000875
1.377781e-006	-0.0011875
1.378281e-006	-0.0005625
1.378781e-006	-0.0005625
1.379281e-006	6.25e-005
1.379781e-006	0.001
1.380281e-006	0.000375
1.380781e-006	-0.00025
1.381281e-006	6.25e-005
1.381781e-006	0.000375
1.382281e-006	6.25e-005
1.382781e-006	-0.00025
1.383281e-006	-0.000875
1.383781e-006	-0.0005625
1.384281e-006	-0.0005625
1.384781e-006	-0.0011875
1.385281e-006	-0.0011875
1.385781e-006	-0.00025
1.386281e-006	-0.0015
1.386781e-006	-0.000875
1.387281e-006	-0.0011875
1.387781e-006	-0.0011875
1.388281e-006	-0.000875
1.388781e-006	-0.0005625
1.389281e-006	-0.00025
1.389781e-006	0.000375
1.390281e-006	-0.0005625
1.390781e-006	-0.00025
1.391281e-006	-0.0005625
1.391781e-006	0.000375
1.392281e-006	0.0006875
1.392781e-006	6.25e-005
1.393281e-006	6.25e-005
1.393781e-006	-0.00025
1.394281e-006	-0.00025
1.394781e-006	-0.0005625
1.395281e-006	-0.0005625
1.395781e-006	-0.000875
1.396281e-006	-0.0011875
1.396781e-006	-0.0011875
1.397281e-006	-0.0011875
1.397781e-006	-0.000875
1.398281e-006	-0.0005625
1.398781e-006	-0.0005625
1.399281e-006	-0.0005625
1.399781e-006	-0.0005625
1.400281e-006	-0.0005625
1.400781e-006	6.25e-005
1.401281e-006	0.000375
1.401781e-006	6.25e-005
1.402281e-006	-0.0005625
1.402781e-006	-0.0005625
1.403281e-006	6.25e-005
1.403781e-006	6.25e-005
1.404281e-006	-0.00025
1.404781e-006	-0.000875
1.405281e-006	-0.0011875
1.405781e-006	-0.00025
1.406281e-006	-0.0005625
1.406781e-006	-0.0005625
1.407281e-006	-0.0011875
1.407781e-006	6.25e-005
1.408281e-006	-0.0005625
1.408781e-006	-0.000875
1.409281e-006	-0.000875
1.409781e-006	-0.0005625
1.410281e-006	-0.000875
1.410781e-006	-0.0005625
1.411281e-006	-0.00025
1.411781e-006	-0.0005625
1.412281e-006	6.25e-005
1.412781e-006	-0.00025
1.413281e-006	0.000375
1.413781e-006	-0.000875
1.414281e-006	-0.0011875
1.414781e-006	6.25e-005
1.415281e-006	-0.00025
1.415781e-006	-0.0005625
1.416281e-006	-0.000875
1.416781e-006	-0.0005625
1.417281e-006	-0.00025
1.417781e-006	-0.0011875
1.418281e-006	-0.000875
1.418781e-006	-0.000875
1.419281e-006	-0.0005625
1.419781e-006	6.25e-005
1.420281e-006	-0.0005625
1.420781e-006	-0.0005625
1.421281e-006	-0.00025
1.421781e-006	-0.0005625
1.422281e-006	-0.000875
1.422781e-006	-0.000875
1.423281e-006	-0.0005625
1.423781e-006	-0.0005625
1.424281e-006	-0.000875
1.424781e-006	-0.00025
1.425281e-006	-0.0005625
1.425781e-006	6.25e-005
1.426281e-006	6.25e-005
1.426781e-006	6.25e-005
1.427281e-006	-0.00025
1.427781e-006	-0.0005625
1.428281e-006	-0.0005625
1.428781e-006	6.25e-005
1.429281e-006	-0.000875
1.429781e-006	-0.0011875
1.430281e-006	-0.0005625
1.430781e-006	-0.00025
1.431281e-006	-0.0005625
1.431781e-006	-0.0005625
1.432281e-006	-0.000875
1.432781e-006	-0.0005625
1.433281e-006	-0.00025
1.433781e-006	-0.00025
1.434281e-006	-0.00025
1.434781e-006	6.25e-005
1.435281e-006	-0.0005625
1.435781e-006	-0.0005625
1.436281e-006	6.25e-005
1.436781e-006	-0.00025
1.437281e-006	6.25e-005
1.437781e-006	6.25e-005
1.438281e-006	0.000375
1.438781e-006	6.25e-005
1.439281e-006	6.25e-005
1.439781e-006	6.25e-005
1.440281e-006	6.25e-005
1.440781e-006	-0.000875
1.441281e-006	-0.000875
1.441781e-006	-0.0005625
1.442281e-006	-0.0005625
1.442781e-006	-0.00025
1.443281e-006	-0.0005625
1.443781e-006	-0.0011875
1.444281e-006	-0.000875
1.444781e-006	-0.0005625
1.445281e-006	-0.0005625
1.445781e-006	-0.00025
1.446281e-006	-0.0005625
1.446781e-006	-0.00025
1.447281e-006	-0.00025
1.447781e-006	6.25e-005
1.448281e-006	6.25e-005
1.448781e-006	0.000375
1.449281e-006	-0.0005625
1.449781e-006	-0.00025
1.450281e-006	-0.000875
1.450781e-006	6.25e-005
1.451281e-006	6.25e-005
1.451781e-006	6.25e-005
1.452281e-006	-0.0005625
1.452781e-006	-0.0005625
1.453281e-006	-0.000875
1.453781e-006	-0.000875
1.454281e-006	-0.000875
1.454781e-006	-0.0005625
1.455281e-006	-0.0005625
1.455781e-006	-0.0005625
1.456281e-006	-0.0005625
1.456781e-006	-0.0005625
1.457281e-006	-0.0005625
1.457781e-006	-0.00025
1.458281e-006	0.0006875
1.458781e-006	0.000375
1.459281e-006	6.25e-005
1.459781e-006	-0.0005625
1.460281e-006	6.25e-005
1.460781e-006	-0.00025
1.461281e-006	0.000375
1.461781e-006	0.000375
1.462281e-006	-0.0005625
1.462781e-006	-0.0005625
1.463281e-006	-0.0005625
1.463781e-006	-0.00025
1.464281e-006	-0.0005625
1.464781e-006	-0.00025
1.465281e-006	-0.0005625
1.465781e-006	-0.0011875
1.466281e-006	-0.0011875
1.466781e-006	-0.0005625
1.467281e-006	6.25e-005
1.467781e-006	0.001
1.468281e-006	0.0006875
1.468781e-006	0.000375
1.469281e-006	6.25e-005
1.469781e-006	6.25e-005
1.470281e-006	6.25e-005
1.470781e-006	6.25e-005
1.471281e-006	6.25e-005
1.471781e-006	6.25e-005
1.472281e-006	-0.00025
1.472781e-006	6.25e-005
1.473281e-006	-0.000875
1.473781e-006	-0.0011875
1.474281e-006	-0.0011875
1.474781e-006	-0.000875
1.475281e-006	-0.0011875
1.475781e-006	6.25e-005
1.476281e-006	-0.00025
1.476781e-006	-0.0005625
1.477281e-006	-0.00025
1.477781e-006	-0.0005625
1.478281e-006	-0.0005625
1.478781e-006	0.000375
1.479281e-006	0.000375
1.479781e-006	-0.00025
1.480281e-006	0.000375
1.480781e-006	0.000375
1.481281e-006	0.000375
1.481781e-006	-0.0005625
1.482281e-006	-0.0005625
1.482781e-006	-0.00025
1.483281e-006	-0.0005625
1.483781e-006	-0.000875
1.484281e-006	-0.0005625
1.484781e-006	-0.000875
1.485281e-006	-0.0011875
1.485781e-006	-0.000875
1.486281e-006	-0.0005625
1.486781e-006	0.0006875
1.487281e-006	-0.0005625
1.487781e-006	-0.0005625
1.488281e-006	-0.00025
1.488781e-006	6.25e-005
1.489281e-006	-0.00025
1.489781e-006	6.25e-005
1.490281e-006	6.25e-005
1.490781e-006	0.000375
1.491281e-006	-0.0005625
1.491781e-006	6.25e-005
1.492281e-006	-0.00025
1.492781e-006	-0.00025
1.493281e-006	-0.0011875
1.493781e-006	-0.0005625
1.494281e-006	-0.00025
1.494781e-006	-0.0005625
1.495281e-006	-0.0011875
1.495781e-006	-0.00025
1.496281e-006	-0.0005625
1.496781e-006	-0.000875
1.497281e-006	-0.0005625
1.497781e-006	6.25e-005
1.498281e-006	-0.00025
1.498781e-006	-0.0005625
1.499281e-006	0.0006875
1.499781e-006	0.000375
1.500281e-006	0.000375
1.500781e-006	6.25e-005
1.501281e-006	6.25e-005
1.501781e-006	-0.0005625
1.502281e-006	-0.000875
1.502781e-006	-0.0005625
1.503281e-006	6.25e-005
1.503781e-006	-0.0005625
1.504281e-006	-0.000875
1.504781e-006	-0.0005625
1.505281e-006	-0.00025
1.505781e-006	6.25e-005
1.506281e-006	-0.0005625
1.506781e-006	-0.000875
1.507281e-006	-0.00025
1.507781e-006	-0.00025
1.508281e-006	-0.00025
1.508781e-006	6.25e-005
1.509281e-006	0.000375
1.509781e-006	6.25e-005
1.510281e-006	-0.0005625
1.510781e-006	6.25e-005
1.511281e-006	0.000375
1.511781e-006	0.0006875
1.512281e-006	-0.00025
1.512781e-006	6.25e-005
1.513281e-006	-0.0011875
1.513781e-006	-0.0005625
1.514281e-006	6.25e-005
1.514781e-006	-0.00025
1.515281e-006	-0.0011875
1.515781e-006	-0.0015
1.516281e-006	-0.000875
1.516781e-006	6.25e-005
1.517281e-006	-0.00025
1.517781e-006	-0.0005625
1.518281e-006	-0.00025
1.518781e-006	-0.0005625
1.519281e-006	0.000375
1.519781e-006	0.000375
1.520281e-006	0.000375
1.520781e-006	-0.00025
1.521281e-006	-0.00025
1.521781e-006	6.25e-005
1.522281e-006	0.0006875
1.522781e-006	-0.00025
1.523281e-006	-0.0005625
1.523781e-006	-0.0005625
1.524281e-006	-0.00025
1.524781e-006	-0.0018125
1.525281e-006	-0.002125
1.525781e-006	-0.000875
1.526281e-006	-0.0005625
1.526781e-006	-0.000875
1.527281e-006	-0.0005625
1.527781e-006	-0.000875
1.528281e-006	-0.000875
1.528781e-006	-0.0005625
1.529281e-006	-0.0005625
1.529781e-006	0.0006875
1.530281e-006	0.000375
1.530781e-006	6.25e-005
1.531281e-006	-0.00025
1.531781e-006	-0.00025
1.532281e-006	-0.0005625
1.532781e-006	-0.0005625
1.533281e-006	-0.000875
1.533781e-006	-0.0005625
1.534281e-006	-0.000875
1.534781e-006	-0.000875
1.535281e-006	-0.0018125
1.535781e-006	-0.0011875
1.536281e-006	-0.0018125
1.536781e-006	-0.0011875
1.537281e-006	-0.0011875
1.537781e-006	-0.000875
1.538281e-006	0.000375
1.538781e-006	-0.0005625
1.539281e-006	-0.0005625
1.539781e-006	0.000375
1.540281e-006	6.25e-005
1.540781e-006	-0.00025
1.541281e-006	-0.00025
1.541781e-006	-0.0005625
1.542281e-006	-0.0005625
1.542781e-006	-0.0015
1.543281e-006	-0.0011875
1.543781e-006	-0.000875
1.544281e-006	-0.0005625
1.544781e-006	-0.0015
1.545281e-006	-0.0018125
1.545781e-006	-0.0015
1.546281e-006	-0.0018125
1.546781e-006	-0.000875
1.547281e-006	-0.0005625
1.547781e-006	-0.0005625
1.548281e-006	6.25e-005
1.548781e-006	-0.0005625
1.549281e-006	-0.00025
1.549781e-006	6.25e-005
1.550281e-006	6.25e-005
1.550781e-006	0.001
1.551281e-006	-0.00025
1.551781e-006	-0.0005625
1.552281e-006	-0.0015
1.552781e-006	-0.0015
1.553281e-006	-0.000875
1.553781e-006	-0.000875
1.554281e-006	-0.0011875
1.554781e-006	-0.0018125
1.555281e-006	-0.0024375
1.555781e-006	-0.0011875
1.556281e-006	-0.0011875
1.556781e-006	-0.0005625
1.557281e-006	-0.0011875
1.557781e-006	-0.000875
1.558281e-006	-0.00025
1.558781e-006	-0.00025
1.559281e-006	6.25e-005
1.559781e-006	6.25e-005
1.560281e-006	-0.00025
1.560781e-006	-0.0005625
1.561281e-006	-0.0011875
1.561781e-006	-0.0005625
1.562281e-006	-0.0011875
1.562781e-006	-0.0015
1.563281e-006	-0.000875
1.563781e-006	-0.000875
1.564281e-006	-0.000875
1.564781e-006	-0.0015
1.565281e-006	-0.0018125
1.565781e-006	-0.0015
1.566281e-006	-0.0011875
1.566781e-006	-0.000875
1.567281e-006	-0.0005625
1.567781e-006	-0.0005625
1.568281e-006	6.25e-005
1.568781e-006	-0.00025
1.569281e-006	0.000375
1.569781e-006	6.25e-005
1.570281e-006	6.25e-005
1.570781e-006	-0.00025
1.571281e-006	-0.0011875
1.571781e-006	-0.0005625
1.572281e-006	-0.0015
1.572781e-006	-0.000875
1.573281e-006	-0.0015
1.573781e-006	-0.0011875
1.574281e-006	-0.0011875
1.574781e-006	-0.0015
1.575281e-006	-0.0015
1.575781e-006	-0.0005625
1.576281e-006	-0.000875
1.576781e-006	6.25e-005
1.577281e-006	-0.00025
1.577781e-006	0.0006875
1.578281e-006	0.000375
1.578781e-006	-0.00025
1.579281e-006	6.25e-005
1.579781e-006	6.25e-005
1.580281e-006	-0.00025
1.580781e-006	-0.0005625
1.581281e-006	-0.0005625
1.581781e-006	-0.0005625
1.582281e-006	-0.0015
1.582781e-006	-0.002125
1.583281e-006	-0.0024375
1.583781e-006	-0.0024375
1.584281e-006	-0.0011875
1.584781e-006	-0.000875
1.585281e-006	-0.000875
1.585781e-006	-0.0005625
1.586281e-006	-0.00025
1.586781e-006	6.25e-005
1.587281e-006	0.0006875
1.587781e-006	-0.0005625
1.588281e-006	6.25e-005
1.588781e-006	6.25e-005
1.589281e-006	6.25e-005
1.589781e-006	6.25e-005
1.590281e-006	0.001
1.590781e-006	-0.00025
1.591281e-006	-0.0011875
1.591781e-006	-0.0011875
1.592281e-006	-0.0011875
1.592781e-006	-0.0018125
1.593281e-006	-0.002125
1.593781e-006	-0.002125
1.594281e-006	-0.002125
1.594781e-006	-0.0005625
1.595281e-006	-0.000875
1.595781e-006	-0.00025
1.596281e-006	-0.00025
1.596781e-006	0.000375
1.597281e-006	0.0006875
1.597781e-006	0.001
1.598281e-006	0.000375
1.598781e-006	-0.00025
1.599281e-006	-0.00025
1.599781e-006	6.25e-005
1.600281e-006	-0.0005625
1.600781e-006	-0.0005625
1.601281e-006	-0.0011875
1.601781e-006	-0.0011875
1.602281e-006	-0.0018125
1.602781e-006	-0.002125
1.603281e-006	-0.0024375
1.603781e-006	-0.0018125
1.604281e-006	-0.000875
1.604781e-006	-0.0011875
1.605281e-006	-0.000875
1.605781e-006	0.000375
1.606281e-006	0.0006875
1.606781e-006	0.000375
1.607281e-006	0.000375
1.607781e-006	6.25e-005
1.608281e-006	0.0013125
1.608781e-006	6.25e-005
1.609281e-006	6.25e-005
1.609781e-006	6.25e-005
1.610281e-006	-0.0018125
1.610781e-006	-0.0011875
1.611281e-006	-0.0024375
1.611781e-006	-0.002125
1.612281e-006	-0.0018125
1.612781e-006	-0.0024375
1.613281e-006	-0.0018125
1.613781e-006	-0.002125
1.614281e-006	-0.0011875
1.614781e-006	-0.0005625
1.615281e-006	-0.000875
1.615781e-006	0.000375
1.616281e-006	6.25e-005
1.616781e-006	0.000375
1.617281e-006	0.001
1.617781e-006	-0.00025
1.618281e-006	0.000375
1.618781e-006	6.25e-005
1.619281e-006	6.25e-005
1.619781e-006	-0.000875
1.620281e-006	-0.0015
1.620781e-006	-0.0011875
1.621281e-006	-0.0024375
1.621781e-006	-0.002125
1.622281e-006	-0.002125
1.622781e-006	-0.0030625
1.623281e-006	-0.002125
1.623781e-006	-0.000875
1.624281e-006	-0.00025
1.624781e-006	-0.0005625
1.625281e-006	6.25e-005
1.625781e-006	6.25e-005
1.626281e-006	-0.00025
1.626781e-006	0.0006875
1.627281e-006	0.0013125
1.627781e-006	0.000375
1.628281e-006	0.000375
1.628781e-006	-0.000875
1.629281e-006	-0.0011875
1.629781e-006	-0.0011875
1.630281e-006	-0.0018125
1.630781e-006	-0.002125
1.631281e-006	-0.002125
1.631781e-006	-0.0015
1.632281e-006	-0.0018125
1.632781e-006	-0.0011875
1.633281e-006	-0.000875
1.633781e-006	-0.0015
1.634281e-006	-0.0011875
1.634781e-006	6.25e-005
1.635281e-006	6.25e-005
1.635781e-006	0.0006875
1.636281e-006	0.0006875
1.636781e-006	0.0013125
1.637281e-006	0.0006875
1.637781e-006	-0.0005625
1.638281e-006	-0.0005625
1.638781e-006	-0.000875
1.639281e-006	-0.0015
1.639781e-006	-0.0015
1.640281e-006	-0.0024375
1.640781e-006	-0.0018125
1.641281e-006	-0.002125
1.641781e-006	-0.002125
1.642281e-006	-0.0018125
1.642781e-006	-0.0018125
1.643281e-006	-0.0011875
1.643781e-006	-0.0011875
1.644281e-006	-0.000875
1.644781e-006	-0.00025
1.645281e-006	-0.00025
1.645781e-006	0.000375
1.646281e-006	0.0006875
1.646781e-006	0.000375
1.647281e-006	0.0006875
1.647781e-006	-0.0005625
1.648281e-006	-0.00025
1.648781e-006	-0.0011875
1.649281e-006	-0.0015
1.649781e-006	-0.0011875
1.650281e-006	-0.002125
1.650781e-006	-0.0024375
1.651281e-006	-0.0024375
1.651781e-006	-0.0024375
1.652281e-006	-0.002125
1.652781e-006	-0.0018125
1.653281e-006	-0.0011875
1.653781e-006	-0.000875
1.654281e-006	-0.0005625
1.654781e-006	6.25e-005
1.655281e-006	-0.00025
1.655781e-006	0.000375
1.656281e-006	0.000375
1.656781e-006	6.25e-005
1.657281e-006	0.0006875
1.657781e-006	0.000375
1.658281e-006	-0.0005625
1.658781e-006	-0.0011875
1.659281e-006	-0.0018125
1.659781e-006	-0.0015
1.660281e-006	-0.0018125
1.660781e-006	-0.0018125
1.661281e-006	-0.0024375
1.661781e-006	-0.002125
1.662281e-006	-0.0018125
1.662781e-006	-0.0018125
1.663281e-006	-0.0015
1.663781e-006	-0.0005625
1.664281e-006	0.000375
1.664781e-006	0.000375
1.665281e-006	6.25e-005
1.665781e-006	-0.00025
1.666281e-006	-0.00025
1.666781e-006	0.000375
1.667281e-006	0.0006875
1.667781e-006	-0.000875
1.668281e-006	-0.0005625
1.668781e-006	-0.0005625
1.669281e-006	-0.0011875
1.669781e-006	-0.0018125
1.670281e-006	-0.002125
1.670781e-006	-0.0011875
1.671281e-006	-0.0018125
1.671781e-006	-0.0018125
1.672281e-006	-0.0015
1.672781e-006	-0.0011875
1.673281e-006	-0.0011875
1.673781e-006	-0.000875
1.674281e-006	-0.0005625
1.674781e-006	6.25e-005
1.675281e-006	-0.000875
1.675781e-006	6.25e-005
1.676281e-006	0.001
1.676781e-006	6.25e-005
1.677281e-006	6.25e-005
1.677781e-006	-0.00025
1.678281e-006	6.25e-005
1.678781e-006	6.25e-005
1.679281e-006	-0.0011875
1.679781e-006	-0.0011875
1.680281e-006	-0.002125
1.680781e-006	-0.0018125
1.681281e-006	-0.0024375
1.681781e-006	-0.0011875
1.682281e-006	-0.0015
1.682781e-006	-0.0011875
1.683281e-006	-0.0011875
1.683781e-006	-0.000875
1.684281e-006	-0.000875
1.684781e-006	6.25e-005
1.685281e-006	-0.0005625
1.685781e-006	-0.0005625
1.686281e-006	6.25e-005
1.686781e-006	-0.00025
1.687281e-006	-0.00025
1.687781e-006	-0.00025
1.688281e-006	-0.00025
1.688781e-006	6.25e-005
1.689281e-006	-0.00025
1.689781e-006	-0.000875
1.690281e-006	-0.0011875
1.690781e-006	-0.0011875
1.691281e-006	-0.0011875
1.691781e-006	-0.0011875
1.692281e-006	-0.0018125
1.692781e-006	-0.002125
1.693281e-006	-0.0005625
1.693781e-006	-0.000875
1.694281e-006	-0.0018125
1.694781e-006	-0.000875
1.695281e-006	-0.00025
1.695781e-006	-0.0005625
1.696281e-006	-0.000875
1.696781e-006	-0.00025
1.697281e-006	-0.00025
1.697781e-006	6.25e-005
1.698281e-006	0.000375
1.698781e-006	0.0006875
1.699281e-006	-0.00025
1.699781e-006	6.25e-005
1.700281e-006	-0.0005625
1.700781e-006	-0.0011875
1.701281e-006	-0.0011875
1.701781e-006	-0.000875
1.702281e-006	-0.0015
1.702781e-006	-0.0018125
1.703281e-006	-0.002125
1.703781e-006	-0.0015
1.704281e-006	-0.0018125
1.704781e-006	-0.0015
1.705281e-006	-0.0011875
1.705781e-006	-0.0005625
1.706281e-006	-0.000875
1.706781e-006	-0.0005625
1.707281e-006	6.25e-005
1.707781e-006	6.25e-005
1.708281e-006	0.000375
1.708781e-006	6.25e-005
1.709281e-006	-0.00025
1.709781e-006	6.25e-005
1.710281e-006	6.25e-005
1.710781e-006	-0.0005625
1.711281e-006	-0.000875
1.711781e-006	-0.0011875
1.712281e-006	-0.0011875
1.712781e-006	-0.0018125
1.713281e-006	-0.0018125
1.713781e-006	-0.0018125
1.714281e-006	-0.002125
1.714781e-006	-0.0011875
1.715281e-006	-0.0011875
1.715781e-006	-0.0005625
1.716281e-006	-0.000875
1.716781e-006	-0.0005625
1.717281e-006	-0.00025
1.717781e-006	-0.00025
1.718281e-006	6.25e-005
1.718781e-006	0.0006875
1.719281e-006	0.0006875
1.719781e-006	0.000375
1.720281e-006	6.25e-005
1.720781e-006	-0.00025
1.721281e-006	-0.00025
1.721781e-006	-0.0005625
1.722281e-006	-0.0018125
1.722781e-006	-0.0015
1.723281e-006	-0.0015
1.723781e-006	-0.0018125
1.724281e-006	-0.0015
1.724781e-006	-0.0015
1.725281e-006	-0.0018125
1.725781e-006	-0.000875
1.726281e-006	-0.0005625
1.726781e-006	-0.0005625
1.727281e-006	-0.000875
1.727781e-006	0.000375
1.728281e-006	0.000375
1.728781e-006	0.000375
1.729281e-006	0.000375
1.729781e-006	6.25e-005
1.730281e-006	6.25e-005
1.730781e-006	-0.0005625
1.731281e-006	-0.0018125
1.731781e-006	-0.0011875
1.732281e-006	-0.0011875
1.732781e-006	-0.0011875
1.733281e-006	-0.002125
1.733781e-006	-0.002125
1.734281e-006	-0.0011875
1.734781e-006	-0.000875
1.735281e-006	-0.0011875
1.735781e-006	-0.00025
1.736281e-006	6.25e-005
1.736781e-006	-0.0005625
1.737281e-006	6.25e-005
1.737781e-006	0.000375
1.738281e-006	0.0006875
1.738781e-006	-0.00025
1.739281e-006	-0.0005625
1.739781e-006	-0.00025
1.740281e-006	0.000375
1.740781e-006	-0.00025
1.741281e-006	-0.0018125
1.741781e-006	-0.0018125
1.742281e-006	-0.0018125
1.742781e-006	-0.0018125
1.743281e-006	-0.002125
1.743781e-006	-0.0015
1.744281e-006	-0.000875
1.744781e-006	-0.0011875
1.745281e-006	-0.0005625
1.745781e-006	6.25e-005
1.746281e-006	0.000375
1.746781e-006	0.000375
1.747281e-006	-0.00025
1.747781e-006	-0.00025
1.748281e-006	0.0006875
1.748781e-006	0.000375
1.749281e-006	-0.00025
1.749781e-006	-0.000875
1.750281e-006	-0.0011875
1.750781e-006	-0.000875
1.751281e-006	-0.0015
1.751781e-006	-0.0011875
1.752281e-006	-0.0018125
1.752781e-006	-0.0018125
1.753281e-006	-0.0018125
1.753781e-006	-0.0018125
1.754281e-006	-0.0018125
1.754781e-006	-0.0005625
1.755281e-006	-0.0005625
1.755781e-006	6.25e-005
1.756281e-006	0.0006875
1.756781e-006	0.001
1.757281e-006	0.001
1.757781e-006	0.000375
1.758281e-006	0.000375
1.758781e-006	6.25e-005
1.759281e-006	-0.0005625
1.759781e-006	-0.0005625
1.760281e-006	-0.000875
1.760781e-006	-0.0018125
1.761281e-006	-0.002125
1.761781e-006	-0.0015
1.762281e-006	-0.0018125
1.762781e-006	-0.0024375
1.763281e-006	-0.0018125
1.763781e-006	-0.0015
1.764281e-006	-0.0011875
1.764781e-006	-0.0005625
1.765281e-006	6.25e-005
1.765781e-006	0.001
1.766281e-006	0.000375
1.766781e-006	0.000375
1.767281e-006	0.001
1.767781e-006	0.0006875
1.768281e-006	0.000375
1.768781e-006	-0.00025
1.769281e-006	-0.00025
1.769781e-006	-0.00025
1.770281e-006	-0.000875
1.770781e-006	-0.0011875
1.771281e-006	-0.002125
1.771781e-006	-0.0024375
1.772281e-006	-0.0024375
1.772781e-006	-0.00275
1.773281e-006	-0.00275
1.773781e-006	-0.0018125
1.774281e-006	-0.0011875
1.774781e-006	6.25e-005
1.775281e-006	-0.0005625
1.775781e-006	0.000375
1.776281e-006	0.0006875
1.776781e-006	0.001
1.777281e-006	0.0006875
1.777781e-006	0.000375
1.778281e-006	0.0006875
1.778781e-006	6.25e-005
1.779281e-006	-0.0005625
1.779781e-006	-0.00025
1.780281e-006	-0.000875
1.780781e-006	-0.000875
1.781281e-006	-0.0024375
1.781781e-006	-0.002125
1.782281e-006	-0.002125
1.782781e-006	-0.0024375
1.783281e-006	-0.0015
1.783781e-006	-0.0018125
1.784281e-006	-0.0011875
1.784781e-006	-0.0005625
1.785281e-006	-0.0005625
1.785781e-006	6.25e-005
1.786281e-006	6.25e-005
1.786781e-006	0.001
1.787281e-006	0.0013125
1.787781e-006	0.0006875
1.788281e-006	0.0013125
