LECROYWS454	16215	Waveform
Segments	1	SegmentSize	4002
Segment	TrigTime	TimeSinceSegment1
#1	02-May-2024 19:06:54	0                 
Time	Ampl
-2.12174e-007	0.000375
-2.11674e-007	0.0006875
-2.11174e-007	0.0006875
-2.10674e-007	0.000375
-2.10174e-007	6.25e-005
-2.09674e-007	-0.0005625
-2.09174e-007	-0.0005625
-2.08674e-007	6.25e-005
-2.08174e-007	-0.0005625
-2.07674e-007	-0.00025
-2.07174e-007	-0.0011875
-2.06674e-007	-0.0005625
-2.06174e-007	-0.00025
-2.05674e-007	-0.000875
-2.05174e-007	-0.0005625
-2.04674e-007	0.000375
-2.04174e-007	6.25e-005
-2.03674e-007	0.000375
-2.03174e-007	0.000375
-2.02674e-007	0.001
-2.02174e-007	6.25e-005
-2.01674e-007	-0.0005625
-2.01174e-007	-0.00025
-2.00674e-007	6.25e-005
-2.00174e-007	0.0006875
-1.99674e-007	6.25e-005
-1.99174e-007	-0.00025
-1.98674e-007	-0.0005625
-1.98174e-007	-0.0011875
-1.97674e-007	-0.000875
-1.97174e-007	-0.0005625
-1.96674e-007	-0.00025
-1.96174e-007	6.25e-005
-1.95674e-007	6.25e-005
-1.95174e-007	0.0013125
-1.94674e-007	0.000375
-1.94174e-007	0.001
-1.93674e-007	0.000375
-1.93174e-007	0.000375
-1.92674e-007	-0.00025
-1.92174e-007	-0.0005625
-1.91674e-007	6.25e-005
-1.91174e-007	6.25e-005
-1.90674e-007	-0.0005625
-1.90174e-007	-0.00025
-1.89674e-007	-0.000875
-1.89174e-007	-0.000875
-1.88674e-007	-0.0005625
-1.88174e-007	-0.0005625
-1.87674e-007	-0.00025
-1.87174e-007	-0.000875
-1.86674e-007	-0.00025
-1.86174e-007	6.25e-005
-1.85674e-007	0.001
-1.85174e-007	0.000375
-1.84674e-007	0.000375
-1.84174e-007	0.001625
-1.83674e-007	0.000375
-1.83174e-007	0.000375
-1.82674e-007	0.0006875
-1.82174e-007	0.000375
-1.81674e-007	-0.00025
-1.81174e-007	-0.0011875
-1.80674e-007	6.25e-005
-1.80174e-007	-0.00025
-1.79674e-007	-0.0005625
-1.79174e-007	-0.0011875
-1.78674e-007	-0.0015
-1.78174e-007	-0.00025
-1.77674e-007	-0.00025
-1.77174e-007	-0.0005625
-1.76674e-007	6.25e-005
-1.76174e-007	6.25e-005
-1.75674e-007	0.000375
-1.75174e-007	0.0006875
-1.74674e-007	0.001
-1.74174e-007	0.0013125
-1.73674e-007	0.0006875
-1.73174e-007	0.0013125
-1.72674e-007	0.000375
-1.72174e-007	0.000375
-1.71674e-007	6.25e-005
-1.71174e-007	-0.0005625
-1.70674e-007	-0.00025
-1.70174e-007	-0.00025
-1.69674e-007	-0.0011875
-1.69174e-007	-0.0011875
-1.68674e-007	-0.000875
-1.68174e-007	-0.00025
-1.67674e-007	-0.00025
-1.67174e-007	6.25e-005
-1.66674e-007	-0.00025
-1.66174e-007	6.25e-005
-1.65674e-007	0.0013125
-1.65174e-007	0.001
-1.64674e-007	0.0013125
-1.64174e-007	0.0013125
-1.63674e-007	0.000375
-1.63174e-007	0.001
-1.62674e-007	0.000375
-1.62174e-007	0.000375
-1.61674e-007	0.000375
-1.61174e-007	-0.000875
-1.60674e-007	-0.000875
-1.60174e-007	-0.0005625
-1.59674e-007	-0.000875
-1.59174e-007	-0.0011875
-1.58674e-007	-0.000875
-1.58174e-007	-0.0005625
-1.57674e-007	-0.0005625
-1.57174e-007	-0.0011875
-1.56674e-007	-0.00025
-1.56174e-007	0.001
-1.55674e-007	0.0013125
-1.55174e-007	0.001
-1.54674e-007	0.001
-1.54174e-007	0.001625
-1.53674e-007	0.001625
-1.53174e-007	0.001
-1.52674e-007	0.0006875
-1.52174e-007	0.0006875
-1.51674e-007	6.25e-005
-1.51174e-007	-0.0005625
-1.50674e-007	-0.0005625
-1.50174e-007	-0.0011875
-1.49674e-007	-0.0018125
-1.49174e-007	-0.000875
-1.48674e-007	-0.000875
-1.48174e-007	-0.0011875
-1.47674e-007	-0.0011875
-1.47174e-007	-0.000875
-1.46674e-007	6.25e-005
-1.46174e-007	0.000375
-1.45674e-007	0.0006875
-1.45174e-007	0.0013125
-1.44674e-007	0.0013125
-1.44174e-007	0.001625
-1.43674e-007	0.001
-1.43174e-007	0.0013125
-1.42674e-007	0.000375
-1.42174e-007	0.000375
-1.41674e-007	0.000375
-1.41174e-007	0.000375
-1.40674e-007	-0.00025
-1.40174e-007	-0.0011875
-1.39674e-007	-0.0011875
-1.39174e-007	-0.0005625
-1.38674e-007	-0.0011875
-1.38174e-007	-0.0011875
-1.37674e-007	-0.0005625
-1.37174e-007	-0.0005625
-1.36674e-007	0.000375
-1.36174e-007	6.25e-005
-1.35674e-007	6.25e-005
-1.35174e-007	0.000375
-1.34674e-007	0.001
-1.34174e-007	0.001625
-1.33674e-007	0.000375
-1.33174e-007	0.000375
-1.32674e-007	0.000375
-1.32174e-007	0.0006875
-1.31674e-007	0.001
-1.31174e-007	6.25e-005
-1.30674e-007	6.25e-005
-1.30174e-007	-0.0005625
-1.29674e-007	-0.000875
-1.29174e-007	-0.00025
-1.28674e-007	-0.0005625
-1.28174e-007	-0.000875
-1.27674e-007	-0.000875
-1.27174e-007	-0.0011875
-1.26674e-007	-0.00025
-1.26174e-007	0.000375
-1.25674e-007	6.25e-005
-1.25174e-007	6.25e-005
-1.24674e-007	0.0006875
-1.24174e-007	0.0013125
-1.23674e-007	0.0006875
-1.23174e-007	0.0013125
-1.22674e-007	0.001625
-1.22174e-007	0.0013125
-1.21674e-007	6.25e-005
-1.21174e-007	6.25e-005
-1.20674e-007	6.25e-005
-1.20174e-007	6.25e-005
-1.19674e-007	-0.0005625
-1.19174e-007	-0.0005625
-1.18674e-007	-0.00025
-1.18174e-007	-0.000875
-1.17674e-007	-0.0011875
-1.17174e-007	-0.0005625
-1.16674e-007	6.25e-005
-1.16174e-007	6.25e-005
-1.15674e-007	-0.00025
-1.15174e-007	0.0006875
-1.14674e-007	0.0013125
-1.14174e-007	0.001
-1.13674e-007	0.0006875
-1.13174e-007	0.0013125
-1.12674e-007	0.001625
-1.12174e-007	6.25e-005
-1.11674e-007	6.25e-005
-1.11174e-007	6.25e-005
-1.10674e-007	6.25e-005
-1.10174e-007	-0.000875
-1.09674e-007	-0.0005625
-1.09174e-007	-0.000875
-1.08674e-007	-0.0005625
-1.08174e-007	-0.0005625
-1.07674e-007	-0.0011875
-1.07174e-007	-0.0015
-1.06674e-007	-0.00025
-1.06174e-007	0.000375
-1.05674e-007	0.0006875
-1.05174e-007	0.001
-1.04674e-007	0.0006875
-1.04174e-007	0.0013125
-1.03674e-007	0.001625
-1.03174e-007	0.0006875
-1.02674e-007	0.000375
-1.02174e-007	0.0006875
-1.01674e-007	6.25e-005
-1.01174e-007	-0.00025
-1.00674e-007	-0.00025
-1.00174e-007	-0.0005625
-9.9674e-008	-0.000875
-9.9174e-008	-0.00025
-9.8674e-008	-0.0005625
-9.8174e-008	-0.0011875
-9.7674e-008	-0.0005625
-9.7174e-008	-0.0005625
-9.6674e-008	-0.00025
-9.6174e-008	0.0006875
-9.5674e-008	0.000375
-9.5174e-008	0.0013125
-9.4674e-008	0.001
-9.4174e-008	0.001
-9.3674e-008	0.001
-9.3174e-008	0.0013125
-9.2674e-008	0.001
-9.2174e-008	6.25e-005
-9.1674e-008	-0.00025
-9.1174e-008	-0.0005625
-9.0674e-008	6.25e-005
-9.0174e-008	-0.00025
-8.9674e-008	-0.000875
-8.9174e-008	-0.0011875
-8.8674e-008	-0.000875
-8.8174e-008	-0.0018125
-8.7674e-008	-0.000875
-8.7174e-008	-0.000875
-8.6674e-008	6.25e-005
-8.6174e-008	0.001
-8.5674e-008	0.001
-8.5174e-008	0.001
-8.4674e-008	0.0013125
-8.4174e-008	0.0019375
-8.3674e-008	0.0019375
-8.3174e-008	0.0013125
-8.2674e-008	0.001
-8.2174e-008	6.25e-005
-8.1674e-008	-0.0005625
-8.1174e-008	-0.000875
-8.0674e-008	-0.0015
-8.0174e-008	-0.0011875
-7.9674e-008	-0.0011875
-7.9174e-008	-0.0011875
-7.8674e-008	-0.0015
-7.8174e-008	-0.0018125
-7.7674e-008	-0.0005625
-7.7174e-008	6.25e-005
-7.6674e-008	6.25e-005
-7.6174e-008	0.0006875
-7.5674e-008	0.001
-7.5174e-008	0.0025625
-7.4674e-008	0.00225
-7.4174e-008	0.0025625
-7.3674e-008	0.0019375
-7.3174e-008	0.0006875
-7.2674e-008	0.000375
-7.2174e-008	0.0006875
-7.1674e-008	-0.00025
-7.1174e-008	-0.0011875
-7.0674e-008	-0.0011875
-7.0174e-008	-0.0011875
-6.9674e-008	-0.0011875
-6.9174e-008	-0.0018125
-6.8674e-008	-0.0018125
-6.8174e-008	-0.002125
-6.7674e-008	-0.0011875
-6.7174e-008	-0.000875
-6.6674e-008	6.25e-005
-6.6174e-008	0.0006875
-6.5674e-008	0.001625
-6.5174e-008	0.0025625
-6.4674e-008	0.00225
-6.4174e-008	0.0019375
-6.3674e-008	0.002875
-6.3174e-008	0.00225
-6.2674e-008	0.001
-6.2174e-008	6.25e-005
-6.1674e-008	0.000375
-6.1174e-008	-0.0005625
-6.0674e-008	-0.0011875
-6.0174e-008	-0.002125
-5.9674e-008	-0.002125
-5.9174e-008	-0.0024375
-5.8674e-008	-0.002125
-5.8174e-008	-0.0018125
-5.7674e-008	-0.000875
-5.7174e-008	6.25e-005
-5.6674e-008	6.25e-005
-5.6174e-008	0.000375
-5.5674e-008	0.001
-5.5174e-008	0.00225
-5.4674e-008	0.00225
-5.4174e-008	0.0025625
-5.3674e-008	0.002875
-5.3174e-008	0.0025625
-5.2674e-008	0.0013125
-5.2174e-008	0.0013125
-5.1674e-008	6.25e-005
-5.1174e-008	-0.000875
-5.0674e-008	-0.0011875
-5.0174e-008	-0.0018125
-4.9674e-008	-0.002125
-4.9174e-008	-0.0024375
-4.8674e-008	-0.002125
-4.8174e-008	-0.002125
-4.7674e-008	-0.0018125
-4.7174e-008	-0.0011875
-4.6674e-008	-0.0005625
-4.6174e-008	0.001
-4.5674e-008	0.001625
-4.5174e-008	0.0025625
-4.4674e-008	0.002875
-4.4174e-008	0.00225
-4.3674e-008	0.0025625
-4.3174e-008	0.0019375
-4.2674e-008	0.0019375
-4.2174e-008	0.001625
-4.1674e-008	0.000375
-4.1174e-008	6.25e-005
-4.0674e-008	-0.0005625
-4.0174e-008	-0.0015
-3.9674e-008	-0.002125
-3.9174e-008	-0.0024375
-3.8674e-008	-0.0015
-3.8174e-008	-0.0018125
-3.7674e-008	-0.000875
-3.7174e-008	-0.00025
-3.6674e-008	-0.0005625
-3.6174e-008	6.25e-005
-3.5674e-008	0.001
-3.5174e-008	0.0019375
-3.4674e-008	0.001625
-3.4174e-008	0.001625
-3.3674e-008	0.0019375
-3.3174e-008	0.001625
-3.2674e-008	0.001
-3.2174e-008	0.001
-3.1674e-008	0.0006875
-3.1174e-008	-0.0005625
-3.0674e-008	-0.0011875
-3.0174e-008	-0.0015
-2.9674e-008	-0.0030625
-2.9174e-008	-0.0049375
-2.8674e-008	-0.0055625
-2.8174e-008	-0.0055625
-2.7674e-008	-0.0065
-2.7174e-008	-0.007125
-2.6674e-008	-0.007125
-2.6174e-008	-0.0061875
-2.5674e-008	-0.00525
-2.5174e-008	-0.0049375
-2.4674e-008	-0.00525
-2.4174e-008	-0.0055625
-2.3674e-008	-0.0055625
-2.3174e-008	-0.0061875
-2.2674e-008	-0.0065
-2.2174e-008	-0.0074375
-2.1674e-008	-0.0080625
-2.1174e-008	-0.0086875
-2.0674e-008	-0.009
-2.0174e-008	-0.0093125
-1.9674e-008	-0.009625
-1.9174e-008	-0.0105625
-1.8674e-008	-0.0105625
-1.8174e-008	-0.0105625
-1.7674e-008	-0.010875
-1.7174e-008	-0.010875
-1.6674e-008	-0.0099375
-1.6174e-008	-0.0099375
-1.5674e-008	-0.010875
-1.5174e-008	-0.010875
-1.4674e-008	-0.01025
-1.4174e-008	-0.01025
-1.3674e-008	-0.01025
-1.3174e-008	-0.0105625
-1.2674e-008	-0.0111875
-1.2174e-008	-0.010875
-1.1674e-008	-0.01025
-1.1174e-008	-0.010875
-1.0674e-008	-0.010875
-1.0174e-008	-0.010875
-9.674e-009	-0.0105625
-9.174e-009	-0.010875
-8.674e-009	-0.012125
-8.174e-009	-0.0111875
-7.674e-009	-0.0115
-7.174e-009	-0.0111875
-6.674e-009	-0.0115
-6.174e-009	-0.0105625
-5.674e-009	-0.01025
-5.174e-009	-0.01025
-4.674e-009	-0.0099375
-4.174e-009	-0.0105625
-3.674e-009	-0.010875
-3.174e-009	-0.01025
-2.674e-009	-0.0105625
-2.174e-009	-0.0105625
-1.674e-009	-0.010875
-1.174e-009	-0.0111875
-6.74e-010	-0.0115
-1.74e-010	-0.012125
3.26e-010	-0.0124375
8.26e-010	-0.0118125
1.326e-009	-0.0118125
1.826e-009	-0.0118125
2.326e-009	-0.0124375
2.826e-009	-0.0118125
3.326e-009	-0.012125
3.826e-009	-0.012125
4.326e-009	-0.012125
4.826e-009	-0.0124375
5.326e-009	-0.01275
5.826e-009	-0.0124375
6.326e-009	-0.01275
6.826e-009	-0.01275
7.326e-009	-0.01275
7.826e-009	-0.0130625
8.326e-009	-0.0130625
8.826e-009	-0.0130625
9.326e-009	-0.01275
9.826e-009	-0.013375
1.0326e-008	-0.013375
1.0826e-008	-0.013375
1.1326e-008	-0.013375
1.1826e-008	-0.013375
1.2326e-008	-0.0130625
1.2826e-008	-0.01275
1.3326e-008	-0.0130625
1.3826e-008	-0.01275
1.4326e-008	-0.013375
1.4826e-008	-0.0136875
1.5326e-008	-0.0136875
1.5826e-008	-0.013375
1.6326e-008	-0.0136875
1.6826e-008	-0.0130625
1.7326e-008	-0.013375
1.7826e-008	-0.0130625
1.8326e-008	-0.013375
1.8826e-008	-0.013375
1.9326e-008	-0.0130625
1.9826e-008	-0.013375
2.0326e-008	-0.0136875
2.0826e-008	-0.0130625
2.1326e-008	-0.0130625
2.1826e-008	-0.0124375
2.2326e-008	-0.01275
2.2826e-008	-0.0130625
2.3326e-008	-0.0136875
2.3826e-008	-0.013375
2.4326e-008	-0.0136875
2.4826e-008	-0.013375
2.5326e-008	-0.0130625
2.5826e-008	-0.01275
2.6326e-008	-0.0130625
2.6826e-008	-0.0124375
2.7326e-008	-0.0130625
2.7826e-008	-0.013375
2.8326e-008	-0.0130625
2.8826e-008	-0.013375
2.9326e-008	-0.0136875
2.9826e-008	-0.0136875
3.0326e-008	-0.0143125
3.0826e-008	-0.0143125
3.1326e-008	-0.0136875
3.1826e-008	-0.013375
3.2326e-008	-0.013375
3.2826e-008	-0.0136875
3.3326e-008	-0.013375
3.3826e-008	-0.0136875
3.4326e-008	-0.0143125
3.4826e-008	-0.014
3.5326e-008	-0.013375
3.5826e-008	-0.013375
3.6326e-008	-0.0130625
3.6826e-008	-0.0130625
3.7326e-008	-0.0130625
3.7826e-008	-0.0130625
3.8326e-008	-0.013375
3.8826e-008	-0.0130625
3.9326e-008	-0.0130625
3.9826e-008	-0.0136875
4.0326e-008	-0.0136875
4.0826e-008	-0.013375
4.1326e-008	-0.0136875
4.1826e-008	-0.0136875
4.2326e-008	-0.0143125
4.2826e-008	-0.014
4.3326e-008	-0.0136875
4.3826e-008	-0.0143125
4.4326e-008	-0.014
4.4826e-008	-0.0130625
4.5326e-008	-0.0136875
4.5826e-008	-0.0136875
4.6326e-008	-0.013375
4.6826e-008	-0.0130625
4.7326e-008	-0.01275
4.7826e-008	-0.01275
4.8326e-008	-0.0130625
4.8826e-008	-0.0124375
4.9326e-008	-0.01275
4.9826e-008	-0.01275
5.0326e-008	-0.0130625
5.0826e-008	-0.0136875
5.1326e-008	-0.0136875
5.1826e-008	-0.0136875
5.2326e-008	-0.0136875
5.2826e-008	-0.014
5.3326e-008	-0.0143125
5.3826e-008	-0.0136875
5.4326e-008	-0.0136875
5.4826e-008	-0.014
5.5326e-008	-0.013375
5.5826e-008	-0.013375
5.6326e-008	-0.0130625
5.6826e-008	-0.013375
5.7326e-008	-0.01275
5.7826e-008	-0.0118125
5.8326e-008	-0.012125
5.8826e-008	-0.01275
5.9326e-008	-0.0124375
5.9826e-008	-0.012125
6.0326e-008	-0.0124375
6.0826e-008	-0.0130625
6.1326e-008	-0.013375
6.1826e-008	-0.0136875
6.2326e-008	-0.0136875
6.2826e-008	-0.0136875
6.3326e-008	-0.0149375
6.3826e-008	-0.014625
6.4326e-008	-0.0136875
6.4826e-008	-0.013375
6.5326e-008	-0.0136875
6.5826e-008	-0.0136875
6.6326e-008	-0.0130625
6.6826e-008	-0.01275
6.7326e-008	-0.0124375
6.7826e-008	-0.0115
6.8326e-008	-0.0118125
6.8826e-008	-0.0115
6.9326e-008	-0.0118125
6.9826e-008	-0.012125
7.0326e-008	-0.01275
7.0826e-008	-0.0124375
7.1326e-008	-0.0130625
7.1826e-008	-0.014
7.2326e-008	-0.013375
7.2826e-008	-0.01275
7.3326e-008	-0.0136875
7.3826e-008	-0.0143125
7.4326e-008	-0.014
7.4826e-008	-0.013375
7.5326e-008	-0.013375
7.5826e-008	-0.013375
7.6326e-008	-0.0124375
7.6826e-008	-0.0124375
7.7326e-008	-0.012125
7.7826e-008	-0.0115
7.8326e-008	-0.012125
7.8826e-008	-0.0118125
7.9326e-008	-0.0118125
7.9826e-008	-0.0118125
8.0326e-008	-0.0118125
8.0826e-008	-0.0124375
8.1326e-008	-0.0130625
8.1826e-008	-0.013375
8.2326e-008	-0.0130625
8.2826e-008	-0.0130625
8.3326e-008	-0.0149375
8.3826e-008	-0.014625
8.4326e-008	-0.014
8.4826e-008	-0.013375
8.5326e-008	-0.013375
8.5826e-008	-0.0130625
8.6326e-008	-0.0124375
8.6826e-008	-0.012125
8.7326e-008	-0.012125
8.7826e-008	-0.0115
8.8326e-008	-0.0118125
8.8826e-008	-0.0115
8.9326e-008	-0.0115
8.9826e-008	-0.010875
9.0326e-008	-0.0115
9.0826e-008	-0.012125
9.1326e-008	-0.0124375
9.1826e-008	-0.01275
9.2326e-008	-0.013375
9.2826e-008	-0.0136875
9.3326e-008	-0.0136875
9.3826e-008	-0.0130625
9.4326e-008	-0.0136875
9.4826e-008	-0.013375
9.5326e-008	-0.013375
9.5826e-008	-0.0124375
9.6326e-008	-0.0118125
9.6826e-008	-0.0118125
9.7326e-008	-0.0115
9.7826e-008	-0.0111875
9.8326e-008	-0.0111875
9.8826e-008	-0.010875
9.9326e-008	-0.010875
9.9826e-008	-0.0111875
1.00326e-007	-0.0115
1.00826e-007	-0.0118125
1.01326e-007	-0.012125
1.01826e-007	-0.0130625
1.02326e-007	-0.013375
1.02826e-007	-0.01275
1.03326e-007	-0.01275
1.03826e-007	-0.01275
1.04326e-007	-0.01275
1.04826e-007	-0.0124375
1.05326e-007	-0.012125
1.05826e-007	-0.0118125
1.06326e-007	-0.0115
1.06826e-007	-0.0115
1.07326e-007	-0.0118125
1.07826e-007	-0.0111875
1.08326e-007	-0.0105625
1.08826e-007	-0.0105625
1.09326e-007	-0.0111875
1.09826e-007	-0.0111875
1.10326e-007	-0.0115
1.10826e-007	-0.01275
1.11326e-007	-0.01275
1.11826e-007	-0.012125
1.12326e-007	-0.0124375
1.12826e-007	-0.01275
1.13326e-007	-0.013375
1.13826e-007	-0.012125
1.14326e-007	-0.0124375
1.14826e-007	-0.0124375
1.15326e-007	-0.0124375
1.15826e-007	-0.0115
1.16326e-007	-0.010875
1.16826e-007	-0.010875
1.17326e-007	-0.010875
1.17826e-007	-0.010875
1.18326e-007	-0.0115
1.18826e-007	-0.010875
1.19326e-007	-0.0111875
1.19826e-007	-0.0111875
1.20326e-007	-0.0115
1.20826e-007	-0.0118125
1.21326e-007	-0.0118125
1.21826e-007	-0.012125
1.22326e-007	-0.0124375
1.22826e-007	-0.01275
1.23326e-007	-0.0130625
1.23826e-007	-0.0124375
1.24326e-007	-0.01275
1.24826e-007	-0.0115
1.25326e-007	-0.0105625
1.25826e-007	-0.010875
1.26326e-007	-0.01025
1.26826e-007	-0.0111875
1.27326e-007	-0.0099375
1.27826e-007	-0.01025
1.28326e-007	-0.010875
1.28826e-007	-0.0105625
1.29326e-007	-0.0111875
1.29826e-007	-0.012125
1.30326e-007	-0.0115
1.30826e-007	-0.0118125
1.31326e-007	-0.012125
1.31826e-007	-0.0124375
1.32326e-007	-0.0124375
1.32826e-007	-0.0124375
1.33326e-007	-0.0124375
1.33826e-007	-0.0115
1.34326e-007	-0.0118125
1.34826e-007	-0.0111875
1.35326e-007	-0.0105625
1.35826e-007	-0.0105625
1.36326e-007	-0.0105625
1.36826e-007	-0.0105625
1.37326e-007	-0.0093125
1.37826e-007	-0.0099375
1.38326e-007	-0.0111875
1.38826e-007	-0.01025
1.39326e-007	-0.0111875
1.39826e-007	-0.0105625
1.40326e-007	-0.0111875
1.40826e-007	-0.0115
1.41326e-007	-0.0118125
1.41826e-007	-0.0115
1.42326e-007	-0.0111875
1.42826e-007	-0.0115
1.43326e-007	-0.012125
1.43826e-007	-0.0111875
1.44326e-007	-0.012125
1.44826e-007	-0.010875
1.45326e-007	-0.01025
1.45826e-007	-0.009625
1.46326e-007	-0.009625
1.46826e-007	-0.0105625
1.47326e-007	-0.009625
1.47826e-007	-0.009625
1.48326e-007	-0.0105625
1.48826e-007	-0.0105625
1.49326e-007	-0.0099375
1.49826e-007	-0.0105625
1.50326e-007	-0.0111875
1.50826e-007	-0.0111875
1.51326e-007	-0.0115
1.51826e-007	-0.0115
1.52326e-007	-0.010875
1.52826e-007	-0.0111875
1.53326e-007	-0.0111875
1.53826e-007	-0.010875
1.54326e-007	-0.010875
1.54826e-007	-0.0105625
1.55326e-007	-0.010875
1.55826e-007	-0.009625
1.56326e-007	-0.009
1.56826e-007	-0.0093125
1.57326e-007	-0.0093125
1.57826e-007	-0.0105625
1.58326e-007	-0.0099375
1.58826e-007	-0.009625
1.59326e-007	-0.01025
1.59826e-007	-0.0105625
1.60326e-007	-0.0111875
1.60826e-007	-0.0105625
1.61326e-007	-0.0111875
1.61826e-007	-0.0111875
1.62326e-007	-0.0105625
1.62826e-007	-0.0105625
1.63326e-007	-0.0105625
1.63826e-007	-0.0105625
1.64326e-007	-0.01025
1.64826e-007	-0.0099375
1.65326e-007	-0.010875
1.65826e-007	-0.009625
1.66326e-007	-0.0093125
1.66826e-007	-0.009
1.67326e-007	-0.009
1.67826e-007	-0.01025
1.68326e-007	-0.0099375
1.68826e-007	-0.01025
1.69326e-007	-0.009625
1.69826e-007	-0.010875
1.70326e-007	-0.0111875
1.70826e-007	-0.010875
1.71326e-007	-0.0105625
1.71826e-007	-0.01025
1.72326e-007	-0.009625
1.72826e-007	-0.0099375
1.73326e-007	-0.0099375
1.73826e-007	-0.009625
1.74326e-007	-0.0086875
1.74826e-007	-0.009625
1.75326e-007	-0.009625
1.75826e-007	-0.009
1.76326e-007	-0.0093125
1.76826e-007	-0.01025
1.77326e-007	-0.0093125
1.77826e-007	-0.009625
1.78326e-007	-0.009
1.78826e-007	-0.0099375
1.79326e-007	-0.01025
1.79826e-007	-0.0105625
1.80326e-007	-0.01025
1.80826e-007	-0.0099375
1.81326e-007	-0.0105625
1.81826e-007	-0.0099375
1.82326e-007	-0.0093125
1.82826e-007	-0.0093125
1.83326e-007	-0.0086875
1.83826e-007	-0.0086875
1.84326e-007	-0.0093125
1.84826e-007	-0.009
1.85326e-007	-0.008375
1.85826e-007	-0.0086875
1.86326e-007	-0.009625
1.86826e-007	-0.0086875
1.87326e-007	-0.0086875
1.87826e-007	-0.009625
1.88326e-007	-0.0099375
1.88826e-007	-0.01025
1.89326e-007	-0.0099375
1.89826e-007	-0.0099375
1.90326e-007	-0.0105625
1.90826e-007	-0.01025
1.91326e-007	-0.0093125
1.91826e-007	-0.0093125
1.92326e-007	-0.009
1.92826e-007	-0.0086875
1.93326e-007	-0.008375
1.93826e-007	-0.0086875
1.94326e-007	-0.008375
1.94826e-007	-0.009
1.95326e-007	-0.0080625
1.95826e-007	-0.0080625
1.96326e-007	-0.009
1.96826e-007	-0.009625
1.97326e-007	-0.009
1.97826e-007	-0.009625
1.98326e-007	-0.009625
1.98826e-007	-0.009625
1.99326e-007	-0.0093125
1.99826e-007	-0.0099375
2.00326e-007	-0.009625
2.00826e-007	-0.009625
2.01326e-007	-0.009
2.01826e-007	-0.009
2.02326e-007	-0.009
2.02826e-007	-0.008375
2.03326e-007	-0.008375
2.03826e-007	-0.009
2.04326e-007	-0.008375
2.04826e-007	-0.008375
2.05326e-007	-0.008375
2.05826e-007	-0.008375
2.06326e-007	-0.009
2.06826e-007	-0.009
2.07326e-007	-0.0093125
2.07826e-007	-0.009
2.08326e-007	-0.0086875
2.08826e-007	-0.0086875
2.09326e-007	-0.008375
2.09826e-007	-0.009
2.10326e-007	-0.009
2.10826e-007	-0.00775
2.11326e-007	-0.0080625
2.11826e-007	-0.008375
2.12326e-007	-0.0086875
2.12826e-007	-0.0086875
2.13326e-007	-0.0080625
2.13826e-007	-0.008375
2.14326e-007	-0.008375
2.14826e-007	-0.008375
2.15326e-007	-0.0086875
2.15826e-007	-0.0093125
2.16326e-007	-0.009
2.16826e-007	-0.009625
2.17326e-007	-0.009
2.17826e-007	-0.009625
2.18326e-007	-0.00775
2.18826e-007	-0.0074375
2.19326e-007	-0.0080625
2.19826e-007	-0.0086875
2.20326e-007	-0.0086875
2.20826e-007	-0.00775
2.21326e-007	-0.008375
2.21826e-007	-0.008375
2.22326e-007	-0.0074375
2.22826e-007	-0.00775
2.23326e-007	-0.0086875
2.23826e-007	-0.009
2.24326e-007	-0.0080625
2.24826e-007	-0.0074375
2.25326e-007	-0.008375
2.25826e-007	-0.0093125
2.26326e-007	-0.009
2.26826e-007	-0.0086875
2.27326e-007	-0.009
2.27826e-007	-0.0086875
2.28326e-007	-0.00775
2.28826e-007	-0.0080625
2.29326e-007	-0.007125
2.29826e-007	-0.007125
2.30326e-007	-0.00775
2.30826e-007	-0.00775
2.31326e-007	-0.00775
2.31826e-007	-0.0080625
2.32326e-007	-0.008375
2.32826e-007	-0.0080625
2.33326e-007	-0.0080625
2.33826e-007	-0.0086875
2.34326e-007	-0.0086875
2.34826e-007	-0.0086875
2.35326e-007	-0.009
2.35826e-007	-0.0093125
2.36326e-007	-0.0093125
2.36826e-007	-0.0086875
2.37326e-007	-0.0086875
2.37826e-007	-0.0086875
2.38326e-007	-0.0080625
2.38826e-007	-0.0074375
2.39326e-007	-0.007125
2.39826e-007	-0.00775
2.40326e-007	-0.007125
2.40826e-007	-0.0068125
2.41326e-007	-0.007125
2.41826e-007	-0.007125
2.42326e-007	-0.0074375
2.42826e-007	-0.0080625
2.43326e-007	-0.008375
2.43826e-007	-0.0086875
2.44326e-007	-0.008375
2.44826e-007	-0.009
2.45326e-007	-0.009
2.45826e-007	-0.0093125
2.46326e-007	-0.008375
2.46826e-007	-0.008375
2.47326e-007	-0.0086875
2.47826e-007	-0.008375
2.48326e-007	-0.0074375
2.48826e-007	-0.0080625
2.49326e-007	-0.0068125
2.49826e-007	-0.0065
2.50326e-007	-0.0068125
2.50826e-007	-0.007125
2.51326e-007	-0.0068125
2.51826e-007	-0.007125
2.52326e-007	-0.00775
2.52826e-007	-0.00775
2.53326e-007	-0.0080625
2.53826e-007	-0.0080625
2.54326e-007	-0.0080625
2.54826e-007	-0.0086875
2.55326e-007	-0.008375
2.55826e-007	-0.0080625
2.56326e-007	-0.0086875
2.56826e-007	-0.0080625
2.57326e-007	-0.00775
2.57826e-007	-0.0074375
2.58326e-007	-0.00775
2.58826e-007	-0.0074375
2.59326e-007	-0.007125
2.59826e-007	-0.0074375
2.60326e-007	-0.0068125
2.60826e-007	-0.0068125
2.61326e-007	-0.0068125
2.61826e-007	-0.0074375
2.62326e-007	-0.0080625
2.62826e-007	-0.00775
2.63326e-007	-0.0080625
2.63826e-007	-0.0080625
2.64326e-007	-0.00775
2.64826e-007	-0.009
2.65326e-007	-0.0080625
2.65826e-007	-0.00775
2.66326e-007	-0.0074375
2.66826e-007	-0.00775
2.67326e-007	-0.00775
2.67826e-007	-0.0074375
2.68326e-007	-0.007125
2.68826e-007	-0.0068125
2.69326e-007	-0.007125
2.69826e-007	-0.0074375
2.70326e-007	-0.0068125
2.70826e-007	-0.007125
2.71326e-007	-0.0074375
2.71826e-007	-0.0074375
2.72326e-007	-0.0074375
2.72826e-007	-0.0074375
2.73326e-007	-0.0074375
2.73826e-007	-0.0080625
2.74326e-007	-0.0080625
2.74826e-007	-0.00775
2.75326e-007	-0.0074375
2.75826e-007	-0.0074375
2.76326e-007	-0.0074375
2.76826e-007	-0.0074375
2.77326e-007	-0.00775
2.77826e-007	-0.0074375
2.78326e-007	-0.0068125
2.78826e-007	-0.0068125
2.79326e-007	-0.0061875
2.79826e-007	-0.0065
2.80326e-007	-0.0065
2.80826e-007	-0.0061875
2.81326e-007	-0.0068125
2.81826e-007	-0.007125
2.82326e-007	-0.0074375
2.82826e-007	-0.00775
2.83326e-007	-0.0080625
2.83826e-007	-0.00775
2.84326e-007	-0.0074375
2.84826e-007	-0.0080625
2.85326e-007	-0.00775
2.85826e-007	-0.00775
2.86326e-007	-0.007125
2.86826e-007	-0.0068125
2.87326e-007	-0.007125
2.87826e-007	-0.007125
2.88326e-007	-0.0068125
2.88826e-007	-0.0065
2.89326e-007	-0.0061875
2.89826e-007	-0.0068125
2.90326e-007	-0.0061875
2.90826e-007	-0.0068125
2.91326e-007	-0.007125
2.91826e-007	-0.0074375
2.92326e-007	-0.007125
2.92826e-007	-0.007125
2.93326e-007	-0.00775
2.93826e-007	-0.007125
2.94326e-007	-0.0068125
2.94826e-007	-0.0074375
2.95326e-007	-0.007125
2.95826e-007	-0.0068125
2.96326e-007	-0.0068125
2.96826e-007	-0.00775
2.97326e-007	-0.007125
2.97826e-007	-0.0061875
2.98326e-007	-0.0061875
2.98826e-007	-0.0061875
2.99326e-007	-0.0061875
2.99826e-007	-0.0068125
3.00326e-007	-0.005875
3.00826e-007	-0.0065
3.01326e-007	-0.0065
3.01826e-007	-0.0068125
3.02326e-007	-0.0074375
3.02826e-007	-0.007125
3.03326e-007	-0.0068125
3.03826e-007	-0.007125
3.04326e-007	-0.0074375
3.04826e-007	-0.0074375
3.05326e-007	-0.0068125
3.05826e-007	-0.007125
3.06326e-007	-0.0068125
3.06826e-007	-0.007125
3.07326e-007	-0.0068125
3.07826e-007	-0.0068125
3.08326e-007	-0.0068125
3.08826e-007	-0.0065
3.09326e-007	-0.0061875
3.09826e-007	-0.0055625
3.10326e-007	-0.005875
3.10826e-007	-0.0068125
3.11326e-007	-0.0065
3.11826e-007	-0.0068125
3.12326e-007	-0.0068125
3.12826e-007	-0.0065
3.13326e-007	-0.005875
3.13826e-007	-0.0065
3.14326e-007	-0.0065
3.14826e-007	-0.007125
3.15326e-007	-0.0074375
3.15826e-007	-0.0074375
3.16326e-007	-0.007125
3.16826e-007	-0.0068125
3.17326e-007	-0.0061875
3.17826e-007	-0.007125
3.18326e-007	-0.0068125
3.18826e-007	-0.0065
3.19326e-007	-0.0061875
3.19826e-007	-0.005875
3.20326e-007	-0.0055625
3.20826e-007	-0.0061875
3.21326e-007	-0.0068125
3.21826e-007	-0.0061875
3.22326e-007	-0.00525
3.22826e-007	-0.005875
3.23326e-007	-0.0061875
3.23826e-007	-0.0065
3.24326e-007	-0.005875
3.24826e-007	-0.0061875
3.25326e-007	-0.007125
3.25826e-007	-0.0061875
3.26326e-007	-0.0065
3.26826e-007	-0.0068125
3.27326e-007	-0.0068125
3.27826e-007	-0.007125
3.28326e-007	-0.0068125
3.28826e-007	-0.0061875
3.29326e-007	-0.0065
3.29826e-007	-0.0055625
3.30326e-007	-0.005875
3.30826e-007	-0.005875
3.31326e-007	-0.005875
3.31826e-007	-0.0055625
3.32326e-007	-0.00525
3.32826e-007	-0.0055625
3.33326e-007	-0.0049375
3.33826e-007	-0.00525
3.34326e-007	-0.0055625
3.34826e-007	-0.0055625
3.35326e-007	-0.0061875
3.35826e-007	-0.0061875
3.36326e-007	-0.0068125
3.36826e-007	-0.0074375
3.37326e-007	-0.0068125
3.37826e-007	-0.007125
3.38326e-007	-0.007125
3.38826e-007	-0.0074375
3.39326e-007	-0.0074375
3.39826e-007	-0.007125
3.40326e-007	-0.0055625
3.40826e-007	-0.0043125
3.41326e-007	-0.0055625
3.41826e-007	-0.005875
3.42326e-007	-0.0049375
3.42826e-007	-0.0049375
3.43326e-007	-0.0055625
3.43826e-007	-0.0055625
3.44326e-007	-0.005875
3.44826e-007	-0.0061875
3.45326e-007	-0.0055625
3.45826e-007	-0.005875
3.46326e-007	-0.0068125
3.46826e-007	-0.007125
3.47326e-007	-0.0074375
3.47826e-007	-0.00775
3.48326e-007	-0.0061875
3.48826e-007	-0.0068125
3.49326e-007	-0.0068125
3.49826e-007	-0.0061875
3.50326e-007	-0.0065
3.50826e-007	-0.0055625
3.51326e-007	-0.004625
3.51826e-007	-0.0049375
3.52326e-007	-0.0055625
3.52826e-007	-0.0049375
3.53326e-007	-0.0043125
3.53826e-007	-0.0043125
3.54326e-007	-0.0049375
3.54826e-007	-0.00525
3.55326e-007	-0.0055625
3.55826e-007	-0.0055625
3.56326e-007	-0.0065
3.56826e-007	-0.0068125
3.57326e-007	-0.0065
3.57826e-007	-0.0065
3.58326e-007	-0.0068125
3.58826e-007	-0.0065
3.59326e-007	-0.005875
3.59826e-007	-0.0055625
3.60326e-007	-0.0055625
3.60826e-007	-0.005875
3.61326e-007	-0.00525
3.61826e-007	-0.0049375
3.62326e-007	-0.004625
3.62826e-007	-0.004625
3.63326e-007	-0.004625
3.63826e-007	-0.004625
3.64326e-007	-0.0049375
3.64826e-007	-0.00525
3.65326e-007	-0.0055625
3.65826e-007	-0.0055625
3.66326e-007	-0.005875
3.66826e-007	-0.0061875
3.67326e-007	-0.007125
3.67826e-007	-0.0068125
3.68326e-007	-0.0061875
3.68826e-007	-0.0061875
3.69326e-007	-0.0065
3.69826e-007	-0.0065
3.70326e-007	-0.005875
3.70826e-007	-0.004625
3.71326e-007	-0.0049375
3.71826e-007	-0.005875
3.72326e-007	-0.0049375
3.72826e-007	-0.0043125
3.73326e-007	-0.0055625
3.73826e-007	-0.004625
3.74326e-007	-0.00525
3.74826e-007	-0.00525
3.75326e-007	-0.0061875
3.75826e-007	-0.005875
3.76326e-007	-0.005875
3.76826e-007	-0.005875
3.77326e-007	-0.0055625
3.77826e-007	-0.005875
3.78326e-007	-0.005875
3.78826e-007	-0.005875
3.79326e-007	-0.0055625
3.79826e-007	-0.00525
3.80326e-007	-0.0055625
3.80826e-007	-0.0049375
3.81326e-007	-0.0049375
3.81826e-007	-0.0049375
3.82326e-007	-0.004625
3.82826e-007	-0.0043125
3.83326e-007	-0.004625
3.83826e-007	-0.0055625
3.84326e-007	-0.005875
3.84826e-007	-0.005875
3.85326e-007	-0.00525
3.85826e-007	-0.0055625
3.86326e-007	-0.005875
3.86826e-007	-0.0061875
3.87326e-007	-0.00525
3.87826e-007	-0.0049375
3.88326e-007	-0.00525
3.88826e-007	-0.005875
3.89326e-007	-0.00525
3.89826e-007	-0.0049375
3.90326e-007	-0.0043125
3.90826e-007	-0.0043125
3.91326e-007	-0.0049375
3.91826e-007	-0.0049375
3.92326e-007	-0.0043125
3.92826e-007	-0.00525
3.93326e-007	-0.00525
3.93826e-007	-0.0055625
3.94326e-007	-0.0055625
3.94826e-007	-0.0055625
3.95326e-007	-0.0061875
3.95826e-007	-0.0065
3.96326e-007	-0.005875
3.96826e-007	-0.0055625
3.97326e-007	-0.00525
3.97826e-007	-0.0049375
3.98326e-007	-0.004625
3.98826e-007	-0.0049375
3.99326e-007	-0.0049375
3.99826e-007	-0.0043125
4.00326e-007	-0.0043125
4.00826e-007	-0.004
4.01326e-007	-0.0043125
4.01826e-007	-0.004
4.02326e-007	-0.004
4.02826e-007	-0.00525
4.03326e-007	-0.0055625
4.03826e-007	-0.00525
4.04326e-007	-0.0055625
4.04826e-007	-0.005875
4.05326e-007	-0.0055625
4.05826e-007	-0.0055625
4.06326e-007	-0.0055625
4.06826e-007	-0.005875
4.07326e-007	-0.004625
4.07826e-007	-0.004625
4.08326e-007	-0.0043125
4.08826e-007	-0.0043125
4.09326e-007	-0.0036875
4.09826e-007	-0.003375
4.10326e-007	-0.0036875
4.10826e-007	-0.004
4.11326e-007	-0.0036875
4.11826e-007	-0.004
4.12326e-007	-0.0043125
4.12826e-007	-0.004625
4.13326e-007	-0.005875
4.13826e-007	-0.005875
4.14326e-007	-0.0055625
4.14826e-007	-0.005875
4.15326e-007	-0.0061875
4.15826e-007	-0.005875
4.16326e-007	-0.005875
4.16826e-007	-0.0065
4.17326e-007	-0.0055625
4.17826e-007	-0.004625
4.18326e-007	-0.0036875
4.18826e-007	-0.003375
4.19326e-007	-0.0036875
4.19826e-007	-0.0030625
4.20326e-007	-0.0036875
4.20826e-007	-0.0036875
4.21326e-007	-0.003375
4.21826e-007	-0.003375
4.22326e-007	-0.0036875
4.22826e-007	-0.0043125
4.23326e-007	-0.0049375
4.23826e-007	-0.0049375
4.24326e-007	-0.0055625
4.24826e-007	-0.005875
4.25326e-007	-0.0055625
4.25826e-007	-0.0061875
4.26326e-007	-0.0061875
4.26826e-007	-0.0061875
4.27326e-007	-0.00525
4.27826e-007	-0.0043125
4.28326e-007	-0.0043125
4.28826e-007	-0.0043125
4.29326e-007	-0.0043125
4.29826e-007	-0.003375
4.30326e-007	-0.003375
4.30826e-007	-0.0030625
4.31326e-007	-0.002125
4.31826e-007	-0.0030625
4.32326e-007	-0.0043125
4.32826e-007	-0.004625
4.33326e-007	-0.0043125
4.33826e-007	-0.004625
4.34326e-007	-0.0049375
4.34826e-007	-0.00525
4.35326e-007	-0.005875
4.35826e-007	-0.0065
4.36326e-007	-0.0055625
4.36826e-007	-0.0055625
4.37326e-007	-0.0049375
4.37826e-007	-0.004625
4.38326e-007	-0.004625
4.38826e-007	-0.004
4.39326e-007	-0.0030625
4.39826e-007	-0.003375
4.40326e-007	-0.0043125
4.40826e-007	-0.0036875
4.41326e-007	-0.0030625
4.41826e-007	-0.003375
4.42326e-007	-0.004
4.42826e-007	-0.004
4.43326e-007	-0.0043125
4.43826e-007	-0.0036875
4.44326e-007	-0.0036875
4.44826e-007	-0.0043125
4.45326e-007	-0.0055625
4.45826e-007	-0.00525
4.46326e-007	-0.0055625
4.46826e-007	-0.0055625
4.47326e-007	-0.0049375
4.47826e-007	-0.0049375
4.48326e-007	-0.0043125
4.48826e-007	-0.0036875
4.49326e-007	-0.0043125
4.49826e-007	-0.004
4.50326e-007	-0.004
4.50826e-007	-0.0036875
4.51326e-007	-0.0036875
4.51826e-007	-0.003375
4.52326e-007	-0.003375
4.52826e-007	-0.004
4.53326e-007	-0.004
4.53826e-007	-0.004625
4.54326e-007	-0.004625
4.54826e-007	-0.0043125
4.55326e-007	-0.0049375
4.55826e-007	-0.00525
4.56326e-007	-0.004625
4.56826e-007	-0.004625
4.57326e-007	-0.004625
4.57826e-007	-0.0043125
4.58326e-007	-0.004
4.58826e-007	-0.004
4.59326e-007	-0.0043125
4.59826e-007	-0.003375
4.60326e-007	-0.004
4.60826e-007	-0.004
4.61326e-007	-0.0036875
4.61826e-007	-0.003375
4.62326e-007	-0.003375
4.62826e-007	-0.0043125
4.63326e-007	-0.0049375
4.63826e-007	-0.0043125
4.64326e-007	-0.0043125
4.64826e-007	-0.0043125
4.65326e-007	-0.004
4.65826e-007	-0.0036875
4.66326e-007	-0.0049375
4.66826e-007	-0.0043125
4.67326e-007	-0.004
4.67826e-007	-0.004
4.68326e-007	-0.0036875
4.68826e-007	-0.0036875
4.69326e-007	-0.004
4.69826e-007	-0.0036875
4.70326e-007	-0.004
4.70826e-007	-0.0036875
4.71326e-007	-0.0036875
4.71826e-007	-0.003375
4.72326e-007	-0.0043125
4.72826e-007	-0.0049375
4.73326e-007	-0.0043125
4.73826e-007	-0.0043125
4.74326e-007	-0.004
4.74826e-007	-0.004625
4.75326e-007	-0.004625
4.75826e-007	-0.0043125
4.76326e-007	-0.004
4.76826e-007	-0.0043125
4.77326e-007	-0.0043125
4.77826e-007	-0.003375
4.78326e-007	-0.0030625
4.78826e-007	-0.0036875
4.79326e-007	-0.003375
4.79826e-007	-0.0030625
4.80326e-007	-0.00275
4.80826e-007	-0.0036875
4.81326e-007	-0.003375
4.81826e-007	-0.0030625
4.82326e-007	-0.0043125
4.82826e-007	-0.0049375
4.83326e-007	-0.0043125
4.83826e-007	-0.0049375
4.84326e-007	-0.004625
4.84826e-007	-0.0043125
4.85326e-007	-0.0043125
4.85826e-007	-0.0043125
4.86326e-007	-0.004625
4.86826e-007	-0.0043125
4.87326e-007	-0.0036875
4.87826e-007	-0.0030625
4.88326e-007	-0.0024375
4.88826e-007	-0.0024375
4.89326e-007	-0.0024375
4.89826e-007	-0.0024375
4.90326e-007	-0.0030625
4.90826e-007	-0.003375
4.91326e-007	-0.0030625
4.91826e-007	-0.003375
4.92326e-007	-0.0036875
4.92826e-007	-0.004
4.93326e-007	-0.0049375
4.93826e-007	-0.004625
4.94326e-007	-0.004625
4.94826e-007	-0.00525
4.95326e-007	-0.0049375
4.95826e-007	-0.0043125
4.96326e-007	-0.0043125
4.96826e-007	-0.0036875
4.97326e-007	-0.0036875
4.97826e-007	-0.003375
4.98326e-007	-0.0030625
4.98826e-007	-0.00275
4.99326e-007	-0.0024375
4.99826e-007	-0.00275
5.00326e-007	-0.0024375
5.00826e-007	-0.0024375
5.01326e-007	-0.002125
5.01826e-007	-0.0030625
5.02326e-007	-0.004
5.02826e-007	-0.0036875
5.03326e-007	-0.004
5.03826e-007	-0.0049375
5.04326e-007	-0.004625
5.04826e-007	-0.0049375
5.05326e-007	-0.004625
5.05826e-007	-0.0049375
5.06326e-007	-0.0049375
5.06826e-007	-0.004625
5.07326e-007	-0.0036875
5.07826e-007	-0.003375
5.08326e-007	-0.0030625
5.08826e-007	-0.0024375
5.09326e-007	-0.0024375
5.09826e-007	-0.0030625
5.10326e-007	-0.002125
5.10826e-007	-0.0024375
5.11326e-007	-0.0024375
5.11826e-007	-0.0024375
5.12326e-007	-0.003375
5.12826e-007	-0.0036875
5.13326e-007	-0.0043125
5.13826e-007	-0.004
5.14326e-007	-0.0043125
5.14826e-007	-0.00525
5.15326e-007	-0.0049375
5.15826e-007	-0.004625
5.16326e-007	-0.004625
5.16826e-007	-0.004625
5.17326e-007	-0.004625
5.17826e-007	-0.0036875
5.18326e-007	-0.003375
5.18826e-007	-0.0030625
5.19326e-007	-0.0030625
5.19826e-007	-0.0024375
5.20326e-007	-0.0018125
5.20826e-007	-0.0018125
5.21326e-007	-0.0018125
5.21826e-007	-0.002125
5.22326e-007	-0.003375
5.22826e-007	-0.0030625
5.23326e-007	-0.0036875
5.23826e-007	-0.004625
5.24326e-007	-0.004625
5.24826e-007	-0.004625
5.25326e-007	-0.00525
5.25826e-007	-0.0055625
5.26326e-007	-0.004625
5.26826e-007	-0.0043125
5.27326e-007	-0.004625
5.27826e-007	-0.0043125
5.28326e-007	-0.0036875
5.28826e-007	-0.00275
5.29326e-007	-0.002125
5.29826e-007	-0.0024375
5.30326e-007	-0.0018125
5.30826e-007	-0.0018125
5.31326e-007	-0.0018125
5.31826e-007	-0.0024375
5.32326e-007	-0.0030625
5.32826e-007	-0.0030625
5.33326e-007	-0.0036875
5.33826e-007	-0.004625
5.34326e-007	-0.0049375
5.34826e-007	-0.004
5.35326e-007	-0.004625
5.35826e-007	-0.00525
5.36326e-007	-0.0055625
5.36826e-007	-0.0043125
5.37326e-007	-0.004
5.37826e-007	-0.004
5.38326e-007	-0.003375
5.38826e-007	-0.0024375
5.39326e-007	-0.00275
5.39826e-007	-0.0024375
5.40326e-007	-0.002125
5.40826e-007	-0.002125
5.41326e-007	-0.0015
5.41826e-007	-0.0018125
5.42326e-007	-0.002125
5.42826e-007	-0.0036875
5.43326e-007	-0.004
5.43826e-007	-0.003375
5.44326e-007	-0.0043125
5.44826e-007	-0.0043125
5.45326e-007	-0.004625
5.45826e-007	-0.00525
5.46326e-007	-0.0043125
5.46826e-007	-0.004625
5.47326e-007	-0.004625
5.47826e-007	-0.0036875
5.48326e-007	-0.0030625
5.48826e-007	-0.0024375
5.49326e-007	-0.002125
5.49826e-007	-0.002125
5.50326e-007	-0.0018125
5.50826e-007	-0.0011875
5.51326e-007	-0.0018125
5.51826e-007	-0.0024375
5.52326e-007	-0.0024375
5.52826e-007	-0.00275
5.53326e-007	-0.003375
5.53826e-007	-0.003375
5.54326e-007	-0.0036875
5.54826e-007	-0.004625
5.55326e-007	-0.004625
5.55826e-007	-0.0043125
5.56326e-007	-0.0049375
5.56826e-007	-0.0049375
5.57326e-007	-0.0043125
5.57826e-007	-0.0036875
5.58326e-007	-0.0030625
5.58826e-007	-0.0024375
5.59326e-007	-0.002125
5.59826e-007	-0.0015
5.60326e-007	-0.0018125
5.60826e-007	-0.0018125
5.61326e-007	-0.0018125
5.61826e-007	-0.0018125
5.62326e-007	-0.0018125
5.62826e-007	-0.00275
5.63326e-007	-0.0036875
5.63826e-007	-0.004625
5.64326e-007	-0.004625
5.64826e-007	-0.004625
5.65326e-007	-0.0049375
5.65826e-007	-0.0049375
5.66326e-007	-0.0049375
5.66826e-007	-0.004
5.67326e-007	-0.0030625
5.67826e-007	-0.0036875
5.68326e-007	-0.0036875
5.68826e-007	-0.00275
5.69326e-007	-0.0018125
5.69826e-007	-0.0018125
5.70326e-007	-0.0018125
5.70826e-007	-0.0018125
5.71326e-007	-0.0015
5.71826e-007	-0.002125
5.72326e-007	-0.00275
5.72826e-007	-0.0024375
5.73326e-007	-0.0024375
5.73826e-007	-0.003375
5.74326e-007	-0.0043125
5.74826e-007	-0.0049375
5.75326e-007	-0.0049375
5.75826e-007	-0.004625
5.76326e-007	-0.004625
5.76826e-007	-0.0043125
5.77326e-007	-0.004
5.77826e-007	-0.0030625
5.78326e-007	-0.00275
5.78826e-007	-0.0024375
5.79326e-007	-0.002125
5.79826e-007	-0.0015
5.80326e-007	-0.0011875
5.80826e-007	-0.0011875
5.81326e-007	-0.0011875
5.81826e-007	-0.0018125
5.82326e-007	-0.0018125
5.82826e-007	-0.0024375
5.83326e-007	-0.003375
5.83826e-007	-0.003375
5.84326e-007	-0.0043125
5.84826e-007	-0.004
5.85326e-007	-0.0043125
5.85826e-007	-0.0043125
5.86326e-007	-0.0043125
5.86826e-007	-0.004
5.87326e-007	-0.0030625
5.87826e-007	-0.003375
5.88326e-007	-0.003375
5.88826e-007	-0.0024375
5.89326e-007	-0.002125
5.89826e-007	-0.0015
5.90326e-007	-0.0011875
5.90826e-007	-0.0018125
5.91326e-007	-0.0018125
5.91826e-007	-0.0024375
5.92326e-007	-0.0015
5.92826e-007	-0.0024375
5.93326e-007	-0.003375
5.93826e-007	-0.0030625
5.94326e-007	-0.004
5.94826e-007	-0.004625
5.95326e-007	-0.0043125
5.95826e-007	-0.004
5.96326e-007	-0.0036875
5.96826e-007	-0.004
5.97326e-007	-0.004
5.97826e-007	-0.0030625
5.98326e-007	-0.0030625
5.98826e-007	-0.00275
5.99326e-007	-0.002125
5.99826e-007	-0.002125
6.00326e-007	-0.0018125
6.00826e-007	-0.0018125
6.01326e-007	-0.0011875
6.01826e-007	-0.0018125
6.02326e-007	-0.002125
6.02826e-007	-0.002125
6.03326e-007	-0.003375
6.03826e-007	-0.004
6.04326e-007	-0.004
6.04826e-007	-0.0030625
6.05326e-007	-0.003375
6.05826e-007	-0.0036875
6.06326e-007	-0.004
6.06826e-007	-0.0043125
6.07326e-007	-0.0036875
6.07826e-007	-0.00275
6.08326e-007	-0.0030625
6.08826e-007	-0.00275
6.09326e-007	-0.0018125
6.09826e-007	-0.0015
6.10326e-007	-0.0018125
6.10826e-007	-0.0018125
6.11326e-007	-0.0011875
6.11826e-007	-0.002125
6.12326e-007	-0.0024375
6.12826e-007	-0.00275
6.13326e-007	-0.0030625
6.13826e-007	-0.00275
6.14326e-007	-0.00275
6.14826e-007	-0.003375
6.15326e-007	-0.0036875
6.15826e-007	-0.0036875
6.16326e-007	-0.0030625
6.16826e-007	-0.003375
6.17326e-007	-0.0030625
6.17826e-007	-0.0030625
6.18326e-007	-0.00275
6.18826e-007	-0.0024375
6.19326e-007	-0.0030625
6.19826e-007	-0.002125
6.20326e-007	-0.0018125
6.20826e-007	-0.002125
6.21326e-007	-0.0018125
6.21826e-007	-0.0024375
6.22326e-007	-0.0024375
6.22826e-007	-0.0015
6.23326e-007	-0.0024375
6.23826e-007	-0.0030625
6.24326e-007	-0.00275
6.24826e-007	-0.0024375
6.25326e-007	-0.0030625
6.25826e-007	-0.0030625
6.26326e-007	-0.0030625
6.26826e-007	-0.0030625
6.27326e-007	-0.0030625
6.27826e-007	-0.0030625
6.28326e-007	-0.0024375
6.28826e-007	-0.0024375
6.29326e-007	-0.002125
6.29826e-007	-0.002125
6.30326e-007	-0.0024375
6.30826e-007	-0.00275
6.31326e-007	-0.002125
6.31826e-007	-0.002125
6.32326e-007	-0.002125
6.32826e-007	-0.0024375
6.33326e-007	-0.00275
6.33826e-007	-0.0024375
6.34326e-007	-0.002125
6.34826e-007	-0.002125
6.35326e-007	-0.0024375
6.35826e-007	-0.002125
6.36326e-007	-0.002125
6.36826e-007	-0.00275
6.37326e-007	-0.00275
6.37826e-007	-0.00275
6.38326e-007	-0.0024375
6.38826e-007	-0.0024375
6.39326e-007	-0.0024375
6.39826e-007	-0.002125
6.40326e-007	-0.002125
6.40826e-007	-0.0024375
6.41326e-007	-0.0030625
6.41826e-007	-0.0024375
6.42326e-007	-0.002125
6.42826e-007	-0.0024375
6.43326e-007	-0.002125
6.43826e-007	-0.0015
6.44326e-007	-0.0015
6.44826e-007	-0.0024375
6.45326e-007	-0.00275
6.45826e-007	-0.0024375
6.46326e-007	-0.002125
6.46826e-007	-0.00275
6.47326e-007	-0.003375
6.47826e-007	-0.0030625
6.48326e-007	-0.002125
6.48826e-007	-0.0030625
6.49326e-007	-0.0030625
6.49826e-007	-0.002125
6.50326e-007	-0.0024375
6.50826e-007	-0.0030625
6.51326e-007	-0.0024375
6.51826e-007	-0.0024375
6.52326e-007	-0.0018125
6.52826e-007	-0.002125
6.53326e-007	-0.002125
6.53826e-007	-0.0024375
6.54326e-007	-0.0024375
6.54826e-007	-0.002125
6.55326e-007	-0.0018125
6.55826e-007	-0.0024375
6.56326e-007	-0.0030625
6.56826e-007	-0.00275
6.57326e-007	-0.003375
6.57826e-007	-0.0036875
6.58326e-007	-0.0030625
6.58826e-007	-0.00275
6.59326e-007	-0.0030625
6.59826e-007	-0.00275
6.60326e-007	-0.00275
6.60826e-007	-0.0024375
6.61326e-007	-0.0024375
6.61826e-007	-0.002125
6.62326e-007	-0.0018125
6.62826e-007	-0.0024375
6.63326e-007	-0.0015
6.63826e-007	-0.0011875
6.64326e-007	-0.0011875
6.64826e-007	-0.0018125
6.65326e-007	-0.0018125
6.65826e-007	-0.002125
6.66326e-007	-0.002125
6.66826e-007	-0.00275
6.67326e-007	-0.003375
6.67826e-007	-0.0030625
6.68326e-007	-0.002125
6.68826e-007	-0.0030625
6.69326e-007	-0.0036875
6.69826e-007	-0.0030625
6.70326e-007	-0.00275
6.70826e-007	-0.00275
6.71326e-007	-0.0024375
6.71826e-007	-0.0024375
6.72326e-007	-0.0011875
6.72826e-007	-0.0015
6.73326e-007	-0.000875
6.73826e-007	-0.000875
6.74326e-007	-0.0005625
6.74826e-007	-0.0015
6.75326e-007	-0.0024375
6.75826e-007	-0.0024375
6.76326e-007	-0.0024375
6.76826e-007	-0.0030625
6.77326e-007	-0.0030625
6.77826e-007	-0.003375
6.78326e-007	-0.0030625
6.78826e-007	-0.0036875
6.79326e-007	-0.003375
6.79826e-007	-0.00275
6.80326e-007	-0.0024375
6.80826e-007	-0.0018125
6.81326e-007	-0.0018125
6.81826e-007	-0.0018125
6.82326e-007	-0.0018125
6.82826e-007	-0.0011875
6.83326e-007	6.25e-005
6.83826e-007	6.25e-005
6.84326e-007	-0.000875
6.84826e-007	-0.0015
6.85326e-007	-0.002125
6.85826e-007	-0.002125
6.86326e-007	-0.003375
6.86826e-007	-0.0030625
6.87326e-007	-0.003375
6.87826e-007	-0.0036875
6.88326e-007	-0.003375
6.88826e-007	-0.0036875
6.89326e-007	-0.0036875
6.89826e-007	-0.00275
6.90326e-007	-0.00275
6.90826e-007	-0.0024375
6.91326e-007	-0.0015
6.91826e-007	-0.0011875
6.92326e-007	-0.000875
6.92826e-007	-0.0015
6.93326e-007	-0.0005625
6.93826e-007	-0.0005625
6.94326e-007	6.25e-005
6.94826e-007	-0.0005625
6.95326e-007	-0.0024375
6.95826e-007	-0.0024375
6.96326e-007	-0.002125
6.96826e-007	-0.00275
6.97326e-007	-0.0036875
6.97826e-007	-0.0036875
6.98326e-007	-0.0036875
6.98826e-007	-0.0043125
6.99326e-007	-0.003375
6.99826e-007	-0.003375
7.00326e-007	-0.0024375
7.00826e-007	-0.00275
7.01326e-007	-0.0024375
7.01826e-007	-0.0015
7.02326e-007	-0.0011875
7.02826e-007	-0.000875
7.03326e-007	-0.000875
7.03826e-007	-0.0005625
7.04326e-007	6.25e-005
7.04826e-007	-0.000875
7.05326e-007	-0.0015
7.05826e-007	-0.0015
7.06326e-007	-0.0024375
7.06826e-007	-0.0030625
7.07326e-007	-0.0030625
7.07826e-007	-0.0030625
7.08326e-007	-0.0036875
7.08826e-007	-0.003375
7.09326e-007	-0.0036875
7.09826e-007	-0.003375
7.10326e-007	-0.00275
7.10826e-007	-0.0024375
7.11326e-007	-0.0015
7.11826e-007	-0.000875
7.12326e-007	-0.0005625
7.12826e-007	-0.0011875
7.13326e-007	-0.0005625
7.13826e-007	-0.000875
7.14326e-007	-0.0005625
7.14826e-007	-0.0015
7.15326e-007	-0.0005625
7.15826e-007	-0.0015
7.16326e-007	-0.0024375
7.16826e-007	-0.00275
7.17326e-007	-0.0024375
7.17826e-007	-0.0030625
7.18326e-007	-0.0036875
7.18826e-007	-0.0030625
7.19326e-007	-0.0030625
7.19826e-007	-0.0036875
7.20326e-007	-0.00275
7.20826e-007	-0.0024375
7.21326e-007	-0.0015
7.21826e-007	-0.0011875
7.22326e-007	-0.0011875
7.22826e-007	-0.0011875
7.23326e-007	-0.0011875
7.23826e-007	-0.0015
7.24326e-007	-0.0011875
7.24826e-007	-0.000875
7.25326e-007	-0.0015
7.25826e-007	-0.0018125
7.26326e-007	-0.0018125
7.26826e-007	-0.0024375
7.27326e-007	-0.0024375
7.27826e-007	-0.002125
7.28326e-007	-0.0024375
7.28826e-007	-0.00275
7.29326e-007	-0.0030625
7.29826e-007	-0.0024375
7.30326e-007	-0.0024375
7.30826e-007	-0.00275
7.31326e-007	-0.0024375
7.31826e-007	-0.0018125
7.32326e-007	-0.002125
7.32826e-007	-0.002125
7.33326e-007	-0.0018125
7.33826e-007	-0.0011875
7.34326e-007	-0.0011875
7.34826e-007	-0.0018125
7.35326e-007	-0.0024375
7.35826e-007	-0.002125
7.36326e-007	-0.000875
7.36826e-007	-0.0011875
7.37326e-007	-0.0018125
7.37826e-007	-0.0018125
7.38326e-007	-0.0011875
7.38826e-007	-0.002125
7.39326e-007	-0.0024375
7.39826e-007	-0.0018125
7.40326e-007	-0.002125
7.40826e-007	-0.002125
7.41326e-007	-0.0015
7.41826e-007	-0.0015
7.42326e-007	-0.002125
7.42826e-007	-0.0024375
7.43326e-007	-0.0018125
7.43826e-007	-0.002125
7.44326e-007	-0.0018125
7.44826e-007	-0.002125
7.45326e-007	-0.0011875
7.45826e-007	-0.0011875
7.46326e-007	-0.002125
7.46826e-007	-0.0018125
7.47326e-007	-0.0011875
7.47826e-007	-0.0011875
7.48326e-007	-0.0011875
7.48826e-007	-0.0018125
7.49326e-007	-0.0015
7.49826e-007	-0.0018125
7.50326e-007	-0.0018125
7.50826e-007	-0.0018125
7.51326e-007	-0.0018125
7.51826e-007	-0.002125
7.52326e-007	-0.0018125
7.52826e-007	-0.002125
7.53326e-007	-0.002125
7.53826e-007	-0.0024375
7.54326e-007	-0.0018125
7.54826e-007	-0.0018125
7.55326e-007	-0.0018125
7.55826e-007	-0.0011875
7.56326e-007	-0.0011875
7.56826e-007	-0.000875
7.57326e-007	-0.000875
7.57826e-007	-0.0011875
7.58326e-007	-0.000875
7.58826e-007	-0.0018125
7.59326e-007	-0.0018125
7.59826e-007	-0.0018125
7.60326e-007	-0.002125
7.60826e-007	-0.0030625
7.61326e-007	-0.0024375
7.61826e-007	-0.0018125
7.62326e-007	-0.0018125
7.62826e-007	-0.00275
7.63326e-007	-0.00275
7.63826e-007	-0.0024375
7.64326e-007	-0.0011875
7.64826e-007	-0.002125
7.65326e-007	-0.0015
7.65826e-007	-0.000875
7.66326e-007	-0.0005625
7.66826e-007	-0.0005625
7.67326e-007	-0.000875
7.67826e-007	-0.00025
7.68326e-007	-0.0005625
7.68826e-007	-0.0018125
7.69326e-007	-0.0024375
7.69826e-007	-0.002125
7.70326e-007	-0.002125
7.70826e-007	-0.002125
7.71326e-007	-0.00275
7.71826e-007	-0.00275
7.72326e-007	-0.003375
7.72826e-007	-0.0024375
7.73326e-007	-0.0018125
7.73826e-007	-0.0024375
7.74326e-007	-0.0018125
7.74826e-007	-0.0015
7.75326e-007	-0.0011875
7.75826e-007	-0.000875
7.76326e-007	-0.000875
7.76826e-007	-0.000875
7.77326e-007	-0.0005625
7.77826e-007	-0.0005625
7.78326e-007	-0.0015
7.78826e-007	-0.0015
7.79326e-007	-0.0018125
7.79826e-007	-0.002125
7.80326e-007	-0.0024375
7.80826e-007	-0.0030625
7.81326e-007	-0.00275
7.81826e-007	-0.0030625
7.82326e-007	-0.0030625
7.82826e-007	-0.0024375
7.83326e-007	-0.0018125
7.83826e-007	-0.0018125
7.84326e-007	-0.0011875
7.84826e-007	-0.0011875
7.85326e-007	-0.00025
7.85826e-007	-0.00025
7.86326e-007	0.000375
7.86826e-007	-0.00025
7.87326e-007	-0.000875
7.87826e-007	-0.0005625
7.88326e-007	-0.0005625
7.88826e-007	-0.0011875
7.89326e-007	-0.002125
7.89826e-007	-0.0024375
7.90326e-007	-0.0030625
7.90826e-007	-0.0036875
7.91326e-007	-0.00275
7.91826e-007	-0.00275
7.92326e-007	-0.0030625
7.92826e-007	-0.002125
7.93326e-007	-0.002125
7.93826e-007	-0.0011875
7.94326e-007	-0.00025
7.94826e-007	-0.000875
7.95326e-007	-0.00025
7.95826e-007	0.0006875
7.96326e-007	0.0006875
7.96826e-007	0.000375
7.97326e-007	6.25e-005
7.97826e-007	-0.00025
7.98326e-007	-0.0015
7.98826e-007	-0.0024375
7.99326e-007	-0.0030625
7.99826e-007	-0.0030625
8.00326e-007	-0.0030625
8.00826e-007	-0.0030625
8.01326e-007	-0.003375
8.01826e-007	-0.004
8.02326e-007	-0.0030625
8.02826e-007	-0.002125
8.03326e-007	-0.002125
8.03826e-007	-0.000875
8.04326e-007	6.25e-005
8.04826e-007	6.25e-005
8.05326e-007	0.0006875
8.05826e-007	0.0013125
8.06326e-007	0.0013125
8.06826e-007	6.25e-005
8.07326e-007	-0.0005625
8.07826e-007	-0.000875
8.08326e-007	-0.000875
8.08826e-007	-0.0018125
8.09326e-007	-0.0030625
8.09826e-007	-0.0036875
8.10326e-007	-0.004
8.10826e-007	-0.004
8.11326e-007	-0.0036875
8.11826e-007	-0.0036875
8.12326e-007	-0.0030625
8.12826e-007	-0.0024375
8.13326e-007	-0.0011875
8.13826e-007	-0.0005625
8.14326e-007	6.25e-005
8.14826e-007	0.000375
8.15326e-007	0.000375
8.15826e-007	0.0006875
8.16326e-007	0.0013125
8.16826e-007	0.0006875
8.17326e-007	-0.000875
8.17826e-007	-0.0005625
8.18326e-007	-0.0011875
8.18826e-007	-0.0024375
8.19326e-007	-0.0030625
8.19826e-007	-0.00275
8.20326e-007	-0.0043125
8.20826e-007	-0.004625
8.21326e-007	-0.00275
8.21826e-007	-0.0024375
8.22326e-007	-0.0030625
8.22826e-007	-0.0030625
8.23326e-007	-0.0011875
8.23826e-007	6.25e-005
8.24326e-007	-0.00025
8.24826e-007	0.001
8.25326e-007	0.0019375
8.25826e-007	0.0013125
8.26326e-007	0.0006875
8.26826e-007	6.25e-005
8.27326e-007	-0.00025
8.27826e-007	-0.000875
8.28326e-007	-0.0011875
8.28826e-007	-0.002125
8.29326e-007	-0.003375
8.29826e-007	-0.0036875
8.30326e-007	-0.0036875
8.30826e-007	-0.004
8.31326e-007	-0.003375
8.31826e-007	-0.0030625
8.32326e-007	-0.0024375
8.32826e-007	-0.0018125
8.33326e-007	-0.0015
8.33826e-007	-0.000875
8.34326e-007	6.25e-005
8.34826e-007	0.0006875
8.35326e-007	0.001
8.35826e-007	0.001
8.36326e-007	0.0006875
8.36826e-007	6.25e-005
8.37326e-007	-0.00025
8.37826e-007	-0.0011875
8.38326e-007	-0.0018125
8.38826e-007	-0.0015
8.39326e-007	-0.00275
8.39826e-007	-0.00275
8.40326e-007	-0.0036875
8.40826e-007	-0.0036875
8.41326e-007	-0.003375
8.41826e-007	-0.0030625
8.42326e-007	-0.0024375
8.42826e-007	-0.0015
8.43326e-007	-0.000875
8.43826e-007	-0.00025
8.44326e-007	6.25e-005
8.44826e-007	0.000375
8.45326e-007	0.000375
8.45826e-007	0.0006875
8.46326e-007	0.0006875
8.46826e-007	-0.0005625
8.47326e-007	-0.0011875
8.47826e-007	-0.002125
8.48326e-007	-0.0018125
8.48826e-007	-0.0018125
8.49326e-007	-0.0030625
8.49826e-007	-0.003375
8.50326e-007	-0.00275
8.50826e-007	-0.00275
8.51326e-007	-0.0024375
8.51826e-007	-0.002125
8.52326e-007	-0.000875
8.52826e-007	-0.0018125
8.53326e-007	-0.0015
8.53826e-007	6.25e-005
8.54326e-007	0.000375
8.54826e-007	0.000375
8.55326e-007	6.25e-005
8.55826e-007	6.25e-005
8.56326e-007	0.000375
8.56826e-007	-0.0005625
8.57326e-007	-0.000875
8.57826e-007	-0.0015
8.58326e-007	-0.0018125
8.58826e-007	-0.002125
8.59326e-007	-0.0030625
8.59826e-007	-0.00275
8.60326e-007	-0.0030625
8.60826e-007	-0.0024375
8.61326e-007	-0.002125
8.61826e-007	-0.00275
8.62326e-007	-0.0011875
8.62826e-007	-0.000875
8.63326e-007	-0.0011875
8.63826e-007	-0.00025
8.64326e-007	0.000375
8.64826e-007	0.0006875
8.65326e-007	6.25e-005
8.65826e-007	6.25e-005
8.66326e-007	-0.0005625
8.66826e-007	-0.000875
8.67326e-007	-0.000875
8.67826e-007	-0.0018125
8.68326e-007	-0.0015
8.68826e-007	-0.0018125
8.69326e-007	-0.0024375
8.69826e-007	-0.0024375
8.70326e-007	-0.0024375
8.70826e-007	-0.00275
8.71326e-007	-0.0024375
8.71826e-007	-0.0018125
8.72326e-007	-0.0011875
8.72826e-007	-0.0011875
8.73326e-007	-0.0005625
8.73826e-007	-0.00025
8.74326e-007	-0.0005625
8.74826e-007	-0.000875
8.75326e-007	-0.00025
8.75826e-007	0.000375
8.76326e-007	6.25e-005
8.76826e-007	-0.0005625
8.77326e-007	-0.000875
8.77826e-007	-0.0018125
8.78326e-007	-0.002125
8.78826e-007	-0.0024375
8.79326e-007	-0.002125
8.79826e-007	-0.0015
8.80326e-007	-0.0015
8.80826e-007	-0.0024375
8.81326e-007	-0.0024375
8.81826e-007	-0.0024375
8.82326e-007	-0.002125
8.82826e-007	-0.0024375
8.83326e-007	-0.0011875
8.83826e-007	-0.0011875
8.84326e-007	-0.0015
8.84826e-007	-0.0011875
8.85326e-007	-0.000875
8.85826e-007	6.25e-005
8.86326e-007	-0.0005625
8.86826e-007	-0.0005625
8.87326e-007	-0.0005625
8.87826e-007	-0.0005625
8.88326e-007	-0.0005625
8.88826e-007	-0.000875
8.89326e-007	-0.0018125
8.89826e-007	-0.002125
8.90326e-007	-0.0030625
8.90826e-007	-0.00275
8.91326e-007	-0.0024375
8.91826e-007	-0.0024375
8.92326e-007	-0.002125
8.92826e-007	-0.0024375
8.93326e-007	-0.0018125
8.93826e-007	-0.002125
8.94326e-007	-0.0011875
8.94826e-007	-0.00025
8.95326e-007	-0.00025
8.95826e-007	6.25e-005
8.96326e-007	-0.0005625
8.96826e-007	-0.0005625
8.97326e-007	6.25e-005
8.97826e-007	-0.0005625
8.98326e-007	-0.000875
8.98826e-007	-0.0015
8.99326e-007	-0.0011875
8.99826e-007	-0.0015
9.00326e-007	-0.0018125
9.00826e-007	-0.0024375
9.01326e-007	-0.00275
9.01826e-007	-0.00275
9.02326e-007	-0.0030625
9.02826e-007	-0.00275
9.03326e-007	-0.002125
9.03826e-007	-0.0024375
9.04326e-007	-0.0015
9.04826e-007	-0.0005625
9.05326e-007	6.25e-005
9.05826e-007	0.000375
9.06326e-007	6.25e-005
9.06826e-007	0.000375
9.07326e-007	0.000375
9.07826e-007	6.25e-005
9.08326e-007	-0.00025
9.08826e-007	-0.00025
9.09326e-007	-0.0005625
9.09826e-007	-0.0011875
9.10326e-007	-0.0024375
9.10826e-007	-0.0024375
9.11326e-007	-0.0030625
9.11826e-007	-0.003375
9.12326e-007	-0.0036875
9.12826e-007	-0.0030625
9.13326e-007	-0.0018125
9.13826e-007	-0.0018125
9.14326e-007	-0.000875
9.14826e-007	-0.0011875
9.15326e-007	-0.0005625
9.15826e-007	0.001
9.16326e-007	0.0006875
9.16826e-007	0.001
9.17326e-007	0.001625
9.17826e-007	0.0013125
9.18326e-007	0.0006875
9.18826e-007	-0.00025
9.19326e-007	-0.0005625
9.19826e-007	-0.0011875
9.20326e-007	-0.0018125
9.20826e-007	-0.002125
9.21326e-007	-0.00275
9.21826e-007	-0.0030625
9.22326e-007	-0.0036875
9.22826e-007	-0.003375
9.23326e-007	-0.002125
9.23826e-007	-0.002125
9.24326e-007	-0.0018125
9.24826e-007	-0.0015
9.25326e-007	-0.00025
9.25826e-007	0.000375
9.26326e-007	-0.00025
9.26826e-007	0.001
9.27326e-007	0.0013125
9.27826e-007	0.001
9.28326e-007	0.001
9.28826e-007	0.0006875
9.29326e-007	6.25e-005
9.29826e-007	-0.0018125
9.30326e-007	-0.0018125
9.30826e-007	-0.0018125
9.31326e-007	-0.0030625
9.31826e-007	-0.003375
9.32326e-007	-0.003375
9.32826e-007	-0.0030625
9.33326e-007	-0.0024375
9.33826e-007	-0.0024375
9.34326e-007	-0.0015
9.34826e-007	-0.0005625
9.35326e-007	6.25e-005
9.35826e-007	6.25e-005
9.36326e-007	6.25e-005
9.36826e-007	0.0006875
9.37326e-007	0.0006875
9.37826e-007	0.0006875
9.38326e-007	0.0013125
9.38826e-007	0.000375
9.39326e-007	-0.00025
9.39826e-007	-0.0015
9.40326e-007	-0.002125
9.40826e-007	-0.0024375
9.41326e-007	-0.0030625
9.41826e-007	-0.0030625
9.42326e-007	-0.0036875
9.42826e-007	-0.0036875
9.43326e-007	-0.0030625
9.43826e-007	-0.0024375
9.44326e-007	-0.0018125
9.44826e-007	-0.0011875
9.45326e-007	0.0006875
9.45826e-007	0.0006875
9.46326e-007	6.25e-005
9.46826e-007	0.0006875
9.47326e-007	0.001
9.47826e-007	0.000375
9.48326e-007	6.25e-005
9.48826e-007	-0.0005625
9.49326e-007	-0.00025
9.49826e-007	-0.0015
9.50326e-007	-0.00275
9.50826e-007	-0.002125
9.51326e-007	-0.0024375
9.51826e-007	-0.003375
9.52326e-007	-0.0030625
9.52826e-007	-0.0030625
9.53326e-007	-0.0024375
9.53826e-007	-0.0024375
9.54326e-007	-0.0011875
9.54826e-007	-0.0005625
9.55326e-007	-0.00025
9.55826e-007	6.25e-005
9.56326e-007	0.000375
9.56826e-007	0.001
9.57326e-007	0.001
9.57826e-007	0.001
9.58326e-007	0.000375
9.58826e-007	-0.000875
9.59326e-007	-0.0015
9.59826e-007	-0.0018125
9.60326e-007	-0.002125
9.60826e-007	-0.0024375
9.61326e-007	-0.00275
9.61826e-007	-0.0024375
9.62326e-007	-0.0030625
9.62826e-007	-0.0024375
9.63326e-007	-0.002125
9.63826e-007	-0.002125
9.64326e-007	-0.0015
9.64826e-007	-0.00025
9.65326e-007	6.25e-005
9.65826e-007	0.0006875
9.66326e-007	0.000375
9.66826e-007	6.25e-005
9.67326e-007	6.25e-005
9.67826e-007	6.25e-005
9.68326e-007	-0.0005625
9.68826e-007	-0.000875
9.69326e-007	-0.0011875
9.69826e-007	-0.0015
9.70326e-007	-0.0024375
9.70826e-007	-0.0024375
9.71326e-007	-0.0024375
9.71826e-007	-0.00275
9.72326e-007	-0.002125
9.72826e-007	-0.002125
9.73326e-007	-0.0018125
9.73826e-007	-0.0018125
9.74326e-007	-0.0015
9.74826e-007	-0.0015
9.75326e-007	-0.000875
9.75826e-007	6.25e-005
9.76326e-007	0.001
9.76826e-007	-0.00025
9.77326e-007	6.25e-005
9.77826e-007	-0.0005625
9.78326e-007	-0.0005625
9.78826e-007	-0.0005625
9.79326e-007	-0.0011875
9.79826e-007	-0.0018125
9.80326e-007	-0.0018125
9.80826e-007	-0.002125
9.81326e-007	-0.0024375
9.81826e-007	-0.002125
9.82326e-007	-0.002125
9.82826e-007	-0.0018125
9.83326e-007	-0.0018125
9.83826e-007	-0.0018125
9.84326e-007	-0.000875
9.84826e-007	-0.0005625
9.85326e-007	-0.000875
9.85826e-007	-0.000875
9.86326e-007	-0.00025
9.86826e-007	-0.0005625
9.87326e-007	-0.0005625
9.87826e-007	-0.00025
9.88326e-007	-0.00025
9.88826e-007	-0.0005625
9.89326e-007	-0.000875
9.89826e-007	-0.0015
9.90326e-007	-0.0018125
9.90826e-007	-0.002125
9.91326e-007	-0.002125
9.91826e-007	-0.0018125
9.92326e-007	-0.002125
9.92826e-007	-0.0018125
9.93326e-007	-0.0011875
9.93826e-007	-0.0011875
9.94326e-007	-0.0011875
9.94826e-007	-0.0018125
9.95326e-007	-0.0011875
9.95826e-007	-0.0011875
9.96326e-007	-0.000875
9.96826e-007	-0.000875
9.97326e-007	-0.00025
9.97826e-007	-0.0005625
9.98326e-007	-0.000875
9.98826e-007	-0.0011875
9.99326e-007	-0.0011875
9.99826e-007	-0.0015
1.000326e-006	-0.0011875
1.000826e-006	-0.0011875
1.001326e-006	-0.0011875
1.001826e-006	-0.0018125
1.002326e-006	-0.0011875
1.002826e-006	-0.0018125
1.003326e-006	-0.002125
1.003826e-006	-0.002125
1.004326e-006	-0.0015
1.004826e-006	-0.0011875
1.005326e-006	-0.0011875
1.005826e-006	-0.0015
1.006326e-006	-0.0018125
1.006826e-006	-0.0011875
1.007326e-006	-0.0005625
1.007826e-006	-0.000875
1.008326e-006	-0.000875
1.008826e-006	6.25e-005
1.009326e-006	-0.0005625
1.009826e-006	-0.0011875
1.010326e-006	-0.0005625
1.010826e-006	-0.0005625
1.011326e-006	-0.0005625
1.011826e-006	-0.0015
1.012326e-006	-0.002125
1.012826e-006	-0.0015
1.013326e-006	-0.0011875
1.013826e-006	-0.0015
1.014326e-006	-0.0018125
1.014826e-006	-0.0011875
1.015326e-006	-0.0011875
1.015826e-006	-0.0024375
1.016326e-006	-0.0011875
1.016826e-006	-0.0011875
1.017326e-006	-0.000875
1.017826e-006	-0.0011875
1.018326e-006	-0.0011875
1.018826e-006	-0.0005625
1.019326e-006	-0.000875
1.019826e-006	-0.0005625
1.020326e-006	-0.00025
1.020826e-006	-0.00025
1.021326e-006	-0.0005625
1.021826e-006	-0.0011875
1.022326e-006	-0.0011875
1.022826e-006	-0.0011875
1.023326e-006	-0.0005625
1.023826e-006	-0.0011875
1.024326e-006	-0.002125
1.024826e-006	-0.0024375
1.025326e-006	-0.0018125
1.025826e-006	-0.0018125
1.026326e-006	-0.0011875
1.026826e-006	-0.0015
1.027326e-006	-0.0011875
1.027826e-006	-0.0011875
1.028326e-006	-0.000875
1.028826e-006	-0.0005625
1.029326e-006	-0.0005625
1.029826e-006	6.25e-005
1.030326e-006	6.25e-005
1.030826e-006	6.25e-005
1.031326e-006	6.25e-005
1.031826e-006	-0.00025
1.032326e-006	-0.00025
1.032826e-006	-0.0005625
1.033326e-006	-0.000875
1.033826e-006	-0.000875
1.034326e-006	-0.0018125
1.034826e-006	-0.002125
1.035326e-006	-0.002125
1.035826e-006	-0.002125
1.036326e-006	-0.0018125
1.036826e-006	-0.0015
1.037326e-006	-0.0011875
1.037826e-006	-0.0015
1.038326e-006	6.25e-005
1.038826e-006	-0.00025
1.039326e-006	-0.0005625
1.039826e-006	6.25e-005
1.040326e-006	6.25e-005
1.040826e-006	6.25e-005
1.041326e-006	0.000375
1.041826e-006	6.25e-005
1.042326e-006	6.25e-005
1.042826e-006	-0.000875
1.043326e-006	-0.0005625
1.043826e-006	-0.0011875
1.044326e-006	-0.0015
1.044826e-006	-0.002125
1.045326e-006	-0.0018125
1.045826e-006	-0.0018125
1.046326e-006	-0.0018125
1.046826e-006	-0.002125
1.047326e-006	-0.000875
1.047826e-006	-0.0015
1.048326e-006	-0.000875
1.048826e-006	-0.00025
1.049326e-006	-0.0005625
1.049826e-006	-0.000875
1.050326e-006	-0.000875
1.050826e-006	6.25e-005
1.051326e-006	0.000375
1.051826e-006	6.25e-005
1.052326e-006	-0.0005625
1.052826e-006	-0.0015
1.053326e-006	-0.0015
1.053826e-006	-0.0018125
1.054326e-006	-0.002125
1.054826e-006	-0.0024375
1.055326e-006	-0.002125
1.055826e-006	-0.0018125
1.056326e-006	-0.0018125
1.056826e-006	-0.0018125
1.057326e-006	-0.0018125
1.057826e-006	-0.0015
1.058326e-006	-0.00025
1.058826e-006	-0.0005625
1.059326e-006	-0.0005625
1.059826e-006	-0.0005625
1.060326e-006	6.25e-005
1.060826e-006	-0.0005625
1.061326e-006	-0.00025
1.061826e-006	-0.00025
1.062326e-006	-0.0005625
1.062826e-006	-0.000875
1.063326e-006	-0.0011875
1.063826e-006	-0.0018125
1.064326e-006	-0.0018125
1.064826e-006	-0.00275
1.065326e-006	-0.0018125
1.065826e-006	-0.0018125
1.066326e-006	-0.0018125
1.066826e-006	-0.0018125
1.067326e-006	-0.000875
1.067826e-006	-0.000875
1.068326e-006	-0.00025
1.068826e-006	6.25e-005
1.069326e-006	6.25e-005
1.069826e-006	0.000375
1.070326e-006	6.25e-005
1.070826e-006	-0.000875
1.071326e-006	-0.000875
1.071826e-006	-0.000875
1.072326e-006	-0.0005625
1.072826e-006	-0.0005625
1.073326e-006	-0.000875
1.073826e-006	-0.0018125
1.074326e-006	-0.002125
1.074826e-006	-0.0024375
1.075326e-006	-0.0018125
1.075826e-006	-0.0011875
1.076326e-006	-0.0011875
1.076826e-006	-0.0011875
1.077326e-006	-0.000875
1.077826e-006	-0.0005625
1.078326e-006	-0.00025
1.078826e-006	-0.0005625
1.079326e-006	-0.000875
1.079826e-006	6.25e-005
1.080326e-006	0.000375
1.080826e-006	6.25e-005
1.081326e-006	-0.00025
1.081826e-006	-0.000875
1.082326e-006	-0.0011875
1.082826e-006	-0.0011875
1.083326e-006	-0.0011875
1.083826e-006	-0.0018125
1.084326e-006	-0.0018125
1.084826e-006	-0.002125
1.085326e-006	-0.0024375
1.085826e-006	-0.002125
1.086326e-006	-0.0015
1.086826e-006	-0.0011875
1.087326e-006	-0.000875
1.087826e-006	-0.0005625
1.088326e-006	-0.0005625
1.088826e-006	-0.0005625
1.089326e-006	-0.0005625
1.089826e-006	-0.0005625
1.090326e-006	-0.00025
1.090826e-006	-0.0005625
1.091326e-006	-0.0005625
1.091826e-006	-0.0011875
1.092326e-006	-0.0011875
1.092826e-006	-0.0015
1.093326e-006	-0.0011875
1.093826e-006	-0.0018125
1.094326e-006	-0.002125
1.094826e-006	-0.0024375
1.095326e-006	-0.0018125
1.095826e-006	-0.0024375
1.096326e-006	-0.0018125
1.096826e-006	-0.0015
1.097326e-006	-0.000875
1.097826e-006	-0.0005625
1.098326e-006	-0.0005625
1.098826e-006	6.25e-005
1.099326e-006	6.25e-005
1.099826e-006	-0.000875
1.100326e-006	-0.0005625
1.100826e-006	-0.0005625
1.101326e-006	-0.0005625
1.101826e-006	-0.00025
1.102326e-006	-0.000875
1.102826e-006	-0.0011875
1.103326e-006	-0.0011875
1.103826e-006	-0.0011875
1.104326e-006	-0.0011875
1.104826e-006	-0.0018125
1.105326e-006	-0.0018125
1.105826e-006	-0.0011875
1.106326e-006	-0.000875
1.106826e-006	-0.000875
1.107326e-006	-0.0011875
1.107826e-006	-0.000875
1.108326e-006	-0.0011875
1.108826e-006	-0.0005625
1.109326e-006	6.25e-005
1.109826e-006	6.25e-005
1.110326e-006	-0.00025
1.110826e-006	-0.00025
1.111326e-006	-0.000875
1.111826e-006	-0.0015
1.112326e-006	-0.0011875
1.112826e-006	-0.0011875
1.113326e-006	-0.000875
1.113826e-006	-0.0011875
1.114326e-006	-0.0011875
1.114826e-006	-0.0024375
1.115326e-006	-0.0015
1.115826e-006	-0.0011875
1.116326e-006	-0.0018125
1.116826e-006	-0.0011875
1.117326e-006	-0.0005625
1.117826e-006	-0.0011875
1.118326e-006	-0.000875
1.118826e-006	-0.0011875
1.119326e-006	-0.0005625
1.119826e-006	6.25e-005
1.120326e-006	6.25e-005
1.120826e-006	-0.0011875
1.121326e-006	-0.0005625
1.121826e-006	-0.000875
1.122326e-006	-0.000875
1.122826e-006	-0.0005625
1.123326e-006	-0.0015
1.123826e-006	-0.0015
1.124326e-006	-0.0018125
1.124826e-006	-0.0015
1.125326e-006	-0.0011875
1.125826e-006	-0.0011875
1.126326e-006	-0.000875
1.126826e-006	-0.0011875
1.127326e-006	-0.0015
1.127826e-006	-0.0018125
1.128326e-006	-0.0011875
1.128826e-006	-0.00025
1.129326e-006	-0.0005625
1.129826e-006	-0.000875
1.130326e-006	-0.0005625
1.130826e-006	-0.0018125
1.131326e-006	-0.0011875
1.131826e-006	-0.000875
1.132326e-006	-0.0011875
1.132826e-006	-0.0005625
1.133326e-006	-0.0011875
1.133826e-006	-0.0015
1.134326e-006	-0.000875
1.134826e-006	-0.0015
1.135326e-006	-0.000875
1.135826e-006	-0.0005625
1.136326e-006	-0.0005625
1.136826e-006	-0.000875
1.137326e-006	-0.000875
1.137826e-006	-0.0011875
1.138326e-006	-0.0011875
1.138826e-006	-0.0005625
1.139326e-006	-0.000875
1.139826e-006	-0.0011875
1.140326e-006	-0.0005625
1.140826e-006	-0.0011875
1.141326e-006	-0.000875
1.141826e-006	-0.0005625
1.142326e-006	-0.000875
1.142826e-006	-0.0011875
1.143326e-006	-0.0011875
1.143826e-006	-0.000875
1.144326e-006	-0.0011875
1.144826e-006	-0.0011875
1.145326e-006	-0.0011875
1.145826e-006	-0.0015
1.146326e-006	-0.000875
1.146826e-006	-0.0011875
1.147326e-006	-0.0011875
1.147826e-006	-0.000875
1.148326e-006	-0.000875
1.148826e-006	-0.000875
1.149326e-006	-0.000875
1.149826e-006	-0.0005625
1.150326e-006	-0.0011875
1.150826e-006	-0.0011875
1.151326e-006	-0.0011875
1.151826e-006	-0.0011875
1.152326e-006	-0.000875
1.152826e-006	-0.000875
1.153326e-006	-0.0015
1.153826e-006	-0.0005625
1.154326e-006	-0.0011875
1.154826e-006	-0.0018125
1.155326e-006	-0.000875
1.155826e-006	-0.0011875
1.156326e-006	-0.0011875
1.156826e-006	-0.0015
1.157326e-006	-0.0011875
1.157826e-006	-0.0005625
1.158326e-006	-0.0011875
1.158826e-006	-0.0011875
1.159326e-006	-0.0005625
1.159826e-006	-0.00025
1.160326e-006	-0.0005625
1.160826e-006	-0.0011875
1.161326e-006	-0.000875
1.161826e-006	-0.0015
1.162326e-006	-0.0005625
1.162826e-006	-0.0011875
1.163326e-006	-0.0015
1.163826e-006	-0.0024375
1.164326e-006	-0.0011875
1.164826e-006	-0.0015
1.165326e-006	-0.0011875
1.165826e-006	-0.0015
1.166326e-006	-0.0011875
1.166826e-006	-0.00025
1.167326e-006	6.25e-005
1.167826e-006	-0.0018125
1.168326e-006	-0.0015
1.168826e-006	-0.0005625
1.169326e-006	-0.0005625
1.169826e-006	-0.0005625
1.170326e-006	-0.0005625
1.170826e-006	-0.00025
1.171326e-006	-0.0005625
1.171826e-006	-0.0005625
1.172326e-006	-0.000875
1.172826e-006	-0.0005625
1.173326e-006	-0.0005625
1.173826e-006	-0.0011875
1.174326e-006	-0.0011875
1.174826e-006	-0.0015
1.175326e-006	-0.0015
1.175826e-006	-0.0011875
1.176326e-006	-0.0011875
1.176826e-006	-0.0015
1.177326e-006	-0.0011875
1.177826e-006	-0.00025
1.178326e-006	-0.0005625
1.178826e-006	-0.000875
1.179326e-006	-0.0005625
1.179826e-006	-0.0005625
1.180326e-006	6.25e-005
1.180826e-006	-0.00025
1.181326e-006	-0.00025
1.181826e-006	6.25e-005
1.182326e-006	-0.0005625
1.182826e-006	-0.0011875
1.183326e-006	-0.000875
1.183826e-006	-0.000875
1.184326e-006	-0.0005625
1.184826e-006	-0.0018125
1.185326e-006	-0.0011875
1.185826e-006	-0.002125
1.186326e-006	-0.0015
1.186826e-006	-0.0018125
1.187326e-006	-0.0015
1.187826e-006	-0.0011875
1.188326e-006	-0.000875
1.188826e-006	-0.0005625
1.189326e-006	-0.000875
1.189826e-006	-0.0005625
1.190326e-006	-0.0005625
1.190826e-006	-0.0005625
1.191326e-006	-0.00025
1.191826e-006	6.25e-005
1.192326e-006	-0.00025
1.192826e-006	-0.0005625
1.193326e-006	-0.0005625
1.193826e-006	-0.0011875
1.194326e-006	-0.0018125
1.194826e-006	-0.0011875
1.195326e-006	-0.0018125
1.195826e-006	-0.0018125
1.196326e-006	-0.002125
1.196826e-006	-0.0015
1.197326e-006	-0.0011875
1.197826e-006	-0.0015
1.198326e-006	-0.002125
1.198826e-006	-0.000875
1.199326e-006	-0.0011875
1.199826e-006	-0.000875
1.200326e-006	-0.00025
1.200826e-006	0.000375
1.201326e-006	0.001
1.201826e-006	0.000375
1.202326e-006	0.000375
1.202826e-006	0.000375
1.203326e-006	6.25e-005
1.203826e-006	-0.0005625
1.204326e-006	-0.000875
1.204826e-006	-0.0015
1.205326e-006	-0.0015
1.205826e-006	-0.0015
1.206326e-006	-0.0015
1.206826e-006	-0.0024375
1.207326e-006	-0.0011875
1.207826e-006	-0.0015
1.208326e-006	-0.0015
1.208826e-006	-0.0011875
1.209326e-006	-0.0005625
1.209826e-006	-0.00025
1.210326e-006	6.25e-005
1.210826e-006	-0.0005625
1.211326e-006	6.25e-005
1.211826e-006	6.25e-005
1.212326e-006	0.0006875
1.212826e-006	6.25e-005
1.213326e-006	6.25e-005
1.213826e-006	0.000375
1.214326e-006	-0.0005625
1.214826e-006	-0.0005625
1.215326e-006	-0.0015
1.215826e-006	-0.0015
1.216326e-006	-0.000875
1.216826e-006	-0.0015
1.217326e-006	-0.0018125
1.217826e-006	-0.0015
1.218326e-006	-0.000875
1.218826e-006	-0.00025
1.219326e-006	-0.0011875
1.219826e-006	-0.0005625
1.220326e-006	6.25e-005
1.220826e-006	6.25e-005
1.221326e-006	6.25e-005
1.221826e-006	-0.0005625
1.222326e-006	-0.00025
1.222826e-006	0.000375
1.223326e-006	0.000375
1.223826e-006	6.25e-005
1.224326e-006	-0.000875
1.224826e-006	-0.0005625
1.225326e-006	-0.0011875
1.225826e-006	-0.0011875
1.226326e-006	-0.0005625
1.226826e-006	-0.0011875
1.227326e-006	-0.0015
1.227826e-006	-0.0018125
1.228326e-006	-0.0011875
1.228826e-006	-0.0011875
1.229326e-006	-0.0005625
1.229826e-006	-0.0005625
1.230326e-006	-0.000875
1.230826e-006	-0.000875
1.231326e-006	-0.00025
1.231826e-006	6.25e-005
1.232326e-006	-0.00025
1.232826e-006	-0.000875
1.233326e-006	-0.000875
1.233826e-006	-0.00025
1.234326e-006	-0.0005625
1.234826e-006	-0.000875
1.235326e-006	-0.0005625
1.235826e-006	-0.000875
1.236326e-006	-0.0011875
1.236826e-006	-0.0011875
1.237326e-006	-0.000875
1.237826e-006	-0.000875
1.238326e-006	-0.002125
1.238826e-006	-0.0018125
1.239326e-006	-0.0005625
1.239826e-006	0.000375
1.240326e-006	-0.00025
1.240826e-006	-0.0011875
1.241326e-006	-0.0011875
1.241826e-006	-0.0011875
1.242326e-006	6.25e-005
1.242826e-006	6.25e-005
1.243326e-006	-0.0011875
1.243826e-006	-0.0011875
1.244326e-006	-0.000875
1.244826e-006	-0.0005625
1.245326e-006	-0.000875
1.245826e-006	-0.0015
1.246326e-006	-0.0011875
1.246826e-006	-0.0018125
1.247326e-006	-0.000875
1.247826e-006	-0.000875
1.248326e-006	-0.0005625
1.248826e-006	6.25e-005
1.249326e-006	-0.000875
1.249826e-006	-0.0005625
1.250326e-006	-0.00025
1.250826e-006	-0.0005625
1.251326e-006	-0.0005625
1.251826e-006	-0.0015
1.252326e-006	-0.00025
1.252826e-006	-0.000875
1.253326e-006	-0.000875
1.253826e-006	-0.0018125
1.254326e-006	-0.0015
1.254826e-006	-0.00025
1.255326e-006	-0.0011875
1.255826e-006	-0.0011875
1.256326e-006	-0.0011875
1.256826e-006	-0.0018125
1.257326e-006	-0.00025
1.257826e-006	-0.000875
1.258326e-006	-0.000875
1.258826e-006	-0.00025
1.259326e-006	-0.0005625
1.259826e-006	0.0006875
1.260326e-006	-0.0005625
1.260826e-006	-0.0005625
1.261326e-006	-0.0005625
1.261826e-006	-0.000875
1.262326e-006	-0.00025
1.262826e-006	-0.0011875
1.263326e-006	-0.000875
1.263826e-006	-0.0005625
1.264326e-006	-0.0011875
1.264826e-006	-0.0011875
1.265326e-006	-0.000875
1.265826e-006	-0.000875
1.266326e-006	-0.000875
1.266826e-006	-0.000875
1.267326e-006	-0.0005625
1.267826e-006	-0.0011875
1.268326e-006	-0.0005625
1.268826e-006	-0.000875
1.269326e-006	-0.0005625
1.269826e-006	0.001
1.270326e-006	-0.00025
1.270826e-006	-0.0005625
1.271326e-006	6.25e-005
1.271826e-006	-0.00025
1.272326e-006	-0.000875
1.272826e-006	-0.0011875
1.273326e-006	-0.000875
1.273826e-006	-0.0011875
1.274326e-006	-0.0005625
1.274826e-006	-0.00025
1.275326e-006	-0.0011875
1.275826e-006	-0.0018125
1.276326e-006	-0.0018125
1.276826e-006	-0.0011875
1.277326e-006	-0.0005625
1.277826e-006	-0.0015
1.278326e-006	-0.0005625
1.278826e-006	6.25e-005
1.279326e-006	-0.000875
1.279826e-006	6.25e-005
1.280326e-006	6.25e-005
1.280826e-006	-0.000875
1.281326e-006	-0.00025
1.281826e-006	6.25e-005
1.282326e-006	6.25e-005
1.282826e-006	-0.0005625
1.283326e-006	6.25e-005
1.283826e-006	-0.00025
1.284326e-006	-0.0005625
1.284826e-006	-0.0005625
1.285326e-006	-0.0011875
1.285826e-006	-0.000875
1.286326e-006	-0.0011875
1.286826e-006	-0.002125
1.287326e-006	-0.0015
1.287826e-006	-0.0015
1.288326e-006	-0.0005625
1.288826e-006	-0.000875
1.289326e-006	-0.000875
1.289826e-006	-0.0005625
1.290326e-006	-0.00025
1.290826e-006	6.25e-005
1.291326e-006	6.25e-005
1.291826e-006	6.25e-005
1.292326e-006	0.000375
1.292826e-006	0.000375
1.293326e-006	0.000375
1.293826e-006	0.0006875
1.294326e-006	-0.0005625
1.294826e-006	-0.0005625
1.295326e-006	-0.0015
1.295826e-006	-0.0015
1.296326e-006	-0.000875
1.296826e-006	-0.0011875
1.297326e-006	-0.0018125
1.297826e-006	-0.0018125
1.298326e-006	-0.0011875
1.298826e-006	-0.0015
1.299326e-006	-0.0011875
1.299826e-006	-0.0005625
1.300326e-006	-0.0005625
1.300826e-006	-0.00025
1.301326e-006	0.000375
1.301826e-006	6.25e-005
1.302326e-006	0.0013125
1.302826e-006	0.0006875
1.303326e-006	0.000375
1.303826e-006	0.000375
1.304326e-006	6.25e-005
1.304826e-006	-0.0005625
1.305326e-006	-0.0005625
1.305826e-006	-0.000875
1.306326e-006	-0.0011875
1.306826e-006	-0.0018125
1.307326e-006	-0.0018125
1.307826e-006	-0.0018125
1.308326e-006	-0.0011875
1.308826e-006	-0.0011875
1.309326e-006	-0.000875
1.309826e-006	-0.000875
1.310326e-006	-0.0005625
1.310826e-006	-0.000875
1.311326e-006	-0.00025
1.311826e-006	0.000375
1.312326e-006	0.001
1.312826e-006	6.25e-005
1.313326e-006	6.25e-005
1.313826e-006	0.0006875
1.314326e-006	0.000375
1.314826e-006	-0.0005625
1.315326e-006	-0.0011875
1.315826e-006	-0.000875
1.316326e-006	-0.0011875
1.316826e-006	-0.0011875
1.317326e-006	-0.002125
1.317826e-006	-0.002125
1.318326e-006	-0.0018125
1.318826e-006	-0.0011875
1.319326e-006	-0.000875
1.319826e-006	-0.0018125
1.320326e-006	-0.0011875
1.320826e-006	-0.00025
1.321326e-006	0.000375
1.321826e-006	0.0006875
1.322326e-006	-0.00025
1.322826e-006	6.25e-005
1.323326e-006	0.000375
1.323826e-006	0.000375
1.324326e-006	0.000375
1.324826e-006	-0.00025
1.325326e-006	-0.0005625
1.325826e-006	-0.0005625
1.326326e-006	-0.0005625
1.326826e-006	-0.0015
1.327326e-006	-0.0011875
1.327826e-006	-0.0011875
1.328326e-006	-0.0011875
1.328826e-006	-0.002125
1.329326e-006	-0.0011875
1.329826e-006	-0.000875
1.330326e-006	-0.00025
1.330826e-006	-0.000875
1.331326e-006	-0.0005625
1.331826e-006	-0.00025
1.332326e-006	6.25e-005
1.332826e-006	6.25e-005
1.333326e-006	-0.00025
1.333826e-006	-0.0005625
1.334326e-006	-0.00025
1.334826e-006	-0.000875
1.335326e-006	-0.0005625
1.335826e-006	-0.0005625
1.336326e-006	-0.000875
1.336826e-006	-0.000875
1.337326e-006	-0.0011875
1.337826e-006	-0.000875
1.338326e-006	-0.0011875
1.338826e-006	-0.000875
1.339326e-006	-0.000875
1.339826e-006	-0.0005625
1.340326e-006	-0.00025
1.340826e-006	-0.000875
1.341326e-006	-0.0005625
1.341826e-006	0.000375
1.342326e-006	6.25e-005
1.342826e-006	0.000375
1.343326e-006	-0.00025
1.343826e-006	-0.0005625
1.344326e-006	-0.00025
1.344826e-006	-0.0005625
1.345326e-006	-0.000875
1.345826e-006	-0.0011875
1.346326e-006	-0.0005625
1.346826e-006	-0.0005625
1.347326e-006	-0.0005625
1.347826e-006	-0.0005625
1.348326e-006	-0.0005625
1.348826e-006	-0.0005625
1.349326e-006	-0.0005625
1.349826e-006	-0.0005625
1.350326e-006	6.25e-005
1.350826e-006	-0.000875
1.351326e-006	-0.0005625
1.351826e-006	-0.00025
1.352326e-006	6.25e-005
1.352826e-006	-0.0005625
1.353326e-006	-0.00025
1.353826e-006	-0.000875
1.354326e-006	-0.000875
1.354826e-006	-0.0011875
1.355326e-006	-0.0011875
1.355826e-006	-0.0015
1.356326e-006	-0.000875
1.356826e-006	-0.0005625
1.357326e-006	6.25e-005
1.357826e-006	-0.00025
1.358326e-006	-0.00025
1.358826e-006	-0.000875
1.359326e-006	-0.0005625
1.359826e-006	0.000375
1.360326e-006	-0.00025
1.360826e-006	6.25e-005
1.361326e-006	6.25e-005
1.361826e-006	6.25e-005
1.362326e-006	-0.00025
1.362826e-006	-0.0005625
1.363326e-006	-0.0011875
1.363826e-006	-0.000875
1.364326e-006	-0.0011875
1.364826e-006	-0.0005625
1.365326e-006	-0.0011875
1.365826e-006	-0.0015
1.366326e-006	-0.002125
1.366826e-006	-0.0011875
1.367326e-006	-0.0005625
1.367826e-006	6.25e-005
1.368326e-006	-0.00025
1.368826e-006	-0.00025
1.369326e-006	0.0006875
1.369826e-006	0.001
1.370326e-006	0.000375
1.370826e-006	0.000375
1.371326e-006	-0.00025
1.371826e-006	6.25e-005
1.372326e-006	0.000375
1.372826e-006	-0.000875
1.373326e-006	-0.000875
1.373826e-006	-0.002125
1.374326e-006	-0.0015
1.374826e-006	-0.0018125
1.375326e-006	-0.0015
1.375826e-006	-0.000875
1.376326e-006	-0.0005625
1.376826e-006	-0.0011875
1.377326e-006	-0.0005625
1.377826e-006	-0.00025
1.378326e-006	6.25e-005
1.378826e-006	6.25e-005
1.379326e-006	0.0006875
1.379826e-006	6.25e-005
1.380326e-006	6.25e-005
1.380826e-006	0.0006875
1.381326e-006	6.25e-005
1.381826e-006	6.25e-005
1.382326e-006	-0.0005625
1.382826e-006	-0.0011875
1.383326e-006	-0.0005625
1.383826e-006	-0.0005625
1.384326e-006	-0.0018125
1.384826e-006	-0.0018125
1.385326e-006	-0.0018125
1.385826e-006	-0.0011875
1.386326e-006	-0.0011875
1.386826e-006	-0.000875
1.387326e-006	-0.000875
1.387826e-006	0.0006875
1.388326e-006	6.25e-005
1.388826e-006	-0.0005625
1.389326e-006	-0.00025
1.389826e-006	0.000375
1.390326e-006	0.0006875
1.390826e-006	0.000375
1.391326e-006	6.25e-005
1.391826e-006	6.25e-005
1.392326e-006	6.25e-005
1.392826e-006	-0.000875
1.393326e-006	-0.0015
1.393826e-006	-0.0018125
1.394326e-006	-0.0011875
1.394826e-006	-0.0011875
1.395326e-006	-0.0018125
1.395826e-006	-0.0018125
1.396326e-006	-0.00025
1.396826e-006	-0.00025
1.397326e-006	6.25e-005
1.397826e-006	0.000375
1.398326e-006	6.25e-005
1.398826e-006	6.25e-005
1.399326e-006	-0.00025
1.399826e-006	6.25e-005
1.400326e-006	0.001
1.400826e-006	0.0006875
1.401326e-006	6.25e-005
1.401826e-006	-0.0005625
1.402326e-006	-0.000875
1.402826e-006	-0.000875
1.403326e-006	-0.0005625
1.403826e-006	-0.0011875
1.404326e-006	-0.0015
1.404826e-006	-0.000875
1.405326e-006	-0.0011875
1.405826e-006	-0.0011875
1.406326e-006	-0.0005625
1.406826e-006	-0.00025
1.407326e-006	6.25e-005
1.407826e-006	-0.00025
1.408326e-006	0.000375
1.408826e-006	0.001
1.409326e-006	6.25e-005
1.409826e-006	0.000375
1.410326e-006	0.0006875
1.410826e-006	0.000375
1.411326e-006	-0.000875
1.411826e-006	-0.0011875
1.412326e-006	-0.000875
1.412826e-006	-0.0015
1.413326e-006	-0.0015
1.413826e-006	-0.0018125
1.414326e-006	-0.0011875
1.414826e-006	-0.0005625
1.415326e-006	-0.000875
1.415826e-006	-0.0011875
1.416326e-006	-0.000875
1.416826e-006	-0.00025
1.417326e-006	0.000375
1.417826e-006	6.25e-005
1.418326e-006	0.000375
1.418826e-006	0.000375
1.419326e-006	0.000375
1.419826e-006	0.000375
1.420326e-006	6.25e-005
1.420826e-006	-0.00025
1.421326e-006	-0.00025
1.421826e-006	-0.000875
1.422326e-006	-0.00025
1.422826e-006	-0.0011875
1.423326e-006	-0.0011875
1.423826e-006	-0.0024375
1.424326e-006	-0.0018125
1.424826e-006	-0.002125
1.425326e-006	-0.0011875
1.425826e-006	-0.0005625
1.426326e-006	-0.0011875
1.426826e-006	-0.0011875
1.427326e-006	6.25e-005
1.427826e-006	-0.00025
1.428326e-006	0.000375
1.428826e-006	6.25e-005
1.429326e-006	0.000375
1.429826e-006	0.000375
1.430326e-006	-0.00025
1.430826e-006	6.25e-005
1.431326e-006	-0.0005625
1.431826e-006	-0.00025
1.432326e-006	-0.0005625
1.432826e-006	-0.0011875
1.433326e-006	-0.0011875
1.433826e-006	-0.0011875
1.434326e-006	-0.0011875
1.434826e-006	-0.000875
1.435326e-006	-0.0015
1.435826e-006	-0.0015
1.436326e-006	-0.0011875
1.436826e-006	6.25e-005
1.437326e-006	6.25e-005
1.437826e-006	-0.000875
1.438326e-006	-0.0005625
1.438826e-006	6.25e-005
1.439326e-006	6.25e-005
1.439826e-006	6.25e-005
1.440326e-006	6.25e-005
1.440826e-006	-0.000875
1.441326e-006	-0.0011875
1.441826e-006	-0.000875
1.442326e-006	6.25e-005
1.442826e-006	-0.0015
1.443326e-006	-0.0015
1.443826e-006	-0.000875
1.444326e-006	-0.000875
1.444826e-006	-0.0018125
1.445326e-006	-0.0011875
1.445826e-006	-0.0011875
1.446326e-006	-0.000875
1.446826e-006	-0.000875
1.447326e-006	6.25e-005
1.447826e-006	-0.0005625
1.448326e-006	-0.000875
1.448826e-006	-0.0005625
1.449326e-006	0.0006875
1.449826e-006	6.25e-005
1.450326e-006	-0.0005625
1.450826e-006	-0.0005625
1.451326e-006	0.000375
1.451826e-006	6.25e-005
1.452326e-006	6.25e-005
1.452826e-006	-0.0005625
1.453326e-006	-0.0015
1.453826e-006	-0.0011875
1.454326e-006	-0.000875
1.454826e-006	-0.0005625
1.455326e-006	-0.000875
1.455826e-006	-0.0015
1.456326e-006	-0.000875
1.456826e-006	-0.000875
1.457326e-006	-0.000875
1.457826e-006	-0.0005625
1.458326e-006	-0.0005625
1.458826e-006	-0.00025
1.459326e-006	-0.0005625
1.459826e-006	-0.00025
1.460326e-006	-0.00025
1.460826e-006	-0.0005625
1.461326e-006	-0.00025
1.461826e-006	-0.00025
1.462326e-006	-0.0005625
1.462826e-006	-0.0005625
1.463326e-006	-0.00025
1.463826e-006	-0.0005625
1.464326e-006	-0.000875
1.464826e-006	-0.000875
1.465326e-006	-0.0011875
1.465826e-006	-0.0005625
1.466326e-006	6.25e-005
1.466826e-006	-0.0005625
1.467326e-006	-0.0005625
1.467826e-006	-0.000875
1.468326e-006	-0.000875
1.468826e-006	-0.0005625
1.469326e-006	-0.0005625
1.469826e-006	-0.000875
1.470326e-006	6.25e-005
1.470826e-006	6.25e-005
1.471326e-006	6.25e-005
1.471826e-006	6.25e-005
1.472326e-006	-0.00025
1.472826e-006	-0.000875
1.473326e-006	6.25e-005
1.473826e-006	-0.00025
1.474326e-006	-0.0011875
1.474826e-006	-0.0005625
1.475326e-006	-0.00025
1.475826e-006	-0.0005625
1.476326e-006	-0.0011875
1.476826e-006	-0.000875
1.477326e-006	-0.0005625
1.477826e-006	-0.000875
1.478326e-006	-0.0005625
1.478826e-006	-0.000875
1.479326e-006	-0.000875
1.479826e-006	-0.00025
1.480326e-006	-0.0005625
1.480826e-006	-0.00025
1.481326e-006	-0.00025
1.481826e-006	-0.000875
1.482326e-006	-0.000875
1.482826e-006	-0.000875
1.483326e-006	-0.000875
1.483826e-006	-0.000875
1.484326e-006	-0.000875
1.484826e-006	6.25e-005
1.485326e-006	0.000375
1.485826e-006	-0.00025
1.486326e-006	6.25e-005
1.486826e-006	-0.0005625
1.487326e-006	-0.0011875
1.487826e-006	-0.000875
1.488326e-006	0.000375
1.488826e-006	-0.00025
1.489326e-006	-0.0005625
1.489826e-006	-0.0005625
1.490326e-006	-0.00025
1.490826e-006	-0.0005625
1.491326e-006	-0.000875
1.491826e-006	-0.000875
1.492326e-006	-0.0005625
1.492826e-006	-0.0011875
1.493326e-006	-0.00025
1.493826e-006	-0.0005625
1.494326e-006	-0.00025
1.494826e-006	6.25e-005
1.495326e-006	-0.00025
1.495826e-006	6.25e-005
1.496326e-006	6.25e-005
1.496826e-006	0.000375
1.497326e-006	6.25e-005
1.497826e-006	-0.000875
1.498326e-006	-0.0005625
1.498826e-006	-0.0005625
1.499326e-006	-0.000875
1.499826e-006	-0.0005625
1.500326e-006	-0.00025
1.500826e-006	6.25e-005
1.501326e-006	-0.0011875
1.501826e-006	-0.0011875
1.502326e-006	-0.0005625
1.502826e-006	-0.0005625
1.503326e-006	-0.0011875
1.503826e-006	-0.000875
1.504326e-006	-0.0005625
1.504826e-006	6.25e-005
1.505326e-006	6.25e-005
1.505826e-006	0.000375
1.506326e-006	-0.00025
1.506826e-006	6.25e-005
1.507326e-006	-0.00025
1.507826e-006	-0.00025
1.508326e-006	-0.00025
1.508826e-006	-0.0005625
1.509326e-006	-0.00025
1.509826e-006	6.25e-005
1.510326e-006	-0.00025
1.510826e-006	-0.0005625
1.511326e-006	-0.0005625
1.511826e-006	-0.0011875
1.512326e-006	-0.000875
1.512826e-006	-0.0015
1.513326e-006	-0.0011875
1.513826e-006	-0.0011875
1.514326e-006	-0.0005625
1.514826e-006	-0.0005625
1.515326e-006	-0.0005625
1.515826e-006	-0.00025
1.516326e-006	-0.0005625
1.516826e-006	6.25e-005
1.517326e-006	0.000375
1.517826e-006	-0.0005625
1.518326e-006	-0.0005625
1.518826e-006	-0.0005625
1.519326e-006	-0.0005625
1.519826e-006	-0.00025
1.520326e-006	-0.0005625
1.520826e-006	-0.0005625
1.521326e-006	-0.000875
1.521826e-006	-0.000875
1.522326e-006	-0.0005625
1.522826e-006	-0.000875
1.523326e-006	-0.000875
1.523826e-006	-0.0011875
1.524326e-006	-0.000875
1.524826e-006	6.25e-005
1.525326e-006	6.25e-005
1.525826e-006	-0.00025
1.526326e-006	-0.0005625
1.526826e-006	-0.0005625
1.527326e-006	-0.0005625
1.527826e-006	-0.00025
1.528326e-006	-0.00025
1.528826e-006	-0.000875
1.529326e-006	-0.000875
1.529826e-006	-0.0005625
1.530326e-006	-0.0005625
1.530826e-006	-0.0005625
1.531326e-006	-0.00025
1.531826e-006	-0.00025
1.532326e-006	-0.0005625
1.532826e-006	-0.0011875
1.533326e-006	6.25e-005
1.533826e-006	6.25e-005
1.534326e-006	0.000375
1.534826e-006	0.001
1.535326e-006	-0.0005625
1.535826e-006	-0.000875
1.536326e-006	-0.0005625
1.536826e-006	-0.00025
1.537326e-006	-0.0005625
1.537826e-006	-0.0011875
1.538326e-006	-0.000875
1.538826e-006	-0.0011875
1.539326e-006	-0.0011875
1.539826e-006	-0.0011875
1.540326e-006	-0.000875
1.540826e-006	-0.0005625
1.541326e-006	-0.0005625
1.541826e-006	-0.000875
1.542326e-006	-0.0011875
1.542826e-006	-0.000875
1.543326e-006	6.25e-005
1.543826e-006	0.001
1.544326e-006	0.000375
1.544826e-006	6.25e-005
1.545326e-006	-0.00025
1.545826e-006	6.25e-005
1.546326e-006	-0.0005625
1.546826e-006	-0.000875
1.547326e-006	-0.0005625
1.547826e-006	-0.0011875
1.548326e-006	-0.0011875
1.548826e-006	-0.0015
1.549326e-006	-0.0018125
1.549826e-006	-0.0018125
1.550326e-006	-0.0011875
1.550826e-006	-0.0011875
1.551326e-006	-0.000875
1.551826e-006	-0.0005625
1.552326e-006	-0.0005625
1.552826e-006	-0.0005625
1.553326e-006	6.25e-005
1.553826e-006	-0.0005625
1.554326e-006	-0.0005625
1.554826e-006	6.25e-005
1.555326e-006	0.000375
1.555826e-006	6.25e-005
1.556326e-006	-0.000875
1.556826e-006	-0.000875
1.557326e-006	-0.0005625
1.557826e-006	-0.000875
1.558326e-006	-0.0018125
1.558826e-006	-0.002125
1.559326e-006	-0.0011875
1.559826e-006	-0.0018125
1.560326e-006	-0.0024375
1.560826e-006	-0.0018125
1.561326e-006	-0.0015
1.561826e-006	-0.0011875
1.562326e-006	-0.0011875
1.562826e-006	-0.00025
1.563326e-006	0.0006875
1.563826e-006	6.25e-005
1.564326e-006	6.25e-005
1.564826e-006	0.000375
1.565326e-006	0.000375
1.565826e-006	6.25e-005
1.566326e-006	-0.0005625
1.566826e-006	-0.0011875
1.567326e-006	-0.000875
1.567826e-006	-0.0011875
1.568326e-006	-0.0018125
1.568826e-006	-0.0024375
1.569326e-006	-0.00275
1.569826e-006	-0.00275
1.570326e-006	-0.0018125
1.570826e-006	-0.0018125
1.571326e-006	-0.0011875
1.571826e-006	-0.0015
1.572326e-006	-0.000875
1.572826e-006	-0.0005625
1.573326e-006	-0.00025
1.573826e-006	0.000375
1.574326e-006	0.0006875
1.574826e-006	0.000375
1.575326e-006	0.000375
1.575826e-006	-0.0005625
1.576326e-006	-0.00025
1.576826e-006	-0.00025
1.577326e-006	-0.000875
1.577826e-006	-0.000875
1.578326e-006	-0.0018125
1.578826e-006	-0.0015
1.579326e-006	-0.002125
1.579826e-006	-0.0024375
1.580326e-006	-0.002125
1.580826e-006	-0.0024375
1.581326e-006	-0.002125
1.581826e-006	-0.0018125
1.582326e-006	-0.0011875
1.582826e-006	-0.0005625
1.583326e-006	6.25e-005
1.583826e-006	6.25e-005
1.584326e-006	-0.00025
1.584826e-006	0.0006875
1.585326e-006	0.001
1.585826e-006	6.25e-005
1.586326e-006	-0.0005625
1.586826e-006	-0.00025
1.587326e-006	-0.000875
1.587826e-006	-0.000875
1.588326e-006	-0.0011875
1.588826e-006	-0.000875
1.589326e-006	-0.0011875
1.589826e-006	-0.0018125
1.590326e-006	-0.0015
1.590826e-006	-0.002125
1.591326e-006	-0.0011875
1.591826e-006	-0.0015
1.592326e-006	-0.000875
1.592826e-006	-0.0005625
1.593326e-006	-0.0005625
1.593826e-006	-0.00025
1.594326e-006	6.25e-005
1.594826e-006	0.001
1.595326e-006	0.000375
1.595826e-006	-0.00025
1.596326e-006	0.000375
1.596826e-006	6.25e-005
1.597326e-006	0.0006875
1.597826e-006	-0.00025
1.598326e-006	-0.0011875
1.598826e-006	-0.000875
1.599326e-006	-0.0015
1.599826e-006	-0.0011875
1.600326e-006	-0.0011875
1.600826e-006	-0.0015
1.601326e-006	-0.0015
1.601826e-006	-0.0011875
1.602326e-006	-0.0005625
1.602826e-006	-0.0005625
1.603326e-006	-0.0005625
1.603826e-006	6.25e-005
1.604326e-006	-0.0005625
1.604826e-006	6.25e-005
1.605326e-006	-0.00025
1.605826e-006	-0.0005625
1.606326e-006	-0.000875
1.606826e-006	6.25e-005
1.607326e-006	6.25e-005
1.607826e-006	-0.000875
1.608326e-006	-0.000875
1.608826e-006	-0.0005625
1.609326e-006	-0.0011875
1.609826e-006	-0.0015
1.610326e-006	-0.000875
1.610826e-006	-0.0011875
1.611326e-006	-0.0005625
1.611826e-006	-0.0018125
1.612326e-006	-0.0005625
1.612826e-006	-0.0005625
1.613326e-006	-0.0005625
1.613826e-006	-0.000875
1.614326e-006	-0.0005625
1.614826e-006	-0.0005625
1.615326e-006	-0.0005625
1.615826e-006	-0.0005625
1.616326e-006	6.25e-005
1.616826e-006	-0.0005625
1.617326e-006	6.25e-005
1.617826e-006	-0.0005625
1.618326e-006	-0.00025
1.618826e-006	-0.0005625
1.619326e-006	-0.000875
1.619826e-006	-0.0005625
1.620326e-006	-0.0005625
1.620826e-006	-0.0005625
1.621326e-006	-0.0005625
1.621826e-006	-0.0005625
1.622326e-006	6.25e-005
1.622826e-006	6.25e-005
1.623326e-006	-0.0005625
1.623826e-006	-0.00025
1.624326e-006	-0.0005625
1.624826e-006	6.25e-005
1.625326e-006	-0.00025
1.625826e-006	6.25e-005
1.626326e-006	-0.0005625
1.626826e-006	-0.0005625
1.627326e-006	-0.0005625
1.627826e-006	-0.0005625
1.628326e-006	-0.0005625
1.628826e-006	-0.0011875
1.629326e-006	-0.0015
1.629826e-006	-0.000875
1.630326e-006	-0.000875
1.630826e-006	-0.0011875
1.631326e-006	-0.0011875
1.631826e-006	-0.0005625
1.632326e-006	-0.000875
1.632826e-006	-0.000875
1.633326e-006	-0.00025
1.633826e-006	-0.0005625
1.634326e-006	0.000375
1.634826e-006	0.000375
1.635326e-006	0.000375
1.635826e-006	-0.00025
1.636326e-006	6.25e-005
1.636826e-006	-0.00025
1.637326e-006	-0.00025
1.637826e-006	-0.0015
1.638326e-006	-0.000875
1.638826e-006	-0.0011875
1.639326e-006	-0.000875
1.639826e-006	-0.0011875
1.640326e-006	-0.0011875
1.640826e-006	-0.0018125
1.641326e-006	-0.0011875
1.641826e-006	-0.0015
1.642326e-006	-0.000875
1.642826e-006	-0.00025
1.643326e-006	0.0006875
1.643826e-006	-0.00025
1.644326e-006	-0.00025
1.644826e-006	0.0013125
1.645326e-006	6.25e-005
1.645826e-006	0.000375
1.646326e-006	0.0006875
1.646826e-006	6.25e-005
1.647326e-006	-0.0005625
1.647826e-006	-0.0005625
1.648326e-006	-0.000875
1.648826e-006	-0.000875
1.649326e-006	-0.0018125
1.649826e-006	-0.0015
1.650326e-006	-0.0018125
1.650826e-006	-0.0015
1.651326e-006	-0.0011875
1.651826e-006	-0.0011875
1.652326e-006	-0.0005625
1.652826e-006	-0.0005625
1.653326e-006	6.25e-005
1.653826e-006	0.000375
1.654326e-006	0.0006875
1.654826e-006	0.0006875
1.655326e-006	0.0006875
1.655826e-006	0.0006875
1.656326e-006	0.0006875
1.656826e-006	0.000375
1.657326e-006	0.000375
1.657826e-006	-0.0011875
1.658326e-006	-0.0011875
1.658826e-006	-0.000875
1.659326e-006	-0.0018125
1.659826e-006	-0.0024375
1.660326e-006	-0.0018125
1.660826e-006	-0.0024375
1.661326e-006	-0.002125
1.661826e-006	-0.0018125
1.662326e-006	-0.0005625
1.662826e-006	-0.0005625
1.663326e-006	0.0006875
1.663826e-006	0.001
1.664326e-006	0.001625
1.664826e-006	0.0013125
1.665326e-006	0.0013125
1.665826e-006	0.0019375
1.666326e-006	0.001
1.666826e-006	0.0006875
1.667326e-006	6.25e-005
1.667826e-006	-0.00025
1.668326e-006	-0.000875
1.668826e-006	-0.0018125
1.669326e-006	-0.002125
1.669826e-006	-0.002125
1.670326e-006	-0.0030625
1.670826e-006	-0.0024375
1.671326e-006	-0.0024375
1.671826e-006	-0.0015
1.672326e-006	-0.000875
1.672826e-006	-0.000875
1.673326e-006	0.000375
1.673826e-006	0.000375
1.674326e-006	0.000375
1.674826e-006	0.001625
1.675326e-006	0.0019375
1.675826e-006	0.0025625
1.676326e-006	0.0013125
1.676826e-006	0.000375
1.677326e-006	0.000375
1.677826e-006	-0.00025
1.678326e-006	-0.0005625
1.678826e-006	-0.0018125
1.679326e-006	-0.0015
1.679826e-006	-0.0024375
1.680326e-006	-0.002125
1.680826e-006	-0.0024375
1.681326e-006	-0.002125
1.681826e-006	-0.0015
1.682326e-006	-0.000875
1.682826e-006	-0.0005625
1.683326e-006	6.25e-005
1.683826e-006	0.000375
1.684326e-006	0.001625
1.684826e-006	0.0006875
1.685326e-006	0.0006875
1.685826e-006	0.0013125
1.686326e-006	0.0013125
1.686826e-006	0.0013125
1.687326e-006	0.0006875
1.687826e-006	-0.00025
1.688326e-006	-0.0005625
1.688826e-006	-0.0018125
1.689326e-006	-0.0018125
1.689826e-006	-0.002125
1.690326e-006	-0.0024375
1.690826e-006	-0.0018125
1.691326e-006	-0.0015
1.691826e-006	-0.000875
1.692326e-006	-0.0011875
1.692826e-006	6.25e-005
1.693326e-006	0.0006875
1.693826e-006	0.0006875
1.694326e-006	0.000375
1.694826e-006	0.0006875
1.695326e-006	0.0006875
1.695826e-006	0.0013125
1.696326e-006	0.0006875
1.696826e-006	0.001
1.697326e-006	-0.0005625
1.697826e-006	-0.0011875
1.698326e-006	-0.000875
1.698826e-006	-0.0011875
1.699326e-006	-0.002125
1.699826e-006	-0.0024375
1.700326e-006	-0.0011875
1.700826e-006	-0.0018125
1.701326e-006	-0.0011875
1.701826e-006	-0.000875
1.702326e-006	-0.0005625
1.702826e-006	6.25e-005
1.703326e-006	0.0013125
1.703826e-006	0.000375
1.704326e-006	6.25e-005
1.704826e-006	6.25e-005
1.705326e-006	0.000375
1.705826e-006	0.001
1.706326e-006	0.000375
1.706826e-006	-0.0005625
1.707326e-006	-0.0005625
1.707826e-006	-0.0005625
1.708326e-006	-0.0005625
1.708826e-006	-0.0015
1.709326e-006	-0.0015
1.709826e-006	-0.000875
1.710326e-006	-0.0005625
1.710826e-006	-0.0005625
1.711326e-006	-0.000875
1.711826e-006	-0.0005625
1.712326e-006	0.0006875
1.712826e-006	0.0006875
1.713326e-006	6.25e-005
1.713826e-006	0.000375
1.714326e-006	0.000375
1.714826e-006	6.25e-005
1.715326e-006	0.000375
1.715826e-006	0.000375
1.716326e-006	-0.0005625
1.716826e-006	-0.000875
1.717326e-006	-0.0015
1.717826e-006	-0.000875
1.718326e-006	-0.0005625
1.718826e-006	-0.002125
1.719326e-006	-0.0015
1.719826e-006	-0.00025
1.720326e-006	-0.00025
1.720826e-006	-0.0005625
1.721326e-006	-0.0005625
1.721826e-006	6.25e-005
1.722326e-006	0.0006875
1.722826e-006	0.0006875
1.723326e-006	0.0013125
1.723826e-006	6.25e-005
1.724326e-006	0.0006875
1.724826e-006	6.25e-005
1.725326e-006	-0.0005625
1.725826e-006	-0.000875
1.726326e-006	-0.0005625
1.726826e-006	-0.0005625
1.727326e-006	-0.0011875
1.727826e-006	-0.0011875
1.728326e-006	-0.0011875
1.728826e-006	-0.0018125
1.729326e-006	-0.000875
1.729826e-006	-0.0015
1.730326e-006	-0.0011875
1.730826e-006	6.25e-005
1.731326e-006	0.000375
1.731826e-006	0.000375
1.732326e-006	0.000375
1.732826e-006	0.0006875
1.733326e-006	0.000375
1.733826e-006	0.000375
1.734326e-006	0.000375
1.734826e-006	-0.0005625
1.735326e-006	-0.0005625
1.735826e-006	-0.00025
1.736326e-006	-0.00025
1.736826e-006	-0.0005625
1.737326e-006	-0.0011875
1.737826e-006	-0.0018125
1.738326e-006	-0.0018125
1.738826e-006	-0.0011875
1.739326e-006	-0.000875
1.739826e-006	-0.000875
1.740326e-006	-0.0005625
1.740826e-006	-0.00025
1.741326e-006	-0.00025
1.741826e-006	6.25e-005
1.742326e-006	-0.00025
1.742826e-006	0.0006875
1.743326e-006	0.001
1.743826e-006	6.25e-005
1.744326e-006	-0.0005625
1.744826e-006	-0.0005625
1.745326e-006	-0.00025
1.745826e-006	-0.00025
1.746326e-006	-0.000875
1.746826e-006	-0.000875
1.747326e-006	-0.0005625
1.747826e-006	-0.000875
1.748326e-006	-0.0005625
1.748826e-006	-0.0005625
1.749326e-006	-0.00025
1.749826e-006	6.25e-005
1.750326e-006	6.25e-005
1.750826e-006	-0.00025
1.751326e-006	-0.0005625
1.751826e-006	-0.000875
1.752326e-006	6.25e-005
1.752826e-006	0.001
1.753326e-006	-0.00025
1.753826e-006	-0.0005625
1.754326e-006	-0.0005625
1.754826e-006	-0.000875
1.755326e-006	6.25e-005
1.755826e-006	-0.0005625
1.756326e-006	-0.0011875
1.756826e-006	-0.0005625
1.757326e-006	6.25e-005
1.757826e-006	0.000375
1.758326e-006	0.0006875
1.758826e-006	6.25e-005
1.759326e-006	-0.0005625
1.759826e-006	6.25e-005
1.760326e-006	-0.00025
1.760826e-006	-0.0005625
1.761326e-006	-0.0005625
1.761826e-006	-0.0005625
1.762326e-006	-0.0005625
1.762826e-006	-0.0011875
1.763326e-006	-0.0015
1.763826e-006	-0.000875
1.764326e-006	-0.0005625
1.764826e-006	6.25e-005
1.765326e-006	-0.0005625
1.765826e-006	-0.0005625
1.766326e-006	0.000375
1.766826e-006	0.0006875
1.767326e-006	0.001
1.767826e-006	0.001625
1.768326e-006	0.001
1.768826e-006	6.25e-005
1.769326e-006	0.0006875
1.769826e-006	0.001
1.770326e-006	0.000375
1.770826e-006	-0.0005625
1.771326e-006	-0.000875
1.771826e-006	-0.0011875
1.772326e-006	-0.0018125
1.772826e-006	-0.002125
1.773326e-006	-0.0011875
1.773826e-006	-0.0015
1.774326e-006	-0.0018125
1.774826e-006	-0.0011875
1.775326e-006	-0.000875
1.775826e-006	-0.00025
1.776326e-006	0.000375
1.776826e-006	0.001625
1.777326e-006	0.001625
1.777826e-006	0.001
1.778326e-006	0.001
1.778826e-006	0.001
1.779326e-006	0.0006875
1.779826e-006	6.25e-005
1.780326e-006	0.000375
1.780826e-006	0.000375
1.781326e-006	-0.000875
1.781826e-006	-0.0018125
1.782326e-006	-0.0024375
1.782826e-006	-0.0024375
1.783326e-006	-0.0024375
1.783826e-006	-0.0024375
1.784326e-006	-0.002125
1.784826e-006	-0.0015
1.785326e-006	-0.0005625
1.785826e-006	6.25e-005
1.786326e-006	0.001
1.786826e-006	0.001625
1.787326e-006	0.0013125
1.787826e-006	0.0013125
1.788326e-006	0.001625
