LECROYWS454	16215	Waveform
Segments	1	SegmentSize	4002
Segment	TrigTime	TimeSinceSegment1
#1	02-May-2024 19:07:26	0                 
Time	Ampl
-2.12444e-007	-0.00025
-2.11944e-007	6.25e-005
-2.11444e-007	-0.0005625
-2.10944e-007	-0.0011875
-2.10444e-007	-0.0005625
-2.09944e-007	6.25e-005
-2.09444e-007	-0.000875
-2.08944e-007	-0.0015
-2.08444e-007	-0.0015
-2.07944e-007	-0.000875
-2.07444e-007	-0.000875
-2.06944e-007	-0.0015
-2.06444e-007	-0.00025
-2.05944e-007	0.000375
-2.05444e-007	0.000375
-2.04944e-007	6.25e-005
-2.04444e-007	0.000375
-2.03944e-007	0.000375
-2.03444e-007	6.25e-005
-2.02944e-007	6.25e-005
-2.02444e-007	6.25e-005
-2.01944e-007	-0.00025
-2.01444e-007	0.000375
-2.00944e-007	6.25e-005
-2.00444e-007	-0.00025
-1.99944e-007	-0.000875
-1.99444e-007	-0.0011875
-1.98944e-007	-0.0011875
-1.98444e-007	-0.0015
-1.97944e-007	-0.000875
-1.97444e-007	-0.000875
-1.96944e-007	-0.000875
-1.96444e-007	-0.0005625
-1.95944e-007	-0.0005625
-1.95444e-007	-0.0005625
-1.94944e-007	-0.0005625
-1.94444e-007	6.25e-005
-1.93944e-007	0.0006875
-1.93444e-007	6.25e-005
-1.92944e-007	0.000375
-1.92444e-007	6.25e-005
-1.91944e-007	0.000375
-1.91444e-007	0.0006875
-1.90944e-007	6.25e-005
-1.90444e-007	6.25e-005
-1.89944e-007	-0.0005625
-1.89444e-007	-0.0005625
-1.88944e-007	-0.0005625
-1.88444e-007	-0.0011875
-1.87944e-007	-0.000875
-1.87444e-007	-0.0011875
-1.86944e-007	-0.00025
-1.86444e-007	-0.0005625
-1.85944e-007	-0.000875
-1.85444e-007	-0.000875
-1.84944e-007	-0.0005625
-1.84444e-007	-0.00025
-1.83944e-007	0.0006875
-1.83444e-007	0.0006875
-1.82944e-007	0.000375
-1.82444e-007	0.000375
-1.81944e-007	0.0006875
-1.81444e-007	0.0006875
-1.80944e-007	6.25e-005
-1.80444e-007	0.000375
-1.79944e-007	-0.00025
-1.79444e-007	-0.00025
-1.78944e-007	6.25e-005
-1.78444e-007	-0.00025
-1.77944e-007	-0.000875
-1.77444e-007	-0.0015
-1.76944e-007	-0.000875
-1.76444e-007	-0.000875
-1.75944e-007	-0.0018125
-1.75444e-007	-0.0011875
-1.74944e-007	-0.000875
-1.74444e-007	-0.0005625
-1.73944e-007	6.25e-005
-1.73444e-007	-0.00025
-1.72944e-007	-0.0005625
-1.72444e-007	6.25e-005
-1.71944e-007	0.0006875
-1.71444e-007	6.25e-005
-1.70944e-007	6.25e-005
-1.70444e-007	6.25e-005
-1.69944e-007	-0.00025
-1.69444e-007	6.25e-005
-1.68944e-007	6.25e-005
-1.68444e-007	-0.00025
-1.67944e-007	0.000375
-1.67444e-007	-0.00025
-1.66944e-007	-0.00025
-1.66444e-007	-0.0011875
-1.65944e-007	-0.0011875
-1.65444e-007	-0.0005625
-1.64944e-007	-0.0005625
-1.64444e-007	-0.00025
-1.63944e-007	-0.00025
-1.63444e-007	-0.000875
-1.62944e-007	-0.000875
-1.62444e-007	-0.000875
-1.61944e-007	-0.00025
-1.61444e-007	6.25e-005
-1.60944e-007	0.0006875
-1.60444e-007	0.0006875
-1.59944e-007	0.0006875
-1.59444e-007	0.0006875
-1.58944e-007	6.25e-005
-1.58444e-007	6.25e-005
-1.57944e-007	0.0006875
-1.57444e-007	0.000375
-1.56944e-007	0.0006875
-1.56444e-007	0.000375
-1.55944e-007	-0.00025
-1.55444e-007	-0.0005625
-1.54944e-007	-0.0011875
-1.54444e-007	-0.0005625
-1.53944e-007	-0.0011875
-1.53444e-007	-0.000875
-1.52944e-007	-0.0005625
-1.52444e-007	-0.0005625
-1.51944e-007	-0.0005625
-1.51444e-007	-0.000875
-1.50944e-007	-0.0005625
-1.50444e-007	6.25e-005
-1.49944e-007	-0.0005625
-1.49444e-007	-0.00025
-1.48944e-007	6.25e-005
-1.48444e-007	0.000375
-1.47944e-007	0.0013125
-1.47444e-007	0.0013125
-1.46944e-007	0.001
-1.46444e-007	0.000375
-1.45944e-007	-0.0005625
-1.45444e-007	-0.00025
-1.44944e-007	6.25e-005
-1.44444e-007	-0.0005625
-1.43944e-007	-0.000875
-1.43444e-007	-0.0011875
-1.42944e-007	-0.0011875
-1.42444e-007	-0.0018125
-1.41944e-007	-0.0018125
-1.41444e-007	-0.0011875
-1.40944e-007	-0.0005625
-1.40444e-007	-0.0005625
-1.39944e-007	-0.0005625
-1.39444e-007	-0.00025
-1.38944e-007	0.000375
-1.38444e-007	0.001
-1.37944e-007	0.0006875
-1.37444e-007	0.0006875
-1.36944e-007	0.001
-1.36444e-007	0.0006875
-1.35944e-007	0.000375
-1.35444e-007	0.001
-1.34944e-007	-0.00025
-1.34444e-007	-0.0005625
-1.33944e-007	-0.000875
-1.33444e-007	-0.0011875
-1.32944e-007	-0.0018125
-1.32444e-007	-0.0015
-1.31944e-007	-0.0011875
-1.31444e-007	-0.0018125
-1.30944e-007	-0.000875
-1.30444e-007	-0.00025
-1.29944e-007	-0.000875
-1.29444e-007	-0.00025
-1.28944e-007	6.25e-005
-1.28444e-007	0.000375
-1.27944e-007	0.001
-1.27444e-007	0.0013125
-1.26944e-007	0.000375
-1.26444e-007	0.000375
-1.25944e-007	0.000375
-1.25444e-007	6.25e-005
-1.24944e-007	6.25e-005
-1.24444e-007	-0.0005625
-1.23944e-007	-0.0005625
-1.23444e-007	-0.0011875
-1.22944e-007	-0.0011875
-1.22444e-007	-0.0018125
-1.21944e-007	-0.0018125
-1.21444e-007	-0.0015
-1.20944e-007	-0.0011875
-1.20444e-007	-0.000875
-1.19944e-007	-0.0005625
-1.19444e-007	-0.00025
-1.18944e-007	6.25e-005
-1.18444e-007	0.000375
-1.17944e-007	0.0013125
-1.17444e-007	0.0006875
-1.16944e-007	0.000375
-1.16444e-007	0.000375
-1.15944e-007	6.25e-005
-1.15444e-007	6.25e-005
-1.14944e-007	-0.00025
-1.14444e-007	-0.0005625
-1.13944e-007	-0.000875
-1.13444e-007	-0.0011875
-1.12944e-007	-0.0005625
-1.12444e-007	-0.000875
-1.11944e-007	-0.0015
-1.11444e-007	-0.0015
-1.10944e-007	-0.0005625
-1.10444e-007	-0.0005625
-1.09944e-007	-0.0005625
-1.09444e-007	6.25e-005
-1.08944e-007	0.001
-1.08444e-007	0.0013125
-1.07944e-007	0.0006875
-1.07444e-007	0.000375
-1.06944e-007	6.25e-005
-1.06444e-007	0.000375
-1.05944e-007	6.25e-005
-1.05444e-007	-0.00025
-1.04944e-007	-0.000875
-1.04444e-007	-0.0005625
-1.03944e-007	-0.0011875
-1.03444e-007	-0.0015
-1.02944e-007	-0.0011875
-1.02444e-007	-0.0011875
-1.01944e-007	-0.000875
-1.01444e-007	-0.00025
-1.00944e-007	6.25e-005
-1.00444e-007	6.25e-005
-9.9944e-008	6.25e-005
-9.9444e-008	0.000375
-9.8944e-008	0.001
-9.8444e-008	0.000375
-9.7944e-008	0.0006875
-9.7444e-008	0.000375
-9.6944e-008	0.000375
-9.6444e-008	-0.00025
-9.5944e-008	-0.000875
-9.5444e-008	-0.0005625
-9.4944e-008	-0.0011875
-9.4444e-008	-0.002125
-9.3944e-008	-0.0011875
-9.3444e-008	-0.000875
-9.2944e-008	-0.000875
-9.2444e-008	-0.0015
-9.1944e-008	-0.0005625
-9.1444e-008	0.000375
-9.0944e-008	0.0006875
-9.0444e-008	6.25e-005
-8.9944e-008	0.000375
-8.9444e-008	0.0013125
-8.8944e-008	0.0013125
-8.8444e-008	0.0006875
-8.7944e-008	0.000375
-8.7444e-008	-0.00025
-8.6944e-008	-0.00025
-8.6444e-008	-0.00025
-8.5944e-008	-0.0011875
-8.5444e-008	-0.0011875
-8.4944e-008	-0.0018125
-8.4444e-008	-0.0018125
-8.3944e-008	-0.0018125
-8.3444e-008	-0.0015
-8.2944e-008	-0.0011875
-8.2444e-008	-0.0005625
-8.1944e-008	-0.00025
-8.1444e-008	0.000375
-8.0944e-008	0.0006875
-8.0444e-008	0.001
-7.9944e-008	0.0006875
-7.9444e-008	0.0019375
-7.8944e-008	0.001625
-7.8444e-008	0.001625
-7.7944e-008	0.001
-7.7444e-008	6.25e-005
-7.6944e-008	-0.0005625
-7.6444e-008	-0.000875
-7.5944e-008	-0.0011875
-7.5444e-008	-0.0011875
-7.4944e-008	-0.0015
-7.4444e-008	-0.002125
-7.3944e-008	-0.0018125
-7.3444e-008	-0.002125
-7.2944e-008	-0.000875
-7.2444e-008	-0.0005625
-7.1944e-008	-0.00025
-7.1444e-008	0.000375
-7.0944e-008	0.0006875
-7.0444e-008	0.001
-6.9944e-008	0.001
-6.9444e-008	0.001625
-6.8944e-008	0.001625
-6.8444e-008	0.0006875
-6.7944e-008	0.0013125
-6.7444e-008	0.000375
-6.6944e-008	-0.0005625
-6.6444e-008	-0.0011875
-6.5944e-008	-0.0011875
-6.5444e-008	-0.0011875
-6.4944e-008	-0.0024375
-6.4444e-008	-0.0024375
-6.3944e-008	-0.0015
-6.3444e-008	-0.0015
-6.2944e-008	-0.0015
-6.2444e-008	-0.000875
-6.1944e-008	6.25e-005
-6.1444e-008	0.0006875
-6.0944e-008	0.000375
-6.0444e-008	0.001
-5.9944e-008	0.001
-5.9444e-008	0.0019375
-5.8944e-008	0.001
-5.8444e-008	0.000375
-5.7944e-008	0.0006875
-5.7444e-008	0.0006875
-5.6944e-008	-0.0005625
-5.6444e-008	-0.0005625
-5.5944e-008	-0.0005625
-5.5444e-008	-0.000875
-5.4944e-008	-0.002125
-5.4444e-008	-0.0018125
-5.3944e-008	-0.0015
-5.3444e-008	-0.0011875
-5.2944e-008	-0.00025
-5.2444e-008	-0.0005625
-5.1944e-008	-0.00025
-5.1444e-008	6.25e-005
-5.0944e-008	6.25e-005
-5.0444e-008	0.001
-4.9944e-008	0.0013125
-4.9444e-008	0.001
-4.8944e-008	6.25e-005
-4.8444e-008	6.25e-005
-4.7944e-008	0.000375
-4.7444e-008	-0.00025
-4.6944e-008	6.25e-005
-4.6444e-008	-0.00025
-4.5944e-008	-0.0005625
-4.5444e-008	-0.0011875
-4.4944e-008	-0.0011875
-4.4444e-008	-0.000875
-4.3944e-008	-0.000875
-4.3444e-008	-0.0011875
-4.2944e-008	-0.0011875
-4.2444e-008	-0.000875
-4.1944e-008	0.000375
-4.1444e-008	6.25e-005
-4.0944e-008	-0.000875
-4.0444e-008	-0.002125
-3.9944e-008	-0.0024375
-3.9444e-008	-0.0018125
-3.8944e-008	-0.0024375
-3.8444e-008	-0.0030625
-3.7944e-008	-0.004
-3.7444e-008	-0.004625
-3.6944e-008	-0.0055625
-3.6444e-008	-0.0061875
-3.5944e-008	-0.0061875
-3.5444e-008	-0.0065
-3.4944e-008	-0.0068125
-3.4444e-008	-0.0068125
-3.3944e-008	-0.0074375
-3.3444e-008	-0.00775
-3.2944e-008	-0.008375
-3.2444e-008	-0.0093125
-3.1944e-008	-0.0086875
-3.1444e-008	-0.0086875
-3.0944e-008	-0.0080625
-3.0444e-008	-0.008375
-2.9944e-008	-0.0093125
-2.9444e-008	-0.009
-2.8944e-008	-0.01025
-2.8444e-008	-0.0105625
-2.7944e-008	-0.0099375
-2.7444e-008	-0.01025
-2.6944e-008	-0.01025
-2.6444e-008	-0.0111875
-2.5944e-008	-0.0105625
-2.5444e-008	-0.0105625
-2.4944e-008	-0.0111875
-2.4444e-008	-0.010875
-2.3944e-008	-0.010875
-2.3444e-008	-0.0105625
-2.2944e-008	-0.0105625
-2.2444e-008	-0.010875
-2.1944e-008	-0.0099375
-2.1444e-008	-0.0105625
-2.0944e-008	-0.0105625
-2.0444e-008	-0.009625
-1.9944e-008	-0.0099375
-1.9444e-008	-0.0099375
-1.8944e-008	-0.0099375
-1.8444e-008	-0.009625
-1.7944e-008	-0.01025
-1.7444e-008	-0.010875
-1.6944e-008	-0.01025
-1.6444e-008	-0.010875
-1.5944e-008	-0.010875
-1.5444e-008	-0.01025
-1.4944e-008	-0.01025
-1.4444e-008	-0.009625
-1.3944e-008	-0.01025
-1.3444e-008	-0.01025
-1.2944e-008	-0.0105625
-1.2444e-008	-0.0105625
-1.1944e-008	-0.010875
-1.1444e-008	-0.010875
-1.0944e-008	-0.0099375
-1.0444e-008	-0.0105625
-9.944e-009	-0.0118125
-9.444e-009	-0.0111875
-8.944e-009	-0.0111875
-8.444e-009	-0.010875
-7.944e-009	-0.012125
-7.444e-009	-0.0118125
-6.944e-009	-0.0111875
-6.444e-009	-0.0115
-5.944e-009	-0.0115
-5.444e-009	-0.0118125
-4.944e-009	-0.012125
-4.444e-009	-0.0111875
-3.944e-009	-0.0115
-3.444e-009	-0.0111875
-2.944e-009	-0.0124375
-2.444e-009	-0.0118125
-1.944e-009	-0.010875
-1.444e-009	-0.0115
-9.44e-010	-0.0115
-4.44e-010	-0.0124375
5.6e-011	-0.0124375
5.56e-010	-0.0118125
1.056e-009	-0.0124375
1.556e-009	-0.012125
2.056e-009	-0.0124375
2.556e-009	-0.01275
3.056e-009	-0.0124375
3.556e-009	-0.0124375
4.056e-009	-0.0124375
4.556e-009	-0.012125
5.056e-009	-0.012125
5.556e-009	-0.0118125
6.056e-009	-0.0115
6.556e-009	-0.0111875
7.056e-009	-0.0115
7.556e-009	-0.0118125
8.056e-009	-0.012125
8.556e-009	-0.0118125
9.056e-009	-0.0124375
9.556e-009	-0.012125
1.0056e-008	-0.0118125
1.0556e-008	-0.0115
1.1056e-008	-0.0118125
1.1556e-008	-0.0115
1.2056e-008	-0.012125
1.2556e-008	-0.0118125
1.3056e-008	-0.0118125
1.3556e-008	-0.0118125
1.4056e-008	-0.0124375
1.4556e-008	-0.012125
1.5056e-008	-0.012125
1.5556e-008	-0.012125
1.6056e-008	-0.012125
1.6556e-008	-0.0115
1.7056e-008	-0.0124375
1.7556e-008	-0.012125
1.8056e-008	-0.012125
1.8556e-008	-0.0111875
1.9056e-008	-0.010875
1.9556e-008	-0.0111875
2.0056e-008	-0.0115
2.0556e-008	-0.010875
2.1056e-008	-0.010875
2.1556e-008	-0.0115
2.2056e-008	-0.0111875
2.2556e-008	-0.0115
2.3056e-008	-0.0118125
2.3556e-008	-0.0115
2.4056e-008	-0.0118125
2.4556e-008	-0.012125
2.5056e-008	-0.010875
2.5556e-008	-0.0118125
2.6056e-008	-0.012125
2.6556e-008	-0.0118125
2.7056e-008	-0.0115
2.7556e-008	-0.0111875
2.8056e-008	-0.0115
2.8556e-008	-0.0115
2.9056e-008	-0.0115
2.9556e-008	-0.012125
3.0056e-008	-0.0111875
3.0556e-008	-0.010875
3.1056e-008	-0.0111875
3.1556e-008	-0.0111875
3.2056e-008	-0.0118125
3.2556e-008	-0.0118125
3.3056e-008	-0.012125
3.3556e-008	-0.012125
3.4056e-008	-0.01275
3.4556e-008	-0.012125
3.5056e-008	-0.0124375
3.5556e-008	-0.012125
3.6056e-008	-0.012125
3.6556e-008	-0.0118125
3.7056e-008	-0.0118125
3.7556e-008	-0.0115
3.8056e-008	-0.0118125
3.8556e-008	-0.0111875
3.9056e-008	-0.0111875
3.9556e-008	-0.010875
4.0056e-008	-0.0105625
4.0556e-008	-0.010875
4.1056e-008	-0.01025
4.1556e-008	-0.010875
4.2056e-008	-0.0118125
4.2556e-008	-0.0115
4.3056e-008	-0.0115
4.3556e-008	-0.0118125
4.4056e-008	-0.01275
4.4556e-008	-0.012125
4.5056e-008	-0.012125
4.5556e-008	-0.0130625
4.6056e-008	-0.0118125
4.6556e-008	-0.0118125
4.7056e-008	-0.012125
4.7556e-008	-0.0111875
4.8056e-008	-0.010875
4.8556e-008	-0.0105625
4.9056e-008	-0.010875
4.9556e-008	-0.0099375
5.0056e-008	-0.0093125
5.0556e-008	-0.0111875
5.1056e-008	-0.0111875
5.1556e-008	-0.010875
5.2056e-008	-0.0118125
5.2556e-008	-0.0115
5.3056e-008	-0.012125
5.3556e-008	-0.0124375
5.4056e-008	-0.013375
5.4556e-008	-0.0124375
5.5056e-008	-0.012125
5.5556e-008	-0.0124375
5.6056e-008	-0.0118125
5.6556e-008	-0.0111875
5.7056e-008	-0.0111875
5.7556e-008	-0.0105625
5.8056e-008	-0.01025
5.8556e-008	-0.0093125
5.9056e-008	-0.0099375
5.9556e-008	-0.01025
6.0056e-008	-0.0099375
6.0556e-008	-0.0105625
6.1056e-008	-0.010875
6.1556e-008	-0.0111875
6.2056e-008	-0.0115
6.2556e-008	-0.0118125
6.3056e-008	-0.01275
6.3556e-008	-0.012125
6.4056e-008	-0.01275
6.4556e-008	-0.012125
6.5056e-008	-0.0111875
6.5556e-008	-0.012125
6.6056e-008	-0.0111875
6.6556e-008	-0.010875
6.7056e-008	-0.01025
6.7556e-008	-0.01025
6.8056e-008	-0.0105625
6.8556e-008	-0.009625
6.9056e-008	-0.0099375
6.9556e-008	-0.01025
7.0056e-008	-0.01025
7.0556e-008	-0.0105625
7.1056e-008	-0.01025
7.1556e-008	-0.0115
7.2056e-008	-0.0124375
7.2556e-008	-0.012125
7.3056e-008	-0.0124375
7.3556e-008	-0.0118125
7.4056e-008	-0.01275
7.4556e-008	-0.0124375
7.5056e-008	-0.012125
7.5556e-008	-0.012125
7.6056e-008	-0.010875
7.6556e-008	-0.0111875
7.7056e-008	-0.0105625
7.7556e-008	-0.0093125
7.8056e-008	-0.0093125
7.8556e-008	-0.0093125
7.9056e-008	-0.009625
7.9556e-008	-0.009625
8.0056e-008	-0.009625
8.0556e-008	-0.010875
8.1056e-008	-0.0115
8.1556e-008	-0.0111875
8.2056e-008	-0.0115
8.2556e-008	-0.0115
8.3056e-008	-0.01275
8.3556e-008	-0.012125
8.4056e-008	-0.012125
8.4556e-008	-0.0115
8.5056e-008	-0.0111875
8.5556e-008	-0.010875
8.6056e-008	-0.0105625
8.6556e-008	-0.0105625
8.7056e-008	-0.0099375
8.7556e-008	-0.009
8.8056e-008	-0.009
8.8556e-008	-0.009625
8.9056e-008	-0.0099375
8.9556e-008	-0.0099375
9.0056e-008	-0.009625
9.0556e-008	-0.010875
9.1056e-008	-0.010875
9.1556e-008	-0.0115
9.2056e-008	-0.012125
9.2556e-008	-0.0115
9.3056e-008	-0.0118125
9.3556e-008	-0.0118125
9.4056e-008	-0.012125
9.4556e-008	-0.0111875
9.5056e-008	-0.0105625
9.5556e-008	-0.010875
9.6056e-008	-0.0105625
9.6556e-008	-0.010875
9.7056e-008	-0.009625
9.7556e-008	-0.009
9.8056e-008	-0.009625
9.8556e-008	-0.009625
9.9056e-008	-0.009625
9.9556e-008	-0.0105625
1.00056e-007	-0.0105625
1.00556e-007	-0.0111875
1.01056e-007	-0.0118125
1.01556e-007	-0.0118125
1.02056e-007	-0.0115
1.02556e-007	-0.0105625
1.03056e-007	-0.0115
1.03556e-007	-0.0115
1.04056e-007	-0.012125
1.04556e-007	-0.0111875
1.05056e-007	-0.01025
1.05556e-007	-0.0105625
1.06056e-007	-0.009
1.06556e-007	-0.0093125
1.07056e-007	-0.0099375
1.07556e-007	-0.0093125
1.08056e-007	-0.009625
1.08556e-007	-0.009625
1.09056e-007	-0.01025
1.09556e-007	-0.01025
1.10056e-007	-0.01025
1.10556e-007	-0.0115
1.11056e-007	-0.0115
1.11556e-007	-0.0111875
1.12056e-007	-0.0105625
1.12556e-007	-0.010875
1.13056e-007	-0.0111875
1.13556e-007	-0.0105625
1.14056e-007	-0.0105625
1.14556e-007	-0.0099375
1.15056e-007	-0.0093125
1.15556e-007	-0.0093125
1.16056e-007	-0.009
1.16556e-007	-0.009625
1.17056e-007	-0.0093125
1.17556e-007	-0.009
1.18056e-007	-0.009
1.18556e-007	-0.009625
1.19056e-007	-0.0105625
1.19556e-007	-0.01025
1.20056e-007	-0.010875
1.20556e-007	-0.0115
1.21056e-007	-0.0105625
1.21556e-007	-0.010875
1.22056e-007	-0.0111875
1.22556e-007	-0.01025
1.23056e-007	-0.0099375
1.23556e-007	-0.0099375
1.24056e-007	-0.009625
1.24556e-007	-0.0093125
1.25056e-007	-0.009
1.25556e-007	-0.009
1.26056e-007	-0.0086875
1.26556e-007	-0.0086875
1.27056e-007	-0.0086875
1.27556e-007	-0.0093125
1.28056e-007	-0.01025
1.28556e-007	-0.01025
1.29056e-007	-0.010875
1.29556e-007	-0.0099375
1.30056e-007	-0.0099375
1.30556e-007	-0.010875
1.31056e-007	-0.0111875
1.31556e-007	-0.0111875
1.32056e-007	-0.01025
1.32556e-007	-0.009625
1.33056e-007	-0.0099375
1.33556e-007	-0.009625
1.34056e-007	-0.0093125
1.34556e-007	-0.0086875
1.35056e-007	-0.0080625
1.35556e-007	-0.0086875
1.36056e-007	-0.009
1.36556e-007	-0.009
1.37056e-007	-0.009
1.37556e-007	-0.009
1.38056e-007	-0.009625
1.38556e-007	-0.0099375
1.39056e-007	-0.0099375
1.39556e-007	-0.0099375
1.40056e-007	-0.0099375
1.40556e-007	-0.0105625
1.41056e-007	-0.0105625
1.41556e-007	-0.0105625
1.42056e-007	-0.0093125
1.42556e-007	-0.0093125
1.43056e-007	-0.009
1.43556e-007	-0.009
1.44056e-007	-0.0080625
1.44556e-007	-0.008375
1.45056e-007	-0.009
1.45556e-007	-0.009
1.46056e-007	-0.0080625
1.46556e-007	-0.009
1.47056e-007	-0.0086875
1.47556e-007	-0.009
1.48056e-007	-0.009625
1.48556e-007	-0.01025
1.49056e-007	-0.0099375
1.49556e-007	-0.0099375
1.50056e-007	-0.01025
1.50556e-007	-0.01025
1.51056e-007	-0.009
1.51556e-007	-0.009
1.52056e-007	-0.009
1.52556e-007	-0.0093125
1.53056e-007	-0.0086875
1.53556e-007	-0.0086875
1.54056e-007	-0.009
1.54556e-007	-0.008375
1.55056e-007	-0.008375
1.55556e-007	-0.009
1.56056e-007	-0.009
1.56556e-007	-0.009
1.57056e-007	-0.0093125
1.57556e-007	-0.009625
1.58056e-007	-0.0093125
1.58556e-007	-0.0093125
1.59056e-007	-0.0099375
1.59556e-007	-0.0093125
1.60056e-007	-0.009
1.60556e-007	-0.009625
1.61056e-007	-0.0093125
1.61556e-007	-0.008375
1.62056e-007	-0.00775
1.62556e-007	-0.008375
1.63056e-007	-0.008375
1.63556e-007	-0.009
1.64056e-007	-0.0086875
1.64556e-007	-0.0086875
1.65056e-007	-0.008375
1.65556e-007	-0.0093125
1.66056e-007	-0.0086875
1.66556e-007	-0.009
1.67056e-007	-0.0093125
1.67556e-007	-0.0099375
1.68056e-007	-0.0086875
1.68556e-007	-0.009
1.69056e-007	-0.0093125
1.69556e-007	-0.0093125
1.70056e-007	-0.0086875
1.70556e-007	-0.0080625
1.71056e-007	-0.0074375
1.71556e-007	-0.00775
1.72056e-007	-0.00775
1.72556e-007	-0.008375
1.73056e-007	-0.0080625
1.73556e-007	-0.008375
1.74056e-007	-0.0080625
1.74556e-007	-0.00775
1.75056e-007	-0.009
1.75556e-007	-0.01025
1.76056e-007	-0.0093125
1.76556e-007	-0.009
1.77056e-007	-0.0093125
1.77556e-007	-0.009625
1.78056e-007	-0.009625
1.78556e-007	-0.0086875
1.79056e-007	-0.008375
1.79556e-007	-0.00775
1.80056e-007	-0.00775
1.80556e-007	-0.0074375
1.81056e-007	-0.0074375
1.81556e-007	-0.00775
1.82056e-007	-0.0074375
1.82556e-007	-0.00775
1.83056e-007	-0.00775
1.83556e-007	-0.008375
1.84056e-007	-0.0080625
1.84556e-007	-0.0086875
1.85056e-007	-0.009625
1.85556e-007	-0.008375
1.86056e-007	-0.0080625
1.86556e-007	-0.009625
1.87056e-007	-0.009
1.87556e-007	-0.008375
1.88056e-007	-0.008375
1.88556e-007	-0.009625
1.89056e-007	-0.008375
1.89556e-007	-0.007125
1.90056e-007	-0.0074375
1.90556e-007	-0.00775
1.91056e-007	-0.0074375
1.91556e-007	-0.0074375
1.92056e-007	-0.0074375
1.92556e-007	-0.00775
1.93056e-007	-0.0074375
1.93556e-007	-0.0086875
1.94056e-007	-0.0086875
1.94556e-007	-0.0086875
1.95056e-007	-0.008375
1.95556e-007	-0.008375
1.96056e-007	-0.0086875
1.96556e-007	-0.009
1.97056e-007	-0.0086875
1.97556e-007	-0.008375
1.98056e-007	-0.0074375
1.98556e-007	-0.0080625
1.99056e-007	-0.0080625
1.99556e-007	-0.00775
2.00056e-007	-0.0074375
2.00556e-007	-0.0074375
2.01056e-007	-0.0074375
2.01556e-007	-0.0074375
2.02056e-007	-0.0074375
2.02556e-007	-0.00775
2.03056e-007	-0.0074375
2.03556e-007	-0.0086875
2.04056e-007	-0.0080625
2.04556e-007	-0.0074375
2.05056e-007	-0.008375
2.05556e-007	-0.0086875
2.06056e-007	-0.008375
2.06556e-007	-0.00775
2.07056e-007	-0.0080625
2.07556e-007	-0.00775
2.08056e-007	-0.0068125
2.08556e-007	-0.0068125
2.09056e-007	-0.007125
2.09556e-007	-0.0074375
2.10056e-007	-0.007125
2.10556e-007	-0.007125
2.11056e-007	-0.00775
2.11556e-007	-0.0074375
2.12056e-007	-0.0068125
2.12556e-007	-0.008375
2.13056e-007	-0.0080625
2.13556e-007	-0.008375
2.14056e-007	-0.008375
2.14556e-007	-0.008375
2.15056e-007	-0.0080625
2.15556e-007	-0.0080625
2.16056e-007	-0.00775
2.16556e-007	-0.0074375
2.17056e-007	-0.00775
2.17556e-007	-0.0074375
2.18056e-007	-0.005875
2.18556e-007	-0.0065
2.19056e-007	-0.0065
2.19556e-007	-0.0065
2.20056e-007	-0.0068125
2.20556e-007	-0.007125
2.21056e-007	-0.0068125
2.21556e-007	-0.0068125
2.22056e-007	-0.00775
2.22556e-007	-0.008375
2.23056e-007	-0.00775
2.23556e-007	-0.008375
2.24056e-007	-0.0080625
2.24556e-007	-0.0080625
2.25056e-007	-0.00775
2.25556e-007	-0.0074375
2.26056e-007	-0.00775
2.26556e-007	-0.0074375
2.27056e-007	-0.007125
2.27556e-007	-0.0061875
2.28056e-007	-0.0055625
2.28556e-007	-0.005875
2.29056e-007	-0.0061875
2.29556e-007	-0.0061875
2.30056e-007	-0.0065
2.30556e-007	-0.007125
2.31056e-007	-0.0074375
2.31556e-007	-0.007125
2.32056e-007	-0.00775
2.32556e-007	-0.00775
2.33056e-007	-0.0080625
2.33556e-007	-0.0086875
2.34056e-007	-0.0080625
2.34556e-007	-0.008375
2.35056e-007	-0.00775
2.35556e-007	-0.00775
2.36056e-007	-0.0068125
2.36556e-007	-0.0061875
2.37056e-007	-0.0068125
2.37556e-007	-0.0061875
2.38056e-007	-0.0055625
2.38556e-007	-0.0055625
2.39056e-007	-0.0055625
2.39556e-007	-0.0061875
2.40056e-007	-0.0068125
2.40556e-007	-0.0065
2.41056e-007	-0.0065
2.41556e-007	-0.0074375
2.42056e-007	-0.0074375
2.42556e-007	-0.0080625
2.43056e-007	-0.0080625
2.43556e-007	-0.0080625
2.44056e-007	-0.0074375
2.44556e-007	-0.0074375
2.45056e-007	-0.0080625
2.45556e-007	-0.00775
2.46056e-007	-0.0068125
2.46556e-007	-0.0061875
2.47056e-007	-0.0061875
2.47556e-007	-0.0065
2.48056e-007	-0.0055625
2.48556e-007	-0.005875
2.49056e-007	-0.005875
2.49556e-007	-0.0055625
2.50056e-007	-0.005875
2.50556e-007	-0.0061875
2.51056e-007	-0.007125
2.51556e-007	-0.0074375
2.52056e-007	-0.0074375
2.52556e-007	-0.00775
2.53056e-007	-0.0074375
2.53556e-007	-0.00775
2.54056e-007	-0.0074375
2.54556e-007	-0.0074375
2.55056e-007	-0.0068125
2.55556e-007	-0.007125
2.56056e-007	-0.007125
2.56556e-007	-0.0065
2.57056e-007	-0.005875
2.57556e-007	-0.0061875
2.58056e-007	-0.005875
2.58556e-007	-0.005875
2.59056e-007	-0.005875
2.59556e-007	-0.005875
2.60056e-007	-0.005875
2.60556e-007	-0.0065
2.61056e-007	-0.0068125
2.61556e-007	-0.0065
2.62056e-007	-0.007125
2.62556e-007	-0.0074375
2.63056e-007	-0.007125
2.63556e-007	-0.0074375
2.64056e-007	-0.0068125
2.64556e-007	-0.007125
2.65056e-007	-0.0068125
2.65556e-007	-0.0068125
2.66056e-007	-0.0068125
2.66556e-007	-0.0061875
2.67056e-007	-0.005875
2.67556e-007	-0.0061875
2.68056e-007	-0.0061875
2.68556e-007	-0.0061875
2.69056e-007	-0.0061875
2.69556e-007	-0.005875
2.70056e-007	-0.00525
2.70556e-007	-0.005875
2.71056e-007	-0.0065
2.71556e-007	-0.0061875
2.72056e-007	-0.005875
2.72556e-007	-0.005875
2.73056e-007	-0.0065
2.73556e-007	-0.0068125
2.74056e-007	-0.0061875
2.74556e-007	-0.005875
2.75056e-007	-0.005875
2.75556e-007	-0.0061875
2.76056e-007	-0.0061875
2.76556e-007	-0.005875
2.77056e-007	-0.0065
2.77556e-007	-0.0065
2.78056e-007	-0.0065
2.78556e-007	-0.0068125
2.79056e-007	-0.0061875
2.79556e-007	-0.0061875
2.80056e-007	-0.005875
2.80556e-007	-0.0061875
2.81056e-007	-0.0068125
2.81556e-007	-0.0061875
2.82056e-007	-0.005875
2.82556e-007	-0.0055625
2.83056e-007	-0.005875
2.83556e-007	-0.0061875
2.84056e-007	-0.005875
2.84556e-007	-0.005875
2.85056e-007	-0.0061875
2.85556e-007	-0.005875
2.86056e-007	-0.0061875
2.86556e-007	-0.0068125
2.87056e-007	-0.0065
2.87556e-007	-0.0061875
2.88056e-007	-0.0055625
2.88556e-007	-0.0065
2.89056e-007	-0.0065
2.89556e-007	-0.0061875
2.90056e-007	-0.005875
2.90556e-007	-0.005875
2.91056e-007	-0.0055625
2.91556e-007	-0.005875
2.92056e-007	-0.005875
2.92556e-007	-0.00525
2.93056e-007	-0.00525
2.93556e-007	-0.00525
2.94056e-007	-0.00525
2.94556e-007	-0.005875
2.95056e-007	-0.005875
2.95556e-007	-0.0055625
2.96056e-007	-0.0061875
2.96556e-007	-0.0061875
2.97056e-007	-0.005875
2.97556e-007	-0.0061875
2.98056e-007	-0.0061875
2.98556e-007	-0.0065
2.99056e-007	-0.0061875
2.99556e-007	-0.005875
3.00056e-007	-0.0061875
3.00556e-007	-0.0065
3.01056e-007	-0.0061875
3.01556e-007	-0.0055625
3.02056e-007	-0.0055625
3.02556e-007	-0.00525
3.03056e-007	-0.0049375
3.03556e-007	-0.005875
3.04056e-007	-0.0055625
3.04556e-007	-0.00525
3.05056e-007	-0.00525
3.05556e-007	-0.0055625
3.06056e-007	-0.0061875
3.06556e-007	-0.0061875
3.07056e-007	-0.005875
3.07556e-007	-0.0055625
3.08056e-007	-0.0065
3.08556e-007	-0.0068125
3.09056e-007	-0.0055625
3.09556e-007	-0.0065
3.10056e-007	-0.0061875
3.10556e-007	-0.005875
3.11056e-007	-0.00525
3.11556e-007	-0.00525
3.12056e-007	-0.0055625
3.12556e-007	-0.00525
3.13056e-007	-0.004625
3.13556e-007	-0.0043125
3.14056e-007	-0.004625
3.14556e-007	-0.0061875
3.15056e-007	-0.0055625
3.15556e-007	-0.0055625
3.16056e-007	-0.005875
3.16556e-007	-0.005875
3.17056e-007	-0.0065
3.17556e-007	-0.0061875
3.18056e-007	-0.0055625
3.18556e-007	-0.0055625
3.19056e-007	-0.0055625
3.19556e-007	-0.0061875
3.20056e-007	-0.005875
3.20556e-007	-0.0049375
3.21056e-007	-0.00525
3.21556e-007	-0.004625
3.22056e-007	-0.00525
3.22556e-007	-0.0049375
3.23056e-007	-0.0049375
3.23556e-007	-0.004625
3.24056e-007	-0.0043125
3.24556e-007	-0.005875
3.25056e-007	-0.0061875
3.25556e-007	-0.005875
3.26056e-007	-0.005875
3.26556e-007	-0.0055625
3.27056e-007	-0.005875
3.27556e-007	-0.00525
3.28056e-007	-0.0049375
3.28556e-007	-0.0055625
3.29056e-007	-0.0049375
3.29556e-007	-0.004625
3.30056e-007	-0.004625
3.30556e-007	-0.0049375
3.31056e-007	-0.004625
3.31556e-007	-0.004625
3.32056e-007	-0.0049375
3.32556e-007	-0.0049375
3.33056e-007	-0.0049375
3.33556e-007	-0.00525
3.34056e-007	-0.0049375
3.34556e-007	-0.005875
3.35056e-007	-0.0061875
3.35556e-007	-0.0065
3.36056e-007	-0.005875
3.36556e-007	-0.00525
3.37056e-007	-0.0061875
3.37556e-007	-0.0065
3.38056e-007	-0.005875
3.38556e-007	-0.0055625
3.39056e-007	-0.004625
3.39556e-007	-0.0043125
3.40056e-007	-0.0036875
3.40556e-007	-0.0043125
3.41056e-007	-0.0049375
3.41556e-007	-0.0036875
3.42056e-007	-0.0043125
3.42556e-007	-0.0043125
3.43056e-007	-0.004625
3.43556e-007	-0.004625
3.44056e-007	-0.00525
3.44556e-007	-0.0055625
3.45056e-007	-0.0055625
3.45556e-007	-0.0061875
3.46056e-007	-0.0061875
3.46556e-007	-0.005875
3.47056e-007	-0.0061875
3.47556e-007	-0.0049375
3.48056e-007	-0.0055625
3.48556e-007	-0.0055625
3.49056e-007	-0.004625
3.49556e-007	-0.00525
3.50056e-007	-0.004625
3.50556e-007	-0.0043125
3.51056e-007	-0.0043125
3.51556e-007	-0.004
3.52056e-007	-0.0049375
3.52556e-007	-0.004625
3.53056e-007	-0.004
3.53556e-007	-0.0043125
3.54056e-007	-0.004625
3.54556e-007	-0.0061875
3.55056e-007	-0.00525
3.55556e-007	-0.005875
3.56056e-007	-0.0061875
3.56556e-007	-0.005875
3.57056e-007	-0.005875
3.57556e-007	-0.0055625
3.58056e-007	-0.005875
3.58556e-007	-0.005875
3.59056e-007	-0.004625
3.59556e-007	-0.004625
3.60056e-007	-0.0043125
3.60556e-007	-0.0049375
3.61056e-007	-0.004625
3.61556e-007	-0.004
3.62056e-007	-0.0043125
3.62556e-007	-0.0036875
3.63056e-007	-0.0043125
3.63556e-007	-0.004625
3.64056e-007	-0.0049375
3.64556e-007	-0.0055625
3.65056e-007	-0.0049375
3.65556e-007	-0.0055625
3.66056e-007	-0.0055625
3.66556e-007	-0.00525
3.67056e-007	-0.005875
3.67556e-007	-0.005875
3.68056e-007	-0.005875
3.68556e-007	-0.0049375
3.69056e-007	-0.0043125
3.69556e-007	-0.0049375
3.70056e-007	-0.0043125
3.70556e-007	-0.004625
3.71056e-007	-0.0036875
3.71556e-007	-0.0036875
3.72056e-007	-0.0049375
3.72556e-007	-0.0036875
3.73056e-007	-0.0036875
3.73556e-007	-0.004625
3.74056e-007	-0.004625
3.74556e-007	-0.0049375
3.75056e-007	-0.0055625
3.75556e-007	-0.0061875
3.76056e-007	-0.00525
3.76556e-007	-0.0049375
3.77056e-007	-0.0055625
3.77556e-007	-0.0049375
3.78056e-007	-0.00525
3.78556e-007	-0.0049375
3.79056e-007	-0.004625
3.79556e-007	-0.004625
3.80056e-007	-0.0043125
3.80556e-007	-0.0049375
3.81056e-007	-0.0043125
3.81556e-007	-0.0043125
3.82056e-007	-0.0043125
3.82556e-007	-0.0043125
3.83056e-007	-0.004
3.83556e-007	-0.0043125
3.84056e-007	-0.0043125
3.84556e-007	-0.004
3.85056e-007	-0.004
3.85556e-007	-0.00525
3.86056e-007	-0.004625
3.86556e-007	-0.0049375
3.87056e-007	-0.004625
3.87556e-007	-0.004625
3.88056e-007	-0.00525
3.88556e-007	-0.00525
3.89056e-007	-0.00525
3.89556e-007	-0.00525
3.90056e-007	-0.0043125
3.90556e-007	-0.0043125
3.91056e-007	-0.0049375
3.91556e-007	-0.00525
3.92056e-007	-0.0049375
3.92556e-007	-0.004
3.93056e-007	-0.0043125
3.93556e-007	-0.0049375
3.94056e-007	-0.004625
3.94556e-007	-0.0043125
3.95056e-007	-0.0043125
3.95556e-007	-0.0049375
3.96056e-007	-0.004625
3.96556e-007	-0.0043125
3.97056e-007	-0.004625
3.97556e-007	-0.0043125
3.98056e-007	-0.0043125
3.98556e-007	-0.0043125
3.99056e-007	-0.0049375
3.99556e-007	-0.004625
4.00056e-007	-0.0049375
4.00556e-007	-0.0049375
4.01056e-007	-0.0049375
4.01556e-007	-0.0049375
4.02056e-007	-0.0043125
4.02556e-007	-0.0043125
4.03056e-007	-0.0043125
4.03556e-007	-0.0043125
4.04056e-007	-0.0043125
4.04556e-007	-0.004
4.05056e-007	-0.0043125
4.05556e-007	-0.004
4.06056e-007	-0.0036875
4.06556e-007	-0.004
4.07056e-007	-0.0036875
4.07556e-007	-0.0043125
4.08056e-007	-0.0043125
4.08556e-007	-0.0043125
4.09056e-007	-0.004625
4.09556e-007	-0.004
4.10056e-007	-0.0043125
4.10556e-007	-0.0049375
4.11056e-007	-0.004
4.11556e-007	-0.0043125
4.12056e-007	-0.0043125
4.12556e-007	-0.004625
4.13056e-007	-0.004625
4.13556e-007	-0.0043125
4.14056e-007	-0.0043125
4.14556e-007	-0.0036875
4.15056e-007	-0.0036875
4.15556e-007	-0.0030625
4.16056e-007	-0.003375
4.16556e-007	-0.0043125
4.17056e-007	-0.003375
4.17556e-007	-0.0030625
4.18056e-007	-0.004
4.18556e-007	-0.0036875
4.19056e-007	-0.0043125
4.19556e-007	-0.004
4.20056e-007	-0.0043125
4.20556e-007	-0.0049375
4.21056e-007	-0.0055625
4.21556e-007	-0.00525
4.22056e-007	-0.0043125
4.22556e-007	-0.0043125
4.23056e-007	-0.004
4.23556e-007	-0.003375
4.24056e-007	-0.004
4.24556e-007	-0.003375
4.25056e-007	-0.003375
4.25556e-007	-0.0036875
4.26056e-007	-0.0030625
4.26556e-007	-0.0030625
4.27056e-007	-0.0024375
4.27556e-007	-0.0030625
4.28056e-007	-0.0043125
4.28556e-007	-0.0043125
4.29056e-007	-0.0043125
4.29556e-007	-0.0043125
4.30056e-007	-0.004
4.30556e-007	-0.004
4.31056e-007	-0.004
4.31556e-007	-0.004625
4.32056e-007	-0.0049375
4.32556e-007	-0.004625
4.33056e-007	-0.0036875
4.33556e-007	-0.003375
4.34056e-007	-0.004
4.34556e-007	-0.004
4.35056e-007	-0.0036875
4.35556e-007	-0.003375
4.36056e-007	-0.003375
4.36556e-007	-0.00275
4.37056e-007	-0.00275
4.37556e-007	-0.004
4.38056e-007	-0.0036875
4.38556e-007	-0.003375
4.39056e-007	-0.0043125
4.39556e-007	-0.0036875
4.40056e-007	-0.00525
4.40556e-007	-0.005875
4.41056e-007	-0.004625
4.41556e-007	-0.004
4.42056e-007	-0.0043125
4.42556e-007	-0.004
4.43056e-007	-0.003375
4.43556e-007	-0.003375
4.44056e-007	-0.0036875
4.44556e-007	-0.00275
4.45056e-007	-0.003375
4.45556e-007	-0.0030625
4.46056e-007	-0.0030625
4.46556e-007	-0.0036875
4.47056e-007	-0.0036875
4.47556e-007	-0.003375
4.48056e-007	-0.0030625
4.48556e-007	-0.0043125
4.49056e-007	-0.0049375
4.49556e-007	-0.0049375
4.50056e-007	-0.004625
4.50556e-007	-0.004625
4.51056e-007	-0.0049375
4.51556e-007	-0.0049375
4.52056e-007	-0.004625
4.52556e-007	-0.0043125
4.53056e-007	-0.0036875
4.53556e-007	-0.003375
4.54056e-007	-0.003375
4.54556e-007	-0.0030625
4.55056e-007	-0.0024375
4.55556e-007	-0.00275
4.56056e-007	-0.0030625
4.56556e-007	-0.0030625
4.57056e-007	-0.00275
4.57556e-007	-0.0043125
4.58056e-007	-0.0043125
4.58556e-007	-0.0043125
4.59056e-007	-0.0055625
4.59556e-007	-0.00525
4.60056e-007	-0.0049375
4.60556e-007	-0.004625
4.61056e-007	-0.0049375
4.61556e-007	-0.0049375
4.62056e-007	-0.0043125
4.62556e-007	-0.004
4.63056e-007	-0.0030625
4.63556e-007	-0.0024375
4.64056e-007	-0.0024375
4.64556e-007	-0.0024375
4.65056e-007	-0.0024375
4.65556e-007	-0.0024375
4.66056e-007	-0.00275
4.66556e-007	-0.00275
4.67056e-007	-0.00275
4.67556e-007	-0.0036875
4.68056e-007	-0.0043125
4.68556e-007	-0.0043125
4.69056e-007	-0.0055625
4.69556e-007	-0.0049375
4.70056e-007	-0.0049375
4.70556e-007	-0.00525
4.71056e-007	-0.0049375
4.71556e-007	-0.0043125
4.72056e-007	-0.004
4.72556e-007	-0.003375
4.73056e-007	-0.002125
4.73556e-007	-0.0024375
4.74056e-007	-0.002125
4.74556e-007	-0.0018125
4.75056e-007	-0.00275
4.75556e-007	-0.0024375
4.76056e-007	-0.0011875
4.76556e-007	-0.00275
4.77056e-007	-0.003375
4.77556e-007	-0.0036875
4.78056e-007	-0.0036875
4.78556e-007	-0.0043125
4.79056e-007	-0.00525
4.79556e-007	-0.0055625
4.80056e-007	-0.0055625
4.80556e-007	-0.0043125
4.81056e-007	-0.004625
4.81556e-007	-0.0049375
4.82056e-007	-0.0036875
4.82556e-007	-0.0030625
4.83056e-007	-0.002125
4.83556e-007	-0.0011875
4.84056e-007	-0.002125
4.84556e-007	-0.0018125
4.85056e-007	-0.0018125
4.85556e-007	-0.002125
4.86056e-007	-0.002125
4.86556e-007	-0.00275
4.87056e-007	-0.0030625
4.87556e-007	-0.0036875
4.88056e-007	-0.004625
4.88556e-007	-0.00525
4.89056e-007	-0.0055625
4.89556e-007	-0.0049375
4.90056e-007	-0.0055625
4.90556e-007	-0.0049375
4.91056e-007	-0.004625
4.91556e-007	-0.004
4.92056e-007	-0.003375
4.92556e-007	-0.0024375
4.93056e-007	-0.0024375
4.93556e-007	-0.0018125
4.94056e-007	-0.000875
4.94556e-007	-0.000875
4.95056e-007	-0.0018125
4.95556e-007	-0.002125
4.96056e-007	-0.0018125
4.96556e-007	-0.0030625
4.97056e-007	-0.0036875
4.97556e-007	-0.004
4.98056e-007	-0.0049375
4.98556e-007	-0.00525
4.99056e-007	-0.0055625
4.99556e-007	-0.005875
5.00056e-007	-0.00525
5.00556e-007	-0.0043125
5.01056e-007	-0.0036875
5.01556e-007	-0.003375
5.02056e-007	-0.0024375
5.02556e-007	-0.0024375
5.03056e-007	-0.0015
5.03556e-007	-0.0005625
5.04056e-007	-0.0011875
5.04556e-007	-0.0015
5.05056e-007	-0.0011875
5.05556e-007	-0.0018125
5.06056e-007	-0.002125
5.06556e-007	-0.00275
5.07056e-007	-0.0036875
5.07556e-007	-0.004625
5.08056e-007	-0.00525
5.08556e-007	-0.0055625
5.09056e-007	-0.0055625
5.09556e-007	-0.0049375
5.10056e-007	-0.0049375
5.10556e-007	-0.0036875
5.11056e-007	-0.004
5.11556e-007	-0.004
5.12056e-007	-0.0030625
5.12556e-007	-0.0018125
5.13056e-007	-0.0015
5.13556e-007	-0.0015
5.14056e-007	-0.0015
5.14556e-007	-0.000875
5.15056e-007	-0.0018125
5.15556e-007	-0.0018125
5.16056e-007	-0.0011875
5.16556e-007	-0.0024375
5.17056e-007	-0.0036875
5.17556e-007	-0.0043125
5.18056e-007	-0.004625
5.18556e-007	-0.004625
5.19056e-007	-0.00525
5.19556e-007	-0.004625
5.20056e-007	-0.0049375
5.20556e-007	-0.0043125
5.21056e-007	-0.0043125
5.21556e-007	-0.0036875
5.22056e-007	-0.002125
5.22556e-007	-0.0018125
5.23056e-007	-0.0011875
5.23556e-007	-0.0011875
5.24056e-007	-0.000875
5.24556e-007	-0.0011875
5.25056e-007	-0.0011875
5.25556e-007	-0.002125
5.26056e-007	-0.00275
5.26556e-007	-0.0030625
5.27056e-007	-0.003375
5.27556e-007	-0.0043125
5.28056e-007	-0.004
5.28556e-007	-0.0043125
5.29056e-007	-0.0055625
5.29556e-007	-0.0049375
5.30056e-007	-0.0049375
5.30556e-007	-0.0036875
5.31056e-007	-0.0030625
5.31556e-007	-0.0030625
5.32056e-007	-0.0024375
5.32556e-007	-0.0018125
5.33056e-007	-0.0005625
5.33556e-007	-0.0011875
5.34056e-007	-0.0011875
5.34556e-007	-0.0005625
5.35056e-007	-0.0018125
5.35556e-007	-0.0024375
5.36056e-007	-0.0024375
5.36556e-007	-0.00275
5.37056e-007	-0.0030625
5.37556e-007	-0.004
5.38056e-007	-0.004625
5.38556e-007	-0.0043125
5.39056e-007	-0.0049375
5.39556e-007	-0.0043125
5.40056e-007	-0.004625
5.40556e-007	-0.003375
5.41056e-007	-0.0030625
5.41556e-007	-0.00275
5.42056e-007	-0.002125
5.42556e-007	-0.0024375
5.43056e-007	-0.0018125
5.43556e-007	-0.0018125
5.44056e-007	-0.0018125
5.44556e-007	-0.002125
5.45056e-007	-0.0018125
5.45556e-007	-0.002125
5.46056e-007	-0.00275
5.46556e-007	-0.003375
5.47056e-007	-0.0024375
5.47556e-007	-0.0030625
5.48056e-007	-0.003375
5.48556e-007	-0.004
5.49056e-007	-0.004
5.49556e-007	-0.0036875
5.50056e-007	-0.004
5.50556e-007	-0.004
5.51056e-007	-0.003375
5.51556e-007	-0.00275
5.52056e-007	-0.0030625
5.52556e-007	-0.003375
5.53056e-007	-0.002125
5.53556e-007	-0.0018125
5.54056e-007	-0.0015
5.54556e-007	-0.000875
5.55056e-007	-0.0018125
5.55556e-007	-0.00275
5.56056e-007	-0.003375
5.56556e-007	-0.00275
5.57056e-007	-0.002125
5.57556e-007	-0.00275
5.58056e-007	-0.003375
5.58556e-007	-0.004
5.59056e-007	-0.0036875
5.59556e-007	-0.0030625
5.60056e-007	-0.0036875
5.60556e-007	-0.0030625
5.61056e-007	-0.0030625
5.61556e-007	-0.0030625
5.62056e-007	-0.00275
5.62556e-007	-0.00275
5.63056e-007	-0.00275
5.63556e-007	-0.002125
5.64056e-007	-0.0018125
5.64556e-007	-0.002125
5.65056e-007	-0.0030625
5.65556e-007	-0.0024375
5.66056e-007	-0.0024375
5.66556e-007	-0.0024375
5.67056e-007	-0.0018125
5.67556e-007	-0.0030625
5.68056e-007	-0.003375
5.68556e-007	-0.0030625
5.69056e-007	-0.0030625
5.69556e-007	-0.0024375
5.70056e-007	-0.00275
5.70556e-007	-0.003375
5.71056e-007	-0.003375
5.71556e-007	-0.0036875
5.72056e-007	-0.003375
5.72556e-007	-0.0036875
5.73056e-007	-0.00275
5.73556e-007	-0.0024375
5.74056e-007	-0.002125
5.74556e-007	-0.0024375
5.75056e-007	-0.0030625
5.75556e-007	-0.0018125
5.76056e-007	-0.0018125
5.76556e-007	-0.002125
5.77056e-007	-0.0024375
5.77556e-007	-0.0024375
5.78056e-007	-0.0024375
5.78556e-007	-0.00275
5.79056e-007	-0.0030625
5.79556e-007	-0.0036875
5.80056e-007	-0.003375
5.80556e-007	-0.0036875
5.81056e-007	-0.004
5.81556e-007	-0.003375
5.82056e-007	-0.0030625
5.82556e-007	-0.0030625
5.83056e-007	-0.0030625
5.83556e-007	-0.0024375
5.84056e-007	-0.0018125
5.84556e-007	-0.0024375
5.85056e-007	-0.002125
5.85556e-007	-0.002125
5.86056e-007	-0.002125
5.86556e-007	-0.0018125
5.87056e-007	-0.0018125
5.87556e-007	-0.0015
5.88056e-007	-0.0018125
5.88556e-007	-0.0024375
5.89056e-007	-0.0024375
5.89556e-007	-0.0024375
5.90056e-007	-0.00275
5.90556e-007	-0.0024375
5.91056e-007	-0.0030625
5.91556e-007	-0.004
5.92056e-007	-0.003375
5.92556e-007	-0.0030625
5.93056e-007	-0.003375
5.93556e-007	-0.00275
5.94056e-007	-0.0018125
5.94556e-007	-0.0030625
5.95056e-007	-0.002125
5.95556e-007	-0.0018125
5.96056e-007	-0.0018125
5.96556e-007	-0.002125
5.97056e-007	-0.0018125
5.97556e-007	-0.002125
5.98056e-007	-0.0018125
5.98556e-007	-0.002125
5.99056e-007	-0.0024375
5.99556e-007	-0.003375
6.00056e-007	-0.0030625
6.00556e-007	-0.0030625
6.01056e-007	-0.003375
6.01556e-007	-0.003375
6.02056e-007	-0.0036875
6.02556e-007	-0.003375
6.03056e-007	-0.003375
6.03556e-007	-0.0030625
6.04056e-007	-0.0030625
6.04556e-007	-0.00275
6.05056e-007	-0.0018125
6.05556e-007	-0.0015
6.06056e-007	-0.0015
6.06556e-007	-0.0018125
6.07056e-007	-0.0018125
6.07556e-007	-0.0018125
6.08056e-007	-0.0024375
6.08556e-007	-0.00275
6.09056e-007	-0.0030625
6.09556e-007	-0.0030625
6.10056e-007	-0.0030625
6.10556e-007	-0.003375
6.11056e-007	-0.0036875
6.11556e-007	-0.0036875
6.12056e-007	-0.0036875
6.12556e-007	-0.0036875
6.13056e-007	-0.0030625
6.13556e-007	-0.0024375
6.14056e-007	-0.0018125
6.14556e-007	-0.0018125
6.15056e-007	-0.0018125
6.15556e-007	-0.002125
6.16056e-007	-0.0011875
6.16556e-007	-0.0015
6.17056e-007	-0.002125
6.17556e-007	-0.0024375
6.18056e-007	-0.0024375
6.18556e-007	-0.00275
6.19056e-007	-0.0036875
6.19556e-007	-0.0043125
6.20056e-007	-0.0036875
6.20556e-007	-0.003375
6.21056e-007	-0.0030625
6.21556e-007	-0.004
6.22056e-007	-0.003375
6.22556e-007	-0.002125
6.23056e-007	-0.002125
6.23556e-007	-0.0018125
6.24056e-007	-0.0015
6.24556e-007	-0.0015
6.25056e-007	-0.0011875
6.25556e-007	-0.0011875
6.26056e-007	-0.0005625
6.26556e-007	-0.0011875
6.27056e-007	-0.0015
6.27556e-007	-0.0018125
6.28056e-007	-0.002125
6.28556e-007	-0.00275
6.29056e-007	-0.004
6.29556e-007	-0.004
6.30056e-007	-0.004
6.30556e-007	-0.0043125
6.31056e-007	-0.003375
6.31556e-007	-0.0030625
6.32056e-007	-0.003375
6.32556e-007	-0.002125
6.33056e-007	-0.0018125
6.33556e-007	-0.002125
6.34056e-007	-0.000875
6.34556e-007	6.25e-005
6.35056e-007	-0.00025
6.35556e-007	-0.000875
6.36056e-007	-0.0011875
6.36556e-007	-0.000875
6.37056e-007	-0.0011875
6.37556e-007	-0.0015
6.38056e-007	-0.002125
6.38556e-007	-0.0030625
6.39056e-007	-0.0036875
6.39556e-007	-0.003375
6.40056e-007	-0.0030625
6.40556e-007	-0.0030625
6.41056e-007	-0.0036875
6.41556e-007	-0.003375
6.42056e-007	-0.00275
6.42556e-007	-0.00275
6.43056e-007	-0.0018125
6.43556e-007	-0.0011875
6.44056e-007	-0.000875
6.44556e-007	-0.000875
6.45056e-007	-0.000875
6.45556e-007	-0.000875
6.46056e-007	-0.000875
6.46556e-007	-0.0011875
6.47056e-007	-0.000875
6.47556e-007	-0.002125
6.48056e-007	-0.002125
6.48556e-007	-0.00275
6.49056e-007	-0.0030625
6.49556e-007	-0.0030625
6.50056e-007	-0.0030625
6.50556e-007	-0.004
6.51056e-007	-0.004
6.51556e-007	-0.003375
6.52056e-007	-0.00275
6.52556e-007	-0.002125
6.53056e-007	-0.002125
6.53556e-007	-0.0024375
6.54056e-007	-0.0015
6.54556e-007	-0.000875
6.55056e-007	-0.000875
6.55556e-007	-0.000875
6.56056e-007	-0.0011875
6.56556e-007	-0.0011875
6.57056e-007	-0.0018125
6.57556e-007	-0.0015
6.58056e-007	-0.0018125
6.58556e-007	-0.00275
6.59056e-007	-0.0030625
6.59556e-007	-0.0030625
6.60056e-007	-0.0030625
6.60556e-007	-0.00275
6.61056e-007	-0.003375
6.61556e-007	-0.003375
6.62056e-007	-0.0030625
6.62556e-007	-0.0024375
6.63056e-007	-0.002125
6.63556e-007	-0.0024375
6.64056e-007	-0.0018125
6.64556e-007	-0.0018125
6.65056e-007	-0.0018125
6.65556e-007	-0.0018125
6.66056e-007	-0.000875
6.66556e-007	-0.0011875
6.67056e-007	-0.0018125
6.67556e-007	-0.002125
6.68056e-007	-0.002125
6.68556e-007	-0.00275
6.69056e-007	-0.0024375
6.69556e-007	-0.0024375
6.70056e-007	-0.0018125
6.70556e-007	-0.0024375
6.71056e-007	-0.00275
6.71556e-007	-0.00275
6.72056e-007	-0.0024375
6.72556e-007	-0.002125
6.73056e-007	-0.0018125
6.73556e-007	-0.0018125
6.74056e-007	-0.0018125
6.74556e-007	-0.002125
6.75056e-007	-0.0018125
6.75556e-007	-0.002125
6.76056e-007	-0.0018125
6.76556e-007	-0.002125
6.77056e-007	-0.002125
6.77556e-007	-0.0015
6.78056e-007	-0.0015
6.78556e-007	-0.0024375
6.79056e-007	-0.0024375
6.79556e-007	-0.002125
6.80056e-007	-0.0018125
6.80556e-007	-0.002125
6.81056e-007	-0.0018125
6.81556e-007	-0.0011875
6.82056e-007	-0.002125
6.82556e-007	-0.0024375
6.83056e-007	-0.0024375
6.83556e-007	-0.002125
6.84056e-007	-0.002125
6.84556e-007	-0.0024375
6.85056e-007	-0.002125
6.85556e-007	-0.002125
6.86056e-007	-0.002125
6.86556e-007	-0.0024375
6.87056e-007	-0.0018125
6.87556e-007	-0.0015
6.88056e-007	-0.0018125
6.88556e-007	-0.0015
6.89056e-007	-0.0018125
6.89556e-007	-0.002125
6.90056e-007	-0.0005625
6.90556e-007	-0.0011875
6.91056e-007	-0.0015
6.91556e-007	-0.0015
6.92056e-007	-0.0011875
6.92556e-007	-0.002125
6.93056e-007	-0.0024375
6.93556e-007	-0.002125
6.94056e-007	-0.0018125
6.94556e-007	-0.0030625
6.95056e-007	-0.0030625
6.95556e-007	-0.00275
6.96056e-007	-0.0018125
6.96556e-007	-0.0024375
6.97056e-007	-0.002125
6.97556e-007	-0.0018125
6.98056e-007	-0.0011875
6.98556e-007	-0.0018125
6.99056e-007	-0.0018125
6.99556e-007	-0.0011875
7.00056e-007	-0.000875
7.00556e-007	-0.0005625
7.01056e-007	-0.0011875
7.01556e-007	-0.0015
7.02056e-007	-0.0015
7.02556e-007	-0.0018125
7.03056e-007	-0.002125
7.03556e-007	-0.0024375
7.04056e-007	-0.0024375
7.04556e-007	-0.0024375
7.05056e-007	-0.0024375
7.05556e-007	-0.00275
7.06056e-007	-0.0024375
7.06556e-007	-0.00275
7.07056e-007	-0.0024375
7.07556e-007	-0.002125
7.08056e-007	-0.0018125
7.08556e-007	-0.0015
7.09056e-007	-0.0018125
7.09556e-007	-0.0015
7.10056e-007	-0.000875
7.10556e-007	-0.0005625
7.11056e-007	-0.0005625
7.11556e-007	-0.000875
7.12056e-007	-0.0011875
7.12556e-007	-0.002125
7.13056e-007	-0.002125
7.13556e-007	-0.0024375
7.14056e-007	-0.0024375
7.14556e-007	-0.0030625
7.15056e-007	-0.0024375
7.15556e-007	-0.00275
7.16056e-007	-0.00275
7.16556e-007	-0.0030625
7.17056e-007	-0.0018125
7.17556e-007	-0.0011875
7.18056e-007	-0.000875
7.18556e-007	-0.0011875
7.19056e-007	-0.0005625
7.19556e-007	-0.0005625
7.20056e-007	-0.000875
7.20556e-007	-0.000875
7.21056e-007	-0.0005625
7.21556e-007	-0.0015
7.22056e-007	-0.0018125
7.22556e-007	-0.0030625
7.23056e-007	-0.00275
7.23556e-007	-0.0024375
7.24056e-007	-0.00275
7.24556e-007	-0.0018125
7.25056e-007	-0.002125
7.25556e-007	-0.002125
7.26056e-007	-0.002125
7.26556e-007	-0.0011875
7.27056e-007	-0.0018125
7.27556e-007	-0.0018125
7.28056e-007	-0.000875
7.28556e-007	-0.0005625
7.29056e-007	-0.000875
7.29556e-007	-0.0005625
7.30056e-007	-0.0011875
7.30556e-007	-0.0015
7.31056e-007	-0.000875
7.31556e-007	-0.0015
7.32056e-007	-0.002125
7.32556e-007	-0.0024375
7.33056e-007	-0.003375
7.33556e-007	-0.0030625
7.34056e-007	-0.002125
7.34556e-007	-0.002125
7.35056e-007	-0.00275
7.35556e-007	-0.0030625
7.36056e-007	-0.0015
7.36556e-007	-0.0018125
7.37056e-007	-0.0011875
7.37556e-007	-0.000875
7.38056e-007	-0.0005625
7.38556e-007	-0.0005625
7.39056e-007	6.25e-005
7.39556e-007	-0.0005625
7.40056e-007	-0.0011875
7.40556e-007	-0.0018125
7.41056e-007	-0.0018125
7.41556e-007	-0.002125
7.42056e-007	-0.00275
7.42556e-007	-0.0024375
7.43056e-007	-0.0024375
7.43556e-007	-0.003375
7.44056e-007	-0.0043125
7.44556e-007	-0.0030625
7.45056e-007	-0.002125
7.45556e-007	-0.002125
7.46056e-007	-0.0011875
7.46556e-007	-0.0011875
7.47056e-007	-0.000875
7.47556e-007	-0.0005625
7.48056e-007	-0.0011875
7.48556e-007	6.25e-005
7.49056e-007	-0.00025
7.49556e-007	6.25e-005
7.50056e-007	-0.0005625
7.50556e-007	-0.0011875
7.51056e-007	-0.0011875
7.51556e-007	-0.0018125
7.52056e-007	-0.00275
7.52556e-007	-0.0030625
7.53056e-007	-0.003375
7.53556e-007	-0.0030625
7.54056e-007	-0.00275
7.54556e-007	-0.00275
7.55056e-007	-0.00275
7.55556e-007	-0.002125
7.56056e-007	-0.0011875
7.56556e-007	-0.0015
7.57056e-007	-0.0005625
7.57556e-007	-0.00025
7.58056e-007	6.25e-005
7.58556e-007	-0.0005625
7.59056e-007	-0.0005625
7.59556e-007	-0.000875
7.60056e-007	-0.0005625
7.60556e-007	-0.0005625
7.61056e-007	-0.0018125
7.61556e-007	-0.0024375
7.62056e-007	-0.002125
7.62556e-007	-0.003375
7.63056e-007	-0.004
7.63556e-007	-0.003375
7.64056e-007	-0.0030625
7.64556e-007	-0.0024375
7.65056e-007	-0.0024375
7.65556e-007	-0.002125
7.66056e-007	-0.000875
7.66556e-007	-0.0011875
7.67056e-007	-0.000875
7.67556e-007	-0.00025
7.68056e-007	-0.00025
7.68556e-007	6.25e-005
7.69056e-007	-0.00025
7.69556e-007	-0.000875
7.70056e-007	-0.0005625
7.70556e-007	-0.000875
7.71056e-007	-0.000875
7.71556e-007	-0.0018125
7.72056e-007	-0.0024375
7.72556e-007	-0.0030625
7.73056e-007	-0.003375
7.73556e-007	-0.00275
7.74056e-007	-0.00275
7.74556e-007	-0.0030625
7.75056e-007	-0.0024375
7.75556e-007	-0.002125
7.76056e-007	-0.0015
7.76556e-007	-0.000875
7.77056e-007	-0.0005625
7.77556e-007	-0.000875
7.78056e-007	-0.000875
7.78556e-007	0.000375
7.79056e-007	-0.0005625
7.79556e-007	-0.0005625
7.80056e-007	-0.0005625
7.80556e-007	-0.0018125
7.81056e-007	-0.0015
7.81556e-007	-0.0015
7.82056e-007	-0.002125
7.82556e-007	-0.0024375
7.83056e-007	-0.0030625
7.83556e-007	-0.00275
7.84056e-007	-0.00275
7.84556e-007	-0.0024375
7.85056e-007	-0.0024375
7.85556e-007	-0.0024375
7.86056e-007	-0.0011875
7.86556e-007	-0.0015
7.87056e-007	-0.000875
7.87556e-007	-0.000875
7.88056e-007	-0.00025
7.88556e-007	0.000375
7.89056e-007	-0.0005625
7.89556e-007	-0.0011875
7.90056e-007	-0.0005625
7.90556e-007	-0.000875
7.91056e-007	-0.0011875
7.91556e-007	-0.002125
7.92056e-007	-0.002125
7.92556e-007	-0.0024375
7.93056e-007	-0.0024375
7.93556e-007	-0.0024375
7.94056e-007	-0.0030625
7.94556e-007	-0.0030625
7.95056e-007	-0.002125
7.95556e-007	-0.002125
7.96056e-007	-0.0011875
7.96556e-007	-0.000875
7.97056e-007	-0.0015
7.97556e-007	-0.0011875
7.98056e-007	-0.000875
7.98556e-007	-0.0005625
7.99056e-007	-0.000875
7.99556e-007	-0.0005625
8.00056e-007	-0.000875
8.00556e-007	-0.0011875
8.01056e-007	-0.0011875
8.01556e-007	-0.0018125
8.02056e-007	-0.0011875
8.02556e-007	-0.0015
8.03056e-007	-0.0024375
8.03556e-007	-0.002125
8.04056e-007	-0.00275
8.04556e-007	-0.003375
8.05056e-007	-0.0024375
8.05556e-007	-0.0024375
8.06056e-007	-0.002125
8.06556e-007	-0.0015
8.07056e-007	-0.0011875
8.07556e-007	-0.000875
8.08056e-007	-0.000875
8.08556e-007	-0.000875
8.09056e-007	-0.000875
8.09556e-007	-0.000875
8.10056e-007	-0.000875
8.10556e-007	-0.0011875
8.11056e-007	-0.000875
8.11556e-007	-0.000875
8.12056e-007	-0.0011875
8.12556e-007	-0.0018125
8.13056e-007	-0.002125
8.13556e-007	-0.0030625
8.14056e-007	-0.00275
8.14556e-007	-0.0024375
8.15056e-007	-0.002125
8.15556e-007	-0.002125
8.16056e-007	-0.0018125
8.16556e-007	-0.0018125
8.17056e-007	-0.0018125
8.17556e-007	-0.0005625
8.18056e-007	-0.0011875
8.18556e-007	-0.0011875
8.19056e-007	-0.0005625
8.19556e-007	-0.0005625
8.20056e-007	-0.000875
8.20556e-007	-0.000875
8.21056e-007	-0.0005625
8.21556e-007	-0.000875
8.22056e-007	-0.0018125
8.22556e-007	-0.0024375
8.23056e-007	-0.0018125
8.23556e-007	-0.0018125
8.24056e-007	-0.002125
8.24556e-007	-0.002125
8.25056e-007	-0.002125
8.25556e-007	-0.0024375
8.26056e-007	-0.002125
8.26556e-007	-0.0011875
8.27056e-007	-0.0018125
8.27556e-007	-0.0011875
8.28056e-007	-0.00025
8.28556e-007	-0.0005625
8.29056e-007	-0.0011875
8.29556e-007	-0.000875
8.30056e-007	-0.00025
8.30556e-007	-0.0005625
8.31056e-007	-0.0005625
8.31556e-007	-0.000875
8.32056e-007	-0.0015
8.32556e-007	-0.0018125
8.33056e-007	-0.0018125
8.33556e-007	-0.0024375
8.34056e-007	-0.0024375
8.34556e-007	-0.0024375
8.35056e-007	-0.002125
8.35556e-007	-0.002125
8.36056e-007	-0.0015
8.36556e-007	-0.0015
8.37056e-007	-0.0015
8.37556e-007	-0.0015
8.38056e-007	-0.0011875
8.38556e-007	-0.0011875
8.39056e-007	6.25e-005
8.39556e-007	-0.0005625
8.40056e-007	-0.0015
8.40556e-007	-0.0011875
8.41056e-007	-0.00025
8.41556e-007	-0.0005625
8.42056e-007	-0.0015
8.42556e-007	-0.0018125
8.43056e-007	-0.0011875
8.43556e-007	-0.0024375
8.44056e-007	-0.0024375
8.44556e-007	-0.0024375
8.45056e-007	-0.0024375
8.45556e-007	-0.0024375
8.46056e-007	-0.0030625
8.46556e-007	-0.0015
8.47056e-007	-0.000875
8.47556e-007	-0.0018125
8.48056e-007	-0.0011875
8.48556e-007	-0.000875
8.49056e-007	-0.0011875
8.49556e-007	-0.0005625
8.50056e-007	6.25e-005
8.50556e-007	0.000375
8.51056e-007	-0.0005625
8.51556e-007	-0.0011875
8.52056e-007	-0.0018125
8.52556e-007	-0.0011875
8.53056e-007	-0.000875
8.53556e-007	-0.0018125
8.54056e-007	-0.002125
8.54556e-007	-0.0024375
8.55056e-007	-0.0024375
8.55556e-007	-0.0024375
8.56056e-007	-0.002125
8.56556e-007	-0.0015
8.57056e-007	-0.000875
8.57556e-007	-0.0011875
8.58056e-007	-0.0015
8.58556e-007	-0.0018125
8.59056e-007	6.25e-005
8.59556e-007	6.25e-005
8.60056e-007	6.25e-005
8.60556e-007	-0.00025
8.61056e-007	6.25e-005
8.61556e-007	-0.0005625
8.62056e-007	-0.0011875
8.62556e-007	-0.0015
8.63056e-007	-0.000875
8.63556e-007	-0.0011875
8.64056e-007	-0.000875
8.64556e-007	-0.002125
8.65056e-007	-0.002125
8.65556e-007	-0.0024375
8.66056e-007	-0.002125
8.66556e-007	-0.002125
8.67056e-007	-0.0018125
8.67556e-007	-0.0015
8.68056e-007	-0.0011875
8.68556e-007	-0.0011875
8.69056e-007	-0.0011875
8.69556e-007	-0.0005625
8.70056e-007	-0.0005625
8.70556e-007	-0.00025
8.71056e-007	-0.00025
8.71556e-007	-0.00025
8.72056e-007	6.25e-005
8.72556e-007	-0.00025
8.73056e-007	-0.0018125
8.73556e-007	-0.0018125
8.74056e-007	-0.000875
8.74556e-007	-0.0015
8.75056e-007	-0.002125
8.75556e-007	-0.0018125
8.76056e-007	-0.0015
8.76556e-007	-0.002125
8.77056e-007	-0.0024375
8.77556e-007	-0.0018125
8.78056e-007	-0.0011875
8.78556e-007	-0.0011875
8.79056e-007	-0.0005625
8.79556e-007	-0.0005625
8.80056e-007	-0.0005625
8.80556e-007	-0.000875
8.81056e-007	-0.000875
8.81556e-007	-0.000875
8.82056e-007	-0.000875
8.82556e-007	-0.0011875
8.83056e-007	-0.000875
8.83556e-007	-0.0011875
8.84056e-007	-0.0018125
8.84556e-007	-0.0011875
8.85056e-007	-0.0011875
8.85556e-007	-0.0018125
8.86056e-007	-0.0011875
8.86556e-007	-0.0011875
8.87056e-007	-0.0011875
8.87556e-007	-0.0018125
8.88056e-007	-0.0015
8.88556e-007	-0.0011875
8.89056e-007	-0.000875
8.89556e-007	-0.0005625
8.90056e-007	6.25e-005
8.90556e-007	-0.0005625
8.91056e-007	-0.000875
8.91556e-007	-0.000875
8.92056e-007	-0.0005625
8.92556e-007	-0.00025
8.93056e-007	-0.000875
8.93556e-007	-0.0011875
8.94056e-007	-0.0011875
8.94556e-007	-0.0011875
8.95056e-007	-0.0018125
8.95556e-007	-0.002125
8.96056e-007	-0.0018125
8.96556e-007	-0.000875
8.97056e-007	-0.000875
8.97556e-007	-0.0011875
8.98056e-007	-0.0011875
8.98556e-007	-0.0015
8.99056e-007	-0.0011875
8.99556e-007	-0.0011875
9.00056e-007	-0.0005625
9.00556e-007	-0.00025
9.01056e-007	-0.00025
9.01556e-007	-0.0005625
9.02056e-007	-0.000875
9.02556e-007	-0.0011875
9.03056e-007	-0.0005625
9.03556e-007	-0.0005625
9.04056e-007	-0.0015
9.04556e-007	-0.0018125
9.05056e-007	-0.0018125
9.05556e-007	-0.002125
9.06056e-007	-0.000875
9.06556e-007	-0.0011875
9.07056e-007	-0.000875
9.07556e-007	-0.000875
9.08056e-007	-0.0011875
9.08556e-007	-0.0011875
9.09056e-007	-0.0011875
9.09556e-007	-0.0005625
9.10056e-007	6.25e-005
9.10556e-007	-0.0005625
9.11056e-007	0.000375
9.11556e-007	-0.0005625
9.12056e-007	-0.00025
9.12556e-007	-0.0005625
9.13056e-007	-0.000875
9.13556e-007	-0.0015
9.14056e-007	-0.0015
9.14556e-007	-0.0005625
9.15056e-007	-0.000875
9.15556e-007	-0.002125
9.16056e-007	-0.0018125
9.16556e-007	-0.0011875
9.17056e-007	-0.000875
9.17556e-007	-0.0011875
9.18056e-007	-0.0015
9.18556e-007	-0.000875
9.19056e-007	-0.0011875
9.19556e-007	-0.00025
9.20056e-007	-0.00025
9.20556e-007	-0.0011875
9.21056e-007	-0.0005625
9.21556e-007	-0.0005625
9.22056e-007	-0.0005625
9.22556e-007	-0.000875
9.23056e-007	-0.0011875
9.23556e-007	-0.0015
9.24056e-007	-0.0015
9.24556e-007	-0.0011875
9.25056e-007	-0.0015
9.25556e-007	-0.002125
9.26056e-007	-0.0011875
9.26556e-007	-0.002125
9.27056e-007	-0.0018125
9.27556e-007	-0.0011875
9.28056e-007	-0.0011875
9.28556e-007	-0.0005625
9.29056e-007	-0.0005625
9.29556e-007	-0.000875
9.30056e-007	-0.0005625
9.30556e-007	-0.0005625
9.31056e-007	-0.0005625
9.31556e-007	-0.0005625
9.32056e-007	-0.0005625
9.32556e-007	-0.000875
9.33056e-007	-0.000875
9.33556e-007	-0.0005625
9.34056e-007	-0.0011875
9.34556e-007	-0.0015
9.35056e-007	-0.0018125
9.35556e-007	-0.0024375
9.36056e-007	-0.0018125
9.36556e-007	-0.002125
9.37056e-007	-0.0015
9.37556e-007	-0.0011875
9.38056e-007	-0.0011875
9.38556e-007	-0.0011875
9.39056e-007	-0.0005625
9.39556e-007	-0.00025
9.40056e-007	-0.0005625
9.40556e-007	-0.0011875
9.41056e-007	-0.0005625
9.41556e-007	-0.0005625
9.42056e-007	-0.0005625
9.42556e-007	-0.000875
9.43056e-007	-0.000875
9.43556e-007	-0.0011875
9.44056e-007	-0.000875
9.44556e-007	-0.0005625
9.45056e-007	-0.0011875
9.45556e-007	-0.0018125
9.46056e-007	-0.0015
9.46556e-007	-0.0011875
9.47056e-007	-0.0011875
9.47556e-007	-0.002125
9.48056e-007	-0.0015
9.48556e-007	-0.000875
9.49056e-007	-0.0005625
9.49556e-007	-0.00025
9.50056e-007	6.25e-005
9.50556e-007	-0.00025
9.51056e-007	-0.00025
9.51556e-007	-0.0005625
9.52056e-007	-0.0005625
9.52556e-007	-0.0005625
9.53056e-007	-0.0005625
9.53556e-007	-0.0015
9.54056e-007	-0.0011875
9.54556e-007	-0.0011875
9.55056e-007	-0.0015
9.55556e-007	-0.0024375
9.56056e-007	-0.0018125
9.56556e-007	-0.0018125
9.57056e-007	-0.0011875
9.57556e-007	-0.0015
9.58056e-007	-0.0015
9.58556e-007	-0.0011875
9.59056e-007	-0.0005625
9.59556e-007	-0.000875
9.60056e-007	-0.0011875
9.60556e-007	0.000375
9.61056e-007	-0.0005625
9.61556e-007	-0.0015
9.62056e-007	-0.0005625
9.62556e-007	-0.0015
9.63056e-007	-0.000875
9.63556e-007	-0.0011875
9.64056e-007	-0.000875
9.64556e-007	-0.000875
9.65056e-007	-0.0015
9.65556e-007	-0.0011875
9.66056e-007	-0.0011875
9.66556e-007	-0.0018125
9.67056e-007	-0.0015
9.67556e-007	-0.0011875
9.68056e-007	-0.0011875
9.68556e-007	-0.0018125
9.69056e-007	-0.0018125
9.69556e-007	-0.000875
9.70056e-007	-0.000875
9.70556e-007	-0.0005625
9.71056e-007	-0.00025
9.71556e-007	6.25e-005
9.72056e-007	-0.0011875
9.72556e-007	-0.0011875
9.73056e-007	-0.00025
9.73556e-007	-0.00025
9.74056e-007	-0.0005625
9.74556e-007	-0.0005625
9.75056e-007	-0.000875
9.75556e-007	-0.00025
9.76056e-007	-0.0011875
9.76556e-007	-0.0018125
9.77056e-007	-0.0011875
9.77556e-007	-0.0011875
9.78056e-007	-0.0005625
9.78556e-007	-0.0018125
9.79056e-007	-0.000875
9.79556e-007	-0.000875
9.80056e-007	-0.000875
9.80556e-007	-0.0005625
9.81056e-007	-0.0005625
9.81556e-007	6.25e-005
9.82056e-007	-0.00025
9.82556e-007	-0.000875
9.83056e-007	-0.0005625
9.83556e-007	-0.0005625
9.84056e-007	6.25e-005
9.84556e-007	-0.0015
9.85056e-007	-0.0011875
9.85556e-007	-0.0005625
9.86056e-007	-0.0015
9.86556e-007	-0.0011875
9.87056e-007	-0.000875
9.87556e-007	-0.000875
9.88056e-007	-0.00025
9.88556e-007	-0.0005625
9.89056e-007	-0.00025
9.89556e-007	-0.00025
9.90056e-007	-0.0005625
9.90556e-007	-0.0011875
9.91056e-007	-0.0011875
9.91556e-007	-0.0005625
9.92056e-007	-0.000875
9.92556e-007	-0.0005625
9.93056e-007	-0.00025
9.93556e-007	-0.0015
9.94056e-007	-0.0005625
9.94556e-007	-0.0005625
9.95056e-007	-0.000875
9.95556e-007	-0.0011875
9.96056e-007	-0.0018125
9.96556e-007	-0.000875
9.97056e-007	-0.000875
9.97556e-007	-0.0005625
9.98056e-007	-0.00025
9.98556e-007	-0.0005625
9.99056e-007	6.25e-005
9.99556e-007	-0.00025
1.000056e-006	6.25e-005
1.000556e-006	-0.0005625
1.001056e-006	-0.000875
1.001556e-006	-0.0005625
1.002056e-006	-0.0005625
1.002556e-006	-0.000875
1.003056e-006	-0.0005625
1.003556e-006	-0.0018125
1.004056e-006	-0.0005625
1.004556e-006	-0.0018125
1.005056e-006	-0.0018125
1.005556e-006	-0.000875
1.006056e-006	-0.0018125
1.006556e-006	-0.0011875
1.007056e-006	-0.0005625
1.007556e-006	-0.000875
1.008056e-006	-0.00025
1.008556e-006	-0.000875
1.009056e-006	6.25e-005
1.009556e-006	6.25e-005
1.010056e-006	0.0006875
1.010556e-006	0.0006875
1.011056e-006	-0.000875
1.011556e-006	-0.0005625
1.012056e-006	-0.000875
1.012556e-006	-0.0011875
1.013056e-006	-0.0011875
1.013556e-006	-0.0011875
1.014056e-006	-0.0018125
1.014556e-006	-0.0030625
1.015056e-006	-0.00275
1.015556e-006	-0.002125
1.016056e-006	-0.0018125
1.016556e-006	-0.000875
1.017056e-006	-0.000875
1.017556e-006	-0.0005625
1.018056e-006	-0.0005625
1.018556e-006	-0.0005625
1.019056e-006	0.000375
1.019556e-006	0.000375
1.020056e-006	0.0006875
1.020556e-006	0.0006875
1.021056e-006	6.25e-005
1.021556e-006	6.25e-005
1.022056e-006	-0.00025
1.022556e-006	-0.000875
1.023056e-006	-0.0005625
1.023556e-006	-0.0018125
1.024056e-006	-0.0018125
1.024556e-006	-0.002125
1.025056e-006	-0.0018125
1.025556e-006	-0.0015
1.026056e-006	-0.002125
1.026556e-006	-0.002125
1.027056e-006	-0.00025
1.027556e-006	-0.00025
1.028056e-006	6.25e-005
1.028556e-006	6.25e-005
1.029056e-006	6.25e-005
1.029556e-006	0.000375
1.030056e-006	0.0013125
1.030556e-006	0.0006875
1.031056e-006	0.000375
1.031556e-006	0.0006875
1.032056e-006	0.0006875
1.032556e-006	6.25e-005
1.033056e-006	-0.000875
1.033556e-006	-0.0015
1.034056e-006	-0.000875
1.034556e-006	-0.0015
1.035056e-006	-0.00275
1.035556e-006	-0.0024375
1.036056e-006	-0.0018125
1.036556e-006	-0.0011875
1.037056e-006	-0.000875
1.037556e-006	-0.0005625
1.038056e-006	-0.0005625
1.038556e-006	0.000375
1.039056e-006	0.001
1.039556e-006	0.000375
1.040056e-006	0.000375
1.040556e-006	0.0013125
1.041056e-006	0.0013125
1.041556e-006	0.0006875
1.042056e-006	6.25e-005
1.042556e-006	-0.0005625
1.043056e-006	-0.0005625
1.043556e-006	-0.0015
1.044056e-006	-0.002125
1.044556e-006	-0.002125
1.045056e-006	-0.0018125
1.045556e-006	-0.002125
1.046056e-006	-0.0018125
1.046556e-006	-0.002125
1.047056e-006	-0.0015
1.047556e-006	-0.000875
1.048056e-006	6.25e-005
1.048556e-006	0.0006875
1.049056e-006	0.0006875
1.049556e-006	6.25e-005
1.050056e-006	0.0013125
1.050556e-006	0.001
1.051056e-006	0.0006875
1.051556e-006	6.25e-005
1.052056e-006	-0.0005625
1.052556e-006	-0.0015
1.053056e-006	-0.0011875
1.053556e-006	-0.0015
1.054056e-006	-0.002125
1.054556e-006	-0.0024375
1.055056e-006	-0.0018125
1.055556e-006	-0.0018125
1.056056e-006	-0.0024375
1.056556e-006	-0.0018125
1.057056e-006	-0.0005625
1.057556e-006	-0.00025
1.058056e-006	-0.00025
1.058556e-006	-0.00025
1.059056e-006	0.000375
1.059556e-006	6.25e-005
1.060056e-006	6.25e-005
1.060556e-006	0.000375
1.061056e-006	6.25e-005
1.061556e-006	6.25e-005
1.062056e-006	-0.0005625
1.062556e-006	-0.000875
1.063056e-006	-0.0011875
1.063556e-006	-0.0018125
1.064056e-006	-0.002125
1.064556e-006	-0.0018125
1.065056e-006	-0.0018125
1.065556e-006	-0.00275
1.066056e-006	-0.0018125
1.066556e-006	-0.0005625
1.067056e-006	-0.000875
1.067556e-006	-0.000875
1.068056e-006	-0.00025
1.068556e-006	6.25e-005
1.069056e-006	0.0006875
1.069556e-006	6.25e-005
1.070056e-006	-0.00025
1.070556e-006	6.25e-005
1.071056e-006	6.25e-005
1.071556e-006	-0.000875
1.072056e-006	-0.000875
1.072556e-006	-0.0005625
1.073056e-006	-0.0015
1.073556e-006	-0.0024375
1.074056e-006	-0.002125
1.074556e-006	-0.0018125
1.075056e-006	-0.0015
1.075556e-006	-0.0018125
1.076056e-006	-0.000875
1.076556e-006	-0.000875
1.077056e-006	-0.0011875
1.077556e-006	-0.00025
1.078056e-006	0.000375
1.078556e-006	0.0006875
1.079056e-006	0.0013125
1.079556e-006	0.000375
1.080056e-006	6.25e-005
1.080556e-006	-0.0005625
1.081056e-006	-0.000875
1.081556e-006	-0.000875
1.082056e-006	-0.0015
1.082556e-006	-0.0015
1.083056e-006	-0.0024375
1.083556e-006	-0.0018125
1.084056e-006	-0.0018125
1.084556e-006	-0.002125
1.085056e-006	-0.0015
1.085556e-006	-0.0018125
1.086056e-006	-0.000875
1.086556e-006	6.25e-005
1.087056e-006	-0.0005625
1.087556e-006	6.25e-005
1.088056e-006	6.25e-005
1.088556e-006	0.001
1.089056e-006	0.000375
1.089556e-006	-0.00025
1.090056e-006	-0.00025
1.090556e-006	6.25e-005
1.091056e-006	-0.0005625
1.091556e-006	-0.0015
1.092056e-006	-0.002125
1.092556e-006	-0.002125
1.093056e-006	-0.0024375
1.093556e-006	-0.0024375
1.094056e-006	-0.0024375
1.094556e-006	-0.002125
1.095056e-006	-0.0015
1.095556e-006	-0.0005625
1.096056e-006	-0.00025
1.096556e-006	-0.0005625
1.097056e-006	6.25e-005
1.097556e-006	0.000375
1.098056e-006	0.000375
1.098556e-006	0.001
1.099056e-006	0.0006875
1.099556e-006	0.000375
1.100056e-006	6.25e-005
1.100556e-006	-0.0011875
1.101056e-006	-0.0011875
1.101556e-006	-0.0015
1.102056e-006	-0.0018125
1.102556e-006	-0.0015
1.103056e-006	-0.0015
1.103556e-006	-0.002125
1.104056e-006	-0.0024375
1.104556e-006	-0.0018125
1.105056e-006	-0.000875
1.105556e-006	-0.0011875
1.106056e-006	-0.0005625
1.106556e-006	-0.0005625
1.107056e-006	6.25e-005
1.107556e-006	0.001
1.108056e-006	0.0006875
1.108556e-006	0.0013125
1.109056e-006	0.001
1.109556e-006	0.000375
1.110056e-006	6.25e-005
1.110556e-006	-0.00025
1.111056e-006	-0.0005625
1.111556e-006	-0.0015
1.112056e-006	-0.0018125
1.112556e-006	-0.0018125
1.113056e-006	-0.0024375
1.113556e-006	-0.0018125
1.114056e-006	-0.0018125
1.114556e-006	-0.0011875
1.115056e-006	-0.0011875
1.115556e-006	-0.0011875
1.116056e-006	-0.0005625
1.116556e-006	0.000375
1.117056e-006	0.000375
1.117556e-006	0.000375
1.118056e-006	0.0006875
1.118556e-006	0.001
1.119056e-006	6.25e-005
1.119556e-006	6.25e-005
1.120056e-006	6.25e-005
1.120556e-006	-0.00025
1.121056e-006	6.25e-005
1.121556e-006	-0.0011875
1.122056e-006	-0.0011875
1.122556e-006	-0.0018125
1.123056e-006	-0.0024375
1.123556e-006	-0.002125
1.124056e-006	-0.0011875
1.124556e-006	-0.000875
1.125056e-006	-0.000875
1.125556e-006	-0.000875
1.126056e-006	6.25e-005
1.126556e-006	-0.0005625
1.127056e-006	-0.00025
1.127556e-006	6.25e-005
1.128056e-006	0.000375
1.128556e-006	0.0006875
1.129056e-006	6.25e-005
1.129556e-006	0.0006875
1.130056e-006	6.25e-005
1.130556e-006	-0.000875
1.131056e-006	-0.000875
1.131556e-006	-0.0018125
1.132056e-006	-0.0011875
1.132556e-006	-0.0015
1.133056e-006	-0.0018125
1.133556e-006	-0.0011875
1.134056e-006	-0.0011875
1.134556e-006	-0.0005625
1.135056e-006	-0.000875
1.135556e-006	-0.0018125
1.136056e-006	-0.0005625
1.136556e-006	0.0006875
1.137056e-006	0.0006875
1.137556e-006	6.25e-005
1.138056e-006	-0.000875
1.138556e-006	6.25e-005
1.139056e-006	-0.00025
1.139556e-006	-0.0005625
1.140056e-006	-0.0005625
1.140556e-006	-0.0005625
1.141056e-006	-0.0005625
1.141556e-006	-0.0015
1.142056e-006	-0.0005625
1.142556e-006	-0.0011875
1.143056e-006	-0.0015
1.143556e-006	-0.000875
1.144056e-006	-0.000875
1.144556e-006	-0.000875
1.145056e-006	-0.000875
1.145556e-006	-0.00025
1.146056e-006	0.0006875
1.146556e-006	-0.0005625
1.147056e-006	-0.00025
1.147556e-006	-0.0005625
1.148056e-006	6.25e-005
1.148556e-006	-0.00025
1.149056e-006	-0.000875
1.149556e-006	-0.0011875
1.150056e-006	-0.0011875
1.150556e-006	-0.0011875
1.151056e-006	-0.0005625
1.151556e-006	-0.000875
1.152056e-006	-0.0011875
1.152556e-006	-0.0011875
1.153056e-006	-0.0005625
1.153556e-006	6.25e-005
1.154056e-006	-0.0005625
1.154556e-006	-0.00025
1.155056e-006	-0.000875
1.155556e-006	6.25e-005
1.156056e-006	0.000375
1.156556e-006	-0.00025
1.157056e-006	-0.0005625
1.157556e-006	-0.000875
1.158056e-006	-0.0005625
1.158556e-006	-0.00025
1.159056e-006	-0.0015
1.159556e-006	-0.000875
1.160056e-006	-0.0011875
1.160556e-006	-0.0018125
1.161056e-006	-0.0011875
1.161556e-006	-0.0011875
1.162056e-006	-0.0005625
1.162556e-006	-0.0005625
1.163056e-006	-0.000875
1.163556e-006	-0.000875
1.164056e-006	-0.0005625
1.164556e-006	-0.000875
1.165056e-006	-0.0005625
1.165556e-006	0.000375
1.166056e-006	6.25e-005
1.166556e-006	-0.000875
1.167056e-006	6.25e-005
1.167556e-006	-0.000875
1.168056e-006	-0.0005625
1.168556e-006	-0.000875
1.169056e-006	-0.002125
1.169556e-006	-0.0018125
1.170056e-006	-0.0011875
1.170556e-006	-0.0018125
1.171056e-006	-0.002125
1.171556e-006	-0.0018125
1.172056e-006	-0.0005625
1.172556e-006	-0.0005625
1.173056e-006	-0.0005625
1.173556e-006	-0.000875
1.174056e-006	-0.0011875
1.174556e-006	-0.000875
1.175056e-006	-0.0005625
1.175556e-006	-0.00025
1.176056e-006	6.25e-005
1.176556e-006	-0.000875
1.177056e-006	-0.000875
1.177556e-006	-0.000875
1.178056e-006	-0.0005625
1.178556e-006	-0.0011875
1.179056e-006	-0.002125
1.179556e-006	-0.000875
1.180056e-006	-0.0011875
1.180556e-006	-0.0011875
1.181056e-006	-0.0015
1.181556e-006	-0.0015
1.182056e-006	-0.0011875
1.182556e-006	-0.000875
1.183056e-006	-0.0005625
1.183556e-006	-0.0005625
1.184056e-006	-0.0005625
1.184556e-006	-0.0005625
1.185056e-006	-0.0005625
1.185556e-006	-0.00025
1.186056e-006	6.25e-005
1.186556e-006	-0.0005625
1.187056e-006	-0.0005625
1.187556e-006	-0.0011875
1.188056e-006	-0.0005625
1.188556e-006	-0.000875
1.189056e-006	-0.0011875
1.189556e-006	-0.0011875
1.190056e-006	-0.0011875
1.190556e-006	-0.0011875
1.191056e-006	-0.000875
1.191556e-006	-0.0015
1.192056e-006	-0.000875
1.192556e-006	-0.0005625
1.193056e-006	-0.0005625
1.193556e-006	-0.000875
1.194056e-006	-0.0005625
1.194556e-006	-0.0005625
1.195056e-006	-0.0011875
1.195556e-006	-0.0011875
1.196056e-006	-0.0005625
1.196556e-006	-0.0005625
1.197056e-006	6.25e-005
1.197556e-006	6.25e-005
1.198056e-006	-0.00025
1.198556e-006	-0.0005625
1.199056e-006	-0.000875
1.199556e-006	-0.000875
1.200056e-006	-0.0005625
1.200556e-006	-0.00025
1.201056e-006	-0.0011875
1.201556e-006	-0.000875
1.202056e-006	-0.0005625
1.202556e-006	-0.0011875
1.203056e-006	-0.00025
1.203556e-006	-0.0005625
1.204056e-006	-0.0005625
1.204556e-006	6.25e-005
1.205056e-006	-0.0005625
1.205556e-006	-0.0005625
1.206056e-006	-0.000875
1.206556e-006	-0.000875
1.207056e-006	6.25e-005
1.207556e-006	-0.0005625
1.208056e-006	6.25e-005
1.208556e-006	6.25e-005
1.209056e-006	-0.0005625
1.209556e-006	-0.0005625
1.210056e-006	-0.0005625
1.210556e-006	-0.0005625
1.211056e-006	-0.0005625
1.211556e-006	-0.0011875
1.212056e-006	-0.0005625
1.212556e-006	-0.000875
1.213056e-006	-0.00025
1.213556e-006	-0.00025
1.214056e-006	-0.0005625
1.214556e-006	-0.0005625
1.215056e-006	-0.0011875
1.215556e-006	-0.0005625
1.216056e-006	-0.0015
1.216556e-006	-0.0011875
1.217056e-006	-0.00025
1.217556e-006	-0.000875
1.218056e-006	6.25e-005
1.218556e-006	-0.0005625
1.219056e-006	-0.00025
1.219556e-006	-0.00025
1.220056e-006	-0.0005625
1.220556e-006	-0.0005625
1.221056e-006	-0.0005625
1.221556e-006	-0.000875
1.222056e-006	-0.000875
1.222556e-006	-0.0015
1.223056e-006	-0.0005625
1.223556e-006	-0.000875
1.224056e-006	-0.000875
1.224556e-006	-0.0018125
1.225056e-006	-0.0011875
1.225556e-006	-0.0005625
1.226056e-006	-0.0011875
1.226556e-006	-0.000875
1.227056e-006	6.25e-005
1.227556e-006	-0.0005625
1.228056e-006	-0.0005625
1.228556e-006	-0.0005625
1.229056e-006	6.25e-005
1.229556e-006	0.000375
1.230056e-006	-0.000875
1.230556e-006	-0.00025
1.231056e-006	6.25e-005
1.231556e-006	-0.00025
1.232056e-006	-0.0005625
1.232556e-006	-0.000875
1.233056e-006	-0.000875
1.233556e-006	-0.0011875
1.234056e-006	-0.0011875
1.234556e-006	-0.0011875
1.235056e-006	-0.0011875
1.235556e-006	-0.000875
1.236056e-006	-0.00025
1.236556e-006	-0.0005625
1.237056e-006	-0.0005625
1.237556e-006	-0.0005625
1.238056e-006	-0.0005625
1.238556e-006	-0.00025
1.239056e-006	6.25e-005
1.239556e-006	6.25e-005
1.240056e-006	6.25e-005
1.240556e-006	0.000375
1.241056e-006	-0.0005625
1.241556e-006	-0.00025
1.242056e-006	-0.00025
1.242556e-006	-0.0015
1.243056e-006	-0.0011875
1.243556e-006	-0.000875
1.244056e-006	-0.00025
1.244556e-006	-0.0005625
1.245056e-006	-0.000875
1.245556e-006	-0.0005625
1.246056e-006	-0.000875
1.246556e-006	6.25e-005
1.247056e-006	6.25e-005
1.247556e-006	-0.0005625
1.248056e-006	6.25e-005
1.248556e-006	0.0006875
1.249056e-006	0.000375
1.249556e-006	6.25e-005
1.250056e-006	6.25e-005
1.250556e-006	-0.00025
1.251056e-006	-0.0005625
1.251556e-006	-0.0005625
1.252056e-006	-0.00025
1.252556e-006	-0.0015
1.253056e-006	-0.0015
1.253556e-006	-0.0011875
1.254056e-006	-0.0005625
1.254556e-006	-0.000875
1.255056e-006	-0.0011875
1.255556e-006	-0.000875
1.256056e-006	-0.000875
1.256556e-006	-0.0011875
1.257056e-006	-0.0005625
1.257556e-006	0.000375
1.258056e-006	6.25e-005
1.258556e-006	-0.00025
1.259056e-006	6.25e-005
1.259556e-006	-0.00025
1.260056e-006	-0.0005625
1.260556e-006	-0.0005625
1.261056e-006	-0.00025
1.261556e-006	0.000375
1.262056e-006	-0.0005625
1.262556e-006	-0.0011875
1.263056e-006	-0.000875
1.263556e-006	-0.0011875
1.264056e-006	-0.0011875
1.264556e-006	-0.000875
1.265056e-006	-0.00025
1.265556e-006	-0.0011875
1.266056e-006	-0.000875
1.266556e-006	-0.000875
1.267056e-006	-0.0005625
1.267556e-006	-0.0005625
1.268056e-006	6.25e-005
1.268556e-006	6.25e-005
1.269056e-006	6.25e-005
1.269556e-006	6.25e-005
1.270056e-006	0.0006875
1.270556e-006	6.25e-005
1.271056e-006	-0.00025
1.271556e-006	-0.0011875
1.272056e-006	-0.000875
1.272556e-006	-0.0005625
1.273056e-006	6.25e-005
1.273556e-006	-0.0005625
1.274056e-006	-0.0011875
1.274556e-006	-0.0011875
1.275056e-006	-0.0005625
1.275556e-006	-0.0005625
1.276056e-006	-0.00025
1.276556e-006	6.25e-005
1.277056e-006	-0.000875
1.277556e-006	-0.0005625
1.278056e-006	-0.00025
1.278556e-006	-0.00025
1.279056e-006	6.25e-005
1.279556e-006	-0.00025
1.280056e-006	-0.00025
1.280556e-006	-0.0005625
1.281056e-006	-0.0005625
1.281556e-006	-0.00025
1.282056e-006	-0.000875
1.282556e-006	-0.000875
1.283056e-006	-0.000875
1.283556e-006	-0.000875
1.284056e-006	-0.000875
1.284556e-006	-0.0005625
1.285056e-006	-0.0005625
1.285556e-006	-0.0005625
1.286056e-006	-0.0005625
1.286556e-006	-0.00025
1.287056e-006	-0.0005625
1.287556e-006	-0.0005625
1.288056e-006	-0.0005625
1.288556e-006	-0.0005625
1.289056e-006	-0.0005625
1.289556e-006	-0.000875
1.290056e-006	-0.0005625
1.290556e-006	-0.0011875
1.291056e-006	-0.0005625
1.291556e-006	-0.0005625
1.292056e-006	-0.00025
1.292556e-006	-0.000875
1.293056e-006	-0.000875
1.293556e-006	-0.0011875
1.294056e-006	-0.0005625
1.294556e-006	6.25e-005
1.295056e-006	0.000375
1.295556e-006	-0.00025
1.296056e-006	-0.00025
1.296556e-006	6.25e-005
1.297056e-006	6.25e-005
1.297556e-006	-0.00025
1.298056e-006	-0.000875
1.298556e-006	-0.000875
1.299056e-006	-0.000875
1.299556e-006	-0.0011875
1.300056e-006	-0.000875
1.300556e-006	-0.0005625
1.301056e-006	-0.000875
1.301556e-006	-0.0011875
1.302056e-006	-0.000875
1.302556e-006	-0.000875
1.303056e-006	-0.000875
1.303556e-006	6.25e-005
1.304056e-006	0.000375
1.304556e-006	6.25e-005
1.305056e-006	6.25e-005
1.305556e-006	0.0006875
1.306056e-006	-0.00025
1.306556e-006	-0.0005625
1.307056e-006	6.25e-005
1.307556e-006	6.25e-005
1.308056e-006	-0.000875
1.308556e-006	-0.0011875
1.309056e-006	-0.0015
1.309556e-006	-0.0018125
1.310056e-006	-0.0011875
1.310556e-006	-0.0011875
1.311056e-006	-0.000875
1.311556e-006	-0.0011875
1.312056e-006	-0.000875
1.312556e-006	-0.0005625
1.313056e-006	6.25e-005
1.313556e-006	0.000375
1.314056e-006	6.25e-005
1.314556e-006	-0.00025
1.315056e-006	0.000375
1.315556e-006	0.0006875
1.316056e-006	0.000375
1.316556e-006	0.000375
1.317056e-006	6.25e-005
1.317556e-006	-0.0005625
1.318056e-006	-0.000875
1.318556e-006	-0.000875
1.319056e-006	-0.0011875
1.319556e-006	-0.0018125
1.320056e-006	-0.0018125
1.320556e-006	-0.0015
1.321056e-006	-0.0011875
1.321556e-006	-0.000875
1.322056e-006	-0.000875
1.322556e-006	-0.0005625
1.323056e-006	-0.0005625
1.323556e-006	6.25e-005
1.324056e-006	-0.00025
1.324556e-006	0.0006875
1.325056e-006	0.000375
1.325556e-006	0.001
1.326056e-006	0.001
1.326556e-006	0.000375
1.327056e-006	-0.0005625
1.327556e-006	-0.000875
1.328056e-006	-0.00025
1.328556e-006	-0.000875
1.329056e-006	-0.0015
1.329556e-006	-0.0011875
1.330056e-006	-0.0015
1.330556e-006	-0.002125
1.331056e-006	-0.0011875
1.331556e-006	-0.0011875
1.332056e-006	-0.0005625
1.332556e-006	6.25e-005
1.333056e-006	6.25e-005
1.333556e-006	0.0006875
1.334056e-006	0.000375
1.334556e-006	0.001
1.335056e-006	0.0013125
1.335556e-006	0.0006875
1.336056e-006	0.000375
1.336556e-006	-0.0005625
1.337056e-006	0.000375
1.337556e-006	-0.0005625
1.338056e-006	-0.0011875
1.338556e-006	-0.0015
1.339056e-006	-0.0011875
1.339556e-006	-0.0015
1.340056e-006	-0.0015
1.340556e-006	-0.0015
1.341056e-006	-0.000875
1.341556e-006	-0.0015
1.342056e-006	-0.0005625
1.342556e-006	6.25e-005
1.343056e-006	6.25e-005
1.343556e-006	0.001
1.344056e-006	0.0006875
1.344556e-006	0.001625
1.345056e-006	0.0006875
1.345556e-006	0.000375
1.346056e-006	0.0006875
1.346556e-006	0.000375
1.347056e-006	0.000375
1.347556e-006	-0.00025
1.348056e-006	-0.0018125
1.348556e-006	-0.0011875
1.349056e-006	-0.0015
1.349556e-006	-0.0015
1.350056e-006	-0.0011875
1.350556e-006	-0.0005625
1.351056e-006	-0.00025
1.351556e-006	-0.0011875
1.352056e-006	-0.000875
1.352556e-006	6.25e-005
1.353056e-006	0.000375
1.353556e-006	0.0006875
1.354056e-006	0.000375
1.354556e-006	0.0013125
1.355056e-006	0.001625
1.355556e-006	0.001
1.356056e-006	0.000375
1.356556e-006	-0.0005625
1.357056e-006	-0.000875
1.357556e-006	-0.0011875
1.358056e-006	-0.000875
1.358556e-006	-0.002125
1.359056e-006	-0.002125
1.359556e-006	-0.0011875
1.360056e-006	-0.0005625
1.360556e-006	-0.000875
1.361056e-006	6.25e-005
1.361556e-006	-0.0005625
1.362056e-006	6.25e-005
1.362556e-006	0.001
1.363056e-006	0.0006875
1.363556e-006	0.001
1.364056e-006	0.0013125
1.364556e-006	0.001625
1.365056e-006	0.000375
1.365556e-006	6.25e-005
1.366056e-006	0.000375
1.366556e-006	-0.0005625
1.367056e-006	-0.000875
1.367556e-006	-0.000875
1.368056e-006	-0.0015
1.368556e-006	-0.0018125
1.369056e-006	-0.00275
1.369556e-006	-0.002125
1.370056e-006	-0.000875
1.370556e-006	-0.000875
1.371056e-006	-0.00025
1.371556e-006	-0.00025
1.372056e-006	0.000375
1.372556e-006	0.001
1.373056e-006	0.0006875
1.373556e-006	0.001
1.374056e-006	0.0006875
1.374556e-006	0.000375
1.375056e-006	6.25e-005
1.375556e-006	0.0006875
1.376056e-006	6.25e-005
1.376556e-006	-0.0011875
1.377056e-006	-0.0011875
1.377556e-006	-0.0015
1.378056e-006	-0.0018125
1.378556e-006	-0.0015
1.379056e-006	-0.0015
1.379556e-006	-0.0015
1.380056e-006	-0.0011875
1.380556e-006	-0.0015
1.381056e-006	-0.0005625
1.381556e-006	-0.0005625
1.382056e-006	6.25e-005
1.382556e-006	0.000375
1.383056e-006	0.001
1.383556e-006	0.001625
1.384056e-006	0.0006875
1.384556e-006	0.000375
1.385056e-006	6.25e-005
1.385556e-006	-0.000875
1.386056e-006	-0.00025
1.386556e-006	-0.000875
1.387056e-006	-0.0011875
1.387556e-006	-0.0015
1.388056e-006	-0.0024375
1.388556e-006	-0.0024375
1.389056e-006	-0.0024375
1.389556e-006	-0.002125
1.390056e-006	-0.0015
1.390556e-006	-0.0015
1.391056e-006	-0.0005625
1.391556e-006	6.25e-005
1.392056e-006	0.0006875
1.392556e-006	6.25e-005
1.393056e-006	6.25e-005
1.393556e-006	0.0006875
1.394056e-006	0.000375
1.394556e-006	0.001
1.395056e-006	0.0006875
1.395556e-006	6.25e-005
1.396056e-006	-0.0005625
1.396556e-006	-0.0011875
1.397056e-006	-0.0011875
1.397556e-006	-0.002125
1.398056e-006	-0.0024375
1.398556e-006	-0.002125
1.399056e-006	-0.0018125
1.399556e-006	-0.000875
1.400056e-006	-0.000875
1.400556e-006	-0.0018125
1.401056e-006	-0.000875
1.401556e-006	-0.0005625
1.402056e-006	-0.0005625
1.402556e-006	0.000375
1.403056e-006	0.000375
1.403556e-006	-0.00025
1.404056e-006	-0.00025
1.404556e-006	0.000375
1.405056e-006	6.25e-005
1.405556e-006	-0.0005625
1.406056e-006	-0.0005625
1.406556e-006	-0.000875
1.407056e-006	-0.000875
1.407556e-006	-0.0018125
1.408056e-006	-0.0011875
1.408556e-006	-0.0011875
1.409056e-006	-0.0005625
1.409556e-006	-0.000875
1.410056e-006	-0.0015
1.410556e-006	-0.0011875
1.411056e-006	-0.00025
1.411556e-006	-0.0005625
1.412056e-006	-0.00025
1.412556e-006	-0.00025
1.413056e-006	-0.00025
1.413556e-006	6.25e-005
1.414056e-006	0.0006875
1.414556e-006	-0.0005625
1.415056e-006	-0.0011875
1.415556e-006	-0.0011875
1.416056e-006	-0.0005625
1.416556e-006	-0.000875
1.417056e-006	-0.0005625
1.417556e-006	-0.0005625
1.418056e-006	-0.0005625
1.418556e-006	-0.000875
1.419056e-006	-0.0011875
1.419556e-006	-0.0011875
1.420056e-006	-0.000875
1.420556e-006	-0.0011875
1.421056e-006	-0.0011875
1.421556e-006	-0.0011875
1.422056e-006	-0.00025
1.422556e-006	-0.00025
1.423056e-006	-0.000875
1.423556e-006	-0.000875
1.424056e-006	-0.000875
1.424556e-006	-0.00025
1.425056e-006	6.25e-005
1.425556e-006	-0.0005625
1.426056e-006	-0.00025
1.426556e-006	6.25e-005
1.427056e-006	-0.00025
1.427556e-006	6.25e-005
1.428056e-006	-0.00025
1.428556e-006	-0.00025
1.429056e-006	-0.00025
1.429556e-006	-0.0005625
1.430056e-006	-0.000875
1.430556e-006	-0.000875
1.431056e-006	-0.000875
1.431556e-006	-0.0015
1.432056e-006	-0.0011875
1.432556e-006	-0.0005625
1.433056e-006	6.25e-005
1.433556e-006	-0.000875
1.434056e-006	-0.000875
1.434556e-006	-0.000875
1.435056e-006	-0.00025
1.435556e-006	6.25e-005
1.436056e-006	6.25e-005
1.436556e-006	6.25e-005
1.437056e-006	6.25e-005
1.437556e-006	6.25e-005
1.438056e-006	0.000375
1.438556e-006	-0.0005625
1.439056e-006	-0.00025
1.439556e-006	6.25e-005
1.440056e-006	-0.0005625
1.440556e-006	-0.0005625
1.441056e-006	-0.0015
1.441556e-006	-0.000875
1.442056e-006	-0.0005625
1.442556e-006	-0.0011875
1.443056e-006	-0.0011875
1.443556e-006	-0.0011875
1.444056e-006	-0.00025
1.444556e-006	-0.000875
1.445056e-006	-0.000875
1.445556e-006	6.25e-005
1.446056e-006	6.25e-005
1.446556e-006	0.000375
1.447056e-006	6.25e-005
1.447556e-006	0.000375
1.448056e-006	0.001
1.448556e-006	6.25e-005
1.449056e-006	6.25e-005
1.449556e-006	-0.0005625
1.450056e-006	-0.0011875
1.450556e-006	-0.0005625
1.451056e-006	-0.000875
1.451556e-006	-0.0005625
1.452056e-006	-0.0011875
1.452556e-006	-0.0018125
1.453056e-006	-0.0011875
1.453556e-006	-0.000875
1.454056e-006	-0.00025
1.454556e-006	-0.0005625
1.455056e-006	-0.00025
1.455556e-006	6.25e-005
1.456056e-006	-0.00025
1.456556e-006	6.25e-005
1.457056e-006	6.25e-005
1.457556e-006	0.000375
1.458056e-006	6.25e-005
1.458556e-006	-0.0005625
1.459056e-006	0.000375
1.459556e-006	6.25e-005
1.460056e-006	-0.000875
1.460556e-006	-0.0011875
1.461056e-006	-0.0011875
1.461556e-006	-0.000875
1.462056e-006	-0.0018125
1.462556e-006	-0.0011875
1.463056e-006	-0.000875
1.463556e-006	-0.0011875
1.464056e-006	-0.00025
1.464556e-006	-0.0005625
1.465056e-006	-0.00025
1.465556e-006	6.25e-005
1.466056e-006	6.25e-005
1.466556e-006	0.001
1.467056e-006	-0.000875
1.467556e-006	-0.0005625
1.468056e-006	0.000375
1.468556e-006	-0.00025
1.469056e-006	-0.0011875
1.469556e-006	-0.0015
1.470056e-006	-0.000875
1.470556e-006	-0.0011875
1.471056e-006	-0.0018125
1.471556e-006	-0.0018125
1.472056e-006	-0.0018125
1.472556e-006	-0.0011875
1.473056e-006	-0.0005625
1.473556e-006	-0.00025
1.474056e-006	0.0006875
1.474556e-006	-0.00025
1.475056e-006	6.25e-005
1.475556e-006	0.000375
1.476056e-006	6.25e-005
1.476556e-006	0.000375
1.477056e-006	0.0006875
1.477556e-006	6.25e-005
1.478056e-006	6.25e-005
1.478556e-006	-0.000875
1.479056e-006	-0.0011875
1.479556e-006	-0.0015
1.480056e-006	-0.0011875
1.480556e-006	-0.002125
1.481056e-006	-0.002125
1.481556e-006	-0.0015
1.482056e-006	-0.0015
1.482556e-006	-0.0011875
1.483056e-006	-0.00025
1.483556e-006	6.25e-005
1.484056e-006	0.0006875
1.484556e-006	6.25e-005
1.485056e-006	0.001
1.485556e-006	6.25e-005
1.486056e-006	0.000375
1.486556e-006	0.0013125
1.487056e-006	6.25e-005
1.487556e-006	6.25e-005
1.488056e-006	6.25e-005
1.488556e-006	-0.000875
1.489056e-006	-0.0011875
1.489556e-006	-0.0018125
1.490056e-006	-0.0018125
1.490556e-006	-0.002125
1.491056e-006	-0.002125
1.491556e-006	-0.0011875
1.492056e-006	-0.000875
1.492556e-006	-0.000875
1.493056e-006	-0.0011875
1.493556e-006	-0.00025
1.494056e-006	0.001
1.494556e-006	0.0006875
1.495056e-006	0.0013125
1.495556e-006	0.0019375
1.496056e-006	0.0006875
1.496556e-006	6.25e-005
1.497056e-006	0.0006875
1.497556e-006	0.000375
1.498056e-006	-0.000875
1.498556e-006	-0.0011875
1.499056e-006	-0.0011875
1.499556e-006	-0.0024375
1.500056e-006	-0.0018125
1.500556e-006	-0.0015
1.501056e-006	-0.0011875
1.501556e-006	-0.0011875
1.502056e-006	-0.0011875
1.502556e-006	-0.0005625
1.503056e-006	-0.0005625
1.503556e-006	0.000375
1.504056e-006	0.001
1.504556e-006	0.001
1.505056e-006	0.001
1.505556e-006	0.0006875
1.506056e-006	0.001
1.506556e-006	0.001
1.507056e-006	0.0006875
1.507556e-006	-0.00025
1.508056e-006	-0.000875
1.508556e-006	-0.0005625
1.509056e-006	-0.000875
1.509556e-006	-0.0018125
1.510056e-006	-0.002125
1.510556e-006	-0.002125
1.511056e-006	-0.0005625
1.511556e-006	-0.000875
1.512056e-006	-0.000875
1.512556e-006	-0.00025
1.513056e-006	-0.0005625
1.513556e-006	6.25e-005
1.514056e-006	-0.00025
1.514556e-006	6.25e-005
1.515056e-006	0.001
1.515556e-006	0.000375
1.516056e-006	6.25e-005
1.516556e-006	0.0006875
1.517056e-006	0.000375
1.517556e-006	6.25e-005
1.518056e-006	-0.00025
1.518556e-006	-0.0005625
1.519056e-006	-0.000875
1.519556e-006	-0.0018125
1.520056e-006	-0.0011875
1.520556e-006	-0.0011875
1.521056e-006	-0.00025
1.521556e-006	-0.00025
1.522056e-006	-0.000875
1.522556e-006	-0.0005625
1.523056e-006	-0.0005625
1.523556e-006	0.000375
1.524056e-006	0.000375
1.524556e-006	6.25e-005
1.525056e-006	0.0006875
1.525556e-006	-0.00025
1.526056e-006	6.25e-005
1.526556e-006	-0.00025
1.527056e-006	-0.000875
1.527556e-006	-0.0005625
1.528056e-006	-0.0011875
1.528556e-006	-0.0011875
1.529056e-006	-0.0005625
1.529556e-006	-0.0005625
1.530056e-006	-0.000875
1.530556e-006	-0.0011875
1.531056e-006	-0.00025
1.531556e-006	-0.0005625
1.532056e-006	-0.0005625
1.532556e-006	-0.00025
1.533056e-006	-0.000875
1.533556e-006	-0.000875
1.534056e-006	6.25e-005
1.534556e-006	6.25e-005
1.535056e-006	-0.0005625
1.535556e-006	-0.0011875
1.536056e-006	-0.0005625
1.536556e-006	-0.0005625
1.537056e-006	6.25e-005
1.537556e-006	6.25e-005
1.538056e-006	-0.000875
1.538556e-006	-0.0011875
1.539056e-006	-0.0011875
1.539556e-006	-0.0005625
1.540056e-006	-0.00025
1.540556e-006	-0.0005625
1.541056e-006	-0.0005625
1.541556e-006	-0.0005625
1.542056e-006	-0.00025
1.542556e-006	6.25e-005
1.543056e-006	-0.0005625
1.543556e-006	-0.00025
1.544056e-006	-0.0005625
1.544556e-006	-0.00025
1.545056e-006	-0.0005625
1.545556e-006	-0.0011875
1.546056e-006	-0.0011875
1.546556e-006	-0.0015
1.547056e-006	-0.0011875
1.547556e-006	-0.000875
1.548056e-006	-0.00025
1.548556e-006	-0.0011875
1.549056e-006	-0.000875
1.549556e-006	-0.00025
1.550056e-006	-0.00025
1.550556e-006	-0.0005625
1.551056e-006	0.0006875
1.551556e-006	-0.00025
1.552056e-006	-0.0005625
1.552556e-006	6.25e-005
1.553056e-006	6.25e-005
1.553556e-006	6.25e-005
1.554056e-006	-0.00025
1.554556e-006	-0.000875
1.555056e-006	6.25e-005
1.555556e-006	-0.0005625
1.556056e-006	-0.000875
1.556556e-006	-0.0015
1.557056e-006	-0.0015
1.557556e-006	-0.0011875
1.558056e-006	-0.0011875
1.558556e-006	-0.0011875
1.559056e-006	-0.000875
1.559556e-006	6.25e-005
1.560056e-006	6.25e-005
1.560556e-006	6.25e-005
1.561056e-006	6.25e-005
1.561556e-006	-0.00025
1.562056e-006	-0.0005625
1.562556e-006	0.000375
1.563056e-006	0.0006875
1.563556e-006	-0.0005625
1.564056e-006	-0.0005625
1.564556e-006	0.0006875
1.565056e-006	-0.0011875
1.565556e-006	-0.0011875
1.566056e-006	-0.0005625
1.566556e-006	-0.0005625
1.567056e-006	-0.000875
1.567556e-006	-0.000875
1.568056e-006	-0.000875
1.568556e-006	-0.000875
1.569056e-006	-0.0005625
1.569556e-006	6.25e-005
1.570056e-006	-0.00025
1.570556e-006	-0.0011875
1.571056e-006	-0.0005625
1.571556e-006	6.25e-005
1.572056e-006	6.25e-005
1.572556e-006	-0.000875
1.573056e-006	-0.0005625
1.573556e-006	6.25e-005
1.574056e-006	6.25e-005
1.574556e-006	-0.00025
1.575056e-006	-0.00025
1.575556e-006	-0.0005625
1.576056e-006	-0.00025
1.576556e-006	-0.0005625
1.577056e-006	-0.00025
1.577556e-006	-0.0005625
1.578056e-006	-0.000875
1.578556e-006	-0.000875
1.579056e-006	-0.0005625
1.579556e-006	-0.0005625
1.580056e-006	-0.000875
1.580556e-006	-0.000875
1.581056e-006	-0.00025
1.581556e-006	-0.0005625
1.582056e-006	-0.0005625
1.582556e-006	-0.0005625
1.583056e-006	6.25e-005
1.583556e-006	0.0006875
1.584056e-006	6.25e-005
1.584556e-006	-0.0005625
1.585056e-006	6.25e-005
1.585556e-006	0.000375
1.586056e-006	-0.00025
1.586556e-006	-0.00025
1.587056e-006	6.25e-005
1.587556e-006	6.25e-005
1.588056e-006	-0.0005625
1.588556e-006	-0.000875
1.589056e-006	-0.000875
1.589556e-006	-0.0005625
1.590056e-006	-0.0011875
1.590556e-006	-0.0011875
1.591056e-006	-0.0005625
1.591556e-006	-0.0005625
1.592056e-006	-0.0011875
1.592556e-006	-0.0018125
1.593056e-006	-0.0005625
1.593556e-006	6.25e-005
1.594056e-006	-0.0005625
1.594556e-006	6.25e-005
1.595056e-006	-0.00025
1.595556e-006	-0.00025
1.596056e-006	0.0006875
1.596556e-006	0.000375
1.597056e-006	6.25e-005
1.597556e-006	6.25e-005
1.598056e-006	0.000375
1.598556e-006	-0.000875
1.599056e-006	-0.0005625
1.599556e-006	6.25e-005
1.600056e-006	-0.000875
1.600556e-006	-0.0011875
1.601056e-006	-0.0005625
1.601556e-006	-0.000875
1.602056e-006	-0.0005625
1.602556e-006	-0.0011875
1.603056e-006	-0.00025
1.603556e-006	-0.00025
1.604056e-006	-0.000875
1.604556e-006	-0.0005625
1.605056e-006	-0.0005625
1.605556e-006	0.000375
1.606056e-006	0.0006875
1.606556e-006	0.000375
1.607056e-006	0.0006875
1.607556e-006	6.25e-005
1.608056e-006	6.25e-005
1.608556e-006	6.25e-005
1.609056e-006	-0.0011875
1.609556e-006	-0.0005625
1.610056e-006	-0.0005625
1.610556e-006	-0.000875
1.611056e-006	-0.0011875
1.611556e-006	-0.0011875
1.612056e-006	-0.000875
1.612556e-006	-0.0018125
1.613056e-006	-0.0011875
1.613556e-006	-0.00025
1.614056e-006	6.25e-005
1.614556e-006	6.25e-005
1.615056e-006	-0.00025
1.615556e-006	6.25e-005
1.616056e-006	0.0006875
1.616556e-006	0.000375
1.617056e-006	6.25e-005
1.617556e-006	-0.00025
1.618056e-006	6.25e-005
1.618556e-006	-0.000875
1.619056e-006	-0.0005625
1.619556e-006	-0.0005625
1.620056e-006	-0.000875
1.620556e-006	-0.0011875
1.621056e-006	-0.0011875
1.621556e-006	-0.000875
1.622056e-006	-0.0005625
1.622556e-006	-0.0015
1.623056e-006	-0.0011875
1.623556e-006	-0.0011875
1.624056e-006	-0.0005625
1.624556e-006	6.25e-005
1.625056e-006	6.25e-005
1.625556e-006	0.000375
1.626056e-006	-0.00025
1.626556e-006	-0.000875
1.627056e-006	6.25e-005
1.627556e-006	6.25e-005
1.628056e-006	0.000375
1.628556e-006	6.25e-005
1.629056e-006	-0.00025
1.629556e-006	-0.00025
1.630056e-006	-0.0005625
1.630556e-006	-0.000875
1.631056e-006	-0.0015
1.631556e-006	-0.0011875
1.632056e-006	-0.0005625
1.632556e-006	-0.000875
1.633056e-006	-0.000875
1.633556e-006	-0.000875
1.634056e-006	-0.00025
1.634556e-006	-0.00025
1.635056e-006	-0.0005625
1.635556e-006	-0.00025
1.636056e-006	-0.0005625
1.636556e-006	0.0006875
1.637056e-006	6.25e-005
1.637556e-006	-0.000875
1.638056e-006	-0.00025
1.638556e-006	-0.00025
1.639056e-006	-0.0005625
1.639556e-006	-0.000875
1.640056e-006	-0.000875
1.640556e-006	-0.00025
1.641056e-006	-0.00025
1.641556e-006	-0.0005625
1.642056e-006	-0.000875
1.642556e-006	-0.000875
1.643056e-006	-0.00025
1.643556e-006	-0.0005625
1.644056e-006	-0.00025
1.644556e-006	-0.00025
1.645056e-006	-0.0005625
1.645556e-006	-0.00025
1.646056e-006	6.25e-005
1.646556e-006	6.25e-005
1.647056e-006	-0.00025
1.647556e-006	-0.0005625
1.648056e-006	-0.00025
1.648556e-006	-0.00025
1.649056e-006	6.25e-005
1.649556e-006	-0.0005625
1.650056e-006	-0.0005625
1.650556e-006	-0.0005625
1.651056e-006	-0.0005625
1.651556e-006	-0.0005625
1.652056e-006	6.25e-005
1.652556e-006	6.25e-005
1.653056e-006	6.25e-005
1.653556e-006	-0.0005625
1.654056e-006	-0.0011875
1.654556e-006	-0.000875
1.655056e-006	-0.0005625
1.655556e-006	-0.00025
1.656056e-006	-0.000875
1.656556e-006	-0.00025
1.657056e-006	-0.00025
1.657556e-006	-0.0005625
1.658056e-006	-0.00025
1.658556e-006	6.25e-005
1.659056e-006	-0.0005625
1.659556e-006	-0.000875
1.660056e-006	-0.0005625
1.660556e-006	-0.0005625
1.661056e-006	-0.0005625
1.661556e-006	-0.00025
1.662056e-006	6.25e-005
1.662556e-006	-0.0005625
1.663056e-006	-0.00025
1.663556e-006	-0.00025
1.664056e-006	-0.0005625
1.664556e-006	6.25e-005
1.665056e-006	6.25e-005
1.665556e-006	-0.000875
1.666056e-006	-0.000875
1.666556e-006	-0.00025
1.667056e-006	-0.0005625
1.667556e-006	-0.0011875
1.668056e-006	6.25e-005
1.668556e-006	-0.0005625
1.669056e-006	-0.0005625
1.669556e-006	-0.0005625
1.670056e-006	6.25e-005
1.670556e-006	6.25e-005
1.671056e-006	0.000375
1.671556e-006	0.000375
1.672056e-006	-0.0005625
1.672556e-006	-0.0005625
1.673056e-006	-0.00025
1.673556e-006	-0.000875
1.674056e-006	-0.0005625
1.674556e-006	-0.0005625
1.675056e-006	-0.0005625
1.675556e-006	-0.000875
1.676056e-006	-0.000875
1.676556e-006	-0.000875
1.677056e-006	-0.0011875
1.677556e-006	-0.000875
1.678056e-006	-0.0005625
1.678556e-006	-0.0005625
1.679056e-006	6.25e-005
1.679556e-006	-0.00025
1.680056e-006	-0.00025
1.680556e-006	0.000375
1.681056e-006	6.25e-005
1.681556e-006	-0.00025
1.682056e-006	-0.00025
1.682556e-006	-0.0005625
1.683056e-006	-0.0005625
1.683556e-006	-0.0005625
1.684056e-006	-0.0005625
1.684556e-006	-0.000875
1.685056e-006	-0.000875
1.685556e-006	-0.0005625
1.686056e-006	-0.0005625
1.686556e-006	-0.0005625
1.687056e-006	6.25e-005
1.687556e-006	-0.00025
1.688056e-006	6.25e-005
1.688556e-006	6.25e-005
1.689056e-006	0.000375
1.689556e-006	-0.00025
1.690056e-006	6.25e-005
1.690556e-006	-0.00025
1.691056e-006	0.000375
1.691556e-006	0.0013125
1.692056e-006	-0.0005625
1.692556e-006	-0.000875
1.693056e-006	-0.0005625
1.693556e-006	-0.00025
1.694056e-006	-0.00025
1.694556e-006	-0.0015
1.695056e-006	-0.0005625
1.695556e-006	-0.0011875
1.696056e-006	-0.0005625
1.696556e-006	-0.0005625
1.697056e-006	-0.00025
1.697556e-006	6.25e-005
1.698056e-006	6.25e-005
1.698556e-006	-0.00025
1.699056e-006	0.0006875
1.699556e-006	0.0006875
1.700056e-006	6.25e-005
1.700556e-006	6.25e-005
1.701056e-006	6.25e-005
1.701556e-006	6.25e-005
1.702056e-006	-0.0005625
1.702556e-006	-0.0005625
1.703056e-006	-0.0005625
1.703556e-006	-0.0015
1.704056e-006	-0.000875
1.704556e-006	-0.00025
1.705056e-006	-0.0005625
1.705556e-006	-0.0011875
1.706056e-006	-0.0011875
1.706556e-006	-0.00025
1.707056e-006	6.25e-005
1.707556e-006	6.25e-005
1.708056e-006	6.25e-005
1.708556e-006	0.000375
1.709056e-006	0.000375
1.709556e-006	0.0006875
1.710056e-006	0.001
1.710556e-006	0.000375
1.711056e-006	6.25e-005
1.711556e-006	6.25e-005
1.712056e-006	-0.0005625
1.712556e-006	-0.00025
1.713056e-006	-0.0005625
1.713556e-006	-0.000875
1.714056e-006	-0.0005625
1.714556e-006	-0.0005625
1.715056e-006	-0.0005625
1.715556e-006	-0.0005625
1.716056e-006	-0.0005625
1.716556e-006	-0.000875
1.717056e-006	6.25e-005
1.717556e-006	6.25e-005
1.718056e-006	6.25e-005
1.718556e-006	6.25e-005
1.719056e-006	-0.00025
1.719556e-006	-0.00025
1.720056e-006	-0.00025
1.720556e-006	-0.0005625
1.721056e-006	0.000375
1.721556e-006	-0.0005625
1.722056e-006	-0.00025
1.722556e-006	-0.0005625
1.723056e-006	-0.000875
1.723556e-006	-0.000875
1.724056e-006	-0.0005625
1.724556e-006	-0.0005625
1.725056e-006	-0.0005625
1.725556e-006	-0.00025
1.726056e-006	0.000375
1.726556e-006	0.000375
1.727056e-006	6.25e-005
1.727556e-006	-0.00025
1.728056e-006	6.25e-005
1.728556e-006	0.000375
1.729056e-006	0.000375
1.729556e-006	0.0006875
1.730056e-006	6.25e-005
1.730556e-006	-0.00025
1.731056e-006	-0.0005625
1.731556e-006	-0.000875
1.732056e-006	-0.0005625
1.732556e-006	-0.00025
1.733056e-006	-0.000875
1.733556e-006	-0.000875
1.734056e-006	-0.0005625
1.734556e-006	-0.00025
1.735056e-006	6.25e-005
1.735556e-006	0.000375
1.736056e-006	0.001
1.736556e-006	6.25e-005
1.737056e-006	6.25e-005
1.737556e-006	0.000375
1.738056e-006	6.25e-005
1.738556e-006	-0.00025
1.739056e-006	0.000375
1.739556e-006	6.25e-005
1.740056e-006	-0.0005625
1.740556e-006	-0.0011875
1.741056e-006	-0.0005625
1.741556e-006	-0.000875
1.742056e-006	-0.0005625
1.742556e-006	-0.0005625
1.743056e-006	-0.00025
1.743556e-006	-0.000875
1.744056e-006	-0.0005625
1.744556e-006	-0.0005625
1.745056e-006	0.000375
1.745556e-006	6.25e-005
1.746056e-006	0.000375
1.746556e-006	0.0006875
1.747056e-006	0.000375
1.747556e-006	6.25e-005
1.748056e-006	6.25e-005
1.748556e-006	0.000375
1.749056e-006	-0.00025
1.749556e-006	-0.0005625
1.750056e-006	-0.0005625
1.750556e-006	-0.0011875
1.751056e-006	-0.0005625
1.751556e-006	-0.0005625
1.752056e-006	-0.0011875
1.752556e-006	-0.0018125
1.753056e-006	-0.000875
1.753556e-006	6.25e-005
1.754056e-006	0.000375
1.754556e-006	6.25e-005
1.755056e-006	-0.0005625
1.755556e-006	-0.0005625
1.756056e-006	0.000375
1.756556e-006	0.0006875
1.757056e-006	0.000375
1.757556e-006	0.000375
1.758056e-006	6.25e-005
1.758556e-006	6.25e-005
1.759056e-006	-0.0005625
1.759556e-006	-0.0005625
1.760056e-006	-0.000875
1.760556e-006	-0.0005625
1.761056e-006	-0.0005625
1.761556e-006	-0.0005625
1.762056e-006	-0.0005625
1.762556e-006	-0.0005625
1.763056e-006	-0.00025
1.763556e-006	6.25e-005
1.764056e-006	-0.00025
1.764556e-006	6.25e-005
1.765056e-006	0.000375
1.765556e-006	-0.00025
1.766056e-006	-0.00025
1.766556e-006	-0.00025
1.767056e-006	6.25e-005
1.767556e-006	0.000375
1.768056e-006	-0.00025
1.768556e-006	-0.0005625
1.769056e-006	-0.00025
1.769556e-006	6.25e-005
1.770056e-006	-0.00025
1.770556e-006	-0.0005625
1.771056e-006	-0.00025
1.771556e-006	-0.0005625
1.772056e-006	-0.0005625
1.772556e-006	-0.00025
1.773056e-006	0.000375
1.773556e-006	-0.00025
1.774056e-006	-0.00025
1.774556e-006	-0.00025
1.775056e-006	-0.00025
1.775556e-006	6.25e-005
1.776056e-006	-0.0005625
1.776556e-006	6.25e-005
1.777056e-006	6.25e-005
1.777556e-006	-0.00025
1.778056e-006	-0.00025
1.778556e-006	-0.0005625
1.779056e-006	-0.0005625
1.779556e-006	6.25e-005
1.780056e-006	-0.0005625
1.780556e-006	-0.0005625
1.781056e-006	-0.0005625
1.781556e-006	6.25e-005
1.782056e-006	6.25e-005
1.782556e-006	-0.00025
1.783056e-006	-0.00025
1.783556e-006	0.000375
1.784056e-006	6.25e-005
1.784556e-006	-0.000875
1.785056e-006	-0.000875
1.785556e-006	6.25e-005
1.786056e-006	0.000375
1.786556e-006	6.25e-005
1.787056e-006	-0.000875
1.787556e-006	-0.0005625
1.788056e-006	6.25e-005
