LECROYWS454	16215	Waveform
Segments	1	SegmentSize	4002
Segment	TrigTime	TimeSinceSegment1
#1	02-May-2024 19:16:43	0                 
Time	Ampl
-2.12054e-007	-0.00025
-2.11554e-007	6.25e-005
-2.11054e-007	0.000375
-2.10554e-007	0.000375
-2.10054e-007	6.25e-005
-2.09554e-007	0.0006875
-2.09054e-007	6.25e-005
-2.08554e-007	0.000375
-2.08054e-007	0.000375
-2.07554e-007	6.25e-005
-2.07054e-007	6.25e-005
-2.06554e-007	6.25e-005
-2.06054e-007	6.25e-005
-2.05554e-007	6.25e-005
-2.05054e-007	-0.00025
-2.04554e-007	0.000375
-2.04054e-007	-0.0005625
-2.03554e-007	-0.00025
-2.03054e-007	6.25e-005
-2.02554e-007	-0.0005625
-2.02054e-007	0.000375
-2.01554e-007	6.25e-005
-2.01054e-007	6.25e-005
-2.00554e-007	-0.00025
-2.00054e-007	6.25e-005
-1.99554e-007	0.0006875
-1.99054e-007	6.25e-005
-1.98554e-007	-0.0005625
-1.98054e-007	-0.00025
-1.97554e-007	0.000375
-1.97054e-007	6.25e-005
-1.96554e-007	-0.0005625
-1.96054e-007	0.000375
-1.95554e-007	-0.00025
-1.95054e-007	-0.00025
-1.94554e-007	0.000375
-1.94054e-007	-0.00025
-1.93554e-007	0.000375
-1.93054e-007	0.000375
-1.92554e-007	0.000375
-1.92054e-007	-0.0005625
-1.91554e-007	-0.0005625
-1.91054e-007	6.25e-005
-1.90554e-007	-0.00025
-1.90054e-007	-0.00025
-1.89554e-007	-0.00025
-1.89054e-007	-0.0005625
-1.88554e-007	6.25e-005
-1.88054e-007	-0.00025
-1.87554e-007	-0.00025
-1.87054e-007	0.000375
-1.86554e-007	0.000375
-1.86054e-007	0.000375
-1.85554e-007	0.000375
-1.85054e-007	0.0006875
-1.84554e-007	0.000375
-1.84054e-007	-0.00025
-1.83554e-007	-0.00025
-1.83054e-007	-0.00025
-1.82554e-007	6.25e-005
-1.82054e-007	6.25e-005
-1.81554e-007	-0.0005625
-1.81054e-007	-0.0005625
-1.80554e-007	-0.00025
-1.80054e-007	-0.0005625
-1.79554e-007	-0.0005625
-1.79054e-007	-0.00025
-1.78554e-007	-0.0005625
-1.78054e-007	-0.000875
-1.77554e-007	-0.00025
-1.77054e-007	6.25e-005
-1.76554e-007	0.000375
-1.76054e-007	6.25e-005
-1.75554e-007	0.0006875
-1.75054e-007	0.0013125
-1.74554e-007	0.001
-1.74054e-007	0.000375
-1.73554e-007	0.001
-1.73054e-007	0.0006875
-1.72554e-007	0.000375
-1.72054e-007	-0.00025
-1.71554e-007	6.25e-005
-1.71054e-007	6.25e-005
-1.70554e-007	6.25e-005
-1.70054e-007	-0.00025
-1.69554e-007	-0.0005625
-1.69054e-007	-0.000875
-1.68554e-007	-0.000875
-1.68054e-007	-0.000875
-1.67554e-007	-0.00025
-1.67054e-007	6.25e-005
-1.66554e-007	6.25e-005
-1.66054e-007	0.000375
-1.65554e-007	0.0006875
-1.65054e-007	0.0006875
-1.64554e-007	0.001
-1.64054e-007	0.001
-1.63554e-007	0.0006875
-1.63054e-007	0.000375
-1.62554e-007	0.001
-1.62054e-007	0.000375
-1.61554e-007	-0.00025
-1.61054e-007	-0.00025
-1.60554e-007	6.25e-005
-1.60054e-007	6.25e-005
-1.59554e-007	6.25e-005
-1.59054e-007	-0.0005625
-1.58554e-007	6.25e-005
-1.58054e-007	-0.00025
-1.57554e-007	-0.0005625
-1.57054e-007	6.25e-005
-1.56554e-007	-0.00025
-1.56054e-007	6.25e-005
-1.55554e-007	0.0006875
-1.55054e-007	6.25e-005
-1.54554e-007	6.25e-005
-1.54054e-007	0.000375
-1.53554e-007	0.000375
-1.53054e-007	0.000375
-1.52554e-007	0.000375
-1.52054e-007	0.0006875
-1.51554e-007	0.000375
-1.51054e-007	6.25e-005
-1.50554e-007	6.25e-005
-1.50054e-007	-0.00025
-1.49554e-007	6.25e-005
-1.49054e-007	6.25e-005
-1.48554e-007	-0.0005625
-1.48054e-007	-0.000875
-1.47554e-007	-0.0005625
-1.47054e-007	-0.0005625
-1.46554e-007	-0.00025
-1.46054e-007	-0.00025
-1.45554e-007	6.25e-005
-1.45054e-007	6.25e-005
-1.44554e-007	-0.0005625
-1.44054e-007	6.25e-005
-1.43554e-007	0.0006875
-1.43054e-007	0.0006875
-1.42554e-007	0.0006875
-1.42054e-007	6.25e-005
-1.41554e-007	0.0006875
-1.41054e-007	0.0006875
-1.40554e-007	0.001
-1.40054e-007	0.0006875
-1.39554e-007	6.25e-005
-1.39054e-007	0.000375
-1.38554e-007	6.25e-005
-1.38054e-007	6.25e-005
-1.37554e-007	6.25e-005
-1.37054e-007	-0.0005625
-1.36554e-007	-0.0011875
-1.36054e-007	-0.00025
-1.35554e-007	-0.0005625
-1.35054e-007	-0.0005625
-1.34554e-007	-0.0005625
-1.34054e-007	0.000375
-1.33554e-007	0.000375
-1.33054e-007	6.25e-005
-1.32554e-007	0.000375
-1.32054e-007	0.0006875
-1.31554e-007	0.0006875
-1.31054e-007	0.0006875
-1.30554e-007	0.0006875
-1.30054e-007	0.0006875
-1.29554e-007	6.25e-005
-1.29054e-007	0.001
-1.28554e-007	0.001
-1.28054e-007	0.0006875
-1.27554e-007	0.000375
-1.27054e-007	-0.00025
-1.26554e-007	0.0006875
-1.26054e-007	6.25e-005
-1.25554e-007	-0.0005625
-1.25054e-007	-0.000875
-1.24554e-007	-0.0005625
-1.24054e-007	-0.0005625
-1.23554e-007	-0.000875
-1.23054e-007	6.25e-005
-1.22554e-007	0.000375
-1.22054e-007	-0.00025
-1.21554e-007	0.0006875
-1.21054e-007	-0.0005625
-1.20554e-007	0.000375
-1.20054e-007	0.001625
-1.19554e-007	0.0013125
-1.19054e-007	0.001625
-1.18554e-007	0.0013125
-1.18054e-007	0.000375
-1.17554e-007	0.000375
-1.17054e-007	-0.0005625
-1.16554e-007	6.25e-005
-1.16054e-007	-0.000875
-1.15554e-007	-0.0015
-1.15054e-007	-0.00025
-1.14554e-007	-0.00025
-1.14054e-007	0.000375
-1.13554e-007	-0.000875
-1.13054e-007	-0.000875
-1.12554e-007	6.25e-005
-1.12054e-007	0.0006875
-1.11554e-007	0.0006875
-1.11054e-007	6.25e-005
-1.10554e-007	0.000375
-1.10054e-007	0.0013125
-1.09554e-007	0.0006875
-1.09054e-007	0.001
-1.08554e-007	0.000375
-1.08054e-007	0.0006875
-1.07554e-007	6.25e-005
-1.07054e-007	-0.00025
-1.06554e-007	0.000375
-1.06054e-007	-0.00025
-1.05554e-007	-0.00025
-1.05054e-007	-0.00025
-1.04554e-007	-0.0005625
-1.04054e-007	-0.00025
-1.03554e-007	-0.0005625
-1.03054e-007	-0.0005625
-1.02554e-007	6.25e-005
-1.02054e-007	-0.00025
-1.01554e-007	0.0006875
-1.01054e-007	0.0006875
-1.00554e-007	0.001
-1.00054e-007	6.25e-005
-9.9554e-008	0.000375
-9.9054e-008	0.0006875
-9.8554e-008	6.25e-005
-9.8054e-008	0.0006875
-9.7554e-008	0.0006875
-9.7054e-008	-0.0005625
-9.6554e-008	0.000375
-9.6054e-008	-0.0005625
-9.5554e-008	6.25e-005
-9.5054e-008	-0.00025
-9.4554e-008	6.25e-005
-9.4054e-008	0.000375
-9.3554e-008	-0.00025
-9.3054e-008	0.000375
-9.2554e-008	0.000375
-9.2054e-008	0.000375
-9.1554e-008	0.0013125
-9.1054e-008	0.000375
-9.0554e-008	6.25e-005
-9.0054e-008	6.25e-005
-8.9554e-008	-0.00025
-8.9054e-008	0.000375
-8.8554e-008	-0.000875
-8.8054e-008	-0.00025
-8.7554e-008	0.000375
-8.7054e-008	-0.0005625
-8.6554e-008	-0.0005625
-8.6054e-008	6.25e-005
-8.5554e-008	0.000375
-8.5054e-008	-0.0005625
-8.4554e-008	0.000375
-8.4054e-008	0.0006875
-8.3554e-008	-0.00025
-8.3054e-008	0.0006875
-8.2554e-008	0.001625
-8.2054e-008	0.000375
-8.1554e-008	0.000375
-8.1054e-008	-0.00025
-8.0554e-008	6.25e-005
-8.0054e-008	-0.0005625
-7.9554e-008	-0.0005625
-7.9054e-008	-0.0005625
-7.8554e-008	-0.0005625
-7.8054e-008	-0.00025
-7.7554e-008	-0.000875
-7.7054e-008	-0.000875
-7.6554e-008	-0.0005625
-7.6054e-008	-0.000875
-7.5554e-008	6.25e-005
-7.5054e-008	0.000375
-7.4554e-008	0.0006875
-7.4054e-008	0.001625
-7.3554e-008	0.0013125
-7.3054e-008	0.0013125
-7.2554e-008	0.0006875
-7.2054e-008	0.0013125
-7.1554e-008	0.001625
-7.1054e-008	-0.00025
-7.0554e-008	6.25e-005
-7.0054e-008	0.000375
-6.9554e-008	-0.0005625
-6.9054e-008	-0.0011875
-6.8554e-008	-0.0018125
-6.8054e-008	-0.000875
-6.7554e-008	-0.0011875
-6.7054e-008	-0.0011875
-6.6554e-008	-0.0005625
-6.6054e-008	-0.0005625
-6.5554e-008	-0.0005625
-6.5054e-008	-0.0005625
-6.4554e-008	0.0006875
-6.4054e-008	0.001625
-6.3554e-008	0.0006875
-6.3054e-008	0.001625
-6.2554e-008	0.0025625
-6.2054e-008	0.0019375
-6.1554e-008	0.001
-6.1054e-008	-0.0005625
-6.0554e-008	-0.0005625
-6.0054e-008	-0.0005625
-5.9554e-008	-0.000875
-5.9054e-008	-0.0011875
-5.8554e-008	-0.0011875
-5.8054e-008	-0.0011875
-5.7554e-008	-0.002125
-5.7054e-008	-0.0015
-5.6554e-008	-0.000875
-5.6054e-008	-0.0005625
-5.5554e-008	6.25e-005
-5.5054e-008	0.0006875
-5.4554e-008	0.001
-5.4054e-008	0.000375
-5.3554e-008	0.0013125
-5.3054e-008	0.0019375
-5.2554e-008	0.001625
-5.2054e-008	0.0006875
-5.1554e-008	0.0006875
-5.1054e-008	0.0006875
-5.0554e-008	6.25e-005
-5.0054e-008	-0.000875
-4.9554e-008	-0.0011875
-4.9054e-008	-0.0011875
-4.8554e-008	-0.0015
-4.8054e-008	-0.0011875
-4.7554e-008	-0.0011875
-4.7054e-008	-0.0005625
-4.6554e-008	-0.0005625
-4.6054e-008	-0.000875
-4.5554e-008	-0.0005625
-4.5054e-008	0.000375
-4.4554e-008	0.0006875
-4.4054e-008	0.001
-4.3554e-008	0.001
-4.3054e-008	0.0013125
-4.2554e-008	0.001625
-4.2054e-008	0.0006875
-4.1554e-008	0.001
-4.1054e-008	0.000375
-4.0554e-008	6.25e-005
-4.0054e-008	-0.000875
-3.9554e-008	-0.0011875
-3.9054e-008	-0.000875
-3.8554e-008	-0.0015
-3.8054e-008	-0.0018125
-3.7554e-008	-0.0011875
-3.7054e-008	-0.0018125
-3.6554e-008	-0.002125
-3.6054e-008	-0.0030625
-3.5554e-008	-0.0024375
-3.5054e-008	-0.002125
-3.4554e-008	-0.00275
-3.4054e-008	-0.0030625
-3.3554e-008	-0.0036875
-3.3054e-008	-0.0036875
-3.2554e-008	-0.004625
-3.2054e-008	-0.005875
-3.1554e-008	-0.0061875
-3.1054e-008	-0.007125
-3.0554e-008	-0.0080625
-3.0054e-008	-0.0074375
-2.9554e-008	-0.0080625
-2.9054e-008	-0.00775
-2.8554e-008	-0.0080625
-2.8054e-008	-0.0080625
-2.7554e-008	-0.0080625
-2.7054e-008	-0.0080625
-2.6554e-008	-0.0074375
-2.6054e-008	-0.0080625
-2.5554e-008	-0.0080625
-2.5054e-008	-0.00775
-2.4554e-008	-0.008375
-2.4054e-008	-0.0074375
-2.3554e-008	-0.0080625
-2.3054e-008	-0.0080625
-2.2554e-008	-0.00775
-2.2054e-008	-0.009
-2.1554e-008	-0.0086875
-2.1054e-008	-0.01025
-2.0554e-008	-0.0099375
-2.0054e-008	-0.009625
-1.9554e-008	-0.0099375
-1.9054e-008	-0.0086875
-1.8554e-008	-0.0093125
-1.8054e-008	-0.0080625
-1.7554e-008	-0.0080625
-1.7054e-008	-0.0080625
-1.6554e-008	-0.0065
-1.6054e-008	-0.0074375
-1.5554e-008	-0.0065
-1.5054e-008	-0.0055625
-1.4554e-008	-0.0068125
-1.4054e-008	-0.007125
-1.3554e-008	-0.008375
-1.3054e-008	-0.008375
-1.2554e-008	-0.009
-1.2054e-008	-0.009
-1.1554e-008	-0.009625
-1.1054e-008	-0.010875
-1.0554e-008	-0.0105625
-1.0054e-008	-0.009625
-9.554e-009	-0.01025
-9.054e-009	-0.0093125
-8.554e-009	-0.01025
-8.054e-009	-0.009
-7.554e-009	-0.009
-7.054e-009	-0.008375
-6.554e-009	-0.0080625
-6.054e-009	-0.0080625
-5.554e-009	-0.008375
-5.054e-009	-0.0080625
-4.554e-009	-0.008375
-4.054e-009	-0.008375
-3.554e-009	-0.009625
-3.054e-009	-0.0093125
-2.554e-009	-0.0099375
-2.054e-009	-0.010875
-1.554e-009	-0.010875
-1.054e-009	-0.012125
-5.54e-010	-0.0118125
-5.4e-011	-0.0124375
4.46e-010	-0.0111875
9.46e-010	-0.010875
1.446e-009	-0.010875
1.946e-009	-0.0111875
2.446e-009	-0.0105625
2.946e-009	-0.009
3.446e-009	-0.008375
3.946e-009	-0.0086875
4.446e-009	-0.0080625
4.946e-009	-0.008375
5.446e-009	-0.009
5.946e-009	-0.0086875
6.446e-009	-0.009625
6.946e-009	-0.0099375
7.446e-009	-0.0105625
7.946e-009	-0.0115
8.446e-009	-0.0115
8.946e-009	-0.0124375
9.446e-009	-0.0124375
9.946e-009	-0.0118125
1.0446e-008	-0.012125
1.0946e-008	-0.0111875
1.1446e-008	-0.010875
1.1946e-008	-0.010875
1.2446e-008	-0.01025
1.2946e-008	-0.009
1.3446e-008	-0.009
1.3946e-008	-0.008375
1.4446e-008	-0.0093125
1.4946e-008	-0.0086875
1.5446e-008	-0.009625
1.5946e-008	-0.009625
1.6446e-008	-0.0105625
1.6946e-008	-0.010875
1.7446e-008	-0.0111875
1.7946e-008	-0.0118125
1.8446e-008	-0.012125
1.8946e-008	-0.0130625
1.9446e-008	-0.01275
1.9946e-008	-0.012125
2.0446e-008	-0.0118125
2.0946e-008	-0.012125
2.1446e-008	-0.0115
2.1946e-008	-0.0111875
2.2446e-008	-0.010875
2.2946e-008	-0.010875
2.3446e-008	-0.0099375
2.3946e-008	-0.01025
2.4446e-008	-0.0093125
2.4946e-008	-0.009625
2.5446e-008	-0.0093125
2.5946e-008	-0.0099375
2.6446e-008	-0.010875
2.6946e-008	-0.0115
2.7446e-008	-0.0115
2.7946e-008	-0.012125
2.8446e-008	-0.01275
2.8946e-008	-0.0130625
2.9446e-008	-0.0118125
2.9946e-008	-0.0118125
3.0446e-008	-0.01275
3.0946e-008	-0.0124375
3.1446e-008	-0.0118125
3.1946e-008	-0.0111875
3.2446e-008	-0.010875
3.2946e-008	-0.0105625
3.3446e-008	-0.01025
3.3946e-008	-0.01025
3.4446e-008	-0.010875
3.4946e-008	-0.0099375
3.5446e-008	-0.01025
3.5946e-008	-0.01025
3.6446e-008	-0.0111875
3.6946e-008	-0.0115
3.7446e-008	-0.0111875
3.7946e-008	-0.0118125
3.8446e-008	-0.012125
3.8946e-008	-0.0130625
3.9446e-008	-0.0118125
3.9946e-008	-0.0115
4.0446e-008	-0.0118125
4.0946e-008	-0.0124375
4.1446e-008	-0.0118125
4.1946e-008	-0.010875
4.2446e-008	-0.0105625
4.2946e-008	-0.0115
4.3446e-008	-0.0105625
4.3946e-008	-0.0111875
4.4446e-008	-0.0105625
4.4946e-008	-0.0111875
4.5446e-008	-0.010875
4.5946e-008	-0.0111875
4.6446e-008	-0.0111875
4.6946e-008	-0.0118125
4.7446e-008	-0.0115
4.7946e-008	-0.0118125
4.8446e-008	-0.0115
4.8946e-008	-0.0118125
4.9446e-008	-0.0115
4.9946e-008	-0.0115
5.0446e-008	-0.010875
5.0946e-008	-0.0111875
5.1446e-008	-0.0115
5.1946e-008	-0.01025
5.2446e-008	-0.0111875
5.2946e-008	-0.0111875
5.3446e-008	-0.0105625
5.3946e-008	-0.010875
5.4446e-008	-0.010875
5.4946e-008	-0.010875
5.5446e-008	-0.0105625
5.5946e-008	-0.010875
5.6446e-008	-0.0118125
5.6946e-008	-0.010875
5.7446e-008	-0.0115
5.7946e-008	-0.0118125
5.8446e-008	-0.0115
5.8946e-008	-0.0118125
5.9446e-008	-0.010875
5.9946e-008	-0.010875
6.0446e-008	-0.0111875
6.0946e-008	-0.0115
6.1446e-008	-0.0111875
6.1946e-008	-0.0105625
6.2446e-008	-0.010875
6.2946e-008	-0.0115
6.3446e-008	-0.010875
6.3946e-008	-0.0111875
6.4446e-008	-0.010875
6.4946e-008	-0.010875
6.5446e-008	-0.0105625
6.5946e-008	-0.0105625
6.6446e-008	-0.010875
6.6946e-008	-0.0111875
6.7446e-008	-0.0111875
6.7946e-008	-0.0118125
6.8446e-008	-0.0111875
6.8946e-008	-0.010875
6.9446e-008	-0.0105625
6.9946e-008	-0.0111875
7.0446e-008	-0.0111875
7.0946e-008	-0.0111875
7.1446e-008	-0.0105625
7.1946e-008	-0.0105625
7.2446e-008	-0.0105625
7.2946e-008	-0.0105625
7.3446e-008	-0.0105625
7.3946e-008	-0.0105625
7.4446e-008	-0.0105625
7.4946e-008	-0.0105625
7.5446e-008	-0.01025
7.5946e-008	-0.01025
7.6446e-008	-0.010875
7.6946e-008	-0.01025
7.7446e-008	-0.0111875
7.7946e-008	-0.01025
7.8446e-008	-0.010875
7.8946e-008	-0.0111875
7.9446e-008	-0.0105625
7.9946e-008	-0.01025
8.0446e-008	-0.0105625
8.0946e-008	-0.010875
8.1446e-008	-0.0105625
8.1946e-008	-0.0099375
8.2446e-008	-0.01025
8.2946e-008	-0.01025
8.3446e-008	-0.01025
8.3946e-008	-0.0105625
8.4446e-008	-0.009625
8.4946e-008	-0.0099375
8.5446e-008	-0.0093125
8.5946e-008	-0.0099375
8.6446e-008	-0.0099375
8.6946e-008	-0.0099375
8.7446e-008	-0.0099375
8.7946e-008	-0.01025
8.8446e-008	-0.01025
8.8946e-008	-0.0111875
8.9446e-008	-0.0105625
8.9946e-008	-0.0111875
9.0446e-008	-0.010875
9.0946e-008	-0.01025
9.1446e-008	-0.0105625
9.1946e-008	-0.0105625
9.2446e-008	-0.0105625
9.2946e-008	-0.0105625
9.3446e-008	-0.0099375
9.3946e-008	-0.009625
9.4446e-008	-0.0093125
9.4946e-008	-0.009
9.5446e-008	-0.009
9.5946e-008	-0.009625
9.6446e-008	-0.0093125
9.6946e-008	-0.0086875
9.7446e-008	-0.01025
9.7946e-008	-0.0099375
9.8446e-008	-0.0099375
9.8946e-008	-0.0099375
9.9446e-008	-0.0105625
9.9946e-008	-0.0111875
1.00446e-007	-0.0105625
1.00946e-007	-0.0105625
1.01446e-007	-0.010875
1.01946e-007	-0.0093125
1.02446e-007	-0.01025
1.02946e-007	-0.01025
1.03446e-007	-0.009625
1.03946e-007	-0.0093125
1.04446e-007	-0.0093125
1.04946e-007	-0.0080625
1.05446e-007	-0.0086875
1.05946e-007	-0.0093125
1.06446e-007	-0.009
1.06946e-007	-0.0086875
1.07446e-007	-0.009
1.07946e-007	-0.0099375
1.08446e-007	-0.01025
1.08946e-007	-0.0099375
1.09446e-007	-0.01025
1.09946e-007	-0.0111875
1.10446e-007	-0.0105625
1.10946e-007	-0.0105625
1.11446e-007	-0.01025
1.11946e-007	-0.0105625
1.12446e-007	-0.01025
1.12946e-007	-0.0099375
1.13446e-007	-0.009
1.13946e-007	-0.0086875
1.14446e-007	-0.008375
1.14946e-007	-0.008375
1.15446e-007	-0.00775
1.15946e-007	-0.00775
1.16446e-007	-0.009
1.16946e-007	-0.0080625
1.17446e-007	-0.0080625
1.17946e-007	-0.0093125
1.18446e-007	-0.01025
1.18946e-007	-0.009625
1.19446e-007	-0.0099375
1.19946e-007	-0.01025
1.20446e-007	-0.0111875
1.20946e-007	-0.0099375
1.21446e-007	-0.0099375
1.21946e-007	-0.0099375
1.22446e-007	-0.0099375
1.22946e-007	-0.0093125
1.23446e-007	-0.009
1.23946e-007	-0.0086875
1.24446e-007	-0.00775
1.24946e-007	-0.00775
1.25446e-007	-0.0080625
1.25946e-007	-0.0080625
1.26446e-007	-0.008375
1.26946e-007	-0.0086875
1.27446e-007	-0.009
1.27946e-007	-0.009
1.28446e-007	-0.0086875
1.28946e-007	-0.0099375
1.29446e-007	-0.009625
1.29946e-007	-0.009
1.30446e-007	-0.0093125
1.30946e-007	-0.0105625
1.31446e-007	-0.01025
1.31946e-007	-0.0086875
1.32446e-007	-0.009
1.32946e-007	-0.0093125
1.33446e-007	-0.0080625
1.33946e-007	-0.0080625
1.34446e-007	-0.00775
1.34946e-007	-0.0074375
1.35446e-007	-0.00775
1.35946e-007	-0.00775
1.36446e-007	-0.008375
1.36946e-007	-0.008375
1.37446e-007	-0.0086875
1.37946e-007	-0.0080625
1.38446e-007	-0.0086875
1.38946e-007	-0.0093125
1.39446e-007	-0.0093125
1.39946e-007	-0.009
1.40446e-007	-0.0093125
1.40946e-007	-0.009
1.41446e-007	-0.0099375
1.41946e-007	-0.0086875
1.42446e-007	-0.009
1.42946e-007	-0.0080625
1.43446e-007	-0.0074375
1.43946e-007	-0.00775
1.44446e-007	-0.0074375
1.44946e-007	-0.00775
1.45446e-007	-0.00775
1.45946e-007	-0.0074375
1.46446e-007	-0.0080625
1.46946e-007	-0.0080625
1.47446e-007	-0.008375
1.47946e-007	-0.009
1.48446e-007	-0.0086875
1.48946e-007	-0.0086875
1.49446e-007	-0.008375
1.49946e-007	-0.0093125
1.50446e-007	-0.0093125
1.50946e-007	-0.0093125
1.51446e-007	-0.009625
1.51946e-007	-0.008375
1.52446e-007	-0.0074375
1.52946e-007	-0.007125
1.53446e-007	-0.00775
1.53946e-007	-0.007125
1.54446e-007	-0.0068125
1.54946e-007	-0.0074375
1.55446e-007	-0.0074375
1.55946e-007	-0.00775
1.56446e-007	-0.0080625
1.56946e-007	-0.0074375
1.57446e-007	-0.008375
1.57946e-007	-0.0086875
1.58446e-007	-0.0086875
1.58946e-007	-0.0086875
1.59446e-007	-0.0093125
1.59946e-007	-0.0086875
1.60446e-007	-0.008375
1.60946e-007	-0.009
1.61446e-007	-0.009625
1.61946e-007	-0.008375
1.62446e-007	-0.00775
1.62946e-007	-0.0074375
1.63446e-007	-0.007125
1.63946e-007	-0.0074375
1.64446e-007	-0.007125
1.64946e-007	-0.0065
1.65446e-007	-0.0068125
1.65946e-007	-0.00775
1.66446e-007	-0.0074375
1.66946e-007	-0.0074375
1.67446e-007	-0.0080625
1.67946e-007	-0.008375
1.68446e-007	-0.008375
1.68946e-007	-0.008375
1.69446e-007	-0.0080625
1.69946e-007	-0.00775
1.70446e-007	-0.008375
1.70946e-007	-0.0093125
1.71446e-007	-0.008375
1.71946e-007	-0.0074375
1.72446e-007	-0.0074375
1.72946e-007	-0.00775
1.73446e-007	-0.0074375
1.73946e-007	-0.0074375
1.74446e-007	-0.0074375
1.74946e-007	-0.0065
1.75446e-007	-0.0065
1.75946e-007	-0.0074375
1.76446e-007	-0.0080625
1.76946e-007	-0.00775
1.77446e-007	-0.008375
1.77946e-007	-0.008375
1.78446e-007	-0.0086875
1.78946e-007	-0.0080625
1.79446e-007	-0.0086875
1.79946e-007	-0.0086875
1.80446e-007	-0.0086875
1.80946e-007	-0.008375
1.81446e-007	-0.00775
1.81946e-007	-0.00775
1.82446e-007	-0.008375
1.82946e-007	-0.0074375
1.83446e-007	-0.007125
1.83946e-007	-0.0065
1.84446e-007	-0.0068125
1.84946e-007	-0.0068125
1.85446e-007	-0.0068125
1.85946e-007	-0.0074375
1.86446e-007	-0.00775
1.86946e-007	-0.00775
1.87446e-007	-0.00775
1.87946e-007	-0.007125
1.88446e-007	-0.00775
1.88946e-007	-0.0080625
1.89446e-007	-0.008375
1.89946e-007	-0.0080625
1.90446e-007	-0.0074375
1.90946e-007	-0.008375
1.91446e-007	-0.0080625
1.91946e-007	-0.00775
1.92446e-007	-0.0074375
1.92946e-007	-0.007125
1.93446e-007	-0.007125
1.93946e-007	-0.0065
1.94446e-007	-0.0074375
1.94946e-007	-0.007125
1.95446e-007	-0.007125
1.95946e-007	-0.0065
1.96446e-007	-0.0068125
1.96946e-007	-0.0074375
1.97446e-007	-0.0074375
1.97946e-007	-0.007125
1.98446e-007	-0.00775
1.98946e-007	-0.007125
1.99446e-007	-0.0080625
1.99946e-007	-0.00775
2.00446e-007	-0.0080625
2.00946e-007	-0.0074375
2.01446e-007	-0.00775
2.01946e-007	-0.007125
2.02446e-007	-0.007125
2.02946e-007	-0.007125
2.03446e-007	-0.0074375
2.03946e-007	-0.0068125
2.04446e-007	-0.007125
2.04946e-007	-0.0061875
2.05446e-007	-0.0061875
2.05946e-007	-0.0065
2.06446e-007	-0.0068125
2.06946e-007	-0.0068125
2.07446e-007	-0.0068125
2.07946e-007	-0.0074375
2.08446e-007	-0.007125
2.08946e-007	-0.007125
2.09446e-007	-0.0068125
2.09946e-007	-0.007125
2.10446e-007	-0.0080625
2.10946e-007	-0.00775
2.11446e-007	-0.007125
2.11946e-007	-0.0074375
2.12446e-007	-0.007125
2.12946e-007	-0.0068125
2.13446e-007	-0.0068125
2.13946e-007	-0.0068125
2.14446e-007	-0.0068125
2.14946e-007	-0.007125
2.15446e-007	-0.0068125
2.15946e-007	-0.0068125
2.16446e-007	-0.0065
2.16946e-007	-0.0061875
2.17446e-007	-0.0068125
2.17946e-007	-0.007125
2.18446e-007	-0.0065
2.18946e-007	-0.0061875
2.19446e-007	-0.0074375
2.19946e-007	-0.007125
2.20446e-007	-0.0068125
2.20946e-007	-0.0068125
2.21446e-007	-0.0074375
2.21946e-007	-0.0068125
2.22446e-007	-0.00775
2.22946e-007	-0.0074375
2.23446e-007	-0.0074375
2.23946e-007	-0.0065
2.24446e-007	-0.0065
2.24946e-007	-0.0068125
2.25446e-007	-0.0061875
2.25946e-007	-0.005875
2.26446e-007	-0.0055625
2.26946e-007	-0.005875
2.27446e-007	-0.007125
2.27946e-007	-0.005875
2.28446e-007	-0.0055625
2.28946e-007	-0.0068125
2.29446e-007	-0.007125
2.29946e-007	-0.007125
2.30446e-007	-0.007125
2.30946e-007	-0.0068125
2.31446e-007	-0.0074375
2.31946e-007	-0.0074375
2.32446e-007	-0.0074375
2.32946e-007	-0.0074375
2.33446e-007	-0.0065
2.33946e-007	-0.0065
2.34446e-007	-0.005875
2.34946e-007	-0.005875
2.35446e-007	-0.005875
2.35946e-007	-0.005875
2.36446e-007	-0.005875
2.36946e-007	-0.0055625
2.37446e-007	-0.005875
2.37946e-007	-0.005875
2.38446e-007	-0.0061875
2.38946e-007	-0.0068125
2.39446e-007	-0.0065
2.39946e-007	-0.007125
2.40446e-007	-0.0074375
2.40946e-007	-0.0074375
2.41446e-007	-0.007125
2.41946e-007	-0.0068125
2.42446e-007	-0.008375
2.42946e-007	-0.0074375
2.43446e-007	-0.0065
2.43946e-007	-0.0068125
2.44446e-007	-0.0065
2.44946e-007	-0.0055625
2.45446e-007	-0.00525
2.45946e-007	-0.0049375
2.46446e-007	-0.00525
2.46946e-007	-0.00525
2.47446e-007	-0.0049375
2.47946e-007	-0.0049375
2.48446e-007	-0.0049375
2.48946e-007	-0.005875
2.49446e-007	-0.0061875
2.49946e-007	-0.0068125
2.50446e-007	-0.0074375
2.50946e-007	-0.0080625
2.51446e-007	-0.007125
2.51946e-007	-0.0068125
2.52446e-007	-0.0074375
2.52946e-007	-0.00775
2.53446e-007	-0.0074375
2.53946e-007	-0.0061875
2.54446e-007	-0.0055625
2.54946e-007	-0.005875
2.55446e-007	-0.00525
2.55946e-007	-0.0049375
2.56446e-007	-0.0043125
2.56946e-007	-0.0043125
2.57446e-007	-0.0049375
2.57946e-007	-0.0049375
2.58446e-007	-0.00525
2.58946e-007	-0.0061875
2.59446e-007	-0.0061875
2.59946e-007	-0.0065
2.60446e-007	-0.007125
2.60946e-007	-0.0074375
2.61446e-007	-0.00775
2.61946e-007	-0.007125
2.62446e-007	-0.0074375
2.62946e-007	-0.007125
2.63446e-007	-0.0061875
2.63946e-007	-0.0068125
2.64446e-007	-0.005875
2.64946e-007	-0.00525
2.65446e-007	-0.0049375
2.65946e-007	-0.0049375
2.66446e-007	-0.004625
2.66946e-007	-0.004625
2.67446e-007	-0.0043125
2.67946e-007	-0.004625
2.68446e-007	-0.0049375
2.68946e-007	-0.0055625
2.69446e-007	-0.005875
2.69946e-007	-0.0061875
2.70446e-007	-0.007125
2.70946e-007	-0.007125
2.71446e-007	-0.0068125
2.71946e-007	-0.007125
2.72446e-007	-0.0074375
2.72946e-007	-0.007125
2.73446e-007	-0.0065
2.73946e-007	-0.0065
2.74446e-007	-0.0065
2.74946e-007	-0.005875
2.75446e-007	-0.0055625
2.75946e-007	-0.004
2.76446e-007	-0.0036875
2.76946e-007	-0.0043125
2.77446e-007	-0.0049375
2.77946e-007	-0.0049375
2.78446e-007	-0.0036875
2.78946e-007	-0.0043125
2.79446e-007	-0.00525
2.79946e-007	-0.0061875
2.80446e-007	-0.0065
2.80946e-007	-0.0065
2.81446e-007	-0.007125
2.81946e-007	-0.007125
2.82446e-007	-0.0068125
2.82946e-007	-0.0074375
2.83446e-007	-0.0074375
2.83946e-007	-0.0065
2.84446e-007	-0.005875
2.84946e-007	-0.0049375
2.85446e-007	-0.00525
2.85946e-007	-0.0049375
2.86446e-007	-0.0036875
2.86946e-007	-0.0043125
2.87446e-007	-0.004625
2.87946e-007	-0.004625
2.88446e-007	-0.0043125
2.88946e-007	-0.00525
2.89446e-007	-0.00525
2.89946e-007	-0.00525
2.90446e-007	-0.0055625
2.90946e-007	-0.0061875
2.91446e-007	-0.0074375
2.91946e-007	-0.0068125
2.92446e-007	-0.0065
2.92946e-007	-0.0074375
2.93446e-007	-0.0061875
2.93946e-007	-0.0061875
2.94446e-007	-0.0061875
2.94946e-007	-0.0061875
2.95446e-007	-0.005875
2.95946e-007	-0.0049375
2.96446e-007	-0.0049375
2.96946e-007	-0.004625
2.97446e-007	-0.004
2.97946e-007	-0.0043125
2.98446e-007	-0.0043125
2.98946e-007	-0.0055625
2.99446e-007	-0.00525
2.99946e-007	-0.0055625
3.00446e-007	-0.0061875
3.00946e-007	-0.0055625
3.01446e-007	-0.0061875
3.01946e-007	-0.005875
3.02446e-007	-0.005875
3.02946e-007	-0.005875
3.03446e-007	-0.0061875
3.03946e-007	-0.0061875
3.04446e-007	-0.0061875
3.04946e-007	-0.005875
3.05446e-007	-0.0049375
3.05946e-007	-0.0049375
3.06446e-007	-0.0049375
3.06946e-007	-0.0049375
3.07446e-007	-0.0049375
3.07946e-007	-0.0055625
3.08446e-007	-0.004625
3.08946e-007	-0.0049375
3.09446e-007	-0.0049375
3.09946e-007	-0.0055625
3.10446e-007	-0.00525
3.10946e-007	-0.0055625
3.11446e-007	-0.0055625
3.11946e-007	-0.0055625
3.12446e-007	-0.00525
3.12946e-007	-0.0055625
3.13446e-007	-0.00525
3.13946e-007	-0.005875
3.14446e-007	-0.0055625
3.14946e-007	-0.00525
3.15446e-007	-0.0049375
3.15946e-007	-0.004625
3.16446e-007	-0.0049375
3.16946e-007	-0.0049375
3.17446e-007	-0.0049375
3.17946e-007	-0.00525
3.18446e-007	-0.0055625
3.18946e-007	-0.0049375
3.19446e-007	-0.0049375
3.19946e-007	-0.00525
3.20446e-007	-0.00525
3.20946e-007	-0.0049375
3.21446e-007	-0.0049375
3.21946e-007	-0.0049375
3.22446e-007	-0.0055625
3.22946e-007	-0.005875
3.23446e-007	-0.00525
3.23946e-007	-0.004
3.24446e-007	-0.0036875
3.24946e-007	-0.00525
3.25446e-007	-0.00525
3.25946e-007	-0.0043125
3.26446e-007	-0.0049375
3.26946e-007	-0.004625
3.27446e-007	-0.004625
3.27946e-007	-0.0049375
3.28446e-007	-0.00525
3.28946e-007	-0.0055625
3.29446e-007	-0.0055625
3.29946e-007	-0.0049375
3.30446e-007	-0.0049375
3.30946e-007	-0.0055625
3.31446e-007	-0.0055625
3.31946e-007	-0.00525
3.32446e-007	-0.0043125
3.32946e-007	-0.00525
3.33446e-007	-0.0049375
3.33946e-007	-0.0049375
3.34446e-007	-0.004
3.34946e-007	-0.0036875
3.35446e-007	-0.0043125
3.35946e-007	-0.00525
3.36446e-007	-0.0043125
3.36946e-007	-0.004625
3.37446e-007	-0.004625
3.37946e-007	-0.0049375
3.38446e-007	-0.00525
3.38946e-007	-0.0049375
3.39446e-007	-0.00525
3.39946e-007	-0.005875
3.40446e-007	-0.0055625
3.40946e-007	-0.0043125
3.41446e-007	-0.0043125
3.41946e-007	-0.0043125
3.42446e-007	-0.0049375
3.42946e-007	-0.0049375
3.43446e-007	-0.004
3.43946e-007	-0.0036875
3.44446e-007	-0.004
3.44946e-007	-0.004625
3.45446e-007	-0.004625
3.45946e-007	-0.0043125
3.46446e-007	-0.0043125
3.46946e-007	-0.0043125
3.47446e-007	-0.0043125
3.47946e-007	-0.004625
3.48446e-007	-0.0055625
3.48946e-007	-0.0055625
3.49446e-007	-0.00525
3.49946e-007	-0.0049375
3.50446e-007	-0.0043125
3.50946e-007	-0.00525
3.51446e-007	-0.0049375
3.51946e-007	-0.0043125
3.52446e-007	-0.0043125
3.52946e-007	-0.0043125
3.53446e-007	-0.0043125
3.53946e-007	-0.0043125
3.54446e-007	-0.004
3.54946e-007	-0.0049375
3.55446e-007	-0.003375
3.55946e-007	-0.004625
3.56446e-007	-0.004
3.56946e-007	-0.004
3.57446e-007	-0.004625
3.57946e-007	-0.004
3.58446e-007	-0.004625
3.58946e-007	-0.00525
3.59446e-007	-0.0043125
3.59946e-007	-0.004625
3.60446e-007	-0.004625
3.60946e-007	-0.0049375
3.61446e-007	-0.0043125
3.61946e-007	-0.0043125
3.62446e-007	-0.004625
3.62946e-007	-0.004
3.63446e-007	-0.004625
3.63946e-007	-0.0043125
3.64446e-007	-0.004625
3.64946e-007	-0.004
3.65446e-007	-0.004
3.65946e-007	-0.0043125
3.66446e-007	-0.004
3.66946e-007	-0.0043125
3.67446e-007	-0.0043125
3.67946e-007	-0.004
3.68446e-007	-0.0049375
3.68946e-007	-0.004625
3.69446e-007	-0.004625
3.69946e-007	-0.0043125
3.70446e-007	-0.004
3.70946e-007	-0.0043125
3.71446e-007	-0.004
3.71946e-007	-0.004625
3.72446e-007	-0.004625
3.72946e-007	-0.004
3.73446e-007	-0.004625
3.73946e-007	-0.0049375
3.74446e-007	-0.0043125
3.74946e-007	-0.0049375
3.75446e-007	-0.0043125
3.75946e-007	-0.0049375
3.76446e-007	-0.0043125
3.76946e-007	-0.004625
3.77446e-007	-0.004
3.77946e-007	-0.004
3.78446e-007	-0.004625
3.78946e-007	-0.004
3.79446e-007	-0.0030625
3.79946e-007	-0.004
3.80446e-007	-0.0036875
3.80946e-007	-0.004
3.81446e-007	-0.0036875
3.81946e-007	-0.004
3.82446e-007	-0.004625
3.82946e-007	-0.004
3.83446e-007	-0.0049375
3.83946e-007	-0.0049375
3.84446e-007	-0.004625
3.84946e-007	-0.004625
3.85446e-007	-0.0049375
3.85946e-007	-0.0055625
3.86446e-007	-0.0049375
3.86946e-007	-0.0043125
3.87446e-007	-0.0049375
3.87946e-007	-0.004
3.88446e-007	-0.0043125
3.88946e-007	-0.004
3.89446e-007	-0.0036875
3.89946e-007	-0.003375
3.90446e-007	-0.00275
3.90946e-007	-0.0036875
3.91446e-007	-0.0024375
3.91946e-007	-0.0030625
3.92446e-007	-0.0036875
3.92946e-007	-0.0036875
3.93446e-007	-0.0049375
3.93946e-007	-0.0049375
3.94446e-007	-0.004625
3.94946e-007	-0.0055625
3.95446e-007	-0.00525
3.95946e-007	-0.00525
3.96446e-007	-0.0049375
3.96946e-007	-0.00525
3.97446e-007	-0.00525
3.97946e-007	-0.004
3.98446e-007	-0.004
3.98946e-007	-0.0036875
3.99446e-007	-0.003375
3.99946e-007	-0.00275
4.00446e-007	-0.00275
4.00946e-007	-0.0036875
4.01446e-007	-0.003375
4.01946e-007	-0.003375
4.02446e-007	-0.0036875
4.02946e-007	-0.0036875
4.03446e-007	-0.004
4.03946e-007	-0.0043125
4.04446e-007	-0.0049375
4.04946e-007	-0.00525
4.05446e-007	-0.0049375
4.05946e-007	-0.005875
4.06446e-007	-0.0055625
4.06946e-007	-0.00525
4.07446e-007	-0.004625
4.07946e-007	-0.0043125
4.08446e-007	-0.0043125
4.08946e-007	-0.0036875
4.09446e-007	-0.0030625
4.09946e-007	-0.0030625
4.10446e-007	-0.0030625
4.10946e-007	-0.0024375
4.11446e-007	-0.0024375
4.11946e-007	-0.0030625
4.12446e-007	-0.0024375
4.12946e-007	-0.0030625
4.13446e-007	-0.004
4.13946e-007	-0.004
4.14446e-007	-0.004625
4.14946e-007	-0.00525
4.15446e-007	-0.004625
4.15946e-007	-0.004625
4.16446e-007	-0.0043125
4.16946e-007	-0.00525
4.17446e-007	-0.004625
4.17946e-007	-0.004625
4.18446e-007	-0.004625
4.18946e-007	-0.004
4.19446e-007	-0.0036875
4.19946e-007	-0.00275
4.20446e-007	-0.00275
4.20946e-007	-0.0030625
4.21446e-007	-0.0024375
4.21946e-007	-0.00275
4.22446e-007	-0.0030625
4.22946e-007	-0.00275
4.23446e-007	-0.0036875
4.23946e-007	-0.0043125
4.24446e-007	-0.004625
4.24946e-007	-0.004
4.25446e-007	-0.004
4.25946e-007	-0.0043125
4.26446e-007	-0.0049375
4.26946e-007	-0.00525
4.27446e-007	-0.0043125
4.27946e-007	-0.004
4.28446e-007	-0.0049375
4.28946e-007	-0.004
4.29446e-007	-0.003375
4.29946e-007	-0.00275
4.30446e-007	-0.0030625
4.30946e-007	-0.003375
4.31446e-007	-0.0030625
4.31946e-007	-0.0030625
4.32446e-007	-0.00275
4.32946e-007	-0.0036875
4.33446e-007	-0.0036875
4.33946e-007	-0.0043125
4.34446e-007	-0.004
4.34946e-007	-0.0043125
4.35446e-007	-0.0049375
4.35946e-007	-0.0043125
4.36446e-007	-0.004
4.36946e-007	-0.0049375
4.37446e-007	-0.0036875
4.37946e-007	-0.004625
4.38446e-007	-0.0043125
4.38946e-007	-0.0036875
4.39446e-007	-0.0036875
4.39946e-007	-0.0030625
4.40446e-007	-0.003375
4.40946e-007	-0.0030625
4.41446e-007	-0.0030625
4.41946e-007	-0.00275
4.42446e-007	-0.0030625
4.42946e-007	-0.0036875
4.43446e-007	-0.0030625
4.43946e-007	-0.003375
4.44446e-007	-0.004625
4.44946e-007	-0.0043125
4.45446e-007	-0.0043125
4.45946e-007	-0.004
4.46446e-007	-0.0043125
4.46946e-007	-0.0043125
4.47446e-007	-0.004
4.47946e-007	-0.0043125
4.48446e-007	-0.003375
4.48946e-007	-0.003375
4.49446e-007	-0.003375
4.49946e-007	-0.0024375
4.50446e-007	-0.0024375
4.50946e-007	-0.00275
4.51446e-007	-0.00275
4.51946e-007	-0.00275
4.52446e-007	-0.00275
4.52946e-007	-0.0036875
4.53446e-007	-0.0030625
4.53946e-007	-0.003375
4.54446e-007	-0.003375
4.54946e-007	-0.004
4.55446e-007	-0.004625
4.55946e-007	-0.0049375
4.56446e-007	-0.004625
4.56946e-007	-0.004625
4.57446e-007	-0.004
4.57946e-007	-0.0036875
4.58446e-007	-0.0030625
4.58946e-007	-0.0030625
4.59446e-007	-0.00275
4.59946e-007	-0.0024375
4.60446e-007	-0.0030625
4.60946e-007	-0.0024375
4.61446e-007	-0.0024375
4.61946e-007	-0.002125
4.62446e-007	-0.00275
4.62946e-007	-0.0036875
4.63446e-007	-0.003375
4.63946e-007	-0.003375
4.64446e-007	-0.0043125
4.64946e-007	-0.0043125
4.65446e-007	-0.0043125
4.65946e-007	-0.0043125
4.66446e-007	-0.0049375
4.66946e-007	-0.004625
4.67446e-007	-0.004625
4.67946e-007	-0.004
4.68446e-007	-0.0030625
4.68946e-007	-0.0030625
4.69446e-007	-0.00275
4.69946e-007	-0.0018125
4.70446e-007	-0.0018125
4.70946e-007	-0.0018125
4.71446e-007	-0.00275
4.71946e-007	-0.0018125
4.72446e-007	-0.002125
4.72946e-007	-0.0030625
4.73446e-007	-0.0036875
4.73946e-007	-0.0043125
4.74446e-007	-0.004
4.74946e-007	-0.004625
4.75446e-007	-0.004625
4.75946e-007	-0.004625
4.76446e-007	-0.0043125
4.76946e-007	-0.0049375
4.77446e-007	-0.004
4.77946e-007	-0.0043125
4.78446e-007	-0.003375
4.78946e-007	-0.0030625
4.79446e-007	-0.002125
4.79946e-007	-0.0018125
4.80446e-007	-0.0018125
4.80946e-007	-0.002125
4.81446e-007	-0.0018125
4.81946e-007	-0.0018125
4.82446e-007	-0.0018125
4.82946e-007	-0.002125
4.83446e-007	-0.003375
4.83946e-007	-0.0036875
4.84446e-007	-0.0036875
4.84946e-007	-0.0049375
4.85446e-007	-0.00525
4.85946e-007	-0.0043125
4.86446e-007	-0.004625
4.86946e-007	-0.0049375
4.87446e-007	-0.00525
4.87946e-007	-0.003375
4.88446e-007	-0.0030625
4.88946e-007	-0.00275
4.89446e-007	-0.00275
4.89946e-007	-0.0015
4.90446e-007	-0.0015
4.90946e-007	-0.0015
4.91446e-007	-0.0018125
4.91946e-007	-0.0011875
4.92446e-007	-0.0015
4.92946e-007	-0.002125
4.93446e-007	-0.00275
4.93946e-007	-0.0036875
4.94446e-007	-0.0043125
4.94946e-007	-0.0049375
4.95446e-007	-0.0043125
4.95946e-007	-0.004625
4.96446e-007	-0.004625
4.96946e-007	-0.00525
4.97446e-007	-0.003375
4.97946e-007	-0.0043125
4.98446e-007	-0.003375
4.98946e-007	-0.00275
4.99446e-007	-0.002125
4.99946e-007	-0.0024375
5.00446e-007	-0.0011875
5.00946e-007	-0.0011875
5.01446e-007	-0.000875
5.01946e-007	-0.0015
5.02446e-007	-0.002125
5.02946e-007	-0.0018125
5.03446e-007	-0.00275
5.03946e-007	-0.0030625
5.04446e-007	-0.0030625
5.04946e-007	-0.003375
5.05446e-007	-0.004625
5.05946e-007	-0.00525
5.06446e-007	-0.0043125
5.06946e-007	-0.004625
5.07446e-007	-0.00525
5.07946e-007	-0.0036875
5.08446e-007	-0.0036875
5.08946e-007	-0.002125
5.09446e-007	-0.002125
5.09946e-007	-0.002125
5.10446e-007	-0.0018125
5.10946e-007	-0.0015
5.11446e-007	-0.000875
5.11946e-007	-0.000875
5.12446e-007	-0.0018125
5.12946e-007	-0.0015
5.13446e-007	-0.002125
5.13946e-007	-0.00275
5.14446e-007	-0.0036875
5.14946e-007	-0.0043125
5.15446e-007	-0.0043125
5.15946e-007	-0.0055625
5.16446e-007	-0.0049375
5.16946e-007	-0.0043125
5.17446e-007	-0.0036875
5.17946e-007	-0.004
5.18446e-007	-0.003375
5.18946e-007	-0.002125
5.19446e-007	-0.0024375
5.19946e-007	-0.00275
5.20446e-007	-0.0018125
5.20946e-007	-0.0011875
5.21446e-007	-0.000875
5.21946e-007	-0.0018125
5.22446e-007	-0.0005625
5.22946e-007	-0.0015
5.23446e-007	-0.00275
5.23946e-007	-0.0024375
5.24446e-007	-0.003375
5.24946e-007	-0.004
5.25446e-007	-0.003375
5.25946e-007	-0.004625
5.26446e-007	-0.0043125
5.26946e-007	-0.004
5.27446e-007	-0.0036875
5.27946e-007	-0.003375
5.28446e-007	-0.0030625
5.28946e-007	-0.002125
5.29446e-007	-0.00275
5.29946e-007	-0.0018125
5.30446e-007	-0.0011875
5.30946e-007	-0.0018125
5.31446e-007	-0.0024375
5.31946e-007	-0.0018125
5.32446e-007	-0.0018125
5.32946e-007	-0.002125
5.33446e-007	-0.003375
5.33946e-007	-0.003375
5.34446e-007	-0.003375
5.34946e-007	-0.0036875
5.35446e-007	-0.0036875
5.35946e-007	-0.004
5.36446e-007	-0.004
5.36946e-007	-0.004625
5.37446e-007	-0.0036875
5.37946e-007	-0.0030625
5.38446e-007	-0.00275
5.38946e-007	-0.002125
5.39446e-007	-0.0011875
5.39946e-007	-0.0011875
5.40446e-007	-0.0011875
5.40946e-007	-0.002125
5.41446e-007	-0.002125
5.41946e-007	-0.0024375
5.42446e-007	-0.0015
5.42946e-007	-0.00275
5.43446e-007	-0.0030625
5.43946e-007	-0.003375
5.44446e-007	-0.003375
5.44946e-007	-0.003375
5.45446e-007	-0.003375
5.45946e-007	-0.004
5.46446e-007	-0.0036875
5.46946e-007	-0.003375
5.47446e-007	-0.003375
5.47946e-007	-0.002125
5.48446e-007	-0.002125
5.48946e-007	-0.0024375
5.49446e-007	-0.002125
5.49946e-007	-0.0015
5.50446e-007	-0.0024375
5.50946e-007	-0.0011875
5.51446e-007	-0.0015
5.51946e-007	-0.0018125
5.52446e-007	-0.0024375
5.52946e-007	-0.0030625
5.53446e-007	-0.003375
5.53946e-007	-0.0030625
5.54446e-007	-0.00275
5.54946e-007	-0.003375
5.55446e-007	-0.0036875
5.55946e-007	-0.0030625
5.56446e-007	-0.0030625
5.56946e-007	-0.003375
5.57446e-007	-0.0030625
5.57946e-007	-0.0024375
5.58446e-007	-0.002125
5.58946e-007	-0.002125
5.59446e-007	-0.0018125
5.59946e-007	-0.0015
5.60446e-007	-0.0011875
5.60946e-007	-0.0011875
5.61446e-007	-0.0015
5.61946e-007	-0.0018125
5.62446e-007	-0.0024375
5.62946e-007	-0.0030625
5.63446e-007	-0.003375
5.63946e-007	-0.0030625
5.64446e-007	-0.0024375
5.64946e-007	-0.0030625
5.65446e-007	-0.003375
5.65946e-007	-0.0043125
5.66446e-007	-0.004
5.66946e-007	-0.0030625
5.67446e-007	-0.0030625
5.67946e-007	-0.00275
5.68446e-007	-0.0018125
5.68946e-007	-0.0011875
5.69446e-007	-0.0015
5.69946e-007	-0.0015
5.70446e-007	-0.0018125
5.70946e-007	-0.0011875
5.71446e-007	-0.0024375
5.71946e-007	-0.0024375
5.72446e-007	-0.0024375
5.72946e-007	-0.00275
5.73446e-007	-0.0030625
5.73946e-007	-0.0036875
5.74446e-007	-0.0030625
5.74946e-007	-0.0030625
5.75446e-007	-0.0036875
5.75946e-007	-0.0030625
5.76446e-007	-0.0030625
5.76946e-007	-0.00275
5.77446e-007	-0.0024375
5.77946e-007	-0.0018125
5.78446e-007	-0.000875
5.78946e-007	-0.0018125
5.79446e-007	-0.0015
5.79946e-007	-0.0015
5.80446e-007	-0.0018125
5.80946e-007	-0.0011875
5.81446e-007	-0.0011875
5.81946e-007	-0.0018125
5.82446e-007	-0.002125
5.82946e-007	-0.0030625
5.83446e-007	-0.00275
5.83946e-007	-0.00275
5.84446e-007	-0.0024375
5.84946e-007	-0.0030625
5.85446e-007	-0.0030625
5.85946e-007	-0.00275
5.86446e-007	-0.0024375
5.86946e-007	-0.002125
5.87446e-007	-0.002125
5.87946e-007	-0.002125
5.88446e-007	-0.0015
5.88946e-007	-0.002125
5.89446e-007	-0.0018125
5.89946e-007	-0.0018125
5.90446e-007	-0.0018125
5.90946e-007	-0.0011875
5.91446e-007	-0.0018125
5.91946e-007	-0.0015
5.92446e-007	-0.0024375
5.92946e-007	-0.0030625
5.93446e-007	-0.0030625
5.93946e-007	-0.0036875
5.94446e-007	-0.00275
5.94946e-007	-0.0024375
5.95446e-007	-0.00275
5.95946e-007	-0.002125
5.96446e-007	-0.0024375
5.96946e-007	-0.002125
5.97446e-007	-0.002125
5.97946e-007	-0.0018125
5.98446e-007	-0.002125
5.98946e-007	-0.0030625
5.99446e-007	-0.0011875
5.99946e-007	-0.0011875
6.00446e-007	-0.0011875
6.00946e-007	-0.0011875
6.01446e-007	-0.0015
6.01946e-007	-0.002125
6.02446e-007	-0.00275
6.02946e-007	-0.003375
6.03446e-007	-0.0024375
6.03946e-007	-0.0030625
6.04446e-007	-0.0024375
6.04946e-007	-0.0024375
6.05446e-007	-0.0024375
6.05946e-007	-0.0011875
6.06446e-007	-0.0015
6.06946e-007	-0.0018125
6.07446e-007	-0.002125
6.07946e-007	-0.0018125
6.08446e-007	-0.0024375
6.08946e-007	-0.002125
6.09446e-007	-0.0015
6.09946e-007	-0.0015
6.10446e-007	-0.002125
6.10946e-007	-0.0015
6.11446e-007	-0.002125
6.11946e-007	-0.0015
6.12446e-007	-0.002125
6.12946e-007	-0.00275
6.13446e-007	-0.0024375
6.13946e-007	-0.0024375
6.14446e-007	-0.0024375
6.14946e-007	-0.002125
6.15446e-007	-0.0018125
6.15946e-007	-0.0015
6.16446e-007	-0.00275
6.16946e-007	-0.002125
6.17446e-007	-0.0011875
6.17946e-007	-0.000875
6.18446e-007	-0.0018125
6.18946e-007	-0.0024375
6.19446e-007	-0.0018125
6.19946e-007	-0.002125
6.20446e-007	-0.0024375
6.20946e-007	-0.0018125
6.21446e-007	-0.002125
6.21946e-007	-0.002125
6.22446e-007	-0.00275
6.22946e-007	-0.00275
6.23446e-007	-0.0024375
6.23946e-007	-0.00275
6.24446e-007	-0.0024375
6.24946e-007	-0.002125
6.25446e-007	-0.0018125
6.25946e-007	-0.0018125
6.26446e-007	-0.0024375
6.26946e-007	-0.0011875
6.27446e-007	-0.000875
6.27946e-007	-0.0018125
6.28446e-007	-0.0015
6.28946e-007	-0.0015
6.29446e-007	-0.0024375
6.29946e-007	-0.0018125
6.30446e-007	-0.0015
6.30946e-007	-0.0015
6.31446e-007	-0.0030625
6.31946e-007	-0.0030625
6.32446e-007	-0.0024375
6.32946e-007	-0.002125
6.33446e-007	-0.002125
6.33946e-007	-0.0030625
6.34446e-007	-0.0024375
6.34946e-007	-0.0015
6.35446e-007	-0.0018125
6.35946e-007	-0.0015
6.36446e-007	-0.0015
6.36946e-007	-0.0011875
6.37446e-007	-0.0011875
6.37946e-007	-0.0018125
6.38446e-007	-0.0018125
6.38946e-007	-0.000875
6.39446e-007	-0.0015
6.39946e-007	-0.002125
6.40446e-007	-0.0024375
6.40946e-007	-0.0018125
6.41446e-007	-0.002125
6.41946e-007	-0.0030625
6.42446e-007	-0.00275
6.42946e-007	-0.0030625
6.43446e-007	-0.0018125
6.43946e-007	-0.0024375
6.44446e-007	-0.00275
6.44946e-007	-0.002125
6.45446e-007	-0.0011875
6.45946e-007	-0.0011875
6.46446e-007	-0.0015
6.46946e-007	-0.002125
6.47446e-007	-0.0011875
6.47946e-007	-0.000875
6.48446e-007	-0.0015
6.48946e-007	-0.000875
6.49446e-007	-0.000875
6.49946e-007	-0.0018125
6.50446e-007	-0.002125
6.50946e-007	-0.0024375
6.51446e-007	-0.002125
6.51946e-007	-0.0018125
6.52446e-007	-0.00275
6.52946e-007	-0.003375
6.53446e-007	-0.00275
6.53946e-007	-0.0018125
6.54446e-007	-0.0018125
6.54946e-007	-0.0011875
6.55446e-007	-0.0015
6.55946e-007	-0.0015
6.56446e-007	-0.0018125
6.56946e-007	-0.0018125
6.57446e-007	-0.0011875
6.57946e-007	-0.0015
6.58446e-007	-0.0018125
6.58946e-007	-0.0015
6.59446e-007	-0.002125
6.59946e-007	-0.0024375
6.60446e-007	-0.00275
6.60946e-007	-0.0018125
6.61446e-007	-0.0018125
6.61946e-007	-0.0024375
6.62446e-007	-0.0018125
6.62946e-007	-0.0024375
6.63446e-007	-0.002125
6.63946e-007	-0.00275
6.64446e-007	-0.002125
6.64946e-007	-0.0011875
6.65446e-007	-0.0015
6.65946e-007	-0.0018125
6.66446e-007	-0.0015
6.66946e-007	-0.0005625
6.67446e-007	-0.000875
6.67946e-007	-0.0011875
6.68446e-007	-0.0011875
6.68946e-007	-0.0024375
6.69446e-007	-0.002125
6.69946e-007	-0.0011875
6.70446e-007	-0.0018125
6.70946e-007	-0.002125
6.71446e-007	-0.002125
6.71946e-007	-0.0018125
6.72446e-007	-0.00275
6.72946e-007	-0.0030625
6.73446e-007	-0.0024375
6.73946e-007	-0.002125
6.74446e-007	-0.0018125
6.74946e-007	-0.0011875
6.75446e-007	-0.0011875
6.75946e-007	-0.0011875
6.76446e-007	-0.002125
6.76946e-007	-0.000875
6.77446e-007	-0.0005625
6.77946e-007	-0.0005625
6.78446e-007	-0.0011875
6.78946e-007	-0.0018125
6.79446e-007	-0.002125
6.79946e-007	-0.0018125
6.80446e-007	-0.0018125
6.80946e-007	-0.0011875
6.81446e-007	-0.0024375
6.81946e-007	-0.0024375
6.82446e-007	-0.00275
6.82946e-007	-0.0024375
6.83446e-007	-0.0024375
6.83946e-007	-0.0024375
6.84446e-007	-0.0011875
6.84946e-007	-0.000875
6.85446e-007	-0.0011875
6.85946e-007	-0.0005625
6.86446e-007	-0.000875
6.86946e-007	-0.0011875
6.87446e-007	-0.0015
6.87946e-007	-0.0015
6.88446e-007	-0.0011875
6.88946e-007	-0.0011875
6.89446e-007	-0.0011875
6.89946e-007	-0.0018125
6.90446e-007	-0.002125
6.90946e-007	-0.0018125
6.91446e-007	-0.0018125
6.91946e-007	-0.0024375
6.92446e-007	-0.0024375
6.92946e-007	-0.002125
6.93446e-007	-0.0018125
6.93946e-007	-0.002125
6.94446e-007	-0.0011875
6.94946e-007	-0.000875
6.95446e-007	-0.0015
6.95946e-007	-0.0011875
6.96446e-007	-0.0011875
6.96946e-007	-0.0015
6.97446e-007	-0.0018125
6.97946e-007	-0.000875
6.98446e-007	-0.0011875
6.98946e-007	-0.0015
6.99446e-007	-0.0011875
6.99946e-007	-0.0015
7.00446e-007	-0.00275
7.00946e-007	-0.00275
7.01446e-007	-0.00275
7.01946e-007	-0.002125
7.02446e-007	-0.0018125
7.02946e-007	-0.0018125
7.03446e-007	-0.0024375
7.03946e-007	-0.0024375
7.04446e-007	-0.002125
7.04946e-007	-0.0011875
7.05446e-007	-0.0011875
7.05946e-007	-0.0011875
7.06446e-007	-0.0011875
7.06946e-007	-0.0005625
7.07446e-007	-0.0005625
7.07946e-007	-0.000875
7.08446e-007	-0.0011875
7.08946e-007	-0.0011875
7.09446e-007	-0.0018125
7.09946e-007	-0.0018125
7.10446e-007	-0.0011875
7.10946e-007	-0.0011875
7.11446e-007	-0.002125
7.11946e-007	-0.0024375
7.12446e-007	-0.0024375
7.12946e-007	-0.002125
7.13446e-007	-0.0024375
7.13946e-007	-0.002125
7.14446e-007	-0.0011875
7.14946e-007	-0.0011875
7.15446e-007	-0.0018125
7.15946e-007	-0.0015
7.16446e-007	-0.000875
7.16946e-007	-0.0005625
7.17446e-007	-0.000875
7.17946e-007	-0.0011875
7.18446e-007	-0.0018125
7.18946e-007	-0.0011875
7.19446e-007	-0.000875
7.19946e-007	-0.0011875
7.20446e-007	-0.002125
7.20946e-007	-0.0024375
7.21446e-007	-0.00275
7.21946e-007	-0.002125
7.22446e-007	-0.0018125
7.22946e-007	-0.002125
7.23446e-007	-0.0018125
7.23946e-007	-0.0018125
7.24446e-007	-0.0018125
7.24946e-007	-0.0015
7.25446e-007	-0.0018125
7.25946e-007	-0.0015
7.26446e-007	-0.0011875
7.26946e-007	-0.0005625
7.27446e-007	-0.000875
7.27946e-007	-0.0015
7.28446e-007	-0.0011875
7.28946e-007	-0.00025
7.29446e-007	-0.000875
7.29946e-007	-0.0005625
7.30446e-007	-0.0018125
7.30946e-007	-0.002125
7.31446e-007	-0.0024375
7.31946e-007	-0.0011875
7.32446e-007	-0.0018125
7.32946e-007	-0.002125
7.33446e-007	-0.0015
7.33946e-007	-0.002125
7.34446e-007	-0.0018125
7.34946e-007	-0.0011875
7.35446e-007	-0.0015
7.35946e-007	-0.000875
7.36446e-007	-0.0005625
7.36946e-007	-0.0011875
7.37446e-007	-0.0015
7.37946e-007	-0.0018125
7.38446e-007	-0.000875
7.38946e-007	-0.0011875
7.39446e-007	-0.0015
7.39946e-007	-0.0011875
7.40446e-007	-0.0015
7.40946e-007	-0.0015
7.41446e-007	-0.002125
7.41946e-007	-0.0018125
7.42446e-007	-0.0018125
7.42946e-007	-0.0018125
7.43446e-007	-0.0018125
7.43946e-007	-0.0018125
7.44446e-007	-0.0015
7.44946e-007	-0.000875
7.45446e-007	-0.0011875
7.45946e-007	-0.0011875
7.46446e-007	-0.0015
7.46946e-007	-0.0011875
7.47446e-007	-0.0011875
7.47946e-007	-0.000875
7.48446e-007	-0.0011875
7.48946e-007	-0.0018125
7.49446e-007	-0.0015
7.49946e-007	-0.0011875
7.50446e-007	-0.0018125
7.50946e-007	-0.000875
7.51446e-007	-0.0018125
7.51946e-007	-0.0018125
7.52446e-007	-0.0015
7.52946e-007	-0.0015
7.53446e-007	-0.002125
7.53946e-007	-0.0015
7.54446e-007	-0.0011875
7.54946e-007	-0.0011875
7.55446e-007	-0.0011875
7.55946e-007	-0.0018125
7.56446e-007	-0.0018125
7.56946e-007	-0.0005625
7.57446e-007	-0.0011875
7.57946e-007	-0.0018125
7.58446e-007	-0.0018125
7.58946e-007	-0.0011875
7.59446e-007	-0.0011875
7.59946e-007	-0.0015
7.60446e-007	-0.0015
7.60946e-007	-0.002125
7.61446e-007	-0.0018125
7.61946e-007	-0.0015
7.62446e-007	-0.0018125
7.62946e-007	-0.0015
7.63446e-007	-0.0011875
7.63946e-007	-0.0011875
7.64446e-007	-0.0011875
7.64946e-007	-0.0018125
7.65446e-007	-0.0011875
7.65946e-007	-0.0015
7.66446e-007	-0.0011875
7.66946e-007	-0.0015
7.67446e-007	-0.0015
7.67946e-007	-0.0011875
7.68446e-007	-0.0018125
7.68946e-007	-0.0018125
7.69446e-007	-0.0018125
7.69946e-007	-0.0018125
7.70446e-007	-0.0018125
7.70946e-007	-0.002125
7.71446e-007	-0.002125
7.71946e-007	-0.0011875
7.72446e-007	-0.0015
7.72946e-007	-0.0015
7.73446e-007	-0.0018125
7.73946e-007	-0.0005625
7.74446e-007	-0.0015
7.74946e-007	-0.0005625
7.75446e-007	-0.0005625
7.75946e-007	-0.000875
7.76446e-007	-0.0005625
7.76946e-007	-0.0011875
7.77446e-007	-0.000875
7.77946e-007	-0.000875
7.78446e-007	-0.0015
7.78946e-007	-0.0018125
7.79446e-007	-0.0015
7.79946e-007	-0.0011875
7.80446e-007	-0.0018125
7.80946e-007	-0.0024375
7.81446e-007	-0.0024375
7.81946e-007	-0.002125
7.82446e-007	-0.0015
7.82946e-007	-0.0018125
7.83446e-007	-0.000875
7.83946e-007	-0.0005625
7.84446e-007	-0.000875
7.84946e-007	-0.0011875
7.85446e-007	-0.0005625
7.85946e-007	-0.000875
7.86446e-007	-0.00025
7.86946e-007	-0.0011875
7.87446e-007	-0.000875
7.87946e-007	-0.000875
7.88446e-007	-0.0015
7.88946e-007	-0.0018125
7.89446e-007	-0.0015
7.89946e-007	-0.0015
7.90446e-007	-0.0024375
7.90946e-007	-0.002125
7.91446e-007	-0.0018125
7.91946e-007	-0.0011875
7.92446e-007	-0.0018125
7.92946e-007	-0.002125
7.93446e-007	-0.0015
7.93946e-007	-0.0011875
7.94446e-007	-0.000875
7.94946e-007	-0.0011875
7.95446e-007	-0.0018125
7.95946e-007	-0.000875
7.96446e-007	-0.0015
7.96946e-007	-0.000875
7.97446e-007	-0.0005625
7.97946e-007	-0.000875
7.98446e-007	-0.0015
7.98946e-007	-0.0011875
7.99446e-007	-0.0015
7.99946e-007	-0.0011875
8.00446e-007	-0.000875
8.00946e-007	-0.0011875
8.01446e-007	-0.002125
8.01946e-007	-0.0018125
8.02446e-007	-0.002125
8.02946e-007	-0.0018125
8.03446e-007	-0.0018125
8.03946e-007	-0.0011875
8.04446e-007	-0.00025
8.04946e-007	-0.0011875
8.05446e-007	-0.0015
8.05946e-007	-0.0011875
8.06446e-007	-0.0005625
8.06946e-007	-0.000875
8.07446e-007	-0.000875
8.07946e-007	-0.000875
8.08446e-007	-0.0005625
8.08946e-007	-0.0005625
8.09446e-007	-0.0005625
8.09946e-007	-0.0011875
8.10446e-007	-0.000875
8.10946e-007	-0.000875
8.11446e-007	-0.002125
8.11946e-007	-0.0018125
8.12446e-007	-0.000875
8.12946e-007	-0.0011875
8.13446e-007	-0.0018125
8.13946e-007	-0.002125
8.14446e-007	-0.0015
8.14946e-007	-0.0015
8.15446e-007	-0.0015
8.15946e-007	-0.0011875
8.16446e-007	-0.0011875
8.16946e-007	-0.000875
8.17446e-007	-0.0018125
8.17946e-007	-0.0005625
8.18446e-007	-0.0005625
8.18946e-007	-0.0011875
8.19446e-007	-0.0011875
8.19946e-007	-0.0011875
8.20446e-007	-0.000875
8.20946e-007	-0.0005625
8.21446e-007	-0.000875
8.21946e-007	-0.000875
8.22446e-007	-0.0018125
8.22946e-007	-0.0018125
8.23446e-007	-0.0018125
8.23946e-007	-0.0018125
8.24446e-007	-0.0011875
8.24946e-007	-0.0018125
8.25446e-007	-0.0015
8.25946e-007	-0.0018125
8.26446e-007	-0.0011875
8.26946e-007	-0.0018125
8.27446e-007	-0.0015
8.27946e-007	-0.0005625
8.28446e-007	-0.0005625
8.28946e-007	-0.0011875
8.29446e-007	-0.000875
8.29946e-007	-0.0011875
8.30446e-007	-0.0005625
8.30946e-007	-0.0005625
8.31446e-007	-0.0005625
8.31946e-007	-0.000875
8.32446e-007	-0.0011875
8.32946e-007	-0.000875
8.33446e-007	-0.0015
8.33946e-007	-0.0011875
8.34446e-007	-0.002125
8.34946e-007	-0.002125
8.35446e-007	-0.0018125
8.35946e-007	-0.0015
8.36446e-007	-0.0015
8.36946e-007	-0.0011875
8.37446e-007	-0.0018125
8.37946e-007	-0.0015
8.38446e-007	-0.0015
8.38946e-007	-0.000875
8.39446e-007	-0.0015
8.39946e-007	-0.000875
8.40446e-007	-0.0005625
8.40946e-007	-0.000875
8.41446e-007	-0.00025
8.41946e-007	6.25e-005
8.42446e-007	-0.0005625
8.42946e-007	-0.000875
8.43446e-007	-0.000875
8.43946e-007	-0.0011875
8.44446e-007	-0.0018125
8.44946e-007	-0.0024375
8.45446e-007	-0.0018125
8.45946e-007	-0.0024375
8.46446e-007	-0.002125
8.46946e-007	-0.0024375
8.47446e-007	-0.00275
8.47946e-007	-0.0018125
8.48446e-007	-0.0015
8.48946e-007	-0.0011875
8.49446e-007	-0.0015
8.49946e-007	-0.000875
8.50446e-007	0.0006875
8.50946e-007	0.000375
8.51446e-007	-0.00025
8.51946e-007	-0.00025
8.52446e-007	-0.0005625
8.52946e-007	-0.00025
8.53446e-007	-0.00025
8.53946e-007	-0.0011875
8.54446e-007	-0.002125
8.54946e-007	-0.0018125
8.55446e-007	-0.002125
8.55946e-007	-0.0024375
8.56446e-007	-0.0024375
8.56946e-007	-0.0030625
8.57446e-007	-0.0024375
8.57946e-007	-0.0015
8.58446e-007	-0.0015
8.58946e-007	-0.0018125
8.59446e-007	-0.0018125
8.59946e-007	-0.00025
8.60446e-007	-0.00025
8.60946e-007	-0.0005625
8.61446e-007	-0.00025
8.61946e-007	-0.00025
8.62446e-007	-0.0005625
8.62946e-007	-0.00025
8.63446e-007	6.25e-005
8.63946e-007	-0.0005625
8.64446e-007	-0.0005625
8.64946e-007	-0.0015
8.65446e-007	-0.0024375
8.65946e-007	-0.003375
8.66446e-007	-0.002125
8.66946e-007	-0.0015
8.67446e-007	-0.002125
8.67946e-007	-0.0024375
8.68446e-007	-0.002125
8.68946e-007	-0.0018125
8.69446e-007	-0.000875
8.69946e-007	-0.0005625
8.70446e-007	-0.0005625
8.70946e-007	-0.0005625
8.71446e-007	-0.000875
8.71946e-007	6.25e-005
8.72446e-007	-0.00025
8.72946e-007	-0.00025
8.73446e-007	-0.0005625
8.73946e-007	-0.0015
8.74446e-007	-0.0015
8.74946e-007	-0.0018125
8.75446e-007	-0.0024375
8.75946e-007	-0.002125
8.76446e-007	-0.0024375
8.76946e-007	-0.00275
8.77446e-007	-0.0030625
8.77946e-007	-0.0015
8.78446e-007	-0.000875
8.78946e-007	-0.0011875
8.79446e-007	-0.0011875
8.79946e-007	-0.0005625
8.80446e-007	-0.0005625
8.80946e-007	6.25e-005
8.81446e-007	6.25e-005
8.81946e-007	0.000375
8.82446e-007	-0.0005625
8.82946e-007	-0.0005625
8.83446e-007	-0.0005625
8.83946e-007	-0.000875
8.84446e-007	-0.0011875
8.84946e-007	-0.0024375
8.85446e-007	-0.002125
8.85946e-007	-0.0018125
8.86446e-007	-0.002125
8.86946e-007	-0.00275
8.87446e-007	-0.0018125
8.87946e-007	-0.0018125
8.88446e-007	-0.0018125
8.88946e-007	-0.000875
8.89446e-007	0.000375
8.89946e-007	-0.000875
8.90446e-007	6.25e-005
8.90946e-007	-0.00025
8.91446e-007	0.000375
8.91946e-007	0.000375
8.92446e-007	-0.0011875
8.92946e-007	-0.0005625
8.93446e-007	-0.0005625
8.93946e-007	-0.0011875
8.94446e-007	-0.0018125
8.94946e-007	-0.0011875
8.95446e-007	-0.0018125
8.95946e-007	-0.0018125
8.96446e-007	-0.002125
8.96946e-007	-0.0018125
8.97446e-007	-0.0024375
8.97946e-007	-0.0011875
8.98446e-007	-0.0015
8.98946e-007	-0.0005625
8.99446e-007	6.25e-005
8.99946e-007	0.000375
9.00446e-007	-0.00025
9.00946e-007	-0.000875
9.01446e-007	-0.0011875
9.01946e-007	-0.00025
9.02446e-007	6.25e-005
9.02946e-007	-0.0005625
9.03446e-007	-0.0015
9.03946e-007	-0.0015
9.04446e-007	-0.002125
9.04946e-007	-0.00275
9.05446e-007	-0.0018125
9.05946e-007	-0.0018125
9.06446e-007	-0.0015
9.06946e-007	-0.0015
9.07446e-007	-0.0015
9.07946e-007	-0.0018125
9.08446e-007	-0.00025
9.08946e-007	-0.0005625
9.09446e-007	-0.00025
9.09946e-007	6.25e-005
9.10446e-007	0.0006875
9.10946e-007	0.000375
9.11446e-007	-0.0005625
9.11946e-007	-0.000875
9.12446e-007	-0.0005625
9.12946e-007	-0.0011875
9.13446e-007	-0.0015
9.13946e-007	-0.0015
9.14446e-007	-0.0024375
9.14946e-007	-0.00275
9.15446e-007	-0.002125
9.15946e-007	-0.0015
9.16446e-007	-0.0018125
9.16946e-007	-0.0018125
9.17446e-007	-0.0011875
9.17946e-007	-0.0005625
9.18446e-007	-0.000875
9.18946e-007	-0.00025
9.19446e-007	-0.0005625
9.19946e-007	6.25e-005
9.20446e-007	0.000375
9.20946e-007	-0.00025
9.21446e-007	-0.0005625
9.21946e-007	-0.0005625
9.22446e-007	-0.0018125
9.22946e-007	-0.0018125
9.23446e-007	-0.0015
9.23946e-007	-0.0015
9.24446e-007	-0.002125
9.24946e-007	-0.0018125
9.25446e-007	-0.0011875
9.25946e-007	-0.0018125
9.26446e-007	-0.0018125
9.26946e-007	-0.000875
9.27446e-007	-0.000875
9.27946e-007	-0.000875
9.28446e-007	6.25e-005
9.28946e-007	6.25e-005
9.29446e-007	6.25e-005
9.29946e-007	-0.00025
9.30446e-007	6.25e-005
9.30946e-007	-0.0005625
9.31446e-007	-0.0005625
9.31946e-007	-0.000875
9.32446e-007	-0.0011875
9.32946e-007	-0.0018125
9.33446e-007	-0.0015
9.33946e-007	-0.0018125
9.34446e-007	-0.0015
9.34946e-007	-0.0015
9.35446e-007	-0.0015
9.35946e-007	-0.002125
9.36446e-007	-0.0011875
9.36946e-007	-0.0005625
9.37446e-007	-0.0011875
9.37946e-007	-0.000875
9.38446e-007	-0.0005625
9.38946e-007	0.000375
9.39446e-007	-0.0005625
9.39946e-007	-0.0005625
9.40446e-007	-0.000875
9.40946e-007	-0.0005625
9.41446e-007	-0.000875
9.41946e-007	-0.0011875
9.42446e-007	-0.002125
9.42946e-007	-0.0011875
9.43446e-007	-0.0018125
9.43946e-007	-0.000875
9.44446e-007	-0.0011875
9.44946e-007	-0.0011875
9.45446e-007	-0.0015
9.45946e-007	-0.0005625
9.46446e-007	-0.0005625
9.46946e-007	-0.0005625
9.47446e-007	-0.000875
9.47946e-007	-0.0005625
9.48446e-007	6.25e-005
9.48946e-007	-0.0005625
9.49446e-007	-0.0005625
9.49946e-007	-0.0011875
9.50446e-007	-0.0005625
9.50946e-007	-0.0011875
9.51446e-007	-0.0011875
9.51946e-007	-0.0011875
9.52446e-007	-0.0018125
9.52946e-007	-0.0018125
9.53446e-007	-0.0011875
9.53946e-007	-0.0015
9.54446e-007	-0.0015
9.54946e-007	-0.0011875
9.55446e-007	-0.00025
9.55946e-007	-0.0011875
9.56446e-007	-0.0011875
9.56946e-007	-0.0005625
9.57446e-007	-0.00025
9.57946e-007	0.0006875
9.58446e-007	-0.000875
9.58946e-007	-0.0011875
9.59446e-007	-0.00025
9.59946e-007	-0.000875
9.60446e-007	-0.0018125
9.60946e-007	-0.0011875
9.61446e-007	-0.0018125
9.61946e-007	-0.000875
9.62446e-007	-0.0015
9.62946e-007	-0.0011875
9.63446e-007	-0.0011875
9.63946e-007	-0.000875
9.64446e-007	-0.0005625
9.64946e-007	-0.00025
9.65446e-007	6.25e-005
9.65946e-007	-0.0005625
9.66446e-007	6.25e-005
9.66946e-007	0.000375
9.67446e-007	-0.0005625
9.67946e-007	-0.0005625
9.68446e-007	-0.000875
9.68946e-007	-0.000875
9.69446e-007	-0.000875
9.69946e-007	-0.0011875
9.70446e-007	-0.000875
9.70946e-007	-0.0018125
9.71446e-007	-0.0018125
9.71946e-007	-0.0018125
9.72446e-007	-0.002125
9.72946e-007	-0.0011875
9.73446e-007	-0.0011875
9.73946e-007	-0.000875
9.74446e-007	-0.0005625
9.74946e-007	-0.0005625
9.75446e-007	-0.00025
9.75946e-007	-0.0005625
9.76446e-007	6.25e-005
9.76946e-007	-0.0005625
9.77446e-007	-0.0005625
9.77946e-007	-0.00025
9.78446e-007	-0.000875
9.78946e-007	-0.0011875
9.79446e-007	-0.0015
9.79946e-007	-0.000875
9.80446e-007	-0.0011875
9.80946e-007	-0.0018125
9.81446e-007	-0.002125
9.81946e-007	-0.0011875
9.82446e-007	-0.0018125
9.82946e-007	-0.0011875
9.83446e-007	-0.0005625
9.83946e-007	6.25e-005
9.84446e-007	-0.0005625
9.84946e-007	-0.00025
9.85446e-007	0.000375
9.85946e-007	-0.00025
9.86446e-007	6.25e-005
9.86946e-007	0.0006875
9.87446e-007	0.000375
9.87946e-007	6.25e-005
9.88446e-007	-0.0011875
9.88946e-007	-0.0011875
9.89446e-007	-0.0015
9.89946e-007	-0.0011875
9.90446e-007	-0.000875
9.90946e-007	-0.0011875
9.91446e-007	-0.0018125
9.91946e-007	-0.002125
9.92446e-007	-0.0015
9.92946e-007	-0.0011875
9.93446e-007	-0.0011875
9.93946e-007	-0.00025
9.94446e-007	0.000375
9.94946e-007	-0.00025
9.95446e-007	0.0006875
9.95946e-007	0.000375
9.96446e-007	6.25e-005
9.96946e-007	6.25e-005
9.97446e-007	6.25e-005
9.97946e-007	-0.000875
9.98446e-007	-0.0011875
9.98946e-007	-0.0011875
9.99446e-007	-0.0011875
9.99946e-007	-0.0015
1.000446e-006	-0.0024375
1.000946e-006	-0.002125
1.001446e-006	-0.0011875
1.001946e-006	-0.0011875
1.002446e-006	-0.0015
1.002946e-006	-0.0011875
1.003446e-006	-0.000875
1.003946e-006	0.000375
1.004446e-006	6.25e-005
1.004946e-006	0.000375
1.005446e-006	6.25e-005
1.005946e-006	0.0006875
1.006446e-006	0.000375
1.006946e-006	0.0006875
1.007446e-006	-0.00025
1.007946e-006	-0.000875
1.008446e-006	-0.000875
1.008946e-006	-0.000875
1.009446e-006	-0.0018125
1.009946e-006	-0.00275
1.010446e-006	-0.002125
1.010946e-006	-0.0018125
1.011446e-006	-0.0018125
1.011946e-006	-0.0015
1.012446e-006	-0.0011875
1.012946e-006	-0.0005625
1.013446e-006	6.25e-005
1.013946e-006	-0.0005625
1.014446e-006	6.25e-005
1.014946e-006	0.001
1.015446e-006	0.001
1.015946e-006	0.000375
1.016446e-006	6.25e-005
1.016946e-006	6.25e-005
1.017446e-006	6.25e-005
1.017946e-006	-0.0005625
1.018446e-006	-0.000875
1.018946e-006	-0.0015
1.019446e-006	-0.0018125
1.019946e-006	-0.002125
1.020446e-006	-0.00275
1.020946e-006	-0.002125
1.021446e-006	-0.0024375
1.021946e-006	-0.0018125
1.022446e-006	-0.002125
1.022946e-006	-0.000875
1.023446e-006	6.25e-005
1.023946e-006	6.25e-005
1.024446e-006	0.0006875
1.024946e-006	0.000375
1.025446e-006	0.000375
1.025946e-006	0.0006875
1.026446e-006	0.0006875
1.026946e-006	6.25e-005
1.027446e-006	-0.00025
1.027946e-006	-0.000875
1.028446e-006	-0.0011875
1.028946e-006	-0.0011875
1.029446e-006	-0.0011875
1.029946e-006	-0.0018125
1.030446e-006	-0.0030625
1.030946e-006	-0.002125
1.031446e-006	-0.0015
1.031946e-006	-0.0015
1.032446e-006	-0.0018125
1.032946e-006	-0.0015
1.033446e-006	-0.00025
1.033946e-006	6.25e-005
1.034446e-006	0.000375
1.034946e-006	0.000375
1.035446e-006	0.001
1.035946e-006	0.0006875
1.036446e-006	0.0006875
1.036946e-006	0.000375
1.037446e-006	-0.0005625
1.037946e-006	-0.0005625
1.038446e-006	-0.000875
1.038946e-006	-0.0011875
1.039446e-006	-0.000875
1.039946e-006	-0.0018125
1.040446e-006	-0.00275
1.040946e-006	-0.002125
1.041446e-006	-0.0018125
1.041946e-006	-0.0018125
1.042446e-006	-0.0018125
1.042946e-006	-0.0011875
1.043446e-006	-0.000875
1.043946e-006	6.25e-005
1.044446e-006	6.25e-005
1.044946e-006	6.25e-005
1.045446e-006	6.25e-005
1.045946e-006	6.25e-005
1.046446e-006	0.001
1.046946e-006	0.0006875
1.047446e-006	6.25e-005
1.047946e-006	6.25e-005
1.048446e-006	-0.000875
1.048946e-006	-0.0015
1.049446e-006	-0.000875
1.049946e-006	-0.0011875
1.050446e-006	-0.002125
1.050946e-006	-0.0024375
1.051446e-006	-0.002125
1.051946e-006	-0.0015
1.052446e-006	-0.0015
1.052946e-006	-0.0018125
1.053446e-006	-0.0005625
1.053946e-006	6.25e-005
1.054446e-006	0.000375
1.054946e-006	6.25e-005
1.055446e-006	0.000375
1.055946e-006	6.25e-005
1.056446e-006	0.000375
1.056946e-006	0.000375
1.057446e-006	0.0006875
1.057946e-006	-0.00025
1.058446e-006	-0.0005625
1.058946e-006	-0.0011875
1.059446e-006	-0.0015
1.059946e-006	-0.0018125
1.060446e-006	-0.0018125
1.060946e-006	-0.000875
1.061446e-006	-0.0015
1.061946e-006	-0.002125
1.062446e-006	-0.0011875
1.062946e-006	-0.000875
1.063446e-006	-0.0011875
1.063946e-006	-0.00025
1.064446e-006	-0.00025
1.064946e-006	6.25e-005
1.065446e-006	-0.0005625
1.065946e-006	0.0006875
1.066446e-006	0.000375
1.066946e-006	-0.00025
1.067446e-006	-0.0005625
1.067946e-006	6.25e-005
1.068446e-006	-0.00025
1.068946e-006	-0.0005625
1.069446e-006	-0.000875
1.069946e-006	-0.0011875
1.070446e-006	-0.0015
1.070946e-006	-0.002125
1.071446e-006	-0.0015
1.071946e-006	-0.0015
1.072446e-006	-0.0011875
1.072946e-006	-0.000875
1.073446e-006	-0.0005625
1.073946e-006	6.25e-005
1.074446e-006	-0.00025
1.074946e-006	-0.0005625
1.075446e-006	0.001
1.075946e-006	0.0006875
1.076446e-006	6.25e-005
1.076946e-006	-0.00025
1.077446e-006	0.001
1.077946e-006	0.000375
1.078446e-006	6.25e-005
1.078946e-006	-0.000875
1.079446e-006	-0.0011875
1.079946e-006	-0.0011875
1.080446e-006	-0.0011875
1.080946e-006	-0.000875
1.081446e-006	-0.0018125
1.081946e-006	-0.0015
1.082446e-006	-0.0011875
1.082946e-006	-0.000875
1.083446e-006	-0.0005625
1.083946e-006	-0.0005625
1.084446e-006	-0.000875
1.084946e-006	6.25e-005
1.085446e-006	0.000375
1.085946e-006	0.000375
1.086446e-006	6.25e-005
1.086946e-006	0.000375
1.087446e-006	6.25e-005
1.087946e-006	6.25e-005
1.088446e-006	0.000375
1.088946e-006	-0.0005625
1.089446e-006	-0.0011875
1.089946e-006	-0.000875
1.090446e-006	-0.0018125
1.090946e-006	-0.002125
1.091446e-006	-0.0015
1.091946e-006	-0.0011875
1.092446e-006	-0.0011875
1.092946e-006	-0.0011875
1.093446e-006	-0.00025
1.093946e-006	-0.00025
1.094446e-006	-0.00025
1.094946e-006	0.0006875
1.095446e-006	0.001
1.095946e-006	6.25e-005
1.096446e-006	6.25e-005
1.096946e-006	6.25e-005
1.097446e-006	0.0006875
1.097946e-006	-0.000875
1.098446e-006	-0.0011875
1.098946e-006	-0.000875
1.099446e-006	-0.0011875
1.099946e-006	-0.0015
1.100446e-006	-0.0015
1.100946e-006	-0.002125
1.101446e-006	-0.0018125
1.101946e-006	-0.0015
1.102446e-006	-0.0018125
1.102946e-006	-0.0018125
1.103446e-006	-0.0005625
1.103946e-006	0.000375
1.104446e-006	6.25e-005
1.104946e-006	0.0006875
1.105446e-006	0.001
1.105946e-006	0.0006875
1.106446e-006	0.0006875
1.106946e-006	0.000375
1.107446e-006	-0.00025
1.107946e-006	-0.0005625
1.108446e-006	-0.000875
1.108946e-006	-0.0011875
1.109446e-006	-0.0024375
1.109946e-006	-0.002125
1.110446e-006	-0.00275
1.110946e-006	-0.002125
1.111446e-006	-0.0024375
1.111946e-006	-0.0015
1.112446e-006	-0.0011875
1.112946e-006	-0.0011875
1.113446e-006	-0.000875
1.113946e-006	-0.0005625
1.114446e-006	6.25e-005
1.114946e-006	0.000375
1.115446e-006	0.0006875
1.115946e-006	0.001
1.116446e-006	0.0013125
1.116946e-006	6.25e-005
1.117446e-006	6.25e-005
1.117946e-006	-0.0005625
1.118446e-006	-0.0005625
1.118946e-006	-0.0015
1.119446e-006	-0.0018125
1.119946e-006	-0.0018125
1.120446e-006	-0.0018125
1.120946e-006	-0.002125
1.121446e-006	-0.002125
1.121946e-006	-0.0024375
1.122446e-006	-0.002125
1.122946e-006	-0.0011875
1.123446e-006	-0.0005625
1.123946e-006	6.25e-005
1.124446e-006	6.25e-005
1.124946e-006	0.001
1.125446e-006	0.001
1.125946e-006	0.0013125
1.126446e-006	0.0013125
1.126946e-006	0.000375
1.127446e-006	6.25e-005
1.127946e-006	-0.00025
1.128446e-006	-0.0015
1.128946e-006	-0.0024375
1.129446e-006	-0.0024375
1.129946e-006	-0.0018125
1.130446e-006	-0.0015
1.130946e-006	-0.002125
1.131446e-006	-0.0024375
1.131946e-006	-0.0018125
1.132446e-006	-0.0018125
1.132946e-006	-0.0011875
1.133446e-006	-0.0005625
1.133946e-006	-0.00025
1.134446e-006	0.0006875
1.134946e-006	0.0006875
1.135446e-006	0.001
1.135946e-006	0.000375
1.136446e-006	0.0019375
1.136946e-006	0.001625
1.137446e-006	0.000375
1.137946e-006	-0.00025
1.138446e-006	-0.000875
1.138946e-006	-0.000875
1.139446e-006	-0.002125
1.139946e-006	-0.0024375
1.140446e-006	-0.0018125
1.140946e-006	-0.0018125
1.141446e-006	-0.002125
1.141946e-006	-0.0015
1.142446e-006	-0.000875
1.142946e-006	-0.000875
1.143446e-006	-0.0005625
1.143946e-006	-0.00025
1.144446e-006	0.000375
1.144946e-006	0.000375
1.145446e-006	0.0006875
1.145946e-006	0.0006875
1.146446e-006	0.0013125
1.146946e-006	6.25e-005
1.147446e-006	-0.00025
1.147946e-006	6.25e-005
1.148446e-006	-0.0005625
1.148946e-006	-0.002125
1.149446e-006	-0.002125
1.149946e-006	-0.000875
1.150446e-006	-0.002125
1.150946e-006	-0.0024375
1.151446e-006	-0.0015
1.151946e-006	-0.0018125
1.152446e-006	-0.0015
1.152946e-006	-0.000875
1.153446e-006	-0.0005625
1.153946e-006	0.0006875
1.154446e-006	0.000375
1.154946e-006	0.0013125
1.155446e-006	0.0013125
1.155946e-006	0.000375
1.156446e-006	0.000375
1.156946e-006	0.0006875
1.157446e-006	0.000375
1.157946e-006	-0.000875
1.158446e-006	-0.0011875
1.158946e-006	-0.0011875
1.159446e-006	-0.0015
1.159946e-006	-0.0018125
1.160446e-006	-0.0024375
1.160946e-006	-0.002125
1.161446e-006	-0.000875
1.161946e-006	-0.000875
1.162446e-006	-0.0005625
1.162946e-006	-0.000875
1.163446e-006	6.25e-005
1.163946e-006	0.0006875
1.164446e-006	0.0006875
1.164946e-006	0.0013125
1.165446e-006	0.0013125
1.165946e-006	6.25e-005
1.166446e-006	6.25e-005
1.166946e-006	0.000375
1.167446e-006	6.25e-005
1.167946e-006	-0.0005625
1.168446e-006	-0.0011875
1.168946e-006	-0.002125
1.169446e-006	-0.0018125
1.169946e-006	-0.0015
1.170446e-006	-0.0018125
1.170946e-006	-0.0011875
1.171446e-006	-0.0011875
1.171946e-006	-0.000875
1.172446e-006	-0.0005625
1.172946e-006	-0.00025
1.173446e-006	0.0006875
1.173946e-006	0.0006875
1.174446e-006	6.25e-005
1.174946e-006	0.0006875
1.175446e-006	0.0006875
1.175946e-006	6.25e-005
1.176446e-006	-0.00025
1.176946e-006	-0.0005625
1.177446e-006	-0.000875
1.177946e-006	-0.0011875
1.178446e-006	-0.0011875
1.178946e-006	-0.0018125
1.179446e-006	-0.0018125
1.179946e-006	-0.0018125
1.180446e-006	-0.0024375
1.180946e-006	-0.0011875
1.181446e-006	-0.000875
1.181946e-006	6.25e-005
1.182446e-006	0.0006875
1.182946e-006	6.25e-005
1.183446e-006	6.25e-005
1.183946e-006	0.000375
1.184446e-006	0.0006875
1.184946e-006	0.000375
1.185446e-006	6.25e-005
1.185946e-006	6.25e-005
1.186446e-006	6.25e-005
1.186946e-006	6.25e-005
1.187446e-006	-0.000875
1.187946e-006	-0.0011875
1.188446e-006	-0.0015
1.188946e-006	-0.0015
1.189446e-006	-0.0018125
1.189946e-006	-0.0018125
1.190446e-006	-0.0011875
1.190946e-006	-0.0011875
1.191446e-006	-0.0015
1.191946e-006	-0.00025
1.192446e-006	0.000375
1.192946e-006	6.25e-005
1.193446e-006	6.25e-005
1.193946e-006	0.0006875
1.194446e-006	0.0013125
1.194946e-006	-0.000875
1.195446e-006	-0.0005625
1.195946e-006	6.25e-005
1.196446e-006	6.25e-005
1.196946e-006	-0.000875
1.197446e-006	-0.0011875
1.197946e-006	-0.0011875
1.198446e-006	-0.0011875
1.198946e-006	-0.0011875
1.199446e-006	-0.0011875
1.199946e-006	-0.0011875
1.200446e-006	-0.0011875
1.200946e-006	-0.0005625
1.201446e-006	-0.00025
1.201946e-006	-0.00025
1.202446e-006	-0.000875
1.202946e-006	-0.0005625
1.203446e-006	6.25e-005
1.203946e-006	0.000375
1.204446e-006	0.000375
1.204946e-006	6.25e-005
1.205446e-006	0.000375
1.205946e-006	6.25e-005
1.206446e-006	-0.0005625
1.206946e-006	-0.0005625
1.207446e-006	6.25e-005
1.207946e-006	-0.0005625
1.208446e-006	-0.0011875
1.208946e-006	-0.000875
1.209446e-006	-0.0005625
1.209946e-006	-0.0005625
1.210446e-006	-0.0005625
1.210946e-006	-0.000875
1.211446e-006	-0.0005625
1.211946e-006	-0.00025
1.212446e-006	6.25e-005
1.212946e-006	6.25e-005
1.213446e-006	-0.0005625
1.213946e-006	-0.00025
1.214446e-006	-0.00025
1.214946e-006	-0.0011875
1.215446e-006	-0.000875
1.215946e-006	-0.0005625
1.216446e-006	-0.000875
1.216946e-006	-0.0005625
1.217446e-006	-0.0005625
1.217946e-006	-0.0005625
1.218446e-006	-0.0005625
1.218946e-006	-0.0005625
1.219446e-006	-0.000875
1.219946e-006	-0.0005625
1.220446e-006	0.000375
1.220946e-006	6.25e-005
1.221446e-006	6.25e-005
1.221946e-006	-0.00025
1.222446e-006	-0.0005625
1.222946e-006	-0.0005625
1.223446e-006	6.25e-005
1.223946e-006	-0.0005625
1.224446e-006	-0.000875
1.224946e-006	-0.0011875
1.225446e-006	-0.0015
1.225946e-006	-0.0011875
1.226446e-006	-0.000875
1.226946e-006	-0.0011875
1.227446e-006	-0.0005625
1.227946e-006	-0.00025
1.228446e-006	6.25e-005
1.228946e-006	6.25e-005
1.229446e-006	6.25e-005
1.229946e-006	0.0006875
1.230446e-006	0.000375
1.230946e-006	0.001
1.231446e-006	0.000375
1.231946e-006	6.25e-005
1.232446e-006	6.25e-005
1.232946e-006	-0.000875
1.233446e-006	-0.0011875
1.233946e-006	-0.0011875
1.234446e-006	-0.0018125
1.234946e-006	-0.0015
1.235446e-006	-0.0015
1.235946e-006	-0.002125
1.236446e-006	-0.0015
1.236946e-006	-0.000875
1.237446e-006	-0.0005625
1.237946e-006	-0.0005625
1.238446e-006	0.0013125
1.238946e-006	0.0013125
1.239446e-006	0.0013125
1.239946e-006	0.001625
1.240446e-006	0.0013125
1.240946e-006	0.000375
1.241446e-006	0.001
1.241946e-006	0.0006875
1.242446e-006	6.25e-005
1.242946e-006	-0.000875
1.243446e-006	-0.000875
1.243946e-006	-0.0015
1.244446e-006	-0.002125
1.244946e-006	-0.002125
1.245446e-006	-0.0024375
1.245946e-006	-0.0024375
1.246446e-006	-0.002125
1.246946e-006	-0.0005625
1.247446e-006	-0.0005625
1.247946e-006	-0.00025
1.248446e-006	0.001
1.248946e-006	0.0013125
1.249446e-006	0.001625
1.249946e-006	0.0019375
1.250446e-006	0.001625
1.250946e-006	0.001
1.251446e-006	0.0006875
1.251946e-006	0.0006875
1.252446e-006	0.000375
1.252946e-006	-0.0005625
1.253446e-006	-0.0011875
1.253946e-006	-0.0018125
1.254446e-006	-0.0024375
1.254946e-006	-0.0024375
1.255446e-006	-0.002125
1.255946e-006	-0.0018125
1.256446e-006	-0.0018125
1.256946e-006	-0.0011875
1.257446e-006	-0.000875
1.257946e-006	-0.0005625
1.258446e-006	0.0006875
1.258946e-006	6.25e-005
1.259446e-006	0.0006875
1.259946e-006	0.001625
1.260446e-006	0.001625
1.260946e-006	0.0013125
1.261446e-006	0.0013125
1.261946e-006	0.0006875
1.262446e-006	-0.000875
1.262946e-006	-0.000875
1.263446e-006	-0.000875
1.263946e-006	-0.0011875
1.264446e-006	-0.002125
1.264946e-006	-0.0024375
1.265446e-006	-0.0018125
1.265946e-006	-0.0018125
1.266446e-006	-0.0015
1.266946e-006	-0.0018125
1.267446e-006	-0.000875
1.267946e-006	-0.00025
1.268446e-006	0.000375
1.268946e-006	0.001
1.269446e-006	0.001625
1.269946e-006	0.0013125
1.270446e-006	0.001625
1.270946e-006	0.001625
1.271446e-006	0.0013125
1.271946e-006	6.25e-005
1.272446e-006	6.25e-005
1.272946e-006	6.25e-005
1.273446e-006	-0.0015
1.273946e-006	-0.0018125
1.274446e-006	-0.0018125
1.274946e-006	-0.002125
1.275446e-006	-0.0018125
1.275946e-006	-0.0011875
1.276446e-006	-0.0024375
1.276946e-006	-0.0015
1.277446e-006	-0.00025
1.277946e-006	-0.00025
1.278446e-006	-0.0005625
1.278946e-006	0.000375
1.279446e-006	0.001625
1.279946e-006	0.0019375
1.280446e-006	0.00225
1.280946e-006	0.0013125
1.281446e-006	0.000375
1.281946e-006	0.000375
1.282446e-006	-0.00025
1.282946e-006	-0.000875
1.283446e-006	-0.000875
1.283946e-006	-0.0018125
1.284446e-006	-0.0018125
1.284946e-006	-0.0015
1.285446e-006	-0.0018125
1.285946e-006	-0.0018125
1.286446e-006	-0.0011875
1.286946e-006	-0.0015
1.287446e-006	-0.0005625
1.287946e-006	0.000375
1.288446e-006	0.0006875
1.288946e-006	0.0006875
1.289446e-006	0.001625
1.289946e-006	0.0006875
1.290446e-006	0.0006875
1.290946e-006	0.000375
1.291446e-006	0.000375
1.291946e-006	6.25e-005
1.292446e-006	6.25e-005
1.292946e-006	-0.00025
1.293446e-006	-0.000875
1.293946e-006	-0.0011875
1.294446e-006	-0.0018125
1.294946e-006	-0.0018125
1.295446e-006	-0.0015
1.295946e-006	-0.0011875
1.296446e-006	-0.0011875
1.296946e-006	-0.00025
1.297446e-006	6.25e-005
1.297946e-006	-0.00025
1.298446e-006	6.25e-005
1.298946e-006	0.001
1.299446e-006	0.0013125
1.299946e-006	0.0013125
1.300446e-006	0.000375
1.300946e-006	6.25e-005
1.301446e-006	6.25e-005
1.301946e-006	0.0006875
1.302446e-006	-0.0005625
1.302946e-006	-0.0011875
1.303446e-006	-0.000875
1.303946e-006	-0.0011875
1.304446e-006	-0.0018125
1.304946e-006	-0.0018125
1.305446e-006	-0.0018125
1.305946e-006	-0.000875
1.306446e-006	-0.000875
1.306946e-006	-0.0005625
1.307446e-006	6.25e-005
1.307946e-006	6.25e-005
1.308446e-006	0.0006875
1.308946e-006	0.0006875
1.309446e-006	0.0013125
1.309946e-006	0.0013125
1.310446e-006	0.001
1.310946e-006	0.0006875
1.311446e-006	0.000375
1.311946e-006	0.000375
1.312446e-006	0.000375
1.312946e-006	-0.0015
1.313446e-006	-0.0015
1.313946e-006	-0.0018125
1.314446e-006	-0.002125
1.314946e-006	-0.0011875
1.315446e-006	-0.000875
1.315946e-006	-0.0015
1.316446e-006	-0.0011875
1.316946e-006	-0.00025
1.317446e-006	-0.00025
1.317946e-006	6.25e-005
1.318446e-006	0.0013125
1.318946e-006	0.0013125
1.319446e-006	0.0013125
1.319946e-006	0.001625
1.320446e-006	0.001
1.320946e-006	0.001
1.321446e-006	6.25e-005
1.321946e-006	-0.00025
1.322446e-006	-0.000875
1.322946e-006	-0.0005625
1.323446e-006	-0.0011875
1.323946e-006	-0.0015
1.324446e-006	-0.0018125
1.324946e-006	-0.002125
1.325446e-006	-0.0018125
1.325946e-006	-0.000875
1.326446e-006	-0.0011875
1.326946e-006	-0.00025
1.327446e-006	0.000375
1.327946e-006	-0.00025
1.328446e-006	0.000375
1.328946e-006	0.001
1.329446e-006	0.0013125
1.329946e-006	0.0013125
1.330446e-006	0.0013125
1.330946e-006	0.0013125
1.331446e-006	0.001
1.331946e-006	-0.00025
1.332446e-006	-0.00025
1.332946e-006	-0.0005625
1.333446e-006	-0.000875
1.333946e-006	-0.0018125
1.334446e-006	-0.002125
1.334946e-006	-0.002125
1.335446e-006	-0.002125
1.335946e-006	-0.0015
1.336446e-006	-0.0011875
1.336946e-006	-0.0011875
1.337446e-006	-0.0005625
1.337946e-006	-0.00025
1.338446e-006	0.000375
1.338946e-006	0.0006875
1.339446e-006	0.001625
1.339946e-006	0.0019375
1.340446e-006	0.0019375
1.340946e-006	0.0019375
1.341446e-006	0.000375
1.341946e-006	6.25e-005
1.342446e-006	-0.0005625
1.342946e-006	-0.0005625
1.343446e-006	-0.0015
1.343946e-006	-0.002125
1.344446e-006	-0.0015
1.344946e-006	-0.0011875
1.345446e-006	-0.0024375
1.345946e-006	-0.0018125
1.346446e-006	-0.0018125
1.346946e-006	-0.0011875
1.347446e-006	-0.0005625
1.347946e-006	6.25e-005
1.348446e-006	6.25e-005
1.348946e-006	0.000375
1.349446e-006	0.0019375
1.349946e-006	0.0019375
1.350446e-006	0.0019375
1.350946e-006	0.0019375
1.351446e-006	0.001
1.351946e-006	0.000375
1.352446e-006	6.25e-005
1.352946e-006	-0.00025
1.353446e-006	-0.00025
1.353946e-006	-0.0018125
1.354446e-006	-0.00275
1.354946e-006	-0.00275
1.355446e-006	-0.0018125
1.355946e-006	-0.0018125
1.356446e-006	-0.0018125
1.356946e-006	-0.000875
1.357446e-006	-0.0005625
1.357946e-006	-0.00025
1.358446e-006	0.001
1.358946e-006	0.0006875
1.359446e-006	0.001
1.359946e-006	0.0013125
1.360446e-006	0.0025625
1.360946e-006	0.0019375
1.361446e-006	0.0006875
1.361946e-006	0.0006875
1.362446e-006	0.0006875
1.362946e-006	6.25e-005
1.363446e-006	-0.0005625
1.363946e-006	-0.000875
1.364446e-006	-0.0015
1.364946e-006	-0.002125
1.365446e-006	-0.002125
1.365946e-006	-0.0018125
1.366446e-006	-0.002125
1.366946e-006	-0.0011875
1.367446e-006	-0.0011875
1.367946e-006	-0.00025
1.368446e-006	0.000375
1.368946e-006	0.001
1.369446e-006	0.001625
1.369946e-006	0.001625
1.370446e-006	0.0013125
1.370946e-006	0.001625
1.371446e-006	0.0013125
1.371946e-006	0.0006875
1.372446e-006	0.000375
1.372946e-006	6.25e-005
1.373446e-006	6.25e-005
1.373946e-006	-0.000875
1.374446e-006	-0.002125
1.374946e-006	-0.002125
1.375446e-006	-0.0018125
1.375946e-006	-0.002125
1.376446e-006	-0.0018125
1.376946e-006	-0.0018125
1.377446e-006	-0.00025
1.377946e-006	0.000375
1.378446e-006	0.001
1.378946e-006	0.0013125
1.379446e-006	0.00225
1.379946e-006	0.00225
1.380446e-006	0.001625
1.380946e-006	0.001625
1.381446e-006	0.001625
1.381946e-006	0.0013125
1.382446e-006	0.0006875
1.382946e-006	6.25e-005
1.383446e-006	-0.000875
1.383946e-006	-0.0011875
1.384446e-006	-0.002125
1.384946e-006	-0.0011875
1.385446e-006	-0.0018125
1.385946e-006	-0.0018125
1.386446e-006	-0.0018125
1.386946e-006	-0.0011875
1.387446e-006	-0.00025
1.387946e-006	0.0006875
1.388446e-006	6.25e-005
1.388946e-006	0.0006875
1.389446e-006	0.0013125
1.389946e-006	0.0013125
1.390446e-006	0.001625
1.390946e-006	0.001
1.391446e-006	0.001
1.391946e-006	0.001
1.392446e-006	6.25e-005
1.392946e-006	-0.0005625
1.393446e-006	-0.000875
1.393946e-006	-0.0018125
1.394446e-006	-0.002125
1.394946e-006	-0.002125
1.395446e-006	-0.0024375
1.395946e-006	-0.00275
1.396446e-006	-0.0018125
1.396946e-006	-0.0005625
1.397446e-006	-0.00025
1.397946e-006	6.25e-005
1.398446e-006	0.001
1.398946e-006	0.001
1.399446e-006	0.001625
1.399946e-006	0.001625
1.400446e-006	0.0019375
1.400946e-006	0.0019375
1.401446e-006	0.0006875
1.401946e-006	6.25e-005
1.402446e-006	-0.00025
1.402946e-006	-0.0011875
1.403446e-006	-0.0011875
1.403946e-006	-0.0015
1.404446e-006	-0.002125
1.404946e-006	-0.0018125
1.405446e-006	-0.002125
1.405946e-006	-0.002125
1.406446e-006	-0.0011875
1.406946e-006	-0.0005625
1.407446e-006	-0.00025
1.407946e-006	6.25e-005
1.408446e-006	0.000375
1.408946e-006	0.001
1.409446e-006	0.001625
1.409946e-006	0.001625
1.410446e-006	0.0006875
1.410946e-006	0.001
1.411446e-006	0.0006875
1.411946e-006	6.25e-005
1.412446e-006	-0.00025
1.412946e-006	-0.000875
1.413446e-006	-0.0018125
1.413946e-006	-0.0018125
1.414446e-006	-0.002125
1.414946e-006	-0.0018125
1.415446e-006	-0.0018125
1.415946e-006	-0.0015
1.416446e-006	-0.000875
1.416946e-006	-0.00025
1.417446e-006	6.25e-005
1.417946e-006	-0.0005625
1.418446e-006	0.001
1.418946e-006	0.0013125
1.419446e-006	0.0013125
1.419946e-006	0.001
1.420446e-006	0.0013125
1.420946e-006	0.001
1.421446e-006	0.000375
1.421946e-006	-0.00025
1.422446e-006	-0.00025
1.422946e-006	-0.0011875
1.423446e-006	-0.000875
1.423946e-006	-0.0011875
1.424446e-006	-0.0018125
1.424946e-006	-0.0015
1.425446e-006	-0.0018125
1.425946e-006	-0.0011875
1.426446e-006	-0.0011875
1.426946e-006	6.25e-005
1.427446e-006	6.25e-005
1.427946e-006	6.25e-005
1.428446e-006	0.0006875
1.428946e-006	0.001625
1.429446e-006	0.000375
1.429946e-006	0.0006875
1.430446e-006	0.0006875
1.430946e-006	0.0006875
1.431446e-006	6.25e-005
1.431946e-006	-0.00025
1.432446e-006	-0.0005625
1.432946e-006	6.25e-005
1.433446e-006	-0.0005625
1.433946e-006	-0.0011875
1.434446e-006	-0.000875
1.434946e-006	-0.000875
1.435446e-006	-0.000875
1.435946e-006	-0.000875
1.436446e-006	-0.00025
1.436946e-006	-0.000875
1.437446e-006	-0.0005625
1.437946e-006	-0.00025
1.438446e-006	-0.00025
1.438946e-006	-0.0005625
1.439446e-006	0.000375
1.439946e-006	0.0006875
1.440446e-006	6.25e-005
1.440946e-006	-0.00025
1.441446e-006	-0.00025
1.441946e-006	-0.0005625
1.442446e-006	-0.000875
1.442946e-006	-0.0005625
1.443446e-006	-0.00025
1.443946e-006	-0.0005625
1.444446e-006	-0.000875
1.444946e-006	-0.00025
1.445446e-006	-0.00025
1.445946e-006	-0.00025
1.446446e-006	6.25e-005
1.446946e-006	-0.0005625
1.447446e-006	-0.0005625
1.447946e-006	0.0006875
1.448446e-006	6.25e-005
1.448946e-006	-0.00025
1.449446e-006	-0.0005625
1.449946e-006	6.25e-005
1.450446e-006	-0.00025
1.450946e-006	-0.0005625
1.451446e-006	-0.000875
1.451946e-006	-0.0005625
1.452446e-006	-0.0005625
1.452946e-006	-0.00025
1.453446e-006	-0.000875
1.453946e-006	-0.0005625
1.454446e-006	-0.0005625
1.454946e-006	6.25e-005
1.455446e-006	0.000375
1.455946e-006	0.000375
1.456446e-006	0.001
1.456946e-006	-0.00025
1.457446e-006	6.25e-005
1.457946e-006	-0.00025
1.458446e-006	-0.00025
1.458946e-006	-0.0005625
1.459446e-006	-0.000875
1.459946e-006	-0.0005625
1.460446e-006	-0.0005625
1.460946e-006	-0.0011875
1.461446e-006	-0.000875
1.461946e-006	-0.0005625
1.462446e-006	0.000375
1.462946e-006	-0.00025
1.463446e-006	-0.000875
1.463946e-006	-0.00025
1.464446e-006	6.25e-005
1.464946e-006	6.25e-005
1.465446e-006	6.25e-005
1.465946e-006	-0.0005625
1.466446e-006	6.25e-005
1.466946e-006	-0.0005625
1.467446e-006	-0.000875
1.467946e-006	-0.000875
1.468446e-006	-0.0011875
1.468946e-006	-0.0005625
1.469446e-006	-0.0005625
1.469946e-006	-0.00025
1.470446e-006	-0.0015
1.470946e-006	-0.000875
1.471446e-006	-0.00025
1.471946e-006	-0.0005625
1.472446e-006	-0.000875
1.472946e-006	-0.00025
1.473446e-006	6.25e-005
1.473946e-006	6.25e-005
1.474446e-006	-0.000875
1.474946e-006	6.25e-005
1.475446e-006	6.25e-005
1.475946e-006	6.25e-005
1.476446e-006	-0.00025
1.476946e-006	-0.000875
1.477446e-006	-0.00025
1.477946e-006	-0.0011875
1.478446e-006	-0.000875
1.478946e-006	-0.00025
1.479446e-006	-0.0005625
1.479946e-006	-0.000875
1.480446e-006	-0.0011875
1.480946e-006	-0.000875
1.481446e-006	-0.00025
1.481946e-006	6.25e-005
1.482446e-006	0.0006875
1.482946e-006	-0.00025
1.483446e-006	0.000375
1.483946e-006	6.25e-005
1.484446e-006	-0.00025
1.484946e-006	-0.000875
1.485446e-006	-0.0005625
1.485946e-006	-0.00025
1.486446e-006	-0.000875
1.486946e-006	-0.0015
1.487446e-006	-0.0011875
1.487946e-006	-0.0011875
1.488446e-006	-0.0011875
1.488946e-006	-0.0005625
1.489446e-006	-0.000875
1.489946e-006	-0.000875
1.490446e-006	-0.0005625
1.490946e-006	6.25e-005
1.491446e-006	6.25e-005
1.491946e-006	0.0006875
1.492446e-006	0.000375
1.492946e-006	0.0006875
1.493446e-006	6.25e-005
1.493946e-006	-0.00025
1.494446e-006	-0.0005625
1.494946e-006	-0.0005625
1.495446e-006	-0.0011875
1.495946e-006	-0.000875
1.496446e-006	-0.0011875
1.496946e-006	-0.0011875
1.497446e-006	-0.002125
1.497946e-006	-0.0018125
1.498446e-006	-0.0015
1.498946e-006	-0.000875
1.499446e-006	-0.00025
1.499946e-006	-0.0005625
1.500446e-006	-0.0005625
1.500946e-006	6.25e-005
1.501446e-006	0.0013125
1.501946e-006	0.001
1.502446e-006	0.0006875
1.502946e-006	0.0013125
1.503446e-006	0.001625
1.503946e-006	-0.00025
1.504446e-006	-0.00025
1.504946e-006	-0.000875
1.505446e-006	-0.000875
1.505946e-006	-0.0015
1.506446e-006	-0.0011875
1.506946e-006	-0.0018125
1.507446e-006	-0.0015
1.507946e-006	-0.0015
1.508446e-006	-0.0018125
1.508946e-006	-0.0018125
1.509446e-006	-0.000875
1.509946e-006	-0.000875
1.510446e-006	0.0006875
1.510946e-006	0.0013125
1.511446e-006	0.001625
1.511946e-006	0.001625
1.512446e-006	0.000375
1.512946e-006	0.0013125
1.513446e-006	0.001
1.513946e-006	0.001
1.514446e-006	0.000375
1.514946e-006	-0.00025
1.515446e-006	-0.000875
1.515946e-006	-0.0018125
1.516446e-006	-0.00275
1.516946e-006	-0.0018125
1.517446e-006	-0.0024375
1.517946e-006	-0.0018125
1.518446e-006	-0.0024375
1.518946e-006	-0.0018125
1.519446e-006	-0.0015
1.519946e-006	-0.00025
1.520446e-006	0.000375
1.520946e-006	0.0006875
1.521446e-006	0.0019375
1.521946e-006	0.0019375
1.522446e-006	0.001
1.522946e-006	0.001
1.523446e-006	0.0013125
1.523946e-006	0.001
1.524446e-006	6.25e-005
1.524946e-006	-0.0005625
1.525446e-006	6.25e-005
1.525946e-006	-0.00275
1.526446e-006	-0.0018125
1.526946e-006	-0.002125
1.527446e-006	-0.0024375
1.527946e-006	-0.002125
1.528446e-006	-0.002125
1.528946e-006	-0.002125
1.529446e-006	-0.0011875
1.529946e-006	-0.000875
1.530446e-006	0.000375
1.530946e-006	0.000375
1.531446e-006	0.0006875
1.531946e-006	0.0013125
1.532446e-006	0.00225
1.532946e-006	0.001625
1.533446e-006	0.0013125
1.533946e-006	0.001625
1.534446e-006	0.000375
1.534946e-006	0.0006875
1.535446e-006	-0.00025
1.535946e-006	-0.000875
1.536446e-006	-0.0015
1.536946e-006	-0.0011875
1.537446e-006	-0.002125
1.537946e-006	-0.0018125
1.538446e-006	-0.0024375
1.538946e-006	-0.0015
1.539446e-006	-0.0015
1.539946e-006	-0.0011875
1.540446e-006	-0.000875
1.540946e-006	-0.00025
1.541446e-006	0.001
1.541946e-006	0.0013125
1.542446e-006	0.0019375
1.542946e-006	0.001625
1.543446e-006	0.001
1.543946e-006	0.0006875
1.544446e-006	0.0006875
1.544946e-006	6.25e-005
1.545446e-006	6.25e-005
1.545946e-006	-0.0005625
1.546446e-006	-0.00025
1.546946e-006	-0.0015
1.547446e-006	-0.0018125
1.547946e-006	-0.002125
1.548446e-006	-0.000875
1.548946e-006	-0.0011875
1.549446e-006	-0.0011875
1.549946e-006	-0.0011875
1.550446e-006	-0.000875
1.550946e-006	-0.00025
1.551446e-006	-0.00025
1.551946e-006	6.25e-005
1.552446e-006	0.0013125
1.552946e-006	0.0006875
1.553446e-006	6.25e-005
1.553946e-006	6.25e-005
1.554446e-006	0.000375
1.554946e-006	0.0006875
1.555446e-006	0.000375
1.555946e-006	-0.00025
1.556446e-006	-0.0005625
1.556946e-006	-0.0005625
1.557446e-006	-0.0005625
1.557946e-006	-0.0005625
1.558446e-006	-0.0011875
1.558946e-006	-0.0011875
1.559446e-006	-0.0011875
1.559946e-006	-0.0005625
1.560446e-006	-0.000875
1.560946e-006	-0.0005625
1.561446e-006	-0.000875
1.561946e-006	6.25e-005
1.562446e-006	-0.00025
1.562946e-006	-0.0005625
1.563446e-006	-0.0005625
1.563946e-006	-0.00025
1.564446e-006	6.25e-005
1.564946e-006	-0.00025
1.565446e-006	0.000375
1.565946e-006	0.0006875
1.566446e-006	-0.00025
1.566946e-006	6.25e-005
1.567446e-006	6.25e-005
1.567946e-006	-0.0005625
1.568446e-006	6.25e-005
1.568946e-006	-0.000875
1.569446e-006	-0.0011875
1.569946e-006	-0.0011875
1.570446e-006	-0.000875
1.570946e-006	-0.0011875
1.571446e-006	-0.0011875
1.571946e-006	-0.0011875
1.572446e-006	-0.0011875
1.572946e-006	-0.0018125
1.573446e-006	6.25e-005
1.573946e-006	6.25e-005
1.574446e-006	-0.00025
1.574946e-006	-0.0005625
1.575446e-006	6.25e-005
1.575946e-006	0.001
1.576446e-006	0.000375
1.576946e-006	0.0006875
1.577446e-006	-0.0005625
1.577946e-006	6.25e-005
1.578446e-006	-0.00025
1.578946e-006	-0.0005625
1.579446e-006	-0.000875
1.579946e-006	-0.000875
1.580446e-006	-0.000875
1.580946e-006	-0.00025
1.581446e-006	-0.000875
1.581946e-006	-0.000875
1.582446e-006	-0.0011875
1.582946e-006	-0.000875
1.583446e-006	-0.000875
1.583946e-006	-0.000875
1.584446e-006	-0.0005625
1.584946e-006	6.25e-005
1.585446e-006	0.000375
1.585946e-006	0.000375
1.586446e-006	6.25e-005
1.586946e-006	6.25e-005
1.587446e-006	6.25e-005
1.587946e-006	-0.0005625
1.588446e-006	-0.00025
1.588946e-006	6.25e-005
1.589446e-006	-0.00025
1.589946e-006	-0.0011875
1.590446e-006	-0.00025
1.590946e-006	-0.000875
1.591446e-006	-0.0005625
1.591946e-006	-0.0011875
1.592446e-006	-0.0011875
1.592946e-006	-0.000875
1.593446e-006	-0.000875
1.593946e-006	-0.0011875
1.594446e-006	6.25e-005
1.594946e-006	6.25e-005
1.595446e-006	6.25e-005
1.595946e-006	-0.00025
1.596446e-006	6.25e-005
1.596946e-006	6.25e-005
1.597446e-006	-0.0005625
1.597946e-006	0.000375
1.598446e-006	-0.0005625
1.598946e-006	-0.000875
1.599446e-006	-0.0005625
1.599946e-006	-0.0005625
1.600446e-006	-0.0011875
1.600946e-006	-0.0005625
1.601446e-006	-0.0005625
1.601946e-006	-0.0005625
1.602446e-006	-0.0005625
1.602946e-006	6.25e-005
1.603446e-006	-0.000875
1.603946e-006	6.25e-005
1.604446e-006	6.25e-005
1.604946e-006	-0.00025
1.605446e-006	-0.00025
1.605946e-006	6.25e-005
1.606446e-006	0.000375
1.606946e-006	-0.00025
1.607446e-006	6.25e-005
1.607946e-006	-0.0005625
1.608446e-006	-0.0015
1.608946e-006	-0.0011875
1.609446e-006	-0.0011875
1.609946e-006	-0.000875
1.610446e-006	-0.000875
1.610946e-006	-0.0011875
1.611446e-006	-0.00025
1.611946e-006	-0.00025
1.612446e-006	-0.00025
1.612946e-006	-0.00025
1.613446e-006	-0.00025
1.613946e-006	0.000375
1.614446e-006	0.0006875
1.614946e-006	0.001
1.615446e-006	0.000375
1.615946e-006	-0.0005625
1.616446e-006	6.25e-005
1.616946e-006	-0.00025
1.617446e-006	-0.000875
1.617946e-006	-0.000875
1.618446e-006	-0.0011875
1.618946e-006	-0.0015
1.619446e-006	-0.002125
1.619946e-006	-0.0018125
1.620446e-006	-0.000875
1.620946e-006	-0.0005625
1.621446e-006	-0.00025
1.621946e-006	-0.0005625
1.622446e-006	-0.000875
1.622946e-006	0.0006875
1.623446e-006	0.001
1.623946e-006	0.001
1.624446e-006	0.0006875
1.624946e-006	0.0013125
1.625446e-006	0.0013125
1.625946e-006	0.001
1.626446e-006	0.000375
1.626946e-006	6.25e-005
1.627446e-006	-0.00025
1.627946e-006	-0.0005625
1.628446e-006	-0.0018125
1.628946e-006	-0.002125
1.629446e-006	-0.002125
1.629946e-006	-0.0015
1.630446e-006	-0.0015
1.630946e-006	-0.0011875
1.631446e-006	-0.0005625
1.631946e-006	-0.00025
1.632446e-006	0.000375
1.632946e-006	0.0006875
1.633446e-006	0.0013125
1.633946e-006	0.0013125
1.634446e-006	0.001625
1.634946e-006	0.0006875
1.635446e-006	0.0013125
1.635946e-006	0.001
1.636446e-006	0.0006875
1.636946e-006	-0.0005625
1.637446e-006	-0.0005625
1.637946e-006	-0.0005625
1.638446e-006	-0.0015
1.638946e-006	-0.0018125
1.639446e-006	-0.002125
1.639946e-006	-0.0011875
1.640446e-006	-0.0018125
1.640946e-006	-0.0024375
1.641446e-006	-0.0018125
1.641946e-006	6.25e-005
1.642446e-006	0.000375
1.642946e-006	0.0006875
1.643446e-006	0.000375
1.643946e-006	0.0013125
1.644446e-006	0.001625
1.644946e-006	0.0013125
1.645446e-006	0.001
1.645946e-006	0.001
1.646446e-006	0.0006875
1.646946e-006	0.000375
1.647446e-006	-0.000875
1.647946e-006	-0.0011875
1.648446e-006	-0.0011875
1.648946e-006	-0.0018125
1.649446e-006	-0.002125
1.649946e-006	-0.0018125
1.650446e-006	-0.000875
1.650946e-006	-0.000875
1.651446e-006	-0.0005625
1.651946e-006	6.25e-005
1.652446e-006	6.25e-005
1.652946e-006	-0.0005625
1.653446e-006	0.000375
1.653946e-006	0.001625
1.654446e-006	0.0019375
1.654946e-006	0.0013125
1.655446e-006	0.0013125
1.655946e-006	0.0006875
1.656446e-006	0.001
1.656946e-006	6.25e-005
1.657446e-006	-0.0005625
1.657946e-006	-0.000875
1.658446e-006	-0.0011875
1.658946e-006	-0.0018125
1.659446e-006	-0.0015
1.659946e-006	-0.0015
1.660446e-006	-0.0011875
1.660946e-006	-0.0015
1.661446e-006	-0.0011875
1.661946e-006	-0.0005625
1.662446e-006	-0.000875
1.662946e-006	0.000375
1.663446e-006	6.25e-005
1.663946e-006	0.0013125
1.664446e-006	0.001625
1.664946e-006	0.001
1.665446e-006	0.001
1.665946e-006	0.0006875
1.666446e-006	0.0006875
1.666946e-006	6.25e-005
1.667446e-006	-0.0005625
1.667946e-006	-0.00025
1.668446e-006	-0.0015
1.668946e-006	-0.0015
1.669446e-006	-0.0011875
1.669946e-006	-0.0011875
1.670446e-006	-0.000875
1.670946e-006	-0.0011875
1.671446e-006	-0.0005625
1.671946e-006	-0.00025
1.672446e-006	-0.00025
1.672946e-006	0.0006875
1.673446e-006	0.0006875
1.673946e-006	0.0006875
1.674446e-006	0.000375
1.674946e-006	6.25e-005
1.675446e-006	0.0013125
1.675946e-006	-0.0005625
1.676446e-006	6.25e-005
1.676946e-006	0.000375
1.677446e-006	6.25e-005
1.677946e-006	-0.00025
1.678446e-006	-0.0011875
1.678946e-006	-0.0015
1.679446e-006	-0.0011875
1.679946e-006	-0.0011875
1.680446e-006	-0.000875
1.680946e-006	-0.0005625
1.681446e-006	-0.00025
1.681946e-006	-0.00025
1.682446e-006	-0.0005625
1.682946e-006	0.000375
1.683446e-006	0.000375
1.683946e-006	0.0006875
1.684446e-006	0.001
1.684946e-006	0.0006875
1.685446e-006	-0.00025
1.685946e-006	0.000375
1.686446e-006	6.25e-005
1.686946e-006	-0.00025
1.687446e-006	-0.0005625
1.687946e-006	-0.0005625
1.688446e-006	-0.0011875
1.688946e-006	-0.000875
1.689446e-006	-0.0011875
1.689946e-006	-0.0005625
1.690446e-006	-0.0005625
1.690946e-006	-0.0005625
1.691446e-006	-0.0011875
1.691946e-006	-0.0005625
1.692446e-006	-0.00025
1.692946e-006	-0.0005625
1.693446e-006	0.000375
1.693946e-006	0.000375
1.694446e-006	0.0006875
1.694946e-006	0.0006875
1.695446e-006	0.000375
1.695946e-006	-0.0005625
1.696446e-006	-0.000875
1.696946e-006	-0.0005625
1.697446e-006	0.000375
1.697946e-006	-0.0005625
1.698446e-006	-0.000875
1.698946e-006	-0.000875
1.699446e-006	-0.00025
1.699946e-006	-0.0005625
1.700446e-006	-0.0005625
1.700946e-006	-0.0005625
1.701446e-006	-0.0005625
1.701946e-006	-0.00025
1.702446e-006	0.000375
1.702946e-006	0.000375
1.703446e-006	6.25e-005
1.703946e-006	-0.000875
1.704446e-006	6.25e-005
1.704946e-006	0.000375
1.705446e-006	-0.00025
1.705946e-006	6.25e-005
1.706446e-006	-0.0005625
1.706946e-006	-0.00025
1.707446e-006	-0.000875
1.707946e-006	-0.00025
1.708446e-006	-0.000875
1.708946e-006	-0.0011875
1.709446e-006	-0.000875
1.709946e-006	-0.0005625
1.710446e-006	-0.0011875
1.710946e-006	-0.000875
1.711446e-006	-0.0005625
1.711946e-006	0.0006875
1.712446e-006	6.25e-005
1.712946e-006	-0.000875
1.713446e-006	6.25e-005
1.713946e-006	6.25e-005
1.714446e-006	0.000375
1.714946e-006	6.25e-005
1.715446e-006	-0.00025
1.715946e-006	0.0006875
1.716446e-006	0.000375
1.716946e-006	0.000375
1.717446e-006	-0.0005625
1.717946e-006	-0.000875
1.718446e-006	-0.0005625
1.718946e-006	-0.000875
1.719446e-006	6.25e-005
1.719946e-006	-0.000875
1.720446e-006	-0.0011875
1.720946e-006	-0.0005625
1.721446e-006	-0.00025
1.721946e-006	-0.00025
1.722446e-006	-0.00025
1.722946e-006	-0.00025
1.723446e-006	0.000375
1.723946e-006	-0.0005625
1.724446e-006	-0.00025
1.724946e-006	-0.0005625
1.725446e-006	-0.00025
1.725946e-006	0.000375
1.726446e-006	0.000375
1.726946e-006	6.25e-005
1.727446e-006	-0.000875
1.727946e-006	-0.00025
1.728446e-006	6.25e-005
1.728946e-006	6.25e-005
1.729446e-006	-0.0005625
1.729946e-006	-0.0005625
1.730446e-006	-0.0005625
1.730946e-006	-0.000875
1.731446e-006	-0.000875
1.731946e-006	0.001
1.732446e-006	-0.0005625
1.732946e-006	-0.0005625
1.733446e-006	6.25e-005
1.733946e-006	-0.0005625
1.734446e-006	-0.0005625
1.734946e-006	-0.0005625
1.735446e-006	-0.000875
1.735946e-006	-0.00025
1.736446e-006	6.25e-005
1.736946e-006	0.000375
1.737446e-006	6.25e-005
1.737946e-006	6.25e-005
1.738446e-006	6.25e-005
1.738946e-006	-0.000875
1.739446e-006	-0.00025
1.739946e-006	6.25e-005
1.740446e-006	6.25e-005
1.740946e-006	-0.00025
1.741446e-006	-0.00025
1.741946e-006	-0.000875
1.742446e-006	-0.00025
1.742946e-006	-0.00025
1.743446e-006	6.25e-005
1.743946e-006	-0.0005625
1.744446e-006	-0.0005625
1.744946e-006	-0.000875
1.745446e-006	-0.0005625
1.745946e-006	-0.00025
1.746446e-006	6.25e-005
1.746946e-006	-0.0005625
1.747446e-006	-0.00025
1.747946e-006	-0.00025
1.748446e-006	-0.0005625
1.748946e-006	6.25e-005
1.749446e-006	6.25e-005
1.749946e-006	6.25e-005
1.750446e-006	-0.0005625
1.750946e-006	-0.0005625
1.751446e-006	-0.0005625
1.751946e-006	0.000375
1.752446e-006	-0.000875
1.752946e-006	-0.00025
1.753446e-006	-0.000875
1.753946e-006	-0.0005625
1.754446e-006	-0.00025
1.754946e-006	-0.0005625
1.755446e-006	-0.0005625
1.755946e-006	6.25e-005
1.756446e-006	-0.00025
1.756946e-006	6.25e-005
1.757446e-006	-0.00025
1.757946e-006	-0.00025
1.758446e-006	-0.0005625
1.758946e-006	-0.000875
1.759446e-006	-0.00025
1.759946e-006	6.25e-005
1.760446e-006	6.25e-005
1.760946e-006	-0.00025
1.761446e-006	6.25e-005
1.761946e-006	-0.00025
1.762446e-006	-0.0005625
1.762946e-006	-0.000875
1.763446e-006	-0.0011875
1.763946e-006	-0.0005625
1.764446e-006	-0.0005625
1.764946e-006	-0.0005625
1.765446e-006	0.000375
1.765946e-006	6.25e-005
1.766446e-006	-0.0005625
1.766946e-006	-0.000875
1.767446e-006	-0.0005625
1.767946e-006	-0.0005625
1.768446e-006	-0.0005625
1.768946e-006	-0.0005625
1.769446e-006	0.000375
1.769946e-006	0.000375
1.770446e-006	6.25e-005
1.770946e-006	6.25e-005
1.771446e-006	-0.0005625
1.771946e-006	0.000375
1.772446e-006	-0.00025
1.772946e-006	-0.000875
1.773446e-006	-0.00025
1.773946e-006	0.000375
1.774446e-006	-0.0005625
1.774946e-006	-0.0005625
1.775446e-006	-0.0005625
1.775946e-006	-0.00025
1.776446e-006	-0.0005625
1.776946e-006	6.25e-005
1.777446e-006	-0.00025
1.777946e-006	-0.0011875
1.778446e-006	-0.000875
1.778946e-006	-0.0005625
1.779446e-006	-0.000875
1.779946e-006	-0.00025
1.780446e-006	-0.00025
1.780946e-006	-0.00025
1.781446e-006	-0.00025
1.781946e-006	-0.00025
1.782446e-006	-0.00025
1.782946e-006	-0.00025
1.783446e-006	0.000375
1.783946e-006	-0.000875
1.784446e-006	-0.0005625
1.784946e-006	-0.0005625
1.785446e-006	-0.00025
1.785946e-006	6.25e-005
1.786446e-006	-0.0005625
1.786946e-006	-0.0005625
1.787446e-006	6.25e-005
1.787946e-006	0.000375
1.788446e-006	6.25e-005
