LECROYWS454	16215	Waveform
Segments	1	SegmentSize	4002
Segment	TrigTime	TimeSinceSegment1
#1	02-May-2024 19:34:29	0                 
Time	Ampl
-2.12199e-007	0.0006875
-2.11699e-007	0.0013125
-2.11199e-007	0.001
-2.10699e-007	0.001
-2.10199e-007	0.000375
-2.09699e-007	0.0006875
-2.09199e-007	0.0006875
-2.08699e-007	0.0006875
-2.08199e-007	0.0006875
-2.07699e-007	-0.00025
-2.07199e-007	-0.0005625
-2.06699e-007	-0.0005625
-2.06199e-007	-0.000875
-2.05699e-007	-0.0005625
-2.05199e-007	-0.000875
-2.04699e-007	-0.000875
-2.04199e-007	6.25e-005
-2.03699e-007	-0.000875
-2.03199e-007	-0.00025
-2.02699e-007	6.25e-005
-2.02199e-007	0.000375
-2.01699e-007	0.001
-2.01199e-007	0.0006875
-2.00699e-007	0.0006875
-2.00199e-007	0.000375
-1.99699e-007	0.0006875
-1.99199e-007	0.0013125
-1.98699e-007	0.001
-1.98199e-007	0.001
-1.97699e-007	6.25e-005
-1.97199e-007	6.25e-005
-1.96699e-007	-0.00025
-1.96199e-007	-0.000875
-1.95699e-007	-0.0015
-1.95199e-007	-0.000875
-1.94699e-007	-0.0011875
-1.94199e-007	-0.000875
-1.93699e-007	-0.00025
-1.93199e-007	-0.0005625
-1.92699e-007	-0.00025
-1.92199e-007	6.25e-005
-1.91699e-007	0.0006875
-1.91199e-007	0.001
-1.90699e-007	0.0013125
-1.90199e-007	0.0013125
-1.89699e-007	0.001
-1.89199e-007	0.001
-1.88699e-007	0.0006875
-1.88199e-007	0.0006875
-1.87699e-007	6.25e-005
-1.87199e-007	-0.0005625
-1.86699e-007	-0.000875
-1.86199e-007	-0.000875
-1.85699e-007	-0.0005625
-1.85199e-007	-0.0011875
-1.84699e-007	-0.0015
-1.84199e-007	-0.0011875
-1.83699e-007	-0.0005625
-1.83199e-007	-0.0005625
-1.82699e-007	-0.0005625
-1.82199e-007	0.000375
-1.81699e-007	0.000375
-1.81199e-007	0.000375
-1.80699e-007	0.0013125
-1.80199e-007	0.0013125
-1.79699e-007	0.0013125
-1.79199e-007	0.000375
-1.78699e-007	0.000375
-1.78199e-007	0.0006875
-1.77699e-007	0.0006875
-1.77199e-007	6.25e-005
-1.76699e-007	-0.000875
-1.76199e-007	-0.0011875
-1.75699e-007	-0.0011875
-1.75199e-007	-0.0011875
-1.74699e-007	-0.000875
-1.74199e-007	-0.0005625
-1.73699e-007	-0.00025
-1.73199e-007	0.0006875
-1.72699e-007	0.001
-1.72199e-007	0.0006875
-1.71699e-007	0.001
-1.71199e-007	0.001
-1.70699e-007	0.001625
-1.70199e-007	0.0013125
-1.69699e-007	0.0013125
-1.69199e-007	0.0006875
-1.68699e-007	0.000375
-1.68199e-007	6.25e-005
-1.67699e-007	-0.00025
-1.67199e-007	-0.0005625
-1.66699e-007	-0.0011875
-1.66199e-007	-0.0015
-1.65699e-007	-0.0011875
-1.65199e-007	-0.0011875
-1.64699e-007	-0.000875
-1.64199e-007	6.25e-005
-1.63699e-007	6.25e-005
-1.63199e-007	0.000375
-1.62699e-007	0.0006875
-1.62199e-007	0.0019375
-1.61699e-007	0.0019375
-1.61199e-007	0.001
-1.60699e-007	0.0013125
-1.60199e-007	0.001
-1.59699e-007	0.0013125
-1.59199e-007	0.0013125
-1.58699e-007	-0.00025
-1.58199e-007	-0.0005625
-1.57699e-007	-0.0005625
-1.57199e-007	-0.000875
-1.56699e-007	-0.0015
-1.56199e-007	-0.0011875
-1.55699e-007	-0.0015
-1.55199e-007	-0.0018125
-1.54699e-007	-0.000875
-1.54199e-007	0.000375
-1.53699e-007	6.25e-005
-1.53199e-007	0.000375
-1.52699e-007	0.0013125
-1.52199e-007	0.00225
-1.51699e-007	0.00225
-1.51199e-007	0.001625
-1.50699e-007	0.0019375
-1.50199e-007	0.001625
-1.49699e-007	0.0013125
-1.49199e-007	6.25e-005
-1.48699e-007	6.25e-005
-1.48199e-007	-0.000875
-1.47699e-007	-0.0018125
-1.47199e-007	-0.0018125
-1.46699e-007	-0.0018125
-1.46199e-007	-0.0018125
-1.45699e-007	-0.0011875
-1.45199e-007	-0.0015
-1.44699e-007	-0.0011875
-1.44199e-007	-0.00025
-1.43699e-007	0.001
-1.43199e-007	0.0019375
-1.42699e-007	0.001625
-1.42199e-007	0.001625
-1.41699e-007	0.00225
-1.41199e-007	0.00225
-1.40699e-007	0.0013125
-1.40199e-007	0.0013125
-1.39699e-007	0.0013125
-1.39199e-007	6.25e-005
-1.38699e-007	-0.000875
-1.38199e-007	-0.0015
-1.37699e-007	-0.002125
-1.37199e-007	-0.002125
-1.36699e-007	-0.0018125
-1.36199e-007	-0.0018125
-1.35699e-007	-0.0018125
-1.35199e-007	-0.0011875
-1.34699e-007	-0.0005625
-1.34199e-007	-0.00025
-1.33699e-007	0.0006875
-1.33199e-007	0.0013125
-1.32699e-007	0.0019375
-1.32199e-007	0.001625
-1.31699e-007	0.0025625
-1.31199e-007	0.00225
-1.30699e-007	0.001625
-1.30199e-007	0.0013125
-1.29699e-007	0.001
-1.29199e-007	-0.0005625
-1.28699e-007	-0.000875
-1.28199e-007	-0.0018125
-1.27699e-007	-0.002125
-1.27199e-007	-0.0018125
-1.26699e-007	-0.0015
-1.26199e-007	-0.0018125
-1.25699e-007	-0.0018125
-1.25199e-007	-0.000875
-1.24699e-007	-0.00025
-1.24199e-007	0.000375
-1.23699e-007	0.001
-1.23199e-007	0.001625
-1.22699e-007	0.0019375
-1.22199e-007	0.0019375
-1.21699e-007	0.00225
-1.21199e-007	0.0019375
-1.20699e-007	0.001
-1.20199e-007	0.0013125
-1.19699e-007	6.25e-005
-1.19199e-007	-0.00025
-1.18699e-007	-0.000875
-1.18199e-007	-0.0018125
-1.17699e-007	-0.0018125
-1.17199e-007	-0.0015
-1.16699e-007	-0.0011875
-1.16199e-007	-0.0011875
-1.15699e-007	-0.0005625
-1.15199e-007	-0.00025
-1.14699e-007	-0.00025
-1.14199e-007	0.0006875
-1.13699e-007	0.001
-1.13199e-007	0.001
-1.12699e-007	0.001625
-1.12199e-007	0.001625
-1.11699e-007	0.0019375
-1.11199e-007	0.0013125
-1.10699e-007	0.000375
-1.10199e-007	6.25e-005
-1.09699e-007	0.000375
-1.09199e-007	-0.00025
-1.08699e-007	-0.0015
-1.08199e-007	-0.002125
-1.07699e-007	-0.000875
-1.07199e-007	-0.0015
-1.06699e-007	-0.0011875
-1.06199e-007	6.25e-005
-1.05699e-007	-0.00025
-1.05199e-007	6.25e-005
-1.04699e-007	0.0013125
-1.04199e-007	0.0013125
-1.03699e-007	0.001
-1.03199e-007	0.001625
-1.02699e-007	0.001625
-1.02199e-007	0.001
-1.01699e-007	0.001625
-1.01199e-007	0.000375
-1.00699e-007	6.25e-005
-1.00199e-007	6.25e-005
-9.9699e-008	-0.0011875
-9.9199e-008	-0.000875
-9.8699e-008	-0.000875
-9.8199e-008	-0.000875
-9.7699e-008	-0.0011875
-9.7199e-008	-0.0011875
-9.6699e-008	-0.0011875
-9.6199e-008	-0.0005625
-9.5699e-008	0.0006875
-9.5199e-008	0.001
-9.4699e-008	0.001
-9.4199e-008	0.001625
-9.3699e-008	0.001625
-9.3199e-008	0.0013125
-9.2699e-008	0.0013125
-9.2199e-008	0.001625
-9.1699e-008	0.0013125
-9.1199e-008	-0.00025
-9.0699e-008	-0.0005625
-9.0199e-008	6.25e-005
-8.9699e-008	-0.0011875
-8.9199e-008	-0.0018125
-8.8699e-008	-0.0015
-8.8199e-008	-0.0011875
-8.7699e-008	-0.0011875
-8.7199e-008	-0.0005625
-8.6699e-008	6.25e-005
-8.6199e-008	6.25e-005
-8.5699e-008	0.001
-8.5199e-008	0.0013125
-8.4699e-008	0.0013125
-8.4199e-008	0.0019375
-8.3699e-008	0.00225
-8.3199e-008	0.0013125
-8.2699e-008	0.0006875
-8.2199e-008	0.001
-8.1699e-008	0.000375
-8.1199e-008	-0.00025
-8.0699e-008	-0.000875
-8.0199e-008	-0.0011875
-7.9699e-008	-0.0018125
-7.9199e-008	-0.0024375
-7.8699e-008	-0.0018125
-7.8199e-008	-0.0005625
-7.7699e-008	-0.0011875
-7.7199e-008	-0.000875
-7.6699e-008	0.000375
-7.6199e-008	0.0006875
-7.5699e-008	0.0013125
-7.5199e-008	0.0013125
-7.4699e-008	0.0019375
-7.4199e-008	0.002875
-7.3699e-008	0.001625
-7.3199e-008	0.0013125
-7.2699e-008	0.001
-7.2199e-008	0.000375
-7.1699e-008	0.000375
-7.1199e-008	-0.0005625
-7.0699e-008	-0.0011875
-7.0199e-008	-0.0018125
-6.9699e-008	-0.0024375
-6.9199e-008	-0.002125
-6.8699e-008	-0.0015
-6.8199e-008	-0.000875
-6.7699e-008	-0.0005625
-6.7199e-008	-0.00025
-6.6699e-008	0.0006875
-6.6199e-008	0.001
-6.5699e-008	0.0013125
-6.5199e-008	0.0006875
-6.4699e-008	0.0019375
-6.4199e-008	0.00225
-6.3699e-008	0.0013125
-6.3199e-008	0.001
-6.2699e-008	0.0006875
-6.2199e-008	6.25e-005
-6.1699e-008	0.000375
-6.1199e-008	-0.0011875
-6.0699e-008	-0.0018125
-6.0199e-008	-0.0015
-5.9699e-008	-0.0015
-5.9199e-008	-0.0011875
-5.8699e-008	-0.0018125
-5.8199e-008	-0.000875
-5.7699e-008	-0.00025
-5.7199e-008	6.25e-005
-5.6699e-008	6.25e-005
-5.6199e-008	0.0006875
-5.5699e-008	0.0019375
-5.5199e-008	0.0025625
-5.4699e-008	0.0025625
-5.4199e-008	0.001625
-5.3699e-008	0.001
-5.3199e-008	0.0013125
-5.2699e-008	0.000375
-5.2199e-008	6.25e-005
-5.1699e-008	-0.00025
-5.1199e-008	-0.000875
-5.0699e-008	-0.0018125
-5.0199e-008	-0.0011875
-4.9699e-008	-0.0011875
-4.9199e-008	-0.0005625
-4.8699e-008	-0.0005625
-4.8199e-008	-0.0005625
-4.7699e-008	-0.000875
-4.7199e-008	0.0006875
-4.6699e-008	0.0013125
-4.6199e-008	0.001625
-4.5699e-008	0.00225
-4.5199e-008	0.0013125
-4.4699e-008	0.001625
-4.4199e-008	0.001
-4.3699e-008	0.001
-4.3199e-008	0.0006875
-4.2699e-008	6.25e-005
-4.2199e-008	-0.0005625
-4.1699e-008	-0.0018125
-4.1199e-008	-0.0018125
-4.0699e-008	-0.0015
-4.0199e-008	-0.0011875
-3.9699e-008	-0.000875
-3.9199e-008	-0.0011875
-3.8699e-008	-0.00025
-3.8199e-008	6.25e-005
-3.7699e-008	6.25e-005
-3.7199e-008	0.0006875
-3.6699e-008	0.001
-3.6199e-008	0.001
-3.5699e-008	0.001
-3.5199e-008	0.0013125
-3.4699e-008	0.001625
-3.4199e-008	0.001
-3.3699e-008	0.0006875
-3.3199e-008	-0.00025
-3.2699e-008	-0.0005625
-3.2199e-008	-0.00025
-3.1699e-008	-0.0015
-3.1199e-008	-0.0018125
-3.0699e-008	-0.0011875
-3.0199e-008	-0.0005625
-2.9699e-008	-0.0005625
-2.9199e-008	-0.000875
-2.8699e-008	-0.00025
-2.8199e-008	6.25e-005
-2.7699e-008	0.000375
-2.7199e-008	0.001625
-2.6699e-008	0.001625
-2.6199e-008	0.0013125
-2.5699e-008	0.00225
-2.5199e-008	0.001625
-2.4699e-008	0.0013125
-2.4199e-008	0.001
-2.3699e-008	0.0006875
-2.3199e-008	-0.0005625
-2.2699e-008	-0.000875
-2.2199e-008	-0.000875
-2.1699e-008	-0.002125
-2.1199e-008	-0.0011875
-2.0699e-008	-0.0015
-2.0199e-008	-0.0011875
-1.9699e-008	-0.00025
-1.9199e-008	6.25e-005
-1.8699e-008	0.0006875
-1.8199e-008	0.000375
-1.7699e-008	0.0013125
-1.7199e-008	0.001625
-1.6699e-008	0.0013125
-1.6199e-008	0.0019375
-1.5699e-008	0.0013125
-1.5199e-008	0.0013125
-1.4699e-008	0.0013125
-1.4199e-008	0.000375
-1.3699e-008	0.000375
-1.3199e-008	-0.00025
-1.2699e-008	-0.000875
-1.2199e-008	-0.000875
-1.1699e-008	-0.0015
-1.1199e-008	-0.000875
-1.0699e-008	-0.0005625
-1.0199e-008	-0.0011875
-9.699e-009	-0.0015
-9.199e-009	6.25e-005
-8.699e-009	0.0006875
-8.199e-009	6.25e-005
-7.699e-009	0.001
-7.199e-009	0.0006875
-6.699e-009	0.0006875
-6.199e-009	0.0013125
-5.699e-009	0.0013125
-5.199e-009	0.001625
-4.699e-009	0.000375
-4.199e-009	6.25e-005
-3.699e-009	6.25e-005
-3.199e-009	-0.0005625
-2.699e-009	-0.000875
-2.199e-009	-0.0011875
-1.699e-009	-0.002125
-1.199e-009	-0.0055625
-6.99e-010	-0.0093125
-1.99e-010	-0.012125
3.01e-010	-0.0155625
8.01e-010	-0.0186875
1.301e-009	-0.0215
1.801e-009	-0.023375
2.301e-009	-0.025875
2.801e-009	-0.0286875
3.301e-009	-0.0305625
3.801e-009	-0.03275
4.301e-009	-0.034625
4.801e-009	-0.034625
5.301e-009	-0.035875
5.801e-009	-0.0365
6.301e-009	-0.03775
6.801e-009	-0.039625
7.301e-009	-0.040875
7.801e-009	-0.0424375
8.301e-009	-0.04275
8.801e-009	-0.04275
9.301e-009	-0.0449375
9.801e-009	-0.0461875
1.0301e-008	-0.0474375
1.0801e-008	-0.048375
1.1301e-008	-0.0486875
1.1801e-008	-0.0493125
1.2301e-008	-0.05025
1.2801e-008	-0.05275
1.3301e-008	-0.054
1.3801e-008	-0.05525
1.4301e-008	-0.0568125
1.4801e-008	-0.0574375
1.5301e-008	-0.05775
1.5801e-008	-0.057125
1.6301e-008	-0.0574375
1.6801e-008	-0.058375
1.7301e-008	-0.058375
1.7801e-008	-0.0586875
1.8301e-008	-0.0593125
1.8801e-008	-0.0586875
1.9301e-008	-0.059
1.9801e-008	-0.0580625
2.0301e-008	-0.057125
2.0801e-008	-0.055875
2.1301e-008	-0.055875
2.1801e-008	-0.0561875
2.2301e-008	-0.0561875
2.2801e-008	-0.0568125
2.3301e-008	-0.0565
2.3801e-008	-0.0568125
2.4301e-008	-0.0580625
2.4801e-008	-0.059625
2.5301e-008	-0.0615
2.5801e-008	-0.0605625
2.6301e-008	-0.0618125
2.6801e-008	-0.0630625
2.7301e-008	-0.06275
2.7801e-008	-0.063375
2.8301e-008	-0.0636875
2.8801e-008	-0.06275
2.9301e-008	-0.0624375
2.9801e-008	-0.0624375
3.0301e-008	-0.06275
3.0801e-008	-0.06275
3.1301e-008	-0.06275
3.1801e-008	-0.063375
3.2301e-008	-0.064
3.2801e-008	-0.06525
3.3301e-008	-0.0649375
3.3801e-008	-0.0649375
3.4301e-008	-0.0655625
3.4801e-008	-0.0665
3.5301e-008	-0.06775
3.5801e-008	-0.0680625
3.6301e-008	-0.069
3.6801e-008	-0.07025
3.7301e-008	-0.07025
3.7801e-008	-0.07025
3.8301e-008	-0.07025
3.8801e-008	-0.0699375
3.9301e-008	-0.07025
3.9801e-008	-0.069
4.0301e-008	-0.069625
4.0801e-008	-0.069625
4.1301e-008	-0.0693125
4.1801e-008	-0.069625
4.2301e-008	-0.069625
4.2801e-008	-0.07025
4.3301e-008	-0.070875
4.3801e-008	-0.07025
4.4301e-008	-0.070875
4.4801e-008	-0.0711875
4.5301e-008	-0.0715
4.5801e-008	-0.0715
4.6301e-008	-0.0715
4.6801e-008	-0.0715
4.7301e-008	-0.0715
4.7801e-008	-0.0715
4.8301e-008	-0.0715
4.8801e-008	-0.0715
4.9301e-008	-0.0715
4.9801e-008	-0.0715
5.0301e-008	-0.0715
5.0801e-008	-0.07025
5.1301e-008	-0.0705625
5.1801e-008	-0.0711875
5.2301e-008	-0.070875
5.2801e-008	-0.0715
5.3301e-008	-0.070875
5.3801e-008	-0.069625
5.4301e-008	-0.070875
5.4801e-008	-0.0715
5.5301e-008	-0.0715
5.5801e-008	-0.0715
5.6301e-008	-0.0715
5.6801e-008	-0.0715
5.7301e-008	-0.0715
5.7801e-008	-0.0715
5.8301e-008	-0.0715
5.8801e-008	-0.0715
5.9301e-008	-0.0715
5.9801e-008	-0.0715
6.0301e-008	-0.0715
6.0801e-008	-0.0715
6.1301e-008	-0.0715
6.1801e-008	-0.0715
6.2301e-008	-0.0715
6.2801e-008	-0.0715
6.3301e-008	-0.0715
6.3801e-008	-0.0715
6.4301e-008	-0.0715
6.4801e-008	-0.0715
6.5301e-008	-0.0715
6.5801e-008	-0.0715
6.6301e-008	-0.0715
6.6801e-008	-0.0715
6.7301e-008	-0.0715
6.7801e-008	-0.0715
6.8301e-008	-0.0715
6.8801e-008	-0.0715
6.9301e-008	-0.0715
6.9801e-008	-0.0715
7.0301e-008	-0.0715
7.0801e-008	-0.0715
7.1301e-008	-0.0715
7.1801e-008	-0.0715
7.2301e-008	-0.0715
7.2801e-008	-0.0715
7.3301e-008	-0.0715
7.3801e-008	-0.0715
7.4301e-008	-0.0715
7.4801e-008	-0.0715
7.5301e-008	-0.0715
7.5801e-008	-0.0715
7.6301e-008	-0.0715
7.6801e-008	-0.0715
7.7301e-008	-0.0715
7.7801e-008	-0.0715
7.8301e-008	-0.0715
7.8801e-008	-0.0715
7.9301e-008	-0.0715
7.9801e-008	-0.0715
8.0301e-008	-0.0715
8.0801e-008	-0.0715
8.1301e-008	-0.0715
8.1801e-008	-0.0715
8.2301e-008	-0.0715
8.2801e-008	-0.0715
8.3301e-008	-0.0711875
8.3801e-008	-0.0715
8.4301e-008	-0.0715
8.4801e-008	-0.0715
8.5301e-008	-0.0715
8.5801e-008	-0.0715
8.6301e-008	-0.0715
8.6801e-008	-0.0715
8.7301e-008	-0.0715
8.7801e-008	-0.0715
8.8301e-008	-0.0715
8.8801e-008	-0.0715
8.9301e-008	-0.0715
8.9801e-008	-0.0715
9.0301e-008	-0.0715
9.0801e-008	-0.0715
9.1301e-008	-0.0715
9.1801e-008	-0.0715
9.2301e-008	-0.0715
9.2801e-008	-0.0705625
9.3301e-008	-0.0715
9.3801e-008	-0.0715
9.4301e-008	-0.070875
9.4801e-008	-0.070875
9.5301e-008	-0.0715
9.5801e-008	-0.0715
9.6301e-008	-0.0715
9.6801e-008	-0.0715
9.7301e-008	-0.0715
9.7801e-008	-0.0715
9.8301e-008	-0.0715
9.8801e-008	-0.0715
9.9301e-008	-0.0715
9.9801e-008	-0.0715
1.00301e-007	-0.0715
1.00801e-007	-0.0711875
1.01301e-007	-0.0705625
1.01801e-007	-0.0699375
1.02301e-007	-0.069625
1.02801e-007	-0.0699375
1.03301e-007	-0.0699375
1.03801e-007	-0.0680625
1.04301e-007	-0.069
1.04801e-007	-0.07025
1.05301e-007	-0.0711875
1.05801e-007	-0.0711875
1.06301e-007	-0.0711875
1.06801e-007	-0.0715
1.07301e-007	-0.0715
1.07801e-007	-0.0715
1.08301e-007	-0.070875
1.08801e-007	-0.07025
1.09301e-007	-0.0711875
1.09801e-007	-0.07025
1.10301e-007	-0.069625
1.10801e-007	-0.069
1.11301e-007	-0.06775
1.11801e-007	-0.06775
1.12301e-007	-0.0680625
1.12801e-007	-0.068375
1.13301e-007	-0.068375
1.13801e-007	-0.0680625
1.14301e-007	-0.068375
1.14801e-007	-0.069
1.15301e-007	-0.0699375
1.15801e-007	-0.0699375
1.16301e-007	-0.07025
1.16801e-007	-0.07025
1.17301e-007	-0.0699375
1.17801e-007	-0.07025
1.18301e-007	-0.069625
1.18801e-007	-0.0686875
1.19301e-007	-0.0680625
1.19801e-007	-0.0680625
1.20301e-007	-0.068375
1.20801e-007	-0.068375
1.21301e-007	-0.0674375
1.21801e-007	-0.0668125
1.22301e-007	-0.0668125
1.22801e-007	-0.0668125
1.23301e-007	-0.067125
1.23801e-007	-0.067125
1.24301e-007	-0.06775
1.24801e-007	-0.06775
1.25301e-007	-0.068375
1.25801e-007	-0.069
1.26301e-007	-0.069625
1.26801e-007	-0.0699375
1.27301e-007	-0.069
1.27801e-007	-0.068375
1.28301e-007	-0.06775
1.28801e-007	-0.06775
1.29301e-007	-0.0686875
1.29801e-007	-0.0665
1.30301e-007	-0.06525
1.30801e-007	-0.065875
1.31301e-007	-0.065875
1.31801e-007	-0.06525
1.32301e-007	-0.06525
1.32801e-007	-0.06525
1.33301e-007	-0.06525
1.33801e-007	-0.06525
1.34301e-007	-0.0661875
1.34801e-007	-0.0668125
1.35301e-007	-0.0674375
1.35801e-007	-0.0680625
1.36301e-007	-0.067125
1.36801e-007	-0.06775
1.37301e-007	-0.0680625
1.37801e-007	-0.067125
1.38301e-007	-0.0661875
1.38801e-007	-0.065875
1.39301e-007	-0.06525
1.39801e-007	-0.064625
1.40301e-007	-0.064625
1.40801e-007	-0.064625
1.41301e-007	-0.063375
1.41801e-007	-0.063375
1.42301e-007	-0.063375
1.42801e-007	-0.0636875
1.43301e-007	-0.0649375
1.43801e-007	-0.064
1.44301e-007	-0.0649375
1.44801e-007	-0.0649375
1.45301e-007	-0.06525
1.45801e-007	-0.0661875
1.46301e-007	-0.065875
1.46801e-007	-0.06525
1.47301e-007	-0.06525
1.47801e-007	-0.06525
1.48301e-007	-0.06525
1.48801e-007	-0.0636875
1.49301e-007	-0.06275
1.49801e-007	-0.062125
1.50301e-007	-0.0624375
1.50801e-007	-0.06275
1.51301e-007	-0.0624375
1.51801e-007	-0.06275
1.52301e-007	-0.0618125
1.52801e-007	-0.0615
1.53301e-007	-0.064
1.53801e-007	-0.064
1.54301e-007	-0.0649375
1.54801e-007	-0.064
1.55301e-007	-0.064
1.55801e-007	-0.0643125
1.56301e-007	-0.0630625
1.56801e-007	-0.064
1.57301e-007	-0.064
1.57801e-007	-0.0636875
1.58301e-007	-0.0624375
1.58801e-007	-0.0618125
1.59301e-007	-0.06275
1.59801e-007	-0.0624375
1.60301e-007	-0.0615
1.60801e-007	-0.060875
1.61301e-007	-0.060875
1.61801e-007	-0.0618125
1.62301e-007	-0.0611875
1.62801e-007	-0.0615
1.63301e-007	-0.0615
1.63801e-007	-0.0611875
1.64301e-007	-0.06275
1.64801e-007	-0.0624375
1.65301e-007	-0.06275
1.65801e-007	-0.0618125
1.66301e-007	-0.0618125
1.66801e-007	-0.062125
1.67301e-007	-0.0615
1.67801e-007	-0.0615
1.68301e-007	-0.0618125
1.68801e-007	-0.060875
1.69301e-007	-0.0615
1.69801e-007	-0.0599375
1.70301e-007	-0.06025
1.70801e-007	-0.0599375
1.71301e-007	-0.059625
1.71801e-007	-0.06025
1.72301e-007	-0.060875
1.72801e-007	-0.060875
1.73301e-007	-0.060875
1.73801e-007	-0.060875
1.74301e-007	-0.0615
1.74801e-007	-0.060875
1.75301e-007	-0.0615
1.75801e-007	-0.0605625
1.76301e-007	-0.059625
1.76801e-007	-0.0605625
1.77301e-007	-0.06025
1.77801e-007	-0.06025
1.78301e-007	-0.059
1.78801e-007	-0.05775
1.79301e-007	-0.059
1.79801e-007	-0.059625
1.80301e-007	-0.059
1.80801e-007	-0.058375
1.81301e-007	-0.0586875
1.81801e-007	-0.059625
1.82301e-007	-0.059625
1.82801e-007	-0.059625
1.83301e-007	-0.0593125
1.83801e-007	-0.059625
1.84301e-007	-0.059625
1.84801e-007	-0.059
1.85301e-007	-0.058375
1.85801e-007	-0.058375
1.86301e-007	-0.059
1.86801e-007	-0.058375
1.87301e-007	-0.0574375
1.87801e-007	-0.05775
1.88301e-007	-0.0574375
1.88801e-007	-0.0568125
1.89301e-007	-0.05775
1.89801e-007	-0.0574375
1.90301e-007	-0.0580625
1.90801e-007	-0.05775
1.91301e-007	-0.0574375
1.91801e-007	-0.057125
1.92301e-007	-0.0580625
1.92801e-007	-0.058375
1.93301e-007	-0.058375
1.93801e-007	-0.057125
1.94301e-007	-0.058375
1.94801e-007	-0.058375
1.95301e-007	-0.05775
1.95801e-007	-0.057125
1.96301e-007	-0.057125
1.96801e-007	-0.0565
1.97301e-007	-0.0561875
1.97801e-007	-0.05525
1.98301e-007	-0.05525
1.98801e-007	-0.0561875
1.99301e-007	-0.055875
1.99801e-007	-0.0555625
2.00301e-007	-0.0565
2.00801e-007	-0.0561875
2.01301e-007	-0.0561875
2.01801e-007	-0.0565
2.02301e-007	-0.0561875
2.02801e-007	-0.0561875
2.03301e-007	-0.057125
2.03801e-007	-0.0574375
2.04301e-007	-0.0565
2.04801e-007	-0.055875
2.05301e-007	-0.0565
2.05801e-007	-0.0561875
2.06301e-007	-0.0543125
2.06801e-007	-0.054
2.07301e-007	-0.054
2.07801e-007	-0.054
2.08301e-007	-0.054
2.08801e-007	-0.053375
2.09301e-007	-0.053375
2.09801e-007	-0.054
2.10301e-007	-0.054625
2.10801e-007	-0.0549375
2.11301e-007	-0.0549375
2.11801e-007	-0.05525
2.12301e-007	-0.0561875
2.12801e-007	-0.05525
2.13301e-007	-0.05525
2.13801e-007	-0.0543125
2.14301e-007	-0.054625
2.14801e-007	-0.0543125
2.15301e-007	-0.0536875
2.15801e-007	-0.053375
2.16301e-007	-0.0530625
2.16801e-007	-0.0530625
2.17301e-007	-0.0524375
2.17801e-007	-0.0518125
2.18301e-007	-0.05275
2.18801e-007	-0.053375
2.19301e-007	-0.05275
2.19801e-007	-0.05275
2.20301e-007	-0.0524375
2.20801e-007	-0.0524375
2.21301e-007	-0.05275
2.21801e-007	-0.053375
2.22301e-007	-0.05275
2.22801e-007	-0.05275
2.23301e-007	-0.053375
2.23801e-007	-0.054
2.24301e-007	-0.053375
2.24801e-007	-0.052125
2.25301e-007	-0.0515
2.25801e-007	-0.05275
2.26301e-007	-0.0518125
2.26801e-007	-0.05025
2.27301e-007	-0.050875
2.27801e-007	-0.0511875
2.28301e-007	-0.0511875
2.28801e-007	-0.0515
2.29301e-007	-0.0515
2.29801e-007	-0.0515
2.30301e-007	-0.0515
2.30801e-007	-0.0515
2.31301e-007	-0.050875
2.31801e-007	-0.0511875
2.32301e-007	-0.0518125
2.32801e-007	-0.0511875
2.33301e-007	-0.0518125
2.33801e-007	-0.0515
2.34301e-007	-0.0511875
2.34801e-007	-0.0505625
2.35301e-007	-0.050875
2.35801e-007	-0.050875
2.36301e-007	-0.0505625
2.36801e-007	-0.05025
2.37301e-007	-0.050875
2.37801e-007	-0.0499375
2.38301e-007	-0.0499375
2.38801e-007	-0.05025
2.39301e-007	-0.0499375
2.39801e-007	-0.05025
2.40301e-007	-0.049625
2.40801e-007	-0.05025
2.41301e-007	-0.0499375
2.41801e-007	-0.049625
2.42301e-007	-0.0499375
2.42801e-007	-0.049
2.43301e-007	-0.049625
2.43801e-007	-0.049625
2.44301e-007	-0.049625
2.44801e-007	-0.049
2.45301e-007	-0.0486875
2.45801e-007	-0.049625
2.46301e-007	-0.049
2.46801e-007	-0.0480625
2.47301e-007	-0.0486875
2.47801e-007	-0.048375
2.48301e-007	-0.049
2.48801e-007	-0.048375
2.49301e-007	-0.0486875
2.49801e-007	-0.049
2.50301e-007	-0.048375
2.50801e-007	-0.048375
2.51301e-007	-0.04775
2.51801e-007	-0.0486875
2.52301e-007	-0.049
2.52801e-007	-0.04775
2.53301e-007	-0.048375
2.53801e-007	-0.0474375
2.54301e-007	-0.0474375
2.54801e-007	-0.047125
2.55301e-007	-0.047125
2.55801e-007	-0.047125
2.56301e-007	-0.04775
2.56801e-007	-0.0480625
2.57301e-007	-0.04775
2.57801e-007	-0.0465
2.58301e-007	-0.0474375
2.58801e-007	-0.04775
2.59301e-007	-0.0480625
2.59801e-007	-0.0468125
2.60301e-007	-0.0465
2.60801e-007	-0.0468125
2.61301e-007	-0.0468125
2.61801e-007	-0.047125
2.62301e-007	-0.0468125
2.62801e-007	-0.0465
2.63301e-007	-0.0468125
2.63801e-007	-0.0465
2.64301e-007	-0.0468125
2.64801e-007	-0.045875
2.65301e-007	-0.0461875
2.65801e-007	-0.0461875
2.66301e-007	-0.045875
2.66801e-007	-0.0468125
2.67301e-007	-0.0461875
2.67801e-007	-0.0455625
2.68301e-007	-0.0465
2.68801e-007	-0.0461875
2.69301e-007	-0.045875
2.69801e-007	-0.045875
2.70301e-007	-0.0461875
2.70801e-007	-0.04525
2.71301e-007	-0.0455625
2.71801e-007	-0.045875
2.72301e-007	-0.045875
2.72801e-007	-0.04525
2.73301e-007	-0.0455625
2.73801e-007	-0.0449375
2.74301e-007	-0.04525
2.74801e-007	-0.044625
2.75301e-007	-0.04525
2.75801e-007	-0.044625
2.76301e-007	-0.044625
2.76801e-007	-0.0449375
2.77301e-007	-0.0449375
2.77801e-007	-0.0443125
2.78301e-007	-0.04525
2.78801e-007	-0.04525
2.79301e-007	-0.044625
2.79801e-007	-0.044
2.80301e-007	-0.0443125
2.80801e-007	-0.044625
2.81301e-007	-0.04525
2.81801e-007	-0.044625
2.82301e-007	-0.0449375
2.82801e-007	-0.0443125
2.83301e-007	-0.043375
2.83801e-007	-0.044
2.84301e-007	-0.044
2.84801e-007	-0.0436875
2.85301e-007	-0.0436875
2.85801e-007	-0.043375
2.86301e-007	-0.0436875
2.86801e-007	-0.0436875
2.87301e-007	-0.0430625
2.87801e-007	-0.043375
2.88301e-007	-0.0436875
2.88801e-007	-0.0436875
2.89301e-007	-0.043375
2.89801e-007	-0.043375
2.90301e-007	-0.044
2.90801e-007	-0.0436875
2.91301e-007	-0.044
2.91801e-007	-0.0430625
2.92301e-007	-0.043375
2.92801e-007	-0.0430625
2.93301e-007	-0.04275
2.93801e-007	-0.04275
2.94301e-007	-0.0424375
2.94801e-007	-0.04275
2.95301e-007	-0.043375
2.95801e-007	-0.042125
2.96301e-007	-0.04275
2.96801e-007	-0.0415
2.97301e-007	-0.0418125
2.97801e-007	-0.042125
2.98301e-007	-0.042125
2.98801e-007	-0.042125
2.99301e-007	-0.0418125
2.99801e-007	-0.042125
3.00301e-007	-0.042125
3.00801e-007	-0.0415
3.01301e-007	-0.042125
3.01801e-007	-0.0418125
3.02301e-007	-0.0424375
3.02801e-007	-0.042125
3.03301e-007	-0.0418125
3.03801e-007	-0.0418125
3.04301e-007	-0.0418125
3.04801e-007	-0.0424375
3.05301e-007	-0.0411875
3.05801e-007	-0.040875
3.06301e-007	-0.040875
3.06801e-007	-0.04025
3.07301e-007	-0.0405625
3.07801e-007	-0.0405625
3.08301e-007	-0.0411875
3.08801e-007	-0.0415
3.09301e-007	-0.04025
3.09801e-007	-0.0411875
3.10301e-007	-0.04025
3.10801e-007	-0.04025
3.11301e-007	-0.042125
3.11801e-007	-0.0411875
3.12301e-007	-0.0411875
3.12801e-007	-0.0411875
3.13301e-007	-0.0418125
3.13801e-007	-0.0411875
3.14301e-007	-0.04025
3.14801e-007	-0.04025
3.15301e-007	-0.040875
3.15801e-007	-0.04025
3.16301e-007	-0.04025
3.16801e-007	-0.039625
3.17301e-007	-0.04025
3.17801e-007	-0.04025
3.18301e-007	-0.04025
3.18801e-007	-0.0399375
3.19301e-007	-0.039625
3.19801e-007	-0.0399375
3.20301e-007	-0.0399375
3.20801e-007	-0.0399375
3.21301e-007	-0.0405625
3.21801e-007	-0.040875
3.22301e-007	-0.04025
3.22801e-007	-0.04025
3.23301e-007	-0.04025
3.23801e-007	-0.0399375
3.24301e-007	-0.039
3.24801e-007	-0.039
3.25301e-007	-0.0386875
3.25801e-007	-0.039
3.26301e-007	-0.0386875
3.26801e-007	-0.039
3.27301e-007	-0.0386875
3.27801e-007	-0.038375
3.28301e-007	-0.039
3.28801e-007	-0.039
3.29301e-007	-0.039
3.29801e-007	-0.039
3.30301e-007	-0.0393125
3.30801e-007	-0.039625
3.31301e-007	-0.039
3.31801e-007	-0.039
3.32301e-007	-0.0393125
3.32801e-007	-0.0386875
3.33301e-007	-0.0386875
3.33801e-007	-0.0380625
3.34301e-007	-0.038375
3.34801e-007	-0.0380625
3.35301e-007	-0.0374375
3.35801e-007	-0.0374375
3.36301e-007	-0.037125
3.36801e-007	-0.037125
3.37301e-007	-0.03775
3.37801e-007	-0.0374375
3.38301e-007	-0.038375
3.38801e-007	-0.038375
3.39301e-007	-0.0386875
3.39801e-007	-0.0380625
3.40301e-007	-0.038375
3.40801e-007	-0.0386875
3.41301e-007	-0.038375
3.41801e-007	-0.03775
3.42301e-007	-0.0380625
3.42801e-007	-0.0374375
3.43301e-007	-0.0374375
3.43801e-007	-0.037125
3.44301e-007	-0.0365
3.44801e-007	-0.035875
3.45301e-007	-0.0365
3.45801e-007	-0.037125
3.46301e-007	-0.035875
3.46801e-007	-0.035875
3.47301e-007	-0.0361875
3.47801e-007	-0.0361875
3.48301e-007	-0.0374375
3.48801e-007	-0.03775
3.49301e-007	-0.0374375
3.49801e-007	-0.0374375
3.50301e-007	-0.0380625
3.50801e-007	-0.03775
3.51301e-007	-0.0365
3.51801e-007	-0.035875
3.52301e-007	-0.0365
3.52801e-007	-0.0368125
3.53301e-007	-0.0368125
3.53801e-007	-0.03525
3.54301e-007	-0.03525
3.54801e-007	-0.0355625
3.55301e-007	-0.034625
3.55801e-007	-0.034625
3.56301e-007	-0.03525
3.56801e-007	-0.03525
3.57301e-007	-0.03525
3.57801e-007	-0.035875
3.58301e-007	-0.037125
3.58801e-007	-0.0365
3.59301e-007	-0.0361875
3.59801e-007	-0.035875
3.60301e-007	-0.0365
3.60801e-007	-0.0361875
3.61301e-007	-0.0361875
3.61801e-007	-0.0355625
3.62301e-007	-0.0355625
3.62801e-007	-0.0349375
3.63301e-007	-0.0349375
3.63801e-007	-0.034625
3.64301e-007	-0.034
3.64801e-007	-0.034625
3.65301e-007	-0.034625
3.65801e-007	-0.034
3.66301e-007	-0.034625
3.66801e-007	-0.034625
3.67301e-007	-0.0343125
3.67801e-007	-0.0343125
3.68301e-007	-0.03525
3.68801e-007	-0.03525
3.69301e-007	-0.03525
3.69801e-007	-0.03525
3.70301e-007	-0.035875
3.70801e-007	-0.03525
3.71301e-007	-0.0349375
3.71801e-007	-0.0343125
3.72301e-007	-0.033375
3.72801e-007	-0.0330625
3.73301e-007	-0.033375
3.73801e-007	-0.033375
3.74301e-007	-0.033375
3.74801e-007	-0.033375
3.75301e-007	-0.033375
3.75801e-007	-0.0336875
3.76301e-007	-0.034
3.76801e-007	-0.0343125
3.77301e-007	-0.034625
3.77801e-007	-0.0336875
3.78301e-007	-0.0349375
3.78801e-007	-0.0349375
3.79301e-007	-0.034625
3.79801e-007	-0.0336875
3.80301e-007	-0.034
3.80801e-007	-0.0336875
3.81301e-007	-0.033375
3.81801e-007	-0.03275
3.82301e-007	-0.03275
3.82801e-007	-0.032125
3.83301e-007	-0.032125
3.83801e-007	-0.0330625
3.84301e-007	-0.0330625
3.84801e-007	-0.032125
3.85301e-007	-0.032125
3.85801e-007	-0.03275
3.86301e-007	-0.0336875
3.86801e-007	-0.0336875
3.87301e-007	-0.0336875
3.87801e-007	-0.033375
3.88301e-007	-0.033375
3.88801e-007	-0.034
3.89301e-007	-0.0336875
3.89801e-007	-0.0336875
3.90301e-007	-0.0330625
3.90801e-007	-0.032125
3.91301e-007	-0.0315
3.91801e-007	-0.0315
3.92301e-007	-0.0305625
3.92801e-007	-0.0315
3.93301e-007	-0.0311875
3.93801e-007	-0.0311875
3.94301e-007	-0.0318125
3.94801e-007	-0.032125
3.95301e-007	-0.032125
3.95801e-007	-0.03275
3.96301e-007	-0.0324375
3.96801e-007	-0.0324375
3.97301e-007	-0.03275
3.97801e-007	-0.033375
3.98301e-007	-0.03275
3.98801e-007	-0.0318125
3.99301e-007	-0.0318125
3.99801e-007	-0.0315
4.00301e-007	-0.0311875
4.00801e-007	-0.0315
4.01301e-007	-0.030875
4.01801e-007	-0.03025
4.02301e-007	-0.03025
4.02801e-007	-0.029625
4.03301e-007	-0.029625
4.03801e-007	-0.0311875
4.04301e-007	-0.030875
4.04801e-007	-0.030875
4.05301e-007	-0.0315
4.05801e-007	-0.0315
4.06301e-007	-0.0315
4.06801e-007	-0.032125
4.07301e-007	-0.032125
4.07801e-007	-0.03275
4.08301e-007	-0.0318125
4.08801e-007	-0.0318125
4.09301e-007	-0.0315
4.09801e-007	-0.030875
4.10301e-007	-0.0305625
4.10801e-007	-0.029625
4.11301e-007	-0.029625
4.11801e-007	-0.029625
4.12301e-007	-0.0286875
4.12801e-007	-0.0293125
4.13301e-007	-0.029625
4.13801e-007	-0.029625
4.14301e-007	-0.029625
4.14801e-007	-0.03025
4.15301e-007	-0.0311875
4.15801e-007	-0.0315
4.16301e-007	-0.030875
4.16801e-007	-0.0315
4.17301e-007	-0.0311875
4.17801e-007	-0.0311875
4.18301e-007	-0.030875
4.18801e-007	-0.0305625
4.19301e-007	-0.0299375
4.19801e-007	-0.029625
4.20301e-007	-0.029625
4.20801e-007	-0.029
4.21301e-007	-0.0293125
4.21801e-007	-0.028375
4.22301e-007	-0.028375
4.22801e-007	-0.0280625
4.23301e-007	-0.028375
4.23801e-007	-0.0293125
4.24301e-007	-0.029625
4.24801e-007	-0.029625
4.25301e-007	-0.0299375
4.25801e-007	-0.03025
4.26301e-007	-0.03025
4.26801e-007	-0.03025
4.27301e-007	-0.0299375
4.27801e-007	-0.0299375
4.28301e-007	-0.0293125
4.28801e-007	-0.0286875
4.29301e-007	-0.029
4.29801e-007	-0.0286875
4.30301e-007	-0.028375
4.30801e-007	-0.0280625
4.31301e-007	-0.0280625
4.31801e-007	-0.028375
4.32301e-007	-0.0280625
4.32801e-007	-0.0274375
4.33301e-007	-0.028375
4.33801e-007	-0.0286875
4.34301e-007	-0.0286875
4.34801e-007	-0.028375
4.35301e-007	-0.0286875
4.35801e-007	-0.03025
4.36301e-007	-0.029625
4.36801e-007	-0.0280625
4.37301e-007	-0.029
4.37801e-007	-0.0286875
4.38301e-007	-0.02775
4.38801e-007	-0.02775
4.39301e-007	-0.0274375
4.39801e-007	-0.0268125
4.40301e-007	-0.0268125
4.40801e-007	-0.0268125
4.41301e-007	-0.027125
4.41801e-007	-0.0268125
4.42301e-007	-0.0274375
4.42801e-007	-0.027125
4.43301e-007	-0.0274375
4.43801e-007	-0.02775
4.44301e-007	-0.028375
4.44801e-007	-0.028375
4.45301e-007	-0.028375
4.45801e-007	-0.0280625
4.46301e-007	-0.028375
4.46801e-007	-0.02775
4.47301e-007	-0.02775
4.47801e-007	-0.027125
4.48301e-007	-0.0268125
4.48801e-007	-0.025875
4.49301e-007	-0.025875
4.49801e-007	-0.0261875
4.50301e-007	-0.0261875
4.50801e-007	-0.025875
4.51301e-007	-0.025875
4.51801e-007	-0.0268125
4.52301e-007	-0.027125
4.52801e-007	-0.0265
4.53301e-007	-0.0274375
4.53801e-007	-0.027125
4.54301e-007	-0.027125
4.54801e-007	-0.0280625
4.55301e-007	-0.0280625
4.55801e-007	-0.02775
4.56301e-007	-0.0274375
4.56801e-007	-0.0274375
4.57301e-007	-0.0268125
4.57801e-007	-0.025875
4.58301e-007	-0.0255625
4.58801e-007	-0.024625
4.59301e-007	-0.024625
4.59801e-007	-0.0249375
4.60301e-007	-0.024625
4.60801e-007	-0.02525
4.61301e-007	-0.02525
4.61801e-007	-0.0255625
4.62301e-007	-0.025875
4.62801e-007	-0.025875
4.63301e-007	-0.027125
4.63801e-007	-0.027125
4.64301e-007	-0.02775
4.64801e-007	-0.0274375
4.65301e-007	-0.027125
4.65801e-007	-0.0268125
4.66301e-007	-0.0268125
4.66801e-007	-0.0261875
4.67301e-007	-0.0261875
4.67801e-007	-0.02525
4.68301e-007	-0.02525
4.68801e-007	-0.0249375
4.69301e-007	-0.024
4.69801e-007	-0.024
4.70301e-007	-0.024
4.70801e-007	-0.0249375
4.71301e-007	-0.024625
4.71801e-007	-0.02525
4.72301e-007	-0.025875
4.72801e-007	-0.0255625
4.73301e-007	-0.0261875
4.73801e-007	-0.0261875
4.74301e-007	-0.025875
4.74801e-007	-0.0265
4.75301e-007	-0.0261875
4.75801e-007	-0.025875
4.76301e-007	-0.0255625
4.76801e-007	-0.025875
4.77301e-007	-0.0255625
4.77801e-007	-0.0243125
4.78301e-007	-0.024
4.78801e-007	-0.0236875
4.79301e-007	-0.024
4.79801e-007	-0.0236875
4.80301e-007	-0.0230625
4.80801e-007	-0.024
4.81301e-007	-0.0236875
4.81801e-007	-0.024
4.82301e-007	-0.0249375
4.82801e-007	-0.0249375
4.83301e-007	-0.0255625
4.83801e-007	-0.0249375
4.84301e-007	-0.02525
4.84801e-007	-0.0261875
4.85301e-007	-0.0261875
4.85801e-007	-0.0255625
4.86301e-007	-0.024
4.86801e-007	-0.0249375
4.87301e-007	-0.0243125
4.87801e-007	-0.0236875
4.88301e-007	-0.024
4.88801e-007	-0.0236875
4.89301e-007	-0.024
4.89801e-007	-0.02275
4.90301e-007	-0.0224375
4.90801e-007	-0.0236875
4.91301e-007	-0.0236875
4.91801e-007	-0.024
4.92301e-007	-0.023375
4.92801e-007	-0.023375
4.93301e-007	-0.0249375
4.93801e-007	-0.0249375
4.94301e-007	-0.0249375
4.94801e-007	-0.0249375
4.95301e-007	-0.0249375
4.95801e-007	-0.0249375
4.96301e-007	-0.0243125
4.96801e-007	-0.0249375
4.97301e-007	-0.0243125
4.97801e-007	-0.023375
4.98301e-007	-0.0236875
4.98801e-007	-0.023375
4.99301e-007	-0.023375
4.99801e-007	-0.02275
5.00301e-007	-0.0224375
5.00801e-007	-0.02275
5.01301e-007	-0.0230625
5.01801e-007	-0.0230625
5.02301e-007	-0.023375
5.02801e-007	-0.0236875
5.03301e-007	-0.023375
5.03801e-007	-0.0236875
5.04301e-007	-0.02525
5.04801e-007	-0.02525
5.05301e-007	-0.024625
5.05801e-007	-0.024
5.06301e-007	-0.023375
5.06801e-007	-0.0236875
5.07301e-007	-0.0236875
5.07801e-007	-0.02275
5.08301e-007	-0.023375
5.08801e-007	-0.0230625
5.09301e-007	-0.0230625
5.09801e-007	-0.022125
5.10301e-007	-0.02275
5.10801e-007	-0.0230625
5.11301e-007	-0.0224375
5.11801e-007	-0.0230625
5.12301e-007	-0.02275
5.12801e-007	-0.0230625
5.13301e-007	-0.0236875
5.13801e-007	-0.024
5.14301e-007	-0.0236875
5.14801e-007	-0.023375
5.15301e-007	-0.0236875
5.15801e-007	-0.0236875
5.16301e-007	-0.0224375
5.16801e-007	-0.02275
5.17301e-007	-0.0230625
5.17801e-007	-0.02275
5.18301e-007	-0.0224375
5.18801e-007	-0.022125
5.19301e-007	-0.0224375
5.19801e-007	-0.022125
5.20301e-007	-0.0218125
5.20801e-007	-0.0215
5.21301e-007	-0.022125
5.21801e-007	-0.02275
5.22301e-007	-0.02275
5.22801e-007	-0.0230625
5.23301e-007	-0.0236875
5.23801e-007	-0.0230625
5.24301e-007	-0.0230625
5.24801e-007	-0.023375
5.25301e-007	-0.023375
5.25801e-007	-0.02275
5.26301e-007	-0.0215
5.26801e-007	-0.0215
5.27301e-007	-0.0215
5.27801e-007	-0.0215
5.28301e-007	-0.020875
5.28801e-007	-0.0205625
5.29301e-007	-0.0211875
5.29801e-007	-0.0215
5.30301e-007	-0.0211875
5.30801e-007	-0.0211875
5.31301e-007	-0.0215
5.31801e-007	-0.0218125
5.32301e-007	-0.02275
5.32801e-007	-0.023375
5.33301e-007	-0.02275
5.33801e-007	-0.0230625
5.34301e-007	-0.0236875
5.34801e-007	-0.0230625
5.35301e-007	-0.022125
5.35801e-007	-0.0224375
5.36301e-007	-0.0215
5.36801e-007	-0.020875
5.37301e-007	-0.0205625
5.37801e-007	-0.02025
5.38301e-007	-0.0205625
5.38801e-007	-0.02025
5.39301e-007	-0.02025
5.39801e-007	-0.02025
5.40301e-007	-0.0199375
5.40801e-007	-0.0205625
5.41301e-007	-0.020875
5.41801e-007	-0.0211875
5.42301e-007	-0.022125
5.42801e-007	-0.0224375
5.43301e-007	-0.0224375
5.43801e-007	-0.02275
5.44301e-007	-0.02275
5.44801e-007	-0.0230625
5.45301e-007	-0.022125
5.45801e-007	-0.0218125
5.46301e-007	-0.0211875
5.46801e-007	-0.02025
5.47301e-007	-0.0193125
5.47801e-007	-0.0193125
5.48301e-007	-0.019625
5.48801e-007	-0.0199375
5.49301e-007	-0.0193125
5.49801e-007	-0.019
5.50301e-007	-0.019
5.50801e-007	-0.019625
5.51301e-007	-0.0199375
5.51801e-007	-0.0205625
5.52301e-007	-0.0218125
5.52801e-007	-0.0215
5.53301e-007	-0.02275
5.53801e-007	-0.02275
5.54301e-007	-0.022125
5.54801e-007	-0.022125
5.55301e-007	-0.0215
5.55801e-007	-0.020875
5.56301e-007	-0.0199375
5.56801e-007	-0.0199375
5.57301e-007	-0.019
5.57801e-007	-0.0180625
5.58301e-007	-0.018375
5.58801e-007	-0.018375
5.59301e-007	-0.018375
5.59801e-007	-0.0180625
5.60301e-007	-0.0186875
5.60801e-007	-0.0193125
5.61301e-007	-0.019625
5.61801e-007	-0.02025
5.62301e-007	-0.020875
5.62801e-007	-0.020875
5.63301e-007	-0.022125
5.63801e-007	-0.0218125
5.64301e-007	-0.0215
5.64801e-007	-0.022125
5.65301e-007	-0.0215
5.65801e-007	-0.0199375
5.66301e-007	-0.019
5.66801e-007	-0.019
5.67301e-007	-0.018375
5.67801e-007	-0.01775
5.68301e-007	-0.0174375
5.68801e-007	-0.0174375
5.69301e-007	-0.0186875
5.69801e-007	-0.0186875
5.70301e-007	-0.0186875
5.70801e-007	-0.0193125
5.71301e-007	-0.019625
5.71801e-007	-0.02025
5.72301e-007	-0.0199375
5.72801e-007	-0.0205625
5.73301e-007	-0.0211875
5.73801e-007	-0.0205625
5.74301e-007	-0.0215
5.74801e-007	-0.0211875
5.75301e-007	-0.0199375
5.75801e-007	-0.02025
5.76301e-007	-0.019
5.76801e-007	-0.0174375
5.77301e-007	-0.0174375
5.77801e-007	-0.0174375
5.78301e-007	-0.0174375
5.78801e-007	-0.0174375
5.79301e-007	-0.01775
5.79801e-007	-0.0180625
5.80301e-007	-0.01775
5.80801e-007	-0.0186875
5.81301e-007	-0.019
5.81801e-007	-0.0193125
5.82301e-007	-0.0199375
5.82801e-007	-0.0199375
5.83301e-007	-0.0199375
5.83801e-007	-0.019625
5.84301e-007	-0.0199375
5.84801e-007	-0.0199375
5.85301e-007	-0.019625
5.85801e-007	-0.018375
5.86301e-007	-0.0174375
5.86801e-007	-0.0174375
5.87301e-007	-0.017125
5.87801e-007	-0.0168125
5.88301e-007	-0.017125
5.88801e-007	-0.017125
5.89301e-007	-0.01775
5.89801e-007	-0.018375
5.90301e-007	-0.01775
5.90801e-007	-0.0186875
5.91301e-007	-0.0193125
5.91801e-007	-0.019625
5.92301e-007	-0.0199375
5.92801e-007	-0.0199375
5.93301e-007	-0.019625
5.93801e-007	-0.019
5.94301e-007	-0.019625
5.94801e-007	-0.0186875
5.95301e-007	-0.01775
5.95801e-007	-0.01775
5.96301e-007	-0.017125
5.96801e-007	-0.0165
5.97301e-007	-0.015875
5.97801e-007	-0.015875
5.98301e-007	-0.017125
5.98801e-007	-0.0168125
5.99301e-007	-0.0174375
5.99801e-007	-0.01775
6.00301e-007	-0.018375
6.00801e-007	-0.019
6.01301e-007	-0.0186875
6.01801e-007	-0.019625
6.02301e-007	-0.0199375
6.02801e-007	-0.019
6.03301e-007	-0.0186875
6.03801e-007	-0.01775
6.04301e-007	-0.0180625
6.04801e-007	-0.0180625
6.05301e-007	-0.0165
6.05801e-007	-0.0155625
6.06301e-007	-0.0161875
6.06801e-007	-0.015875
6.07301e-007	-0.0165
6.07801e-007	-0.0168125
6.08301e-007	-0.0161875
6.08801e-007	-0.0155625
6.09301e-007	-0.0174375
6.09801e-007	-0.0180625
6.10301e-007	-0.0186875
6.10801e-007	-0.019
6.11301e-007	-0.019
6.11801e-007	-0.019
6.12301e-007	-0.0186875
6.12801e-007	-0.018375
6.13301e-007	-0.018375
6.13801e-007	-0.01775
6.14301e-007	-0.017125
6.14801e-007	-0.0168125
6.15301e-007	-0.015875
6.15801e-007	-0.01525
6.16301e-007	-0.0143125
6.16801e-007	-0.0149375
6.17301e-007	-0.0155625
6.17801e-007	-0.0149375
6.18301e-007	-0.01525
6.18801e-007	-0.015875
6.19301e-007	-0.0165
6.19801e-007	-0.017125
6.20301e-007	-0.01775
6.20801e-007	-0.018375
6.21301e-007	-0.0186875
6.21801e-007	-0.0186875
6.22301e-007	-0.019
6.22801e-007	-0.018375
6.23301e-007	-0.0180625
6.23801e-007	-0.0168125
6.24301e-007	-0.0165
6.24801e-007	-0.015875
6.25301e-007	-0.01525
6.25801e-007	-0.0149375
6.26301e-007	-0.0149375
6.26801e-007	-0.014625
6.27301e-007	-0.0149375
6.27801e-007	-0.01525
6.28301e-007	-0.0155625
6.28801e-007	-0.01525
6.29301e-007	-0.0161875
6.29801e-007	-0.0174375
6.30301e-007	-0.017125
6.30801e-007	-0.01775
6.31301e-007	-0.018375
6.31801e-007	-0.0180625
6.32301e-007	-0.0180625
6.32801e-007	-0.0180625
6.33301e-007	-0.0174375
6.33801e-007	-0.0168125
6.34301e-007	-0.0161875
6.34801e-007	-0.0161875
6.35301e-007	-0.0143125
6.35801e-007	-0.0143125
6.36301e-007	-0.014625
6.36801e-007	-0.0143125
6.37301e-007	-0.014625
6.37801e-007	-0.014625
6.38301e-007	-0.01525
6.38801e-007	-0.0155625
6.39301e-007	-0.0155625
6.39801e-007	-0.0161875
6.40301e-007	-0.0161875
6.40801e-007	-0.0168125
6.41301e-007	-0.0174375
6.41801e-007	-0.017125
6.42301e-007	-0.0174375
6.42801e-007	-0.0161875
6.43301e-007	-0.0165
6.43801e-007	-0.0161875
6.44301e-007	-0.0155625
6.44801e-007	-0.0149375
6.45301e-007	-0.0143125
6.45801e-007	-0.014
6.46301e-007	-0.0136875
6.46801e-007	-0.0136875
6.47301e-007	-0.014625
6.47801e-007	-0.014
6.48301e-007	-0.0149375
6.48801e-007	-0.015875
6.49301e-007	-0.015875
6.49801e-007	-0.0161875
6.50301e-007	-0.015875
6.50801e-007	-0.0168125
6.51301e-007	-0.0161875
6.51801e-007	-0.015875
6.52301e-007	-0.017125
6.52801e-007	-0.0165
6.53301e-007	-0.0161875
6.53801e-007	-0.0155625
6.54301e-007	-0.0143125
6.54801e-007	-0.014625
6.55301e-007	-0.013375
6.55801e-007	-0.0143125
6.56301e-007	-0.0143125
6.56801e-007	-0.0143125
6.57301e-007	-0.0143125
6.57801e-007	-0.0136875
6.58301e-007	-0.0155625
6.58801e-007	-0.0149375
6.59301e-007	-0.0149375
6.59801e-007	-0.0155625
6.60301e-007	-0.014625
6.60801e-007	-0.0155625
6.61301e-007	-0.0155625
6.61801e-007	-0.015875
6.62301e-007	-0.0165
6.62801e-007	-0.01525
6.63301e-007	-0.01525
6.63801e-007	-0.014
6.64301e-007	-0.014
6.64801e-007	-0.0149375
6.65301e-007	-0.0143125
6.65801e-007	-0.014
6.66301e-007	-0.0136875
6.66801e-007	-0.014
6.67301e-007	-0.014
6.67801e-007	-0.014
6.68301e-007	-0.014625
6.68801e-007	-0.0149375
6.69301e-007	-0.01525
6.69801e-007	-0.014
6.70301e-007	-0.0143125
6.70801e-007	-0.0155625
6.71301e-007	-0.0149375
6.71801e-007	-0.01525
6.72301e-007	-0.01525
6.72801e-007	-0.0149375
6.73301e-007	-0.0149375
6.73801e-007	-0.014
6.74301e-007	-0.0136875
6.74801e-007	-0.0136875
6.75301e-007	-0.0130625
6.75801e-007	-0.0136875
6.76301e-007	-0.0130625
6.76801e-007	-0.013375
6.77301e-007	-0.0130625
6.77801e-007	-0.0136875
6.78301e-007	-0.0149375
6.78801e-007	-0.0143125
6.79301e-007	-0.014625
6.79801e-007	-0.0143125
6.80301e-007	-0.01525
6.80801e-007	-0.015875
6.81301e-007	-0.0143125
6.81801e-007	-0.014625
6.82301e-007	-0.0149375
6.82801e-007	-0.014
6.83301e-007	-0.0143125
6.83801e-007	-0.013375
6.84301e-007	-0.0136875
6.84801e-007	-0.013375
6.85301e-007	-0.0124375
6.85801e-007	-0.01275
6.86301e-007	-0.01275
6.86801e-007	-0.0130625
6.87301e-007	-0.01275
6.87801e-007	-0.013375
6.88301e-007	-0.014625
6.88801e-007	-0.014
6.89301e-007	-0.0143125
6.89801e-007	-0.0143125
6.90301e-007	-0.0136875
6.90801e-007	-0.0143125
6.91301e-007	-0.014
6.91801e-007	-0.0149375
6.92301e-007	-0.0143125
6.92801e-007	-0.0143125
6.93301e-007	-0.013375
6.93801e-007	-0.0130625
6.94301e-007	-0.013375
6.94801e-007	-0.0130625
6.95301e-007	-0.0124375
6.95801e-007	-0.01275
6.96301e-007	-0.012125
6.96801e-007	-0.012125
6.97301e-007	-0.012125
6.97801e-007	-0.01275
6.98301e-007	-0.01275
6.98801e-007	-0.0130625
6.99301e-007	-0.0136875
6.99801e-007	-0.013375
7.00301e-007	-0.013375
7.00801e-007	-0.0143125
7.01301e-007	-0.014
7.01801e-007	-0.0149375
7.02301e-007	-0.0143125
7.02801e-007	-0.0136875
7.03301e-007	-0.013375
7.03801e-007	-0.0130625
7.04301e-007	-0.0130625
7.04801e-007	-0.01275
7.05301e-007	-0.0124375
7.05801e-007	-0.0130625
7.06301e-007	-0.0124375
7.06801e-007	-0.0118125
7.07301e-007	-0.0118125
7.07801e-007	-0.01275
7.08301e-007	-0.0136875
7.08801e-007	-0.01275
7.09301e-007	-0.01275
7.09801e-007	-0.0136875
7.10301e-007	-0.014
7.10801e-007	-0.0143125
7.11301e-007	-0.0136875
7.11801e-007	-0.014
7.12301e-007	-0.0136875
7.12801e-007	-0.013375
7.13301e-007	-0.013375
7.13801e-007	-0.0124375
7.14301e-007	-0.0124375
7.14801e-007	-0.0124375
7.15301e-007	-0.0118125
7.15801e-007	-0.0124375
7.16301e-007	-0.0118125
7.16801e-007	-0.0115
7.17301e-007	-0.0115
7.17801e-007	-0.012125
7.18301e-007	-0.012125
7.18801e-007	-0.01275
7.19301e-007	-0.0130625
7.19801e-007	-0.013375
7.20301e-007	-0.0136875
7.20801e-007	-0.013375
7.21301e-007	-0.0130625
7.21801e-007	-0.0130625
7.22301e-007	-0.0130625
7.22801e-007	-0.0130625
7.23301e-007	-0.01275
7.23801e-007	-0.0124375
7.24301e-007	-0.0115
7.24801e-007	-0.012125
7.25301e-007	-0.0111875
7.25801e-007	-0.0115
7.26301e-007	-0.0118125
7.26801e-007	-0.0118125
7.27301e-007	-0.0115
7.27801e-007	-0.0118125
7.28301e-007	-0.0124375
7.28801e-007	-0.01275
7.29301e-007	-0.0130625
7.29801e-007	-0.013375
7.30301e-007	-0.0130625
7.30801e-007	-0.01275
7.31301e-007	-0.01275
7.31801e-007	-0.013375
7.32301e-007	-0.0130625
7.32801e-007	-0.0124375
7.33301e-007	-0.0118125
7.33801e-007	-0.012125
7.34301e-007	-0.0115
7.34801e-007	-0.010875
7.35301e-007	-0.0105625
7.35801e-007	-0.0111875
7.36301e-007	-0.0111875
7.36801e-007	-0.0124375
7.37301e-007	-0.0118125
7.37801e-007	-0.0118125
7.38301e-007	-0.0118125
7.38801e-007	-0.0124375
7.39301e-007	-0.01275
7.39801e-007	-0.014
7.40301e-007	-0.013375
7.40801e-007	-0.0130625
7.41301e-007	-0.012125
7.41801e-007	-0.012125
7.42301e-007	-0.01275
7.42801e-007	-0.0118125
7.43301e-007	-0.0111875
7.43801e-007	-0.010875
7.44301e-007	-0.01025
7.44801e-007	-0.0105625
7.45301e-007	-0.01025
7.45801e-007	-0.0105625
7.46301e-007	-0.010875
7.46801e-007	-0.0105625
7.47301e-007	-0.0111875
7.47801e-007	-0.0118125
7.48301e-007	-0.012125
7.48801e-007	-0.0124375
7.49301e-007	-0.01275
7.49801e-007	-0.0130625
7.50301e-007	-0.0124375
7.50801e-007	-0.012125
7.51301e-007	-0.0118125
7.51801e-007	-0.0118125
7.52301e-007	-0.0115
7.52801e-007	-0.0111875
7.53301e-007	-0.0105625
7.53801e-007	-0.0105625
7.54301e-007	-0.01025
7.54801e-007	-0.0105625
7.55301e-007	-0.009625
7.55801e-007	-0.0099375
7.56301e-007	-0.0099375
7.56801e-007	-0.0105625
7.57301e-007	-0.0111875
7.57801e-007	-0.012125
7.58301e-007	-0.0124375
7.58801e-007	-0.012125
7.59301e-007	-0.0124375
7.59801e-007	-0.0124375
7.60301e-007	-0.0124375
7.60801e-007	-0.0130625
7.61301e-007	-0.0124375
7.61801e-007	-0.0118125
7.62301e-007	-0.0111875
7.62801e-007	-0.01025
7.63301e-007	-0.0099375
7.63801e-007	-0.009
7.64301e-007	-0.0086875
7.64801e-007	-0.0093125
7.65301e-007	-0.0099375
7.65801e-007	-0.010875
7.66301e-007	-0.0105625
7.66801e-007	-0.01025
7.67301e-007	-0.0111875
7.67801e-007	-0.0115
7.68301e-007	-0.0118125
7.68801e-007	-0.0118125
7.69301e-007	-0.012125
7.69801e-007	-0.0124375
7.70301e-007	-0.012125
7.70801e-007	-0.0124375
7.71301e-007	-0.0115
7.71801e-007	-0.0115
7.72301e-007	-0.010875
7.72801e-007	-0.01025
7.73301e-007	-0.0093125
7.73801e-007	-0.0086875
7.74301e-007	-0.0093125
7.74801e-007	-0.0093125
7.75301e-007	-0.0093125
7.75801e-007	-0.009
7.76301e-007	-0.009625
7.76801e-007	-0.010875
7.77301e-007	-0.010875
7.77801e-007	-0.0118125
7.78301e-007	-0.0118125
7.78801e-007	-0.012125
7.79301e-007	-0.0124375
7.79801e-007	-0.01275
7.80301e-007	-0.0118125
7.80801e-007	-0.0115
7.81301e-007	-0.010875
7.81801e-007	-0.01025
7.82301e-007	-0.01025
7.82801e-007	-0.009625
7.83301e-007	-0.0093125
7.83801e-007	-0.009
7.84301e-007	-0.009
7.84801e-007	-0.0086875
7.85301e-007	-0.009625
7.85801e-007	-0.0099375
7.86301e-007	-0.0099375
7.86801e-007	-0.01025
7.87301e-007	-0.0111875
7.87801e-007	-0.010875
7.88301e-007	-0.0115
7.88801e-007	-0.0118125
7.89301e-007	-0.0118125
7.89801e-007	-0.012125
7.90301e-007	-0.0111875
7.90801e-007	-0.0105625
7.91301e-007	-0.0099375
7.91801e-007	-0.0093125
7.92301e-007	-0.009625
7.92801e-007	-0.009
7.93301e-007	-0.009
7.93801e-007	-0.008375
7.94301e-007	-0.0086875
7.94801e-007	-0.0093125
7.95301e-007	-0.0086875
7.95801e-007	-0.009625
7.96301e-007	-0.0105625
7.96801e-007	-0.0105625
7.97301e-007	-0.010875
7.97801e-007	-0.0111875
7.98301e-007	-0.0115
7.98801e-007	-0.0115
7.99301e-007	-0.010875
7.99801e-007	-0.0118125
8.00301e-007	-0.010875
8.00801e-007	-0.01025
8.01301e-007	-0.0093125
8.01801e-007	-0.0086875
8.02301e-007	-0.0086875
8.02801e-007	-0.00775
8.03301e-007	-0.009
8.03801e-007	-0.008375
8.04301e-007	-0.008375
8.04801e-007	-0.0093125
8.05301e-007	-0.009625
8.05801e-007	-0.010875
8.06301e-007	-0.0105625
8.06801e-007	-0.0105625
8.07301e-007	-0.0111875
8.07801e-007	-0.01025
8.08301e-007	-0.0115
8.08801e-007	-0.0111875
8.09301e-007	-0.010875
8.09801e-007	-0.010875
8.10301e-007	-0.01025
8.10801e-007	-0.0099375
8.11301e-007	-0.0086875
8.11801e-007	-0.0080625
8.12301e-007	-0.0080625
8.12801e-007	-0.0074375
8.13301e-007	-0.008375
8.13801e-007	-0.0086875
8.14301e-007	-0.009
8.14801e-007	-0.0093125
8.15301e-007	-0.0086875
8.15801e-007	-0.01025
8.16301e-007	-0.0105625
8.16801e-007	-0.0111875
8.17301e-007	-0.0111875
8.17801e-007	-0.0111875
8.18301e-007	-0.0118125
8.18801e-007	-0.010875
8.19301e-007	-0.0099375
8.19801e-007	-0.0105625
8.20301e-007	-0.0086875
8.20801e-007	-0.009
8.21301e-007	-0.008375
8.21801e-007	-0.0074375
8.22301e-007	-0.0074375
8.22801e-007	-0.0074375
8.23301e-007	-0.0074375
8.23801e-007	-0.0074375
8.24301e-007	-0.008375
8.24801e-007	-0.009
8.25301e-007	-0.009
8.25801e-007	-0.0105625
8.26301e-007	-0.010875
8.26801e-007	-0.0115
8.27301e-007	-0.0118125
8.27801e-007	-0.010875
8.28301e-007	-0.0111875
8.28801e-007	-0.0105625
8.29301e-007	-0.0105625
8.29801e-007	-0.009625
8.30301e-007	-0.009
8.30801e-007	-0.009
8.31301e-007	-0.008375
8.31801e-007	-0.0074375
8.32301e-007	-0.0074375
8.32801e-007	-0.0068125
8.33301e-007	-0.00775
8.33801e-007	-0.00775
8.34301e-007	-0.00775
8.34801e-007	-0.008375
8.35301e-007	-0.0086875
8.35801e-007	-0.0099375
8.36301e-007	-0.0105625
8.36801e-007	-0.0105625
8.37301e-007	-0.0105625
8.37801e-007	-0.0111875
8.38301e-007	-0.0115
8.38801e-007	-0.01025
8.39301e-007	-0.009625
8.39801e-007	-0.0099375
8.40301e-007	-0.008375
8.40801e-007	-0.008375
8.41301e-007	-0.0080625
8.41801e-007	-0.007125
8.42301e-007	-0.007125
8.42801e-007	-0.0068125
8.43301e-007	-0.007125
8.43801e-007	-0.0074375
8.44301e-007	-0.00775
8.44801e-007	-0.008375
8.45301e-007	-0.0086875
8.45801e-007	-0.009
8.46301e-007	-0.009
8.46801e-007	-0.01025
8.47301e-007	-0.0111875
8.47801e-007	-0.0105625
8.48301e-007	-0.0105625
8.48801e-007	-0.0099375
8.49301e-007	-0.010875
8.49801e-007	-0.0093125
8.50301e-007	-0.008375
8.50801e-007	-0.0080625
8.51301e-007	-0.0074375
8.51801e-007	-0.00775
8.52301e-007	-0.0074375
8.52801e-007	-0.0061875
8.53301e-007	-0.0068125
8.53801e-007	-0.0074375
8.54301e-007	-0.0080625
8.54801e-007	-0.008375
8.55301e-007	-0.0086875
8.55801e-007	-0.009
8.56301e-007	-0.0086875
8.56801e-007	-0.0093125
8.57301e-007	-0.01025
8.57801e-007	-0.0099375
8.58301e-007	-0.009625
8.58801e-007	-0.0093125
8.59301e-007	-0.009
8.59801e-007	-0.009
8.60301e-007	-0.008375
8.60801e-007	-0.008375
8.61301e-007	-0.0074375
8.61801e-007	-0.0068125
8.62301e-007	-0.0074375
8.62801e-007	-0.0068125
8.63301e-007	-0.0074375
8.63801e-007	-0.00775
8.64301e-007	-0.0074375
8.64801e-007	-0.0080625
8.65301e-007	-0.0086875
8.65801e-007	-0.0086875
8.66301e-007	-0.0086875
8.66801e-007	-0.0080625
8.67301e-007	-0.009
8.67801e-007	-0.009
8.68301e-007	-0.009625
8.68801e-007	-0.0086875
8.69301e-007	-0.0086875
8.69801e-007	-0.0086875
8.70301e-007	-0.0080625
8.70801e-007	-0.007125
8.71301e-007	-0.00775
8.71801e-007	-0.00775
8.72301e-007	-0.0080625
8.72801e-007	-0.007125
8.73301e-007	-0.0074375
8.73801e-007	-0.0074375
8.74301e-007	-0.008375
8.74801e-007	-0.0086875
8.75301e-007	-0.008375
8.75801e-007	-0.008375
8.76301e-007	-0.0080625
8.76801e-007	-0.0086875
8.77301e-007	-0.0086875
8.77801e-007	-0.008375
8.78301e-007	-0.0080625
8.78801e-007	-0.00775
8.79301e-007	-0.00775
8.79801e-007	-0.0080625
8.80301e-007	-0.0074375
8.80801e-007	-0.0074375
8.81301e-007	-0.007125
8.81801e-007	-0.0074375
8.82301e-007	-0.0080625
8.82801e-007	-0.0074375
8.83301e-007	-0.0074375
8.83801e-007	-0.0080625
8.84301e-007	-0.008375
8.84801e-007	-0.008375
8.85301e-007	-0.0086875
8.85801e-007	-0.009
8.86301e-007	-0.009
8.86801e-007	-0.0080625
8.87301e-007	-0.0086875
8.87801e-007	-0.008375
8.88301e-007	-0.00775
8.88801e-007	-0.007125
8.89301e-007	-0.00775
8.89801e-007	-0.0065
8.90301e-007	-0.0068125
8.90801e-007	-0.0068125
8.91301e-007	-0.007125
8.91801e-007	-0.0065
8.92301e-007	-0.0068125
8.92801e-007	-0.007125
8.93301e-007	-0.0080625
8.93801e-007	-0.008375
8.94301e-007	-0.009
8.94801e-007	-0.008375
8.95301e-007	-0.008375
8.95801e-007	-0.008375
8.96301e-007	-0.0086875
8.96801e-007	-0.008375
8.97301e-007	-0.0080625
8.97801e-007	-0.00775
8.98301e-007	-0.00775
8.98801e-007	-0.0074375
8.99301e-007	-0.0061875
8.99801e-007	-0.005875
9.00301e-007	-0.0065
9.00801e-007	-0.0065
9.01301e-007	-0.0061875
9.01801e-007	-0.0061875
9.02301e-007	-0.005875
9.02801e-007	-0.007125
9.03301e-007	-0.0074375
9.03801e-007	-0.0080625
9.04301e-007	-0.0080625
9.04801e-007	-0.0080625
9.05301e-007	-0.009
9.05801e-007	-0.0086875
9.06301e-007	-0.0086875
9.06801e-007	-0.008375
9.07301e-007	-0.0080625
9.07801e-007	-0.0074375
9.08301e-007	-0.0068125
9.08801e-007	-0.0068125
9.09301e-007	-0.0068125
9.09801e-007	-0.005875
9.10301e-007	-0.0055625
9.10801e-007	-0.0055625
9.11301e-007	-0.0065
9.11801e-007	-0.005875
9.12301e-007	-0.0065
9.12801e-007	-0.007125
9.13301e-007	-0.007125
9.13801e-007	-0.007125
9.14301e-007	-0.008375
9.14801e-007	-0.008375
9.15301e-007	-0.008375
9.15801e-007	-0.008375
9.16301e-007	-0.008375
9.16801e-007	-0.00775
9.17301e-007	-0.0080625
9.17801e-007	-0.0080625
9.18301e-007	-0.0068125
9.18801e-007	-0.0065
9.19301e-007	-0.0065
9.19801e-007	-0.0061875
9.20301e-007	-0.0055625
9.20801e-007	-0.005875
9.21301e-007	-0.0068125
9.21801e-007	-0.0061875
9.22301e-007	-0.005875
9.22801e-007	-0.007125
9.23301e-007	-0.0074375
9.23801e-007	-0.0080625
9.24301e-007	-0.0080625
9.24801e-007	-0.0074375
9.25301e-007	-0.007125
9.25801e-007	-0.0074375
9.26301e-007	-0.0080625
9.26801e-007	-0.0074375
9.27301e-007	-0.0074375
9.27801e-007	-0.0074375
9.28301e-007	-0.0074375
9.28801e-007	-0.0074375
9.29301e-007	-0.0068125
9.29801e-007	-0.005875
9.30301e-007	-0.005875
9.30801e-007	-0.0055625
9.31301e-007	-0.0065
9.31801e-007	-0.0055625
9.32301e-007	-0.005875
9.32801e-007	-0.0065
9.33301e-007	-0.00775
9.33801e-007	-0.0065
9.34301e-007	-0.0061875
9.34801e-007	-0.0065
9.35301e-007	-0.0074375
9.35801e-007	-0.0061875
9.36301e-007	-0.007125
9.36801e-007	-0.007125
9.37301e-007	-0.0068125
9.37801e-007	-0.0065
9.38301e-007	-0.0065
9.38801e-007	-0.0061875
9.39301e-007	-0.0068125
9.39801e-007	-0.0068125
9.40301e-007	-0.0061875
9.40801e-007	-0.005875
9.41301e-007	-0.0068125
9.41801e-007	-0.0074375
9.42301e-007	-0.0068125
9.42801e-007	-0.0068125
9.43301e-007	-0.0065
9.43801e-007	-0.007125
9.44301e-007	-0.0065
9.44801e-007	-0.0065
9.45301e-007	-0.005875
9.45801e-007	-0.0061875
9.46301e-007	-0.0061875
9.46801e-007	-0.005875
9.47301e-007	-0.0065
9.47801e-007	-0.0065
9.48301e-007	-0.005875
9.48801e-007	-0.005875
9.49301e-007	-0.005875
9.49801e-007	-0.0061875
9.50301e-007	-0.0061875
9.50801e-007	-0.0061875
9.51301e-007	-0.0061875
9.51801e-007	-0.0065
9.52301e-007	-0.0074375
9.52801e-007	-0.0065
9.53301e-007	-0.0074375
9.53801e-007	-0.0065
9.54301e-007	-0.0068125
9.54801e-007	-0.005875
9.55301e-007	-0.0055625
9.55801e-007	-0.0055625
9.56301e-007	-0.005875
9.56801e-007	-0.00525
9.57301e-007	-0.005875
9.57801e-007	-0.0049375
9.58301e-007	-0.0065
9.58801e-007	-0.0065
9.59301e-007	-0.0061875
9.59801e-007	-0.0065
9.60301e-007	-0.0065
9.60801e-007	-0.007125
9.61301e-007	-0.007125
9.61801e-007	-0.007125
9.62301e-007	-0.007125
9.62801e-007	-0.0068125
9.63301e-007	-0.0065
9.63801e-007	-0.007125
9.64301e-007	-0.0065
9.64801e-007	-0.0068125
9.65301e-007	-0.005875
9.65801e-007	-0.005875
9.66301e-007	-0.00525
9.66801e-007	-0.00525
9.67301e-007	-0.005875
9.67801e-007	-0.0055625
9.68301e-007	-0.0055625
9.68801e-007	-0.0055625
9.69301e-007	-0.0055625
9.69801e-007	-0.0068125
9.70301e-007	-0.007125
9.70801e-007	-0.0068125
9.71301e-007	-0.007125
9.71801e-007	-0.0065
9.72301e-007	-0.0068125
9.72801e-007	-0.0068125
9.73301e-007	-0.007125
9.73801e-007	-0.0068125
9.74301e-007	-0.0061875
9.74801e-007	-0.0055625
9.75301e-007	-0.0055625
9.75801e-007	-0.0055625
9.76301e-007	-0.0055625
9.76801e-007	-0.0055625
9.77301e-007	-0.0061875
9.77801e-007	-0.00525
9.78301e-007	-0.005875
9.78801e-007	-0.0061875
9.79301e-007	-0.0065
9.79801e-007	-0.0068125
9.80301e-007	-0.0061875
9.80801e-007	-0.0068125
9.81301e-007	-0.0068125
9.81801e-007	-0.0068125
9.82301e-007	-0.007125
9.82801e-007	-0.0065
9.83301e-007	-0.0068125
9.83801e-007	-0.0061875
9.84301e-007	-0.0055625
9.84801e-007	-0.005875
9.85301e-007	-0.0049375
9.85801e-007	-0.005875
9.86301e-007	-0.0055625
9.86801e-007	-0.0055625
9.87301e-007	-0.0055625
9.87801e-007	-0.00525
9.88301e-007	-0.0061875
9.88801e-007	-0.005875
9.89301e-007	-0.005875
9.89801e-007	-0.005875
9.90301e-007	-0.005875
9.90801e-007	-0.005875
9.91301e-007	-0.005875
9.91801e-007	-0.00525
9.92301e-007	-0.0061875
9.92801e-007	-0.00525
9.93301e-007	-0.0049375
9.93801e-007	-0.00525
9.94301e-007	-0.005875
9.94801e-007	-0.0055625
9.95301e-007	-0.004625
9.95801e-007	-0.0055625
9.96301e-007	-0.0068125
9.96801e-007	-0.005875
9.97301e-007	-0.0061875
9.97801e-007	-0.005875
9.98301e-007	-0.0065
9.98801e-007	-0.0068125
9.99301e-007	-0.0061875
9.99801e-007	-0.0061875
1.000301e-006	-0.0065
1.000801e-006	-0.0055625
1.001301e-006	-0.00525
1.001801e-006	-0.0055625
1.002301e-006	-0.0049375
1.002801e-006	-0.0043125
1.003301e-006	-0.004625
1.003801e-006	-0.00525
1.004301e-006	-0.004625
1.004801e-006	-0.0049375
1.005301e-006	-0.0049375
1.005801e-006	-0.0061875
1.006301e-006	-0.005875
1.006801e-006	-0.0055625
1.007301e-006	-0.0061875
1.007801e-006	-0.005875
1.008301e-006	-0.0061875
1.008801e-006	-0.0061875
1.009301e-006	-0.0068125
1.009801e-006	-0.0061875
1.010301e-006	-0.00525
1.010801e-006	-0.0055625
1.011301e-006	-0.00525
1.011801e-006	-0.004625
1.012301e-006	-0.0043125
1.012801e-006	-0.0030625
1.013301e-006	-0.004
1.013801e-006	-0.004625
1.014301e-006	-0.0043125
1.014801e-006	-0.0043125
1.015301e-006	-0.0049375
1.015801e-006	-0.0055625
1.016301e-006	-0.005875
1.016801e-006	-0.005875
1.017301e-006	-0.0068125
1.017801e-006	-0.0068125
1.018301e-006	-0.007125
1.018801e-006	-0.0065
1.019301e-006	-0.005875
1.019801e-006	-0.005875
1.020301e-006	-0.0055625
1.020801e-006	-0.0049375
1.021301e-006	-0.0043125
1.021801e-006	-0.004625
1.022301e-006	-0.004
1.022801e-006	-0.004
1.023301e-006	-0.0036875
1.023801e-006	-0.0043125
1.024301e-006	-0.0036875
1.024801e-006	-0.0049375
1.025301e-006	-0.0043125
1.025801e-006	-0.00525
1.026301e-006	-0.005875
1.026801e-006	-0.005875
1.027301e-006	-0.005875
1.027801e-006	-0.0068125
1.028301e-006	-0.007125
1.028801e-006	-0.0074375
1.029301e-006	-0.0074375
1.029801e-006	-0.0068125
1.030301e-006	-0.00525
1.030801e-006	-0.0049375
1.031301e-006	-0.0049375
1.031801e-006	-0.0043125
1.032301e-006	-0.0043125
1.032801e-006	-0.004625
1.033301e-006	-0.0036875
1.033801e-006	-0.0030625
1.034301e-006	-0.0030625
1.034801e-006	-0.0043125
1.035301e-006	-0.0055625
1.035801e-006	-0.0049375
1.036301e-006	-0.005875
1.036801e-006	-0.0065
1.037301e-006	-0.0065
1.037801e-006	-0.0055625
1.038301e-006	-0.0061875
1.038801e-006	-0.0065
1.039301e-006	-0.005875
1.039801e-006	-0.005875
1.040301e-006	-0.00525
1.040801e-006	-0.0049375
1.041301e-006	-0.0055625
1.041801e-006	-0.004625
1.042301e-006	-0.0036875
1.042801e-006	-0.0036875
1.043301e-006	-0.004
1.043801e-006	-0.004625
1.044301e-006	-0.004
1.044801e-006	-0.0043125
1.045301e-006	-0.0049375
1.045801e-006	-0.005875
1.046301e-006	-0.0055625
1.046801e-006	-0.0055625
1.047301e-006	-0.0055625
1.047801e-006	-0.005875
1.048301e-006	-0.005875
1.048801e-006	-0.0055625
1.049301e-006	-0.004625
1.049801e-006	-0.0055625
1.050301e-006	-0.0055625
1.050801e-006	-0.0049375
1.051301e-006	-0.004625
1.051801e-006	-0.0049375
1.052301e-006	-0.004625
1.052801e-006	-0.0043125
1.053301e-006	-0.0049375
1.053801e-006	-0.0049375
1.054301e-006	-0.0049375
1.054801e-006	-0.0049375
1.055301e-006	-0.0055625
1.055801e-006	-0.005875
1.056301e-006	-0.005875
1.056801e-006	-0.0043125
1.057301e-006	-0.0055625
1.057801e-006	-0.0055625
1.058301e-006	-0.0049375
1.058801e-006	-0.0043125
1.059301e-006	-0.00525
1.059801e-006	-0.0049375
1.060301e-006	-0.004625
1.060801e-006	-0.004625
1.061301e-006	-0.0049375
1.061801e-006	-0.0049375
1.062301e-006	-0.004625
1.062801e-006	-0.005875
1.063301e-006	-0.00525
1.063801e-006	-0.00525
1.064301e-006	-0.0049375
1.064801e-006	-0.0049375
1.065301e-006	-0.0055625
1.065801e-006	-0.005875
1.066301e-006	-0.0055625
1.066801e-006	-0.00525
1.067301e-006	-0.0043125
1.067801e-006	-0.0043125
1.068301e-006	-0.004
1.068801e-006	-0.0049375
1.069301e-006	-0.004625
1.069801e-006	-0.004625
1.070301e-006	-0.0036875
1.070801e-006	-0.004
1.071301e-006	-0.0049375
1.071801e-006	-0.0049375
1.072301e-006	-0.0043125
1.072801e-006	-0.00525
1.073301e-006	-0.0055625
1.073801e-006	-0.005875
1.074301e-006	-0.005875
1.074801e-006	-0.00525
1.075301e-006	-0.005875
1.075801e-006	-0.0049375
1.076301e-006	-0.004625
1.076801e-006	-0.004
1.077301e-006	-0.004
1.077801e-006	-0.0036875
1.078301e-006	-0.003375
1.078801e-006	-0.0036875
1.079301e-006	-0.004
1.079801e-006	-0.003375
1.080301e-006	-0.004
1.080801e-006	-0.004625
1.081301e-006	-0.0049375
1.081801e-006	-0.004625
1.082301e-006	-0.00525
1.082801e-006	-0.005875
1.083301e-006	-0.00525
1.083801e-006	-0.00525
1.084301e-006	-0.0043125
1.084801e-006	-0.00525
1.085301e-006	-0.0055625
1.085801e-006	-0.00525
1.086301e-006	-0.0049375
1.086801e-006	-0.0043125
1.087301e-006	-0.0036875
1.087801e-006	-0.003375
1.088301e-006	-0.00275
1.088801e-006	-0.0036875
1.089301e-006	-0.0030625
1.089801e-006	-0.0036875
1.090301e-006	-0.004
1.090801e-006	-0.004625
1.091301e-006	-0.0043125
1.091801e-006	-0.004625
1.092301e-006	-0.0055625
1.092801e-006	-0.00525
1.093301e-006	-0.004625
1.093801e-006	-0.00525
1.094301e-006	-0.0049375
1.094801e-006	-0.0049375
1.095301e-006	-0.004625
1.095801e-006	-0.0043125
1.096301e-006	-0.0043125
1.096801e-006	-0.0036875
1.097301e-006	-0.0036875
1.097801e-006	-0.0030625
1.098301e-006	-0.0036875
1.098801e-006	-0.0043125
1.099301e-006	-0.0043125
1.099801e-006	-0.0043125
1.100301e-006	-0.0043125
1.100801e-006	-0.0049375
1.101301e-006	-0.0049375
1.101801e-006	-0.004625
1.102301e-006	-0.0049375
1.102801e-006	-0.0049375
1.103301e-006	-0.00525
1.103801e-006	-0.0049375
1.104301e-006	-0.004625
1.104801e-006	-0.004
1.105301e-006	-0.004
1.105801e-006	-0.0043125
1.106301e-006	-0.003375
1.106801e-006	-0.004
1.107301e-006	-0.004
1.107801e-006	-0.0036875
1.108301e-006	-0.004
1.108801e-006	-0.004625
1.109301e-006	-0.0043125
1.109801e-006	-0.0055625
1.110301e-006	-0.0049375
1.110801e-006	-0.00525
1.111301e-006	-0.0049375
1.111801e-006	-0.004625
1.112301e-006	-0.0049375
1.112801e-006	-0.0043125
1.113301e-006	-0.004
1.113801e-006	-0.004
1.114301e-006	-0.0043125
1.114801e-006	-0.0043125
1.115301e-006	-0.004
1.115801e-006	-0.004625
1.116301e-006	-0.003375
1.116801e-006	-0.0024375
1.117301e-006	-0.0030625
1.117801e-006	-0.0030625
1.118301e-006	-0.004625
1.118801e-006	-0.0043125
1.119301e-006	-0.00525
1.119801e-006	-0.0049375
1.120301e-006	-0.004625
1.120801e-006	-0.004625
1.121301e-006	-0.0049375
1.121801e-006	-0.0043125
1.122301e-006	-0.004
1.122801e-006	-0.004
1.123301e-006	-0.0043125
1.123801e-006	-0.0036875
1.124301e-006	-0.003375
1.124801e-006	-0.003375
1.125301e-006	-0.0036875
1.125801e-006	-0.0036875
1.126301e-006	-0.0036875
1.126801e-006	-0.0043125
1.127301e-006	-0.004
1.127801e-006	-0.004625
1.128301e-006	-0.00525
1.128801e-006	-0.00525
1.129301e-006	-0.0049375
1.129801e-006	-0.0049375
1.130301e-006	-0.0049375
1.130801e-006	-0.005875
1.131301e-006	-0.0043125
1.131801e-006	-0.0043125
1.132301e-006	-0.0036875
1.132801e-006	-0.0036875
1.133301e-006	-0.0036875
1.133801e-006	-0.0030625
1.134301e-006	-0.00275
1.134801e-006	-0.0030625
1.135301e-006	-0.00275
1.135801e-006	-0.0036875
1.136301e-006	-0.0036875
1.136801e-006	-0.0043125
1.137301e-006	-0.0043125
1.137801e-006	-0.004
1.138301e-006	-0.00525
1.138801e-006	-0.0049375
1.139301e-006	-0.0055625
1.139801e-006	-0.0055625
1.140301e-006	-0.00525
1.140801e-006	-0.004625
1.141301e-006	-0.00525
1.141801e-006	-0.0036875
1.142301e-006	-0.003375
1.142801e-006	-0.0030625
1.143301e-006	-0.003375
1.143801e-006	-0.0030625
1.144301e-006	-0.0030625
1.144801e-006	-0.0024375
1.145301e-006	-0.0030625
1.145801e-006	-0.0036875
1.146301e-006	-0.0036875
1.146801e-006	-0.0036875
1.147301e-006	-0.0049375
1.147801e-006	-0.0049375
1.148301e-006	-0.00525
1.148801e-006	-0.0055625
1.149301e-006	-0.00525
1.149801e-006	-0.0055625
1.150301e-006	-0.004
1.150801e-006	-0.0043125
1.151301e-006	-0.004
1.151801e-006	-0.0036875
1.152301e-006	-0.003375
1.152801e-006	-0.003375
1.153301e-006	-0.0030625
1.153801e-006	-0.002125
1.154301e-006	-0.0015
1.154801e-006	-0.0024375
1.155301e-006	-0.00275
1.155801e-006	-0.0036875
1.156301e-006	-0.004
1.156801e-006	-0.004625
1.157301e-006	-0.0049375
1.157801e-006	-0.0049375
1.158301e-006	-0.005875
1.158801e-006	-0.0049375
1.159301e-006	-0.004
1.159801e-006	-0.004625
1.160301e-006	-0.0049375
1.160801e-006	-0.0036875
1.161301e-006	-0.0030625
1.161801e-006	-0.002125
1.162301e-006	-0.003375
1.162801e-006	-0.0030625
1.163301e-006	-0.0030625
1.163801e-006	-0.0024375
1.164301e-006	-0.0024375
1.164801e-006	-0.0036875
1.165301e-006	-0.004625
1.165801e-006	-0.0043125
1.166301e-006	-0.004
1.166801e-006	-0.004625
1.167301e-006	-0.0055625
1.167801e-006	-0.00525
1.168301e-006	-0.0049375
1.168801e-006	-0.0049375
1.169301e-006	-0.004625
1.169801e-006	-0.004625
1.170301e-006	-0.0030625
1.170801e-006	-0.0036875
1.171301e-006	-0.0030625
1.171801e-006	-0.0024375
1.172301e-006	-0.00275
1.172801e-006	-0.0024375
1.173301e-006	-0.0015
1.173801e-006	-0.00275
1.174301e-006	-0.00275
1.174801e-006	-0.004
1.175301e-006	-0.0043125
1.175801e-006	-0.0049375
1.176301e-006	-0.0043125
1.176801e-006	-0.0043125
1.177301e-006	-0.00525
1.177801e-006	-0.0055625
1.178301e-006	-0.0055625
1.178801e-006	-0.0049375
1.179301e-006	-0.0036875
1.179801e-006	-0.004
1.180301e-006	-0.0030625
1.180801e-006	-0.0024375
1.181301e-006	-0.003375
1.181801e-006	-0.002125
1.182301e-006	-0.002125
1.182801e-006	-0.002125
1.183301e-006	-0.00275
1.183801e-006	-0.00275
1.184301e-006	-0.0030625
1.184801e-006	-0.0043125
1.185301e-006	-0.004
1.185801e-006	-0.0043125
1.186301e-006	-0.0055625
1.186801e-006	-0.0055625
1.187301e-006	-0.00525
1.187801e-006	-0.004625
1.188301e-006	-0.0043125
1.188801e-006	-0.004
1.189301e-006	-0.00275
1.189801e-006	-0.0030625
1.190301e-006	-0.0024375
1.190801e-006	-0.00275
1.191301e-006	-0.0024375
1.191801e-006	-0.0015
1.192301e-006	-0.0024375
1.192801e-006	-0.0024375
1.193301e-006	-0.0030625
1.193801e-006	-0.0036875
1.194301e-006	-0.0036875
1.194801e-006	-0.0049375
1.195301e-006	-0.0036875
1.195801e-006	-0.004
1.196301e-006	-0.0043125
1.196801e-006	-0.004625
1.197301e-006	-0.00525
1.197801e-006	-0.004
1.198301e-006	-0.0030625
1.198801e-006	-0.00275
1.199301e-006	-0.00275
1.199801e-006	-0.0024375
1.200301e-006	-0.0018125
1.200801e-006	-0.0018125
1.201301e-006	-0.0024375
1.201801e-006	-0.0011875
1.202301e-006	-0.0024375
1.202801e-006	-0.0030625
1.203301e-006	-0.003375
1.203801e-006	-0.003375
1.204301e-006	-0.0036875
1.204801e-006	-0.0043125
1.205301e-006	-0.0043125
1.205801e-006	-0.0055625
1.206301e-006	-0.0055625
1.206801e-006	-0.0043125
1.207301e-006	-0.004
1.207801e-006	-0.003375
1.208301e-006	-0.0030625
1.208801e-006	-0.00275
1.209301e-006	-0.002125
1.209801e-006	-0.0018125
1.210301e-006	-0.0015
1.210801e-006	-0.0018125
1.211301e-006	-0.0024375
1.211801e-006	-0.0024375
1.212301e-006	-0.003375
1.212801e-006	-0.0036875
1.213301e-006	-0.004
1.213801e-006	-0.0049375
1.214301e-006	-0.004625
1.214801e-006	-0.0049375
1.215301e-006	-0.0043125
1.215801e-006	-0.00525
1.216301e-006	-0.0049375
1.216801e-006	-0.0043125
1.217301e-006	-0.004
1.217801e-006	-0.003375
1.218301e-006	-0.0030625
1.218801e-006	-0.0015
1.219301e-006	-0.0011875
1.219801e-006	-0.0011875
1.220301e-006	-0.0011875
1.220801e-006	-0.0024375
1.221301e-006	-0.002125
1.221801e-006	-0.00275
1.222301e-006	-0.00275
1.222801e-006	-0.0030625
1.223301e-006	-0.004625
1.223801e-006	-0.004625
1.224301e-006	-0.004625
1.224801e-006	-0.004625
1.225301e-006	-0.0043125
1.225801e-006	-0.0043125
1.226301e-006	-0.004
1.226801e-006	-0.003375
1.227301e-006	-0.003375
1.227801e-006	-0.00275
1.228301e-006	-0.0024375
1.228801e-006	-0.002125
1.229301e-006	-0.002125
1.229801e-006	-0.0015
1.230301e-006	-0.0015
1.230801e-006	-0.002125
1.231301e-006	-0.0024375
1.231801e-006	-0.0024375
1.232301e-006	-0.003375
1.232801e-006	-0.004
1.233301e-006	-0.0036875
1.233801e-006	-0.0043125
1.234301e-006	-0.004
1.234801e-006	-0.0049375
1.235301e-006	-0.0049375
1.235801e-006	-0.0043125
1.236301e-006	-0.003375
1.236801e-006	-0.0030625
1.237301e-006	-0.00275
1.237801e-006	-0.0030625
1.238301e-006	-0.0024375
1.238801e-006	-0.0018125
1.239301e-006	-0.0015
1.239801e-006	-0.0018125
1.240301e-006	-0.002125
1.240801e-006	-0.002125
1.241301e-006	-0.002125
1.241801e-006	-0.0030625
1.242301e-006	-0.0036875
1.242801e-006	-0.0036875
1.243301e-006	-0.0036875
1.243801e-006	-0.004625
1.244301e-006	-0.0049375
1.244801e-006	-0.004
1.245301e-006	-0.0036875
1.245801e-006	-0.003375
1.246301e-006	-0.0030625
1.246801e-006	-0.0030625
1.247301e-006	-0.0030625
1.247801e-006	-0.00275
1.248301e-006	-0.0030625
1.248801e-006	-0.0024375
1.249301e-006	-0.002125
1.249801e-006	-0.0018125
1.250301e-006	-0.0024375
1.250801e-006	-0.0024375
1.251301e-006	-0.0024375
1.251801e-006	-0.0024375
1.252301e-006	-0.0030625
1.252801e-006	-0.003375
1.253301e-006	-0.0036875
1.253801e-006	-0.0043125
1.254301e-006	-0.0036875
1.254801e-006	-0.0036875
1.255301e-006	-0.003375
1.255801e-006	-0.003375
1.256301e-006	-0.0030625
1.256801e-006	-0.0030625
1.257301e-006	-0.0030625
1.257801e-006	-0.00275
1.258301e-006	-0.0024375
1.258801e-006	-0.002125
1.259301e-006	-0.00275
1.259801e-006	-0.003375
1.260301e-006	-0.0030625
1.260801e-006	-0.00275
1.261301e-006	-0.003375
1.261801e-006	-0.0036875
1.262301e-006	-0.003375
1.262801e-006	-0.003375
1.263301e-006	-0.004
1.263801e-006	-0.0030625
1.264301e-006	-0.002125
1.264801e-006	-0.0024375
1.265301e-006	-0.00275
1.265801e-006	-0.0024375
1.266301e-006	-0.0030625
1.266801e-006	-0.0024375
1.267301e-006	-0.0024375
1.267801e-006	-0.002125
1.268301e-006	-0.00275
1.268801e-006	-0.0036875
1.269301e-006	-0.004
1.269801e-006	-0.003375
1.270301e-006	-0.003375
1.270801e-006	-0.0043125
1.271301e-006	-0.003375
1.271801e-006	-0.00275
1.272301e-006	-0.003375
1.272801e-006	-0.003375
1.273301e-006	-0.00275
1.273801e-006	-0.002125
1.274301e-006	-0.0015
1.274801e-006	-0.0018125
1.275301e-006	-0.0024375
1.275801e-006	-0.0024375
1.276301e-006	-0.0024375
1.276801e-006	-0.002125
1.277301e-006	-0.002125
1.277801e-006	-0.0024375
1.278301e-006	-0.0030625
1.278801e-006	-0.0036875
1.279301e-006	-0.004
1.279801e-006	-0.0036875
1.280301e-006	-0.0030625
1.280801e-006	-0.004
1.281301e-006	-0.004
1.281801e-006	-0.0036875
1.282301e-006	-0.0030625
1.282801e-006	-0.002125
1.283301e-006	-0.0018125
1.283801e-006	-0.002125
1.284301e-006	-0.0018125
1.284801e-006	-0.0018125
1.285301e-006	-0.0015
1.285801e-006	-0.0015
1.286301e-006	-0.0015
1.286801e-006	-0.002125
1.287301e-006	-0.0030625
1.287801e-006	-0.00275
1.288301e-006	-0.0030625
1.288801e-006	-0.003375
1.289301e-006	-0.0030625
1.289801e-006	-0.0036875
1.290301e-006	-0.003375
1.290801e-006	-0.0030625
1.291301e-006	-0.0036875
1.291801e-006	-0.003375
1.292301e-006	-0.0030625
1.292801e-006	-0.003375
1.293301e-006	-0.0024375
1.293801e-006	-0.0015
1.294301e-006	-0.0015
1.294801e-006	-0.002125
1.295301e-006	-0.00275
1.295801e-006	-0.0018125
1.296301e-006	-0.0015
1.296801e-006	-0.0015
1.297301e-006	-0.0015
1.297801e-006	-0.0024375
1.298301e-006	-0.00275
1.298801e-006	-0.00275
1.299301e-006	-0.00275
1.299801e-006	-0.0030625
1.300301e-006	-0.00275
1.300801e-006	-0.0030625
1.301301e-006	-0.00275
1.301801e-006	-0.0024375
1.302301e-006	-0.00275
1.302801e-006	-0.003375
1.303301e-006	-0.003375
1.303801e-006	-0.0030625
1.304301e-006	-0.002125
1.304801e-006	-0.0018125
1.305301e-006	-0.002125
1.305801e-006	-0.0024375
1.306301e-006	-0.002125
1.306801e-006	-0.0018125
1.307301e-006	-0.0024375
1.307801e-006	-0.002125
1.308301e-006	-0.0024375
1.308801e-006	-0.00275
1.309301e-006	-0.002125
1.309801e-006	-0.002125
1.310301e-006	-0.0024375
1.310801e-006	-0.00275
1.311301e-006	-0.003375
1.311801e-006	-0.0030625
1.312301e-006	-0.0036875
1.312801e-006	-0.0036875
1.313301e-006	-0.00275
1.313801e-006	-0.0024375
1.314301e-006	-0.0030625
1.314801e-006	-0.0036875
1.315301e-006	-0.0024375
1.315801e-006	-0.002125
1.316301e-006	-0.0030625
1.316801e-006	-0.0024375
1.317301e-006	-0.0024375
1.317801e-006	-0.0024375
1.318301e-006	-0.0018125
1.318801e-006	-0.0011875
1.319301e-006	-0.0005625
1.319801e-006	-0.0011875
1.320301e-006	-0.002125
1.320801e-006	-0.0024375
1.321301e-006	-0.002125
1.321801e-006	-0.0015
1.322301e-006	-0.002125
1.322801e-006	-0.002125
1.323301e-006	-0.0030625
1.323801e-006	-0.0036875
1.324301e-006	-0.0036875
1.324801e-006	-0.0036875
1.325301e-006	-0.003375
1.325801e-006	-0.0030625
1.326301e-006	-0.0030625
1.326801e-006	-0.0024375
1.327301e-006	-0.0024375
1.327801e-006	-0.0018125
1.328301e-006	-0.0015
1.328801e-006	-0.0018125
1.329301e-006	-0.0011875
1.329801e-006	-0.0011875
1.330301e-006	-0.0005625
1.330801e-006	-0.0011875
1.331301e-006	-0.0018125
1.331801e-006	-0.0015
1.332301e-006	-0.002125
1.332801e-006	-0.002125
1.333301e-006	-0.0024375
1.333801e-006	-0.0030625
1.334301e-006	-0.003375
1.334801e-006	-0.004625
1.335301e-006	-0.004625
1.335801e-006	-0.0043125
1.336301e-006	-0.0036875
1.336801e-006	-0.0024375
1.337301e-006	-0.0024375
1.337801e-006	-0.0011875
1.338301e-006	-0.0018125
1.338801e-006	-0.0011875
1.339301e-006	-0.000875
1.339801e-006	-0.000875
1.340301e-006	-0.0005625
1.340801e-006	-0.0011875
1.341301e-006	-0.0018125
1.341801e-006	-0.002125
1.342301e-006	-0.0024375
1.342801e-006	-0.0024375
1.343301e-006	-0.004
1.343801e-006	-0.0036875
1.344301e-006	-0.0036875
1.344801e-006	-0.0043125
1.345301e-006	-0.0036875
1.345801e-006	-0.0036875
1.346301e-006	-0.00275
1.346801e-006	-0.00275
1.347301e-006	-0.0030625
1.347801e-006	-0.0018125
1.348301e-006	-0.0018125
1.348801e-006	-0.0015
1.349301e-006	-0.002125
1.349801e-006	-0.0018125
1.350301e-006	-0.000875
1.350801e-006	-0.002125
1.351301e-006	-0.0024375
1.351801e-006	-0.002125
1.352301e-006	-0.00275
1.352801e-006	-0.0030625
1.353301e-006	-0.003375
1.353801e-006	-0.003375
1.354301e-006	-0.003375
1.354801e-006	-0.0036875
1.355301e-006	-0.003375
1.355801e-006	-0.004
1.356301e-006	-0.0030625
1.356801e-006	-0.00275
1.357301e-006	-0.002125
1.357801e-006	-0.0011875
1.358301e-006	-0.0018125
1.358801e-006	-0.0011875
1.359301e-006	-0.0015
1.359801e-006	-0.0011875
1.360301e-006	-0.0011875
1.360801e-006	-0.002125
1.361301e-006	-0.0024375
1.361801e-006	-0.0024375
1.362301e-006	-0.0030625
1.362801e-006	-0.003375
1.363301e-006	-0.0036875
1.363801e-006	-0.0036875
1.364301e-006	-0.0036875
1.364801e-006	-0.0030625
1.365301e-006	-0.003375
1.365801e-006	-0.0036875
1.366301e-006	-0.0030625
1.366801e-006	-0.00275
1.367301e-006	-0.002125
1.367801e-006	-0.0015
1.368301e-006	-0.0015
1.368801e-006	-0.0005625
1.369301e-006	-0.0015
1.369801e-006	-0.002125
1.370301e-006	-0.002125
1.370801e-006	-0.0024375
1.371301e-006	-0.003375
1.371801e-006	-0.004
1.372301e-006	-0.003375
1.372801e-006	-0.0036875
1.373301e-006	-0.003375
1.373801e-006	-0.003375
1.374301e-006	-0.0036875
1.374801e-006	-0.0030625
1.375301e-006	-0.002125
1.375801e-006	-0.00275
1.376301e-006	-0.0024375
1.376801e-006	-0.00275
1.377301e-006	-0.0011875
1.377801e-006	-0.0005625
1.378301e-006	-0.0011875
1.378801e-006	-0.0015
1.379301e-006	-0.0018125
1.379801e-006	-0.0018125
1.380301e-006	-0.00275
1.380801e-006	-0.003375
1.381301e-006	-0.00275
1.381801e-006	-0.004
1.382301e-006	-0.0043125
1.382801e-006	-0.003375
1.383301e-006	-0.0036875
1.383801e-006	-0.0036875
1.384301e-006	-0.003375
1.384801e-006	-0.0024375
1.385301e-006	-0.0024375
1.385801e-006	-0.0018125
1.386301e-006	-0.0018125
1.386801e-006	-0.0005625
1.387301e-006	-0.00025
1.387801e-006	-0.0005625
1.388301e-006	-0.000875
1.388801e-006	-0.0015
1.389301e-006	-0.0018125
1.389801e-006	-0.0015
1.390301e-006	-0.0024375
1.390801e-006	-0.003375
1.391301e-006	-0.0036875
1.391801e-006	-0.004
1.392301e-006	-0.004625
1.392801e-006	-0.004625
1.393301e-006	-0.0030625
1.393801e-006	-0.003375
1.394301e-006	-0.003375
1.394801e-006	-0.0024375
1.395301e-006	-0.0018125
1.395801e-006	-0.0018125
1.396301e-006	-0.0015
1.396801e-006	-0.0005625
1.397301e-006	0.0006875
1.397801e-006	-0.00025
1.398301e-006	-0.0011875
1.398801e-006	-0.0011875
1.399301e-006	-0.0015
1.399801e-006	-0.002125
1.400301e-006	-0.0024375
1.400801e-006	-0.0030625
1.401301e-006	-0.004
1.401801e-006	-0.004625
1.402301e-006	-0.004625
1.402801e-006	-0.004
1.403301e-006	-0.004
1.403801e-006	-0.0036875
1.404301e-006	-0.00275
1.404801e-006	-0.0011875
1.405301e-006	-0.002125
1.405801e-006	-0.0011875
1.406301e-006	-0.0005625
1.406801e-006	6.25e-005
1.407301e-006	-0.0015
1.407801e-006	-0.000875
1.408301e-006	6.25e-005
1.408801e-006	-0.0005625
1.409301e-006	-0.0024375
1.409801e-006	-0.0030625
1.410301e-006	-0.0030625
1.410801e-006	-0.004
1.411301e-006	-0.0036875
1.411801e-006	-0.003375
1.412301e-006	-0.0043125
1.412801e-006	-0.00525
1.413301e-006	-0.0043125
1.413801e-006	-0.0030625
1.414301e-006	-0.0018125
1.414801e-006	-0.0024375
1.415301e-006	-0.002125
1.415801e-006	-0.0011875
1.416301e-006	-0.000875
1.416801e-006	-0.0005625
1.417301e-006	-0.000875
1.417801e-006	-0.0011875
1.418301e-006	-0.0011875
1.418801e-006	-0.0011875
1.419301e-006	-0.0018125
1.419801e-006	-0.00275
1.420301e-006	-0.0030625
1.420801e-006	-0.003375
1.421301e-006	-0.0036875
1.421801e-006	-0.004
1.422301e-006	-0.0043125
1.422801e-006	-0.0036875
1.423301e-006	-0.0030625
1.423801e-006	-0.0036875
1.424301e-006	-0.00275
1.424801e-006	-0.0018125
1.425301e-006	-0.0011875
1.425801e-006	-0.0005625
1.426301e-006	-0.0005625
1.426801e-006	-0.00025
1.427301e-006	-0.0005625
1.427801e-006	-0.000875
1.428301e-006	-0.0018125
1.428801e-006	-0.0018125
1.429301e-006	-0.0024375
1.429801e-006	-0.0030625
1.430301e-006	-0.003375
1.430801e-006	-0.0030625
1.431301e-006	-0.0030625
1.431801e-006	-0.0030625
1.432301e-006	-0.003375
1.432801e-006	-0.003375
1.433301e-006	-0.0024375
1.433801e-006	-0.00275
1.434301e-006	-0.0018125
1.434801e-006	-0.0018125
1.435301e-006	-0.0018125
1.435801e-006	-0.0011875
1.436301e-006	-0.000875
1.436801e-006	-0.000875
1.437301e-006	-0.0011875
1.437801e-006	-0.000875
1.438301e-006	-0.002125
1.438801e-006	-0.00275
1.439301e-006	-0.0024375
1.439801e-006	-0.00275
1.440301e-006	-0.00275
1.440801e-006	-0.00275
1.441301e-006	-0.0030625
1.441801e-006	-0.00275
1.442301e-006	-0.00275
1.442801e-006	-0.00275
1.443301e-006	-0.00275
1.443801e-006	-0.0024375
1.444301e-006	-0.0018125
1.444801e-006	-0.0011875
1.445301e-006	-0.0011875
1.445801e-006	-0.0011875
1.446301e-006	-0.0011875
1.446801e-006	-0.0005625
1.447301e-006	-0.0015
1.447801e-006	-0.0011875
1.448301e-006	-0.0024375
1.448801e-006	-0.00275
1.449301e-006	-0.00275
1.449801e-006	-0.0024375
1.450301e-006	-0.00275
1.450801e-006	-0.00275
1.451301e-006	-0.0024375
1.451801e-006	-0.0024375
1.452301e-006	-0.003375
1.452801e-006	-0.00275
1.453301e-006	-0.0018125
1.453801e-006	-0.0015
1.454301e-006	-0.0018125
1.454801e-006	-0.0011875
1.455301e-006	-0.0011875
1.455801e-006	-0.000875
1.456301e-006	-0.0005625
1.456801e-006	-0.0011875
1.457301e-006	-0.0015
1.457801e-006	-0.0018125
1.458301e-006	-0.002125
1.458801e-006	-0.0024375
1.459301e-006	-0.0024375
1.459801e-006	-0.0030625
1.460301e-006	-0.00275
1.460801e-006	-0.00275
1.461301e-006	-0.0030625
1.461801e-006	-0.0030625
1.462301e-006	-0.0024375
1.462801e-006	-0.0024375
1.463301e-006	-0.0024375
1.463801e-006	-0.0018125
1.464301e-006	-0.002125
1.464801e-006	-0.0011875
1.465301e-006	-0.0015
1.465801e-006	-0.000875
1.466301e-006	-0.0005625
1.466801e-006	-0.0011875
1.467301e-006	-0.0024375
1.467801e-006	-0.002125
1.468301e-006	-0.0018125
1.468801e-006	-0.002125
1.469301e-006	-0.0024375
1.469801e-006	-0.00275
1.470301e-006	-0.0030625
1.470801e-006	-0.0024375
1.471301e-006	-0.0024375
1.471801e-006	-0.0030625
1.472301e-006	-0.00275
1.472801e-006	-0.0015
1.473301e-006	-0.0011875
1.473801e-006	-0.0018125
1.474301e-006	-0.0018125
1.474801e-006	-0.0015
1.475301e-006	-0.0018125
1.475801e-006	-0.0018125
1.476301e-006	-0.0011875
1.476801e-006	-0.0011875
1.477301e-006	-0.0018125
1.477801e-006	-0.002125
1.478301e-006	-0.0015
1.478801e-006	-0.0018125
1.479301e-006	-0.002125
1.479801e-006	-0.0024375
1.480301e-006	-0.00275
1.480801e-006	-0.0015
1.481301e-006	-0.0011875
1.481801e-006	-0.002125
1.482301e-006	-0.0024375
1.482801e-006	-0.0024375
1.483301e-006	-0.0015
1.483801e-006	-0.0015
1.484301e-006	-0.002125
1.484801e-006	-0.002125
1.485301e-006	-0.0018125
1.485801e-006	-0.000875
1.486301e-006	-0.0011875
1.486801e-006	-0.0015
1.487301e-006	-0.0011875
1.487801e-006	-0.0015
1.488301e-006	-0.0018125
1.488801e-006	-0.0011875
1.489301e-006	-0.0024375
1.489801e-006	-0.00275
1.490301e-006	-0.00275
1.490801e-006	-0.0018125
1.491301e-006	-0.0024375
1.491801e-006	-0.0024375
1.492301e-006	-0.002125
1.492801e-006	-0.0018125
1.493301e-006	-0.0018125
1.493801e-006	-0.002125
1.494301e-006	-0.0030625
1.494801e-006	-0.002125
1.495301e-006	-0.000875
1.495801e-006	-0.0015
1.496301e-006	-0.0018125
1.496801e-006	-0.002125
1.497301e-006	-0.0024375
1.497801e-006	-0.0011875
1.498301e-006	-0.000875
1.498801e-006	-0.002125
1.499301e-006	-0.0015
1.499801e-006	-0.0018125
1.500301e-006	-0.002125
1.500801e-006	-0.002125
1.501301e-006	-0.0015
1.501801e-006	-0.0011875
1.502301e-006	-0.002125
1.502801e-006	-0.002125
1.503301e-006	-0.0018125
1.503801e-006	-0.0018125
1.504301e-006	-0.002125
1.504801e-006	-0.002125
1.505301e-006	-0.002125
1.505801e-006	-0.0018125
1.506301e-006	-0.0015
1.506801e-006	-0.0011875
1.507301e-006	-0.0018125
1.507801e-006	-0.0018125
1.508301e-006	-0.0018125
1.508801e-006	-0.002125
1.509301e-006	-0.0015
1.509801e-006	-0.0011875
1.510301e-006	-0.0015
1.510801e-006	-0.0015
1.511301e-006	-0.0024375
1.511801e-006	-0.0018125
1.512301e-006	-0.0011875
1.512801e-006	-0.0015
1.513301e-006	-0.0024375
1.513801e-006	-0.0015
1.514301e-006	-0.0018125
1.514801e-006	-0.002125
1.515301e-006	-0.0015
1.515801e-006	-0.0018125
1.516301e-006	-0.0018125
1.516801e-006	-0.0015
1.517301e-006	-0.0018125
1.517801e-006	-0.0018125
1.518301e-006	-0.002125
1.518801e-006	-0.0015
1.519301e-006	-0.0011875
1.519801e-006	-0.0015
1.520301e-006	-0.0011875
1.520801e-006	-0.0011875
1.521301e-006	-0.002125
1.521801e-006	-0.002125
1.522301e-006	-0.002125
1.522801e-006	-0.00275
1.523301e-006	-0.0024375
1.523801e-006	-0.00275
1.524301e-006	-0.002125
1.524801e-006	-0.0018125
1.525301e-006	-0.0018125
1.525801e-006	-0.0018125
1.526301e-006	-0.0015
1.526801e-006	-0.0011875
1.527301e-006	-0.0015
1.527801e-006	-0.000875
1.528301e-006	-0.0011875
1.528801e-006	-0.0011875
1.529301e-006	-0.0011875
1.529801e-006	-0.000875
1.530301e-006	-0.000875
1.530801e-006	-0.0015
1.531301e-006	-0.0024375
1.531801e-006	-0.0018125
1.532301e-006	-0.002125
1.532801e-006	-0.0024375
1.533301e-006	-0.0024375
1.533801e-006	-0.002125
1.534301e-006	-0.0018125
1.534801e-006	-0.002125
1.535301e-006	-0.0015
1.535801e-006	-0.0011875
1.536301e-006	-0.0015
1.536801e-006	-0.0015
1.537301e-006	-0.0015
1.537801e-006	-0.000875
1.538301e-006	-0.000875
1.538801e-006	-0.0011875
1.539301e-006	-0.000875
1.539801e-006	-0.0018125
1.540301e-006	-0.002125
1.540801e-006	-0.0018125
1.541301e-006	-0.0015
1.541801e-006	-0.0018125
1.542301e-006	-0.00275
1.542801e-006	-0.0024375
1.543301e-006	-0.002125
1.543801e-006	-0.002125
1.544301e-006	-0.0024375
1.544801e-006	-0.0030625
1.545301e-006	-0.0018125
1.545801e-006	-0.0011875
1.546301e-006	-0.0015
1.546801e-006	-0.0011875
1.547301e-006	-0.000875
1.547801e-006	6.25e-005
1.548301e-006	-0.000875
1.548801e-006	-0.0011875
1.549301e-006	-0.0005625
1.549801e-006	-0.0005625
1.550301e-006	-0.0011875
1.550801e-006	-0.002125
1.551301e-006	-0.00275
1.551801e-006	-0.0018125
1.552301e-006	-0.00275
1.552801e-006	-0.00275
1.553301e-006	-0.00275
1.553801e-006	-0.0030625
1.554301e-006	-0.00275
1.554801e-006	-0.0024375
1.555301e-006	-0.0018125
1.555801e-006	-0.0018125
1.556301e-006	-0.0018125
1.556801e-006	-0.0005625
1.557301e-006	-0.000875
1.557801e-006	-0.000875
1.558301e-006	6.25e-005
1.558801e-006	6.25e-005
1.559301e-006	0.000375
1.559801e-006	-0.0005625
1.560301e-006	-0.0011875
1.560801e-006	-0.0015
1.561301e-006	-0.0018125
1.561801e-006	-0.0024375
1.562301e-006	-0.00275
1.562801e-006	-0.0030625
1.563301e-006	-0.0030625
1.563801e-006	-0.00275
1.564301e-006	-0.0030625
1.564801e-006	-0.00275
1.565301e-006	-0.002125
1.565801e-006	-0.0015
1.566301e-006	-0.0011875
1.566801e-006	-0.000875
1.567301e-006	-0.00025
1.567801e-006	-0.00025
1.568301e-006	-0.0005625
1.568801e-006	6.25e-005
1.569301e-006	6.25e-005
1.569801e-006	-0.0005625
1.570301e-006	-0.0005625
1.570801e-006	-0.0011875
1.571301e-006	-0.0015
1.571801e-006	-0.002125
1.572301e-006	-0.003375
1.572801e-006	-0.003375
1.573301e-006	-0.00275
1.573801e-006	-0.00275
1.574301e-006	-0.0036875
1.574801e-006	-0.0024375
1.575301e-006	-0.0015
1.575801e-006	-0.0018125
1.576301e-006	-0.0018125
1.576801e-006	-0.0011875
1.577301e-006	6.25e-005
1.577801e-006	6.25e-005
1.578301e-006	6.25e-005
1.578801e-006	6.25e-005
1.579301e-006	6.25e-005
1.579801e-006	6.25e-005
1.580301e-006	-0.0005625
1.580801e-006	-0.0011875
1.581301e-006	-0.0018125
1.581801e-006	-0.002125
1.582301e-006	-0.002125
1.582801e-006	-0.0030625
1.583301e-006	-0.00275
1.583801e-006	-0.0030625
1.584301e-006	-0.0030625
1.584801e-006	-0.0024375
1.585301e-006	-0.002125
1.585801e-006	-0.0015
1.586301e-006	-0.002125
1.586801e-006	-0.0015
1.587301e-006	-0.00025
1.587801e-006	-0.0005625
1.588301e-006	-0.00025
1.588801e-006	6.25e-005
1.589301e-006	-0.00025
1.589801e-006	-0.0011875
1.590301e-006	-0.0015
1.590801e-006	-0.0005625
1.591301e-006	-0.002125
1.591801e-006	-0.0030625
1.592301e-006	-0.0024375
1.592801e-006	-0.0024375
1.593301e-006	-0.002125
1.593801e-006	-0.0030625
1.594301e-006	-0.00275
1.594801e-006	-0.002125
1.595301e-006	-0.002125
1.595801e-006	-0.000875
1.596301e-006	-0.000875
1.596801e-006	-0.000875
1.597301e-006	-0.0005625
1.597801e-006	-0.0005625
1.598301e-006	6.25e-005
1.598801e-006	-0.0005625
1.599301e-006	6.25e-005
1.599801e-006	-0.0005625
1.600301e-006	-0.0018125
1.600801e-006	-0.0015
1.601301e-006	-0.0018125
1.601801e-006	-0.00275
1.602301e-006	-0.00275
1.602801e-006	-0.0030625
1.603301e-006	-0.00275
1.603801e-006	-0.0024375
1.604301e-006	-0.002125
1.604801e-006	-0.0015
1.605301e-006	-0.0018125
1.605801e-006	-0.000875
1.606301e-006	-0.000875
1.606801e-006	-0.00025
1.607301e-006	-0.00025
1.607801e-006	-0.000875
1.608301e-006	-0.0005625
1.608801e-006	-0.0005625
1.609301e-006	-0.0011875
1.609801e-006	-0.0015
1.610301e-006	-0.002125
1.610801e-006	-0.0011875
1.611301e-006	-0.0015
1.611801e-006	-0.0024375
1.612301e-006	-0.0024375
1.612801e-006	-0.002125
1.613301e-006	-0.0018125
1.613801e-006	-0.0024375
1.614301e-006	-0.002125
1.614801e-006	-0.0011875
1.615301e-006	-0.000875
1.615801e-006	-0.0005625
1.616301e-006	-0.0011875
1.616801e-006	-0.0005625
1.617301e-006	6.25e-005
1.617801e-006	-0.0005625
1.618301e-006	-0.000875
1.618801e-006	-0.000875
1.619301e-006	-0.0011875
1.619801e-006	-0.0011875
1.620301e-006	-0.002125
1.620801e-006	-0.002125
1.621301e-006	-0.0024375
1.621801e-006	-0.0030625
1.622301e-006	-0.002125
1.622801e-006	-0.0024375
1.623301e-006	-0.0018125
1.623801e-006	-0.0018125
1.624301e-006	-0.0018125
1.624801e-006	-0.000875
1.625301e-006	-0.0005625
1.625801e-006	-0.00025
1.626301e-006	6.25e-005
1.626801e-006	6.25e-005
1.627301e-006	-0.00025
1.627801e-006	-0.0005625
1.628301e-006	-0.000875
1.628801e-006	-0.0011875
1.629301e-006	-0.0015
1.629801e-006	-0.0015
1.630301e-006	-0.0024375
1.630801e-006	-0.0030625
1.631301e-006	-0.00275
1.631801e-006	-0.00275
1.632301e-006	-0.0024375
1.632801e-006	-0.002125
1.633301e-006	-0.0018125
1.633801e-006	-0.0011875
1.634301e-006	-0.0011875
1.634801e-006	-0.0005625
1.635301e-006	-0.0005625
1.635801e-006	6.25e-005
1.636301e-006	-0.00025
1.636801e-006	-0.00025
1.637301e-006	-0.0005625
1.637801e-006	-0.00025
1.638301e-006	-0.00025
1.638801e-006	-0.0011875
1.639301e-006	-0.0015
1.639801e-006	-0.0018125
1.640301e-006	-0.00275
1.640801e-006	-0.0024375
1.641301e-006	-0.00275
1.641801e-006	-0.0030625
1.642301e-006	-0.002125
1.642801e-006	-0.0024375
1.643301e-006	-0.0015
1.643801e-006	-0.0015
1.644301e-006	-0.0011875
1.644801e-006	-0.0011875
1.645301e-006	-0.0011875
1.645801e-006	-0.0005625
1.646301e-006	-0.00025
1.646801e-006	0.000375
1.647301e-006	0.000375
1.647801e-006	6.25e-005
1.648301e-006	-0.00025
1.648801e-006	-0.0011875
1.649301e-006	-0.0015
1.649801e-006	-0.0011875
1.650301e-006	-0.002125
1.650801e-006	-0.0024375
1.651301e-006	-0.003375
1.651801e-006	-0.002125
1.652301e-006	-0.0018125
1.652801e-006	-0.0011875
1.653301e-006	-0.000875
1.653801e-006	-0.0018125
1.654301e-006	-0.0018125
1.654801e-006	-0.000875
1.655301e-006	-0.0015
1.655801e-006	-0.0005625
1.656301e-006	-0.0005625
1.656801e-006	6.25e-005
1.657301e-006	-0.00025
1.657801e-006	-0.0011875
1.658301e-006	-0.0018125
1.658801e-006	-0.0005625
1.659301e-006	6.25e-005
1.659801e-006	-0.0024375
1.660301e-006	-0.0024375
1.660801e-006	-0.000875
1.661301e-006	-0.0015
1.661801e-006	-0.0015
1.662301e-006	-0.0018125
1.662801e-006	-0.0011875
1.663301e-006	-0.000875
1.663801e-006	-0.000875
1.664301e-006	-0.0005625
1.664801e-006	-0.000875
1.665301e-006	-0.0011875
1.665801e-006	-0.0015
1.666301e-006	-0.0015
1.666801e-006	-0.000875
1.667301e-006	-0.0011875
1.667801e-006	-0.000875
1.668301e-006	-0.0011875
1.668801e-006	-0.0011875
1.669301e-006	-0.000875
1.669801e-006	-0.0011875
1.670301e-006	-0.0011875
1.670801e-006	-0.0011875
1.671301e-006	-0.0011875
1.671801e-006	-0.0005625
1.672301e-006	-0.000875
1.672801e-006	-0.0005625
1.673301e-006	-0.0011875
1.673801e-006	-0.0005625
1.674301e-006	-0.0005625
1.674801e-006	-0.000875
1.675301e-006	-0.0011875
1.675801e-006	-0.0011875
1.676301e-006	-0.0018125
1.676801e-006	-0.0015
1.677301e-006	-0.0018125
1.677801e-006	-0.0011875
1.678301e-006	-0.0018125
1.678801e-006	-0.002125
1.679301e-006	-0.002125
1.679801e-006	-0.000875
1.680301e-006	6.25e-005
1.680801e-006	-0.00025
1.681301e-006	-0.0005625
1.681801e-006	-0.0005625
1.682301e-006	6.25e-005
1.682801e-006	-0.00025
1.683301e-006	-0.0005625
1.683801e-006	-0.0015
1.684301e-006	-0.000875
1.684801e-006	-0.0005625
1.685301e-006	-0.0011875
1.685801e-006	-0.0018125
1.686301e-006	-0.0011875
1.686801e-006	-0.0015
1.687301e-006	-0.002125
1.687801e-006	-0.0024375
1.688301e-006	-0.002125
1.688801e-006	-0.0011875
1.689301e-006	-0.0018125
1.689801e-006	-0.0011875
1.690301e-006	-0.0005625
1.690801e-006	-0.000875
1.691301e-006	6.25e-005
1.691801e-006	0.000375
1.692301e-006	6.25e-005
1.692801e-006	6.25e-005
1.693301e-006	-0.0005625
1.693801e-006	-0.0005625
1.694301e-006	6.25e-005
1.694801e-006	6.25e-005
1.695301e-006	-0.0018125
1.695801e-006	-0.002125
1.696301e-006	-0.0018125
1.696801e-006	-0.0011875
1.697301e-006	-0.0018125
1.697801e-006	-0.0018125
1.698301e-006	-0.0018125
1.698801e-006	-0.0018125
1.699301e-006	-0.0018125
1.699801e-006	-0.000875
1.700301e-006	-0.0011875
1.700801e-006	-0.0005625
1.701301e-006	-0.00025
1.701801e-006	-0.0005625
1.702301e-006	0.000375
1.702801e-006	0.0006875
1.703301e-006	0.000375
1.703801e-006	6.25e-005
1.704301e-006	6.25e-005
1.704801e-006	-0.0005625
1.705301e-006	-0.0011875
1.705801e-006	-0.0015
1.706301e-006	-0.0011875
1.706801e-006	-0.0011875
1.707301e-006	-0.0015
1.707801e-006	-0.002125
1.708301e-006	-0.002125
1.708801e-006	-0.0018125
1.709301e-006	-0.0018125
1.709801e-006	-0.0011875
1.710301e-006	-0.0011875
1.710801e-006	-0.0005625
1.711301e-006	-0.0005625
1.711801e-006	6.25e-005
1.712301e-006	6.25e-005
1.712801e-006	-0.00025
1.713301e-006	-0.00025
1.713801e-006	6.25e-005
1.714301e-006	-0.0005625
1.714801e-006	-0.000875
1.715301e-006	-0.0011875
1.715801e-006	-0.0005625
1.716301e-006	-0.0011875
1.716801e-006	-0.0011875
1.717301e-006	-0.0015
1.717801e-006	-0.0015
1.718301e-006	-0.0015
1.718801e-006	-0.0011875
1.719301e-006	-0.0015
1.719801e-006	-0.000875
1.720301e-006	-0.000875
1.720801e-006	-0.0011875
1.721301e-006	-0.0011875
1.721801e-006	-0.0005625
1.722301e-006	-0.0005625
1.722801e-006	-0.0011875
1.723301e-006	-0.0005625
1.723801e-006	-0.0005625
1.724301e-006	-0.0005625
1.724801e-006	6.25e-005
1.725301e-006	6.25e-005
1.725801e-006	-0.000875
1.726301e-006	-0.0011875
1.726801e-006	-0.000875
1.727301e-006	-0.000875
1.727801e-006	-0.0011875
1.728301e-006	-0.00025
1.728801e-006	-0.0011875
1.729301e-006	-0.0015
1.729801e-006	-0.000875
1.730301e-006	-0.000875
1.730801e-006	-0.0011875
1.731301e-006	-0.0018125
1.731801e-006	-0.000875
1.732301e-006	-0.000875
1.732801e-006	-0.0011875
1.733301e-006	-0.000875
1.733801e-006	-0.0011875
1.734301e-006	-0.0018125
1.734801e-006	-0.000875
1.735301e-006	-0.0005625
1.735801e-006	-0.0005625
1.736301e-006	-0.000875
1.736801e-006	-0.0005625
1.737301e-006	-0.0005625
1.737801e-006	-0.0005625
1.738301e-006	-0.00025
1.738801e-006	-0.0005625
1.739301e-006	-0.000875
1.739801e-006	-0.000875
1.740301e-006	-0.0011875
1.740801e-006	-0.000875
1.741301e-006	-0.0011875
1.741801e-006	-0.000875
1.742301e-006	-0.0015
1.742801e-006	-0.0015
1.743301e-006	-0.0005625
1.743801e-006	-0.0011875
1.744301e-006	-0.0015
1.744801e-006	-0.0011875
1.745301e-006	-0.000875
1.745801e-006	-0.0005625
1.746301e-006	-0.00025
1.746801e-006	-0.00025
1.747301e-006	-0.0005625
1.747801e-006	-0.000875
1.748301e-006	-0.00025
1.748801e-006	-0.00025
1.749301e-006	-0.000875
1.749801e-006	-0.0005625
1.750301e-006	-0.000875
1.750801e-006	-0.0005625
1.751301e-006	-0.000875
1.751801e-006	-0.0011875
1.752301e-006	-0.0011875
1.752801e-006	-0.0011875
1.753301e-006	-0.000875
1.753801e-006	-0.0015
1.754301e-006	-0.0011875
1.754801e-006	-0.000875
1.755301e-006	-0.0011875
1.755801e-006	-0.00025
1.756301e-006	-0.0005625
1.756801e-006	-0.0011875
1.757301e-006	-0.0011875
1.757801e-006	-0.0005625
1.758301e-006	-0.00025
1.758801e-006	-0.0005625
1.759301e-006	-0.0005625
1.759801e-006	-0.000875
1.760301e-006	-0.000875
1.760801e-006	-0.0005625
1.761301e-006	-0.000875
1.761801e-006	-0.0005625
1.762301e-006	-0.000875
1.762801e-006	-0.0011875
1.763301e-006	-0.0018125
1.763801e-006	-0.0018125
1.764301e-006	-0.0005625
1.764801e-006	-0.0005625
1.765301e-006	-0.0011875
1.765801e-006	-0.0011875
1.766301e-006	-0.0011875
1.766801e-006	-0.0005625
1.767301e-006	-0.0005625
1.767801e-006	-0.0005625
1.768301e-006	6.25e-005
1.768801e-006	-0.0005625
1.769301e-006	-0.000875
1.769801e-006	-0.000875
1.770301e-006	-0.0011875
1.770801e-006	-0.00025
1.771301e-006	-0.0005625
1.771801e-006	-0.000875
1.772301e-006	-0.000875
1.772801e-006	-0.0005625
1.773301e-006	-0.0005625
1.773801e-006	-0.0011875
1.774301e-006	-0.00025
1.774801e-006	-0.00025
1.775301e-006	-0.000875
1.775801e-006	-0.00025
1.776301e-006	-0.0005625
1.776801e-006	-0.000875
1.777301e-006	-0.000875
1.777801e-006	-0.0005625
1.778301e-006	-0.0011875
1.778801e-006	-0.0011875
1.779301e-006	-0.000875
1.779801e-006	-0.0011875
1.780301e-006	-0.0011875
1.780801e-006	-0.000875
1.781301e-006	-0.000875
1.781801e-006	6.25e-005
1.782301e-006	-0.0005625
1.782801e-006	6.25e-005
1.783301e-006	-0.0005625
1.783801e-006	-0.0005625
1.784301e-006	-0.00025
1.784801e-006	0.000375
1.785301e-006	6.25e-005
1.785801e-006	-0.00025
1.786301e-006	-0.000875
1.786801e-006	-0.000875
1.787301e-006	-0.0011875
1.787801e-006	-0.000875
1.788301e-006	-0.0015
