LECROYWS454	16215	Waveform
Segments	1	SegmentSize	4002
Segment	TrigTime	TimeSinceSegment1
#1	02-May-2024 19:31:41	0                 
Time	Ampl
-2.12019e-007	0.000375
-2.11519e-007	0.000375
-2.11019e-007	0.0006875
-2.10519e-007	0.001
-2.10019e-007	0.001
-2.09519e-007	0.0006875
-2.09019e-007	0.001
-2.08519e-007	0.0006875
-2.08019e-007	0.000375
-2.07519e-007	-0.000875
-2.07019e-007	-0.0011875
-2.06519e-007	-0.00025
-2.06019e-007	-0.0005625
-2.05519e-007	-0.0018125
-2.05019e-007	-0.0024375
-2.04519e-007	-0.0015
-2.04019e-007	-0.0011875
-2.03519e-007	-0.0005625
-2.03019e-007	-0.00025
-2.02519e-007	0.0006875
-2.02019e-007	0.0013125
-2.01519e-007	0.001
-2.01019e-007	0.000375
-2.00519e-007	0.0013125
-2.00019e-007	0.0013125
-1.99519e-007	0.001625
-1.99019e-007	0.0006875
-1.98519e-007	0.001
-1.98019e-007	0.001625
-1.97519e-007	0.000375
-1.97019e-007	-0.00025
-1.96519e-007	-0.000875
-1.96019e-007	-0.0011875
-1.95519e-007	-0.0015
-1.95019e-007	-0.0018125
-1.94519e-007	-0.0015
-1.94019e-007	-0.0015
-1.93519e-007	-0.002125
-1.93019e-007	-0.0015
-1.92519e-007	-0.00025
-1.92019e-007	0.0006875
-1.91519e-007	6.25e-005
-1.91019e-007	0.001
-1.90519e-007	0.0019375
-1.90019e-007	0.0013125
-1.89519e-007	0.0013125
-1.89019e-007	0.001625
-1.88519e-007	0.0013125
-1.88019e-007	0.0006875
-1.87519e-007	0.000375
-1.87019e-007	6.25e-005
-1.86519e-007	-0.0005625
-1.86019e-007	-0.0011875
-1.85519e-007	-0.0011875
-1.85019e-007	-0.0011875
-1.84519e-007	-0.0015
-1.84019e-007	-0.0018125
-1.83519e-007	-0.0011875
-1.83019e-007	-0.0005625
-1.82519e-007	-0.0005625
-1.82019e-007	-0.00025
-1.81519e-007	6.25e-005
-1.81019e-007	0.000375
-1.80519e-007	0.0006875
-1.80019e-007	0.0013125
-1.79519e-007	0.0019375
-1.79019e-007	0.001625
-1.78519e-007	0.001
-1.78019e-007	0.001
-1.77519e-007	0.0006875
-1.77019e-007	6.25e-005
-1.76519e-007	-0.0005625
-1.76019e-007	-0.0011875
-1.75519e-007	-0.0011875
-1.75019e-007	-0.0018125
-1.74519e-007	-0.0011875
-1.74019e-007	-0.000875
-1.73519e-007	-0.000875
-1.73019e-007	-0.0005625
-1.72519e-007	-0.0005625
-1.72019e-007	6.25e-005
-1.71519e-007	0.000375
-1.71019e-007	0.000375
-1.70519e-007	0.000375
-1.70019e-007	0.0006875
-1.69519e-007	0.0013125
-1.69019e-007	0.0013125
-1.68519e-007	0.0006875
-1.68019e-007	0.000375
-1.67519e-007	-0.00025
-1.67019e-007	-0.0005625
-1.66519e-007	-0.000875
-1.66019e-007	-0.0005625
-1.65519e-007	-0.00025
-1.65019e-007	-0.0005625
-1.64519e-007	-0.0011875
-1.64019e-007	-0.0011875
-1.63519e-007	-0.0005625
-1.63019e-007	-0.00025
-1.62519e-007	-0.00025
-1.62019e-007	0.0006875
-1.61519e-007	0.000375
-1.61019e-007	0.000375
-1.60519e-007	0.001
-1.60019e-007	6.25e-005
-1.59519e-007	0.000375
-1.59019e-007	0.000375
-1.58519e-007	0.0006875
-1.58019e-007	6.25e-005
-1.57519e-007	6.25e-005
-1.57019e-007	6.25e-005
-1.56519e-007	-0.00025
-1.56019e-007	-0.0011875
-1.55519e-007	-0.000875
-1.55019e-007	-0.0011875
-1.54519e-007	-0.0005625
-1.54019e-007	-0.0005625
-1.53519e-007	-0.00025
-1.53019e-007	-0.0005625
-1.52519e-007	6.25e-005
-1.52019e-007	0.0006875
-1.51519e-007	-0.00025
-1.51019e-007	-0.00025
-1.50519e-007	0.0006875
-1.50019e-007	-0.00025
-1.49519e-007	6.25e-005
-1.49019e-007	0.000375
-1.48519e-007	6.25e-005
-1.48019e-007	0.000375
-1.47519e-007	-0.000875
-1.47019e-007	-0.0005625
-1.46519e-007	-0.000875
-1.46019e-007	-0.0005625
-1.45519e-007	6.25e-005
-1.45019e-007	-0.00025
-1.44519e-007	6.25e-005
-1.44019e-007	0.000375
-1.43519e-007	-0.00025
-1.43019e-007	0.000375
-1.42519e-007	0.000375
-1.42019e-007	0.0013125
-1.41519e-007	0.000375
-1.41019e-007	0.000375
-1.40519e-007	0.001
-1.40019e-007	-0.0005625
-1.39519e-007	6.25e-005
-1.39019e-007	-0.0005625
-1.38519e-007	-0.00025
-1.38019e-007	-0.0005625
-1.37519e-007	-0.000875
-1.37019e-007	-0.000875
-1.36519e-007	-0.0011875
-1.36019e-007	6.25e-005
-1.35519e-007	0.000375
-1.35019e-007	-0.000875
-1.34519e-007	6.25e-005
-1.34019e-007	-0.0005625
-1.33519e-007	6.25e-005
-1.33019e-007	0.001
-1.32519e-007	0.0006875
-1.32019e-007	0.001625
-1.31519e-007	0.0006875
-1.31019e-007	6.25e-005
-1.30519e-007	-0.00025
-1.30019e-007	6.25e-005
-1.29519e-007	0.0006875
-1.29019e-007	-0.0005625
-1.28519e-007	-0.0005625
-1.28019e-007	-0.0011875
-1.27519e-007	-0.0011875
-1.27019e-007	-0.0005625
-1.26519e-007	-0.000875
-1.26019e-007	-0.0005625
-1.25519e-007	-0.0005625
-1.25019e-007	-0.000875
-1.24519e-007	6.25e-005
-1.24019e-007	0.0006875
-1.23519e-007	0.0006875
-1.23019e-007	0.000375
-1.22519e-007	0.000375
-1.22019e-007	0.0006875
-1.21519e-007	0.000375
-1.21019e-007	0.0013125
-1.20519e-007	0.001
-1.20019e-007	6.25e-005
-1.19519e-007	0.0006875
-1.19019e-007	-0.00025
-1.18519e-007	-0.00025
-1.18019e-007	-0.00025
-1.17519e-007	-0.0005625
-1.17019e-007	-0.0011875
-1.16519e-007	-0.0015
-1.16019e-007	-0.0005625
-1.15519e-007	6.25e-005
-1.15019e-007	-0.0005625
-1.14519e-007	-0.00025
-1.14019e-007	6.25e-005
-1.13519e-007	0.000375
-1.13019e-007	-0.00025
-1.12519e-007	0.0006875
-1.12019e-007	0.000375
-1.11519e-007	0.0006875
-1.11019e-007	0.0013125
-1.10519e-007	0.0006875
-1.10019e-007	0.0006875
-1.09519e-007	0.0006875
-1.09019e-007	6.25e-005
-1.08519e-007	6.25e-005
-1.08019e-007	6.25e-005
-1.07519e-007	0.000375
-1.07019e-007	-0.000875
-1.06519e-007	-0.0011875
-1.06019e-007	-0.000875
-1.05519e-007	-0.000875
-1.05019e-007	0.000375
-1.04519e-007	-0.0005625
-1.04019e-007	-0.000875
-1.03519e-007	-0.0005625
-1.03019e-007	-0.0005625
-1.02519e-007	-0.00025
-1.02019e-007	0.0013125
-1.01519e-007	0.001625
-1.01019e-007	0.001
-1.00519e-007	0.0006875
-1.00019e-007	0.0013125
-9.9519e-008	0.001
-9.9019e-008	0.001
-9.8519e-008	0.000375
-9.8019e-008	-0.00025
-9.7519e-008	-0.00025
-9.7019e-008	-0.000875
-9.6519e-008	-0.0005625
-9.6019e-008	-0.0005625
-9.5519e-008	-0.0005625
-9.5019e-008	-0.0005625
-9.4519e-008	-0.000875
-9.4019e-008	6.25e-005
-9.3519e-008	6.25e-005
-9.3019e-008	-0.000875
-9.2519e-008	-0.00025
-9.2019e-008	-0.00025
-9.1519e-008	0.001
-9.1019e-008	0.001
-9.0519e-008	0.000375
-9.0019e-008	0.0013125
-8.9519e-008	0.000375
-8.9019e-008	0.0006875
-8.8519e-008	6.25e-005
-8.8019e-008	-0.00025
-8.7519e-008	-0.00025
-8.7019e-008	6.25e-005
-8.6519e-008	-0.0005625
-8.6019e-008	-0.000875
-8.5519e-008	-0.000875
-8.5019e-008	-0.0005625
-8.4519e-008	-0.000875
-8.4019e-008	-0.0005625
-8.3519e-008	-0.000875
-8.3019e-008	-0.000875
-8.2519e-008	6.25e-005
-8.2019e-008	0.000375
-8.1519e-008	0.0013125
-8.1019e-008	0.0013125
-8.0519e-008	0.0013125
-8.0019e-008	0.0013125
-7.9519e-008	0.000375
-7.9019e-008	0.0006875
-7.8519e-008	0.000375
-7.8019e-008	0.0006875
-7.7519e-008	0.000375
-7.7019e-008	-0.0011875
-7.6519e-008	-0.000875
-7.6019e-008	-0.0011875
-7.5519e-008	-0.0015
-7.5019e-008	-0.0011875
-7.4519e-008	-0.0011875
-7.4019e-008	-0.0005625
-7.3519e-008	-0.0005625
-7.3019e-008	-0.00025
-7.2519e-008	6.25e-005
-7.2019e-008	0.000375
-7.1519e-008	0.000375
-7.1019e-008	0.0006875
-7.0519e-008	0.0006875
-7.0019e-008	0.001
-6.9519e-008	0.001
-6.9019e-008	0.000375
-6.8519e-008	6.25e-005
-6.8019e-008	0.0006875
-6.7519e-008	6.25e-005
-6.7019e-008	-0.0015
-6.6519e-008	-0.000875
-6.6019e-008	-0.00025
-6.5519e-008	-0.0015
-6.5019e-008	-0.0018125
-6.4519e-008	-0.000875
-6.4019e-008	-0.000875
-6.3519e-008	-0.0005625
-6.3019e-008	6.25e-005
-6.2519e-008	0.000375
-6.2019e-008	0.001
-6.1519e-008	0.0006875
-6.1019e-008	0.001
-6.0519e-008	0.0013125
-6.0019e-008	0.0019375
-5.9519e-008	0.0013125
-5.9019e-008	0.0013125
-5.8519e-008	0.0006875
-5.8019e-008	-0.00025
-5.7519e-008	-0.0005625
-5.7019e-008	-0.000875
-5.6519e-008	-0.0011875
-5.6019e-008	-0.0011875
-5.5519e-008	-0.0018125
-5.5019e-008	-0.0015
-5.4519e-008	-0.000875
-5.4019e-008	-0.0011875
-5.3519e-008	-0.0005625
-5.3019e-008	6.25e-005
-5.2519e-008	0.0006875
-5.2019e-008	0.001
-5.1519e-008	0.0013125
-5.1019e-008	0.001625
-5.0519e-008	0.001625
-5.0019e-008	0.001625
-4.9519e-008	0.0006875
-4.9019e-008	0.0006875
-4.8519e-008	0.0006875
-4.8019e-008	-0.00025
-4.7519e-008	-0.0005625
-4.7019e-008	-0.0015
-4.6519e-008	-0.0011875
-4.6019e-008	-0.0005625
-4.5519e-008	-0.0011875
-4.5019e-008	-0.0018125
-4.4519e-008	-0.0018125
-4.4019e-008	-0.0005625
-4.3519e-008	-0.0005625
-4.3019e-008	6.25e-005
-4.2519e-008	0.0006875
-4.2019e-008	0.0013125
-4.1519e-008	0.0013125
-4.1019e-008	0.0019375
-4.0519e-008	0.001625
-4.0019e-008	0.001625
-3.9519e-008	0.0006875
-3.9019e-008	0.001
-3.8519e-008	6.25e-005
-3.8019e-008	-0.00025
-3.7519e-008	-0.0005625
-3.7019e-008	-0.0018125
-3.6519e-008	-0.0005625
-3.6019e-008	-0.000875
-3.5519e-008	-0.000875
-3.5019e-008	-0.000875
-3.4519e-008	-0.0011875
-3.4019e-008	-0.0005625
-3.3519e-008	6.25e-005
-3.3019e-008	0.000375
-3.2519e-008	0.001
-3.2019e-008	0.001
-3.1519e-008	0.00225
-3.1019e-008	0.00225
-3.0519e-008	0.001
-3.0019e-008	6.25e-005
-2.9519e-008	0.000375
-2.9019e-008	0.001
-2.8519e-008	6.25e-005
-2.8019e-008	-0.0005625
-2.7519e-008	-0.0011875
-2.7019e-008	-0.0015
-2.6519e-008	-0.0011875
-2.6019e-008	-0.0011875
-2.5519e-008	-0.0005625
-2.5019e-008	-0.000875
-2.4519e-008	-0.000875
-2.4019e-008	0.0006875
-2.3519e-008	0.000375
-2.3019e-008	0.0013125
-2.2519e-008	0.0006875
-2.2019e-008	0.0006875
-2.1519e-008	0.0013125
-2.1019e-008	0.0006875
-2.0519e-008	0.0013125
-2.0019e-008	6.25e-005
-1.9519e-008	-0.0005625
-1.9019e-008	0.0006875
-1.8519e-008	6.25e-005
-1.8019e-008	6.25e-005
-1.7519e-008	-0.0015
-1.7019e-008	-0.0015
-1.6519e-008	-0.000875
-1.6019e-008	-0.0011875
-1.5519e-008	6.25e-005
-1.5019e-008	-0.0005625
-1.4519e-008	-0.00025
-1.4019e-008	6.25e-005
-1.3519e-008	0.0006875
-1.3019e-008	0.0013125
-1.2519e-008	0.001
-1.2019e-008	0.001
-1.1519e-008	0.001
-1.1019e-008	0.0006875
-1.0519e-008	0.0006875
-1.0019e-008	-0.000875
-9.519e-009	-0.000875
-9.019e-009	-0.0018125
-8.519e-009	-0.0024375
-8.019e-009	-0.003375
-7.519e-009	-0.004625
-7.019e-009	-0.00525
-6.519e-009	-0.005875
-6.019e-009	-0.0065
-5.519e-009	-0.0055625
-5.019e-009	-0.0061875
-4.519e-009	-0.005875
-4.019e-009	-0.0061875
-3.519e-009	-0.005875
-3.019e-009	-0.00525
-2.519e-009	-0.005875
-2.019e-009	-0.0061875
-1.519e-009	-0.0080625
-1.019e-009	-0.009625
-5.19e-010	-0.0118125
-1.9e-011	-0.0130625
4.81e-010	-0.014
9.81e-010	-0.014625
1.481e-009	-0.01525
1.981e-009	-0.0155625
2.481e-009	-0.0161875
2.981e-009	-0.014625
3.481e-009	-0.0149375
3.981e-009	-0.0143125
4.481e-009	-0.0136875
4.981e-009	-0.0124375
5.481e-009	-0.012125
5.981e-009	-0.0130625
6.481e-009	-0.014
6.981e-009	-0.0136875
7.481e-009	-0.0143125
7.981e-009	-0.0143125
8.481e-009	-0.0143125
8.981e-009	-0.0143125
9.481e-009	-0.014625
9.981e-009	-0.0155625
1.0481e-008	-0.01525
1.0981e-008	-0.0161875
1.1481e-008	-0.0161875
1.1981e-008	-0.0165
1.2481e-008	-0.0161875
1.2981e-008	-0.0161875
1.3481e-008	-0.015875
1.3981e-008	-0.0149375
1.4481e-008	-0.0143125
1.4981e-008	-0.0136875
1.5481e-008	-0.0130625
1.5981e-008	-0.012125
1.6481e-008	-0.0105625
1.6981e-008	-0.010875
1.7481e-008	-0.0115
1.7981e-008	-0.010875
1.8481e-008	-0.01275
1.8981e-008	-0.0136875
1.9481e-008	-0.01525
1.9981e-008	-0.0155625
2.0481e-008	-0.015875
2.0981e-008	-0.0165
2.1481e-008	-0.0168125
2.1981e-008	-0.015875
2.2481e-008	-0.0155625
2.2981e-008	-0.0136875
2.3481e-008	-0.013375
2.3981e-008	-0.01275
2.4481e-008	-0.0124375
2.4981e-008	-0.0115
2.5481e-008	-0.0118125
2.5981e-008	-0.0118125
2.6481e-008	-0.0118125
2.6981e-008	-0.0124375
2.7481e-008	-0.0130625
2.7981e-008	-0.01275
2.8481e-008	-0.01275
2.8981e-008	-0.0136875
2.9481e-008	-0.0149375
2.9981e-008	-0.014625
3.0481e-008	-0.0149375
3.0981e-008	-0.015875
3.1481e-008	-0.0155625
3.1981e-008	-0.01525
3.2481e-008	-0.0149375
3.2981e-008	-0.014625
3.3481e-008	-0.014
3.3981e-008	-0.01275
3.4481e-008	-0.01275
3.4981e-008	-0.0118125
3.5481e-008	-0.0115
3.5981e-008	-0.0118125
3.6481e-008	-0.010875
3.6981e-008	-0.010875
3.7481e-008	-0.0118125
3.7981e-008	-0.0118125
3.8481e-008	-0.0124375
3.8981e-008	-0.01275
3.9481e-008	-0.0136875
3.9981e-008	-0.0143125
4.0481e-008	-0.014625
4.0981e-008	-0.0149375
4.1481e-008	-0.014
4.1981e-008	-0.0130625
4.2481e-008	-0.0130625
4.2981e-008	-0.0124375
4.3481e-008	-0.012125
4.3981e-008	-0.0111875
4.4481e-008	-0.0118125
4.4981e-008	-0.0105625
4.5481e-008	-0.0105625
4.5981e-008	-0.010875
4.6481e-008	-0.0105625
4.6981e-008	-0.0111875
4.7481e-008	-0.0124375
4.7981e-008	-0.0118125
4.8481e-008	-0.0124375
4.8981e-008	-0.0118125
4.9481e-008	-0.013375
4.9981e-008	-0.0130625
5.0481e-008	-0.0130625
5.0981e-008	-0.013375
5.1481e-008	-0.01275
5.1981e-008	-0.0130625
5.2481e-008	-0.0124375
5.2981e-008	-0.0111875
5.3481e-008	-0.010875
5.3981e-008	-0.01025
5.4481e-008	-0.0105625
5.4981e-008	-0.0111875
5.5481e-008	-0.0111875
5.5981e-008	-0.010875
5.6481e-008	-0.0105625
5.6981e-008	-0.0115
5.7481e-008	-0.0118125
5.7981e-008	-0.0124375
5.8481e-008	-0.01275
5.8981e-008	-0.0130625
5.9481e-008	-0.013375
5.9981e-008	-0.012125
6.0481e-008	-0.0124375
6.0981e-008	-0.012125
6.1481e-008	-0.0118125
6.1981e-008	-0.0115
6.2481e-008	-0.0115
6.2981e-008	-0.0111875
6.3481e-008	-0.010875
6.3981e-008	-0.0099375
6.4481e-008	-0.0099375
6.4981e-008	-0.0093125
6.5481e-008	-0.0099375
6.5981e-008	-0.0105625
6.6481e-008	-0.0111875
6.6981e-008	-0.0111875
6.7481e-008	-0.0124375
6.7981e-008	-0.01275
6.8481e-008	-0.0130625
6.8981e-008	-0.013375
6.9481e-008	-0.0136875
6.9981e-008	-0.0130625
7.0481e-008	-0.0130625
7.0981e-008	-0.0124375
7.1481e-008	-0.012125
7.1981e-008	-0.0115
7.2481e-008	-0.0111875
7.2981e-008	-0.010875
7.3481e-008	-0.0105625
7.3981e-008	-0.0099375
7.4481e-008	-0.0093125
7.4981e-008	-0.0099375
7.5481e-008	-0.01025
7.5981e-008	-0.0111875
7.6481e-008	-0.012125
7.6981e-008	-0.0111875
7.7481e-008	-0.0124375
7.7981e-008	-0.0136875
7.8481e-008	-0.013375
7.8981e-008	-0.0130625
7.9481e-008	-0.013375
7.9981e-008	-0.0136875
8.0481e-008	-0.013375
8.0981e-008	-0.0124375
8.1481e-008	-0.0124375
8.1981e-008	-0.01025
8.2481e-008	-0.0105625
8.2981e-008	-0.0105625
8.3481e-008	-0.009
8.3981e-008	-0.009
8.4481e-008	-0.0086875
8.4981e-008	-0.0093125
8.5481e-008	-0.009
8.5981e-008	-0.0105625
8.6481e-008	-0.0111875
8.6981e-008	-0.0118125
8.7481e-008	-0.0130625
8.7981e-008	-0.0130625
8.8481e-008	-0.013375
8.8981e-008	-0.013375
8.9481e-008	-0.01275
8.9981e-008	-0.013375
9.0481e-008	-0.01275
9.0981e-008	-0.0124375
9.1481e-008	-0.0118125
9.1981e-008	-0.01025
9.2481e-008	-0.0105625
9.2981e-008	-0.0086875
9.3481e-008	-0.009
9.3981e-008	-0.009
9.4481e-008	-0.00775
9.4981e-008	-0.009
9.5481e-008	-0.01025
9.5981e-008	-0.0105625
9.6481e-008	-0.0111875
9.6981e-008	-0.0124375
9.7481e-008	-0.013375
9.7981e-008	-0.0124375
9.8481e-008	-0.0130625
9.8981e-008	-0.0130625
9.9481e-008	-0.013375
9.9981e-008	-0.0143125
1.00481e-007	-0.013375
1.00981e-007	-0.01275
1.01481e-007	-0.0118125
1.01981e-007	-0.010875
1.02481e-007	-0.0105625
1.02981e-007	-0.009625
1.03481e-007	-0.009
1.03981e-007	-0.009
1.04481e-007	-0.008375
1.04981e-007	-0.0093125
1.05481e-007	-0.0093125
1.05981e-007	-0.0111875
1.06481e-007	-0.0118125
1.06981e-007	-0.0115
1.07481e-007	-0.01275
1.07981e-007	-0.0130625
1.08481e-007	-0.0136875
1.08981e-007	-0.013375
1.09481e-007	-0.013375
1.09981e-007	-0.01275
1.10481e-007	-0.0124375
1.10981e-007	-0.0124375
1.11481e-007	-0.012125
1.11981e-007	-0.010875
1.12481e-007	-0.0105625
1.12981e-007	-0.0086875
1.13481e-007	-0.009
1.13981e-007	-0.0093125
1.14481e-007	-0.009
1.14981e-007	-0.0093125
1.15481e-007	-0.0093125
1.15981e-007	-0.0105625
1.16481e-007	-0.0105625
1.16981e-007	-0.0111875
1.17481e-007	-0.0124375
1.17981e-007	-0.0124375
1.18481e-007	-0.013375
1.18981e-007	-0.0130625
1.19481e-007	-0.0130625
1.19981e-007	-0.0136875
1.20481e-007	-0.0130625
1.20981e-007	-0.0115
1.21481e-007	-0.010875
1.21981e-007	-0.0105625
1.22481e-007	-0.0093125
1.22981e-007	-0.0086875
1.23481e-007	-0.0099375
1.23981e-007	-0.009
1.24481e-007	-0.009
1.24981e-007	-0.009625
1.25481e-007	-0.009625
1.25981e-007	-0.0105625
1.26481e-007	-0.0111875
1.26981e-007	-0.0111875
1.27481e-007	-0.0124375
1.27981e-007	-0.01275
1.28481e-007	-0.01275
1.28981e-007	-0.0124375
1.29481e-007	-0.0130625
1.29981e-007	-0.0124375
1.30481e-007	-0.012125
1.30981e-007	-0.0111875
1.31481e-007	-0.0105625
1.31981e-007	-0.0105625
1.32481e-007	-0.01025
1.32981e-007	-0.009625
1.33481e-007	-0.0093125
1.33981e-007	-0.009625
1.34481e-007	-0.009
1.34981e-007	-0.009625
1.35481e-007	-0.0099375
1.35981e-007	-0.010875
1.36481e-007	-0.0111875
1.36981e-007	-0.0111875
1.37481e-007	-0.0118125
1.37981e-007	-0.0124375
1.38481e-007	-0.0124375
1.38981e-007	-0.0118125
1.39481e-007	-0.0118125
1.39981e-007	-0.010875
1.40481e-007	-0.0115
1.40981e-007	-0.010875
1.41481e-007	-0.009625
1.41981e-007	-0.009625
1.42481e-007	-0.009625
1.42981e-007	-0.0086875
1.43481e-007	-0.0086875
1.43981e-007	-0.0086875
1.44481e-007	-0.009
1.44981e-007	-0.0093125
1.45481e-007	-0.009625
1.45981e-007	-0.0105625
1.46481e-007	-0.0111875
1.46981e-007	-0.0111875
1.47481e-007	-0.012125
1.47981e-007	-0.012125
1.48481e-007	-0.0118125
1.48981e-007	-0.0115
1.49481e-007	-0.0118125
1.49981e-007	-0.010875
1.50481e-007	-0.0115
1.50981e-007	-0.010875
1.51481e-007	-0.0093125
1.51981e-007	-0.009
1.52481e-007	-0.0080625
1.52981e-007	-0.0086875
1.53481e-007	-0.0080625
1.53981e-007	-0.0086875
1.54481e-007	-0.009625
1.54981e-007	-0.009
1.55481e-007	-0.0093125
1.55981e-007	-0.01025
1.56481e-007	-0.0099375
1.56981e-007	-0.0115
1.57481e-007	-0.012125
1.57981e-007	-0.012125
1.58481e-007	-0.0118125
1.58981e-007	-0.0111875
1.59481e-007	-0.0118125
1.59981e-007	-0.0105625
1.60481e-007	-0.01025
1.60981e-007	-0.01025
1.61481e-007	-0.009
1.61981e-007	-0.009
1.62481e-007	-0.008375
1.62981e-007	-0.0080625
1.63481e-007	-0.0086875
1.63981e-007	-0.009
1.64481e-007	-0.0086875
1.64981e-007	-0.0086875
1.65481e-007	-0.009
1.65981e-007	-0.01025
1.66481e-007	-0.0115
1.66981e-007	-0.0111875
1.67481e-007	-0.0105625
1.67981e-007	-0.010875
1.68481e-007	-0.010875
1.68981e-007	-0.0118125
1.69481e-007	-0.0124375
1.69981e-007	-0.0105625
1.70481e-007	-0.0099375
1.70981e-007	-0.0093125
1.71481e-007	-0.009
1.71981e-007	-0.008375
1.72481e-007	-0.0080625
1.72981e-007	-0.008375
1.73481e-007	-0.00775
1.73981e-007	-0.008375
1.74481e-007	-0.008375
1.74981e-007	-0.00775
1.75481e-007	-0.0093125
1.75981e-007	-0.009625
1.76481e-007	-0.0093125
1.76981e-007	-0.0105625
1.77481e-007	-0.010875
1.77981e-007	-0.0115
1.78481e-007	-0.0111875
1.78981e-007	-0.0115
1.79481e-007	-0.0105625
1.79981e-007	-0.01025
1.80481e-007	-0.01025
1.80981e-007	-0.009625
1.81481e-007	-0.009
1.81981e-007	-0.0086875
1.82481e-007	-0.0080625
1.82981e-007	-0.0080625
1.83481e-007	-0.00775
1.83981e-007	-0.0080625
1.84481e-007	-0.008375
1.84981e-007	-0.008375
1.85481e-007	-0.0086875
1.85981e-007	-0.009
1.86481e-007	-0.009625
1.86981e-007	-0.0099375
1.87481e-007	-0.01025
1.87981e-007	-0.0105625
1.88481e-007	-0.010875
1.88981e-007	-0.0105625
1.89481e-007	-0.0105625
1.89981e-007	-0.0105625
1.90481e-007	-0.0099375
1.90981e-007	-0.009
1.91481e-007	-0.009
1.91981e-007	-0.008375
1.92481e-007	-0.008375
1.92981e-007	-0.008375
1.93481e-007	-0.0080625
1.93981e-007	-0.0080625
1.94481e-007	-0.0074375
1.94981e-007	-0.0086875
1.95481e-007	-0.009
1.95981e-007	-0.0086875
1.96481e-007	-0.0086875
1.96981e-007	-0.0093125
1.97481e-007	-0.009625
1.97981e-007	-0.009625
1.98481e-007	-0.0099375
1.98981e-007	-0.0099375
1.99481e-007	-0.009625
1.99981e-007	-0.01025
2.00481e-007	-0.0093125
2.00981e-007	-0.0093125
2.01481e-007	-0.009
2.01981e-007	-0.008375
2.02481e-007	-0.0086875
2.02981e-007	-0.009
2.03481e-007	-0.008375
2.03981e-007	-0.0080625
2.04481e-007	-0.0080625
2.04981e-007	-0.0086875
2.05481e-007	-0.0080625
2.05981e-007	-0.0080625
2.06481e-007	-0.0086875
2.06981e-007	-0.0093125
2.07481e-007	-0.0086875
2.07981e-007	-0.009625
2.08481e-007	-0.0099375
2.08981e-007	-0.0093125
2.09481e-007	-0.0093125
2.09981e-007	-0.0099375
2.10481e-007	-0.0093125
2.10981e-007	-0.009
2.11481e-007	-0.008375
2.11981e-007	-0.0086875
2.12481e-007	-0.0080625
2.12981e-007	-0.0080625
2.13481e-007	-0.0080625
2.13981e-007	-0.00775
2.14481e-007	-0.0080625
2.14981e-007	-0.0080625
2.15481e-007	-0.0080625
2.15981e-007	-0.0093125
2.16481e-007	-0.009625
2.16981e-007	-0.009
2.17481e-007	-0.0086875
2.17981e-007	-0.009
2.18481e-007	-0.0093125
2.18981e-007	-0.009
2.19481e-007	-0.0093125
2.19981e-007	-0.009
2.20481e-007	-0.0080625
2.20981e-007	-0.008375
2.21481e-007	-0.0080625
2.21981e-007	-0.00775
2.22481e-007	-0.00775
2.22981e-007	-0.0074375
2.23481e-007	-0.00775
2.23981e-007	-0.00775
2.24481e-007	-0.0074375
2.24981e-007	-0.008375
2.25481e-007	-0.00775
2.25981e-007	-0.008375
2.26481e-007	-0.009
2.26981e-007	-0.01025
2.27481e-007	-0.0099375
2.27981e-007	-0.009625
2.28481e-007	-0.009625
2.28981e-007	-0.0099375
2.29481e-007	-0.0093125
2.29981e-007	-0.0086875
2.30481e-007	-0.0086875
2.30981e-007	-0.0080625
2.31481e-007	-0.0074375
2.31981e-007	-0.0074375
2.32481e-007	-0.007125
2.32981e-007	-0.0068125
2.33481e-007	-0.0074375
2.33981e-007	-0.0068125
2.34481e-007	-0.0074375
2.34981e-007	-0.00775
2.35481e-007	-0.008375
2.35981e-007	-0.0093125
2.36481e-007	-0.0086875
2.36981e-007	-0.0099375
2.37481e-007	-0.0099375
2.37981e-007	-0.01025
2.38481e-007	-0.0099375
2.38981e-007	-0.009
2.39481e-007	-0.0093125
2.39981e-007	-0.0086875
2.40481e-007	-0.0080625
2.40981e-007	-0.00775
2.41481e-007	-0.0065
2.41981e-007	-0.0065
2.42481e-007	-0.0061875
2.42981e-007	-0.005875
2.43481e-007	-0.0055625
2.43981e-007	-0.0065
2.44481e-007	-0.0074375
2.44981e-007	-0.00775
2.45481e-007	-0.008375
2.45981e-007	-0.008375
2.46481e-007	-0.0086875
2.46981e-007	-0.009625
2.47481e-007	-0.009625
2.47981e-007	-0.0099375
2.48481e-007	-0.0105625
2.48981e-007	-0.009625
2.49481e-007	-0.009
2.49981e-007	-0.0086875
2.50481e-007	-0.0080625
2.50981e-007	-0.007125
2.51481e-007	-0.0061875
2.51981e-007	-0.0061875
2.52481e-007	-0.005875
2.52981e-007	-0.0061875
2.53481e-007	-0.005875
2.53981e-007	-0.0055625
2.54481e-007	-0.0061875
2.54981e-007	-0.007125
2.55481e-007	-0.0080625
2.55981e-007	-0.0086875
2.56481e-007	-0.0086875
2.56981e-007	-0.0099375
2.57481e-007	-0.0093125
2.57981e-007	-0.0093125
2.58481e-007	-0.01025
2.58981e-007	-0.01025
2.59481e-007	-0.009
2.59981e-007	-0.00775
2.60481e-007	-0.00775
2.60981e-007	-0.0068125
2.61481e-007	-0.0061875
2.61981e-007	-0.005875
2.62481e-007	-0.00525
2.62981e-007	-0.0055625
2.63481e-007	-0.00525
2.63981e-007	-0.00525
2.64481e-007	-0.0065
2.64981e-007	-0.0065
2.65481e-007	-0.00775
2.65981e-007	-0.0080625
2.66481e-007	-0.0080625
2.66981e-007	-0.0093125
2.67481e-007	-0.0093125
2.67981e-007	-0.0099375
2.68481e-007	-0.01025
2.68981e-007	-0.0093125
2.69481e-007	-0.0086875
2.69981e-007	-0.008375
2.70481e-007	-0.00775
2.70981e-007	-0.0068125
2.71481e-007	-0.005875
2.71981e-007	-0.0061875
2.72481e-007	-0.0049375
2.72981e-007	-0.00525
2.73481e-007	-0.0055625
2.73981e-007	-0.005875
2.74481e-007	-0.0068125
2.74981e-007	-0.007125
2.75481e-007	-0.0080625
2.75981e-007	-0.0080625
2.76481e-007	-0.008375
2.76981e-007	-0.0099375
2.77481e-007	-0.009
2.77981e-007	-0.0093125
2.78481e-007	-0.0086875
2.78981e-007	-0.008375
2.79481e-007	-0.0086875
2.79981e-007	-0.00775
2.80481e-007	-0.00775
2.80981e-007	-0.0061875
2.81481e-007	-0.00525
2.81981e-007	-0.0068125
2.82481e-007	-0.005875
2.82981e-007	-0.0055625
2.83481e-007	-0.005875
2.83981e-007	-0.0061875
2.84481e-007	-0.0068125
2.84981e-007	-0.0068125
2.85481e-007	-0.0086875
2.85981e-007	-0.009
2.86481e-007	-0.0086875
2.86981e-007	-0.0093125
2.87481e-007	-0.0080625
2.87981e-007	-0.0086875
2.88481e-007	-0.0080625
2.88981e-007	-0.00775
2.89481e-007	-0.0074375
2.89981e-007	-0.005875
2.90481e-007	-0.0068125
2.90981e-007	-0.0061875
2.91481e-007	-0.0055625
2.91981e-007	-0.005875
2.92481e-007	-0.00525
2.92981e-007	-0.0061875
2.93481e-007	-0.0068125
2.93981e-007	-0.0068125
2.94481e-007	-0.00775
2.94981e-007	-0.0074375
2.95481e-007	-0.009
2.95981e-007	-0.008375
2.96481e-007	-0.0080625
2.96981e-007	-0.0086875
2.97481e-007	-0.0074375
2.97981e-007	-0.008375
2.98481e-007	-0.0074375
2.98981e-007	-0.0061875
2.99481e-007	-0.0055625
2.99981e-007	-0.00525
3.00481e-007	-0.005875
3.00981e-007	-0.0049375
3.01481e-007	-0.0055625
3.01981e-007	-0.0065
3.02481e-007	-0.00525
3.02981e-007	-0.007125
3.03481e-007	-0.0068125
3.03981e-007	-0.00775
3.04481e-007	-0.008375
3.04981e-007	-0.0080625
3.05481e-007	-0.0086875
3.05981e-007	-0.0080625
3.06481e-007	-0.008375
3.06981e-007	-0.0086875
3.07481e-007	-0.0074375
3.07981e-007	-0.0074375
3.08481e-007	-0.0055625
3.08981e-007	-0.0055625
3.09481e-007	-0.005875
3.09981e-007	-0.0043125
3.10481e-007	-0.004625
3.10981e-007	-0.003375
3.11481e-007	-0.0049375
3.11981e-007	-0.005875
3.12481e-007	-0.0061875
3.12981e-007	-0.0074375
3.13481e-007	-0.0068125
3.13981e-007	-0.00775
3.14481e-007	-0.00775
3.14981e-007	-0.0086875
3.15481e-007	-0.009625
3.15981e-007	-0.009
3.16481e-007	-0.008375
3.16981e-007	-0.0074375
3.17481e-007	-0.007125
3.17981e-007	-0.007125
3.18481e-007	-0.00525
3.18981e-007	-0.0049375
3.19481e-007	-0.0036875
3.19981e-007	-0.0043125
3.20481e-007	-0.0049375
3.20981e-007	-0.004
3.21481e-007	-0.0049375
3.21981e-007	-0.00525
3.22481e-007	-0.0061875
3.22981e-007	-0.0074375
3.23481e-007	-0.0074375
3.23981e-007	-0.0086875
3.24481e-007	-0.0086875
3.24981e-007	-0.009
3.25481e-007	-0.0093125
3.25981e-007	-0.009
3.26481e-007	-0.0080625
3.26981e-007	-0.0068125
3.27481e-007	-0.0068125
3.27981e-007	-0.0061875
3.28481e-007	-0.0049375
3.28981e-007	-0.00525
3.29481e-007	-0.004
3.29981e-007	-0.0036875
3.30481e-007	-0.0036875
3.30981e-007	-0.004
3.31481e-007	-0.0049375
3.31981e-007	-0.0049375
3.32481e-007	-0.0061875
3.32981e-007	-0.007125
3.33481e-007	-0.0080625
3.33981e-007	-0.008375
3.34481e-007	-0.0080625
3.34981e-007	-0.009
3.35481e-007	-0.00775
3.35981e-007	-0.00775
3.36481e-007	-0.0074375
3.36981e-007	-0.0065
3.37481e-007	-0.0055625
3.37981e-007	-0.004
3.38481e-007	-0.0049375
3.38981e-007	-0.0055625
3.39481e-007	-0.004
3.39981e-007	-0.0043125
3.40481e-007	-0.003375
3.40981e-007	-0.004625
3.41481e-007	-0.0055625
3.41981e-007	-0.0055625
3.42481e-007	-0.007125
3.42981e-007	-0.007125
3.43481e-007	-0.0074375
3.43981e-007	-0.0074375
3.44481e-007	-0.00775
3.44981e-007	-0.0093125
3.45481e-007	-0.00775
3.45981e-007	-0.0074375
3.46481e-007	-0.005875
3.46981e-007	-0.0055625
3.47481e-007	-0.00525
3.47981e-007	-0.0043125
3.48481e-007	-0.00525
3.48981e-007	-0.0049375
3.49481e-007	-0.004
3.49981e-007	-0.004625
3.50481e-007	-0.0043125
3.50981e-007	-0.00525
3.51481e-007	-0.0061875
3.51981e-007	-0.005875
3.52481e-007	-0.0065
3.52981e-007	-0.0074375
3.53481e-007	-0.00775
3.53981e-007	-0.00775
3.54481e-007	-0.0074375
3.54981e-007	-0.007125
3.55481e-007	-0.0068125
3.55981e-007	-0.0065
3.56481e-007	-0.0049375
3.56981e-007	-0.0049375
3.57481e-007	-0.00525
3.57981e-007	-0.0036875
3.58481e-007	-0.004
3.58981e-007	-0.0036875
3.59481e-007	-0.004625
3.59981e-007	-0.0055625
3.60481e-007	-0.004625
3.60981e-007	-0.005875
3.61481e-007	-0.0065
3.61981e-007	-0.007125
3.62481e-007	-0.0068125
3.62981e-007	-0.007125
3.63481e-007	-0.007125
3.63981e-007	-0.00775
3.64481e-007	-0.0068125
3.64981e-007	-0.0068125
3.65481e-007	-0.005875
3.65981e-007	-0.00525
3.66481e-007	-0.0043125
3.66981e-007	-0.0043125
3.67481e-007	-0.004625
3.67981e-007	-0.004
3.68481e-007	-0.0043125
3.68981e-007	-0.0036875
3.69481e-007	-0.0043125
3.69981e-007	-0.0049375
3.70481e-007	-0.0055625
3.70981e-007	-0.0065
3.71481e-007	-0.0061875
3.71981e-007	-0.0074375
3.72481e-007	-0.007125
3.72981e-007	-0.007125
3.73481e-007	-0.0068125
3.73981e-007	-0.0061875
3.74481e-007	-0.0061875
3.74981e-007	-0.0061875
3.75481e-007	-0.0049375
3.75981e-007	-0.004625
3.76481e-007	-0.004
3.76981e-007	-0.0036875
3.77481e-007	-0.004
3.77981e-007	-0.0036875
3.78481e-007	-0.0043125
3.78981e-007	-0.0043125
3.79481e-007	-0.0049375
3.79981e-007	-0.005875
3.80481e-007	-0.0055625
3.80981e-007	-0.0061875
3.81481e-007	-0.0068125
3.81981e-007	-0.0074375
3.82481e-007	-0.00775
3.82981e-007	-0.007125
3.83481e-007	-0.0074375
3.83981e-007	-0.0065
3.84481e-007	-0.0061875
3.84981e-007	-0.0061875
3.85481e-007	-0.0043125
3.85981e-007	-0.004
3.86481e-007	-0.004625
3.86981e-007	-0.004
3.87481e-007	-0.0036875
3.87981e-007	-0.0030625
3.88481e-007	-0.0043125
3.88981e-007	-0.0055625
3.89481e-007	-0.0049375
3.89981e-007	-0.0055625
3.90481e-007	-0.0061875
3.90981e-007	-0.0074375
3.91481e-007	-0.007125
3.91981e-007	-0.0074375
3.92481e-007	-0.0068125
3.92981e-007	-0.0068125
3.93481e-007	-0.0065
3.93981e-007	-0.0061875
3.94481e-007	-0.0055625
3.94981e-007	-0.0055625
3.95481e-007	-0.004625
3.95981e-007	-0.0036875
3.96481e-007	-0.0036875
3.96981e-007	-0.0036875
3.97481e-007	-0.0043125
3.97981e-007	-0.0043125
3.98481e-007	-0.00525
3.98981e-007	-0.0055625
3.99481e-007	-0.005875
3.99981e-007	-0.0055625
4.00481e-007	-0.005875
4.00981e-007	-0.0061875
4.01481e-007	-0.0061875
4.01981e-007	-0.007125
4.02481e-007	-0.0068125
4.02981e-007	-0.0061875
4.03481e-007	-0.005875
4.03981e-007	-0.0049375
4.04481e-007	-0.004625
4.04981e-007	-0.00525
4.05481e-007	-0.004625
4.05981e-007	-0.0036875
4.06481e-007	-0.0036875
4.06981e-007	-0.004625
4.07481e-007	-0.0049375
4.07981e-007	-0.004625
4.08481e-007	-0.004625
4.08981e-007	-0.0049375
4.09481e-007	-0.005875
4.09981e-007	-0.0061875
4.10481e-007	-0.0055625
4.10981e-007	-0.005875
4.11481e-007	-0.005875
4.11981e-007	-0.0065
4.12481e-007	-0.005875
4.12981e-007	-0.005875
4.13481e-007	-0.00525
4.13981e-007	-0.004625
4.14481e-007	-0.004625
4.14981e-007	-0.0043125
4.15481e-007	-0.0043125
4.15981e-007	-0.0043125
4.16481e-007	-0.0049375
4.16981e-007	-0.0049375
4.17481e-007	-0.0049375
4.17981e-007	-0.0049375
4.18481e-007	-0.00525
4.18981e-007	-0.00525
4.19481e-007	-0.00525
4.19981e-007	-0.0055625
4.20481e-007	-0.0055625
4.20981e-007	-0.005875
4.21481e-007	-0.0055625
4.21981e-007	-0.005875
4.22481e-007	-0.0055625
4.22981e-007	-0.0049375
4.23481e-007	-0.004625
4.23981e-007	-0.0049375
4.24481e-007	-0.0049375
4.24981e-007	-0.004625
4.25481e-007	-0.004
4.25981e-007	-0.003375
4.26481e-007	-0.0043125
4.26981e-007	-0.0049375
4.27481e-007	-0.0049375
4.27981e-007	-0.00525
4.28481e-007	-0.00525
4.28981e-007	-0.0049375
4.29481e-007	-0.0055625
4.29981e-007	-0.0055625
4.30481e-007	-0.00525
4.30981e-007	-0.0049375
4.31481e-007	-0.0049375
4.31981e-007	-0.0055625
4.32481e-007	-0.0049375
4.32981e-007	-0.004625
4.33481e-007	-0.00525
4.33981e-007	-0.004625
4.34481e-007	-0.004625
4.34981e-007	-0.004625
4.35481e-007	-0.004625
4.35981e-007	-0.0043125
4.36481e-007	-0.0043125
4.36981e-007	-0.0055625
4.37481e-007	-0.0055625
4.37981e-007	-0.0049375
4.38481e-007	-0.0049375
4.38981e-007	-0.00525
4.39481e-007	-0.00525
4.39981e-007	-0.004625
4.40481e-007	-0.0049375
4.40981e-007	-0.0055625
4.41481e-007	-0.004625
4.41981e-007	-0.004625
4.42481e-007	-0.00525
4.42981e-007	-0.0049375
4.43481e-007	-0.0049375
4.43981e-007	-0.004625
4.44481e-007	-0.0049375
4.44981e-007	-0.0049375
4.45481e-007	-0.0055625
4.45981e-007	-0.004625
4.46481e-007	-0.004
4.46981e-007	-0.004625
4.47481e-007	-0.00525
4.47981e-007	-0.0049375
4.48481e-007	-0.00525
4.48981e-007	-0.0049375
4.49481e-007	-0.0049375
4.49981e-007	-0.004625
4.50481e-007	-0.004
4.50981e-007	-0.0049375
4.51481e-007	-0.004625
4.51981e-007	-0.0043125
4.52481e-007	-0.0043125
4.52981e-007	-0.0049375
4.53481e-007	-0.00525
4.53981e-007	-0.004625
4.54481e-007	-0.0049375
4.54981e-007	-0.00525
4.55481e-007	-0.004625
4.55981e-007	-0.0055625
4.56481e-007	-0.00525
4.56981e-007	-0.0049375
4.57481e-007	-0.0049375
4.57981e-007	-0.004625
4.58481e-007	-0.0043125
4.58981e-007	-0.003375
4.59481e-007	-0.004
4.59981e-007	-0.003375
4.60481e-007	-0.0036875
4.60981e-007	-0.0036875
4.61481e-007	-0.0036875
4.61981e-007	-0.004
4.62481e-007	-0.004625
4.62981e-007	-0.0049375
4.63481e-007	-0.0055625
4.63981e-007	-0.004625
4.64481e-007	-0.00525
4.64981e-007	-0.005875
4.65481e-007	-0.00525
4.65981e-007	-0.0049375
4.66481e-007	-0.004625
4.66981e-007	-0.0049375
4.67481e-007	-0.0049375
4.67981e-007	-0.004625
4.68481e-007	-0.0043125
4.68981e-007	-0.003375
4.69481e-007	-0.003375
4.69981e-007	-0.003375
4.70481e-007	-0.0036875
4.70981e-007	-0.0043125
4.71481e-007	-0.0043125
4.71981e-007	-0.0049375
4.72481e-007	-0.004625
4.72981e-007	-0.004625
4.73481e-007	-0.0055625
4.73981e-007	-0.0049375
4.74481e-007	-0.0049375
4.74981e-007	-0.005875
4.75481e-007	-0.0055625
4.75981e-007	-0.005875
4.76481e-007	-0.00525
4.76981e-007	-0.004625
4.77481e-007	-0.0043125
4.77981e-007	-0.003375
4.78481e-007	-0.0043125
4.78981e-007	-0.0036875
4.79481e-007	-0.0036875
4.79981e-007	-0.0030625
4.80481e-007	-0.0036875
4.80981e-007	-0.004625
4.81481e-007	-0.0043125
4.81981e-007	-0.0036875
4.82481e-007	-0.0043125
4.82981e-007	-0.004625
4.83481e-007	-0.004625
4.83981e-007	-0.0049375
4.84481e-007	-0.005875
4.84981e-007	-0.0055625
4.85481e-007	-0.0049375
4.85981e-007	-0.0055625
4.86481e-007	-0.0055625
4.86981e-007	-0.0049375
4.87481e-007	-0.0043125
4.87981e-007	-0.004
4.88481e-007	-0.004
4.88981e-007	-0.0036875
4.89481e-007	-0.0036875
4.89981e-007	-0.003375
4.90481e-007	-0.004
4.90981e-007	-0.004
4.91481e-007	-0.0036875
4.91981e-007	-0.0043125
4.92481e-007	-0.0043125
4.92981e-007	-0.004
4.93481e-007	-0.004625
4.93981e-007	-0.0043125
4.94481e-007	-0.0049375
4.94981e-007	-0.00525
4.95481e-007	-0.004625
4.95981e-007	-0.004625
4.96481e-007	-0.0049375
4.96981e-007	-0.0049375
4.97481e-007	-0.0043125
4.97981e-007	-0.003375
4.98481e-007	-0.0030625
4.98981e-007	-0.0036875
4.99481e-007	-0.0036875
4.99981e-007	-0.003375
5.00481e-007	-0.0036875
5.00981e-007	-0.0036875
5.01481e-007	-0.004
5.01981e-007	-0.004
5.02481e-007	-0.004625
5.02981e-007	-0.004625
5.03481e-007	-0.0036875
5.03981e-007	-0.0036875
5.04481e-007	-0.0049375
5.04981e-007	-0.004625
5.05481e-007	-0.0043125
5.05981e-007	-0.0036875
5.06481e-007	-0.004625
5.06981e-007	-0.004
5.07481e-007	-0.004
5.07981e-007	-0.0036875
5.08481e-007	-0.0043125
5.08981e-007	-0.004
5.09481e-007	-0.0036875
5.09981e-007	-0.004
5.10481e-007	-0.0043125
5.10981e-007	-0.0043125
5.11481e-007	-0.0043125
5.11981e-007	-0.0036875
5.12481e-007	-0.004
5.12981e-007	-0.0036875
5.13481e-007	-0.004
5.13981e-007	-0.0043125
5.14481e-007	-0.0030625
5.14981e-007	-0.0036875
5.15481e-007	-0.004
5.15981e-007	-0.004
5.16481e-007	-0.004
5.16981e-007	-0.0036875
5.17481e-007	-0.0049375
5.17981e-007	-0.004625
5.18481e-007	-0.0043125
5.18981e-007	-0.0049375
5.19481e-007	-0.0043125
5.19981e-007	-0.004625
5.20481e-007	-0.004
5.20981e-007	-0.004
5.21481e-007	-0.0049375
5.21981e-007	-0.004625
5.22481e-007	-0.004
5.22981e-007	-0.0030625
5.23481e-007	-0.003375
5.23981e-007	-0.0036875
5.24481e-007	-0.00275
5.24981e-007	-0.0030625
5.25481e-007	-0.003375
5.25981e-007	-0.0030625
5.26481e-007	-0.0036875
5.26981e-007	-0.003375
5.27481e-007	-0.004
5.27981e-007	-0.0036875
5.28481e-007	-0.004
5.28981e-007	-0.0049375
5.29481e-007	-0.004625
5.29981e-007	-0.0049375
5.30481e-007	-0.004625
5.30981e-007	-0.004
5.31481e-007	-0.0043125
5.31981e-007	-0.004
5.32481e-007	-0.0043125
5.32981e-007	-0.003375
5.33481e-007	-0.0030625
5.33981e-007	-0.003375
5.34481e-007	-0.003375
5.34981e-007	-0.0030625
5.35481e-007	-0.0030625
5.35981e-007	-0.00275
5.36481e-007	-0.0030625
5.36981e-007	-0.0036875
5.37481e-007	-0.0043125
5.37981e-007	-0.0043125
5.38481e-007	-0.004
5.38981e-007	-0.004
5.39481e-007	-0.0043125
5.39981e-007	-0.004625
5.40481e-007	-0.004625
5.40981e-007	-0.0049375
5.41481e-007	-0.004
5.41981e-007	-0.0036875
5.42481e-007	-0.0036875
5.42981e-007	-0.0036875
5.43481e-007	-0.0030625
5.43981e-007	-0.0036875
5.44481e-007	-0.0030625
5.44981e-007	-0.003375
5.45481e-007	-0.0030625
5.45981e-007	-0.0030625
5.46481e-007	-0.003375
5.46981e-007	-0.003375
5.47481e-007	-0.004
5.47981e-007	-0.003375
5.48481e-007	-0.003375
5.48981e-007	-0.003375
5.49481e-007	-0.0036875
5.49981e-007	-0.003375
5.50481e-007	-0.0036875
5.50981e-007	-0.003375
5.51481e-007	-0.004625
5.51981e-007	-0.0030625
5.52481e-007	-0.0036875
5.52981e-007	-0.004
5.53481e-007	-0.0036875
5.53981e-007	-0.0030625
5.54481e-007	-0.0030625
5.54981e-007	-0.003375
5.55481e-007	-0.004
5.55981e-007	-0.004
5.56481e-007	-0.0043125
5.56981e-007	-0.0043125
5.57481e-007	-0.004
5.57981e-007	-0.004
5.58481e-007	-0.004
5.58981e-007	-0.004625
5.59481e-007	-0.0043125
5.59981e-007	-0.0036875
5.60481e-007	-0.0030625
5.60981e-007	-0.0030625
5.61481e-007	-0.003375
5.61981e-007	-0.0030625
5.62481e-007	-0.00275
5.62981e-007	-0.0030625
5.63481e-007	-0.00275
5.63981e-007	-0.0036875
5.64481e-007	-0.003375
5.64981e-007	-0.004
5.65481e-007	-0.00525
5.65981e-007	-0.004625
5.66481e-007	-0.0049375
5.66981e-007	-0.0049375
5.67481e-007	-0.004625
5.67981e-007	-0.004625
5.68481e-007	-0.004625
5.68981e-007	-0.0036875
5.69481e-007	-0.0036875
5.69981e-007	-0.0030625
5.70481e-007	-0.0030625
5.70981e-007	-0.0030625
5.71481e-007	-0.0024375
5.71981e-007	-0.0024375
5.72481e-007	-0.0030625
5.72981e-007	-0.003375
5.73481e-007	-0.0024375
5.73981e-007	-0.0030625
5.74481e-007	-0.0043125
5.74981e-007	-0.004625
5.75481e-007	-0.0049375
5.75981e-007	-0.00525
5.76481e-007	-0.005875
5.76981e-007	-0.00525
5.77481e-007	-0.004625
5.77981e-007	-0.004
5.78481e-007	-0.0036875
5.78981e-007	-0.004625
5.79481e-007	-0.0036875
5.79981e-007	-0.002125
5.80481e-007	-0.002125
5.80981e-007	-0.002125
5.81481e-007	-0.00275
5.81981e-007	-0.0024375
5.82481e-007	-0.0024375
5.82981e-007	-0.00275
5.83481e-007	-0.00275
5.83981e-007	-0.0036875
5.84481e-007	-0.0036875
5.84981e-007	-0.0043125
5.85481e-007	-0.004625
5.85981e-007	-0.004625
5.86481e-007	-0.0055625
5.86981e-007	-0.0061875
5.87481e-007	-0.004625
5.87981e-007	-0.004
5.88481e-007	-0.0036875
5.88981e-007	-0.0036875
5.89481e-007	-0.003375
5.89981e-007	-0.00275
5.90481e-007	-0.00275
5.90981e-007	-0.002125
5.91481e-007	-0.0015
5.91981e-007	-0.0018125
5.92481e-007	-0.002125
5.92981e-007	-0.0024375
5.93481e-007	-0.003375
5.93981e-007	-0.004
5.94481e-007	-0.004625
5.94981e-007	-0.004625
5.95481e-007	-0.0049375
5.95981e-007	-0.0049375
5.96481e-007	-0.0049375
5.96981e-007	-0.00525
5.97481e-007	-0.0049375
5.97981e-007	-0.004
5.98481e-007	-0.004625
5.98981e-007	-0.0030625
5.99481e-007	-0.0024375
5.99981e-007	-0.00275
6.00481e-007	-0.0018125
6.00981e-007	-0.0024375
6.01481e-007	-0.0024375
6.01981e-007	-0.0030625
6.02481e-007	-0.0030625
6.02981e-007	-0.00275
6.03481e-007	-0.0024375
6.03981e-007	-0.003375
6.04481e-007	-0.0043125
6.04981e-007	-0.0049375
6.05481e-007	-0.0043125
6.05981e-007	-0.004625
6.06481e-007	-0.0049375
6.06981e-007	-0.00525
6.07481e-007	-0.004
6.07981e-007	-0.003375
6.08481e-007	-0.0036875
6.08981e-007	-0.004
6.09481e-007	-0.0030625
6.09981e-007	-0.0018125
6.10481e-007	-0.0018125
6.10981e-007	-0.002125
6.11481e-007	-0.00275
6.11981e-007	-0.00275
6.12481e-007	-0.0030625
6.12981e-007	-0.0024375
6.13481e-007	-0.0030625
6.13981e-007	-0.0043125
6.14481e-007	-0.004625
6.14981e-007	-0.004
6.15481e-007	-0.0049375
6.15981e-007	-0.0043125
6.16481e-007	-0.0036875
6.16981e-007	-0.0036875
6.17481e-007	-0.004
6.17981e-007	-0.0036875
6.18481e-007	-0.0030625
6.18981e-007	-0.0024375
6.19481e-007	-0.002125
6.19981e-007	-0.0024375
6.20481e-007	-0.002125
6.20981e-007	-0.0024375
6.21481e-007	-0.0024375
6.21981e-007	-0.0024375
6.22481e-007	-0.0030625
6.22981e-007	-0.0036875
6.23481e-007	-0.004
6.23981e-007	-0.004625
6.24481e-007	-0.0049375
6.24981e-007	-0.0043125
6.25481e-007	-0.004
6.25981e-007	-0.0036875
6.26481e-007	-0.0036875
6.26981e-007	-0.0036875
6.27481e-007	-0.0024375
6.27981e-007	-0.0024375
6.28481e-007	-0.002125
6.28981e-007	-0.0015
6.29481e-007	-0.00275
6.29981e-007	-0.0024375
6.30481e-007	-0.0024375
6.30981e-007	-0.00275
6.31481e-007	-0.0018125
6.31981e-007	-0.0030625
6.32481e-007	-0.0036875
6.32981e-007	-0.0036875
6.33481e-007	-0.0043125
6.33981e-007	-0.0043125
6.34481e-007	-0.0049375
6.34981e-007	-0.0043125
6.35481e-007	-0.0036875
6.35981e-007	-0.004
6.36481e-007	-0.0030625
6.36981e-007	-0.00275
6.37481e-007	-0.002125
6.37981e-007	-0.002125
6.38481e-007	-0.0018125
6.38981e-007	-0.0011875
6.39481e-007	-0.0018125
6.39981e-007	-0.0018125
6.40481e-007	-0.0024375
6.40981e-007	-0.0030625
6.41481e-007	-0.0036875
6.41981e-007	-0.0036875
6.42481e-007	-0.0036875
6.42981e-007	-0.0043125
6.43481e-007	-0.0049375
6.43981e-007	-0.0043125
6.44481e-007	-0.0049375
6.44981e-007	-0.0043125
6.45481e-007	-0.0036875
6.45981e-007	-0.0030625
6.46481e-007	-0.0024375
6.46981e-007	-0.002125
6.47481e-007	-0.0018125
6.47981e-007	-0.0015
6.48481e-007	-0.0005625
6.48981e-007	-0.0015
6.49481e-007	-0.0018125
6.49981e-007	-0.0011875
6.50481e-007	-0.002125
6.50981e-007	-0.0024375
6.51481e-007	-0.00275
6.51981e-007	-0.003375
6.52481e-007	-0.0036875
6.52981e-007	-0.0049375
6.53481e-007	-0.0043125
6.53981e-007	-0.0043125
6.54481e-007	-0.004625
6.54981e-007	-0.0036875
6.55481e-007	-0.004
6.55981e-007	-0.0030625
6.56481e-007	-0.00275
6.56981e-007	-0.002125
6.57481e-007	-0.0011875
6.57981e-007	-0.0015
6.58481e-007	-0.0011875
6.58981e-007	-0.000875
6.59481e-007	-0.0015
6.59981e-007	-0.0015
6.60481e-007	-0.0024375
6.60981e-007	-0.00275
6.61481e-007	-0.0030625
6.61981e-007	-0.0030625
6.62481e-007	-0.004
6.62981e-007	-0.004625
6.63481e-007	-0.004625
6.63981e-007	-0.0049375
6.64481e-007	-0.0043125
6.64981e-007	-0.0043125
6.65481e-007	-0.003375
6.65981e-007	-0.0030625
6.66481e-007	-0.0030625
6.66981e-007	-0.0024375
6.67481e-007	-0.0015
6.67981e-007	-0.0018125
6.68481e-007	-0.000875
6.68981e-007	-0.0015
6.69481e-007	-0.0018125
6.69981e-007	-0.0015
6.70481e-007	-0.0024375
6.70981e-007	-0.0024375
6.71481e-007	-0.0030625
6.71981e-007	-0.003375
6.72481e-007	-0.0043125
6.72981e-007	-0.0043125
6.73481e-007	-0.004
6.73981e-007	-0.0043125
6.74481e-007	-0.004
6.74981e-007	-0.003375
6.75481e-007	-0.0036875
6.75981e-007	-0.0030625
6.76481e-007	-0.00275
6.76981e-007	-0.0015
6.77481e-007	-0.0024375
6.77981e-007	-0.002125
6.78481e-007	-0.0011875
6.78981e-007	-0.002125
6.79481e-007	-0.0011875
6.79981e-007	-0.0018125
6.80481e-007	-0.002125
6.80981e-007	-0.0024375
6.81481e-007	-0.003375
6.81981e-007	-0.0030625
6.82481e-007	-0.0030625
6.82981e-007	-0.004
6.83481e-007	-0.004
6.83981e-007	-0.0036875
6.84481e-007	-0.0036875
6.84981e-007	-0.003375
6.85481e-007	-0.0036875
6.85981e-007	-0.0036875
6.86481e-007	-0.0024375
6.86981e-007	-0.0018125
6.87481e-007	-0.0018125
6.87981e-007	-0.0015
6.88481e-007	-0.0018125
6.88981e-007	-0.0018125
6.89481e-007	-0.002125
6.89981e-007	-0.0024375
6.90481e-007	-0.0024375
6.90981e-007	-0.0024375
6.91481e-007	-0.003375
6.91981e-007	-0.0036875
6.92481e-007	-0.003375
6.92981e-007	-0.00275
6.93481e-007	-0.0030625
6.93981e-007	-0.0030625
6.94481e-007	-0.003375
6.94981e-007	-0.003375
6.95481e-007	-0.003375
6.95981e-007	-0.0024375
6.96481e-007	-0.002125
6.96981e-007	-0.002125
6.97481e-007	-0.002125
6.97981e-007	-0.0018125
6.98481e-007	-0.0024375
6.98981e-007	-0.0030625
6.99481e-007	-0.002125
6.99981e-007	-0.0011875
7.00481e-007	-0.0018125
7.00981e-007	-0.0024375
7.01481e-007	-0.00275
7.01981e-007	-0.002125
7.02481e-007	-0.0030625
7.02981e-007	-0.003375
7.03481e-007	-0.0030625
7.03981e-007	-0.0030625
7.04481e-007	-0.00275
7.04981e-007	-0.0024375
7.05481e-007	-0.002125
7.05981e-007	-0.0018125
7.06481e-007	-0.002125
7.06981e-007	-0.0018125
7.07481e-007	-0.0011875
7.07981e-007	-0.002125
7.08481e-007	-0.0024375
7.08981e-007	-0.0030625
7.09481e-007	-0.0024375
7.09981e-007	-0.0024375
7.10481e-007	-0.0024375
7.10981e-007	-0.0024375
7.11481e-007	-0.002125
7.11981e-007	-0.002125
7.12481e-007	-0.003375
7.12981e-007	-0.0036875
7.13481e-007	-0.0030625
7.13981e-007	-0.00275
7.14481e-007	-0.0024375
7.14981e-007	-0.0024375
7.15481e-007	-0.0018125
7.15981e-007	-0.002125
7.16481e-007	-0.0024375
7.16981e-007	-0.0018125
7.17481e-007	-0.002125
7.17981e-007	-0.0018125
7.18481e-007	-0.0024375
7.18981e-007	-0.0024375
7.19481e-007	-0.0024375
7.19981e-007	-0.002125
7.20481e-007	-0.0024375
7.20981e-007	-0.0024375
7.21481e-007	-0.0024375
7.21981e-007	-0.0024375
7.22481e-007	-0.0030625
7.22981e-007	-0.0030625
7.23481e-007	-0.0030625
7.23981e-007	-0.0030625
7.24481e-007	-0.0024375
7.24981e-007	-0.0030625
7.25481e-007	-0.002125
7.25981e-007	-0.0018125
7.26481e-007	-0.0024375
7.26981e-007	-0.0015
7.27481e-007	-0.0015
7.27981e-007	-0.0018125
7.28481e-007	-0.0024375
7.28981e-007	-0.0024375
7.29481e-007	-0.0015
7.29981e-007	-0.0024375
7.30481e-007	-0.0024375
7.30981e-007	-0.0030625
7.31481e-007	-0.0030625
7.31981e-007	-0.002125
7.32481e-007	-0.0030625
7.32981e-007	-0.00275
7.33481e-007	-0.00275
7.33981e-007	-0.00275
7.34481e-007	-0.0024375
7.34981e-007	-0.0024375
7.35481e-007	-0.002125
7.35981e-007	-0.0024375
7.36481e-007	-0.0024375
7.36981e-007	-0.0018125
7.37481e-007	-0.0018125
7.37981e-007	-0.000875
7.38481e-007	-0.0018125
7.38981e-007	-0.002125
7.39481e-007	-0.002125
7.39981e-007	-0.0024375
7.40481e-007	-0.00275
7.40981e-007	-0.002125
7.41481e-007	-0.002125
7.41981e-007	-0.0030625
7.42481e-007	-0.003375
7.42981e-007	-0.00275
7.43481e-007	-0.0030625
7.43981e-007	-0.0024375
7.44481e-007	-0.0024375
7.44981e-007	-0.0024375
7.45481e-007	-0.0018125
7.45981e-007	-0.0024375
7.46481e-007	-0.0018125
7.46981e-007	-0.0011875
7.47481e-007	-0.000875
7.47981e-007	-0.0011875
7.48481e-007	-0.002125
7.48981e-007	-0.0015
7.49481e-007	-0.0024375
7.49981e-007	-0.0030625
7.50481e-007	-0.0030625
7.50981e-007	-0.0030625
7.51481e-007	-0.002125
7.51981e-007	-0.0030625
7.52481e-007	-0.0036875
7.52981e-007	-0.0030625
7.53481e-007	-0.003375
7.53981e-007	-0.00275
7.54481e-007	-0.0024375
7.54981e-007	-0.0024375
7.55481e-007	-0.0011875
7.55981e-007	-0.0018125
7.56481e-007	-0.0011875
7.56981e-007	-0.002125
7.57481e-007	-0.002125
7.57981e-007	-0.0024375
7.58481e-007	-0.002125
7.58981e-007	-0.0011875
7.59481e-007	-0.0018125
7.59981e-007	-0.0024375
7.60481e-007	-0.002125
7.60981e-007	-0.0030625
7.61481e-007	-0.0030625
7.61981e-007	-0.003375
7.62481e-007	-0.00275
7.62981e-007	-0.00275
7.63481e-007	-0.0030625
7.63981e-007	-0.0024375
7.64481e-007	-0.0024375
7.64981e-007	-0.0018125
7.65481e-007	-0.0015
7.65981e-007	-0.002125
7.66481e-007	-0.0011875
7.66981e-007	-0.0015
7.67481e-007	-0.0015
7.67981e-007	-0.0011875
7.68481e-007	-0.0015
7.68981e-007	-0.0015
7.69481e-007	-0.002125
7.69981e-007	-0.0018125
7.70481e-007	-0.0024375
7.70981e-007	-0.0024375
7.71481e-007	-0.0018125
7.71981e-007	-0.0030625
7.72481e-007	-0.0030625
7.72981e-007	-0.00275
7.73481e-007	-0.003375
7.73981e-007	-0.00275
7.74481e-007	-0.0030625
7.74981e-007	-0.002125
7.75481e-007	-0.0018125
7.75981e-007	-0.002125
7.76481e-007	-0.000875
7.76981e-007	-0.0015
7.77481e-007	-0.0005625
7.77981e-007	-0.000875
7.78481e-007	-0.0015
7.78981e-007	-0.0018125
7.79481e-007	-0.002125
7.79981e-007	-0.0015
7.80481e-007	-0.00275
7.80981e-007	-0.0030625
7.81481e-007	-0.003375
7.81981e-007	-0.003375
7.82481e-007	-0.00275
7.82981e-007	-0.0030625
7.83481e-007	-0.0030625
7.83981e-007	-0.0024375
7.84481e-007	-0.0024375
7.84981e-007	-0.0015
7.85481e-007	-0.0011875
7.85981e-007	-0.002125
7.86481e-007	-0.0015
7.86981e-007	-0.0018125
7.87481e-007	-0.00025
7.87981e-007	-0.0005625
7.88481e-007	-0.0011875
7.88981e-007	-0.000875
7.89481e-007	-0.0015
7.89981e-007	-0.002125
7.90481e-007	-0.00275
7.90981e-007	-0.0024375
7.91481e-007	-0.0018125
7.91981e-007	-0.00275
7.92481e-007	-0.003375
7.92981e-007	-0.0030625
7.93481e-007	-0.0030625
7.93981e-007	-0.00275
7.94481e-007	-0.003375
7.94981e-007	-0.0018125
7.95481e-007	-0.0018125
7.95981e-007	-0.0015
7.96481e-007	-0.0015
7.96981e-007	-0.0018125
7.97481e-007	-0.000875
7.97981e-007	-0.0011875
7.98481e-007	-0.0011875
7.98981e-007	-0.00025
7.99481e-007	-0.002125
7.99981e-007	-0.002125
8.00481e-007	-0.0018125
8.00981e-007	-0.0024375
8.01481e-007	-0.0024375
8.01981e-007	-0.0030625
8.02481e-007	-0.0018125
8.02981e-007	-0.0030625
8.03481e-007	-0.0036875
8.03981e-007	-0.0030625
8.04481e-007	-0.0024375
8.04981e-007	-0.0018125
8.05481e-007	-0.0018125
8.05981e-007	-0.002125
8.06481e-007	-0.0011875
8.06981e-007	-0.000875
8.07481e-007	-0.00025
8.07981e-007	-0.0015
8.08481e-007	-0.0018125
8.08981e-007	-0.0005625
8.09481e-007	-0.0011875
8.09981e-007	-0.0015
8.10481e-007	-0.0024375
8.10981e-007	-0.0018125
8.11481e-007	-0.002125
8.11981e-007	-0.0030625
8.12481e-007	-0.0030625
8.12981e-007	-0.0024375
8.13481e-007	-0.0024375
8.13981e-007	-0.00275
8.14481e-007	-0.0024375
8.14981e-007	-0.0024375
8.15481e-007	-0.002125
8.15981e-007	-0.0018125
8.16481e-007	-0.0018125
8.16981e-007	-0.0015
8.17481e-007	-0.0011875
8.17981e-007	-0.0018125
8.18481e-007	-0.0011875
8.18981e-007	-0.000875
8.19481e-007	-0.000875
8.19981e-007	-0.0011875
8.20481e-007	-0.0018125
8.20981e-007	-0.00275
8.21481e-007	-0.00275
8.21981e-007	-0.003375
8.22481e-007	-0.0030625
8.22981e-007	-0.002125
8.23481e-007	-0.002125
8.23981e-007	-0.00275
8.24481e-007	-0.0024375
8.24981e-007	-0.0011875
8.25481e-007	-0.000875
8.25981e-007	-0.0018125
8.26481e-007	-0.0018125
8.26981e-007	-0.0018125
8.27481e-007	-0.0015
8.27981e-007	-0.0011875
8.28481e-007	-0.0011875
8.28981e-007	-0.0018125
8.29481e-007	-0.002125
8.29981e-007	-0.0018125
8.30481e-007	-0.0018125
8.30981e-007	-0.0030625
8.31481e-007	-0.00275
8.31981e-007	-0.0024375
8.32481e-007	-0.0011875
8.32981e-007	-0.0018125
8.33481e-007	-0.0024375
8.33981e-007	-0.002125
8.34481e-007	-0.0011875
8.34981e-007	-0.000875
8.35481e-007	-0.0015
8.35981e-007	-0.0015
8.36481e-007	-0.0015
8.36981e-007	-0.0011875
8.37481e-007	-0.000875
8.37981e-007	-0.0018125
8.38481e-007	-0.0024375
8.38981e-007	-0.0018125
8.39481e-007	-0.002125
8.39981e-007	-0.002125
8.40481e-007	-0.0030625
8.40981e-007	-0.00275
8.41481e-007	-0.0030625
8.41981e-007	-0.002125
8.42481e-007	-0.002125
8.42981e-007	-0.0018125
8.43481e-007	-0.000875
8.43981e-007	-0.0005625
8.44481e-007	-0.000875
8.44981e-007	-0.000875
8.45481e-007	-0.00025
8.45981e-007	-0.0011875
8.46481e-007	-0.0011875
8.46981e-007	-0.0005625
8.47481e-007	-0.00025
8.47981e-007	-0.0015
8.48481e-007	-0.0018125
8.48981e-007	-0.002125
8.49481e-007	-0.0018125
8.49981e-007	-0.0024375
8.50481e-007	-0.0030625
8.50981e-007	-0.0030625
8.51481e-007	-0.0030625
8.51981e-007	-0.0024375
8.52481e-007	-0.002125
8.52981e-007	-0.002125
8.53481e-007	-0.0011875
8.53981e-007	-0.0011875
8.54481e-007	-0.00025
8.54981e-007	6.25e-005
8.55481e-007	-0.00025
8.55981e-007	6.25e-005
8.56481e-007	-0.0011875
8.56981e-007	-0.0015
8.57481e-007	-0.0015
8.57981e-007	-0.0011875
8.58481e-007	-0.002125
8.58981e-007	-0.002125
8.59481e-007	-0.00275
8.59981e-007	-0.00275
8.60481e-007	-0.003375
8.60981e-007	-0.0036875
8.61481e-007	-0.0043125
8.61981e-007	-0.0030625
8.62481e-007	-0.002125
8.62981e-007	-0.002125
8.63481e-007	-0.0011875
8.63981e-007	6.25e-005
8.64481e-007	-0.00025
8.64981e-007	-0.0005625
8.65481e-007	6.25e-005
8.65981e-007	6.25e-005
8.66481e-007	-0.0005625
8.66981e-007	-0.000875
8.67481e-007	-0.0011875
8.67981e-007	-0.0015
8.68481e-007	-0.002125
8.68981e-007	-0.0018125
8.69481e-007	-0.002125
8.69981e-007	-0.003375
8.70481e-007	-0.00275
8.70981e-007	-0.0030625
8.71481e-007	-0.0036875
8.71981e-007	-0.00275
8.72481e-007	-0.0024375
8.72981e-007	-0.0024375
8.73481e-007	-0.0018125
8.73981e-007	-0.0011875
8.74481e-007	-0.0005625
8.74981e-007	-0.000875
8.75481e-007	-0.00025
8.75981e-007	-0.0005625
8.76481e-007	-0.0005625
8.76981e-007	-0.0011875
8.77481e-007	-0.0015
8.77981e-007	-0.00025
8.78481e-007	-0.0015
8.78981e-007	-0.0030625
8.79481e-007	-0.0030625
8.79981e-007	-0.0030625
8.80481e-007	-0.00275
8.80981e-007	-0.0030625
8.81481e-007	-0.0030625
8.81981e-007	-0.002125
8.82481e-007	-0.00275
8.82981e-007	-0.002125
8.83481e-007	-0.0018125
8.83981e-007	-0.000875
8.84481e-007	-0.000875
8.84981e-007	-0.000875
8.85481e-007	-0.000875
8.85981e-007	-0.000875
8.86481e-007	-0.0011875
8.86981e-007	-0.000875
8.87481e-007	-0.0011875
8.87981e-007	-0.0018125
8.88481e-007	-0.0024375
8.88981e-007	-0.002125
8.89481e-007	-0.002125
8.89981e-007	-0.00275
8.90481e-007	-0.0018125
8.90981e-007	-0.002125
8.91481e-007	-0.0024375
8.91981e-007	-0.0018125
8.92481e-007	-0.0015
8.92981e-007	-0.002125
8.93481e-007	-0.0018125
8.93981e-007	-0.0015
8.94481e-007	-0.000875
8.94981e-007	-0.0011875
8.95481e-007	-0.0005625
8.95981e-007	-0.0018125
8.96481e-007	-0.0011875
8.96981e-007	-0.000875
8.97481e-007	-0.0018125
8.97981e-007	-0.0018125
8.98481e-007	-0.002125
8.98981e-007	-0.002125
8.99481e-007	-0.002125
8.99981e-007	-0.002125
9.00481e-007	-0.0015
9.00981e-007	-0.0011875
9.01481e-007	-0.0011875
9.01981e-007	-0.0011875
9.02481e-007	-0.0015
9.02981e-007	-0.0011875
9.03481e-007	-0.000875
9.03981e-007	6.25e-005
9.04481e-007	-0.000875
9.04981e-007	-0.0018125
9.05481e-007	-0.0018125
9.05981e-007	-0.002125
9.06481e-007	-0.0015
9.06981e-007	-0.0015
9.07481e-007	-0.00275
9.07981e-007	-0.002125
9.08481e-007	-0.0024375
9.08981e-007	-0.0030625
9.09481e-007	-0.0018125
9.09981e-007	-0.0011875
9.10481e-007	-0.0011875
9.10981e-007	-0.0011875
9.11481e-007	-0.000875
9.11981e-007	-0.0011875
9.12481e-007	-0.00025
9.12981e-007	-0.00025
9.13481e-007	-0.0005625
9.13981e-007	-0.0005625
9.14481e-007	-0.000875
9.14981e-007	-0.0018125
9.15481e-007	-0.0011875
9.15981e-007	-0.0018125
9.16481e-007	-0.002125
9.16981e-007	-0.0024375
9.17481e-007	-0.0030625
9.17981e-007	-0.00275
9.18481e-007	-0.0024375
9.18981e-007	-0.002125
9.19481e-007	-0.0015
9.19981e-007	-0.0015
9.20481e-007	-0.000875
9.20981e-007	-0.0011875
9.21481e-007	-0.000875
9.21981e-007	0.000375
9.22481e-007	6.25e-005
9.22981e-007	6.25e-005
9.23481e-007	-0.00025
9.23981e-007	6.25e-005
9.24481e-007	-0.0005625
9.24981e-007	-0.0015
9.25481e-007	-0.0018125
9.25981e-007	-0.0024375
9.26481e-007	-0.0030625
9.26981e-007	-0.0024375
9.27481e-007	-0.0030625
9.27981e-007	-0.003375
9.28481e-007	-0.003375
9.28981e-007	-0.002125
9.29481e-007	-0.0011875
9.29981e-007	-0.0018125
9.30481e-007	-0.0015
9.30981e-007	-0.0005625
9.31481e-007	-0.0005625
9.31981e-007	0.0006875
9.32481e-007	0.000375
9.32981e-007	-0.00025
9.33481e-007	0.000375
9.33981e-007	6.25e-005
9.34481e-007	-0.000875
9.34981e-007	-0.0018125
9.35481e-007	-0.0011875
9.35981e-007	-0.0018125
9.36481e-007	-0.0024375
9.36981e-007	-0.0024375
9.37481e-007	-0.0024375
9.37981e-007	-0.003375
9.38481e-007	-0.003375
9.38981e-007	-0.0030625
9.39481e-007	-0.0015
9.39981e-007	-0.0011875
9.40481e-007	-0.0015
9.40981e-007	-0.000875
9.41481e-007	6.25e-005
9.41981e-007	0.000375
9.42481e-007	-0.00025
9.42981e-007	-0.0005625
9.43481e-007	-0.0005625
9.43981e-007	-0.0005625
9.44481e-007	-0.0005625
9.44981e-007	-0.000875
9.45481e-007	-0.0011875
9.45981e-007	-0.0015
9.46481e-007	-0.0018125
9.46981e-007	-0.0024375
9.47481e-007	-0.00275
9.47981e-007	-0.0015
9.48481e-007	-0.0024375
9.48981e-007	-0.0030625
9.49481e-007	-0.002125
9.49981e-007	-0.0015
9.50481e-007	-0.0011875
9.50981e-007	-0.0015
9.51481e-007	-0.0005625
9.51981e-007	6.25e-005
9.52481e-007	-0.0005625
9.52981e-007	0.000375
9.53481e-007	-0.0005625
9.53981e-007	-0.000875
9.54481e-007	-0.000875
9.54981e-007	-0.002125
9.55481e-007	-0.0011875
9.55981e-007	-0.002125
9.56481e-007	-0.0015
9.56981e-007	-0.0011875
9.57481e-007	-0.0024375
9.57981e-007	-0.002125
9.58481e-007	-0.0024375
9.58981e-007	-0.0018125
9.59481e-007	-0.0015
9.59981e-007	-0.0018125
9.60481e-007	-0.000875
9.60981e-007	-0.0011875
9.61481e-007	-0.000875
9.61981e-007	6.25e-005
9.62481e-007	-0.0011875
9.62981e-007	-0.0005625
9.63481e-007	-0.0005625
9.63981e-007	-0.0011875
9.64481e-007	-0.002125
9.64981e-007	-0.0018125
9.65481e-007	-0.0011875
9.65981e-007	-0.0015
9.66481e-007	-0.0011875
9.66981e-007	-0.000875
9.67481e-007	-0.0015
9.67981e-007	-0.0011875
9.68481e-007	-0.0015
9.68981e-007	-0.0015
9.69481e-007	-0.0015
9.69981e-007	-0.0015
9.70481e-007	-0.000875
9.70981e-007	-0.0011875
9.71481e-007	-0.0011875
9.71981e-007	-0.0011875
9.72481e-007	-0.000875
9.72981e-007	-0.000875
9.73481e-007	-0.0011875
9.73981e-007	-0.0015
9.74481e-007	-0.0015
9.74981e-007	-0.000875
9.75481e-007	-0.0011875
9.75981e-007	-0.00275
9.76481e-007	-0.0015
9.76981e-007	-0.0011875
9.77481e-007	-0.0015
9.77981e-007	-0.0011875
9.78481e-007	-0.0015
9.78981e-007	-0.000875
9.79481e-007	-0.000875
9.79981e-007	-0.0005625
9.80481e-007	-0.00025
9.80981e-007	-0.0005625
9.81481e-007	-0.0005625
9.81981e-007	-0.000875
9.82481e-007	-0.0005625
9.82981e-007	-0.0005625
9.83481e-007	-0.0015
9.83981e-007	-0.002125
9.84481e-007	-0.0018125
9.84981e-007	-0.0018125
9.85481e-007	-0.0018125
9.85981e-007	-0.0015
9.86481e-007	-0.0011875
9.86981e-007	-0.0018125
9.87481e-007	-0.0011875
9.87981e-007	-0.000875
9.88481e-007	-0.0015
9.88981e-007	-0.0011875
9.89481e-007	-0.0011875
9.89981e-007	-0.000875
9.90481e-007	-0.000875
9.90981e-007	-0.000875
9.91481e-007	-0.000875
9.91981e-007	-0.0005625
9.92481e-007	-0.0005625
9.92981e-007	-0.000875
9.93481e-007	-0.0018125
9.93981e-007	-0.0011875
9.94481e-007	-0.0011875
9.94981e-007	-0.0015
9.95481e-007	-0.002125
9.95981e-007	-0.0024375
9.96481e-007	-0.0018125
9.96981e-007	-0.0018125
9.97481e-007	-0.0018125
9.97981e-007	-0.0018125
9.98481e-007	-0.0015
9.98981e-007	-0.0015
9.99481e-007	-0.0005625
9.99981e-007	-0.000875
1.000481e-006	-0.0011875
1.000981e-006	-0.0011875
1.001481e-006	-0.0011875
1.001981e-006	-0.000875
1.002481e-006	-0.0005625
1.002981e-006	-0.000875
1.003481e-006	-0.000875
1.003981e-006	-0.0005625
1.004481e-006	-0.0011875
1.004981e-006	-0.0018125
1.005481e-006	-0.0018125
1.005981e-006	-0.0018125
1.006481e-006	-0.0015
1.006981e-006	-0.002125
1.007481e-006	-0.0024375
1.007981e-006	-0.0015
1.008481e-006	-0.0024375
1.008981e-006	-0.0018125
1.009481e-006	-0.000875
1.009981e-006	-0.0011875
1.010481e-006	-0.0015
1.010981e-006	-0.000875
1.011481e-006	-0.0005625
1.011981e-006	-0.00025
1.012481e-006	6.25e-005
1.012981e-006	0.000375
1.013481e-006	-0.000875
1.013981e-006	-0.0005625
1.014481e-006	-0.0005625
1.014981e-006	-0.0011875
1.015481e-006	-0.0011875
1.015981e-006	-0.0018125
1.016481e-006	-0.000875
1.016981e-006	-0.0018125
1.017481e-006	-0.00275
1.017981e-006	-0.0024375
1.018481e-006	-0.0018125
1.018981e-006	-0.0011875
1.019481e-006	-0.0015
1.019981e-006	-0.0024375
1.020481e-006	-0.0015
1.020981e-006	-0.0018125
1.021481e-006	-0.000875
1.021981e-006	-0.00025
1.022481e-006	6.25e-005
1.022981e-006	-0.00025
1.023481e-006	-0.0005625
1.023981e-006	6.25e-005
1.024481e-006	0.000375
1.024981e-006	-0.00025
1.025481e-006	-0.0011875
1.025981e-006	-0.0011875
1.026481e-006	-0.0011875
1.026981e-006	-0.002125
1.027481e-006	-0.002125
1.027981e-006	-0.002125
1.028481e-006	-0.00275
1.028981e-006	-0.0024375
1.029481e-006	-0.002125
1.029981e-006	-0.0015
1.030481e-006	-0.0015
1.030981e-006	-0.0011875
1.031481e-006	-0.0005625
1.031981e-006	-0.0005625
1.032481e-006	-0.00025
1.032981e-006	6.25e-005
1.033481e-006	-0.0005625
1.033981e-006	0.0006875
1.034481e-006	0.000375
1.034981e-006	-0.00025
1.035481e-006	6.25e-005
1.035981e-006	-0.0005625
1.036481e-006	-0.000875
1.036981e-006	-0.0011875
1.037481e-006	-0.0018125
1.037981e-006	-0.0024375
1.038481e-006	-0.0024375
1.038981e-006	-0.002125
1.039481e-006	-0.0024375
1.039981e-006	-0.002125
1.040481e-006	-0.0015
1.040981e-006	-0.002125
1.041481e-006	-0.000875
1.041981e-006	-0.0011875
1.042481e-006	-0.0005625
1.042981e-006	6.25e-005
1.043481e-006	6.25e-005
1.043981e-006	6.25e-005
1.044481e-006	0.000375
1.044981e-006	-0.0005625
1.045481e-006	6.25e-005
1.045981e-006	-0.00025
1.046481e-006	-0.000875
1.046981e-006	-0.0015
1.047481e-006	-0.0011875
1.047981e-006	-0.002125
1.048481e-006	-0.002125
1.048981e-006	-0.002125
1.049481e-006	-0.002125
1.049981e-006	-0.002125
1.050481e-006	-0.002125
1.050981e-006	-0.0015
1.051481e-006	-0.0011875
1.051981e-006	-0.0011875
1.052481e-006	-0.0015
1.052981e-006	-0.0005625
1.053481e-006	-0.00025
1.053981e-006	-0.00025
1.054481e-006	-0.00025
1.054981e-006	6.25e-005
1.055481e-006	-0.0005625
1.055981e-006	-0.000875
1.056481e-006	-0.000875
1.056981e-006	-0.0011875
1.057481e-006	-0.002125
1.057981e-006	-0.0024375
1.058481e-006	-0.002125
1.058981e-006	-0.0018125
1.059481e-006	-0.0018125
1.059981e-006	-0.002125
1.060481e-006	-0.0018125
1.060981e-006	-0.0018125
1.061481e-006	-0.0011875
1.061981e-006	-0.0018125
1.062481e-006	-0.000875
1.062981e-006	-0.0011875
1.063481e-006	-0.0005625
1.063981e-006	-0.000875
1.064481e-006	-0.0005625
1.064981e-006	-0.00025
1.065481e-006	-0.00025
1.065981e-006	-0.0005625
1.066481e-006	-0.000875
1.066981e-006	-0.0011875
1.067481e-006	-0.0018125
1.067981e-006	-0.002125
1.068481e-006	-0.0018125
1.068981e-006	-0.0018125
1.069481e-006	-0.0018125
1.069981e-006	-0.0011875
1.070481e-006	-0.0011875
1.070981e-006	-0.0015
1.071481e-006	-0.0011875
1.071981e-006	-0.00025
1.072481e-006	-0.000875
1.072981e-006	-0.000875
1.073481e-006	-0.0011875
1.073981e-006	-0.000875
1.074481e-006	-0.00025
1.074981e-006	-0.00025
1.075481e-006	-0.00025
1.075981e-006	-0.0005625
1.076481e-006	-0.0018125
1.076981e-006	-0.002125
1.077481e-006	-0.0018125
1.077981e-006	-0.000875
1.078481e-006	-0.0011875
1.078981e-006	-0.0024375
1.079481e-006	-0.0015
1.079981e-006	-0.0015
1.080481e-006	-0.000875
1.080981e-006	-0.0011875
1.081481e-006	-0.0018125
1.081981e-006	-0.00025
1.082481e-006	-0.0005625
1.082981e-006	-0.000875
1.083481e-006	-0.0005625
1.083981e-006	-0.0011875
1.084481e-006	-0.0005625
1.084981e-006	-0.0005625
1.085481e-006	-0.0011875
1.085981e-006	-0.0015
1.086481e-006	-0.000875
1.086981e-006	-0.0015
1.087481e-006	-0.0015
1.087981e-006	-0.0015
1.088481e-006	-0.000875
1.088981e-006	-0.000875
1.089481e-006	-0.000875
1.089981e-006	-0.002125
1.090481e-006	-0.0011875
1.090981e-006	-0.000875
1.091481e-006	-0.0005625
1.091981e-006	-0.000875
1.092481e-006	-0.000875
1.092981e-006	-0.0005625
1.093481e-006	-0.0005625
1.093981e-006	-0.0005625
1.094481e-006	-0.0005625
1.094981e-006	-0.0011875
1.095481e-006	-0.000875
1.095981e-006	-0.0011875
1.096481e-006	-0.0011875
1.096981e-006	-0.0011875
1.097481e-006	-0.002125
1.097981e-006	-0.002125
1.098481e-006	-0.0018125
1.098981e-006	-0.0011875
1.099481e-006	-0.0018125
1.099981e-006	-0.0011875
1.100481e-006	-0.000875
1.100981e-006	-0.0015
1.101481e-006	-0.0005625
1.101981e-006	-0.00025
1.102481e-006	-0.0005625
1.102981e-006	6.25e-005
1.103481e-006	-0.0005625
1.103981e-006	-0.000875
1.104481e-006	-0.0005625
1.104981e-006	-0.000875
1.105481e-006	-0.000875
1.105981e-006	-0.0015
1.106481e-006	-0.000875
1.106981e-006	-0.0018125
1.107481e-006	-0.0018125
1.107981e-006	-0.0015
1.108481e-006	-0.0018125
1.108981e-006	-0.0024375
1.109481e-006	-0.0015
1.109981e-006	-0.0011875
1.110481e-006	-0.0011875
1.110981e-006	-0.0011875
1.111481e-006	-0.000875
1.111981e-006	-0.0005625
1.112481e-006	6.25e-005
1.112981e-006	0.000375
1.113481e-006	0.000375
1.113981e-006	-0.00025
1.114481e-006	-0.00025
1.114981e-006	6.25e-005
1.115481e-006	-0.0011875
1.115981e-006	-0.000875
1.116481e-006	-0.000875
1.116981e-006	-0.0011875
1.117481e-006	-0.0011875
1.117981e-006	-0.0015
1.118481e-006	-0.0018125
1.118981e-006	-0.002125
1.119481e-006	-0.0018125
1.119981e-006	-0.0024375
1.120481e-006	-0.0011875
1.120981e-006	-0.0005625
1.121481e-006	-0.000875
1.121981e-006	-0.0005625
1.122481e-006	-0.00025
1.122981e-006	-0.0005625
1.123481e-006	-0.00025
1.123981e-006	6.25e-005
1.124481e-006	-0.0005625
1.124981e-006	-0.0005625
1.125481e-006	-0.00025
1.125981e-006	-0.00025
1.126481e-006	-0.0005625
1.126981e-006	-0.0011875
1.127481e-006	-0.0011875
1.127981e-006	-0.0018125
1.128481e-006	-0.0015
1.128981e-006	-0.0015
1.129481e-006	-0.0024375
1.129981e-006	-0.0018125
1.130481e-006	-0.002125
1.130981e-006	-0.0018125
1.131481e-006	-0.0011875
1.131981e-006	-0.000875
1.132481e-006	-0.0005625
1.132981e-006	-0.000875
1.133481e-006	-0.0005625
1.133981e-006	-0.0005625
1.134481e-006	-0.00025
1.134981e-006	-0.00025
1.135481e-006	-0.00025
1.135981e-006	-0.00025
1.136481e-006	-0.0011875
1.136981e-006	-0.0018125
1.137481e-006	-0.0005625
1.137981e-006	-0.0011875
1.138481e-006	-0.0015
1.138981e-006	-0.002125
1.139481e-006	-0.0018125
1.139981e-006	-0.0011875
1.140481e-006	-0.0018125
1.140981e-006	-0.000875
1.141481e-006	-0.0011875
1.141981e-006	-0.0015
1.142481e-006	-0.00025
1.142981e-006	6.25e-005
1.143481e-006	0.000375
1.143981e-006	-0.00025
1.144481e-006	-0.0011875
1.144981e-006	-0.0005625
1.145481e-006	-0.000875
1.145981e-006	-0.00025
1.146481e-006	-0.0011875
1.146981e-006	-0.0018125
1.147481e-006	-0.0011875
1.147981e-006	-0.0015
1.148481e-006	-0.000875
1.148981e-006	-0.0018125
1.149481e-006	-0.002125
1.149981e-006	-0.0015
1.150481e-006	-0.0011875
1.150981e-006	-0.00025
1.151481e-006	-0.0005625
1.151981e-006	-0.000875
1.152481e-006	6.25e-005
1.152981e-006	-0.0005625
1.153481e-006	6.25e-005
1.153981e-006	-0.00025
1.154481e-006	-0.0005625
1.154981e-006	-0.0005625
1.155481e-006	-0.0011875
1.155981e-006	-0.0005625
1.156481e-006	-0.000875
1.156981e-006	-0.0011875
1.157481e-006	-0.000875
1.157981e-006	-0.0018125
1.158481e-006	-0.0011875
1.158981e-006	-0.0011875
1.159481e-006	-0.0011875
1.159981e-006	-0.000875
1.160481e-006	-0.0018125
1.160981e-006	-0.0011875
1.161481e-006	-0.0005625
1.161981e-006	-0.000875
1.162481e-006	-0.0005625
1.162981e-006	-0.0005625
1.163481e-006	-0.00025
1.163981e-006	-0.00025
1.164481e-006	-0.00025
1.164981e-006	-0.0005625
1.165481e-006	-0.0011875
1.165981e-006	-0.0011875
1.166481e-006	-0.0015
1.166981e-006	-0.0011875
1.167481e-006	-0.000875
1.167981e-006	-0.0018125
1.168481e-006	-0.0018125
1.168981e-006	-0.0018125
1.169481e-006	-0.0005625
1.169981e-006	-0.0005625
1.170481e-006	-0.0011875
1.170981e-006	-0.0005625
1.171481e-006	-0.0005625
1.171981e-006	-0.0005625
1.172481e-006	-0.0005625
1.172981e-006	-0.0005625
1.173481e-006	6.25e-005
1.173981e-006	-0.0005625
1.174481e-006	-0.000875
1.174981e-006	-0.0005625
1.175481e-006	-0.000875
1.175981e-006	-0.0011875
1.176481e-006	-0.0015
1.176981e-006	-0.0011875
1.177481e-006	-0.0011875
1.177981e-006	-0.002125
1.178481e-006	-0.0011875
1.178981e-006	-0.0015
1.179481e-006	-0.0011875
1.179981e-006	-0.000875
1.180481e-006	-0.000875
1.180981e-006	-0.000875
1.181481e-006	6.25e-005
1.181981e-006	6.25e-005
1.182481e-006	6.25e-005
1.182981e-006	-0.0005625
1.183481e-006	-0.00025
1.183981e-006	-0.000875
1.184481e-006	-0.0005625
1.184981e-006	-0.0005625
1.185481e-006	-0.0005625
1.185981e-006	-0.0005625
1.186481e-006	-0.0018125
1.186981e-006	-0.0015
1.187481e-006	-0.000875
1.187981e-006	-0.0018125
1.188481e-006	-0.0011875
1.188981e-006	-0.0011875
1.189481e-006	-0.0011875
1.189981e-006	-0.0011875
1.190481e-006	-0.0011875
1.190981e-006	-0.0005625
1.191481e-006	-0.0005625
1.191981e-006	-0.00025
1.192481e-006	-0.0005625
1.192981e-006	-0.00025
1.193481e-006	6.25e-005
1.193981e-006	-0.0005625
1.194481e-006	-0.0005625
1.194981e-006	-0.0005625
1.195481e-006	-0.0011875
1.195981e-006	-0.000875
1.196481e-006	-0.0011875
1.196981e-006	-0.0011875
1.197481e-006	-0.0015
1.197981e-006	-0.0015
1.198481e-006	0.000375
1.198981e-006	-0.0011875
1.199481e-006	-0.0011875
1.199981e-006	-0.000875
1.200481e-006	-0.0005625
1.200981e-006	-0.0011875
1.201481e-006	-0.0011875
1.201981e-006	-0.0005625
1.202481e-006	-0.000875
1.202981e-006	-0.0005625
1.203481e-006	-0.00025
1.203981e-006	-0.0011875
1.204481e-006	-0.000875
1.204981e-006	-0.000875
1.205481e-006	-0.000875
1.205981e-006	-0.0011875
1.206481e-006	-0.0011875
1.206981e-006	-0.0005625
1.207481e-006	-0.0005625
1.207981e-006	-0.0005625
1.208481e-006	-0.0005625
1.208981e-006	-0.0011875
1.209481e-006	-0.0005625
1.209981e-006	-0.0011875
1.210481e-006	-0.0005625
1.210981e-006	-0.000875
1.211481e-006	-0.0015
1.211981e-006	-0.0005625
1.212481e-006	-0.0011875
1.212981e-006	-0.0011875
1.213481e-006	-0.000875
1.213981e-006	-0.0018125
1.214481e-006	-0.00025
1.214981e-006	-0.0011875
1.215481e-006	-0.0011875
1.215981e-006	-0.000875
1.216481e-006	-0.000875
1.216981e-006	6.25e-005
1.217481e-006	-0.0011875
1.217981e-006	-0.00025
1.218481e-006	6.25e-005
1.218981e-006	-0.0005625
1.219481e-006	0.000375
1.219981e-006	-0.000875
1.220481e-006	-0.0005625
1.220981e-006	-0.000875
1.221481e-006	-0.0015
1.221981e-006	-0.000875
1.222481e-006	-0.002125
1.222981e-006	-0.0011875
1.223481e-006	-0.0015
1.223981e-006	-0.0015
1.224481e-006	-0.0005625
1.224981e-006	-0.0015
1.225481e-006	-0.000875
1.225981e-006	-0.0011875
1.226481e-006	-0.0005625
1.226981e-006	0.0006875
1.227481e-006	6.25e-005
1.227981e-006	0.0006875
1.228481e-006	6.25e-005
1.228981e-006	-0.0005625
1.229481e-006	0.000375
1.229981e-006	-0.00025
1.230481e-006	-0.0005625
1.230981e-006	-0.0011875
1.231481e-006	-0.0005625
1.231981e-006	-0.0011875
1.232481e-006	-0.0024375
1.232981e-006	-0.002125
1.233481e-006	-0.002125
1.233981e-006	-0.0015
1.234481e-006	-0.0005625
1.234981e-006	-0.0018125
1.235481e-006	-0.0011875
1.235981e-006	-0.0011875
1.236481e-006	6.25e-005
1.236981e-006	6.25e-005
1.237481e-006	-0.0005625
1.237981e-006	0.0006875
1.238481e-006	6.25e-005
1.238981e-006	-0.000875
1.239481e-006	6.25e-005
1.239981e-006	-0.000875
1.240481e-006	6.25e-005
1.240981e-006	-0.0005625
1.241481e-006	-0.0005625
1.241981e-006	-0.000875
1.242481e-006	-0.0015
1.242981e-006	-0.0011875
1.243481e-006	-0.0011875
1.243981e-006	-0.0011875
1.244481e-006	-0.0005625
1.244981e-006	-0.0015
1.245481e-006	-0.000875
1.245981e-006	-0.000875
1.246481e-006	-0.0005625
1.246981e-006	0.000375
1.247481e-006	-0.00025
1.247981e-006	0.000375
1.248481e-006	-0.0005625
1.248981e-006	-0.0005625
1.249481e-006	-0.0005625
1.249981e-006	-0.000875
1.250481e-006	6.25e-005
1.250981e-006	-0.0005625
1.251481e-006	-0.0011875
1.251981e-006	-0.0005625
1.252481e-006	-0.0011875
1.252981e-006	-0.0005625
1.253481e-006	-0.0011875
1.253981e-006	-0.000875
1.254481e-006	-0.000875
1.254981e-006	-0.0018125
1.255481e-006	-0.0005625
1.255981e-006	-0.00025
1.256481e-006	-0.0005625
1.256981e-006	6.25e-005
1.257481e-006	-0.00025
1.257981e-006	6.25e-005
1.258481e-006	-0.0005625
1.258981e-006	-0.0005625
1.259481e-006	6.25e-005
1.259981e-006	-0.000875
1.260481e-006	-0.0005625
1.260981e-006	-0.0011875
1.261481e-006	-0.0005625
1.261981e-006	-0.000875
1.262481e-006	-0.000875
1.262981e-006	-0.0005625
1.263481e-006	-0.0005625
1.263981e-006	-0.00025
1.264481e-006	-0.0005625
1.264981e-006	-0.000875
1.265481e-006	0.000375
1.265981e-006	0.000375
1.266481e-006	-0.0005625
1.266981e-006	-0.000875
1.267481e-006	-0.000875
1.267981e-006	6.25e-005
1.268481e-006	-0.0015
1.268981e-006	-0.0018125
1.269481e-006	-0.0015
1.269981e-006	-0.0015
1.270481e-006	-0.0005625
1.270981e-006	-0.0015
1.271481e-006	-0.0011875
1.271981e-006	-0.0005625
1.272481e-006	-0.0005625
1.272981e-006	-0.00025
1.273481e-006	-0.000875
1.273981e-006	0.000375
1.274481e-006	-0.00025
1.274981e-006	-0.0005625
1.275481e-006	0.000375
1.275981e-006	6.25e-005
1.276481e-006	0.000375
1.276981e-006	-0.00025
1.277481e-006	-0.0018125
1.277981e-006	-0.0011875
1.278481e-006	-0.0011875
1.278981e-006	-0.0018125
1.279481e-006	-0.0024375
1.279981e-006	-0.002125
1.280481e-006	-0.0011875
1.280981e-006	-0.0018125
1.281481e-006	-0.0011875
1.281981e-006	-0.000875
1.282481e-006	-0.000875
1.282981e-006	-0.0005625
1.283481e-006	-0.0005625
1.283981e-006	6.25e-005
1.284481e-006	6.25e-005
1.284981e-006	0.001
1.285481e-006	0.0013125
1.285981e-006	6.25e-005
1.286481e-006	0.000375
1.286981e-006	6.25e-005
1.287481e-006	6.25e-005
1.287981e-006	-0.000875
1.288481e-006	-0.0011875
1.288981e-006	-0.000875
1.289481e-006	-0.0018125
1.289981e-006	-0.002125
1.290481e-006	-0.0011875
1.290981e-006	-0.0011875
1.291481e-006	-0.0005625
1.291981e-006	-0.000875
1.292481e-006	-0.0011875
1.292981e-006	-0.0005625
1.293481e-006	-0.0005625
1.293981e-006	6.25e-005
1.294481e-006	-0.00025
1.294981e-006	0.001
1.295481e-006	0.0006875
1.295981e-006	0.000375
1.296481e-006	6.25e-005
1.296981e-006	0.000375
1.297481e-006	6.25e-005
1.297981e-006	6.25e-005
1.298481e-006	-0.0015
1.298981e-006	-0.0015
1.299481e-006	-0.0011875
1.299981e-006	-0.0011875
1.300481e-006	-0.0011875
1.300981e-006	-0.0015
1.301481e-006	-0.000875
1.301981e-006	-0.0011875
1.302481e-006	-0.000875
1.302981e-006	-0.000875
1.303481e-006	6.25e-005
1.303981e-006	6.25e-005
1.304481e-006	-0.0005625
1.304981e-006	-0.00025
1.305481e-006	0.001
1.305981e-006	6.25e-005
1.306481e-006	6.25e-005
1.306981e-006	-0.0005625
1.307481e-006	-0.00025
1.307981e-006	-0.00025
1.308481e-006	6.25e-005
1.308981e-006	-0.00025
1.309481e-006	-0.000875
1.309981e-006	-0.000875
1.310481e-006	-0.0005625
1.310981e-006	6.25e-005
1.311481e-006	-0.0005625
1.311981e-006	-0.0011875
1.312481e-006	-0.000875
1.312981e-006	-0.00025
1.313481e-006	-0.000875
1.313981e-006	-0.000875
1.314481e-006	-0.0005625
1.314981e-006	-0.0005625
1.315481e-006	-0.000875
1.315981e-006	-0.0005625
1.316481e-006	-0.00025
1.316981e-006	-0.0005625
1.317481e-006	-0.0005625
1.317981e-006	-0.00025
1.318481e-006	-0.0005625
1.318981e-006	-0.00025
1.319481e-006	6.25e-005
1.319981e-006	0.001
1.320481e-006	-0.00025
1.320981e-006	-0.00025
1.321481e-006	6.25e-005
1.321981e-006	-0.000875
1.322481e-006	-0.0005625
1.322981e-006	-0.0005625
1.323481e-006	-0.0005625
1.323981e-006	-0.000875
1.324481e-006	-0.0015
1.324981e-006	-0.0015
1.325481e-006	-0.0005625
1.325981e-006	-0.0011875
1.326481e-006	-0.000875
1.326981e-006	-0.0011875
1.327481e-006	-0.0005625
1.327981e-006	-0.000875
1.328481e-006	-0.0005625
1.328981e-006	0.000375
1.329481e-006	0.001
1.329981e-006	0.000375
1.330481e-006	0.001
1.330981e-006	0.001
1.331481e-006	0.000375
1.331981e-006	-0.0005625
1.332481e-006	-0.00025
1.332981e-006	-0.00025
1.333481e-006	-0.0015
1.333981e-006	-0.0024375
1.334481e-006	-0.002125
1.334981e-006	-0.0018125
1.335481e-006	-0.0018125
1.335981e-006	-0.0015
1.336481e-006	-0.002125
1.336981e-006	-0.0011875
1.337481e-006	-0.0005625
1.337981e-006	-0.00025
1.338481e-006	0.000375
1.338981e-006	0.0006875
1.339481e-006	0.000375
1.339981e-006	0.0019375
1.340481e-006	0.0013125
1.340981e-006	0.0013125
1.341481e-006	0.000375
1.341981e-006	0.000375
1.342481e-006	6.25e-005
1.342981e-006	-0.000875
1.343481e-006	-0.0011875
1.343981e-006	-0.0011875
1.344481e-006	-0.0018125
1.344981e-006	-0.0018125
1.345481e-006	-0.0018125
1.345981e-006	-0.0015
1.346481e-006	-0.0011875
1.346981e-006	-0.002125
1.347481e-006	-0.000875
1.347981e-006	-0.000875
1.348481e-006	0.000375
1.348981e-006	6.25e-005
1.349481e-006	0.0006875
1.349981e-006	0.001
1.350481e-006	0.0013125
1.350981e-006	0.0013125
1.351481e-006	0.001
1.351981e-006	6.25e-005
1.352481e-006	0.000375
1.352981e-006	-0.0005625
1.353481e-006	-0.000875
1.353981e-006	-0.0011875
1.354481e-006	-0.002125
1.354981e-006	-0.002125
1.355481e-006	-0.0011875
1.355981e-006	-0.0011875
1.356481e-006	-0.0018125
1.356981e-006	-0.0015
1.357481e-006	-0.0015
1.357981e-006	-0.00025
1.358481e-006	0.000375
1.358981e-006	0.000375
1.359481e-006	0.000375
1.359981e-006	0.0013125
1.360481e-006	0.000375
1.360981e-006	6.25e-005
1.361481e-006	-0.00025
1.361981e-006	-0.00025
1.362481e-006	-0.0005625
1.362981e-006	-0.000875
1.363481e-006	-0.0018125
1.363981e-006	-0.002125
1.364481e-006	-0.0015
1.364981e-006	-0.0011875
1.365481e-006	-0.0005625
1.365981e-006	-0.0015
1.366481e-006	-0.0015
1.366981e-006	-0.000875
1.367481e-006	6.25e-005
1.367981e-006	6.25e-005
1.368481e-006	0.000375
1.368981e-006	6.25e-005
1.369481e-006	0.0006875
1.369981e-006	0.000375
1.370481e-006	0.000375
1.370981e-006	-0.00025
1.371481e-006	-0.0005625
1.371981e-006	-0.0011875
1.372481e-006	-0.0005625
1.372981e-006	-0.0005625
1.373481e-006	-0.0015
1.373981e-006	-0.0018125
1.374481e-006	-0.0015
1.374981e-006	-0.0011875
1.375481e-006	-0.0005625
1.375981e-006	-0.0005625
1.376481e-006	-0.000875
1.376981e-006	-0.0005625
1.377481e-006	0.000375
1.377981e-006	0.0013125
1.378481e-006	0.001
1.378981e-006	0.0006875
1.379481e-006	0.000375
1.379981e-006	6.25e-005
1.380481e-006	-0.00025
1.380981e-006	6.25e-005
1.381481e-006	-0.000875
1.381981e-006	-0.0015
1.382481e-006	-0.0011875
1.382981e-006	-0.0011875
1.383481e-006	-0.0011875
1.383981e-006	-0.0018125
1.384481e-006	-0.0018125
1.384981e-006	-0.000875
1.385481e-006	-0.0005625
1.385981e-006	-0.0005625
1.386481e-006	6.25e-005
1.386981e-006	0.0013125
1.387481e-006	0.0013125
1.387981e-006	0.001
1.388481e-006	0.001
1.388981e-006	0.0013125
1.389481e-006	0.000375
1.389981e-006	-0.0005625
1.390481e-006	-0.0005625
1.390981e-006	-0.000875
1.391481e-006	-0.0015
1.391981e-006	-0.002125
1.392481e-006	-0.002125
1.392981e-006	-0.00275
1.393481e-006	-0.002125
1.393981e-006	-0.0018125
1.394481e-006	-0.0015
1.394981e-006	-0.000875
1.395481e-006	0.000375
1.395981e-006	0.000375
1.396481e-006	0.000375
1.396981e-006	0.001
1.397481e-006	0.001625
1.397981e-006	0.001625
1.398481e-006	0.00225
1.398981e-006	0.001
1.399481e-006	6.25e-005
1.399981e-006	-0.0005625
1.400481e-006	-0.0011875
1.400981e-006	-0.000875
1.401481e-006	-0.0011875
1.401981e-006	-0.0015
1.402481e-006	-0.0030625
1.402981e-006	-0.00275
1.403481e-006	-0.0018125
1.403981e-006	-0.0015
1.404481e-006	-0.0011875
1.404981e-006	-0.0011875
1.405481e-006	-0.0011875
1.405981e-006	6.25e-005
1.406481e-006	0.0006875
1.406981e-006	0.0013125
1.407481e-006	0.0019375
1.407981e-006	0.0019375
1.408481e-006	0.001625
1.408981e-006	0.000375
1.409481e-006	0.0006875
1.409981e-006	-0.00025
1.410481e-006	-0.0005625
1.410981e-006	-0.0005625
1.411481e-006	-0.0011875
1.411981e-006	-0.002125
1.412481e-006	-0.00275
1.412981e-006	-0.00275
1.413481e-006	-0.0018125
1.413981e-006	-0.0018125
1.414481e-006	-0.000875
1.414981e-006	-0.0011875
1.415481e-006	-0.000875
1.415981e-006	6.25e-005
1.416481e-006	6.25e-005
1.416981e-006	0.0006875
1.417481e-006	0.001
1.417981e-006	0.00225
1.418481e-006	0.0019375
1.418981e-006	0.001
1.419481e-006	6.25e-005
1.419981e-006	6.25e-005
1.420481e-006	0.000375
1.420981e-006	6.25e-005
1.421481e-006	-0.0018125
1.421981e-006	-0.002125
1.422481e-006	-0.002125
1.422981e-006	-0.002125
1.423481e-006	-0.002125
1.423981e-006	-0.0011875
1.424481e-006	-0.0011875
1.424981e-006	-0.0015
1.425481e-006	-0.0005625
1.425981e-006	-0.0005625
1.426481e-006	6.25e-005
1.426981e-006	0.000375
1.427481e-006	0.0006875
1.427981e-006	0.0006875
1.428481e-006	0.000375
1.428981e-006	0.000375
1.429481e-006	0.0013125
1.429981e-006	6.25e-005
1.430481e-006	-0.00025
1.430981e-006	-0.00025
1.431481e-006	-0.0005625
1.431981e-006	-0.0011875
1.432481e-006	-0.0011875
1.432981e-006	-0.0011875
1.433481e-006	-0.0015
1.433981e-006	-0.0011875
1.434481e-006	-0.0015
1.434981e-006	-0.0018125
1.435481e-006	-0.000875
1.435981e-006	6.25e-005
1.436481e-006	6.25e-005
1.436981e-006	-0.000875
1.437481e-006	-0.00025
1.437981e-006	6.25e-005
1.438481e-006	-0.00025
1.438981e-006	6.25e-005
1.439481e-006	0.000375
1.439981e-006	6.25e-005
1.440481e-006	6.25e-005
1.440981e-006	6.25e-005
1.441481e-006	-0.0005625
1.441981e-006	-0.000875
1.442481e-006	-0.0005625
1.442981e-006	-0.0005625
1.443481e-006	-0.0011875
1.443981e-006	-0.0011875
1.444481e-006	-0.000875
1.444981e-006	-0.0005625
1.445481e-006	-0.00025
1.445981e-006	-0.00025
1.446481e-006	-0.0005625
1.446981e-006	-0.000875
1.447481e-006	-0.00025
1.447981e-006	6.25e-005
1.448481e-006	-0.00025
1.448981e-006	-0.0005625
1.449481e-006	-0.0005625
1.449981e-006	0.000375
1.450481e-006	0.000375
1.450981e-006	6.25e-005
1.451481e-006	-0.00025
1.451981e-006	-0.00025
1.452481e-006	-0.0005625
1.452981e-006	-0.0005625
1.453481e-006	6.25e-005
1.453981e-006	-0.000875
1.454481e-006	-0.000875
1.454981e-006	-0.000875
1.455481e-006	-0.0005625
1.455981e-006	-0.00025
1.456481e-006	-0.0005625
1.456981e-006	-0.0011875
1.457481e-006	-0.000875
1.457981e-006	-0.0005625
1.458481e-006	-0.00025
1.458981e-006	-0.0005625
1.459481e-006	-0.000875
1.459981e-006	6.25e-005
1.460481e-006	-0.0005625
1.460981e-006	-0.00025
1.461481e-006	6.25e-005
1.461981e-006	-0.00025
1.462481e-006	-0.0005625
1.462981e-006	-0.000875
1.463481e-006	-0.0005625
1.463981e-006	-0.0005625
1.464481e-006	-0.0005625
1.464981e-006	0.000375
1.465481e-006	-0.00025
1.465981e-006	-0.000875
1.466481e-006	-0.0011875
1.466981e-006	6.25e-005
1.467481e-006	6.25e-005
1.467981e-006	0.000375
1.468481e-006	0.000375
1.468981e-006	6.25e-005
1.469481e-006	6.25e-005
1.469981e-006	-0.000875
1.470481e-006	6.25e-005
1.470981e-006	-0.00025
1.471481e-006	-0.000875
1.471981e-006	-0.0011875
1.472481e-006	-0.0005625
1.472981e-006	-0.0011875
1.473481e-006	-0.000875
1.473981e-006	-0.000875
1.474481e-006	-0.00025
1.474981e-006	-0.000875
1.475481e-006	-0.000875
1.475981e-006	-0.00025
1.476481e-006	0.000375
1.476981e-006	0.000375
1.477481e-006	-0.0005625
1.477981e-006	6.25e-005
1.478481e-006	0.0006875
1.478981e-006	-0.0005625
1.479481e-006	6.25e-005
1.479981e-006	0.000375
1.480481e-006	-0.0005625
1.480981e-006	-0.000875
1.481481e-006	-0.0011875
1.481981e-006	-0.0005625
1.482481e-006	-0.0011875
1.482981e-006	-0.000875
1.483481e-006	-0.000875
1.483981e-006	-0.000875
1.484481e-006	-0.000875
1.484981e-006	-0.0005625
1.485481e-006	6.25e-005
1.485981e-006	-0.0005625
1.486481e-006	-0.00025
1.486981e-006	0.000375
1.487481e-006	0.000375
1.487981e-006	0.001
1.488481e-006	0.0013125
1.488981e-006	0.0013125
1.489481e-006	6.25e-005
1.489981e-006	-0.000875
1.490481e-006	6.25e-005
1.490981e-006	-0.0005625
1.491481e-006	-0.0005625
1.491981e-006	-0.0005625
1.492481e-006	-0.000875
1.492981e-006	-0.0011875
1.493481e-006	-0.0018125
1.493981e-006	-0.0011875
1.494481e-006	-0.000875
1.494981e-006	-0.0011875
1.495481e-006	-0.000875
1.495981e-006	-0.0005625
1.496481e-006	6.25e-005
1.496981e-006	6.25e-005
1.497481e-006	0.000375
1.497981e-006	0.001
1.498481e-006	0.0006875
1.498981e-006	0.001
1.499481e-006	0.0006875
1.499981e-006	-0.0005625
1.500481e-006	-0.0005625
1.500981e-006	-0.000875
1.501481e-006	-0.0005625
1.501981e-006	-0.000875
1.502481e-006	-0.002125
1.502981e-006	-0.0015
1.503481e-006	-0.0011875
1.503981e-006	-0.000875
1.504481e-006	-0.0011875
1.504981e-006	-0.002125
1.505481e-006	-0.0005625
1.505981e-006	-0.00025
1.506481e-006	0.000375
1.506981e-006	0.0006875
1.507481e-006	6.25e-005
1.507981e-006	0.0013125
1.508481e-006	0.0013125
1.508981e-006	0.000375
1.509481e-006	6.25e-005
1.509981e-006	6.25e-005
1.510481e-006	6.25e-005
1.510981e-006	-0.0005625
1.511481e-006	-0.0011875
1.511981e-006	-0.0005625
1.512481e-006	-0.0005625
1.512981e-006	-0.0005625
1.513481e-006	-0.0011875
1.513981e-006	-0.0018125
1.514481e-006	-0.0011875
1.514981e-006	-0.000875
1.515481e-006	-0.00025
1.515981e-006	-0.0005625
1.516481e-006	6.25e-005
1.516981e-006	0.000375
1.517481e-006	0.001
1.517981e-006	0.0006875
1.518481e-006	0.0006875
1.518981e-006	6.25e-005
1.519481e-006	6.25e-005
1.519981e-006	-0.00025
1.520481e-006	0.000375
1.520981e-006	-0.0005625
1.521481e-006	-0.0011875
1.521981e-006	-0.0011875
1.522481e-006	-0.000875
1.522981e-006	-0.0011875
1.523481e-006	-0.0015
1.523981e-006	-0.0011875
1.524481e-006	-0.000875
1.524981e-006	-0.000875
1.525481e-006	-0.0005625
1.525981e-006	0.000375
1.526481e-006	0.0006875
1.526981e-006	0.001
1.527481e-006	0.000375
1.527981e-006	0.0006875
1.528481e-006	0.0006875
1.528981e-006	0.0013125
1.529481e-006	0.000375
1.529981e-006	6.25e-005
1.530481e-006	-0.0005625
1.530981e-006	-0.0011875
1.531481e-006	-0.0005625
1.531981e-006	-0.0011875
1.532481e-006	-0.000875
1.532981e-006	-0.000875
1.533481e-006	-0.0011875
1.533981e-006	-0.0011875
1.534481e-006	-0.00025
1.534981e-006	0.000375
1.535481e-006	6.25e-005
1.535981e-006	6.25e-005
1.536481e-006	6.25e-005
1.536981e-006	0.0006875
1.537481e-006	0.0006875
1.537981e-006	0.0013125
1.538481e-006	0.0006875
1.538981e-006	6.25e-005
1.539481e-006	6.25e-005
1.539981e-006	6.25e-005
1.540481e-006	-0.00025
1.540981e-006	-0.0005625
1.541481e-006	-0.0005625
1.541981e-006	-0.0005625
1.542481e-006	-0.0011875
1.542981e-006	-0.0015
1.543481e-006	-0.0005625
1.543981e-006	-0.0005625
1.544481e-006	-0.0005625
1.544981e-006	-0.00025
1.545481e-006	6.25e-005
1.545981e-006	0.001
1.546481e-006	0.001625
1.546981e-006	0.0013125
1.547481e-006	0.000375
1.547981e-006	6.25e-005
1.548481e-006	0.000375
1.548981e-006	-0.00025
1.549481e-006	-0.000875
1.549981e-006	-0.0005625
1.550481e-006	-0.0005625
1.550981e-006	-0.0005625
1.551481e-006	-0.0011875
1.551981e-006	-0.000875
1.552481e-006	-0.000875
1.552981e-006	-0.000875
1.553481e-006	-0.0005625
1.553981e-006	-0.000875
1.554481e-006	6.25e-005
1.554981e-006	0.0006875
1.555481e-006	6.25e-005
1.555981e-006	0.001
1.556481e-006	0.000375
1.556981e-006	6.25e-005
1.557481e-006	0.000375
1.557981e-006	0.000375
1.558481e-006	0.001
1.558981e-006	0.000375
1.559481e-006	-0.00025
1.559981e-006	-0.0005625
1.560481e-006	-0.0005625
1.560981e-006	-0.0005625
1.561481e-006	-0.000875
1.561981e-006	-0.0011875
1.562481e-006	-0.00025
1.562981e-006	-0.000875
1.563481e-006	-0.0005625
1.563981e-006	-0.000875
1.564481e-006	-0.000875
1.564981e-006	-0.00025
1.565481e-006	0.000375
1.565981e-006	0.0006875
1.566481e-006	6.25e-005
1.566981e-006	0.000375
1.567481e-006	6.25e-005
1.567981e-006	0.0006875
1.568481e-006	0.0006875
1.568981e-006	-0.0005625
1.569481e-006	-0.0005625
1.569981e-006	6.25e-005
1.570481e-006	-0.000875
1.570981e-006	-0.0005625
1.571481e-006	-0.0011875
1.571981e-006	-0.0011875
1.572481e-006	-0.0005625
1.572981e-006	-0.0005625
1.573481e-006	-0.00025
1.573981e-006	-0.000875
1.574481e-006	-0.00025
1.574981e-006	0.000375
1.575481e-006	-0.00025
1.575981e-006	-0.00025
1.576481e-006	6.25e-005
1.576981e-006	0.0006875
1.577481e-006	6.25e-005
1.577981e-006	-0.0005625
1.578481e-006	6.25e-005
1.578981e-006	0.000375
1.579481e-006	6.25e-005
1.579981e-006	-0.00025
1.580481e-006	-0.000875
1.580981e-006	-0.00025
1.581481e-006	6.25e-005
1.581981e-006	-0.00025
1.582481e-006	6.25e-005
1.582981e-006	6.25e-005
1.583481e-006	6.25e-005
1.583981e-006	-0.000875
1.584481e-006	-0.00025
1.584981e-006	0.0006875
1.585481e-006	-0.0005625
1.585981e-006	-0.00025
1.586481e-006	6.25e-005
1.586981e-006	-0.00025
1.587481e-006	6.25e-005
1.587981e-006	-0.00025
1.588481e-006	-0.000875
1.588981e-006	-0.00025
1.589481e-006	-0.0011875
1.589981e-006	-0.0011875
1.590481e-006	0.000375
1.590981e-006	6.25e-005
1.591481e-006	0.000375
1.591981e-006	6.25e-005
1.592481e-006	0.000375
1.592981e-006	-0.00025
1.593481e-006	6.25e-005
1.593981e-006	0.000375
1.594481e-006	0.000375
1.594981e-006	6.25e-005
1.595481e-006	6.25e-005
1.595981e-006	-0.0005625
1.596481e-006	-0.0005625
1.596981e-006	-0.0005625
1.597481e-006	-0.0005625
1.597981e-006	-0.0005625
1.598481e-006	-0.0005625
1.598981e-006	-0.0005625
1.599481e-006	-0.00025
1.599981e-006	0.000375
1.600481e-006	-0.00025
1.600981e-006	-0.00025
1.601481e-006	-0.00025
1.601981e-006	0.0006875
1.602481e-006	0.000375
1.602981e-006	6.25e-005
1.603481e-006	0.000375
1.603981e-006	6.25e-005
1.604481e-006	-0.0005625
1.604981e-006	6.25e-005
1.605481e-006	6.25e-005
1.605981e-006	-0.0005625
1.606481e-006	-0.00025
1.606981e-006	-0.0005625
1.607481e-006	-0.0011875
1.607981e-006	-0.0011875
1.608481e-006	-0.00025
1.608981e-006	-0.0005625
1.609481e-006	-0.00025
1.609981e-006	-0.0005625
1.610481e-006	6.25e-005
1.610981e-006	6.25e-005
1.611481e-006	0.000375
1.611981e-006	0.0006875
1.612481e-006	6.25e-005
1.612981e-006	6.25e-005
1.613481e-006	6.25e-005
1.613981e-006	-0.00025
1.614481e-006	6.25e-005
1.614981e-006	6.25e-005
1.615481e-006	6.25e-005
1.615981e-006	-0.00025
1.616481e-006	-0.00025
1.616981e-006	-0.0005625
1.617481e-006	-0.000875
1.617981e-006	-0.00025
1.618481e-006	-0.0005625
1.618981e-006	-0.0011875
1.619481e-006	-0.000875
1.619981e-006	-0.0005625
1.620481e-006	-0.00025
1.620981e-006	-0.00025
1.621481e-006	-0.00025
1.621981e-006	-0.0005625
1.622481e-006	6.25e-005
1.622981e-006	0.0006875
1.623481e-006	-0.00025
1.623981e-006	0.000375
1.624481e-006	0.000375
1.624981e-006	6.25e-005
1.625481e-006	0.000375
1.625981e-006	-0.00025
1.626481e-006	-0.000875
1.626981e-006	-0.0005625
1.627481e-006	6.25e-005
1.627981e-006	6.25e-005
1.628481e-006	-0.000875
1.628981e-006	-0.0005625
1.629481e-006	-0.000875
1.629981e-006	-0.0005625
1.630481e-006	6.25e-005
1.630981e-006	6.25e-005
1.631481e-006	-0.0005625
1.631981e-006	-0.00025
1.632481e-006	-0.00025
1.632981e-006	-0.000875
1.633481e-006	-0.00025
1.633981e-006	0.000375
1.634481e-006	-0.0005625
1.634981e-006	-0.000875
1.635481e-006	-0.00025
1.635981e-006	-0.0005625
1.636481e-006	6.25e-005
1.636981e-006	6.25e-005
1.637481e-006	6.25e-005
1.637981e-006	-0.00025
1.638481e-006	6.25e-005
1.638981e-006	0.000375
1.639481e-006	6.25e-005
1.639981e-006	-0.00025
1.640481e-006	-0.000875
1.640981e-006	-0.0011875
1.641481e-006	6.25e-005
1.641981e-006	-0.000875
1.642481e-006	-0.000875
1.642981e-006	-0.000875
1.643481e-006	-0.0005625
1.643981e-006	-0.0005625
1.644481e-006	-0.0015
1.644981e-006	-0.000875
1.645481e-006	-0.0005625
1.645981e-006	-0.0005625
1.646481e-006	6.25e-005
1.646981e-006	0.000375
1.647481e-006	0.000375
1.647981e-006	0.0013125
1.648481e-006	0.0013125
1.648981e-006	0.0013125
1.649481e-006	-0.0005625
1.649981e-006	-0.0005625
1.650481e-006	0.000375
1.650981e-006	6.25e-005
1.651481e-006	-0.00025
1.651981e-006	-0.0011875
1.652481e-006	-0.0015
1.652981e-006	-0.0005625
1.653481e-006	-0.0005625
1.653981e-006	-0.0011875
1.654481e-006	-0.0015
1.654981e-006	-0.0011875
1.655481e-006	-0.0005625
1.655981e-006	-0.0005625
1.656481e-006	-0.00025
1.656981e-006	-0.0005625
1.657481e-006	0.000375
1.657981e-006	0.001625
1.658481e-006	0.0006875
1.658981e-006	6.25e-005
1.659481e-006	0.000375
1.659981e-006	0.0013125
1.660481e-006	0.000375
1.660981e-006	-0.000875
1.661481e-006	-0.00025
1.661981e-006	-0.0005625
1.662481e-006	-0.000875
1.662981e-006	-0.0011875
1.663481e-006	-0.0018125
1.663981e-006	-0.0018125
1.664481e-006	-0.0015
1.664981e-006	-0.0011875
1.665481e-006	-0.0015
1.665981e-006	-0.0011875
1.666481e-006	-0.000875
1.666981e-006	-0.000875
1.667481e-006	0.000375
1.667981e-006	0.0006875
1.668481e-006	0.001
1.668981e-006	0.0006875
1.669481e-006	6.25e-005
1.669981e-006	0.001
1.670481e-006	0.0006875
1.670981e-006	0.001
1.671481e-006	0.0006875
1.671981e-006	6.25e-005
1.672481e-006	-0.00025
1.672981e-006	-0.0011875
1.673481e-006	-0.0011875
1.673981e-006	-0.000875
1.674481e-006	-0.0011875
1.674981e-006	-0.0015
1.675481e-006	-0.002125
1.675981e-006	-0.0011875
1.676481e-006	-0.0011875
1.676981e-006	-0.000875
1.677481e-006	6.25e-005
1.677981e-006	-0.0005625
1.678481e-006	-0.00025
1.678981e-006	0.000375
1.679481e-006	6.25e-005
1.679981e-006	0.000375
1.680481e-006	0.001
1.680981e-006	0.001625
1.681481e-006	6.25e-005
1.681981e-006	-0.0005625
1.682481e-006	0.0006875
1.682981e-006	-0.00025
1.683481e-006	-0.0005625
1.683981e-006	-0.0011875
1.684481e-006	-0.0011875
1.684981e-006	-0.0015
1.685481e-006	-0.0011875
1.685981e-006	-0.000875
1.686481e-006	-0.000875
1.686981e-006	-0.0015
1.687481e-006	-0.000875
1.687981e-006	-0.000875
1.688481e-006	-0.0005625
1.688981e-006	6.25e-005
1.689481e-006	6.25e-005
1.689981e-006	-0.00025
1.690481e-006	6.25e-005
1.690981e-006	0.0006875
1.691481e-006	0.000375
1.691981e-006	0.001
1.692481e-006	6.25e-005
1.692981e-006	6.25e-005
1.693481e-006	-0.0005625
1.693981e-006	-0.0005625
1.694481e-006	-0.0005625
1.694981e-006	-0.00025
1.695481e-006	-0.0005625
1.695981e-006	-0.000875
1.696481e-006	-0.0011875
1.696981e-006	-0.0011875
1.697481e-006	-0.000875
1.697981e-006	-0.0011875
1.698481e-006	-0.0005625
1.698981e-006	-0.0011875
1.699481e-006	-0.000875
1.699981e-006	-0.0005625
1.700481e-006	-0.0005625
1.700981e-006	-0.00025
1.701481e-006	6.25e-005
1.701981e-006	6.25e-005
1.702481e-006	0.001
1.702981e-006	0.0013125
1.703481e-006	0.0013125
1.703981e-006	0.000375
1.704481e-006	6.25e-005
1.704981e-006	6.25e-005
1.705481e-006	-0.0005625
1.705981e-006	-0.000875
1.706481e-006	-0.0005625
1.706981e-006	-0.0005625
1.707481e-006	-0.0015
1.707981e-006	-0.0011875
1.708481e-006	-0.000875
1.708981e-006	-0.000875
1.709481e-006	-0.0011875
1.709981e-006	-0.0011875
1.710481e-006	-0.0005625
1.710981e-006	6.25e-005
1.711481e-006	-0.00025
1.711981e-006	6.25e-005
1.712481e-006	-0.00025
1.712981e-006	6.25e-005
1.713481e-006	0.000375
1.713981e-006	0.0006875
1.714481e-006	0.000375
1.714981e-006	6.25e-005
1.715481e-006	6.25e-005
1.715981e-006	6.25e-005
1.716481e-006	0.000375
1.716981e-006	-0.0005625
1.717481e-006	-0.0015
1.717981e-006	-0.000875
1.718481e-006	-0.000875
1.718981e-006	-0.0015
1.719481e-006	-0.0011875
1.719981e-006	-0.0011875
1.720481e-006	-0.000875
1.720981e-006	-0.0011875
1.721481e-006	-0.000875
1.721981e-006	-0.0005625
1.722481e-006	-0.00025
1.722981e-006	0.000375
1.723481e-006	6.25e-005
1.723981e-006	6.25e-005
1.724481e-006	0.0006875
1.724981e-006	0.0006875
1.725481e-006	0.001
1.725981e-006	-0.0005625
1.726481e-006	6.25e-005
1.726981e-006	-0.00025
1.727481e-006	-0.000875
1.727981e-006	6.25e-005
1.728481e-006	-0.00025
1.728981e-006	-0.0011875
1.729481e-006	-0.0015
1.729981e-006	-0.0018125
1.730481e-006	-0.0005625
1.730981e-006	-0.0015
1.731481e-006	-0.0018125
1.731981e-006	-0.0005625
1.732481e-006	-0.0005625
1.732981e-006	6.25e-005
1.733481e-006	-0.0005625
1.733981e-006	-0.00025
1.734481e-006	0.000375
1.734981e-006	0.001
1.735481e-006	0.0006875
1.735981e-006	6.25e-005
1.736481e-006	0.000375
1.736981e-006	0.0013125
1.737481e-006	-0.000875
1.737981e-006	6.25e-005
1.738481e-006	-0.00025
1.738981e-006	-0.000875
1.739481e-006	-0.000875
1.739981e-006	-0.0015
1.740481e-006	-0.0011875
1.740981e-006	-0.0011875
1.741481e-006	-0.000875
1.741981e-006	-0.000875
1.742481e-006	-0.000875
1.742981e-006	-0.00025
1.743481e-006	-0.00025
1.743981e-006	6.25e-005
1.744481e-006	0.0006875
1.744981e-006	-0.00025
1.745481e-006	6.25e-005
1.745981e-006	-0.00025
1.746481e-006	6.25e-005
1.746981e-006	0.000375
1.747481e-006	0.000375
1.747981e-006	0.000375
1.748481e-006	-0.0005625
1.748981e-006	-0.0005625
1.749481e-006	-0.0005625
1.749981e-006	-0.0011875
1.750481e-006	-0.0005625
1.750981e-006	-0.0011875
1.751481e-006	-0.0011875
1.751981e-006	0.000375
1.752481e-006	-0.00025
1.752981e-006	-0.00025
1.753481e-006	-0.000875
1.753981e-006	6.25e-005
1.754481e-006	6.25e-005
1.754981e-006	-0.0005625
1.755481e-006	6.25e-005
1.755981e-006	6.25e-005
1.756481e-006	6.25e-005
1.756981e-006	-0.00025
1.757481e-006	-0.000875
1.757981e-006	-0.00025
1.758481e-006	-0.0005625
1.758981e-006	-0.0005625
1.759481e-006	6.25e-005
1.759981e-006	-0.000875
1.760481e-006	-0.000875
1.760981e-006	-0.00025
1.761481e-006	0.0006875
1.761981e-006	0.000375
1.762481e-006	-0.00025
1.762981e-006	6.25e-005
1.763481e-006	-0.00025
1.763981e-006	-0.0005625
1.764481e-006	6.25e-005
1.764981e-006	6.25e-005
1.765481e-006	6.25e-005
1.765981e-006	-0.000875
1.766481e-006	-0.000875
1.766981e-006	-0.000875
1.767481e-006	-0.0011875
1.767981e-006	-0.000875
1.768481e-006	-0.000875
1.768981e-006	-0.0005625
1.769481e-006	-0.0005625
1.769981e-006	-0.000875
1.770481e-006	6.25e-005
1.770981e-006	6.25e-005
1.771481e-006	6.25e-005
1.771981e-006	0.0006875
1.772481e-006	0.0006875
1.772981e-006	0.001
1.773481e-006	-0.00025
1.773981e-006	0.000375
1.774481e-006	0.000375
1.774981e-006	-0.00025
1.775481e-006	-0.0005625
1.775981e-006	-0.000875
1.776481e-006	-0.0011875
1.776981e-006	-0.0011875
1.777481e-006	-0.0011875
1.777981e-006	-0.0015
1.778481e-006	-0.0018125
1.778981e-006	-0.000875
1.779481e-006	-0.0005625
1.779981e-006	-0.0005625
1.780481e-006	-0.00025
1.780981e-006	0.000375
1.781481e-006	0.001
1.781981e-006	0.001
1.782481e-006	0.0006875
1.782981e-006	0.0013125
1.783481e-006	0.001
1.783981e-006	6.25e-005
1.784481e-006	-0.00025
1.784981e-006	-0.00025
1.785481e-006	6.25e-005
1.785981e-006	-0.0011875
1.786481e-006	-0.0011875
1.786981e-006	-0.0015
1.787481e-006	-0.002125
1.787981e-006	-0.0018125
1.788481e-006	-0.000875
