LECROYWS454	16215	Waveform
Segments	1	SegmentSize	4002
Segment	TrigTime	TimeSinceSegment1
#1	02-May-2024 19:06:25	0                 
Time	Ampl
-2.12334e-007	-0.0005625
-2.11834e-007	-0.00025
-2.11334e-007	-0.00025
-2.10834e-007	0.000375
-2.10334e-007	0.0006875
-2.09834e-007	0.001
-2.09334e-007	0.001625
-2.08834e-007	0.0013125
-2.08334e-007	0.000375
-2.07834e-007	0.000375
-2.07334e-007	-0.0005625
-2.06834e-007	0.000375
-2.06334e-007	-0.000875
-2.05834e-007	-0.0015
-2.05334e-007	-0.0018125
-2.04834e-007	-0.0015
-2.04334e-007	-0.0005625
-2.03834e-007	-0.0015
-2.03334e-007	-0.000875
-2.02834e-007	-0.0005625
-2.02334e-007	-0.0005625
-2.01834e-007	-0.00025
-2.01334e-007	-0.00025
-2.00834e-007	-0.00025
-2.00334e-007	0.0006875
-1.99834e-007	0.001
-1.99334e-007	0.001625
-1.98834e-007	0.0006875
-1.98334e-007	6.25e-005
-1.97834e-007	6.25e-005
-1.97334e-007	6.25e-005
-1.96834e-007	0.000375
-1.96334e-007	-0.0005625
-1.95834e-007	-0.00025
-1.95334e-007	-0.0005625
-1.94834e-007	-0.0011875
-1.94334e-007	-0.0005625
-1.93834e-007	-0.0011875
-1.93334e-007	-0.0011875
-1.92834e-007	-0.0005625
-1.92334e-007	-0.0005625
-1.91834e-007	-0.0005625
-1.91334e-007	-0.000875
-1.90834e-007	0.000375
-1.90334e-007	0.0006875
-1.89834e-007	0.000375
-1.89334e-007	-0.0005625
-1.88834e-007	-0.0005625
-1.88334e-007	0.0006875
-1.87834e-007	0.000375
-1.87334e-007	-0.00025
-1.86834e-007	6.25e-005
-1.86334e-007	0.0006875
-1.85834e-007	0.0006875
-1.85334e-007	-0.00025
-1.84834e-007	-0.00025
-1.84334e-007	-0.0005625
-1.83834e-007	-0.0011875
-1.83334e-007	-0.000875
-1.82834e-007	-0.000875
-1.82334e-007	-0.0005625
-1.81834e-007	-0.0005625
-1.81334e-007	-0.000875
-1.80834e-007	-0.0005625
-1.80334e-007	6.25e-005
-1.79834e-007	-0.00025
-1.79334e-007	0.000375
-1.78834e-007	-0.00025
-1.78334e-007	-0.00025
-1.77834e-007	6.25e-005
-1.77334e-007	0.000375
-1.76834e-007	6.25e-005
-1.76334e-007	-0.00025
-1.75834e-007	-0.00025
-1.75334e-007	0.000375
-1.74834e-007	0.000375
-1.74334e-007	-0.0005625
-1.73834e-007	-0.0005625
-1.73334e-007	-0.000875
-1.72834e-007	-0.0011875
-1.72334e-007	-0.0011875
-1.71834e-007	-0.000875
-1.71334e-007	-0.000875
-1.70834e-007	-0.0005625
-1.70334e-007	-0.0005625
-1.69834e-007	6.25e-005
-1.69334e-007	-0.0005625
-1.68834e-007	-0.00025
-1.68334e-007	0.0006875
-1.67834e-007	0.000375
-1.67334e-007	6.25e-005
-1.66834e-007	6.25e-005
-1.66334e-007	-0.00025
-1.65834e-007	0.000375
-1.65334e-007	6.25e-005
-1.64834e-007	-0.000875
-1.64334e-007	-0.000875
-1.63834e-007	-0.0005625
-1.63334e-007	-0.0005625
-1.62834e-007	-0.0011875
-1.62334e-007	-0.0005625
-1.61834e-007	-0.000875
-1.61334e-007	-0.0011875
-1.60834e-007	-0.000875
-1.60334e-007	-0.0005625
-1.59834e-007	-0.0005625
-1.59334e-007	-0.00025
-1.58834e-007	-0.00025
-1.58334e-007	0.0013125
-1.57834e-007	0.0013125
-1.57334e-007	0.000375
-1.56834e-007	6.25e-005
-1.56334e-007	6.25e-005
-1.55834e-007	6.25e-005
-1.55334e-007	6.25e-005
-1.54834e-007	0.000375
-1.54334e-007	6.25e-005
-1.53834e-007	-0.0015
-1.53334e-007	-0.0018125
-1.52834e-007	-0.0011875
-1.52334e-007	-0.0018125
-1.51834e-007	-0.002125
-1.51334e-007	-0.0011875
-1.50834e-007	-0.000875
-1.50334e-007	-0.0011875
-1.49834e-007	-0.000875
-1.49334e-007	-0.00025
-1.48834e-007	0.000375
-1.48334e-007	0.0006875
-1.47834e-007	0.0013125
-1.47334e-007	0.001
-1.46834e-007	0.0006875
-1.46334e-007	0.000375
-1.45834e-007	6.25e-005
-1.45334e-007	-0.0005625
-1.44834e-007	-0.000875
-1.44334e-007	-0.0011875
-1.43834e-007	-0.0015
-1.43334e-007	-0.0018125
-1.42834e-007	-0.002125
-1.42334e-007	-0.002125
-1.41834e-007	-0.0024375
-1.41334e-007	-0.0024375
-1.40834e-007	-0.002125
-1.40334e-007	-0.000875
-1.39834e-007	6.25e-005
-1.39334e-007	-0.00025
-1.38834e-007	-0.00025
-1.38334e-007	0.0006875
-1.37834e-007	0.0013125
-1.37334e-007	0.001625
-1.36834e-007	0.0013125
-1.36334e-007	0.0013125
-1.35834e-007	0.000375
-1.35334e-007	6.25e-005
-1.34834e-007	-0.0005625
-1.34334e-007	-0.000875
-1.33834e-007	-0.0015
-1.33334e-007	-0.002125
-1.32834e-007	-0.0024375
-1.32334e-007	-0.0024375
-1.31834e-007	-0.0018125
-1.31334e-007	-0.0015
-1.30834e-007	-0.0015
-1.30334e-007	-0.000875
-1.29834e-007	-0.00025
-1.29334e-007	-0.0005625
-1.28834e-007	6.25e-005
-1.28334e-007	0.001625
-1.27834e-007	0.00225
-1.27334e-007	0.001
-1.26834e-007	0.0013125
-1.26334e-007	0.0013125
-1.25834e-007	0.001
-1.25334e-007	-0.0005625
-1.24834e-007	-0.0005625
-1.24334e-007	-0.000875
-1.23834e-007	-0.000875
-1.23334e-007	-0.0018125
-1.22834e-007	-0.00275
-1.22334e-007	-0.0030625
-1.21834e-007	-0.002125
-1.21334e-007	-0.002125
-1.20834e-007	-0.0024375
-1.20334e-007	-0.0015
-1.19834e-007	-0.000875
-1.19334e-007	-0.0005625
-1.18834e-007	6.25e-005
-1.18334e-007	0.0006875
-1.17834e-007	0.001
-1.17334e-007	0.001625
-1.16834e-007	0.0006875
-1.16334e-007	0.0006875
-1.15834e-007	0.001
-1.15334e-007	0.000375
-1.14834e-007	-0.0005625
-1.14334e-007	-0.0011875
-1.13834e-007	-0.0015
-1.13334e-007	-0.0018125
-1.12834e-007	-0.0024375
-1.12334e-007	-0.0018125
-1.11834e-007	-0.00275
-1.11334e-007	-0.00275
-1.10834e-007	-0.002125
-1.10334e-007	-0.0011875
-1.09834e-007	-0.0005625
-1.09334e-007	-0.0005625
-1.08834e-007	6.25e-005
-1.08334e-007	0.0006875
-1.07834e-007	0.0006875
-1.07334e-007	0.000375
-1.06834e-007	0.0006875
-1.06334e-007	0.000375
-1.05834e-007	0.001
-1.05334e-007	6.25e-005
-1.04834e-007	0.0006875
-1.04334e-007	-0.00025
-1.03834e-007	-0.000875
-1.03334e-007	-0.0015
-1.02834e-007	-0.0015
-1.02334e-007	-0.002125
-1.01834e-007	-0.0015
-1.01334e-007	-0.0018125
-1.00834e-007	-0.0015
-1.00334e-007	-0.000875
-9.9834e-008	-0.0005625
-9.9334e-008	-0.00025
-9.8834e-008	-0.0005625
-9.8334e-008	6.25e-005
-9.7834e-008	6.25e-005
-9.7334e-008	0.000375
-9.6834e-008	6.25e-005
-9.6334e-008	6.25e-005
-9.5834e-008	0.0006875
-9.5334e-008	0.001
-9.4834e-008	-0.0005625
-9.4334e-008	-0.0005625
-9.3834e-008	-0.00025
-9.3334e-008	-0.0005625
-9.2834e-008	-0.0015
-9.2334e-008	-0.0011875
-9.1834e-008	-0.0015
-9.1334e-008	-0.0015
-9.0834e-008	-0.0015
-9.0334e-008	-0.0018125
-8.9834e-008	-0.0011875
-8.9334e-008	-0.000875
-8.8834e-008	-0.000875
-8.8334e-008	-0.00025
-8.7834e-008	-0.0005625
-8.7334e-008	-0.00025
-8.6834e-008	0.000375
-8.6334e-008	6.25e-005
-8.5834e-008	6.25e-005
-8.5334e-008	0.000375
-8.4834e-008	0.001
-8.4334e-008	-0.00025
-8.3834e-008	-0.00025
-8.3334e-008	-0.0005625
-8.2834e-008	-0.0005625
-8.2334e-008	-0.000875
-8.1834e-008	-0.0011875
-8.1334e-008	-0.000875
-8.0834e-008	-0.0011875
-8.0334e-008	-0.0018125
-7.9834e-008	-0.0015
-7.9334e-008	-0.000875
-7.8834e-008	-0.0011875
-7.8334e-008	-0.0005625
-7.7834e-008	-0.00025
-7.7334e-008	-0.0005625
-7.6834e-008	-0.0005625
-7.6334e-008	0.000375
-7.5834e-008	6.25e-005
-7.5334e-008	0.000375
-7.4834e-008	0.001
-7.4334e-008	0.000375
-7.3834e-008	-0.0005625
-7.3334e-008	-0.0005625
-7.2834e-008	-0.0005625
-7.2334e-008	-0.0005625
-7.1834e-008	-0.000875
-7.1334e-008	-0.000875
-7.0834e-008	-0.000875
-7.0334e-008	-0.000875
-6.9834e-008	-0.0005625
-6.9334e-008	-0.0015
-6.8834e-008	-0.0011875
-6.8334e-008	-0.00025
-6.7834e-008	-0.0005625
-6.7334e-008	-0.0005625
-6.6834e-008	6.25e-005
-6.6334e-008	6.25e-005
-6.5834e-008	0.000375
-6.5334e-008	6.25e-005
-6.4834e-008	0.0006875
-6.4334e-008	0.0006875
-6.3834e-008	0.0006875
-6.3334e-008	-0.00025
-6.2834e-008	-0.000875
-6.2334e-008	-0.000875
-6.1834e-008	-0.000875
-6.1334e-008	-0.000875
-6.0834e-008	-0.000875
-6.0334e-008	-0.0011875
-5.9834e-008	-0.0011875
-5.9334e-008	-0.000875
-5.8834e-008	-0.0018125
-5.8334e-008	-0.0015
-5.7834e-008	-0.000875
-5.7334e-008	-0.0005625
-5.6834e-008	-0.0005625
-5.6334e-008	6.25e-005
-5.5834e-008	0.0006875
-5.5334e-008	0.001
-5.4834e-008	0.001
-5.4334e-008	6.25e-005
-5.3834e-008	-0.00025
-5.3334e-008	0.000375
-5.2834e-008	6.25e-005
-5.2334e-008	6.25e-005
-5.1834e-008	-0.0011875
-5.1334e-008	-0.0015
-5.0834e-008	-0.0011875
-5.0334e-008	-0.0011875
-4.9834e-008	-0.0015
-4.9334e-008	-0.0018125
-4.8834e-008	-0.0015
-4.8334e-008	-0.0011875
-4.7834e-008	-0.000875
-4.7334e-008	-0.00025
-4.6834e-008	6.25e-005
-4.6334e-008	0.0006875
-4.5834e-008	0.0006875
-4.5334e-008	-0.00025
-4.4834e-008	0.001
-4.4334e-008	0.0006875
-4.3834e-008	0.0013125
-4.3334e-008	6.25e-005
-4.2834e-008	-0.0005625
-4.2334e-008	-0.000875
-4.1834e-008	-0.002125
-4.1334e-008	-0.0024375
-4.0834e-008	-0.003375
-4.0334e-008	-0.0049375
-3.9834e-008	-0.0049375
-3.9334e-008	-0.0061875
-3.8834e-008	-0.005875
-3.8334e-008	-0.00525
-3.7834e-008	-0.0049375
-3.7334e-008	-0.0049375
-3.6834e-008	-0.005875
-3.6334e-008	-0.004625
-3.5834e-008	-0.0043125
-3.5334e-008	-0.0049375
-3.4834e-008	-0.0049375
-3.4334e-008	-0.0055625
-3.3834e-008	-0.004625
-3.3334e-008	-0.00525
-3.2834e-008	-0.0074375
-3.2334e-008	-0.0080625
-3.1834e-008	-0.0093125
-3.1334e-008	-0.009625
-3.0834e-008	-0.0105625
-3.0334e-008	-0.0115
-2.9834e-008	-0.0115
-2.9334e-008	-0.0111875
-2.8834e-008	-0.0099375
-2.8334e-008	-0.009625
-2.7834e-008	-0.0093125
-2.7334e-008	-0.0086875
-2.6834e-008	-0.00775
-2.6334e-008	-0.0065
-2.5834e-008	-0.0065
-2.5334e-008	-0.0061875
-2.4834e-008	-0.005875
-2.4334e-008	-0.0068125
-2.3834e-008	-0.0061875
-2.3334e-008	-0.007125
-2.2834e-008	-0.0080625
-2.2334e-008	-0.0086875
-2.1834e-008	-0.009625
-2.1334e-008	-0.01025
-2.0834e-008	-0.0105625
-2.0334e-008	-0.01025
-1.9834e-008	-0.0111875
-1.9334e-008	-0.0118125
-1.8834e-008	-0.009
-1.8334e-008	-0.009
-1.7834e-008	-0.009
-1.7334e-008	-0.0080625
-1.6834e-008	-0.0074375
-1.6334e-008	-0.0065
-1.5834e-008	-0.0068125
-1.5334e-008	-0.005875
-1.4834e-008	-0.0061875
-1.4334e-008	-0.0061875
-1.3834e-008	-0.0061875
-1.3334e-008	-0.007125
-1.2834e-008	-0.00775
-1.2334e-008	-0.008375
-1.1834e-008	-0.0099375
-1.1334e-008	-0.01025
-1.0834e-008	-0.0111875
-1.0334e-008	-0.0111875
-9.834e-009	-0.012125
-9.334e-009	-0.0115
-8.834e-009	-0.0105625
-8.334e-009	-0.010875
-7.834e-009	-0.01025
-7.334e-009	-0.0086875
-6.834e-009	-0.008375
-6.334e-009	-0.0074375
-5.834e-009	-0.0065
-5.334e-009	-0.005875
-4.834e-009	-0.0061875
-4.334e-009	-0.0074375
-3.834e-009	-0.007125
-3.334e-009	-0.0080625
-2.834e-009	-0.0086875
-2.334e-009	-0.0099375
-1.834e-009	-0.010875
-1.334e-009	-0.0118125
-8.34e-010	-0.0111875
-3.34e-010	-0.012125
1.66e-010	-0.0124375
6.66e-010	-0.0124375
1.166e-009	-0.0115
1.666e-009	-0.012125
2.166e-009	-0.010875
2.666e-009	-0.009625
3.166e-009	-0.0080625
3.666e-009	-0.00775
4.166e-009	-0.0080625
4.666e-009	-0.0068125
5.166e-009	-0.0065
5.666e-009	-0.0074375
6.166e-009	-0.008375
6.666e-009	-0.008375
7.166e-009	-0.0093125
7.666e-009	-0.0099375
8.166e-009	-0.0111875
8.666e-009	-0.0111875
9.166e-009	-0.0115
9.666e-009	-0.0130625
1.0166e-008	-0.0136875
1.0666e-008	-0.0124375
1.1166e-008	-0.0118125
1.1666e-008	-0.0111875
1.2166e-008	-0.0111875
1.2666e-008	-0.0099375
1.3166e-008	-0.0086875
1.3666e-008	-0.0086875
1.4166e-008	-0.0080625
1.4666e-008	-0.00775
1.5166e-008	-0.007125
1.5666e-008	-0.00775
1.6166e-008	-0.0080625
1.6666e-008	-0.008375
1.7166e-008	-0.0093125
1.7666e-008	-0.0105625
1.8166e-008	-0.010875
1.8666e-008	-0.0118125
1.9166e-008	-0.0111875
1.9666e-008	-0.0124375
2.0166e-008	-0.0124375
2.0666e-008	-0.01275
2.1166e-008	-0.0124375
2.1666e-008	-0.0115
2.2166e-008	-0.010875
2.2666e-008	-0.01025
2.3166e-008	-0.0086875
2.3666e-008	-0.008375
2.4166e-008	-0.0080625
2.4666e-008	-0.00775
2.5166e-008	-0.00775
2.5666e-008	-0.0080625
2.6166e-008	-0.0080625
2.6666e-008	-0.008375
2.7166e-008	-0.01025
2.7666e-008	-0.0099375
2.8166e-008	-0.0111875
2.8666e-008	-0.0118125
2.9166e-008	-0.012125
2.9666e-008	-0.0130625
3.0166e-008	-0.0130625
3.0666e-008	-0.0124375
3.1166e-008	-0.0115
3.1666e-008	-0.010875
3.2166e-008	-0.010875
3.2666e-008	-0.0099375
3.3166e-008	-0.009
3.3666e-008	-0.008375
3.4166e-008	-0.0086875
3.4666e-008	-0.0086875
3.5166e-008	-0.0086875
3.5666e-008	-0.0080625
3.6166e-008	-0.008375
3.6666e-008	-0.009
3.7166e-008	-0.0093125
3.7666e-008	-0.01025
3.8166e-008	-0.0111875
3.8666e-008	-0.0118125
3.9166e-008	-0.0115
3.9666e-008	-0.01275
4.0166e-008	-0.0118125
4.0666e-008	-0.0115
4.1166e-008	-0.010875
4.1666e-008	-0.0105625
4.2166e-008	-0.0099375
4.2666e-008	-0.01025
4.3166e-008	-0.009625
4.3666e-008	-0.0080625
4.4166e-008	-0.0080625
4.4666e-008	-0.008375
4.5166e-008	-0.008375
4.5666e-008	-0.008375
4.6166e-008	-0.0093125
4.6666e-008	-0.0093125
4.7166e-008	-0.0099375
4.7666e-008	-0.01025
4.8166e-008	-0.010875
4.8666e-008	-0.0111875
4.9166e-008	-0.0118125
4.9666e-008	-0.0115
5.0166e-008	-0.0115
5.0666e-008	-0.0111875
5.1166e-008	-0.010875
5.1666e-008	-0.010875
5.2166e-008	-0.0105625
5.2666e-008	-0.009
5.3166e-008	-0.0086875
5.3666e-008	-0.0080625
5.4166e-008	-0.008375
5.4666e-008	-0.0080625
5.5166e-008	-0.008375
5.5666e-008	-0.008375
5.6166e-008	-0.0093125
5.6666e-008	-0.009
5.7166e-008	-0.009625
5.7666e-008	-0.0099375
5.8166e-008	-0.0105625
5.8666e-008	-0.010875
5.9166e-008	-0.0111875
5.9666e-008	-0.0115
6.0166e-008	-0.010875
6.0666e-008	-0.0111875
6.1166e-008	-0.0099375
6.1666e-008	-0.0099375
6.2166e-008	-0.0099375
6.2666e-008	-0.0099375
6.3166e-008	-0.009625
6.3666e-008	-0.008375
6.4166e-008	-0.0086875
6.4666e-008	-0.0086875
6.5166e-008	-0.008375
6.5666e-008	-0.0086875
6.6166e-008	-0.009625
6.6666e-008	-0.0099375
6.7166e-008	-0.0093125
6.7666e-008	-0.0086875
6.8166e-008	-0.009625
6.8666e-008	-0.01025
6.9166e-008	-0.01025
6.9666e-008	-0.01025
7.0166e-008	-0.0105625
7.0666e-008	-0.009
7.1166e-008	-0.0099375
7.1666e-008	-0.01025
7.2166e-008	-0.0099375
7.2666e-008	-0.0093125
7.3166e-008	-0.009
7.3666e-008	-0.0086875
7.4166e-008	-0.0086875
7.4666e-008	-0.008375
7.5166e-008	-0.0093125
7.5666e-008	-0.009
7.6166e-008	-0.009
7.6666e-008	-0.0086875
7.7166e-008	-0.0099375
7.7666e-008	-0.0093125
7.8166e-008	-0.0086875
7.8666e-008	-0.009625
7.9166e-008	-0.0099375
7.9666e-008	-0.009
8.0166e-008	-0.009625
8.0666e-008	-0.0093125
8.1166e-008	-0.0093125
8.1666e-008	-0.0099375
8.2166e-008	-0.0099375
8.2666e-008	-0.0093125
8.3166e-008	-0.009
8.3666e-008	-0.0093125
8.4166e-008	-0.0093125
8.4666e-008	-0.0086875
8.5166e-008	-0.0086875
8.5666e-008	-0.009625
8.6166e-008	-0.0093125
8.6666e-008	-0.0093125
8.7166e-008	-0.009
8.7666e-008	-0.009
8.8166e-008	-0.008375
8.8666e-008	-0.0080625
8.9166e-008	-0.009
8.9666e-008	-0.009
9.0166e-008	-0.0093125
9.0666e-008	-0.009
9.1166e-008	-0.009
9.1666e-008	-0.0086875
9.2166e-008	-0.009
9.2666e-008	-0.009625
9.3166e-008	-0.0093125
9.3666e-008	-0.0086875
9.4166e-008	-0.0099375
9.4666e-008	-0.009
9.5166e-008	-0.0086875
9.5666e-008	-0.0080625
9.6166e-008	-0.008375
9.6666e-008	-0.0086875
9.7166e-008	-0.008375
9.7666e-008	-0.0086875
9.8166e-008	-0.008375
9.8666e-008	-0.0080625
9.9166e-008	-0.0086875
9.9666e-008	-0.0074375
1.00166e-007	-0.008375
1.00666e-007	-0.0093125
1.01166e-007	-0.0086875
1.01666e-007	-0.0080625
1.02166e-007	-0.0080625
1.02666e-007	-0.0086875
1.03166e-007	-0.0093125
1.03666e-007	-0.009
1.04166e-007	-0.009
1.04666e-007	-0.009
1.05166e-007	-0.009625
1.05666e-007	-0.0086875
1.06166e-007	-0.0086875
1.06666e-007	-0.008375
1.07166e-007	-0.0080625
1.07666e-007	-0.008375
1.08166e-007	-0.0080625
1.08666e-007	-0.0080625
1.09166e-007	-0.0080625
1.09666e-007	-0.0074375
1.10166e-007	-0.00775
1.10666e-007	-0.0080625
1.11166e-007	-0.0093125
1.11666e-007	-0.008375
1.12166e-007	-0.0080625
1.12666e-007	-0.0086875
1.13166e-007	-0.009
1.13666e-007	-0.008375
1.14166e-007	-0.009625
1.14666e-007	-0.0093125
1.15166e-007	-0.009
1.15666e-007	-0.0080625
1.16166e-007	-0.0086875
1.16666e-007	-0.008375
1.17166e-007	-0.0074375
1.17666e-007	-0.007125
1.18166e-007	-0.0080625
1.18666e-007	-0.00775
1.19166e-007	-0.0074375
1.19666e-007	-0.0074375
1.20166e-007	-0.0080625
1.20666e-007	-0.00775
1.21166e-007	-0.0080625
1.21666e-007	-0.008375
1.22166e-007	-0.008375
1.22666e-007	-0.009625
1.23166e-007	-0.0093125
1.23666e-007	-0.0086875
1.24166e-007	-0.0086875
1.24666e-007	-0.008375
1.25166e-007	-0.0086875
1.25666e-007	-0.008375
1.26166e-007	-0.0080625
1.26666e-007	-0.0080625
1.27166e-007	-0.0074375
1.27666e-007	-0.0074375
1.28166e-007	-0.0074375
1.28666e-007	-0.0068125
1.29166e-007	-0.007125
1.29666e-007	-0.0074375
1.30166e-007	-0.008375
1.30666e-007	-0.008375
1.31166e-007	-0.0080625
1.31666e-007	-0.0080625
1.32166e-007	-0.0093125
1.32666e-007	-0.009
1.33166e-007	-0.009
1.33666e-007	-0.0086875
1.34166e-007	-0.009
1.34666e-007	-0.0086875
1.35166e-007	-0.008375
1.35666e-007	-0.0074375
1.36166e-007	-0.00775
1.36666e-007	-0.0074375
1.37166e-007	-0.0061875
1.37666e-007	-0.0065
1.38166e-007	-0.0065
1.38666e-007	-0.0065
1.39166e-007	-0.007125
1.39666e-007	-0.007125
1.40166e-007	-0.0074375
1.40666e-007	-0.0080625
1.41166e-007	-0.008375
1.41666e-007	-0.0086875
1.42166e-007	-0.009
1.42666e-007	-0.009625
1.43166e-007	-0.0093125
1.43666e-007	-0.0086875
1.44166e-007	-0.0086875
1.44666e-007	-0.0080625
1.45166e-007	-0.007125
1.45666e-007	-0.007125
1.46166e-007	-0.0074375
1.46666e-007	-0.0068125
1.47166e-007	-0.0061875
1.47666e-007	-0.0065
1.48166e-007	-0.0061875
1.48666e-007	-0.005875
1.49166e-007	-0.0065
1.49666e-007	-0.0074375
1.50166e-007	-0.0074375
1.50666e-007	-0.00775
1.51166e-007	-0.0086875
1.51666e-007	-0.0086875
1.52166e-007	-0.009625
1.52666e-007	-0.0086875
1.53166e-007	-0.0093125
1.53666e-007	-0.0093125
1.54166e-007	-0.0093125
1.54666e-007	-0.0080625
1.55166e-007	-0.00775
1.55666e-007	-0.00775
1.56166e-007	-0.0065
1.56666e-007	-0.00525
1.57166e-007	-0.0061875
1.57666e-007	-0.0061875
1.58166e-007	-0.0055625
1.58666e-007	-0.0055625
1.59166e-007	-0.0055625
1.59666e-007	-0.0068125
1.60166e-007	-0.0074375
1.60666e-007	-0.00775
1.61166e-007	-0.00775
1.61666e-007	-0.0080625
1.62166e-007	-0.0093125
1.62666e-007	-0.0099375
1.63166e-007	-0.009625
1.63666e-007	-0.009
1.64166e-007	-0.009
1.64666e-007	-0.0080625
1.65166e-007	-0.00775
1.65666e-007	-0.00775
1.66166e-007	-0.0065
1.66666e-007	-0.005875
1.67166e-007	-0.0055625
1.67666e-007	-0.0061875
1.68166e-007	-0.005875
1.68666e-007	-0.0049375
1.69166e-007	-0.0061875
1.69666e-007	-0.005875
1.70166e-007	-0.0065
1.70666e-007	-0.00775
1.71166e-007	-0.0080625
1.71666e-007	-0.008375
1.72166e-007	-0.0093125
1.72666e-007	-0.0093125
1.73166e-007	-0.009625
1.73666e-007	-0.0093125
1.74166e-007	-0.009625
1.74666e-007	-0.008375
1.75166e-007	-0.0080625
1.75666e-007	-0.0074375
1.76166e-007	-0.0065
1.76666e-007	-0.005875
1.77166e-007	-0.005875
1.77666e-007	-0.0055625
1.78166e-007	-0.0049375
1.78666e-007	-0.004625
1.79166e-007	-0.0055625
1.79666e-007	-0.005875
1.80166e-007	-0.0061875
1.80666e-007	-0.0068125
1.81166e-007	-0.007125
1.81666e-007	-0.00775
1.82166e-007	-0.008375
1.82666e-007	-0.009
1.83166e-007	-0.0099375
1.83666e-007	-0.009625
1.84166e-007	-0.009
1.84666e-007	-0.0086875
1.85166e-007	-0.009
1.85666e-007	-0.00775
1.86166e-007	-0.0068125
1.86666e-007	-0.0065
1.87166e-007	-0.00525
1.87666e-007	-0.0049375
1.88166e-007	-0.0055625
1.88666e-007	-0.0049375
1.89166e-007	-0.0049375
1.89666e-007	-0.0049375
1.90166e-007	-0.005875
1.90666e-007	-0.0061875
1.91166e-007	-0.0074375
1.91666e-007	-0.0080625
1.92166e-007	-0.007125
1.92666e-007	-0.009
1.93166e-007	-0.009625
1.93666e-007	-0.00775
1.94166e-007	-0.0080625
1.94666e-007	-0.0080625
1.95166e-007	-0.0080625
1.95666e-007	-0.007125
1.96166e-007	-0.0074375
1.96666e-007	-0.0068125
1.97166e-007	-0.00525
1.97666e-007	-0.00525
1.98166e-007	-0.005875
1.98666e-007	-0.0049375
1.99166e-007	-0.00525
1.99666e-007	-0.0049375
2.00166e-007	-0.0055625
2.00666e-007	-0.0061875
2.01166e-007	-0.0068125
2.01666e-007	-0.0068125
2.02166e-007	-0.007125
2.02666e-007	-0.0080625
2.03166e-007	-0.008375
2.03666e-007	-0.008375
2.04166e-007	-0.0086875
2.04666e-007	-0.008375
2.05166e-007	-0.0080625
2.05666e-007	-0.007125
2.06166e-007	-0.0065
2.06666e-007	-0.0061875
2.07166e-007	-0.00525
2.07666e-007	-0.005875
2.08166e-007	-0.004625
2.08666e-007	-0.0043125
2.09166e-007	-0.004625
2.09666e-007	-0.004625
2.10166e-007	-0.0049375
2.10666e-007	-0.0068125
2.11166e-007	-0.0068125
2.11666e-007	-0.0061875
2.12166e-007	-0.0068125
2.12666e-007	-0.0080625
2.13166e-007	-0.0080625
2.13666e-007	-0.007125
2.14166e-007	-0.007125
2.14666e-007	-0.00775
2.15166e-007	-0.0080625
2.15666e-007	-0.0068125
2.16166e-007	-0.0068125
2.16666e-007	-0.0061875
2.17166e-007	-0.00525
2.17666e-007	-0.004625
2.18166e-007	-0.0043125
2.18666e-007	-0.004625
2.19166e-007	-0.004625
2.19666e-007	-0.0049375
2.20166e-007	-0.005875
2.20666e-007	-0.005875
2.21166e-007	-0.0065
2.21666e-007	-0.0061875
2.22166e-007	-0.0068125
2.22666e-007	-0.0074375
2.23166e-007	-0.0074375
2.23666e-007	-0.0080625
2.24166e-007	-0.008375
2.24666e-007	-0.00775
2.25166e-007	-0.00775
2.25666e-007	-0.007125
2.26166e-007	-0.005875
2.26666e-007	-0.005875
2.27166e-007	-0.0055625
2.27666e-007	-0.0055625
2.28166e-007	-0.0049375
2.28666e-007	-0.0043125
2.29166e-007	-0.0043125
2.29666e-007	-0.004625
2.30166e-007	-0.0049375
2.30666e-007	-0.0055625
2.31166e-007	-0.005875
2.31666e-007	-0.0061875
2.32166e-007	-0.0074375
2.32666e-007	-0.0074375
2.33166e-007	-0.00775
2.33666e-007	-0.0080625
2.34166e-007	-0.0074375
2.34666e-007	-0.0074375
2.35166e-007	-0.007125
2.35666e-007	-0.0068125
2.36166e-007	-0.0061875
2.36666e-007	-0.0055625
2.37166e-007	-0.005875
2.37666e-007	-0.0049375
2.38166e-007	-0.004
2.38666e-007	-0.0043125
2.39166e-007	-0.0043125
2.39666e-007	-0.0043125
2.40166e-007	-0.0049375
2.40666e-007	-0.0055625
2.41166e-007	-0.0061875
2.41666e-007	-0.007125
2.42166e-007	-0.0074375
2.42666e-007	-0.0074375
2.43166e-007	-0.00775
2.43666e-007	-0.007125
2.44166e-007	-0.0074375
2.44666e-007	-0.0074375
2.45166e-007	-0.0074375
2.45666e-007	-0.0065
2.46166e-007	-0.0055625
2.46666e-007	-0.004625
2.47166e-007	-0.0043125
2.47666e-007	-0.004625
2.48166e-007	-0.0036875
2.48666e-007	-0.0030625
2.49166e-007	-0.004
2.49666e-007	-0.004625
2.50166e-007	-0.004625
2.50666e-007	-0.00525
2.51166e-007	-0.005875
2.51666e-007	-0.0068125
2.52166e-007	-0.00775
2.52666e-007	-0.00775
2.53166e-007	-0.00775
2.53666e-007	-0.007125
2.54166e-007	-0.0074375
2.54666e-007	-0.007125
2.55166e-007	-0.0068125
2.55666e-007	-0.0065
2.56166e-007	-0.0061875
2.56666e-007	-0.00525
2.57166e-007	-0.0043125
2.57666e-007	-0.003375
2.58166e-007	-0.0036875
2.58666e-007	-0.0030625
2.59166e-007	-0.0030625
2.59666e-007	-0.004
2.60166e-007	-0.004625
2.60666e-007	-0.00525
2.61166e-007	-0.0055625
2.61666e-007	-0.0068125
2.62166e-007	-0.0068125
2.62666e-007	-0.0068125
2.63166e-007	-0.0080625
2.63666e-007	-0.00775
2.64166e-007	-0.00775
2.64666e-007	-0.0074375
2.65166e-007	-0.007125
2.65666e-007	-0.0061875
2.66166e-007	-0.0043125
2.66666e-007	-0.0049375
2.67166e-007	-0.0049375
2.67666e-007	-0.0030625
2.68166e-007	-0.0036875
2.68666e-007	-0.004
2.69166e-007	-0.0036875
2.69666e-007	-0.003375
2.70166e-007	-0.0043125
2.70666e-007	-0.0055625
2.71166e-007	-0.005875
2.71666e-007	-0.0065
2.72166e-007	-0.007125
2.72666e-007	-0.0074375
2.73166e-007	-0.0074375
2.73666e-007	-0.00775
2.74166e-007	-0.0080625
2.74666e-007	-0.007125
2.75166e-007	-0.0065
2.75666e-007	-0.0061875
2.76166e-007	-0.0055625
2.76666e-007	-0.004625
2.77166e-007	-0.0036875
2.77666e-007	-0.003375
2.78166e-007	-0.003375
2.78666e-007	-0.0030625
2.79166e-007	-0.0036875
2.79666e-007	-0.0030625
2.80166e-007	-0.0036875
2.80666e-007	-0.004625
2.81166e-007	-0.004625
2.81666e-007	-0.005875
2.82166e-007	-0.0065
2.82666e-007	-0.0074375
2.83166e-007	-0.0074375
2.83666e-007	-0.0065
2.84166e-007	-0.007125
2.84666e-007	-0.0068125
2.85166e-007	-0.0068125
2.85666e-007	-0.0061875
2.86166e-007	-0.0043125
2.86666e-007	-0.0049375
2.87166e-007	-0.004625
2.87666e-007	-0.0036875
2.88166e-007	-0.004
2.88666e-007	-0.0036875
2.89166e-007	-0.004
2.89666e-007	-0.004
2.90166e-007	-0.0036875
2.90666e-007	-0.004625
2.91166e-007	-0.0049375
2.91666e-007	-0.0055625
2.92166e-007	-0.0065
2.92666e-007	-0.007125
2.93166e-007	-0.007125
2.93666e-007	-0.0068125
2.94166e-007	-0.007125
2.94666e-007	-0.0061875
2.95166e-007	-0.00525
2.95666e-007	-0.00525
2.96166e-007	-0.0049375
2.96666e-007	-0.0049375
2.97166e-007	-0.004
2.97666e-007	-0.0043125
2.98166e-007	-0.0036875
2.98666e-007	-0.00275
2.99166e-007	-0.0036875
2.99666e-007	-0.004
3.00166e-007	-0.004625
3.00666e-007	-0.0049375
3.01166e-007	-0.0055625
3.01666e-007	-0.005875
3.02166e-007	-0.0055625
3.02666e-007	-0.005875
3.03166e-007	-0.0065
3.03666e-007	-0.0061875
3.04166e-007	-0.0061875
3.04666e-007	-0.0055625
3.05166e-007	-0.0049375
3.05666e-007	-0.0049375
3.06166e-007	-0.0049375
3.06666e-007	-0.004625
3.07166e-007	-0.003375
3.07666e-007	-0.004625
3.08166e-007	-0.0043125
3.08666e-007	-0.003375
3.09166e-007	-0.004
3.09666e-007	-0.0049375
3.10166e-007	-0.0043125
3.10666e-007	-0.0043125
3.11166e-007	-0.00525
3.11666e-007	-0.005875
3.12166e-007	-0.0055625
3.12666e-007	-0.0055625
3.13166e-007	-0.0068125
3.13666e-007	-0.005875
3.14166e-007	-0.0049375
3.14666e-007	-0.0049375
3.15166e-007	-0.0049375
3.15666e-007	-0.0049375
3.16166e-007	-0.004625
3.16666e-007	-0.0049375
3.17166e-007	-0.0043125
3.17666e-007	-0.004
3.18166e-007	-0.004625
3.18666e-007	-0.004
3.19166e-007	-0.0043125
3.19666e-007	-0.004625
3.20166e-007	-0.0043125
3.20666e-007	-0.00525
3.21166e-007	-0.0049375
3.21666e-007	-0.0049375
3.22166e-007	-0.0055625
3.22666e-007	-0.004625
3.23166e-007	-0.00525
3.23666e-007	-0.00525
3.24166e-007	-0.004625
3.24666e-007	-0.004625
3.25166e-007	-0.0049375
3.25666e-007	-0.00525
3.26166e-007	-0.0043125
3.26666e-007	-0.0036875
3.27166e-007	-0.0036875
3.27666e-007	-0.0036875
3.28166e-007	-0.0036875
3.28666e-007	-0.004
3.29166e-007	-0.004
3.29666e-007	-0.00525
3.30166e-007	-0.004625
3.30666e-007	-0.004625
3.31166e-007	-0.0043125
3.31666e-007	-0.0049375
3.32166e-007	-0.0055625
3.32666e-007	-0.0049375
3.33166e-007	-0.004625
3.33666e-007	-0.0055625
3.34166e-007	-0.0049375
3.34666e-007	-0.0043125
3.35166e-007	-0.004
3.35666e-007	-0.004625
3.36166e-007	-0.0049375
3.36666e-007	-0.0043125
3.37166e-007	-0.004
3.37666e-007	-0.0036875
3.38166e-007	-0.0043125
3.38666e-007	-0.004625
3.39166e-007	-0.0036875
3.39666e-007	-0.003375
3.40166e-007	-0.004625
3.40666e-007	-0.0049375
3.41166e-007	-0.004625
3.41666e-007	-0.004625
3.42166e-007	-0.00525
3.42666e-007	-0.004625
3.43166e-007	-0.004625
3.43666e-007	-0.004625
3.44166e-007	-0.004625
3.44666e-007	-0.0049375
3.45166e-007	-0.004
3.45666e-007	-0.004625
3.46166e-007	-0.0049375
3.46666e-007	-0.0043125
3.47166e-007	-0.0049375
3.47666e-007	-0.004625
3.48166e-007	-0.0043125
3.48666e-007	-0.0049375
3.49166e-007	-0.004625
3.49666e-007	-0.0049375
3.50166e-007	-0.0043125
3.50666e-007	-0.0043125
3.51166e-007	-0.0043125
3.51666e-007	-0.0036875
3.52166e-007	-0.004
3.52666e-007	-0.004
3.53166e-007	-0.004
3.53666e-007	-0.004
3.54166e-007	-0.004625
3.54666e-007	-0.004625
3.55166e-007	-0.004
3.55666e-007	-0.0049375
3.56166e-007	-0.0049375
3.56666e-007	-0.004625
3.57166e-007	-0.004625
3.57666e-007	-0.0049375
3.58166e-007	-0.00525
3.58666e-007	-0.004625
3.59166e-007	-0.004
3.59666e-007	-0.0043125
3.60166e-007	-0.004
3.60666e-007	-0.004625
3.61166e-007	-0.0043125
3.61666e-007	-0.003375
3.62166e-007	-0.0036875
3.62666e-007	-0.00275
3.63166e-007	-0.0036875
3.63666e-007	-0.004
3.64166e-007	-0.003375
3.64666e-007	-0.0043125
3.65166e-007	-0.0043125
3.65666e-007	-0.004625
3.66166e-007	-0.00525
3.66666e-007	-0.0049375
3.67166e-007	-0.005875
3.67666e-007	-0.00525
3.68166e-007	-0.0043125
3.68666e-007	-0.0049375
3.69166e-007	-0.0043125
3.69666e-007	-0.004625
3.70166e-007	-0.004625
3.70666e-007	-0.004625
3.71166e-007	-0.003375
3.71666e-007	-0.0030625
3.72166e-007	-0.003375
3.72666e-007	-0.0030625
3.73166e-007	-0.0030625
3.73666e-007	-0.0030625
3.74166e-007	-0.0030625
3.74666e-007	-0.0043125
3.75166e-007	-0.0036875
3.75666e-007	-0.0036875
3.76166e-007	-0.0043125
3.76666e-007	-0.0049375
3.77166e-007	-0.0049375
3.77666e-007	-0.004625
3.78166e-007	-0.00525
3.78666e-007	-0.0061875
3.79166e-007	-0.00525
3.79666e-007	-0.0043125
3.80166e-007	-0.0043125
3.80666e-007	-0.0043125
3.81166e-007	-0.004
3.81666e-007	-0.0030625
3.82166e-007	-0.0030625
3.82666e-007	-0.00275
3.83166e-007	-0.00275
3.83666e-007	-0.0024375
3.84166e-007	-0.00275
3.84666e-007	-0.003375
3.85166e-007	-0.003375
3.85666e-007	-0.0036875
3.86166e-007	-0.0043125
3.86666e-007	-0.0049375
3.87166e-007	-0.0049375
3.87666e-007	-0.00525
3.88166e-007	-0.0055625
3.88666e-007	-0.00525
3.89166e-007	-0.0055625
3.89666e-007	-0.0049375
3.90166e-007	-0.004
3.90666e-007	-0.003375
3.91166e-007	-0.003375
3.91666e-007	-0.0036875
3.92166e-007	-0.00275
3.92666e-007	-0.0018125
3.93166e-007	-0.002125
3.93666e-007	-0.002125
3.94166e-007	-0.0024375
3.94666e-007	-0.002125
3.95166e-007	-0.00275
3.95666e-007	-0.004
3.96166e-007	-0.0036875
3.96666e-007	-0.004
3.97166e-007	-0.0043125
3.97666e-007	-0.0049375
3.98166e-007	-0.0055625
3.98666e-007	-0.0049375
3.99166e-007	-0.00525
3.99666e-007	-0.0055625
4.00166e-007	-0.00525
4.00666e-007	-0.004
4.01166e-007	-0.0030625
4.01666e-007	-0.0030625
4.02166e-007	-0.0030625
4.02666e-007	-0.002125
4.03166e-007	-0.002125
4.03666e-007	-0.002125
4.04166e-007	-0.002125
4.04666e-007	-0.0018125
4.05166e-007	-0.00275
4.05666e-007	-0.0030625
4.06166e-007	-0.003375
4.06666e-007	-0.0043125
4.07166e-007	-0.004625
4.07666e-007	-0.0055625
4.08166e-007	-0.00525
4.08666e-007	-0.0055625
4.09166e-007	-0.005875
4.09666e-007	-0.004625
4.10166e-007	-0.00525
4.10666e-007	-0.0043125
4.11166e-007	-0.004
4.11666e-007	-0.0030625
4.12166e-007	-0.002125
4.12666e-007	-0.00275
4.13166e-007	-0.002125
4.13666e-007	-0.0015
4.14166e-007	-0.0018125
4.14666e-007	-0.0018125
4.15166e-007	-0.0030625
4.15666e-007	-0.0030625
4.16166e-007	-0.0030625
4.16666e-007	-0.004
4.17166e-007	-0.004
4.17666e-007	-0.00525
4.18166e-007	-0.005875
4.18666e-007	-0.0055625
4.19166e-007	-0.0049375
4.19666e-007	-0.0049375
4.20166e-007	-0.00525
4.20666e-007	-0.003375
4.21166e-007	-0.003375
4.21666e-007	-0.003375
4.22166e-007	-0.0024375
4.22666e-007	-0.002125
4.23166e-007	-0.0011875
4.23666e-007	-0.0018125
4.24166e-007	-0.002125
4.24666e-007	-0.0018125
4.25166e-007	-0.0024375
4.25666e-007	-0.00275
4.26166e-007	-0.003375
4.26666e-007	-0.0043125
4.27166e-007	-0.0043125
4.27666e-007	-0.0043125
4.28166e-007	-0.004625
4.28666e-007	-0.0055625
4.29166e-007	-0.005875
4.29666e-007	-0.0049375
4.30166e-007	-0.004
4.30666e-007	-0.0030625
4.31166e-007	-0.003375
4.31666e-007	-0.00275
4.32166e-007	-0.0018125
4.32666e-007	-0.0024375
4.33166e-007	-0.0018125
4.33666e-007	-0.0011875
4.34166e-007	-0.0015
4.34666e-007	-0.002125
4.35166e-007	-0.00275
4.35666e-007	-0.00275
4.36166e-007	-0.0036875
4.36666e-007	-0.0043125
4.37166e-007	-0.004
4.37666e-007	-0.004625
4.38166e-007	-0.0049375
4.38666e-007	-0.00525
4.39166e-007	-0.00525
4.39666e-007	-0.0043125
4.40166e-007	-0.004
4.40666e-007	-0.003375
4.41166e-007	-0.0030625
4.41666e-007	-0.00275
4.42166e-007	-0.002125
4.42666e-007	-0.0011875
4.43166e-007	-0.000875
4.43666e-007	-0.0011875
4.44166e-007	-0.0018125
4.44666e-007	-0.002125
4.45166e-007	-0.0024375
4.45666e-007	-0.0030625
4.46166e-007	-0.004
4.46666e-007	-0.0043125
4.47166e-007	-0.004
4.47666e-007	-0.0043125
4.48166e-007	-0.00525
4.48666e-007	-0.0055625
4.49166e-007	-0.0049375
4.49666e-007	-0.004625
4.50166e-007	-0.0036875
4.50666e-007	-0.003375
4.51166e-007	-0.0030625
4.51666e-007	-0.002125
4.52166e-007	-0.0015
4.52666e-007	-0.000875
4.53166e-007	-0.000875
4.53666e-007	-0.0018125
4.54166e-007	-0.0024375
4.54666e-007	-0.0024375
4.55166e-007	-0.0024375
4.55666e-007	-0.0030625
4.56166e-007	-0.0036875
4.56666e-007	-0.0036875
4.57166e-007	-0.0043125
4.57666e-007	-0.004625
4.58166e-007	-0.0049375
4.58666e-007	-0.0049375
4.59166e-007	-0.0043125
4.59666e-007	-0.0036875
4.60166e-007	-0.0036875
4.60666e-007	-0.0030625
4.61166e-007	-0.0018125
4.61666e-007	-0.0011875
4.62166e-007	-0.0018125
4.62666e-007	-0.0018125
4.63166e-007	-0.0011875
4.63666e-007	-0.000875
4.64166e-007	-0.0018125
4.64666e-007	-0.002125
4.65166e-007	-0.0024375
4.65666e-007	-0.003375
4.66166e-007	-0.0043125
4.66666e-007	-0.0043125
4.67166e-007	-0.0049375
4.67666e-007	-0.0049375
4.68166e-007	-0.004625
4.68666e-007	-0.004625
4.69166e-007	-0.0043125
4.69666e-007	-0.004
4.70166e-007	-0.003375
4.70666e-007	-0.0036875
4.71166e-007	-0.00275
4.71666e-007	-0.0024375
4.72166e-007	-0.002125
4.72666e-007	-0.0011875
4.73166e-007	-0.0011875
4.73666e-007	-0.0015
4.74166e-007	-0.0015
4.74666e-007	-0.0024375
4.75166e-007	-0.0030625
4.75666e-007	-0.0030625
4.76166e-007	-0.003375
4.76666e-007	-0.0043125
4.77166e-007	-0.0049375
4.77666e-007	-0.004
4.78166e-007	-0.0043125
4.78666e-007	-0.0049375
4.79166e-007	-0.0036875
4.79666e-007	-0.004
4.80166e-007	-0.0036875
4.80666e-007	-0.0030625
4.81166e-007	-0.0024375
4.81666e-007	-0.0018125
4.82166e-007	-0.002125
4.82666e-007	-0.0011875
4.83166e-007	-0.0015
4.83666e-007	-0.0024375
4.84166e-007	-0.0018125
4.84666e-007	-0.0018125
4.85166e-007	-0.0024375
4.85666e-007	-0.00275
4.86166e-007	-0.0036875
4.86666e-007	-0.0043125
4.87166e-007	-0.004625
4.87666e-007	-0.0043125
4.88166e-007	-0.004
4.88666e-007	-0.0036875
4.89166e-007	-0.003375
4.89666e-007	-0.0036875
4.90166e-007	-0.003375
4.90666e-007	-0.003375
4.91166e-007	-0.0030625
4.91666e-007	-0.002125
4.92166e-007	-0.002125
4.92666e-007	-0.0015
4.93166e-007	-0.0018125
4.93666e-007	-0.002125
4.94166e-007	-0.002125
4.94666e-007	-0.0024375
4.95166e-007	-0.0024375
4.95666e-007	-0.0030625
4.96166e-007	-0.0030625
4.96666e-007	-0.0030625
4.97166e-007	-0.0036875
4.97666e-007	-0.003375
4.98166e-007	-0.0036875
4.98666e-007	-0.0036875
4.99166e-007	-0.003375
4.99666e-007	-0.003375
5.00166e-007	-0.0030625
5.00666e-007	-0.0030625
5.01166e-007	-0.0024375
5.01666e-007	-0.0015
5.02166e-007	-0.0018125
5.02666e-007	-0.002125
5.03166e-007	-0.0024375
5.03666e-007	-0.002125
5.04166e-007	-0.0024375
5.04666e-007	-0.00275
5.05166e-007	-0.00275
5.05666e-007	-0.003375
5.06166e-007	-0.0030625
5.06666e-007	-0.0030625
5.07166e-007	-0.003375
5.07666e-007	-0.0036875
5.08166e-007	-0.003375
5.08666e-007	-0.003375
5.09166e-007	-0.0036875
5.09666e-007	-0.0024375
5.10166e-007	-0.002125
5.10666e-007	-0.0030625
5.11166e-007	-0.0024375
5.11666e-007	-0.0015
5.12166e-007	-0.002125
5.12666e-007	-0.0015
5.13166e-007	-0.0018125
5.13666e-007	-0.002125
5.14166e-007	-0.00275
5.14666e-007	-0.0030625
5.15166e-007	-0.0024375
5.15666e-007	-0.00275
5.16166e-007	-0.0030625
5.16666e-007	-0.003375
5.17166e-007	-0.003375
5.17666e-007	-0.003375
5.18166e-007	-0.003375
5.18666e-007	-0.0030625
5.19166e-007	-0.0030625
5.19666e-007	-0.00275
5.20166e-007	-0.0030625
5.20666e-007	-0.0030625
5.21166e-007	-0.002125
5.21666e-007	-0.002125
5.22166e-007	-0.0015
5.22666e-007	-0.0015
5.23166e-007	-0.00275
5.23666e-007	-0.0024375
5.24166e-007	-0.002125
5.24666e-007	-0.0015
5.25166e-007	-0.0030625
5.25666e-007	-0.003375
5.26166e-007	-0.003375
5.26666e-007	-0.0030625
5.27166e-007	-0.0030625
5.27666e-007	-0.0036875
5.28166e-007	-0.0036875
5.28666e-007	-0.0030625
5.29166e-007	-0.0030625
5.29666e-007	-0.0030625
5.30166e-007	-0.0030625
5.30666e-007	-0.00275
5.31166e-007	-0.002125
5.31666e-007	-0.0011875
5.32166e-007	-0.0011875
5.32666e-007	-0.002125
5.33166e-007	-0.002125
5.33666e-007	-0.0018125
5.34166e-007	-0.0018125
5.34666e-007	-0.0018125
5.35166e-007	-0.0024375
5.35666e-007	-0.0024375
5.36166e-007	-0.0030625
5.36666e-007	-0.0036875
5.37166e-007	-0.003375
5.37666e-007	-0.0036875
5.38166e-007	-0.0036875
5.38666e-007	-0.0036875
5.39166e-007	-0.003375
5.39666e-007	-0.00275
5.40166e-007	-0.00275
5.40666e-007	-0.00275
5.41166e-007	-0.002125
5.41666e-007	-0.0015
5.42166e-007	-0.0018125
5.42666e-007	-0.0015
5.43166e-007	-0.0015
5.43666e-007	-0.0011875
5.44166e-007	-0.0015
5.44666e-007	-0.0015
5.45166e-007	-0.002125
5.45666e-007	-0.0024375
5.46166e-007	-0.003375
5.46666e-007	-0.0036875
5.47166e-007	-0.0030625
5.47666e-007	-0.004
5.48166e-007	-0.004
5.48666e-007	-0.0036875
5.49166e-007	-0.0030625
5.49666e-007	-0.002125
5.50166e-007	-0.0024375
5.50666e-007	-0.00275
5.51166e-007	-0.00275
5.51666e-007	-0.002125
5.52166e-007	-0.0011875
5.52666e-007	-0.0015
5.53166e-007	-0.000875
5.53666e-007	-0.0005625
5.54166e-007	-0.0015
5.54666e-007	-0.0011875
5.55166e-007	-0.0015
5.55666e-007	-0.0018125
5.56166e-007	-0.00275
5.56666e-007	-0.003375
5.57166e-007	-0.003375
5.57666e-007	-0.0036875
5.58166e-007	-0.004
5.58666e-007	-0.0036875
5.59166e-007	-0.0030625
5.59666e-007	-0.0036875
5.60166e-007	-0.0036875
5.60666e-007	-0.0030625
5.61166e-007	-0.002125
5.61666e-007	-0.0011875
5.62166e-007	-0.0011875
5.62666e-007	-0.000875
5.63166e-007	-0.0005625
5.63666e-007	-0.0011875
5.64166e-007	-0.0011875
5.64666e-007	-0.000875
5.65166e-007	-0.0018125
5.65666e-007	-0.002125
5.66166e-007	-0.00275
5.66666e-007	-0.003375
5.67166e-007	-0.0036875
5.67666e-007	-0.003375
5.68166e-007	-0.0036875
5.68666e-007	-0.0036875
5.69166e-007	-0.0036875
5.69666e-007	-0.003375
5.70166e-007	-0.00275
5.70666e-007	-0.002125
5.71166e-007	-0.0018125
5.71666e-007	-0.002125
5.72166e-007	-0.0015
5.72666e-007	-0.0005625
5.73166e-007	-0.0011875
5.73666e-007	-0.0011875
5.74166e-007	-0.000875
5.74666e-007	-0.0018125
5.75166e-007	-0.0018125
5.75666e-007	-0.002125
5.76166e-007	-0.00275
5.76666e-007	-0.0030625
5.77166e-007	-0.0030625
5.77666e-007	-0.003375
5.78166e-007	-0.0030625
5.78666e-007	-0.00275
5.79166e-007	-0.0030625
5.79666e-007	-0.0030625
5.80166e-007	-0.00275
5.80666e-007	-0.0018125
5.81166e-007	-0.0015
5.81666e-007	-0.002125
5.82166e-007	-0.0011875
5.82666e-007	-0.000875
5.83166e-007	-0.0018125
5.83666e-007	-0.0018125
5.84166e-007	-0.0024375
5.84666e-007	-0.0018125
5.85166e-007	-0.0015
5.85666e-007	-0.0030625
5.86166e-007	-0.0036875
5.86666e-007	-0.003375
5.87166e-007	-0.0030625
5.87666e-007	-0.0024375
5.88166e-007	-0.0030625
5.88666e-007	-0.0030625
5.89166e-007	-0.0024375
5.89666e-007	-0.0024375
5.90166e-007	-0.0024375
5.90666e-007	-0.0011875
5.91166e-007	-0.000875
5.91666e-007	-0.0018125
5.92166e-007	-0.0024375
5.92666e-007	-0.0011875
5.93166e-007	-0.0011875
5.93666e-007	-0.0018125
5.94166e-007	-0.00275
5.94666e-007	-0.00275
5.95166e-007	-0.002125
5.95666e-007	-0.003375
5.96166e-007	-0.00275
5.96666e-007	-0.0024375
5.97166e-007	-0.00275
5.97666e-007	-0.0030625
5.98166e-007	-0.0030625
5.98666e-007	-0.0018125
5.99166e-007	-0.0018125
5.99666e-007	-0.0011875
6.00166e-007	-0.000875
6.00666e-007	-0.0011875
6.01166e-007	-0.0011875
6.01666e-007	-0.000875
6.02166e-007	-0.0011875
6.02666e-007	-0.000875
6.03166e-007	-0.0018125
6.03666e-007	-0.0024375
6.04166e-007	-0.0030625
6.04666e-007	-0.003375
6.05166e-007	-0.003375
6.05666e-007	-0.003375
6.06166e-007	-0.0030625
6.06666e-007	-0.003375
6.07166e-007	-0.0030625
6.07666e-007	-0.0018125
6.08166e-007	-0.0024375
6.08666e-007	-0.0018125
6.09166e-007	-0.0015
6.09666e-007	-0.000875
6.10166e-007	-0.00025
6.10666e-007	-0.000875
6.11166e-007	-0.0005625
6.11666e-007	-0.0005625
6.12166e-007	-0.0015
6.12666e-007	-0.0018125
6.13166e-007	-0.0024375
6.13666e-007	-0.00275
6.14166e-007	-0.0036875
6.14666e-007	-0.003375
6.15166e-007	-0.003375
6.15666e-007	-0.0036875
6.16166e-007	-0.0030625
6.16666e-007	-0.0030625
6.17166e-007	-0.00275
6.17666e-007	-0.0024375
6.18166e-007	-0.0015
6.18666e-007	-0.0005625
6.19166e-007	-0.000875
6.19666e-007	-0.00025
6.20166e-007	0.000375
6.20666e-007	-0.0005625
6.21166e-007	-0.000875
6.21666e-007	-0.0011875
6.22166e-007	-0.0015
6.22666e-007	-0.0018125
6.23166e-007	-0.0024375
6.23666e-007	-0.003375
6.24166e-007	-0.004
6.24666e-007	-0.003375
6.25166e-007	-0.0030625
6.25666e-007	-0.0036875
6.26166e-007	-0.003375
6.26666e-007	-0.0030625
6.27166e-007	-0.0024375
6.27666e-007	-0.002125
6.28166e-007	-0.0015
6.28666e-007	-0.000875
6.29166e-007	-0.000875
6.29666e-007	-0.000875
6.30166e-007	-0.0011875
6.30666e-007	-0.000875
6.31166e-007	-0.0005625
6.31666e-007	-0.0011875
6.32166e-007	-0.002125
6.32666e-007	-0.0030625
6.33166e-007	-0.00275
6.33666e-007	-0.00275
6.34166e-007	-0.003375
6.34666e-007	-0.003375
6.35166e-007	-0.0030625
6.35666e-007	-0.003375
6.36166e-007	-0.00275
6.36666e-007	-0.0024375
6.37166e-007	-0.0018125
6.37666e-007	-0.0018125
6.38166e-007	-0.0018125
6.38666e-007	-0.0005625
6.39166e-007	-0.00025
6.39666e-007	-0.000875
6.40166e-007	-0.0018125
6.40666e-007	-0.0011875
6.41166e-007	-0.0015
6.41666e-007	-0.0015
6.42166e-007	-0.0018125
6.42666e-007	-0.00275
6.43166e-007	-0.0030625
6.43666e-007	-0.0030625
6.44166e-007	-0.0030625
6.44666e-007	-0.0030625
6.45166e-007	-0.003375
6.45666e-007	-0.00275
6.46166e-007	-0.0011875
6.46666e-007	-0.0011875
6.47166e-007	-0.0015
6.47666e-007	-0.0011875
6.48166e-007	-0.0005625
6.48666e-007	-0.000875
6.49166e-007	-0.0015
6.49666e-007	-0.0005625
6.50166e-007	-0.0018125
6.50666e-007	-0.002125
6.51166e-007	-0.0024375
6.51666e-007	-0.0024375
6.52166e-007	-0.002125
6.52666e-007	-0.0024375
6.53166e-007	-0.0030625
6.53666e-007	-0.0030625
6.54166e-007	-0.0030625
6.54666e-007	-0.0024375
6.55166e-007	-0.0018125
6.55666e-007	-0.002125
6.56166e-007	-0.0015
6.56666e-007	-0.0011875
6.57166e-007	-0.000875
6.57666e-007	-0.000875
6.58166e-007	-0.0005625
6.58666e-007	-0.000875
6.59166e-007	-0.0018125
6.59666e-007	-0.0015
6.60166e-007	-0.002125
6.60666e-007	-0.0018125
6.61166e-007	-0.0024375
6.61666e-007	-0.00275
6.62166e-007	-0.0030625
6.62666e-007	-0.0036875
6.63166e-007	-0.0030625
6.63666e-007	-0.00275
6.64166e-007	-0.0024375
6.64666e-007	-0.0018125
6.65166e-007	-0.002125
6.65666e-007	-0.0018125
6.66166e-007	-0.0011875
6.66666e-007	6.25e-005
6.67166e-007	0.000375
6.67666e-007	-0.0005625
6.68166e-007	-0.0011875
6.68666e-007	-0.000875
6.69166e-007	-0.000875
6.69666e-007	-0.0015
6.70166e-007	-0.0024375
6.70666e-007	-0.0030625
6.71166e-007	-0.0030625
6.71666e-007	-0.0030625
6.72166e-007	-0.0030625
6.72666e-007	-0.004
6.73166e-007	-0.003375
6.73666e-007	-0.002125
6.74166e-007	-0.0018125
6.74666e-007	-0.002125
6.75166e-007	-0.0018125
6.75666e-007	-0.000875
6.76166e-007	-0.0005625
6.76666e-007	-0.00025
6.77166e-007	-0.00025
6.77666e-007	-0.0005625
6.78166e-007	-0.00025
6.78666e-007	-0.0011875
6.79166e-007	-0.0015
6.79666e-007	-0.0015
6.80166e-007	-0.0030625
6.80666e-007	-0.0030625
6.81166e-007	-0.003375
6.81666e-007	-0.003375
6.82166e-007	-0.0030625
6.82666e-007	-0.0030625
6.83166e-007	-0.00275
6.83666e-007	-0.0024375
6.84166e-007	-0.002125
6.84666e-007	-0.0011875
6.85166e-007	-0.000875
6.85666e-007	-0.00025
6.86166e-007	-0.000875
6.86666e-007	-0.0005625
6.87166e-007	-0.00025
6.87666e-007	-0.0011875
6.88166e-007	-0.000875
6.88666e-007	-0.0011875
6.89166e-007	-0.0015
6.89666e-007	-0.002125
6.90166e-007	-0.00275
6.90666e-007	-0.0030625
6.91166e-007	-0.0030625
6.91666e-007	-0.0030625
6.92166e-007	-0.0024375
6.92666e-007	-0.0024375
6.93166e-007	-0.002125
6.93666e-007	-0.0018125
6.94166e-007	-0.0011875
6.94666e-007	-0.0015
6.95166e-007	-0.0018125
6.95666e-007	-0.0015
6.96166e-007	-0.0011875
6.96666e-007	-0.000875
6.97166e-007	-0.0011875
6.97666e-007	-0.000875
6.98166e-007	-0.0015
6.98666e-007	-0.0018125
6.99166e-007	-0.0015
6.99666e-007	-0.002125
7.00166e-007	-0.0024375
7.00666e-007	-0.0024375
7.01166e-007	-0.002125
7.01666e-007	-0.0018125
7.02166e-007	-0.0024375
7.02666e-007	-0.002125
7.03166e-007	-0.0018125
7.03666e-007	-0.0018125
7.04166e-007	-0.000875
7.04666e-007	-0.000875
7.05166e-007	-0.000875
7.05666e-007	-0.0015
7.06166e-007	-0.0015
7.06666e-007	-0.0015
7.07166e-007	-0.0018125
7.07666e-007	-0.0018125
7.08166e-007	-0.0024375
7.08666e-007	-0.0018125
7.09166e-007	-0.0018125
7.09666e-007	-0.002125
7.10166e-007	-0.0015
7.10666e-007	-0.00275
7.11166e-007	-0.0024375
7.11666e-007	-0.0015
7.12166e-007	-0.0015
7.12666e-007	-0.0005625
7.13166e-007	-0.0011875
7.13666e-007	-0.0011875
7.14166e-007	-0.0005625
7.14666e-007	-0.0018125
7.15166e-007	-0.0018125
7.15666e-007	-0.0015
7.16166e-007	-0.0018125
7.16666e-007	-0.0018125
7.17166e-007	-0.0030625
7.17666e-007	-0.0024375
7.18166e-007	-0.0024375
7.18666e-007	-0.002125
7.19166e-007	-0.0018125
7.19666e-007	-0.002125
7.20166e-007	-0.0018125
7.20666e-007	-0.0015
7.21166e-007	-0.000875
7.21666e-007	-0.0005625
7.22166e-007	-0.0005625
7.22666e-007	0.000375
7.23166e-007	-0.00025
7.23666e-007	-0.00025
7.24166e-007	-0.000875
7.24666e-007	-0.000875
7.25166e-007	-0.00025
7.25666e-007	-0.0015
7.26166e-007	-0.002125
7.26666e-007	-0.00275
7.27166e-007	-0.0030625
7.27666e-007	-0.00275
7.28166e-007	-0.00275
7.28666e-007	-0.002125
7.29166e-007	-0.00275
7.29666e-007	-0.0024375
7.30166e-007	-0.000875
7.30666e-007	-0.0011875
7.31166e-007	-0.00025
7.31666e-007	-0.0005625
7.32166e-007	-0.0005625
7.32666e-007	-0.0005625
7.33166e-007	-0.000875
7.33666e-007	-0.00025
7.34166e-007	-0.00025
7.34666e-007	-0.000875
7.35166e-007	-0.0015
7.35666e-007	-0.0030625
7.36166e-007	-0.00275
7.36666e-007	-0.0030625
7.37166e-007	-0.003375
7.37666e-007	-0.0030625
7.38166e-007	-0.0030625
7.38666e-007	-0.00275
7.39166e-007	-0.0030625
7.39666e-007	-0.002125
7.40166e-007	-0.0005625
7.40666e-007	-0.0011875
7.41166e-007	-0.0005625
7.41666e-007	6.25e-005
7.42166e-007	6.25e-005
7.42666e-007	6.25e-005
7.43166e-007	-0.00025
7.43666e-007	6.25e-005
7.44166e-007	-0.0005625
7.44666e-007	-0.000875
7.45166e-007	-0.0015
7.45666e-007	-0.0024375
7.46166e-007	-0.0024375
7.46666e-007	-0.0030625
7.47166e-007	-0.00275
7.47666e-007	-0.0030625
7.48166e-007	-0.0030625
7.48666e-007	-0.0018125
7.49166e-007	-0.002125
7.49666e-007	-0.0018125
7.50166e-007	-0.000875
7.50666e-007	-0.00025
7.51166e-007	0.000375
7.51666e-007	0.000375
7.52166e-007	0.0006875
7.52666e-007	6.25e-005
7.53166e-007	6.25e-005
7.53666e-007	0.000375
7.54166e-007	-0.000875
7.54666e-007	-0.0015
7.55166e-007	-0.002125
7.55666e-007	-0.0030625
7.56166e-007	-0.002125
7.56666e-007	-0.002125
7.57166e-007	-0.00275
7.57666e-007	-0.0030625
7.58166e-007	-0.00275
7.58666e-007	-0.0024375
7.59166e-007	-0.0011875
7.59666e-007	-0.0005625
7.60166e-007	-0.0011875
7.60666e-007	-0.00025
7.61166e-007	0.0006875
7.61666e-007	6.25e-005
7.62166e-007	0.000375
7.62666e-007	6.25e-005
7.63166e-007	-0.000875
7.63666e-007	-0.000875
7.64166e-007	-0.000875
7.64666e-007	-0.000875
7.65166e-007	-0.0024375
7.65666e-007	-0.002125
7.66166e-007	-0.002125
7.66666e-007	-0.0024375
7.67166e-007	-0.0024375
7.67666e-007	-0.0024375
7.68166e-007	-0.002125
7.68666e-007	-0.0024375
7.69166e-007	-0.0018125
7.69666e-007	-0.000875
7.70166e-007	-0.0005625
7.70666e-007	-0.00025
7.71166e-007	6.25e-005
7.71666e-007	0.000375
7.72166e-007	6.25e-005
7.72666e-007	-0.000875
7.73166e-007	-0.0011875
7.73666e-007	-0.0005625
7.74166e-007	-0.000875
7.74666e-007	-0.0018125
7.75166e-007	-0.002125
7.75666e-007	-0.0018125
7.76166e-007	-0.0024375
7.76666e-007	-0.0024375
7.77166e-007	-0.00275
7.77666e-007	-0.00275
7.78166e-007	-0.002125
7.78666e-007	-0.0015
7.79166e-007	-0.000875
7.79666e-007	-0.000875
7.80166e-007	-0.0005625
7.80666e-007	6.25e-005
7.81166e-007	-0.000875
7.81666e-007	-0.0005625
7.82166e-007	-0.0005625
7.82666e-007	-0.00025
7.83166e-007	-0.000875
7.83666e-007	-0.00025
7.84166e-007	-0.000875
7.84666e-007	-0.0018125
7.85166e-007	-0.0015
7.85666e-007	-0.0018125
7.86166e-007	-0.0024375
7.86666e-007	-0.002125
7.87166e-007	-0.0024375
7.87666e-007	-0.002125
7.88166e-007	-0.002125
7.88666e-007	-0.0011875
7.89166e-007	-0.0011875
7.89666e-007	-0.000875
7.90166e-007	-0.000875
7.90666e-007	-0.0005625
7.91166e-007	-0.0005625
7.91666e-007	-0.000875
7.92166e-007	-0.0011875
7.92666e-007	-0.00025
7.93166e-007	-0.00025
7.93666e-007	-0.0005625
7.94166e-007	-0.0011875
7.94666e-007	-0.0018125
7.95166e-007	-0.0011875
7.95666e-007	-0.0015
7.96166e-007	-0.002125
7.96666e-007	-0.0024375
7.97166e-007	-0.0018125
7.97666e-007	-0.0018125
7.98166e-007	-0.002125
7.98666e-007	-0.0018125
7.99166e-007	-0.0015
7.99666e-007	-0.000875
8.00166e-007	-0.00025
8.00666e-007	-0.0005625
8.01166e-007	-0.000875
8.01666e-007	-0.0005625
8.02166e-007	-0.000875
8.02666e-007	-0.000875
8.03166e-007	-0.0005625
8.03666e-007	0.000375
8.04166e-007	-0.0005625
8.04666e-007	-0.0011875
8.05166e-007	-0.0011875
8.05666e-007	-0.000875
8.06166e-007	-0.000875
8.06666e-007	-0.0018125
8.07166e-007	-0.0018125
8.07666e-007	-0.0015
8.08166e-007	-0.002125
8.08666e-007	-0.002125
8.09166e-007	-0.0018125
8.09666e-007	-0.0011875
8.10166e-007	-0.0015
8.10666e-007	-0.0011875
8.11166e-007	-0.000875
8.11666e-007	-0.0011875
8.12166e-007	-0.0005625
8.12666e-007	-0.00025
8.13166e-007	-0.00025
8.13666e-007	-0.0005625
8.14166e-007	-0.000875
8.14666e-007	-0.0015
8.15166e-007	-0.0011875
8.15666e-007	-0.000875
8.16166e-007	-0.00025
8.16666e-007	-0.0011875
8.17166e-007	-0.0015
8.17666e-007	-0.0018125
8.18166e-007	-0.0024375
8.18666e-007	-0.0024375
8.19166e-007	-0.002125
8.19666e-007	-0.0011875
8.20166e-007	-0.0018125
8.20666e-007	-0.0024375
8.21166e-007	-0.0011875
8.21666e-007	-0.0005625
8.22166e-007	-0.0005625
8.22666e-007	-0.000875
8.23166e-007	-0.0005625
8.23666e-007	6.25e-005
8.24166e-007	6.25e-005
8.24666e-007	0.000375
8.25166e-007	6.25e-005
8.25666e-007	-0.0005625
8.26166e-007	-0.0005625
8.26666e-007	-0.0011875
8.27166e-007	-0.0018125
8.27666e-007	-0.0018125
8.28166e-007	-0.0018125
8.28666e-007	-0.002125
8.29166e-007	-0.002125
8.29666e-007	-0.0018125
8.30166e-007	-0.002125
8.30666e-007	-0.0024375
8.31166e-007	-0.0015
8.31666e-007	-0.000875
8.32166e-007	-0.000875
8.32666e-007	-0.0005625
8.33166e-007	-0.00025
8.33666e-007	0.0006875
8.34166e-007	6.25e-005
8.34666e-007	-0.00025
8.35166e-007	6.25e-005
8.35666e-007	-0.00025
8.36166e-007	6.25e-005
8.36666e-007	-0.000875
8.37166e-007	-0.0015
8.37666e-007	-0.0018125
8.38166e-007	-0.002125
8.38666e-007	-0.002125
8.39166e-007	-0.002125
8.39666e-007	-0.002125
8.40166e-007	-0.0018125
8.40666e-007	-0.0018125
8.41166e-007	-0.0018125
8.41666e-007	-0.0005625
8.42166e-007	6.25e-005
8.42666e-007	-0.0005625
8.43166e-007	-0.0005625
8.43666e-007	0.0006875
8.44166e-007	0.0006875
8.44666e-007	-0.00025
8.45166e-007	-0.00025
8.45666e-007	-0.0005625
8.46166e-007	-0.0011875
8.46666e-007	-0.0011875
8.47166e-007	-0.0015
8.47666e-007	-0.0011875
8.48166e-007	-0.00275
8.48666e-007	-0.0024375
8.49166e-007	-0.0018125
8.49666e-007	-0.0018125
8.50166e-007	-0.002125
8.50666e-007	-0.0018125
8.51166e-007	-0.0011875
8.51666e-007	-0.000875
8.52166e-007	-0.0005625
8.52666e-007	6.25e-005
8.53166e-007	-0.00025
8.53666e-007	6.25e-005
8.54166e-007	6.25e-005
8.54666e-007	0.000375
8.55166e-007	6.25e-005
8.55666e-007	-0.000875
8.56166e-007	-0.000875
8.56666e-007	-0.002125
8.57166e-007	-0.0018125
8.57666e-007	-0.0011875
8.58166e-007	-0.0024375
8.58666e-007	-0.0024375
8.59166e-007	-0.0018125
8.59666e-007	-0.0011875
8.60166e-007	-0.0011875
8.60666e-007	-0.0015
8.61166e-007	-0.000875
8.61666e-007	6.25e-005
8.62166e-007	0.0006875
8.62666e-007	-0.0005625
8.63166e-007	6.25e-005
8.63666e-007	0.000375
8.64166e-007	0.000375
8.64666e-007	6.25e-005
8.65166e-007	-0.00025
8.65666e-007	-0.0011875
8.66166e-007	-0.0011875
8.66666e-007	-0.000875
8.67166e-007	-0.0015
8.67666e-007	-0.0018125
8.68166e-007	-0.00275
8.68666e-007	-0.0024375
8.69166e-007	-0.0024375
8.69666e-007	-0.0011875
8.70166e-007	-0.0011875
8.70666e-007	-0.0005625
8.71166e-007	-0.00025
8.71666e-007	0.000375
8.72166e-007	0.0006875
8.72666e-007	0.000375
8.73166e-007	0.0006875
8.73666e-007	-0.00025
8.74166e-007	-0.0005625
8.74666e-007	-0.00025
8.75166e-007	-0.00025
8.75666e-007	-0.0005625
8.76166e-007	-0.0015
8.76666e-007	-0.0018125
8.77166e-007	-0.0015
8.77666e-007	-0.002125
8.78166e-007	-0.002125
8.78666e-007	-0.002125
8.79166e-007	-0.0015
8.79666e-007	-0.0015
8.80166e-007	-0.0015
8.80666e-007	-0.0011875
8.81166e-007	-0.0005625
8.81666e-007	6.25e-005
8.82166e-007	0.0006875
8.82666e-007	6.25e-005
8.83166e-007	0.0006875
8.83666e-007	6.25e-005
8.84166e-007	-0.0005625
8.84666e-007	-0.000875
8.85166e-007	-0.0005625
8.85666e-007	-0.0005625
8.86166e-007	-0.0018125
8.86666e-007	-0.0018125
8.87166e-007	-0.0018125
8.87666e-007	-0.002125
8.88166e-007	-0.0018125
8.88666e-007	-0.0011875
8.89166e-007	-0.0011875
8.89666e-007	-0.000875
8.90166e-007	-0.0018125
8.90666e-007	-0.00025
8.91166e-007	-0.0005625
8.91666e-007	-0.00025
8.92166e-007	0.000375
8.92666e-007	0.0006875
8.93166e-007	6.25e-005
8.93666e-007	-0.0005625
8.94166e-007	6.25e-005
8.94666e-007	-0.00025
8.95166e-007	-0.000875
8.95666e-007	-0.0011875
8.96166e-007	-0.0018125
8.96666e-007	-0.0011875
8.97166e-007	-0.0018125
8.97666e-007	-0.002125
8.98166e-007	-0.002125
8.98666e-007	-0.002125
8.99166e-007	-0.0015
8.99666e-007	-0.0011875
9.00166e-007	-0.000875
9.00666e-007	-0.0005625
9.01166e-007	-0.0005625
9.01666e-007	-0.00025
9.02166e-007	-0.0005625
9.02666e-007	-0.0005625
9.03166e-007	6.25e-005
9.03666e-007	6.25e-005
9.04166e-007	6.25e-005
9.04666e-007	-0.0011875
9.05166e-007	-0.0011875
9.05666e-007	-0.000875
9.06166e-007	-0.0015
9.06666e-007	-0.0018125
9.07166e-007	-0.0018125
9.07666e-007	-0.000875
9.08166e-007	-0.0015
9.08666e-007	-0.0011875
9.09166e-007	-0.000875
9.09666e-007	-0.0011875
9.10166e-007	-0.0005625
9.10666e-007	-0.000875
9.11166e-007	-0.0015
9.11666e-007	-0.0005625
9.12166e-007	-0.0005625
9.12666e-007	-0.000875
9.13166e-007	-0.0011875
9.13666e-007	-0.000875
9.14166e-007	-0.00025
9.14666e-007	-0.0005625
9.15166e-007	-0.00025
9.15666e-007	-0.000875
9.16166e-007	-0.0015
9.16666e-007	-0.000875
9.17166e-007	-0.0005625
9.17666e-007	-0.000875
9.18166e-007	-0.0015
9.18666e-007	-0.0011875
9.19166e-007	-0.0005625
9.19666e-007	-0.0011875
9.20166e-007	-0.0005625
9.20666e-007	-0.0005625
9.21166e-007	-0.0011875
9.21666e-007	-0.0018125
9.22166e-007	-0.0015
9.22666e-007	-0.0005625
9.23166e-007	-0.0015
9.23666e-007	-0.000875
9.24166e-007	-0.0005625
9.24666e-007	-0.0018125
9.25166e-007	-0.0005625
9.25666e-007	-0.0005625
9.26166e-007	-0.0005625
9.26666e-007	-0.00025
9.27166e-007	-0.0005625
9.27666e-007	-0.00025
9.28166e-007	6.25e-005
9.28666e-007	0.000375
9.29166e-007	-0.0005625
9.29666e-007	-0.000875
9.30166e-007	-0.00025
9.30666e-007	-0.000875
9.31166e-007	-0.0011875
9.31666e-007	-0.0011875
9.32166e-007	-0.002125
9.32666e-007	-0.0015
9.33166e-007	-0.0011875
9.33666e-007	-0.0011875
9.34166e-007	-0.0015
9.34666e-007	-0.0015
9.35166e-007	-0.00025
9.35666e-007	-0.00025
9.36166e-007	6.25e-005
9.36666e-007	6.25e-005
9.37166e-007	6.25e-005
9.37666e-007	0.0006875
9.38166e-007	-0.0005625
9.38666e-007	-0.00025
9.39166e-007	0.000375
9.39666e-007	-0.000875
9.40166e-007	-0.0005625
9.40666e-007	-0.000875
9.41166e-007	-0.0011875
9.41666e-007	-0.0018125
9.42166e-007	-0.002125
9.42666e-007	-0.0011875
9.43166e-007	-0.0018125
9.43666e-007	-0.0018125
9.44166e-007	-0.0015
9.44666e-007	-0.0018125
9.45166e-007	-0.000875
9.45666e-007	-0.000875
9.46166e-007	6.25e-005
9.46666e-007	6.25e-005
9.47166e-007	6.25e-005
9.47666e-007	0.0006875
9.48166e-007	0.0006875
9.48666e-007	0.0006875
9.49166e-007	0.0006875
9.49666e-007	-0.00025
9.50166e-007	-0.0005625
9.50666e-007	-0.0011875
9.51166e-007	-0.0011875
9.51666e-007	-0.0011875
9.52166e-007	-0.002125
9.52666e-007	-0.002125
9.53166e-007	-0.002125
9.53666e-007	-0.0015
9.54166e-007	-0.0015
9.54666e-007	-0.000875
9.55166e-007	-0.0005625
9.55666e-007	-0.0005625
9.56166e-007	-0.0005625
9.56666e-007	-0.0005625
9.57166e-007	0.000375
9.57666e-007	0.0013125
9.58166e-007	0.0006875
9.58666e-007	-0.00025
9.59166e-007	-0.00025
9.59666e-007	-0.0005625
9.60166e-007	-0.0011875
9.60666e-007	-0.000875
9.61166e-007	-0.0015
9.61666e-007	-0.0018125
9.62166e-007	-0.0018125
9.62666e-007	-0.0018125
9.63166e-007	-0.002125
9.63666e-007	-0.0015
9.64166e-007	-0.0015
9.64666e-007	-0.0011875
9.65166e-007	-0.00025
9.65666e-007	6.25e-005
9.66166e-007	-0.0005625
9.66666e-007	-0.00025
9.67166e-007	6.25e-005
9.67666e-007	0.0006875
9.68166e-007	0.001
9.68666e-007	0.000375
9.69166e-007	-0.00025
9.69666e-007	-0.0005625
9.70166e-007	-0.0011875
9.70666e-007	-0.0011875
9.71166e-007	-0.0015
9.71666e-007	-0.002125
9.72166e-007	-0.0024375
9.72666e-007	-0.0015
9.73166e-007	-0.0011875
9.73666e-007	-0.002125
9.74166e-007	-0.0018125
9.74666e-007	-0.000875
9.75166e-007	-0.0005625
9.75666e-007	0.0006875
9.76166e-007	0.0006875
9.76666e-007	0.0006875
9.77166e-007	-0.0005625
9.77666e-007	-0.00025
9.78166e-007	0.0006875
9.78666e-007	6.25e-005
9.79166e-007	6.25e-005
9.79666e-007	-0.0005625
9.80166e-007	-0.000875
9.80666e-007	-0.0011875
9.81166e-007	-0.002125
9.81666e-007	-0.0018125
9.82166e-007	-0.002125
9.82666e-007	-0.0018125
9.83166e-007	-0.002125
9.83666e-007	-0.002125
9.84166e-007	-0.000875
9.84666e-007	-0.0011875
9.85166e-007	-0.0005625
9.85666e-007	0.000375
9.86166e-007	0.001
9.86666e-007	0.0013125
9.87166e-007	0.0006875
9.87666e-007	0.0013125
9.88166e-007	0.0006875
9.88666e-007	-0.0005625
9.89166e-007	6.25e-005
9.89666e-007	-0.0005625
9.90166e-007	-0.0011875
9.90666e-007	-0.0011875
9.91166e-007	-0.0018125
9.91666e-007	-0.002125
9.92166e-007	-0.00275
9.92666e-007	-0.0018125
9.93166e-007	-0.002125
9.93666e-007	-0.0015
9.94166e-007	-0.0005625
9.94666e-007	-0.000875
9.95166e-007	-0.0005625
9.95666e-007	6.25e-005
9.96166e-007	0.0006875
9.96666e-007	0.001625
9.97166e-007	0.0013125
9.97666e-007	6.25e-005
9.98166e-007	0.000375
9.98666e-007	6.25e-005
9.99166e-007	6.25e-005
9.99666e-007	-0.0005625
1.000166e-006	-0.000875
1.000666e-006	-0.002125
1.001166e-006	-0.0024375
1.001666e-006	-0.0015
1.002166e-006	-0.0024375
1.002666e-006	-0.0024375
1.003166e-006	-0.002125
1.003666e-006	-0.002125
1.004166e-006	-0.0011875
1.004666e-006	-0.0011875
1.005166e-006	6.25e-005
1.005666e-006	0.000375
1.006166e-006	0.0013125
1.006666e-006	0.001
1.007166e-006	-0.00025
1.007666e-006	0.001
1.008166e-006	0.001
1.008666e-006	0.0006875
1.009166e-006	0.0006875
1.009666e-006	-0.00025
1.010166e-006	6.25e-005
1.010666e-006	-0.0015
1.011166e-006	-0.00275
1.011666e-006	-0.002125
1.012166e-006	-0.0030625
1.012666e-006	-0.0024375
1.013166e-006	-0.0018125
1.013666e-006	-0.002125
1.014166e-006	-0.0011875
1.014666e-006	-0.000875
1.015166e-006	-0.00025
1.015666e-006	6.25e-005
1.016166e-006	0.000375
1.016666e-006	0.0013125
1.017166e-006	0.0013125
1.017666e-006	0.0013125
1.018166e-006	0.001
1.018666e-006	0.0006875
1.019166e-006	0.0013125
1.019666e-006	6.25e-005
1.020166e-006	-0.000875
1.020666e-006	-0.0011875
1.021166e-006	-0.000875
1.021666e-006	-0.0018125
1.022166e-006	-0.0030625
1.022666e-006	-0.00275
1.023166e-006	-0.002125
1.023666e-006	-0.002125
1.024166e-006	-0.000875
1.024666e-006	-0.0011875
1.025166e-006	-0.00025
1.025666e-006	6.25e-005
1.026166e-006	0.0006875
1.026666e-006	0.0013125
1.027166e-006	0.001
1.027666e-006	0.001625
1.028166e-006	0.001625
1.028666e-006	0.0013125
1.029166e-006	0.000375
1.029666e-006	-0.0005625
1.030166e-006	6.25e-005
1.030666e-006	-0.0005625
1.031166e-006	-0.0015
1.031666e-006	-0.002125
1.032166e-006	-0.00275
1.032666e-006	-0.002125
1.033166e-006	-0.0024375
1.033666e-006	-0.002125
1.034166e-006	-0.002125
1.034666e-006	-0.0018125
1.035166e-006	6.25e-005
1.035666e-006	6.25e-005
1.036166e-006	0.000375
1.036666e-006	0.000375
1.037166e-006	0.000375
1.037666e-006	0.001625
1.038166e-006	0.0013125
1.038666e-006	0.001
1.039166e-006	0.0013125
1.039666e-006	0.000375
1.040166e-006	6.25e-005
1.040666e-006	-0.000875
1.041166e-006	-0.0015
1.041666e-006	-0.0018125
1.042166e-006	-0.002125
1.042666e-006	-0.002125
1.043166e-006	-0.0024375
1.043666e-006	-0.0018125
1.044166e-006	-0.0015
1.044666e-006	-0.0011875
1.045166e-006	-0.000875
1.045666e-006	-0.0005625
1.046166e-006	6.25e-005
1.046666e-006	0.000375
1.047166e-006	0.000375
1.047666e-006	0.0006875
1.048166e-006	0.000375
1.048666e-006	0.0013125
1.049166e-006	0.001625
1.049666e-006	0.000375
1.050166e-006	6.25e-005
1.050666e-006	-0.0005625
1.051166e-006	-0.0011875
1.051666e-006	-0.0015
1.052166e-006	-0.0024375
1.052666e-006	-0.002125
1.053166e-006	-0.0024375
1.053666e-006	-0.002125
1.054166e-006	-0.0015
1.054666e-006	-0.0011875
1.055166e-006	-0.0005625
1.055666e-006	-0.0005625
1.056166e-006	0.000375
1.056666e-006	0.0006875
1.057166e-006	0.000375
1.057666e-006	0.0006875
1.058166e-006	0.0013125
1.058666e-006	0.0006875
1.059166e-006	0.000375
1.059666e-006	6.25e-005
1.060166e-006	-0.00025
1.060666e-006	-0.00025
1.061166e-006	-0.0005625
1.061666e-006	-0.0011875
1.062166e-006	-0.0015
1.062666e-006	-0.0018125
1.063166e-006	-0.002125
1.063666e-006	-0.0024375
1.064166e-006	-0.0018125
1.064666e-006	-0.0011875
1.065166e-006	-0.0005625
1.065666e-006	0.000375
1.066166e-006	0.0006875
1.066666e-006	0.000375
1.067166e-006	0.0013125
1.067666e-006	0.001
1.068166e-006	0.0006875
1.068666e-006	0.0006875
1.069166e-006	0.0006875
1.069666e-006	0.000375
1.070166e-006	-0.000875
1.070666e-006	-0.000875
1.071166e-006	-0.0011875
1.071666e-006	-0.0011875
1.072166e-006	-0.0018125
1.072666e-006	-0.002125
1.073166e-006	-0.0018125
1.073666e-006	-0.0024375
1.074166e-006	-0.0018125
1.074666e-006	-0.000875
1.075166e-006	-0.0005625
1.075666e-006	-0.00025
1.076166e-006	6.25e-005
1.076666e-006	6.25e-005
1.077166e-006	0.000375
1.077666e-006	0.0006875
1.078166e-006	0.001625
1.078666e-006	6.25e-005
1.079166e-006	6.25e-005
1.079666e-006	0.000375
1.080166e-006	-0.00025
1.080666e-006	-0.000875
1.081166e-006	-0.0015
1.081666e-006	-0.000875
1.082166e-006	-0.0018125
1.082666e-006	-0.00275
1.083166e-006	-0.0015
1.083666e-006	-0.0018125
1.084166e-006	-0.002125
1.084666e-006	-0.000875
1.085166e-006	-0.00025
1.085666e-006	-0.0005625
1.086166e-006	-0.00025
1.086666e-006	0.0013125
1.087166e-006	0.001
1.087666e-006	0.000375
1.088166e-006	0.001
1.088666e-006	0.001
1.089166e-006	0.001
1.089666e-006	0.000375
1.090166e-006	-0.0005625
1.090666e-006	-0.0011875
1.091166e-006	-0.0018125
1.091666e-006	-0.0011875
1.092166e-006	-0.0018125
1.092666e-006	-0.0018125
1.093166e-006	-0.002125
1.093666e-006	-0.002125
1.094166e-006	-0.002125
1.094666e-006	-0.0018125
1.095166e-006	-0.000875
1.095666e-006	0.0006875
1.096166e-006	0.0006875
1.096666e-006	6.25e-005
1.097166e-006	6.25e-005
1.097666e-006	6.25e-005
1.098166e-006	0.0013125
1.098666e-006	0.0006875
1.099166e-006	0.001
1.099666e-006	0.001
1.100166e-006	-0.00025
1.100666e-006	-0.000875
1.101166e-006	-0.0011875
1.101666e-006	-0.000875
1.102166e-006	-0.000875
1.102666e-006	-0.0030625
1.103166e-006	-0.002125
1.103666e-006	-0.002125
1.104166e-006	-0.002125
1.104666e-006	-0.0015
1.105166e-006	-0.0005625
1.105666e-006	6.25e-005
1.106166e-006	-0.00025
1.106666e-006	0.0006875
1.107166e-006	0.0013125
1.107666e-006	0.0006875
1.108166e-006	0.0013125
1.108666e-006	0.000375
1.109166e-006	0.001
1.109666e-006	0.0013125
1.110166e-006	0.0006875
1.110666e-006	6.25e-005
1.111166e-006	-0.0015
1.111666e-006	-0.000875
1.112166e-006	-0.0018125
1.112666e-006	-0.002125
1.113166e-006	-0.0018125
1.113666e-006	-0.002125
1.114166e-006	-0.002125
1.114666e-006	-0.0011875
1.115166e-006	-0.000875
1.115666e-006	-0.000875
1.116166e-006	-0.0011875
1.116666e-006	0.0006875
1.117166e-006	0.0013125
1.117666e-006	0.000375
1.118166e-006	0.001
1.118666e-006	0.0006875
1.119166e-006	0.001
1.119666e-006	6.25e-005
1.120166e-006	0.000375
1.120666e-006	0.0006875
1.121166e-006	-0.0005625
1.121666e-006	-0.0015
1.122166e-006	-0.0018125
1.122666e-006	-0.0018125
1.123166e-006	-0.0015
1.123666e-006	-0.0030625
1.124166e-006	-0.0024375
1.124666e-006	-0.0024375
1.125166e-006	-0.002125
1.125666e-006	-0.0005625
1.126166e-006	-0.0005625
1.126666e-006	-0.00025
1.127166e-006	6.25e-005
1.127666e-006	-0.00025
1.128166e-006	0.0006875
1.128666e-006	0.0013125
1.129166e-006	0.001625
1.129666e-006	0.001
1.130166e-006	0.0006875
1.130666e-006	0.000375
1.131166e-006	-0.000875
1.131666e-006	-0.0005625
1.132166e-006	-0.0011875
1.132666e-006	-0.000875
1.133166e-006	-0.0018125
1.133666e-006	-0.002125
1.134166e-006	-0.002125
1.134666e-006	-0.002125
1.135166e-006	-0.0018125
1.135666e-006	-0.000875
1.136166e-006	-0.0011875
1.136666e-006	-0.0005625
1.137166e-006	-0.00025
1.137666e-006	6.25e-005
1.138166e-006	0.0013125
1.138666e-006	0.0006875
1.139166e-006	0.000375
1.139666e-006	0.000375
1.140166e-006	0.001
1.140666e-006	0.000375
1.141166e-006	-0.0005625
1.141666e-006	6.25e-005
1.142166e-006	-0.0005625
1.142666e-006	-0.0018125
1.143166e-006	-0.002125
1.143666e-006	-0.0024375
1.144166e-006	-0.0018125
1.144666e-006	-0.0024375
1.145166e-006	-0.0011875
1.145666e-006	-0.0011875
1.146166e-006	-0.000875
1.146666e-006	-0.0005625
1.147166e-006	-0.0005625
1.147666e-006	-0.00025
1.148166e-006	0.001
1.148666e-006	0.001
1.149166e-006	0.001
1.149666e-006	0.0006875
1.150166e-006	0.0006875
1.150666e-006	6.25e-005
1.151166e-006	-0.0005625
1.151666e-006	-0.0005625
1.152166e-006	-0.0011875
1.152666e-006	-0.0005625
1.153166e-006	-0.000875
1.153666e-006	-0.0015
1.154166e-006	-0.0018125
1.154666e-006	-0.000875
1.155166e-006	-0.000875
1.155666e-006	-0.0011875
1.156166e-006	-0.0018125
1.156666e-006	6.25e-005
1.157166e-006	0.000375
1.157666e-006	0.000375
1.158166e-006	6.25e-005
1.158666e-006	0.0006875
1.159166e-006	0.0006875
1.159666e-006	0.000375
1.160166e-006	6.25e-005
1.160666e-006	-0.00025
1.161166e-006	-0.00025
1.161666e-006	-0.0011875
1.162166e-006	-0.0005625
1.162666e-006	-0.0005625
1.163166e-006	-0.0015
1.163666e-006	-0.0015
1.164166e-006	-0.0015
1.164666e-006	-0.0011875
1.165166e-006	-0.000875
1.165666e-006	-0.0015
1.166166e-006	-0.0005625
1.166666e-006	-0.00025
1.167166e-006	-0.00025
1.167666e-006	6.25e-005
1.168166e-006	6.25e-005
1.168666e-006	-0.0005625
1.169166e-006	-0.0005625
1.169666e-006	0.000375
1.170166e-006	-0.0005625
1.170666e-006	-0.000875
1.171166e-006	-0.000875
1.171666e-006	-0.0011875
1.172166e-006	-0.0015
1.172666e-006	-0.000875
1.173166e-006	-0.0015
1.173666e-006	-0.0011875
1.174166e-006	-0.0011875
1.174666e-006	-0.0011875
1.175166e-006	-0.0015
1.175666e-006	-0.0005625
1.176166e-006	-0.00025
1.176666e-006	-0.00025
1.177166e-006	6.25e-005
1.177666e-006	-0.00025
1.178166e-006	-0.00025
1.178666e-006	6.25e-005
1.179166e-006	0.000375
1.179666e-006	-0.0005625
1.180166e-006	-0.0011875
1.180666e-006	-0.000875
1.181166e-006	-0.000875
1.181666e-006	-0.000875
1.182166e-006	-0.0011875
1.182666e-006	-0.0011875
1.183166e-006	-0.0005625
1.183666e-006	-0.000875
1.184166e-006	-0.0005625
1.184666e-006	-0.0011875
1.185166e-006	-0.0011875
1.185666e-006	-0.0005625
1.186166e-006	0.000375
1.186666e-006	-0.00025
1.187166e-006	6.25e-005
1.187666e-006	0.000375
1.188166e-006	0.000375
1.188666e-006	0.000375
1.189166e-006	-0.00025
1.189666e-006	-0.000875
1.190166e-006	-0.00025
1.190666e-006	-0.0005625
1.191166e-006	-0.000875
1.191666e-006	-0.000875
1.192166e-006	-0.000875
1.192666e-006	-0.000875
1.193166e-006	-0.0015
1.193666e-006	-0.0005625
1.194166e-006	-0.0005625
1.194666e-006	-0.00025
1.195166e-006	6.25e-005
1.195666e-006	-0.00025
1.196166e-006	-0.000875
1.196666e-006	6.25e-005
1.197166e-006	6.25e-005
1.197666e-006	0.000375
1.198166e-006	-0.00025
1.198666e-006	6.25e-005
1.199166e-006	-0.0005625
1.199666e-006	-0.00025
1.200166e-006	-0.0005625
1.200666e-006	-0.00025
1.201166e-006	-0.0005625
1.201666e-006	-0.000875
1.202166e-006	-0.0011875
1.202666e-006	-0.0011875
1.203166e-006	-0.0011875
1.203666e-006	-0.0011875
1.204166e-006	-0.0005625
1.204666e-006	-0.00025
1.205166e-006	6.25e-005
1.205666e-006	-0.0011875
1.206166e-006	-0.0005625
1.206666e-006	-0.0005625
1.207166e-006	-0.00025
1.207666e-006	-0.0005625
1.208166e-006	-0.00025
1.208666e-006	-0.00025
1.209166e-006	6.25e-005
1.209666e-006	-0.0005625
1.210166e-006	-0.0005625
1.210666e-006	-0.0005625
1.211166e-006	-0.0005625
1.211666e-006	-0.0005625
1.212166e-006	-0.0005625
1.212666e-006	-0.0005625
1.213166e-006	-0.0011875
1.213666e-006	-0.00025
1.214166e-006	-0.0005625
1.214666e-006	-0.0011875
1.215166e-006	-0.0011875
1.215666e-006	-0.0005625
1.216166e-006	-0.0011875
1.216666e-006	-0.0005625
1.217166e-006	-0.0005625
1.217666e-006	-0.00025
1.218166e-006	-0.000875
1.218666e-006	-0.0005625
1.219166e-006	-0.00025
1.219666e-006	6.25e-005
1.220166e-006	-0.0005625
1.220666e-006	6.25e-005
1.221166e-006	-0.00025
1.221666e-006	6.25e-005
1.222166e-006	-0.0005625
1.222666e-006	-0.0005625
1.223166e-006	-0.00025
1.223666e-006	-0.000875
1.224166e-006	-0.0005625
1.224666e-006	6.25e-005
1.225166e-006	-0.0005625
1.225666e-006	-0.000875
1.226166e-006	-0.000875
1.226666e-006	-0.000875
1.227166e-006	-0.0011875
1.227666e-006	-0.0015
1.228166e-006	-0.0005625
1.228666e-006	-0.0005625
1.229166e-006	6.25e-005
1.229666e-006	-0.00025
1.230166e-006	-0.00025
1.230666e-006	6.25e-005
1.231166e-006	0.000375
1.231666e-006	-0.00025
1.232166e-006	-0.0005625
1.232666e-006	-0.00025
1.233166e-006	0.000375
1.233666e-006	-0.0005625
1.234166e-006	-0.0015
1.234666e-006	-0.000875
1.235166e-006	-0.000875
1.235666e-006	6.25e-005
1.236166e-006	-0.0018125
1.236666e-006	-0.0011875
1.237166e-006	-0.0011875
1.237666e-006	-0.000875
1.238166e-006	-0.0011875
1.238666e-006	-0.000875
1.239166e-006	-0.00025
1.239666e-006	0.0006875
1.240166e-006	-0.0005625
1.240666e-006	0.0006875
1.241166e-006	0.000375
1.241666e-006	0.001625
1.242166e-006	0.0006875
1.242666e-006	6.25e-005
1.243166e-006	6.25e-005
1.243666e-006	-0.0005625
1.244166e-006	-0.0005625
1.244666e-006	-0.000875
1.245166e-006	-0.0011875
1.245666e-006	-0.0015
1.246166e-006	-0.0018125
1.246666e-006	-0.000875
1.247166e-006	-0.000875
1.247666e-006	-0.0011875
1.248166e-006	-0.00025
1.248666e-006	-0.0005625
1.249166e-006	-0.0005625
1.249666e-006	-0.0005625
1.250166e-006	0.000375
1.250666e-006	0.0006875
1.251166e-006	0.0006875
1.251666e-006	0.000375
1.252166e-006	6.25e-005
1.252666e-006	6.25e-005
1.253166e-006	6.25e-005
1.253666e-006	-0.0011875
1.254166e-006	-0.000875
1.254666e-006	-0.000875
1.255166e-006	-0.0018125
1.255666e-006	-0.0011875
1.256166e-006	-0.0015
1.256666e-006	-0.0015
1.257166e-006	-0.0018125
1.257666e-006	-0.0011875
1.258166e-006	-0.0015
1.258666e-006	-0.0005625
1.259166e-006	6.25e-005
1.259666e-006	0.0006875
1.260166e-006	0.000375
1.260666e-006	0.0006875
1.261166e-006	0.0006875
1.261666e-006	0.0006875
1.262166e-006	6.25e-005
1.262666e-006	-0.000875
1.263166e-006	-0.0005625
1.263666e-006	-0.000875
1.264166e-006	-0.0011875
1.264666e-006	-0.0015
1.265166e-006	-0.0018125
1.265666e-006	-0.002125
1.266166e-006	-0.0018125
1.266666e-006	-0.0024375
1.267166e-006	-0.0018125
1.267666e-006	-0.0011875
1.268166e-006	-0.0005625
1.268666e-006	-0.0005625
1.269166e-006	0.000375
1.269666e-006	0.000375
1.270166e-006	0.000375
1.270666e-006	0.0006875
1.271166e-006	0.001625
1.271666e-006	0.0006875
1.272166e-006	0.000375
1.272666e-006	6.25e-005
1.273166e-006	-0.00025
1.273666e-006	-0.0011875
1.274166e-006	-0.000875
1.274666e-006	-0.0005625
1.275166e-006	-0.0011875
1.275666e-006	-0.0024375
1.276166e-006	-0.002125
1.276666e-006	-0.0015
1.277166e-006	-0.0005625
1.277666e-006	6.25e-005
1.278166e-006	-0.0005625
1.278666e-006	-0.0005625
1.279166e-006	-0.00025
1.279666e-006	0.0013125
1.280166e-006	0.0006875
1.280666e-006	0.000375
1.281166e-006	0.0013125
1.281666e-006	0.0006875
1.282166e-006	-0.00025
1.282666e-006	-0.00025
1.283166e-006	0.000375
1.283666e-006	-0.000875
1.284166e-006	-0.0011875
1.284666e-006	-0.0005625
1.285166e-006	-0.002125
1.285666e-006	-0.002125
1.286166e-006	-0.0015
1.286666e-006	-0.0015
1.287166e-006	-0.0015
1.287666e-006	-0.0011875
1.288166e-006	-0.0005625
1.288666e-006	-0.0005625
1.289166e-006	6.25e-005
1.289666e-006	0.000375
1.290166e-006	0.0006875
1.290666e-006	0.000375
1.291166e-006	0.0006875
1.291666e-006	0.0006875
1.292166e-006	0.0006875
1.292666e-006	-0.00025
1.293166e-006	6.25e-005
1.293666e-006	-0.00025
1.294166e-006	-0.000875
1.294666e-006	-0.000875
1.295166e-006	-0.0011875
1.295666e-006	-0.0015
1.296166e-006	-0.0018125
1.296666e-006	-0.002125
1.297166e-006	-0.000875
1.297666e-006	-0.0011875
1.298166e-006	-0.0005625
1.298666e-006	0.000375
1.299166e-006	6.25e-005
1.299666e-006	0.0006875
1.300166e-006	6.25e-005
1.300666e-006	0.0006875
1.301166e-006	0.001
1.301666e-006	0.0006875
1.302166e-006	0.000375
1.302666e-006	0.000375
1.303166e-006	-0.00025
1.303666e-006	6.25e-005
1.304166e-006	6.25e-005
1.304666e-006	-0.00025
1.305166e-006	-0.0011875
1.305666e-006	-0.0011875
1.306166e-006	-0.0011875
1.306666e-006	-0.000875
1.307166e-006	-0.0011875
1.307666e-006	-0.0018125
1.308166e-006	-0.000875
1.308666e-006	-0.000875
1.309166e-006	-0.00025
1.309666e-006	-0.0005625
1.310166e-006	6.25e-005
1.310666e-006	0.0006875
1.311166e-006	0.000375
1.311666e-006	0.000375
1.312166e-006	0.0006875
1.312666e-006	-0.00025
1.313166e-006	0.000375
1.313666e-006	6.25e-005
1.314166e-006	0.000375
1.314666e-006	-0.0005625
1.315166e-006	-0.000875
1.315666e-006	-0.000875
1.316166e-006	-0.0018125
1.316666e-006	-0.0015
1.317166e-006	-0.0005625
1.317666e-006	-0.0005625
1.318166e-006	-0.0011875
1.318666e-006	-0.0011875
1.319166e-006	-0.000875
1.319666e-006	-0.0005625
1.320166e-006	-0.0005625
1.320666e-006	-0.00025
1.321166e-006	-0.00025
1.321666e-006	0.000375
1.322166e-006	0.0006875
1.322666e-006	0.0006875
1.323166e-006	0.0006875
1.323666e-006	6.25e-005
1.324166e-006	0.000375
1.324666e-006	6.25e-005
1.325166e-006	-0.000875
1.325666e-006	-0.0005625
1.326166e-006	-0.00025
1.326666e-006	-0.00025
1.327166e-006	-0.0011875
1.327666e-006	-0.0011875
1.328166e-006	-0.000875
1.328666e-006	-0.000875
1.329166e-006	-0.0011875
1.329666e-006	-0.0011875
1.330166e-006	-0.00025
1.330666e-006	6.25e-005
1.331166e-006	6.25e-005
1.331666e-006	-0.00025
1.332166e-006	0.000375
1.332666e-006	0.001
1.333166e-006	0.0013125
1.333666e-006	6.25e-005
1.334166e-006	0.000375
1.334666e-006	0.0006875
1.335166e-006	6.25e-005
1.335666e-006	-0.00025
1.336166e-006	-0.000875
1.336666e-006	-0.000875
1.337166e-006	-0.0011875
1.337666e-006	-0.0005625
1.338166e-006	-0.000875
1.338666e-006	-0.0011875
1.339166e-006	-0.000875
1.339666e-006	-0.000875
1.340166e-006	-0.000875
1.340666e-006	-0.000875
1.341166e-006	-0.0005625
1.341666e-006	6.25e-005
1.342166e-006	6.25e-005
1.342666e-006	0.0006875
1.343166e-006	0.001
1.343666e-006	0.000375
1.344166e-006	-0.00025
1.344666e-006	0.000375
1.345166e-006	0.001
1.345666e-006	0.001
1.346166e-006	0.000375
1.346666e-006	-0.00025
1.347166e-006	-0.0011875
1.347666e-006	-0.0011875
1.348166e-006	-0.0015
1.348666e-006	-0.0015
1.349166e-006	-0.0011875
1.349666e-006	-0.0018125
1.350166e-006	-0.0005625
1.350666e-006	-0.000875
1.351166e-006	-0.000875
1.351666e-006	-0.00025
1.352166e-006	6.25e-005
1.352666e-006	0.000375
1.353166e-006	0.000375
1.353666e-006	6.25e-005
1.354166e-006	0.0006875
1.354666e-006	0.0006875
1.355166e-006	0.001625
1.355666e-006	0.0006875
1.356166e-006	-0.000875
1.356666e-006	-0.0005625
1.357166e-006	-0.0015
1.357666e-006	-0.0011875
1.358166e-006	-0.0011875
1.358666e-006	-0.0005625
1.359166e-006	-0.0005625
1.359666e-006	-0.0011875
1.360166e-006	-0.0005625
1.360666e-006	6.25e-005
1.361166e-006	-0.00025
1.361666e-006	6.25e-005
1.362166e-006	-0.000875
1.362666e-006	6.25e-005
1.363166e-006	0.000375
1.363666e-006	0.000375
1.364166e-006	0.001
1.364666e-006	-0.0005625
1.365166e-006	-0.00025
1.365666e-006	-0.00025
1.366166e-006	-0.00025
1.366666e-006	-0.00025
1.367166e-006	-0.0011875
1.367666e-006	-0.000875
1.368166e-006	-0.0005625
1.368666e-006	-0.000875
1.369166e-006	-0.0005625
1.369666e-006	-0.000875
1.370166e-006	-0.0005625
1.370666e-006	-0.0005625
1.371166e-006	-0.0005625
1.371666e-006	0.0006875
1.372166e-006	0.000375
1.372666e-006	6.25e-005
1.373166e-006	0.000375
1.373666e-006	0.0006875
1.374166e-006	0.001
1.374666e-006	-0.00025
1.375166e-006	6.25e-005
1.375666e-006	-0.00025
1.376166e-006	-0.0005625
1.376666e-006	-0.00025
1.377166e-006	-0.0011875
1.377666e-006	-0.0005625
1.378166e-006	-0.0011875
1.378666e-006	-0.000875
1.379166e-006	-0.0005625
1.379666e-006	-0.0005625
1.380166e-006	6.25e-005
1.380666e-006	-0.00025
1.381166e-006	6.25e-005
1.381666e-006	0.0013125
1.382166e-006	6.25e-005
1.382666e-006	6.25e-005
1.383166e-006	-0.00025
1.383666e-006	0.000375
1.384166e-006	0.000375
1.384666e-006	-0.0005625
1.385166e-006	-0.00025
1.385666e-006	-0.000875
1.386166e-006	-0.0005625
1.386666e-006	-0.0005625
1.387166e-006	-0.0005625
1.387666e-006	6.25e-005
1.388166e-006	-0.0011875
1.388666e-006	-0.000875
1.389166e-006	-0.0005625
1.389666e-006	-0.0005625
1.390166e-006	0.0006875
1.390666e-006	6.25e-005
1.391166e-006	0.000375
1.391666e-006	0.000375
1.392166e-006	6.25e-005
1.392666e-006	0.0006875
1.393166e-006	6.25e-005
1.393666e-006	-0.00025
1.394166e-006	-0.0005625
1.394666e-006	-0.0005625
1.395166e-006	6.25e-005
1.395666e-006	-0.000875
1.396166e-006	-0.0005625
1.396666e-006	-0.00025
1.397166e-006	-0.000875
1.397666e-006	-0.0005625
1.398166e-006	-0.000875
1.398666e-006	6.25e-005
1.399166e-006	-0.0005625
1.399666e-006	-0.0005625
1.400166e-006	0.001
1.400666e-006	0.000375
1.401166e-006	0.0006875
1.401666e-006	0.000375
1.402166e-006	-0.0005625
1.402666e-006	6.25e-005
1.403166e-006	-0.00025
1.403666e-006	0.000375
1.404166e-006	-0.0005625
1.404666e-006	-0.000875
1.405166e-006	6.25e-005
1.405666e-006	-0.0005625
1.406166e-006	-0.00025
1.406666e-006	-0.0005625
1.407166e-006	-0.00025
1.407666e-006	6.25e-005
1.408166e-006	-0.000875
1.408666e-006	-0.0005625
1.409166e-006	6.25e-005
1.409666e-006	0.0006875
1.410166e-006	0.0013125
1.410666e-006	-0.0005625
1.411166e-006	6.25e-005
1.411666e-006	-0.00025
1.412166e-006	6.25e-005
1.412666e-006	0.000375
1.413166e-006	6.25e-005
1.413666e-006	0.000375
1.414166e-006	-0.00025
1.414666e-006	-0.0011875
1.415166e-006	-0.0005625
1.415666e-006	6.25e-005
1.416166e-006	0.0006875
1.416666e-006	-0.0005625
1.417166e-006	-0.000875
1.417666e-006	6.25e-005
1.418166e-006	6.25e-005
1.418666e-006	0.0006875
1.419166e-006	6.25e-005
1.419666e-006	6.25e-005
1.420166e-006	-0.00025
1.420666e-006	-0.00025
1.421166e-006	0.0006875
1.421666e-006	-0.0005625
1.422166e-006	-0.0005625
1.422666e-006	6.25e-005
1.423166e-006	-0.0011875
1.423666e-006	-0.00025
1.424166e-006	-0.0011875
1.424666e-006	-0.000875
1.425166e-006	-0.00025
1.425666e-006	-0.0005625
1.426166e-006	-0.00025
1.426666e-006	-0.0005625
1.427166e-006	6.25e-005
1.427666e-006	0.000375
1.428166e-006	0.000375
1.428666e-006	0.0006875
1.429166e-006	-0.0005625
1.429666e-006	6.25e-005
1.430166e-006	6.25e-005
1.430666e-006	-0.0011875
1.431166e-006	6.25e-005
1.431666e-006	-0.000875
1.432166e-006	-0.0005625
1.432666e-006	-0.0005625
1.433166e-006	-0.0005625
1.433666e-006	-0.0005625
1.434166e-006	-0.0015
1.434666e-006	-0.000875
1.435166e-006	6.25e-005
1.435666e-006	-0.00025
1.436166e-006	0.000375
1.436666e-006	-0.00025
1.437166e-006	0.0006875
1.437666e-006	6.25e-005
1.438166e-006	6.25e-005
1.438666e-006	0.0013125
1.439166e-006	6.25e-005
1.439666e-006	0.0006875
1.440166e-006	6.25e-005
1.440666e-006	-0.000875
1.441166e-006	-0.0011875
1.441666e-006	-0.000875
1.442166e-006	-0.000875
1.442666e-006	-0.0011875
1.443166e-006	-0.0018125
1.443666e-006	-0.0005625
1.444166e-006	-0.0011875
1.444666e-006	6.25e-005
1.445166e-006	-0.00025
1.445666e-006	-0.00025
1.446166e-006	0.000375
1.446666e-006	0.0006875
1.447166e-006	0.001
1.447666e-006	0.0006875
1.448166e-006	0.0006875
1.448666e-006	0.001
1.449166e-006	6.25e-005
1.449666e-006	6.25e-005
1.450166e-006	6.25e-005
1.450666e-006	-0.00025
1.451166e-006	-0.0005625
1.451666e-006	-0.002125
1.452166e-006	-0.0005625
1.452666e-006	-0.0005625
1.453166e-006	-0.0005625
1.453666e-006	-0.000875
1.454166e-006	-0.0005625
1.454666e-006	-0.00025
1.455166e-006	-0.0005625
1.455666e-006	-0.00025
1.456166e-006	0.000375
1.456666e-006	6.25e-005
1.457166e-006	0.000375
1.457666e-006	-0.00025
1.458166e-006	0.001
1.458666e-006	0.001
1.459166e-006	0.0006875
1.459666e-006	0.000375
1.460166e-006	-0.0005625
1.460666e-006	-0.0005625
1.461166e-006	-0.0011875
1.461666e-006	-0.0011875
1.462166e-006	-0.000875
1.462666e-006	-0.0011875
1.463166e-006	-0.0011875
1.463666e-006	-0.0005625
1.464166e-006	-0.000875
1.464666e-006	-0.0005625
1.465166e-006	-0.000875
1.465666e-006	6.25e-005
1.466166e-006	6.25e-005
1.466666e-006	0.000375
1.467166e-006	-0.00025
1.467666e-006	-0.0005625
1.468166e-006	6.25e-005
1.468666e-006	6.25e-005
1.469166e-006	-0.00025
1.469666e-006	0.0006875
1.470166e-006	6.25e-005
1.470666e-006	-0.0005625
1.471166e-006	-0.00025
1.471666e-006	-0.00025
1.472166e-006	-0.000875
1.472666e-006	-0.0011875
1.473166e-006	-0.0005625
1.473666e-006	-0.000875
1.474166e-006	0.000375
1.474666e-006	-0.00025
1.475166e-006	-0.000875
1.475666e-006	-0.0005625
1.476166e-006	-0.0005625
1.476666e-006	-0.0005625
1.477166e-006	-0.00025
1.477666e-006	-0.0005625
1.478166e-006	6.25e-005
1.478666e-006	-0.0005625
1.479166e-006	-0.00025
1.479666e-006	6.25e-005
1.480166e-006	0.000375
1.480666e-006	0.000375
1.481166e-006	-0.0005625
1.481666e-006	-0.00025
1.482166e-006	-0.000875
1.482666e-006	-0.0005625
1.483166e-006	0.0006875
1.483666e-006	6.25e-005
1.484166e-006	-0.00025
1.484666e-006	6.25e-005
1.485166e-006	-0.00025
1.485666e-006	-0.00025
1.486166e-006	-0.000875
1.486666e-006	-0.00025
1.487166e-006	-0.000875
1.487666e-006	-0.0005625
1.488166e-006	6.25e-005
1.488666e-006	-0.0005625
1.489166e-006	-0.0005625
1.489666e-006	-0.00025
1.490166e-006	-0.00025
1.490666e-006	6.25e-005
1.491166e-006	-0.00025
1.491666e-006	0.000375
1.492166e-006	0.000375
1.492666e-006	0.000375
1.493166e-006	0.001
1.493666e-006	6.25e-005
1.494166e-006	6.25e-005
1.494666e-006	-0.00025
1.495166e-006	6.25e-005
1.495666e-006	-0.0005625
1.496166e-006	-0.0005625
1.496666e-006	-0.00025
1.497166e-006	-0.0005625
1.497666e-006	-0.0005625
1.498166e-006	-0.000875
1.498666e-006	-0.000875
1.499166e-006	-0.000875
1.499666e-006	-0.000875
1.500166e-006	0.000375
1.500666e-006	0.0006875
1.501166e-006	6.25e-005
1.501666e-006	6.25e-005
1.502166e-006	0.0006875
1.502666e-006	0.0013125
1.503166e-006	0.0013125
1.503666e-006	0.001
1.504166e-006	0.0006875
1.504666e-006	0.0006875
1.505166e-006	-0.0005625
1.505666e-006	-0.000875
1.506166e-006	-0.0011875
1.506666e-006	-0.000875
1.507166e-006	-0.000875
1.507666e-006	-0.0005625
1.508166e-006	-0.0011875
1.508666e-006	-0.0011875
1.509166e-006	-0.000875
1.509666e-006	6.25e-005
1.510166e-006	6.25e-005
1.510666e-006	0.000375
1.511166e-006	6.25e-005
1.511666e-006	0.000375
1.512166e-006	0.0006875
1.512666e-006	0.000375
1.513166e-006	0.000375
1.513666e-006	0.000375
1.514166e-006	0.0006875
1.514666e-006	0.000375
1.515166e-006	-0.00025
1.515666e-006	-0.0005625
1.516166e-006	-0.0011875
1.516666e-006	-0.000875
1.517166e-006	-0.000875
1.517666e-006	-0.0011875
1.518166e-006	-0.000875
1.518666e-006	-0.0005625
1.519166e-006	-0.00025
1.519666e-006	-0.0005625
1.520166e-006	6.25e-005
1.520666e-006	0.0006875
1.521166e-006	0.0006875
1.521666e-006	0.001
1.522166e-006	0.001
1.522666e-006	0.000375
1.523166e-006	0.000375
1.523666e-006	-0.00025
1.524166e-006	0.0006875
1.524666e-006	6.25e-005
1.525166e-006	-0.0005625
1.525666e-006	-0.00025
1.526166e-006	-0.0018125
1.526666e-006	-0.0018125
1.527166e-006	-0.000875
1.527666e-006	-0.00025
1.528166e-006	-0.0011875
1.528666e-006	-0.0005625
1.529166e-006	0.000375
1.529666e-006	0.0006875
1.530166e-006	0.0006875
1.530666e-006	0.000375
1.531166e-006	0.000375
1.531666e-006	0.0006875
1.532166e-006	6.25e-005
1.532666e-006	0.001
1.533166e-006	0.001625
1.533666e-006	6.25e-005
1.534166e-006	-0.0005625
1.534666e-006	6.25e-005
1.535166e-006	6.25e-005
1.535666e-006	-0.0011875
1.536166e-006	-0.0018125
1.536666e-006	-0.0005625
1.537166e-006	-0.000875
1.537666e-006	-0.0011875
1.538166e-006	-0.0011875
1.538666e-006	-0.0011875
1.539166e-006	0.0006875
1.539666e-006	0.000375
1.540166e-006	6.25e-005
1.540666e-006	0.000375
1.541166e-006	0.0013125
1.541666e-006	0.001625
1.542166e-006	0.000375
1.542666e-006	6.25e-005
1.543166e-006	0.000375
1.543666e-006	0.0006875
1.544166e-006	0.000375
1.544666e-006	-0.0005625
1.545166e-006	-0.0011875
1.545666e-006	-0.0011875
1.546166e-006	-0.0011875
1.546666e-006	-0.000875
1.547166e-006	-0.0011875
1.547666e-006	-0.000875
1.548166e-006	-0.0011875
1.548666e-006	-0.000875
1.549166e-006	6.25e-005
1.549666e-006	0.0006875
1.550166e-006	0.001
1.550666e-006	0.0013125
1.551166e-006	0.0006875
1.551666e-006	0.0006875
1.552166e-006	6.25e-005
1.552666e-006	0.0006875
1.553166e-006	0.000375
1.553666e-006	6.25e-005
1.554166e-006	-0.00025
1.554666e-006	-0.0005625
1.555166e-006	-0.0011875
1.555666e-006	-0.0015
1.556166e-006	-0.002125
1.556666e-006	-0.0011875
1.557166e-006	-0.0005625
1.557666e-006	-0.0005625
1.558166e-006	-0.000875
1.558666e-006	6.25e-005
1.559166e-006	0.001
1.559666e-006	0.000375
1.560166e-006	0.0006875
1.560666e-006	0.001
1.561166e-006	0.0019375
1.561666e-006	0.001
1.562166e-006	0.000375
1.562666e-006	-0.00025
1.563166e-006	0.000375
1.563666e-006	0.0006875
1.564166e-006	0.000375
1.564666e-006	-0.0011875
1.565166e-006	-0.000875
1.565666e-006	-0.0011875
1.566166e-006	-0.0024375
1.566666e-006	-0.0011875
1.567166e-006	-0.0011875
1.567666e-006	-0.0005625
1.568166e-006	-0.000875
1.568666e-006	-0.00025
1.569166e-006	0.0006875
1.569666e-006	0.0006875
1.570166e-006	0.001
1.570666e-006	0.0013125
1.571166e-006	0.0013125
1.571666e-006	0.0013125
1.572166e-006	0.0006875
1.572666e-006	0.0013125
1.573166e-006	0.0006875
1.573666e-006	-0.0005625
1.574166e-006	-0.000875
1.574666e-006	-0.0011875
1.575166e-006	-0.000875
1.575666e-006	-0.0005625
1.576166e-006	-0.0018125
1.576666e-006	-0.0011875
1.577166e-006	-0.0011875
1.577666e-006	-0.0011875
1.578166e-006	-0.0011875
1.578666e-006	-0.0011875
1.579166e-006	0.000375
1.579666e-006	0.000375
1.580166e-006	6.25e-005
1.580666e-006	-0.00025
1.581166e-006	0.001
1.581666e-006	0.001625
1.582166e-006	0.001625
1.582666e-006	0.0006875
1.583166e-006	0.000375
1.583666e-006	6.25e-005
1.584166e-006	6.25e-005
1.584666e-006	-0.0005625
1.585166e-006	-0.0005625
1.585666e-006	-0.0011875
1.586166e-006	-0.0015
1.586666e-006	-0.0011875
1.587166e-006	-0.0011875
1.587666e-006	-0.0005625
1.588166e-006	-0.0005625
1.588666e-006	-0.00025
1.589166e-006	6.25e-005
1.589666e-006	6.25e-005
1.590166e-006	6.25e-005
1.590666e-006	0.0006875
1.591166e-006	0.0006875
1.591666e-006	0.001
1.592166e-006	0.000375
1.592666e-006	0.0006875
1.593166e-006	0.000375
1.593666e-006	6.25e-005
1.594166e-006	0.000375
1.594666e-006	-0.00025
1.595166e-006	-0.0005625
1.595666e-006	-0.0011875
1.596166e-006	-0.0011875
1.596666e-006	6.25e-005
1.597166e-006	-0.0005625
1.597666e-006	-0.00025
1.598166e-006	-0.000875
1.598666e-006	-0.0011875
1.599166e-006	-0.0005625
1.599666e-006	-0.00025
1.600166e-006	0.0006875
1.600666e-006	0.0006875
1.601166e-006	0.001
1.601666e-006	0.001
1.602166e-006	0.000375
1.602666e-006	0.0006875
1.603166e-006	6.25e-005
1.603666e-006	6.25e-005
1.604166e-006	6.25e-005
1.604666e-006	-0.000875
1.605166e-006	6.25e-005
1.605666e-006	-0.000875
1.606166e-006	-0.0015
1.606666e-006	-0.000875
1.607166e-006	-0.000875
1.607666e-006	-0.0005625
1.608166e-006	-0.000875
1.608666e-006	-0.000875
1.609166e-006	-0.00025
1.609666e-006	-0.00025
1.610166e-006	-0.0005625
1.610666e-006	-0.00025
1.611166e-006	6.25e-005
1.611666e-006	6.25e-005
1.612166e-006	-0.00025
1.612666e-006	0.000375
1.613166e-006	-0.0005625
1.613666e-006	-0.00025
1.614166e-006	-0.000875
1.614666e-006	-0.000875
1.615166e-006	-0.0005625
1.615666e-006	-0.000875
1.616166e-006	-0.0011875
1.616666e-006	-0.0011875
1.617166e-006	-0.000875
1.617666e-006	-0.00025
1.618166e-006	-0.0005625
1.618666e-006	-0.0005625
1.619166e-006	-0.000875
1.619666e-006	-0.0005625
1.620166e-006	0.0006875
1.620666e-006	0.0006875
1.621166e-006	0.0006875
1.621666e-006	0.000375
1.622166e-006	6.25e-005
1.622666e-006	-0.00025
1.623166e-006	-0.0005625
1.623666e-006	6.25e-005
1.624166e-006	0.000375
1.624666e-006	-0.0005625
1.625166e-006	-0.00025
1.625666e-006	-0.0011875
1.626166e-006	-0.000875
1.626666e-006	-0.0011875
1.627166e-006	-0.00025
1.627666e-006	-0.0005625
1.628166e-006	-0.000875
1.628666e-006	-0.0005625
1.629166e-006	-0.00025
1.629666e-006	6.25e-005
1.630166e-006	0.0006875
1.630666e-006	6.25e-005
1.631166e-006	6.25e-005
1.631666e-006	0.0006875
1.632166e-006	0.000375
1.632666e-006	0.000375
1.633166e-006	-0.00025
1.633666e-006	-0.00025
1.634166e-006	-0.0005625
1.634666e-006	-0.0011875
1.635166e-006	-0.0011875
1.635666e-006	-0.000875
1.636166e-006	-0.0011875
1.636666e-006	-0.000875
1.637166e-006	-0.000875
1.637666e-006	-0.0005625
1.638166e-006	-0.0011875
1.638666e-006	6.25e-005
1.639166e-006	6.25e-005
1.639666e-006	-0.0005625
1.640166e-006	-0.00025
1.640666e-006	6.25e-005
1.641166e-006	0.000375
1.641666e-006	6.25e-005
1.642166e-006	6.25e-005
1.642666e-006	6.25e-005
1.643166e-006	6.25e-005
1.643666e-006	0.000375
1.644166e-006	-0.00025
1.644666e-006	-0.0005625
1.645166e-006	-0.000875
1.645666e-006	-0.002125
1.646166e-006	-0.000875
1.646666e-006	-0.0005625
1.647166e-006	-0.0005625
1.647666e-006	-0.0011875
1.648166e-006	-0.0011875
1.648666e-006	-0.00025
1.649166e-006	-0.0005625
1.649666e-006	-0.00025
1.650166e-006	0.000375
1.650666e-006	-0.0005625
1.651166e-006	0.0006875
1.651666e-006	0.0006875
1.652166e-006	6.25e-005
1.652666e-006	-0.00025
1.653166e-006	-0.0005625
1.653666e-006	-0.0005625
1.654166e-006	-0.0005625
1.654666e-006	-0.0005625
1.655166e-006	-0.000875
1.655666e-006	-0.0011875
1.656166e-006	-0.000875
1.656666e-006	-0.000875
1.657166e-006	-0.0015
1.657666e-006	-0.0018125
1.658166e-006	-0.0011875
1.658666e-006	-0.0005625
1.659166e-006	-0.000875
1.659666e-006	6.25e-005
1.660166e-006	0.000375
1.660666e-006	6.25e-005
1.661166e-006	6.25e-005
1.661666e-006	0.000375
1.662166e-006	0.000375
1.662666e-006	6.25e-005
1.663166e-006	6.25e-005
1.663666e-006	-0.00025
1.664166e-006	-0.00025
1.664666e-006	-0.0005625
1.665166e-006	-0.0018125
1.665666e-006	-0.0018125
1.666166e-006	-0.0011875
1.666666e-006	-0.000875
1.667166e-006	-0.0011875
1.667666e-006	-0.0011875
1.668166e-006	-0.00025
1.668666e-006	-0.0005625
1.669166e-006	-0.00025
1.669666e-006	0.000375
1.670166e-006	0.0006875
1.670666e-006	6.25e-005
1.671166e-006	0.000375
1.671666e-006	0.000375
1.672166e-006	0.000375
1.672666e-006	-0.0005625
1.673166e-006	-0.00025
1.673666e-006	-0.0005625
1.674166e-006	-0.0005625
1.674666e-006	-0.0005625
1.675166e-006	-0.000875
1.675666e-006	-0.0015
1.676166e-006	-0.0011875
1.676666e-006	-0.0011875
1.677166e-006	-0.0015
1.677666e-006	-0.0011875
1.678166e-006	-0.0005625
1.678666e-006	6.25e-005
1.679166e-006	6.25e-005
1.679666e-006	6.25e-005
1.680166e-006	6.25e-005
1.680666e-006	0.0006875
1.681166e-006	0.0006875
1.681666e-006	0.000375
1.682166e-006	-0.00025
1.682666e-006	-0.00025
1.683166e-006	-0.00025
1.683666e-006	6.25e-005
1.684166e-006	-0.0005625
1.684666e-006	-0.0011875
1.685166e-006	-0.0018125
1.685666e-006	-0.0015
1.686166e-006	-0.002125
1.686666e-006	-0.0018125
1.687166e-006	-0.0018125
1.687666e-006	-0.0011875
1.688166e-006	-0.000875
1.688666e-006	-0.0011875
1.689166e-006	-0.00025
1.689666e-006	0.000375
1.690166e-006	0.0006875
1.690666e-006	0.001
1.691166e-006	0.000375
1.691666e-006	6.25e-005
1.692166e-006	0.000375
1.692666e-006	-0.00025
1.693166e-006	6.25e-005
1.693666e-006	-0.000875
1.694166e-006	-0.0011875
1.694666e-006	-0.000875
1.695166e-006	-0.0011875
1.695666e-006	-0.0011875
1.696166e-006	-0.0018125
1.696666e-006	-0.000875
1.697166e-006	-0.000875
1.697666e-006	-0.0015
1.698166e-006	6.25e-005
1.698666e-006	-0.00025
1.699166e-006	-0.00025
1.699666e-006	-0.00025
1.700166e-006	-0.0005625
1.700666e-006	6.25e-005
1.701166e-006	-0.0005625
1.701666e-006	0.0006875
1.702166e-006	0.0013125
1.702666e-006	0.0006875
1.703166e-006	6.25e-005
1.703666e-006	-0.000875
1.704166e-006	-0.0011875
1.704666e-006	-0.0011875
1.705166e-006	-0.0011875
1.705666e-006	-0.0005625
1.706166e-006	-0.0015
1.706666e-006	-0.0015
1.707166e-006	-0.002125
1.707666e-006	-0.0024375
1.708166e-006	-0.0011875
1.708666e-006	-0.000875
1.709166e-006	-0.0005625
1.709666e-006	-0.00025
1.710166e-006	-0.0005625
1.710666e-006	0.000375
1.711166e-006	0.000375
1.711666e-006	0.0006875
1.712166e-006	0.0006875
1.712666e-006	6.25e-005
1.713166e-006	6.25e-005
1.713666e-006	-0.000875
1.714166e-006	-0.0005625
1.714666e-006	-0.0015
1.715166e-006	-0.0011875
1.715666e-006	-0.0011875
1.716166e-006	-0.0018125
1.716666e-006	-0.002125
1.717166e-006	-0.0015
1.717666e-006	-0.0011875
1.718166e-006	-0.000875
1.718666e-006	-0.0018125
1.719166e-006	-0.000875
1.719666e-006	-0.00025
1.720166e-006	-0.00025
1.720666e-006	0.000375
1.721166e-006	0.000375
1.721666e-006	0.000375
1.722166e-006	6.25e-005
1.722666e-006	0.000375
1.723166e-006	0.000375
1.723666e-006	6.25e-005
1.724166e-006	6.25e-005
1.724666e-006	-0.00025
1.725166e-006	-0.000875
1.725666e-006	-0.0005625
1.726166e-006	-0.0011875
1.726666e-006	-0.0015
1.727166e-006	-0.0011875
1.727666e-006	-0.0015
1.728166e-006	-0.002125
1.728666e-006	-0.0018125
1.729166e-006	-0.0011875
1.729666e-006	-0.00025
1.730166e-006	6.25e-005
1.730666e-006	6.25e-005
1.731166e-006	-0.00025
1.731666e-006	0.0006875
1.732166e-006	0.0006875
1.732666e-006	0.000375
1.733166e-006	0.0013125
1.733666e-006	0.0006875
1.734166e-006	0.000375
1.734666e-006	-0.000875
1.735166e-006	0.0006875
1.735666e-006	0.000375
1.736166e-006	-0.000875
1.736666e-006	-0.000875
1.737166e-006	-0.0015
1.737666e-006	-0.002125
1.738166e-006	-0.0015
1.738666e-006	-0.0011875
1.739166e-006	-0.0011875
1.739666e-006	-0.0011875
1.740166e-006	-0.0005625
1.740666e-006	-0.00025
1.741166e-006	0.000375
1.741666e-006	0.000375
1.742166e-006	6.25e-005
1.742666e-006	0.000375
1.743166e-006	0.0006875
1.743666e-006	0.001
1.744166e-006	0.000375
1.744666e-006	0.0006875
1.745166e-006	0.0006875
1.745666e-006	-0.0005625
1.746166e-006	-0.0011875
1.746666e-006	-0.000875
1.747166e-006	-0.000875
1.747666e-006	-0.0005625
1.748166e-006	-0.0011875
1.748666e-006	-0.0018125
1.749166e-006	-0.0018125
1.749666e-006	-0.0015
1.750166e-006	-0.0005625
1.750666e-006	6.25e-005
1.751166e-006	-0.0005625
1.751666e-006	-0.0005625
1.752166e-006	-0.00025
1.752666e-006	0.001
1.753166e-006	0.001
1.753666e-006	6.25e-005
1.754166e-006	0.000375
1.754666e-006	0.0006875
1.755166e-006	0.0006875
1.755666e-006	-0.00025
1.756166e-006	6.25e-005
1.756666e-006	-0.0005625
1.757166e-006	-0.0011875
1.757666e-006	-0.000875
1.758166e-006	-0.000875
1.758666e-006	-0.0011875
1.759166e-006	-0.000875
1.759666e-006	-0.0015
1.760166e-006	-0.002125
1.760666e-006	-0.0018125
1.761166e-006	-0.0005625
1.761666e-006	-0.0005625
1.762166e-006	-0.00025
1.762666e-006	0.000375
1.763166e-006	0.000375
1.763666e-006	0.000375
1.764166e-006	0.0006875
1.764666e-006	0.001
1.765166e-006	0.000375
1.765666e-006	0.0006875
1.766166e-006	0.000375
1.766666e-006	0.000375
1.767166e-006	6.25e-005
1.767666e-006	-0.0005625
1.768166e-006	-0.0015
1.768666e-006	-0.0018125
1.769166e-006	-0.002125
1.769666e-006	-0.0018125
1.770166e-006	-0.0011875
1.770666e-006	-0.0011875
1.771166e-006	-0.000875
1.771666e-006	-0.00025
1.772166e-006	-0.0011875
1.772666e-006	-0.000875
1.773166e-006	6.25e-005
1.773666e-006	0.0006875
1.774166e-006	0.0006875
1.774666e-006	0.0013125
1.775166e-006	0.001625
1.775666e-006	0.000375
1.776166e-006	6.25e-005
1.776666e-006	0.000375
1.777166e-006	6.25e-005
1.777666e-006	-0.0005625
1.778166e-006	-0.0005625
1.778666e-006	-0.000875
1.779166e-006	-0.0011875
1.779666e-006	-0.0018125
1.780166e-006	-0.000875
1.780666e-006	-0.0011875
1.781166e-006	-0.0015
1.781666e-006	-0.0011875
1.782166e-006	-0.0015
1.782666e-006	-0.0005625
1.783166e-006	6.25e-005
1.783666e-006	0.0006875
1.784166e-006	0.000375
1.784666e-006	0.000375
1.785166e-006	0.0013125
1.785666e-006	0.000375
1.786166e-006	0.000375
1.786666e-006	0.000375
1.787166e-006	6.25e-005
1.787666e-006	0.0006875
1.788166e-006	-0.0005625
