LECROYWS454	16215	Waveform
Segments	1	SegmentSize	4002
Segment	TrigTime	TimeSinceSegment1
#1	02-May-2024 19:29:15	0                 
Time	Ampl
-2.12304e-007	0.000375
-2.11804e-007	0.0006875
-2.11304e-007	6.25e-005
-2.10804e-007	0.000375
-2.10304e-007	0.001
-2.09804e-007	0.0013125
-2.09304e-007	0.001
-2.08804e-007	6.25e-005
-2.08304e-007	6.25e-005
-2.07804e-007	-0.00025
-2.07304e-007	-0.0005625
-2.06804e-007	-0.000875
-2.06304e-007	-0.0005625
-2.05804e-007	-0.0011875
-2.05304e-007	-0.0011875
-2.04804e-007	-0.0024375
-2.04304e-007	-0.0018125
-2.03804e-007	-0.0015
-2.03304e-007	-0.000875
-2.02804e-007	-0.0005625
-2.02304e-007	0.000375
-2.01804e-007	0.001
-2.01304e-007	6.25e-005
-2.00804e-007	0.001
-2.00304e-007	0.001
-1.99804e-007	0.000375
-1.99304e-007	0.000375
-1.98804e-007	0.0006875
-1.98304e-007	6.25e-005
-1.97804e-007	-0.00025
-1.97304e-007	-0.00025
-1.96804e-007	-0.00025
-1.96304e-007	-0.0011875
-1.95804e-007	-0.0011875
-1.95304e-007	-0.0005625
-1.94804e-007	-0.000875
-1.94304e-007	-0.000875
-1.93804e-007	-0.0011875
-1.93304e-007	-0.000875
-1.92804e-007	-0.0005625
-1.92304e-007	-0.000875
-1.91804e-007	0.000375
-1.91304e-007	0.000375
-1.90804e-007	0.001
-1.90304e-007	0.000375
-1.89804e-007	6.25e-005
-1.89304e-007	0.001
-1.88804e-007	0.001
-1.88304e-007	6.25e-005
-1.87804e-007	6.25e-005
-1.87304e-007	0.000375
-1.86804e-007	0.0006875
-1.86304e-007	-0.00025
-1.85804e-007	-0.000875
-1.85304e-007	-0.0005625
-1.84804e-007	-0.000875
-1.84304e-007	-0.000875
-1.83804e-007	-0.0005625
-1.83304e-007	-0.000875
-1.82804e-007	-0.0005625
-1.82304e-007	-0.00025
-1.81804e-007	-0.0005625
-1.81304e-007	-0.00025
-1.80804e-007	-0.00025
-1.80304e-007	0.000375
-1.79804e-007	0.000375
-1.79304e-007	6.25e-005
-1.78804e-007	0.0006875
-1.78304e-007	0.0006875
-1.77804e-007	0.0006875
-1.77304e-007	6.25e-005
-1.76804e-007	6.25e-005
-1.76304e-007	6.25e-005
-1.75804e-007	-0.00025
-1.75304e-007	-0.0005625
-1.74804e-007	-0.00025
-1.74304e-007	-0.0005625
-1.73804e-007	-0.000875
-1.73304e-007	-0.0011875
-1.72804e-007	-0.000875
-1.72304e-007	-0.000875
-1.71804e-007	-0.000875
-1.71304e-007	-0.000875
-1.70804e-007	-0.000875
-1.70304e-007	6.25e-005
-1.69804e-007	-0.00025
-1.69304e-007	0.000375
-1.68804e-007	0.0006875
-1.68304e-007	0.000375
-1.67804e-007	0.001
-1.67304e-007	0.000375
-1.66804e-007	6.25e-005
-1.66304e-007	6.25e-005
-1.65804e-007	6.25e-005
-1.65304e-007	0.000375
-1.64804e-007	6.25e-005
-1.64304e-007	6.25e-005
-1.63804e-007	-0.0005625
-1.63304e-007	-0.0011875
-1.62804e-007	-0.00025
-1.62304e-007	-0.0005625
-1.61804e-007	6.25e-005
-1.61304e-007	6.25e-005
-1.60804e-007	-0.0011875
-1.60304e-007	-0.0005625
-1.59804e-007	6.25e-005
-1.59304e-007	0.000375
-1.58804e-007	0.000375
-1.58304e-007	-0.00025
-1.57804e-007	0.000375
-1.57304e-007	0.000375
-1.56804e-007	0.000375
-1.56304e-007	0.000375
-1.55804e-007	-0.00025
-1.55304e-007	0.000375
-1.54804e-007	-0.0005625
-1.54304e-007	-0.000875
-1.53804e-007	-0.0005625
-1.53304e-007	-0.0011875
-1.52804e-007	-0.0011875
-1.52304e-007	-0.0011875
-1.51804e-007	-0.000875
-1.51304e-007	6.25e-005
-1.50804e-007	-0.0005625
-1.50304e-007	6.25e-005
-1.49804e-007	0.000375
-1.49304e-007	0.000375
-1.48804e-007	0.001
-1.48304e-007	0.000375
-1.47804e-007	0.000375
-1.47304e-007	0.000375
-1.46804e-007	0.000375
-1.46304e-007	0.000375
-1.45804e-007	-0.0005625
-1.45304e-007	-0.0005625
-1.44804e-007	6.25e-005
-1.44304e-007	-0.000875
-1.43804e-007	-0.000875
-1.43304e-007	-0.000875
-1.42804e-007	-0.000875
-1.42304e-007	-0.0005625
-1.41804e-007	-0.0005625
-1.41304e-007	-0.0005625
-1.40804e-007	-0.00025
-1.40304e-007	0.000375
-1.39804e-007	0.0006875
-1.39304e-007	0.000375
-1.38804e-007	0.001
-1.38304e-007	0.0006875
-1.37804e-007	0.0013125
-1.37304e-007	0.001
-1.36804e-007	0.000375
-1.36304e-007	-0.0005625
-1.35804e-007	-0.000875
-1.35304e-007	-0.000875
-1.34804e-007	-0.0018125
-1.34304e-007	-0.0015
-1.33804e-007	-0.0015
-1.33304e-007	-0.0018125
-1.32804e-007	-0.000875
-1.32304e-007	-0.0005625
-1.31804e-007	-0.00025
-1.31304e-007	0.0006875
-1.30804e-007	0.000375
-1.30304e-007	0.0006875
-1.29804e-007	0.001
-1.29304e-007	0.0006875
-1.28804e-007	0.0013125
-1.28304e-007	0.001
-1.27804e-007	0.0006875
-1.27304e-007	0.0006875
-1.26804e-007	-0.0005625
-1.26304e-007	-0.0005625
-1.25804e-007	-0.0011875
-1.25304e-007	-0.0018125
-1.24804e-007	-0.002125
-1.24304e-007	-0.002125
-1.23804e-007	-0.0011875
-1.23304e-007	-0.0024375
-1.22804e-007	-0.002125
-1.22304e-007	6.25e-005
-1.21804e-007	6.25e-005
-1.21304e-007	0.000375
-1.20804e-007	0.001625
-1.20304e-007	0.0019375
-1.19804e-007	0.0019375
-1.19304e-007	0.0019375
-1.18804e-007	0.0019375
-1.18304e-007	0.001
-1.17804e-007	0.0006875
-1.17304e-007	0.000375
-1.16804e-007	-0.0005625
-1.16304e-007	-0.0005625
-1.15804e-007	-0.000875
-1.15304e-007	-0.0018125
-1.14804e-007	-0.0018125
-1.14304e-007	-0.0024375
-1.13804e-007	-0.0024375
-1.13304e-007	-0.0030625
-1.12804e-007	-0.0018125
-1.12304e-007	-0.0005625
-1.11804e-007	-0.0005625
-1.11304e-007	0.000375
-1.10804e-007	0.0013125
-1.10304e-007	0.00225
-1.09804e-007	0.0031875
-1.09304e-007	0.0025625
-1.08804e-007	0.0025625
-1.08304e-007	0.0019375
-1.07804e-007	0.0006875
-1.07304e-007	0.001
-1.06804e-007	-0.0005625
-1.06304e-007	-0.000875
-1.05804e-007	-0.002125
-1.05304e-007	-0.002125
-1.04804e-007	-0.00275
-1.04304e-007	-0.0024375
-1.03804e-007	-0.0018125
-1.03304e-007	-0.002125
-1.02804e-007	-0.0018125
-1.02304e-007	-0.000875
-1.01804e-007	-0.00025
-1.01304e-007	0.0013125
-1.00804e-007	0.001
-1.00304e-007	0.0025625
-9.9804e-008	0.0038125
-9.9304e-008	0.002875
-9.8804e-008	0.002875
-9.8304e-008	0.0019375
-9.7804e-008	0.001625
-9.7304e-008	0.000375
-9.6804e-008	-0.00025
-9.6304e-008	-0.000875
-9.5804e-008	-0.002125
-9.5304e-008	-0.0018125
-9.4804e-008	-0.002125
-9.4304e-008	-0.003375
-9.3804e-008	-0.0024375
-9.3304e-008	-0.0018125
-9.2804e-008	-0.0005625
-9.2304e-008	-0.00025
-9.1804e-008	6.25e-005
-9.1304e-008	0.001
-9.0804e-008	0.0013125
-9.0304e-008	0.001625
-8.9804e-008	0.0019375
-8.9304e-008	0.0025625
-8.8804e-008	0.00225
-8.8304e-008	0.0013125
-8.7804e-008	0.000375
-8.7304e-008	6.25e-005
-8.6804e-008	-0.0011875
-8.6304e-008	-0.0011875
-8.5804e-008	-0.0015
-8.5304e-008	-0.002125
-8.4804e-008	-0.0015
-8.4304e-008	-0.0011875
-8.3804e-008	-0.002125
-8.3304e-008	-0.0011875
-8.2804e-008	-0.0005625
-8.2304e-008	-0.00025
-8.1804e-008	0.000375
-8.1304e-008	0.001
-8.0804e-008	0.001
-8.0304e-008	0.001625
-7.9804e-008	0.0019375
-7.9304e-008	0.001625
-7.8804e-008	0.0006875
-7.8304e-008	-0.00025
-7.7804e-008	6.25e-005
-7.7304e-008	-0.0005625
-7.6804e-008	-0.0011875
-7.6304e-008	-0.0018125
-7.5804e-008	-0.0011875
-7.5304e-008	-0.0011875
-7.4804e-008	-0.0011875
-7.4304e-008	-0.0011875
-7.3804e-008	-0.000875
-7.3304e-008	-0.000875
-7.2804e-008	-0.00025
-7.2304e-008	6.25e-005
-7.1804e-008	0.0013125
-7.1304e-008	0.0013125
-7.0804e-008	0.0013125
-7.0304e-008	0.001
-6.9804e-008	0.001
-6.9304e-008	0.0006875
-6.8804e-008	-0.00025
-6.8304e-008	-0.0005625
-6.7804e-008	-0.000875
-6.7304e-008	-0.000875
-6.6804e-008	-0.0015
-6.6304e-008	-0.0015
-6.5804e-008	-0.000875
-6.5304e-008	6.25e-005
-6.4804e-008	-0.0005625
-6.4304e-008	-0.0005625
-6.3804e-008	-0.00025
-6.3304e-008	0.000375
-6.2804e-008	0.0013125
-6.2304e-008	0.0013125
-6.1804e-008	0.001
-6.1304e-008	0.0013125
-6.0804e-008	0.0013125
-6.0304e-008	0.0013125
-5.9804e-008	6.25e-005
-5.9304e-008	-0.0005625
-5.8804e-008	-0.000875
-5.8304e-008	-0.0005625
-5.7804e-008	-0.0011875
-5.7304e-008	-0.0011875
-5.6804e-008	-0.0018125
-5.6304e-008	-0.0024375
-5.5804e-008	-0.0011875
-5.5304e-008	-0.00025
-5.4804e-008	-0.0005625
-5.4304e-008	0.000375
-5.3804e-008	0.001625
-5.3304e-008	0.001625
-5.2804e-008	0.0019375
-5.2304e-008	0.001
-5.1804e-008	0.0013125
-5.1304e-008	0.0019375
-5.0804e-008	0.001625
-5.0304e-008	0.0006875
-4.9804e-008	6.25e-005
-4.9304e-008	-0.0005625
-4.8804e-008	-0.0011875
-4.8304e-008	-0.0018125
-4.7804e-008	-0.0024375
-4.7304e-008	-0.0018125
-4.6804e-008	-0.0015
-4.6304e-008	-0.002125
-4.5804e-008	-0.002125
-4.5304e-008	-0.000875
-4.4804e-008	6.25e-005
-4.4304e-008	0.0019375
-4.3804e-008	0.001625
-4.3304e-008	0.001625
-4.2804e-008	0.0019375
-4.2304e-008	0.0025625
-4.1804e-008	0.0025625
-4.1304e-008	0.0019375
-4.0804e-008	0.000375
-4.0304e-008	0.000375
-3.9804e-008	-0.0011875
-3.9304e-008	-0.0024375
-3.8804e-008	-0.00275
-3.8304e-008	-0.0024375
-3.7804e-008	-0.0015
-3.7304e-008	-0.0011875
-3.6804e-008	-0.002125
-3.6304e-008	-0.0015
-3.5804e-008	-0.000875
-3.5304e-008	-0.0005625
-3.4804e-008	-0.00025
-3.4304e-008	6.25e-005
-3.3804e-008	0.0006875
-3.3304e-008	6.25e-005
-3.2804e-008	6.25e-005
-3.2304e-008	6.25e-005
-3.1804e-008	-0.00025
-3.1304e-008	-0.0018125
-3.0804e-008	-0.0036875
-3.0304e-008	-0.0055625
-2.9804e-008	-0.0065
-2.9304e-008	-0.007125
-2.8804e-008	-0.00775
-2.8304e-008	-0.0080625
-2.7804e-008	-0.0093125
-2.7304e-008	-0.009
-2.6804e-008	-0.0080625
-2.6304e-008	-0.0080625
-2.5804e-008	-0.0074375
-2.5304e-008	-0.0068125
-2.4804e-008	-0.005875
-2.4304e-008	-0.005875
-2.3804e-008	-0.0061875
-2.3304e-008	-0.0055625
-2.2804e-008	-0.005875
-2.2304e-008	-0.0068125
-2.1804e-008	-0.00775
-2.1304e-008	-0.0074375
-2.0804e-008	-0.008375
-2.0304e-008	-0.009625
-1.9804e-008	-0.0105625
-1.9304e-008	-0.0111875
-1.8804e-008	-0.010875
-1.8304e-008	-0.0115
-1.7804e-008	-0.0111875
-1.7304e-008	-0.0111875
-1.6804e-008	-0.010875
-1.6304e-008	-0.009625
-1.5804e-008	-0.009
-1.5304e-008	-0.009
-1.4804e-008	-0.009
-1.4304e-008	-0.009
-1.3804e-008	-0.008375
-1.3304e-008	-0.00775
-1.2804e-008	-0.0074375
-1.2304e-008	-0.0068125
-1.1804e-008	-0.008375
-1.1304e-008	-0.0086875
-1.0804e-008	-0.0093125
-1.0304e-008	-0.01025
-9.804e-009	-0.0105625
-9.304e-009	-0.0105625
-8.804e-009	-0.010875
-8.304e-009	-0.0118125
-7.804e-009	-0.0111875
-7.304e-009	-0.0111875
-6.804e-009	-0.0105625
-6.304e-009	-0.0099375
-5.804e-009	-0.0099375
-5.304e-009	-0.0086875
-4.804e-009	-0.0086875
-4.304e-009	-0.009
-3.804e-009	-0.0086875
-3.304e-009	-0.0093125
-2.804e-009	-0.0099375
-2.304e-009	-0.009
-1.804e-009	-0.01025
-1.304e-009	-0.0111875
-8.04e-010	-0.0118125
-3.04e-010	-0.0124375
1.96e-010	-0.012125
6.96e-010	-0.012125
1.196e-009	-0.012125
1.696e-009	-0.012125
2.196e-009	-0.0115
2.696e-009	-0.0115
3.196e-009	-0.010875
3.696e-009	-0.009625
4.196e-009	-0.0099375
4.696e-009	-0.01025
5.196e-009	-0.01025
5.696e-009	-0.0099375
6.196e-009	-0.0099375
6.696e-009	-0.0105625
7.196e-009	-0.010875
7.696e-009	-0.0118125
8.196e-009	-0.0118125
8.696e-009	-0.012125
9.196e-009	-0.012125
9.696e-009	-0.0115
1.0196e-008	-0.0115
1.0696e-008	-0.0124375
1.1196e-008	-0.0124375
1.1696e-008	-0.012125
1.2196e-008	-0.0115
1.2696e-008	-0.0105625
1.3196e-008	-0.0099375
1.3696e-008	-0.0099375
1.4196e-008	-0.0099375
1.4696e-008	-0.009625
1.5196e-008	-0.009625
1.5696e-008	-0.009625
1.6196e-008	-0.0099375
1.6696e-008	-0.0099375
1.7196e-008	-0.0105625
1.7696e-008	-0.0111875
1.8196e-008	-0.010875
1.8696e-008	-0.0115
1.9196e-008	-0.012125
1.9696e-008	-0.0118125
2.0196e-008	-0.0118125
2.0696e-008	-0.0118125
2.1196e-008	-0.0118125
2.1696e-008	-0.0118125
2.2196e-008	-0.01025
2.2696e-008	-0.0099375
2.3196e-008	-0.0105625
2.3696e-008	-0.009625
2.4196e-008	-0.0093125
2.4696e-008	-0.009
2.5196e-008	-0.0099375
2.5696e-008	-0.009625
2.6196e-008	-0.009
2.6696e-008	-0.009625
2.7196e-008	-0.0099375
2.7696e-008	-0.01025
2.8196e-008	-0.0115
2.8696e-008	-0.012125
2.9196e-008	-0.0111875
2.9696e-008	-0.012125
3.0196e-008	-0.0124375
3.0696e-008	-0.012125
3.1196e-008	-0.0111875
3.1696e-008	-0.0111875
3.2196e-008	-0.010875
3.2696e-008	-0.01025
3.3196e-008	-0.0093125
3.3696e-008	-0.0093125
3.4196e-008	-0.0093125
3.4696e-008	-0.008375
3.5196e-008	-0.008375
3.5696e-008	-0.008375
3.6196e-008	-0.0086875
3.6696e-008	-0.009
3.7196e-008	-0.009
3.7696e-008	-0.009625
3.8196e-008	-0.010875
3.8696e-008	-0.010875
3.9196e-008	-0.010875
3.9696e-008	-0.0118125
4.0196e-008	-0.012125
4.0696e-008	-0.012125
4.1196e-008	-0.0115
4.1696e-008	-0.0111875
4.2196e-008	-0.0115
4.2696e-008	-0.0115
4.3196e-008	-0.0105625
4.3696e-008	-0.0099375
4.4196e-008	-0.0093125
4.4696e-008	-0.0093125
4.5196e-008	-0.009
4.5696e-008	-0.0086875
4.6196e-008	-0.0093125
4.6696e-008	-0.009625
4.7196e-008	-0.0105625
4.7696e-008	-0.01025
4.8196e-008	-0.01025
4.8696e-008	-0.0118125
4.9196e-008	-0.0115
4.9696e-008	-0.012125
5.0196e-008	-0.0111875
5.0696e-008	-0.012125
5.1196e-008	-0.012125
5.1696e-008	-0.0115
5.2196e-008	-0.0111875
5.2696e-008	-0.0111875
5.3196e-008	-0.0111875
5.3696e-008	-0.010875
5.4196e-008	-0.0105625
5.4696e-008	-0.0099375
5.5196e-008	-0.0086875
5.5696e-008	-0.0086875
5.6196e-008	-0.0086875
5.6696e-008	-0.008375
5.7196e-008	-0.01025
5.7696e-008	-0.0099375
5.8196e-008	-0.0099375
5.8696e-008	-0.0105625
5.9196e-008	-0.01025
5.9696e-008	-0.010875
6.0196e-008	-0.010875
6.0696e-008	-0.0115
6.1196e-008	-0.0111875
6.1696e-008	-0.0105625
6.2196e-008	-0.0118125
6.2696e-008	-0.0111875
6.3196e-008	-0.0105625
6.3696e-008	-0.0099375
6.4196e-008	-0.0099375
6.4696e-008	-0.0099375
6.5196e-008	-0.009625
6.5696e-008	-0.0086875
6.6196e-008	-0.0086875
6.6696e-008	-0.009
6.7196e-008	-0.009
6.7696e-008	-0.008375
6.8196e-008	-0.0093125
6.8696e-008	-0.009625
6.9196e-008	-0.0099375
6.9696e-008	-0.010875
7.0196e-008	-0.0111875
7.0696e-008	-0.0115
7.1196e-008	-0.010875
7.1696e-008	-0.0111875
7.2196e-008	-0.010875
7.2696e-008	-0.01025
7.3196e-008	-0.01025
7.3696e-008	-0.0099375
7.4196e-008	-0.0099375
7.4696e-008	-0.009
7.5196e-008	-0.0080625
7.5696e-008	-0.0086875
7.6196e-008	-0.0093125
7.6696e-008	-0.0086875
7.7196e-008	-0.0086875
7.7696e-008	-0.009
7.8196e-008	-0.009
7.8696e-008	-0.0093125
7.9196e-008	-0.0105625
7.9696e-008	-0.0115
8.0196e-008	-0.010875
8.0696e-008	-0.0111875
8.1196e-008	-0.0118125
8.1696e-008	-0.0118125
8.2196e-008	-0.010875
8.2696e-008	-0.0105625
8.3196e-008	-0.01025
8.3696e-008	-0.0093125
8.4196e-008	-0.0093125
8.4696e-008	-0.009
8.5196e-008	-0.0093125
8.5696e-008	-0.008375
8.6196e-008	-0.0080625
8.6696e-008	-0.0074375
8.7196e-008	-0.009
8.7696e-008	-0.0086875
8.8196e-008	-0.009
8.8696e-008	-0.009625
8.9196e-008	-0.010875
8.9696e-008	-0.0111875
9.0196e-008	-0.0111875
9.0696e-008	-0.0115
9.1196e-008	-0.010875
9.1696e-008	-0.010875
9.2196e-008	-0.0105625
9.2696e-008	-0.01025
9.3196e-008	-0.0099375
9.3696e-008	-0.009625
9.4196e-008	-0.0086875
9.4696e-008	-0.0080625
9.5196e-008	-0.00775
9.5696e-008	-0.0074375
9.6196e-008	-0.007125
9.6696e-008	-0.0074375
9.7196e-008	-0.0080625
9.7696e-008	-0.008375
9.8196e-008	-0.0086875
9.8696e-008	-0.01025
9.9196e-008	-0.0105625
9.9696e-008	-0.0111875
1.00196e-007	-0.0105625
1.00696e-007	-0.010875
1.01196e-007	-0.010875
1.01696e-007	-0.010875
1.02196e-007	-0.010875
1.02696e-007	-0.01025
1.03196e-007	-0.0093125
1.03696e-007	-0.0080625
1.04196e-007	-0.00775
1.04696e-007	-0.007125
1.05196e-007	-0.0068125
1.05696e-007	-0.0068125
1.06196e-007	-0.007125
1.06696e-007	-0.007125
1.07196e-007	-0.0086875
1.07696e-007	-0.0086875
1.08196e-007	-0.009
1.08696e-007	-0.0105625
1.09196e-007	-0.010875
1.09696e-007	-0.0111875
1.10196e-007	-0.0111875
1.10696e-007	-0.0118125
1.11196e-007	-0.0115
1.11696e-007	-0.0105625
1.12196e-007	-0.010875
1.12696e-007	-0.009
1.13196e-007	-0.008375
1.13696e-007	-0.00775
1.14196e-007	-0.007125
1.14696e-007	-0.0068125
1.15196e-007	-0.0061875
1.15696e-007	-0.005875
1.16196e-007	-0.0068125
1.16696e-007	-0.0068125
1.17196e-007	-0.00775
1.17696e-007	-0.009
1.18196e-007	-0.0099375
1.18696e-007	-0.01025
1.19196e-007	-0.010875
1.19696e-007	-0.0118125
1.20196e-007	-0.0111875
1.20696e-007	-0.0115
1.21196e-007	-0.010875
1.21696e-007	-0.01025
1.22196e-007	-0.0093125
1.22696e-007	-0.008375
1.23196e-007	-0.00775
1.23696e-007	-0.0065
1.24196e-007	-0.0061875
1.24696e-007	-0.0061875
1.25196e-007	-0.005875
1.25696e-007	-0.0061875
1.26196e-007	-0.0068125
1.26696e-007	-0.0074375
1.27196e-007	-0.00775
1.27696e-007	-0.0080625
1.28196e-007	-0.009625
1.28696e-007	-0.010875
1.29196e-007	-0.0111875
1.29696e-007	-0.0111875
1.30196e-007	-0.010875
1.30696e-007	-0.0105625
1.31196e-007	-0.01025
1.31696e-007	-0.0093125
1.32196e-007	-0.0086875
1.32696e-007	-0.00775
1.33196e-007	-0.0068125
1.33696e-007	-0.0065
1.34196e-007	-0.0061875
1.34696e-007	-0.0055625
1.35196e-007	-0.005875
1.35696e-007	-0.005875
1.36196e-007	-0.0065
1.36696e-007	-0.0074375
1.37196e-007	-0.0080625
1.37696e-007	-0.0093125
1.38196e-007	-0.009625
1.38696e-007	-0.01025
1.39196e-007	-0.0111875
1.39696e-007	-0.0111875
1.40196e-007	-0.01025
1.40696e-007	-0.0105625
1.41196e-007	-0.0093125
1.41696e-007	-0.0086875
1.42196e-007	-0.00775
1.42696e-007	-0.0061875
1.43196e-007	-0.005875
1.43696e-007	-0.0061875
1.44196e-007	-0.0055625
1.44696e-007	-0.005875
1.45196e-007	-0.005875
1.45696e-007	-0.0055625
1.46196e-007	-0.0065
1.46696e-007	-0.00775
1.47196e-007	-0.0080625
1.47696e-007	-0.0093125
1.48196e-007	-0.0105625
1.48696e-007	-0.010875
1.49196e-007	-0.010875
1.49696e-007	-0.010875
1.50196e-007	-0.009625
1.50696e-007	-0.0093125
1.51196e-007	-0.009
1.51696e-007	-0.0080625
1.52196e-007	-0.0080625
1.52696e-007	-0.0065
1.53196e-007	-0.00525
1.53696e-007	-0.0049375
1.54196e-007	-0.00525
1.54696e-007	-0.0049375
1.55196e-007	-0.005875
1.55696e-007	-0.0065
1.56196e-007	-0.0068125
1.56696e-007	-0.0074375
1.57196e-007	-0.0086875
1.57696e-007	-0.009
1.58196e-007	-0.009625
1.58696e-007	-0.0099375
1.59196e-007	-0.01025
1.59696e-007	-0.01025
1.60196e-007	-0.0099375
1.60696e-007	-0.0099375
1.61196e-007	-0.009
1.61696e-007	-0.0074375
1.62196e-007	-0.0061875
1.62696e-007	-0.0065
1.63196e-007	-0.005875
1.63696e-007	-0.0055625
1.64196e-007	-0.0049375
1.64696e-007	-0.00525
1.65196e-007	-0.00525
1.65696e-007	-0.0055625
1.66196e-007	-0.0065
1.66696e-007	-0.00775
1.67196e-007	-0.0086875
1.67696e-007	-0.009
1.68196e-007	-0.0086875
1.68696e-007	-0.0099375
1.69196e-007	-0.01025
1.69696e-007	-0.009625
1.70196e-007	-0.0093125
1.70696e-007	-0.0080625
1.71196e-007	-0.00775
1.71696e-007	-0.0074375
1.72196e-007	-0.007125
1.72696e-007	-0.0061875
1.73196e-007	-0.004625
1.73696e-007	-0.0049375
1.74196e-007	-0.0061875
1.74696e-007	-0.0055625
1.75196e-007	-0.0061875
1.75696e-007	-0.0055625
1.76196e-007	-0.007125
1.76696e-007	-0.00775
1.77196e-007	-0.0074375
1.77696e-007	-0.008375
1.78196e-007	-0.009
1.78696e-007	-0.008375
1.79196e-007	-0.008375
1.79696e-007	-0.0086875
1.80196e-007	-0.009
1.80696e-007	-0.008375
1.81196e-007	-0.007125
1.81696e-007	-0.0068125
1.82196e-007	-0.0061875
1.82696e-007	-0.005875
1.83196e-007	-0.0049375
1.83696e-007	-0.0049375
1.84196e-007	-0.00525
1.84696e-007	-0.0055625
1.85196e-007	-0.0061875
1.85696e-007	-0.0068125
1.86196e-007	-0.0065
1.86696e-007	-0.00775
1.87196e-007	-0.008375
1.87696e-007	-0.008375
1.88196e-007	-0.0080625
1.88696e-007	-0.0080625
1.89196e-007	-0.008375
1.89696e-007	-0.0080625
1.90196e-007	-0.0080625
1.90696e-007	-0.0080625
1.91196e-007	-0.007125
1.91696e-007	-0.0068125
1.92196e-007	-0.0065
1.92696e-007	-0.0061875
1.93196e-007	-0.0061875
1.93696e-007	-0.0055625
1.94196e-007	-0.0055625
1.94696e-007	-0.0061875
1.95196e-007	-0.0065
1.95696e-007	-0.005875
1.96196e-007	-0.0065
1.96696e-007	-0.0068125
1.97196e-007	-0.007125
1.97696e-007	-0.0080625
1.98196e-007	-0.008375
1.98696e-007	-0.00775
1.99196e-007	-0.00775
1.99696e-007	-0.007125
2.00196e-007	-0.0080625
2.00696e-007	-0.007125
2.01196e-007	-0.0065
2.01696e-007	-0.0065
2.02196e-007	-0.0065
2.02696e-007	-0.0061875
2.03196e-007	-0.0055625
2.03696e-007	-0.005875
2.04196e-007	-0.0068125
2.04696e-007	-0.005875
2.05196e-007	-0.005875
2.05696e-007	-0.0061875
2.06196e-007	-0.0068125
2.06696e-007	-0.007125
2.07196e-007	-0.0068125
2.07696e-007	-0.00775
2.08196e-007	-0.0080625
2.08696e-007	-0.0074375
2.09196e-007	-0.007125
2.09696e-007	-0.0061875
2.10196e-007	-0.0061875
2.10696e-007	-0.0065
2.11196e-007	-0.0061875
2.11696e-007	-0.0061875
2.12196e-007	-0.0068125
2.12696e-007	-0.0068125
2.13196e-007	-0.0061875
2.13696e-007	-0.0055625
2.14196e-007	-0.005875
2.14696e-007	-0.0068125
2.15196e-007	-0.0068125
2.15696e-007	-0.0061875
2.16196e-007	-0.0061875
2.16696e-007	-0.0068125
2.17196e-007	-0.00775
2.17696e-007	-0.0068125
2.18196e-007	-0.0061875
2.18696e-007	-0.0065
2.19196e-007	-0.0065
2.19696e-007	-0.0061875
2.20196e-007	-0.0061875
2.20696e-007	-0.0055625
2.21196e-007	-0.005875
2.21696e-007	-0.005875
2.22196e-007	-0.0061875
2.22696e-007	-0.0065
2.23196e-007	-0.0061875
2.23696e-007	-0.005875
2.24196e-007	-0.0055625
2.24696e-007	-0.0061875
2.25196e-007	-0.0068125
2.25696e-007	-0.0061875
2.26196e-007	-0.0065
2.26696e-007	-0.0068125
2.27196e-007	-0.0061875
2.27696e-007	-0.007125
2.28196e-007	-0.0061875
2.28696e-007	-0.0055625
2.29196e-007	-0.005875
2.29696e-007	-0.0055625
2.30196e-007	-0.0055625
2.30696e-007	-0.0049375
2.31196e-007	-0.00525
2.31696e-007	-0.005875
2.32196e-007	-0.0055625
2.32696e-007	-0.0055625
2.33196e-007	-0.0055625
2.33696e-007	-0.0055625
2.34196e-007	-0.0065
2.34696e-007	-0.0061875
2.35196e-007	-0.0065
2.35696e-007	-0.0068125
2.36196e-007	-0.0065
2.36696e-007	-0.005875
2.37196e-007	-0.0061875
2.37696e-007	-0.0068125
2.38196e-007	-0.0065
2.38696e-007	-0.005875
2.39196e-007	-0.0065
2.39696e-007	-0.0061875
2.40196e-007	-0.005875
2.40696e-007	-0.00525
2.41196e-007	-0.00525
2.41696e-007	-0.0055625
2.42196e-007	-0.005875
2.42696e-007	-0.0055625
2.43196e-007	-0.0055625
2.43696e-007	-0.00525
2.44196e-007	-0.005875
2.44696e-007	-0.0055625
2.45196e-007	-0.005875
2.45696e-007	-0.0055625
2.46196e-007	-0.0055625
2.46696e-007	-0.0055625
2.47196e-007	-0.0065
2.47696e-007	-0.0065
2.48196e-007	-0.0061875
2.48696e-007	-0.0061875
2.49196e-007	-0.0061875
2.49696e-007	-0.005875
2.50196e-007	-0.0061875
2.50696e-007	-0.005875
2.51196e-007	-0.00525
2.51696e-007	-0.0055625
2.52196e-007	-0.00525
2.52696e-007	-0.0049375
2.53196e-007	-0.00525
2.53696e-007	-0.00525
2.54196e-007	-0.00525
2.54696e-007	-0.0043125
2.55196e-007	-0.004625
2.55696e-007	-0.00525
2.56196e-007	-0.005875
2.56696e-007	-0.005875
2.57196e-007	-0.005875
2.57696e-007	-0.0068125
2.58196e-007	-0.0068125
2.58696e-007	-0.005875
2.59196e-007	-0.0061875
2.59696e-007	-0.0055625
2.60196e-007	-0.0061875
2.60696e-007	-0.005875
2.61196e-007	-0.005875
2.61696e-007	-0.0055625
2.62196e-007	-0.0055625
2.62696e-007	-0.0049375
2.63196e-007	-0.0049375
2.63696e-007	-0.0049375
2.64196e-007	-0.0043125
2.64696e-007	-0.0043125
2.65196e-007	-0.00525
2.65696e-007	-0.004625
2.66196e-007	-0.0043125
2.66696e-007	-0.0055625
2.67196e-007	-0.0055625
2.67696e-007	-0.005875
2.68196e-007	-0.0065
2.68696e-007	-0.005875
2.69196e-007	-0.005875
2.69696e-007	-0.0061875
2.70196e-007	-0.005875
2.70696e-007	-0.005875
2.71196e-007	-0.0061875
2.71696e-007	-0.005875
2.72196e-007	-0.0043125
2.72696e-007	-0.004625
2.73196e-007	-0.004625
2.73696e-007	-0.0043125
2.74196e-007	-0.0043125
2.74696e-007	-0.0043125
2.75196e-007	-0.004
2.75696e-007	-0.004625
2.76196e-007	-0.004625
2.76696e-007	-0.0049375
2.77196e-007	-0.0055625
2.77696e-007	-0.0055625
2.78196e-007	-0.005875
2.78696e-007	-0.0055625
2.79196e-007	-0.0065
2.79696e-007	-0.005875
2.80196e-007	-0.0061875
2.80696e-007	-0.0068125
2.81196e-007	-0.0061875
2.81696e-007	-0.0049375
2.82196e-007	-0.005875
2.82696e-007	-0.0055625
2.83196e-007	-0.00525
2.83696e-007	-0.0049375
2.84196e-007	-0.0049375
2.84696e-007	-0.0049375
2.85196e-007	-0.004
2.85696e-007	-0.004
2.86196e-007	-0.00525
2.86696e-007	-0.0055625
2.87196e-007	-0.0043125
2.87696e-007	-0.00525
2.88196e-007	-0.0055625
2.88696e-007	-0.00525
2.89196e-007	-0.005875
2.89696e-007	-0.005875
2.90196e-007	-0.00525
2.90696e-007	-0.0055625
2.91196e-007	-0.005875
2.91696e-007	-0.0055625
2.92196e-007	-0.0043125
2.92696e-007	-0.004625
2.93196e-007	-0.0049375
2.93696e-007	-0.0043125
2.94196e-007	-0.0036875
2.94696e-007	-0.004
2.95196e-007	-0.00525
2.95696e-007	-0.00525
2.96196e-007	-0.004625
2.96696e-007	-0.0049375
2.97196e-007	-0.00525
2.97696e-007	-0.0055625
2.98196e-007	-0.00525
2.98696e-007	-0.0049375
2.99196e-007	-0.00525
2.99696e-007	-0.0049375
3.00196e-007	-0.00525
3.00696e-007	-0.0049375
3.01196e-007	-0.004625
3.01696e-007	-0.0049375
3.02196e-007	-0.004625
3.02696e-007	-0.0049375
3.03196e-007	-0.00525
3.03696e-007	-0.004625
3.04196e-007	-0.0049375
3.04696e-007	-0.0049375
3.05196e-007	-0.0049375
3.05696e-007	-0.00525
3.06196e-007	-0.0055625
3.06696e-007	-0.00525
3.07196e-007	-0.0049375
3.07696e-007	-0.004625
3.08196e-007	-0.004625
3.08696e-007	-0.0049375
3.09196e-007	-0.004625
3.09696e-007	-0.004625
3.10196e-007	-0.004625
3.10696e-007	-0.0043125
3.11196e-007	-0.004
3.11696e-007	-0.0043125
3.12196e-007	-0.0036875
3.12696e-007	-0.0043125
3.13196e-007	-0.004625
3.13696e-007	-0.004625
3.14196e-007	-0.0049375
3.14696e-007	-0.0055625
3.15196e-007	-0.0055625
3.15696e-007	-0.00525
3.16196e-007	-0.0055625
3.16696e-007	-0.0055625
3.17196e-007	-0.00525
3.17696e-007	-0.00525
3.18196e-007	-0.0049375
3.18696e-007	-0.0036875
3.19196e-007	-0.0043125
3.19696e-007	-0.0036875
3.20196e-007	-0.0036875
3.20696e-007	-0.0036875
3.21196e-007	-0.0030625
3.21696e-007	-0.0036875
3.22196e-007	-0.0043125
3.22696e-007	-0.0043125
3.23196e-007	-0.0043125
3.23696e-007	-0.004625
3.24196e-007	-0.00525
3.24696e-007	-0.004625
3.25196e-007	-0.00525
3.25696e-007	-0.0055625
3.26196e-007	-0.005875
3.26696e-007	-0.0055625
3.27196e-007	-0.0055625
3.27696e-007	-0.004625
3.28196e-007	-0.0043125
3.28696e-007	-0.004625
3.29196e-007	-0.004625
3.29696e-007	-0.0036875
3.30196e-007	-0.003375
3.30696e-007	-0.003375
3.31196e-007	-0.003375
3.31696e-007	-0.003375
3.32196e-007	-0.0030625
3.32696e-007	-0.004
3.33196e-007	-0.004
3.33696e-007	-0.004625
3.34196e-007	-0.00525
3.34696e-007	-0.00525
3.35196e-007	-0.00525
3.35696e-007	-0.0055625
3.36196e-007	-0.0061875
3.36696e-007	-0.0055625
3.37196e-007	-0.0043125
3.37696e-007	-0.0049375
3.38196e-007	-0.004625
3.38696e-007	-0.004625
3.39196e-007	-0.0036875
3.39696e-007	-0.0036875
3.40196e-007	-0.004
3.40696e-007	-0.004
3.41196e-007	-0.003375
3.41696e-007	-0.003375
3.42196e-007	-0.0030625
3.42696e-007	-0.0036875
3.43196e-007	-0.004
3.43696e-007	-0.0043125
3.44196e-007	-0.004625
3.44696e-007	-0.0043125
3.45196e-007	-0.0049375
3.45696e-007	-0.0049375
3.46196e-007	-0.00525
3.46696e-007	-0.00525
3.47196e-007	-0.00525
3.47696e-007	-0.0049375
3.48196e-007	-0.0043125
3.48696e-007	-0.0036875
3.49196e-007	-0.0043125
3.49696e-007	-0.004
3.50196e-007	-0.0036875
3.50696e-007	-0.003375
3.51196e-007	-0.0036875
3.51696e-007	-0.0036875
3.52196e-007	-0.0036875
3.52696e-007	-0.004
3.53196e-007	-0.0036875
3.53696e-007	-0.004
3.54196e-007	-0.004
3.54696e-007	-0.004625
3.55196e-007	-0.00525
3.55696e-007	-0.00525
3.56196e-007	-0.0043125
3.56696e-007	-0.004625
3.57196e-007	-0.00525
3.57696e-007	-0.0049375
3.58196e-007	-0.0036875
3.58696e-007	-0.0036875
3.59196e-007	-0.0043125
3.59696e-007	-0.004
3.60196e-007	-0.004
3.60696e-007	-0.004625
3.61196e-007	-0.004
3.61696e-007	-0.0036875
3.62196e-007	-0.003375
3.62696e-007	-0.004
3.63196e-007	-0.004625
3.63696e-007	-0.0043125
3.64196e-007	-0.004625
3.64696e-007	-0.004625
3.65196e-007	-0.004
3.65696e-007	-0.0036875
3.66196e-007	-0.004
3.66696e-007	-0.0043125
3.67196e-007	-0.0036875
3.67696e-007	-0.003375
3.68196e-007	-0.0036875
3.68696e-007	-0.0036875
3.69196e-007	-0.0036875
3.69696e-007	-0.003375
3.70196e-007	-0.004
3.70696e-007	-0.0043125
3.71196e-007	-0.004
3.71696e-007	-0.004
3.72196e-007	-0.004625
3.72696e-007	-0.004625
3.73196e-007	-0.004625
3.73696e-007	-0.0043125
3.74196e-007	-0.004
3.74696e-007	-0.0043125
3.75196e-007	-0.0036875
3.75696e-007	-0.0036875
3.76196e-007	-0.0036875
3.76696e-007	-0.0030625
3.77196e-007	-0.0024375
3.77696e-007	-0.0030625
3.78196e-007	-0.003375
3.78696e-007	-0.003375
3.79196e-007	-0.003375
3.79696e-007	-0.0043125
3.80196e-007	-0.0043125
3.80696e-007	-0.004625
3.81196e-007	-0.0043125
3.81696e-007	-0.004625
3.82196e-007	-0.0049375
3.82696e-007	-0.0049375
3.83196e-007	-0.0049375
3.83696e-007	-0.0043125
3.84196e-007	-0.004
3.84696e-007	-0.0043125
3.85196e-007	-0.0043125
3.85696e-007	-0.004
3.86196e-007	-0.003375
3.86696e-007	-0.003375
3.87196e-007	-0.003375
3.87696e-007	-0.0024375
3.88196e-007	-0.002125
3.88696e-007	-0.00275
3.89196e-007	-0.00275
3.89696e-007	-0.0036875
3.90196e-007	-0.0036875
3.90696e-007	-0.004625
3.91196e-007	-0.00525
3.91696e-007	-0.004625
3.92196e-007	-0.00525
3.92696e-007	-0.0049375
3.93196e-007	-0.0049375
3.93696e-007	-0.004625
3.94196e-007	-0.004
3.94696e-007	-0.0043125
3.95196e-007	-0.004625
3.95696e-007	-0.0036875
3.96196e-007	-0.00275
3.96696e-007	-0.002125
3.97196e-007	-0.0024375
3.97696e-007	-0.0024375
3.98196e-007	-0.0024375
3.98696e-007	-0.00275
3.99196e-007	-0.00275
3.99696e-007	-0.0030625
4.00196e-007	-0.003375
4.00696e-007	-0.0036875
4.01196e-007	-0.0043125
4.01696e-007	-0.004625
4.02196e-007	-0.0043125
4.02696e-007	-0.0043125
4.03196e-007	-0.00525
4.03696e-007	-0.0055625
4.04196e-007	-0.0049375
4.04696e-007	-0.0043125
4.05196e-007	-0.0036875
4.05696e-007	-0.003375
4.06196e-007	-0.0030625
4.06696e-007	-0.00275
4.07196e-007	-0.0024375
4.07696e-007	-0.0011875
4.08196e-007	-0.002125
4.08696e-007	-0.0030625
4.09196e-007	-0.0030625
4.09696e-007	-0.004
4.10196e-007	-0.003375
4.10696e-007	-0.0043125
4.11196e-007	-0.0043125
4.11696e-007	-0.0043125
4.12196e-007	-0.0043125
4.12696e-007	-0.004625
4.13196e-007	-0.004625
4.13696e-007	-0.0049375
4.14196e-007	-0.0043125
4.14696e-007	-0.0043125
4.15196e-007	-0.003375
4.15696e-007	-0.0030625
4.16196e-007	-0.0024375
4.16696e-007	-0.0024375
4.17196e-007	-0.0030625
4.17696e-007	-0.00275
4.18196e-007	-0.00275
4.18696e-007	-0.0030625
4.19196e-007	-0.00275
4.19696e-007	-0.0030625
4.20196e-007	-0.0036875
4.20696e-007	-0.0043125
4.21196e-007	-0.004625
4.21696e-007	-0.0049375
4.22196e-007	-0.0036875
4.22696e-007	-0.003375
4.23196e-007	-0.0036875
4.23696e-007	-0.004
4.24196e-007	-0.0043125
4.24696e-007	-0.0043125
4.25196e-007	-0.003375
4.25696e-007	-0.0030625
4.26196e-007	-0.00275
4.26696e-007	-0.00275
4.27196e-007	-0.0024375
4.27696e-007	-0.00275
4.28196e-007	-0.00275
4.28696e-007	-0.0030625
4.29196e-007	-0.0036875
4.29696e-007	-0.003375
4.30196e-007	-0.004
4.30696e-007	-0.004
4.31196e-007	-0.003375
4.31696e-007	-0.0036875
4.32196e-007	-0.004
4.32696e-007	-0.0043125
4.33196e-007	-0.0036875
4.33696e-007	-0.0030625
4.34196e-007	-0.0030625
4.34696e-007	-0.0030625
4.35196e-007	-0.0030625
4.35696e-007	-0.0030625
4.36196e-007	-0.0024375
4.36696e-007	-0.00275
4.37196e-007	-0.0030625
4.37696e-007	-0.003375
4.38196e-007	-0.0030625
4.38696e-007	-0.004
4.39196e-007	-0.004
4.39696e-007	-0.003375
4.40196e-007	-0.0036875
4.40696e-007	-0.0043125
4.41196e-007	-0.0036875
4.41696e-007	-0.0036875
4.42196e-007	-0.003375
4.42696e-007	-0.003375
4.43196e-007	-0.003375
4.43696e-007	-0.00275
4.44196e-007	-0.002125
4.44696e-007	-0.002125
4.45196e-007	-0.0024375
4.45696e-007	-0.002125
4.46196e-007	-0.0024375
4.46696e-007	-0.0024375
4.47196e-007	-0.0030625
4.47696e-007	-0.0036875
4.48196e-007	-0.003375
4.48696e-007	-0.004
4.49196e-007	-0.004
4.49696e-007	-0.0036875
4.50196e-007	-0.004
4.50696e-007	-0.0036875
4.51196e-007	-0.004
4.51696e-007	-0.0036875
4.52196e-007	-0.003375
4.52696e-007	-0.0030625
4.53196e-007	-0.0030625
4.53696e-007	-0.0030625
4.54196e-007	-0.0018125
4.54696e-007	-0.002125
4.55196e-007	-0.0024375
4.55696e-007	-0.0018125
4.56196e-007	-0.002125
4.56696e-007	-0.0024375
4.57196e-007	-0.0030625
4.57696e-007	-0.0036875
4.58196e-007	-0.0036875
4.58696e-007	-0.004625
4.59196e-007	-0.0036875
4.59696e-007	-0.004
4.60196e-007	-0.0043125
4.60696e-007	-0.0036875
4.61196e-007	-0.003375
4.61696e-007	-0.0036875
4.62196e-007	-0.003375
4.62696e-007	-0.003375
4.63196e-007	-0.002125
4.63696e-007	-0.002125
4.64196e-007	-0.0024375
4.64696e-007	-0.0024375
4.65196e-007	-0.002125
4.65696e-007	-0.002125
4.66196e-007	-0.002125
4.66696e-007	-0.002125
4.67196e-007	-0.00275
4.67696e-007	-0.0030625
4.68196e-007	-0.004
4.68696e-007	-0.004625
4.69196e-007	-0.004
4.69696e-007	-0.004
4.70196e-007	-0.0043125
4.70696e-007	-0.003375
4.71196e-007	-0.003375
4.71696e-007	-0.0030625
4.72196e-007	-0.0030625
4.72696e-007	-0.0030625
4.73196e-007	-0.0024375
4.73696e-007	-0.0015
4.74196e-007	-0.0011875
4.74696e-007	-0.0015
4.75196e-007	-0.0018125
4.75696e-007	-0.0018125
4.76196e-007	-0.002125
4.76696e-007	-0.002125
4.77196e-007	-0.00275
4.77696e-007	-0.0036875
4.78196e-007	-0.0030625
4.78696e-007	-0.004625
4.79196e-007	-0.0043125
4.79696e-007	-0.0043125
4.80196e-007	-0.003375
4.80696e-007	-0.0030625
4.81196e-007	-0.003375
4.81696e-007	-0.0030625
4.82196e-007	-0.0024375
4.82696e-007	-0.0024375
4.83196e-007	-0.0018125
4.83696e-007	-0.0018125
4.84196e-007	-0.0018125
4.84696e-007	-0.002125
4.85196e-007	-0.0018125
4.85696e-007	-0.0015
4.86196e-007	-0.00275
4.86696e-007	-0.0036875
4.87196e-007	-0.0030625
4.87696e-007	-0.0030625
4.88196e-007	-0.003375
4.88696e-007	-0.003375
4.89196e-007	-0.003375
4.89696e-007	-0.0030625
4.90196e-007	-0.0036875
4.90696e-007	-0.0030625
4.91196e-007	-0.0030625
4.91696e-007	-0.00275
4.92196e-007	-0.0024375
4.92696e-007	-0.0015
4.93196e-007	-0.0015
4.93696e-007	-0.0018125
4.94196e-007	-0.0024375
4.94696e-007	-0.002125
4.95196e-007	-0.0024375
4.95696e-007	-0.0024375
4.96196e-007	-0.0030625
4.96696e-007	-0.0030625
4.97196e-007	-0.0030625
4.97696e-007	-0.003375
4.98196e-007	-0.0030625
4.98696e-007	-0.0036875
4.99196e-007	-0.0036875
4.99696e-007	-0.0036875
5.00196e-007	-0.0030625
5.00696e-007	-0.0018125
5.01196e-007	-0.0018125
5.01696e-007	-0.0024375
5.02196e-007	-0.002125
5.02696e-007	-0.0024375
5.03196e-007	-0.002125
5.03696e-007	-0.002125
5.04196e-007	-0.0018125
5.04696e-007	-0.002125
5.05196e-007	-0.0024375
5.05696e-007	-0.00275
5.06196e-007	-0.0030625
5.06696e-007	-0.003375
5.07196e-007	-0.0030625
5.07696e-007	-0.003375
5.08196e-007	-0.003375
5.08696e-007	-0.0030625
5.09196e-007	-0.00275
5.09696e-007	-0.002125
5.10196e-007	-0.0024375
5.10696e-007	-0.0018125
5.11196e-007	-0.002125
5.11696e-007	-0.0018125
5.12196e-007	-0.002125
5.12696e-007	-0.002125
5.13196e-007	-0.0018125
5.13696e-007	-0.0018125
5.14196e-007	-0.0024375
5.14696e-007	-0.002125
5.15196e-007	-0.00275
5.15696e-007	-0.00275
5.16196e-007	-0.003375
5.16696e-007	-0.003375
5.17196e-007	-0.003375
5.17696e-007	-0.0036875
5.18196e-007	-0.0030625
5.18696e-007	-0.0030625
5.19196e-007	-0.0030625
5.19696e-007	-0.002125
5.20196e-007	-0.002125
5.20696e-007	-0.002125
5.21196e-007	-0.0024375
5.21696e-007	-0.0018125
5.22196e-007	-0.0018125
5.22696e-007	-0.0018125
5.23196e-007	-0.0011875
5.23696e-007	-0.0024375
5.24196e-007	-0.0030625
5.24696e-007	-0.0024375
5.25196e-007	-0.0030625
5.25696e-007	-0.0030625
5.26196e-007	-0.0036875
5.26696e-007	-0.0036875
5.27196e-007	-0.00275
5.27696e-007	-0.0030625
5.28196e-007	-0.0024375
5.28696e-007	-0.00275
5.29196e-007	-0.0024375
5.29696e-007	-0.0015
5.30196e-007	-0.002125
5.30696e-007	-0.0015
5.31196e-007	-0.0015
5.31696e-007	-0.0015
5.32196e-007	-0.0018125
5.32696e-007	-0.0024375
5.33196e-007	-0.002125
5.33696e-007	-0.0024375
5.34196e-007	-0.0024375
5.34696e-007	-0.0030625
5.35196e-007	-0.0036875
5.35696e-007	-0.003375
5.36196e-007	-0.0036875
5.36696e-007	-0.003375
5.37196e-007	-0.0030625
5.37696e-007	-0.003375
5.38196e-007	-0.002125
5.38696e-007	-0.0024375
5.39196e-007	-0.0024375
5.39696e-007	-0.0011875
5.40196e-007	-0.0011875
5.40696e-007	-0.0018125
5.41196e-007	-0.0018125
5.41696e-007	-0.002125
5.42196e-007	-0.0015
5.42696e-007	-0.0024375
5.43196e-007	-0.0030625
5.43696e-007	-0.0024375
5.44196e-007	-0.00275
5.44696e-007	-0.003375
5.45196e-007	-0.003375
5.45696e-007	-0.003375
5.46196e-007	-0.0030625
5.46696e-007	-0.0030625
5.47196e-007	-0.0030625
5.47696e-007	-0.0030625
5.48196e-007	-0.0024375
5.48696e-007	-0.0015
5.49196e-007	-0.0011875
5.49696e-007	-0.0018125
5.50196e-007	-0.0024375
5.50696e-007	-0.0018125
5.51196e-007	-0.0015
5.51696e-007	-0.0018125
5.52196e-007	-0.0024375
5.52696e-007	-0.0030625
5.53196e-007	-0.00275
5.53696e-007	-0.0030625
5.54196e-007	-0.0030625
5.54696e-007	-0.003375
5.55196e-007	-0.0036875
5.55696e-007	-0.0036875
5.56196e-007	-0.0036875
5.56696e-007	-0.003375
5.57196e-007	-0.00275
5.57696e-007	-0.00275
5.58196e-007	-0.0018125
5.58696e-007	-0.0018125
5.59196e-007	-0.002125
5.59696e-007	-0.0015
5.60196e-007	-0.0015
5.60696e-007	-0.0011875
5.61196e-007	-0.0018125
5.61696e-007	-0.002125
5.62196e-007	-0.0018125
5.62696e-007	-0.0024375
5.63196e-007	-0.003375
5.63696e-007	-0.0030625
5.64196e-007	-0.0030625
5.64696e-007	-0.003375
5.65196e-007	-0.0030625
5.65696e-007	-0.004
5.66196e-007	-0.003375
5.66696e-007	-0.00275
5.67196e-007	-0.0024375
5.67696e-007	-0.002125
5.68196e-007	-0.0015
5.68696e-007	-0.0011875
5.69196e-007	-0.0015
5.69696e-007	-0.0015
5.70196e-007	-0.0018125
5.70696e-007	-0.0015
5.71196e-007	-0.002125
5.71696e-007	-0.0024375
5.72196e-007	-0.0024375
5.72696e-007	-0.0024375
5.73196e-007	-0.0030625
5.73696e-007	-0.00275
5.74196e-007	-0.0030625
5.74696e-007	-0.0043125
5.75196e-007	-0.0030625
5.75696e-007	-0.0024375
5.76196e-007	-0.0030625
5.76696e-007	-0.0024375
5.77196e-007	-0.002125
5.77696e-007	-0.002125
5.78196e-007	-0.002125
5.78696e-007	-0.002125
5.79196e-007	-0.002125
5.79696e-007	-0.002125
5.80196e-007	-0.0018125
5.80696e-007	-0.0015
5.81196e-007	-0.0015
5.81696e-007	-0.0024375
5.82196e-007	-0.0024375
5.82696e-007	-0.0024375
5.83196e-007	-0.0024375
5.83696e-007	-0.0030625
5.84196e-007	-0.003375
5.84696e-007	-0.003375
5.85196e-007	-0.00275
5.85696e-007	-0.00275
5.86196e-007	-0.00275
5.86696e-007	-0.00275
5.87196e-007	-0.0030625
5.87696e-007	-0.0024375
5.88196e-007	-0.002125
5.88696e-007	-0.0015
5.89196e-007	-0.002125
5.89696e-007	-0.0018125
5.90196e-007	-0.002125
5.90696e-007	-0.0018125
5.91196e-007	-0.002125
5.91696e-007	-0.00275
5.92196e-007	-0.00275
5.92696e-007	-0.0024375
5.93196e-007	-0.00275
5.93696e-007	-0.0018125
5.94196e-007	-0.002125
5.94696e-007	-0.002125
5.95196e-007	-0.00275
5.95696e-007	-0.00275
5.96196e-007	-0.0024375
5.96696e-007	-0.002125
5.97196e-007	-0.0018125
5.97696e-007	-0.0015
5.98196e-007	-0.002125
5.98696e-007	-0.0024375
5.99196e-007	-0.0024375
5.99696e-007	-0.002125
6.00196e-007	-0.002125
6.00696e-007	-0.0024375
6.01196e-007	-0.0018125
6.01696e-007	-0.0018125
6.02196e-007	-0.002125
6.02696e-007	-0.0024375
6.03196e-007	-0.002125
6.03696e-007	-0.002125
6.04196e-007	-0.0024375
6.04696e-007	-0.00275
6.05196e-007	-0.0024375
6.05696e-007	-0.002125
6.06196e-007	-0.0018125
6.06696e-007	-0.0018125
6.07196e-007	-0.0024375
6.07696e-007	-0.002125
6.08196e-007	-0.002125
6.08696e-007	-0.0018125
6.09196e-007	-0.002125
6.09696e-007	-0.002125
6.10196e-007	-0.002125
6.10696e-007	-0.0015
6.11196e-007	-0.002125
6.11696e-007	-0.002125
6.12196e-007	-0.00275
6.12696e-007	-0.0018125
6.13196e-007	-0.002125
6.13696e-007	-0.0018125
6.14196e-007	-0.0024375
6.14696e-007	-0.002125
6.15196e-007	-0.002125
6.15696e-007	-0.0015
6.16196e-007	-0.0015
6.16696e-007	-0.0018125
6.17196e-007	-0.002125
6.17696e-007	-0.0024375
6.18196e-007	-0.0024375
6.18696e-007	-0.0018125
6.19196e-007	-0.0018125
6.19696e-007	-0.0018125
6.20196e-007	-0.002125
6.20696e-007	-0.002125
6.21196e-007	-0.0018125
6.21696e-007	-0.002125
6.22196e-007	-0.002125
6.22696e-007	-0.002125
6.23196e-007	-0.002125
6.23696e-007	-0.0024375
6.24196e-007	-0.0024375
6.24696e-007	-0.0024375
6.25196e-007	-0.0018125
6.25696e-007	-0.0018125
6.26196e-007	-0.0018125
6.26696e-007	-0.002125
6.27196e-007	-0.002125
6.27696e-007	-0.002125
6.28196e-007	-0.002125
6.28696e-007	-0.0015
6.29196e-007	-0.0018125
6.29696e-007	-0.0018125
6.30196e-007	-0.0024375
6.30696e-007	-0.0015
6.31196e-007	-0.0011875
6.31696e-007	-0.0018125
6.32196e-007	-0.002125
6.32696e-007	-0.0018125
6.33196e-007	-0.002125
6.33696e-007	-0.002125
6.34196e-007	-0.0024375
6.34696e-007	-0.0018125
6.35196e-007	-0.0024375
6.35696e-007	-0.0024375
6.36196e-007	-0.002125
6.36696e-007	-0.0015
6.37196e-007	-0.0015
6.37696e-007	-0.002125
6.38196e-007	-0.0024375
6.38696e-007	-0.0018125
6.39196e-007	-0.0015
6.39696e-007	-0.0015
6.40196e-007	-0.0018125
6.40696e-007	-0.0005625
6.41196e-007	-0.0011875
6.41696e-007	-0.002125
6.42196e-007	-0.002125
6.42696e-007	-0.0018125
6.43196e-007	-0.0018125
6.43696e-007	-0.002125
6.44196e-007	-0.0024375
6.44696e-007	-0.0024375
6.45196e-007	-0.00275
6.45696e-007	-0.00275
6.46196e-007	-0.0024375
6.46696e-007	-0.0030625
6.47196e-007	-0.0024375
6.47696e-007	-0.002125
6.48196e-007	-0.0015
6.48696e-007	-0.0018125
6.49196e-007	-0.0018125
6.49696e-007	-0.0011875
6.50196e-007	-0.0011875
6.50696e-007	-0.0011875
6.51196e-007	-0.0015
6.51696e-007	-0.0011875
6.52196e-007	-0.0005625
6.52696e-007	-0.0018125
6.53196e-007	-0.002125
6.53696e-007	-0.0018125
6.54196e-007	-0.0024375
6.54696e-007	-0.002125
6.55196e-007	-0.003375
6.55696e-007	-0.0030625
6.56196e-007	-0.003375
6.56696e-007	-0.003375
6.57196e-007	-0.0030625
6.57696e-007	-0.0024375
6.58196e-007	-0.002125
6.58696e-007	-0.0015
6.59196e-007	-0.002125
6.59696e-007	-0.0005625
6.60196e-007	-0.0011875
6.60696e-007	-0.0005625
6.61196e-007	-0.000875
6.61696e-007	-0.0005625
6.62196e-007	-0.0005625
6.62696e-007	-0.002125
6.63196e-007	-0.0018125
6.63696e-007	-0.0018125
6.64196e-007	-0.00275
6.64696e-007	-0.0030625
6.65196e-007	-0.0030625
6.65696e-007	-0.0030625
6.66196e-007	-0.003375
6.66696e-007	-0.0036875
6.67196e-007	-0.00275
6.67696e-007	-0.003375
6.68196e-007	-0.00275
6.68696e-007	-0.002125
6.69196e-007	-0.0015
6.69696e-007	-0.0011875
6.70196e-007	-0.0011875
6.70696e-007	-0.00025
6.71196e-007	-0.00025
6.71696e-007	-0.00025
6.72196e-007	-0.0005625
6.72696e-007	-0.0018125
6.73196e-007	-0.0018125
6.73696e-007	-0.002125
6.74196e-007	-0.002125
6.74696e-007	-0.002125
6.75196e-007	-0.003375
6.75696e-007	-0.0030625
6.76196e-007	-0.003375
6.76696e-007	-0.003375
6.77196e-007	-0.0030625
6.77696e-007	-0.0030625
6.78196e-007	-0.002125
6.78696e-007	-0.0018125
6.79196e-007	-0.002125
6.79696e-007	-0.000875
6.80196e-007	-0.0015
6.80696e-007	-0.000875
6.81196e-007	-0.000875
6.81696e-007	-0.000875
6.82196e-007	-0.0011875
6.82696e-007	-0.0018125
6.83196e-007	-0.0015
6.83696e-007	-0.0018125
6.84196e-007	-0.002125
6.84696e-007	-0.0024375
6.85196e-007	-0.003375
6.85696e-007	-0.0030625
6.86196e-007	-0.0024375
6.86696e-007	-0.0024375
6.87196e-007	-0.0024375
6.87696e-007	-0.0030625
6.88196e-007	-0.002125
6.88696e-007	-0.0011875
6.89196e-007	-0.0015
6.89696e-007	-0.0018125
6.90196e-007	-0.0011875
6.90696e-007	-0.0005625
6.91196e-007	-0.000875
6.91696e-007	-0.000875
6.92196e-007	-0.0011875
6.92696e-007	-0.002125
6.93196e-007	-0.0018125
6.93696e-007	-0.0018125
6.94196e-007	-0.002125
6.94696e-007	-0.0024375
6.95196e-007	-0.003375
6.95696e-007	-0.0024375
6.96196e-007	-0.00275
6.96696e-007	-0.0024375
6.97196e-007	-0.0024375
6.97696e-007	-0.0024375
6.98196e-007	-0.0018125
6.98696e-007	-0.0015
6.99196e-007	-0.0015
6.99696e-007	-0.000875
7.00196e-007	-0.002125
7.00696e-007	-0.0018125
7.01196e-007	-0.0015
7.01696e-007	-0.0015
7.02196e-007	-0.002125
7.02696e-007	-0.0024375
7.03196e-007	-0.0024375
7.03696e-007	-0.0024375
7.04196e-007	-0.003375
7.04696e-007	-0.0030625
7.05196e-007	-0.0024375
7.05696e-007	-0.0024375
7.06196e-007	-0.0024375
7.06696e-007	-0.0011875
7.07196e-007	-0.0015
7.07696e-007	-0.0018125
7.08196e-007	-0.0015
7.08696e-007	-0.0011875
7.09196e-007	-0.0011875
7.09696e-007	-0.000875
7.10196e-007	-0.000875
7.10696e-007	-0.0015
7.11196e-007	-0.002125
7.11696e-007	-0.0018125
7.12196e-007	-0.0018125
7.12696e-007	-0.00275
7.13196e-007	-0.00275
7.13696e-007	-0.0030625
7.14196e-007	-0.0036875
7.14696e-007	-0.0036875
7.15196e-007	-0.0030625
7.15696e-007	-0.0024375
7.16196e-007	-0.002125
7.16696e-007	-0.0018125
7.17196e-007	-0.0011875
7.17696e-007	-0.0005625
7.18196e-007	-0.0005625
7.18696e-007	6.25e-005
7.19196e-007	-0.0011875
7.19696e-007	-0.0011875
7.20196e-007	-0.0018125
7.20696e-007	-0.0018125
7.21196e-007	-0.0018125
7.21696e-007	-0.0024375
7.22196e-007	-0.00275
7.22696e-007	-0.0024375
7.23196e-007	-0.003375
7.23696e-007	-0.004
7.24196e-007	-0.0043125
7.24696e-007	-0.003375
7.25196e-007	-0.0030625
7.25696e-007	-0.0024375
7.26196e-007	-0.0018125
7.26696e-007	-0.0018125
7.27196e-007	-0.000875
7.27696e-007	-0.00025
7.28196e-007	-0.0005625
7.28696e-007	-0.00025
7.29196e-007	0.000375
7.29696e-007	6.25e-005
7.30196e-007	-0.0005625
7.30696e-007	-0.000875
7.31196e-007	-0.000875
7.31696e-007	-0.002125
7.32196e-007	-0.002125
7.32696e-007	-0.0030625
7.33196e-007	-0.003375
7.33696e-007	-0.0036875
7.34196e-007	-0.0036875
7.34696e-007	-0.0036875
7.35196e-007	-0.0036875
7.35696e-007	-0.0030625
7.36196e-007	-0.002125
7.36696e-007	-0.0011875
7.37196e-007	-0.0011875
7.37696e-007	-0.0005625
7.38196e-007	-0.00025
7.38696e-007	0.000375
7.39196e-007	0.000375
7.39696e-007	6.25e-005
7.40196e-007	-0.0005625
7.40696e-007	-0.0005625
7.41196e-007	-0.0015
7.41696e-007	-0.0024375
7.42196e-007	-0.0024375
7.42696e-007	-0.003375
7.43196e-007	-0.004
7.43696e-007	-0.0036875
7.44196e-007	-0.0036875
7.44696e-007	-0.003375
7.45196e-007	-0.003375
7.45696e-007	-0.0030625
7.46196e-007	-0.00275
7.46696e-007	-0.0018125
7.47196e-007	-0.0011875
7.47696e-007	-0.000875
7.48196e-007	-0.000875
7.48696e-007	-0.0005625
7.49196e-007	6.25e-005
7.49696e-007	6.25e-005
7.50196e-007	6.25e-005
7.50696e-007	-0.0005625
7.51196e-007	-0.0015
7.51696e-007	-0.0018125
7.52196e-007	-0.002125
7.52696e-007	-0.00275
7.53196e-007	-0.00275
7.53696e-007	-0.0030625
7.54196e-007	-0.0024375
7.54696e-007	-0.003375
7.55196e-007	-0.003375
7.55696e-007	-0.0030625
7.56196e-007	-0.00275
7.56696e-007	-0.0024375
7.57196e-007	-0.0015
7.57696e-007	-0.0011875
7.58196e-007	-0.0005625
7.58696e-007	-0.00025
7.59196e-007	-0.0005625
7.59696e-007	-0.000875
7.60196e-007	-0.00025
7.60696e-007	-0.00025
7.61196e-007	-0.0015
7.61696e-007	-0.000875
7.62196e-007	-0.0015
7.62696e-007	-0.0018125
7.63196e-007	-0.002125
7.63696e-007	-0.002125
7.64196e-007	-0.0024375
7.64696e-007	-0.003375
7.65196e-007	-0.00275
7.65696e-007	-0.002125
7.66196e-007	-0.00275
7.66696e-007	-0.002125
7.67196e-007	-0.002125
7.67696e-007	-0.0011875
7.68196e-007	-0.000875
7.68696e-007	-0.0005625
7.69196e-007	-0.0005625
7.69696e-007	-0.0018125
7.70196e-007	-0.0005625
7.70696e-007	-0.0005625
7.71196e-007	-0.0011875
7.71696e-007	-0.0011875
7.72196e-007	-0.0011875
7.72696e-007	-0.0018125
7.73196e-007	-0.002125
7.73696e-007	-0.00275
7.74196e-007	-0.0018125
7.74696e-007	-0.002125
7.75196e-007	-0.00275
7.75696e-007	-0.0018125
7.76196e-007	-0.0015
7.76696e-007	-0.0018125
7.77196e-007	-0.0024375
7.77696e-007	-0.0015
7.78196e-007	-0.0011875
7.78696e-007	-0.0018125
7.79196e-007	-0.0011875
7.79696e-007	-0.000875
7.80196e-007	-0.0011875
7.80696e-007	-0.0011875
7.81196e-007	-0.000875
7.81696e-007	-0.0011875
7.82196e-007	-0.002125
7.82696e-007	-0.0015
7.83196e-007	-0.002125
7.83696e-007	-0.0011875
7.84196e-007	-0.0018125
7.84696e-007	-0.0018125
7.85196e-007	-0.0018125
7.85696e-007	-0.0011875
7.86196e-007	-0.0011875
7.86696e-007	-0.0015
7.87196e-007	-0.0015
7.87696e-007	-0.000875
7.88196e-007	-0.0015
7.88696e-007	-0.0015
7.89196e-007	-0.0011875
7.89696e-007	-0.0018125
7.90196e-007	-0.0018125
7.90696e-007	-0.0015
7.91196e-007	-0.0011875
7.91696e-007	-0.002125
7.92196e-007	-0.0024375
7.92696e-007	-0.002125
7.93196e-007	-0.0018125
7.93696e-007	-0.0018125
7.94196e-007	-0.0015
7.94696e-007	-0.0015
7.95196e-007	-0.000875
7.95696e-007	-0.0011875
7.96196e-007	-0.000875
7.96696e-007	-0.000875
7.97196e-007	-0.0005625
7.97696e-007	-0.0011875
7.98196e-007	-0.002125
7.98696e-007	-0.002125
7.99196e-007	-0.0015
7.99696e-007	-0.0018125
8.00196e-007	-0.002125
8.00696e-007	-0.0018125
8.01196e-007	-0.0018125
8.01696e-007	-0.0018125
8.02196e-007	-0.0011875
8.02696e-007	-0.0018125
8.03196e-007	-0.0030625
8.03696e-007	-0.002125
8.04196e-007	-0.0015
8.04696e-007	-0.000875
8.05196e-007	-0.000875
8.05696e-007	-0.0011875
8.06196e-007	-0.0011875
8.06696e-007	-0.000875
8.07196e-007	-0.000875
8.07696e-007	-0.0005625
8.08196e-007	-0.000875
8.08696e-007	-0.0011875
8.09196e-007	-0.0018125
8.09696e-007	-0.0015
8.10196e-007	-0.0018125
8.10696e-007	-0.0011875
8.11196e-007	-0.002125
8.11696e-007	-0.00275
8.12196e-007	-0.0018125
8.12696e-007	-0.0018125
8.13196e-007	-0.0024375
8.13696e-007	-0.002125
8.14196e-007	-0.0015
8.14696e-007	-0.0018125
8.15196e-007	-0.0011875
8.15696e-007	-0.0005625
8.16196e-007	6.25e-005
8.16696e-007	-0.0011875
8.17196e-007	0.000375
8.17696e-007	-0.0005625
8.18196e-007	-0.0011875
8.18696e-007	-0.0011875
8.19196e-007	-0.0011875
8.19696e-007	-0.0011875
8.20196e-007	-0.0018125
8.20696e-007	-0.002125
8.21196e-007	-0.002125
8.21696e-007	-0.002125
8.22196e-007	-0.0015
8.22696e-007	-0.0024375
8.23196e-007	-0.002125
8.23696e-007	-0.000875
8.24196e-007	-0.0011875
8.24696e-007	-0.000875
8.25196e-007	-0.0018125
8.25696e-007	-0.000875
8.26196e-007	-0.0005625
8.26696e-007	-0.0011875
8.27196e-007	-0.000875
8.27696e-007	-0.0005625
8.28196e-007	-0.0005625
8.28696e-007	-0.0005625
8.29196e-007	-0.000875
8.29696e-007	-0.0011875
8.30196e-007	-0.002125
8.30696e-007	-0.0018125
8.31196e-007	-0.0018125
8.31696e-007	-0.0018125
8.32196e-007	-0.0011875
8.32696e-007	-0.0018125
8.33196e-007	-0.002125
8.33696e-007	-0.0015
8.34196e-007	-0.0015
8.34696e-007	-0.0005625
8.35196e-007	-0.000875
8.35696e-007	-0.000875
8.36196e-007	-0.000875
8.36696e-007	-0.0011875
8.37196e-007	-0.0011875
8.37696e-007	-0.0015
8.38196e-007	-0.000875
8.38696e-007	-0.0011875
8.39196e-007	-0.0011875
8.39696e-007	-0.000875
8.40196e-007	-0.0018125
8.40696e-007	-0.002125
8.41196e-007	-0.0015
8.41696e-007	-0.0011875
8.42196e-007	-0.0018125
8.42696e-007	-0.0015
8.43196e-007	-0.000875
8.43696e-007	-0.0018125
8.44196e-007	-0.0018125
8.44696e-007	-0.000875
8.45196e-007	-0.0015
8.45696e-007	-0.0015
8.46196e-007	-0.0015
8.46696e-007	-0.0011875
8.47196e-007	-0.000875
8.47696e-007	-0.000875
8.48196e-007	-0.000875
8.48696e-007	-0.000875
8.49196e-007	-0.0015
8.49696e-007	-0.002125
8.50196e-007	-0.0024375
8.50696e-007	-0.000875
8.51196e-007	-0.000875
8.51696e-007	-0.0011875
8.52196e-007	-0.0015
8.52696e-007	-0.0011875
8.53196e-007	-0.000875
8.53696e-007	-0.000875
8.54196e-007	-0.0015
8.54696e-007	-0.0015
8.55196e-007	-0.0018125
8.55696e-007	-0.0018125
8.56196e-007	-0.0015
8.56696e-007	-0.0011875
8.57196e-007	-0.0015
8.57696e-007	-0.0018125
8.58196e-007	-0.0015
8.58696e-007	-0.0015
8.59196e-007	-0.0015
8.59696e-007	-0.0015
8.60196e-007	-0.002125
8.60696e-007	-0.0011875
8.61196e-007	-0.0011875
8.61696e-007	-0.0011875
8.62196e-007	-0.000875
8.62696e-007	-0.000875
8.63196e-007	-0.0005625
8.63696e-007	-0.000875
8.64196e-007	-0.0011875
8.64696e-007	-0.000875
8.65196e-007	-0.000875
8.65696e-007	-0.000875
8.66196e-007	-0.0005625
8.66696e-007	-0.0015
8.67196e-007	-0.0018125
8.67696e-007	-0.0015
8.68196e-007	-0.0018125
8.68696e-007	-0.0018125
8.69196e-007	-0.002125
8.69696e-007	-0.0018125
8.70196e-007	-0.002125
8.70696e-007	-0.0015
8.71196e-007	-0.0015
8.71696e-007	-0.000875
8.72196e-007	-0.0005625
8.72696e-007	-0.000875
8.73196e-007	-0.0015
8.73696e-007	-0.000875
8.74196e-007	-0.000875
8.74696e-007	-0.0005625
8.75196e-007	-0.000875
8.75696e-007	-0.0005625
8.76196e-007	-0.000875
8.76696e-007	-0.0018125
8.77196e-007	-0.0018125
8.77696e-007	-0.0018125
8.78196e-007	-0.0018125
8.78696e-007	-0.0015
8.79196e-007	-0.0018125
8.79696e-007	-0.0015
8.80196e-007	-0.002125
8.80696e-007	-0.0011875
8.81196e-007	-0.0005625
8.81696e-007	-0.0015
8.82196e-007	-0.0011875
8.82696e-007	-0.0005625
8.83196e-007	-0.0005625
8.83696e-007	6.25e-005
8.84196e-007	-0.00025
8.84696e-007	-0.0005625
8.85196e-007	-0.0011875
8.85696e-007	-0.0015
8.86196e-007	-0.000875
8.86696e-007	-0.00025
8.87196e-007	-0.000875
8.87696e-007	-0.002125
8.88196e-007	-0.002125
8.88696e-007	-0.0018125
8.89196e-007	-0.002125
8.89696e-007	-0.0011875
8.90196e-007	-0.002125
8.90696e-007	-0.000875
8.91196e-007	-0.000875
8.91696e-007	-0.0011875
8.92196e-007	-0.0011875
8.92696e-007	-0.000875
8.93196e-007	-0.0005625
8.93696e-007	-0.0005625
8.94196e-007	-0.0005625
8.94696e-007	6.25e-005
8.95196e-007	-0.0011875
8.95696e-007	-0.0005625
8.96196e-007	-0.0005625
8.96696e-007	-0.0015
8.97196e-007	-0.0011875
8.97696e-007	-0.0011875
8.98196e-007	-0.0018125
8.98696e-007	-0.0018125
8.99196e-007	-0.002125
8.99696e-007	-0.0011875
9.00196e-007	-0.0015
9.00696e-007	-0.000875
9.01196e-007	-0.0015
9.01696e-007	-0.0015
9.02196e-007	-0.000875
9.02696e-007	-0.0015
9.03196e-007	-0.000875
9.03696e-007	-0.00025
9.04196e-007	-0.0011875
9.04696e-007	-0.0011875
9.05196e-007	-0.0011875
9.05696e-007	-0.0005625
9.06196e-007	-0.0005625
9.06696e-007	-0.0011875
9.07196e-007	-0.0005625
9.07696e-007	-0.0015
9.08196e-007	-0.0015
9.08696e-007	-0.0011875
9.09196e-007	-0.0015
9.09696e-007	-0.0011875
9.10196e-007	-0.0018125
9.10696e-007	-0.0018125
9.11196e-007	-0.002125
9.11696e-007	-0.0011875
9.12196e-007	-0.0005625
9.12696e-007	-0.000875
9.13196e-007	-0.000875
9.13696e-007	-0.0005625
9.14196e-007	-0.0011875
9.14696e-007	-0.00025
9.15196e-007	-0.00025
9.15696e-007	-0.000875
9.16196e-007	-0.0011875
9.16696e-007	-0.0011875
9.17196e-007	-0.000875
9.17696e-007	-0.0015
9.18196e-007	-0.0011875
9.18696e-007	-0.000875
9.19196e-007	-0.0018125
9.19696e-007	-0.0011875
9.20196e-007	-0.0018125
9.20696e-007	-0.0011875
9.21196e-007	-0.000875
9.21696e-007	-0.0015
9.22196e-007	-0.000875
9.22696e-007	-0.000875
9.23196e-007	-0.000875
9.23696e-007	-0.0005625
9.24196e-007	-0.0005625
9.24696e-007	-0.0005625
9.25196e-007	-0.0005625
9.25696e-007	-0.0005625
9.26196e-007	-0.000875
9.26696e-007	-0.0011875
9.27196e-007	-0.000875
9.27696e-007	-0.000875
9.28196e-007	-0.0011875
9.28696e-007	-0.000875
9.29196e-007	-0.0015
9.29696e-007	-0.0018125
9.30196e-007	-0.0018125
9.30696e-007	-0.0018125
9.31196e-007	-0.0011875
9.31696e-007	-0.0018125
9.32196e-007	-0.0011875
9.32696e-007	-0.000875
9.33196e-007	-0.0005625
9.33696e-007	-0.0005625
9.34196e-007	-0.0011875
9.34696e-007	-0.0005625
9.35196e-007	-0.0005625
9.35696e-007	-0.0005625
9.36196e-007	-0.0005625
9.36696e-007	-0.0011875
9.37196e-007	-0.0011875
9.37696e-007	-0.000875
9.38196e-007	-0.000875
9.38696e-007	-0.0018125
9.39196e-007	-0.002125
9.39696e-007	-0.0011875
9.40196e-007	-0.0015
9.40696e-007	-0.0018125
9.41196e-007	-0.0018125
9.41696e-007	-0.000875
9.42196e-007	-0.000875
9.42696e-007	-0.0011875
9.43196e-007	-0.00025
9.43696e-007	6.25e-005
9.44196e-007	-0.000875
9.44696e-007	-0.0005625
9.45196e-007	-0.0005625
9.45696e-007	-0.000875
9.46196e-007	-0.0005625
9.46696e-007	-0.000875
9.47196e-007	-0.000875
9.47696e-007	-0.000875
9.48196e-007	-0.0015
9.48696e-007	-0.0011875
9.49196e-007	-0.0018125
9.49696e-007	-0.0011875
9.50196e-007	-0.0011875
9.50696e-007	-0.0018125
9.51196e-007	-0.0011875
9.51696e-007	-0.0015
9.52196e-007	-0.0011875
9.52696e-007	-0.0011875
9.53196e-007	-0.0005625
9.53696e-007	6.25e-005
9.54196e-007	-0.0005625
9.54696e-007	-0.0005625
9.55196e-007	-0.0005625
9.55696e-007	6.25e-005
9.56196e-007	0.000375
9.56696e-007	-0.000875
9.57196e-007	-0.0011875
9.57696e-007	-0.000875
9.58196e-007	-0.000875
9.58696e-007	-0.000875
9.59196e-007	-0.0015
9.59696e-007	-0.0015
9.60196e-007	-0.0015
9.60696e-007	-0.0018125
9.61196e-007	-0.002125
9.61696e-007	-0.0018125
9.62196e-007	-0.0011875
9.62696e-007	-0.0018125
9.63196e-007	-0.0011875
9.63696e-007	-0.0005625
9.64196e-007	-0.0005625
9.64696e-007	6.25e-005
9.65196e-007	6.25e-005
9.65696e-007	-0.000875
9.66196e-007	-0.0011875
9.66696e-007	-0.0005625
9.67196e-007	-0.0005625
9.67696e-007	-0.0011875
9.68196e-007	-0.000875
9.68696e-007	-0.0005625
9.69196e-007	-0.0011875
9.69696e-007	-0.0011875
9.70196e-007	-0.0018125
9.70696e-007	-0.0011875
9.71196e-007	-0.0015
9.71696e-007	-0.0011875
9.72196e-007	-0.000875
9.72696e-007	-0.0011875
9.73196e-007	-0.0011875
9.73696e-007	-0.000875
9.74196e-007	-0.000875
9.74696e-007	-0.00025
9.75196e-007	-0.000875
9.75696e-007	-0.0005625
9.76196e-007	-0.000875
9.76696e-007	-0.0005625
9.77196e-007	-0.00025
9.77696e-007	-0.000875
9.78196e-007	-0.0011875
9.78696e-007	-0.0018125
9.79196e-007	-0.0005625
9.79696e-007	6.25e-005
9.80196e-007	-0.0018125
9.80696e-007	-0.002125
9.81196e-007	-0.000875
9.81696e-007	-0.000875
9.82196e-007	-0.0005625
9.82696e-007	-0.000875
9.83196e-007	-0.0018125
9.83696e-007	-0.0018125
9.84196e-007	-0.000875
9.84696e-007	-0.0005625
9.85196e-007	-0.000875
9.85696e-007	-0.000875
9.86196e-007	-0.000875
9.86696e-007	-0.0018125
9.87196e-007	-0.0011875
9.87696e-007	-0.0005625
9.88196e-007	-0.000875
9.88696e-007	-0.0011875
9.89196e-007	-0.0011875
9.89696e-007	-0.0005625
9.90196e-007	-0.0005625
9.90696e-007	-0.0005625
9.91196e-007	-0.0005625
9.91696e-007	-0.0011875
9.92196e-007	-0.0011875
9.92696e-007	-0.000875
9.93196e-007	-0.00025
9.93696e-007	-0.000875
9.94196e-007	-0.0011875
9.94696e-007	-0.0011875
9.95196e-007	-0.0011875
9.95696e-007	-0.000875
9.96196e-007	-0.0011875
9.96696e-007	-0.0011875
9.97196e-007	-0.0015
9.97696e-007	-0.0011875
9.98196e-007	-0.000875
9.98696e-007	-0.000875
9.99196e-007	-0.000875
9.99696e-007	-0.00025
1.000196e-006	6.25e-005
1.000696e-006	-0.0005625
1.001196e-006	-0.0005625
1.001696e-006	-0.00025
1.002196e-006	-0.0005625
1.002696e-006	-0.000875
1.003196e-006	-0.0005625
1.003696e-006	6.25e-005
1.004196e-006	-0.0005625
1.004696e-006	-0.0015
1.005196e-006	-0.0024375
1.005696e-006	-0.0011875
1.006196e-006	-0.0011875
1.006696e-006	-0.0018125
1.007196e-006	-0.0024375
1.007696e-006	-0.002125
1.008196e-006	-0.002125
1.008696e-006	-0.000875
1.009196e-006	-0.000875
1.009696e-006	-0.0005625
1.010196e-006	6.25e-005
1.010696e-006	-0.0005625
1.011196e-006	6.25e-005
1.011696e-006	0.001
1.012196e-006	6.25e-005
1.012696e-006	-0.0005625
1.013196e-006	-0.0005625
1.013696e-006	-0.00025
1.014196e-006	-0.00025
1.014696e-006	-0.0015
1.015196e-006	-0.0018125
1.015696e-006	-0.0011875
1.016196e-006	-0.0015
1.016696e-006	-0.0018125
1.017196e-006	-0.0018125
1.017696e-006	-0.0011875
1.018196e-006	-0.0011875
1.018696e-006	-0.000875
1.019196e-006	-0.0011875
1.019696e-006	-0.0005625
1.020196e-006	-0.0005625
1.020696e-006	-0.0005625
1.021196e-006	-0.0005625
1.021696e-006	6.25e-005
1.022196e-006	0.000375
1.022696e-006	6.25e-005
1.023196e-006	-0.00025
1.023696e-006	0.000375
1.024196e-006	-0.0005625
1.024696e-006	-0.0011875
1.025196e-006	-0.0011875
1.025696e-006	-0.000875
1.026196e-006	-0.0011875
1.026696e-006	-0.0011875
1.027196e-006	-0.0018125
1.027696e-006	-0.0018125
1.028196e-006	-0.0015
1.028696e-006	-0.0015
1.029196e-006	-0.0015
1.029696e-006	-0.0011875
1.030196e-006	-0.000875
1.030696e-006	-0.0005625
1.031196e-006	6.25e-005
1.031696e-006	6.25e-005
1.032196e-006	-0.00025
1.032696e-006	-0.0005625
1.033196e-006	-0.0005625
1.033696e-006	-0.00025
1.034196e-006	0.000375
1.034696e-006	-0.00025
1.035196e-006	-0.0011875
1.035696e-006	-0.0011875
1.036196e-006	-0.0005625
1.036696e-006	-0.0015
1.037196e-006	-0.0018125
1.037696e-006	-0.0015
1.038196e-006	-0.0011875
1.038696e-006	-0.0011875
1.039196e-006	-0.0015
1.039696e-006	-0.0015
1.040196e-006	-0.0011875
1.040696e-006	-0.000875
1.041196e-006	-0.0005625
1.041696e-006	-0.00025
1.042196e-006	-0.00025
1.042696e-006	-0.00025
1.043196e-006	-0.000875
1.043696e-006	6.25e-005
1.044196e-006	-0.0005625
1.044696e-006	-0.00025
1.045196e-006	-0.00025
1.045696e-006	6.25e-005
1.046196e-006	6.25e-005
1.046696e-006	-0.000875
1.047196e-006	-0.0018125
1.047696e-006	-0.000875
1.048196e-006	-0.0005625
1.048696e-006	-0.0005625
1.049196e-006	-0.0011875
1.049696e-006	-0.0018125
1.050196e-006	-0.0015
1.050696e-006	-0.0011875
1.051196e-006	-0.0011875
1.051696e-006	-0.0011875
1.052196e-006	-0.0011875
1.052696e-006	-0.000875
1.053196e-006	-0.0005625
1.053696e-006	-0.00025
1.054196e-006	-0.0005625
1.054696e-006	-0.00025
1.055196e-006	6.25e-005
1.055696e-006	-0.000875
1.056196e-006	-0.000875
1.056696e-006	-0.00025
1.057196e-006	0.000375
1.057696e-006	-0.00025
1.058196e-006	-0.00025
1.058696e-006	-0.0005625
1.059196e-006	-0.000875
1.059696e-006	-0.000875
1.060196e-006	-0.000875
1.060696e-006	-0.0018125
1.061196e-006	-0.0015
1.061696e-006	-0.0018125
1.062196e-006	-0.0018125
1.062696e-006	-0.0011875
1.063196e-006	-0.0011875
1.063696e-006	-0.0015
1.064196e-006	-0.0015
1.064696e-006	-0.0005625
1.065196e-006	-0.00025
1.065696e-006	-0.0005625
1.066196e-006	-0.0005625
1.066696e-006	6.25e-005
1.067196e-006	0.000375
1.067696e-006	6.25e-005
1.068196e-006	-0.00025
1.068696e-006	-0.00025
1.069196e-006	-0.0005625
1.069696e-006	-0.000875
1.070196e-006	-0.0011875
1.070696e-006	-0.0011875
1.071196e-006	-0.0018125
1.071696e-006	-0.0015
1.072196e-006	-0.0011875
1.072696e-006	-0.000875
1.073196e-006	-0.0015
1.073696e-006	-0.0018125
1.074196e-006	-0.0015
1.074696e-006	-0.000875
1.075196e-006	-0.0005625
1.075696e-006	-0.00025
1.076196e-006	6.25e-005
1.076696e-006	-0.0005625
1.077196e-006	-0.000875
1.077696e-006	-0.00025
1.078196e-006	6.25e-005
1.078696e-006	6.25e-005
1.079196e-006	6.25e-005
1.079696e-006	-0.0011875
1.080196e-006	-0.000875
1.080696e-006	-0.0005625
1.081196e-006	-0.000875
1.081696e-006	-0.0018125
1.082196e-006	-0.002125
1.082696e-006	-0.0015
1.083196e-006	-0.002125
1.083696e-006	-0.0018125
1.084196e-006	-0.0018125
1.084696e-006	-0.0011875
1.085196e-006	-0.0011875
1.085696e-006	-0.000875
1.086196e-006	-0.00025
1.086696e-006	-0.00025
1.087196e-006	6.25e-005
1.087696e-006	0.000375
1.088196e-006	-0.00025
1.088696e-006	-0.0005625
1.089196e-006	-0.000875
1.089696e-006	-0.00025
1.090196e-006	-0.000875
1.090696e-006	-0.000875
1.091196e-006	-0.000875
1.091696e-006	-0.0011875
1.092196e-006	-0.0015
1.092696e-006	-0.0005625
1.093196e-006	-0.0015
1.093696e-006	-0.002125
1.094196e-006	-0.0015
1.094696e-006	-0.0005625
1.095196e-006	-0.000875
1.095696e-006	6.25e-005
1.096196e-006	0.000375
1.096696e-006	-0.00025
1.097196e-006	-0.000875
1.097696e-006	-0.0005625
1.098196e-006	6.25e-005
1.098696e-006	0.000375
1.099196e-006	-0.00025
1.099696e-006	-0.000875
1.100196e-006	-0.000875
1.100696e-006	-0.000875
1.101196e-006	-0.000875
1.101696e-006	-0.000875
1.102196e-006	-0.00025
1.102696e-006	-0.0005625
1.103196e-006	-0.000875
1.103696e-006	-0.000875
1.104196e-006	-0.0005625
1.104696e-006	-0.000875
1.105196e-006	-0.0005625
1.105696e-006	-0.0005625
1.106196e-006	-0.00025
1.106696e-006	-0.0005625
1.107196e-006	-0.0005625
1.107696e-006	-0.0005625
1.108196e-006	-0.0011875
1.108696e-006	-0.0005625
1.109196e-006	-0.00025
1.109696e-006	-0.0005625
1.110196e-006	-0.0015
1.110696e-006	-0.0011875
1.111196e-006	-0.0011875
1.111696e-006	-0.000875
1.112196e-006	-0.0005625
1.112696e-006	-0.00025
1.113196e-006	-0.00025
1.113696e-006	-0.00025
1.114196e-006	-0.0005625
1.114696e-006	-0.00025
1.115196e-006	0.000375
1.115696e-006	-0.00025
1.116196e-006	-0.0005625
1.116696e-006	-0.0005625
1.117196e-006	-0.000875
1.117696e-006	-0.0011875
1.118196e-006	-0.0005625
1.118696e-006	6.25e-005
1.119196e-006	-0.0015
1.119696e-006	-0.0018125
1.120196e-006	-0.0011875
1.120696e-006	-0.0011875
1.121196e-006	-0.000875
1.121696e-006	-0.000875
1.122196e-006	-0.00025
1.122696e-006	-0.00025
1.123196e-006	0.000375
1.123696e-006	0.000375
1.124196e-006	-0.0005625
1.124696e-006	0.000375
1.125196e-006	0.000375
1.125696e-006	6.25e-005
1.126196e-006	6.25e-005
1.126696e-006	-0.0005625
1.127196e-006	-0.0005625
1.127696e-006	6.25e-005
1.128196e-006	-0.000875
1.128696e-006	-0.0018125
1.129196e-006	-0.0018125
1.129696e-006	-0.0005625
1.130196e-006	-0.000875
1.130696e-006	-0.0015
1.131196e-006	-0.0024375
1.131696e-006	-0.0015
1.132196e-006	-0.0005625
1.132696e-006	6.25e-005
1.133196e-006	-0.00025
1.133696e-006	6.25e-005
1.134196e-006	6.25e-005
1.134696e-006	6.25e-005
1.135196e-006	6.25e-005
1.135696e-006	6.25e-005
1.136196e-006	6.25e-005
1.136696e-006	6.25e-005
1.137196e-006	-0.00025
1.137696e-006	-0.000875
1.138196e-006	-0.000875
1.138696e-006	-0.000875
1.139196e-006	-0.0015
1.139696e-006	-0.0018125
1.140196e-006	-0.0011875
1.140696e-006	-0.0011875
1.141196e-006	-0.0015
1.141696e-006	-0.0015
1.142196e-006	-0.000875
1.142696e-006	-0.00025
1.143196e-006	-0.0005625
1.143696e-006	-0.0005625
1.144196e-006	6.25e-005
1.144696e-006	0.000375
1.145196e-006	0.000375
1.145696e-006	-0.00025
1.146196e-006	-0.000875
1.146696e-006	-0.00025
1.147196e-006	0.000375
1.147696e-006	6.25e-005
1.148196e-006	-0.0011875
1.148696e-006	-0.0018125
1.149196e-006	-0.000875
1.149696e-006	-0.000875
1.150196e-006	-0.0015
1.150696e-006	-0.0011875
1.151196e-006	-0.0015
1.151696e-006	-0.0011875
1.152196e-006	-0.0011875
1.152696e-006	-0.0005625
1.153196e-006	-0.0005625
1.153696e-006	-0.0005625
1.154196e-006	-0.00025
1.154696e-006	-0.00025
1.155196e-006	-0.0005625
1.155696e-006	-0.00025
1.156196e-006	0.000375
1.156696e-006	0.000375
1.157196e-006	-0.00025
1.157696e-006	-0.000875
1.158196e-006	-0.0005625
1.158696e-006	-0.000875
1.159196e-006	-0.0005625
1.159696e-006	-0.00025
1.160196e-006	-0.000875
1.160696e-006	-0.000875
1.161196e-006	-0.0011875
1.161696e-006	-0.000875
1.162196e-006	-0.00025
1.162696e-006	-0.000875
1.163196e-006	-0.0015
1.163696e-006	-0.0011875
1.164196e-006	-0.00025
1.164696e-006	-0.00025
1.165196e-006	-0.0005625
1.165696e-006	-0.0005625
1.166196e-006	6.25e-005
1.166696e-006	6.25e-005
1.167196e-006	6.25e-005
1.167696e-006	-0.00025
1.168196e-006	-0.0005625
1.168696e-006	-0.000875
1.169196e-006	-0.0005625
1.169696e-006	-0.0005625
1.170196e-006	-0.0005625
1.170696e-006	-0.00025
1.171196e-006	0.000375
1.171696e-006	0.000375
1.172196e-006	-0.0005625
1.172696e-006	-0.00025
1.173196e-006	-0.0005625
1.173696e-006	-0.0011875
1.174196e-006	-0.000875
1.174696e-006	-0.0005625
1.175196e-006	6.25e-005
1.175696e-006	-0.0005625
1.176196e-006	-0.0011875
1.176696e-006	-0.0011875
1.177196e-006	-0.0005625
1.177696e-006	-0.000875
1.178196e-006	-0.000875
1.178696e-006	-0.00025
1.179196e-006	-0.00025
1.179696e-006	-0.00025
1.180196e-006	6.25e-005
1.180696e-006	-0.00025
1.181196e-006	6.25e-005
1.181696e-006	0.000375
1.182196e-006	-0.00025
1.182696e-006	-0.000875
1.183196e-006	6.25e-005
1.183696e-006	6.25e-005
1.184196e-006	-0.000875
1.184696e-006	-0.0011875
1.185196e-006	-0.000875
1.185696e-006	-0.0011875
1.186196e-006	-0.0011875
1.186696e-006	-0.000875
1.187196e-006	-0.000875
1.187696e-006	-0.000875
1.188196e-006	-0.0011875
1.188696e-006	-0.0005625
1.189196e-006	-0.00025
1.189696e-006	6.25e-005
1.190196e-006	6.25e-005
1.190696e-006	0.001
1.191196e-006	6.25e-005
1.191696e-006	-0.00025
1.192196e-006	6.25e-005
1.192696e-006	0.001
1.193196e-006	0.0006875
1.193696e-006	6.25e-005
1.194196e-006	-0.00025
1.194696e-006	6.25e-005
1.195196e-006	-0.0005625
1.195696e-006	-0.000875
1.196196e-006	-0.000875
1.196696e-006	-0.0005625
1.197196e-006	-0.000875
1.197696e-006	-0.0018125
1.198196e-006	-0.000875
1.198696e-006	-0.0005625
1.199196e-006	-0.0005625
1.199696e-006	-0.0005625
1.200196e-006	6.25e-005
1.200696e-006	0.000375
1.201196e-006	0.0006875
1.201696e-006	6.25e-005
1.202196e-006	0.0006875
1.202696e-006	6.25e-005
1.203196e-006	0.000375
1.203696e-006	-0.0005625
1.204196e-006	0.000375
1.204696e-006	0.001
1.205196e-006	0.000375
1.205696e-006	-0.0005625
1.206196e-006	-0.0005625
1.206696e-006	-0.0005625
1.207196e-006	-0.000875
1.207696e-006	-0.000875
1.208196e-006	-0.0011875
1.208696e-006	-0.0011875
1.209196e-006	-0.0011875
1.209696e-006	0.000375
1.210196e-006	0.000375
1.210696e-006	-0.00025
1.211196e-006	-0.0005625
1.211696e-006	6.25e-005
1.212196e-006	6.25e-005
1.212696e-006	0.001
1.213196e-006	0.001
1.213696e-006	6.25e-005
1.214196e-006	-0.000875
1.214696e-006	6.25e-005
1.215196e-006	-0.00025
1.215696e-006	0.0006875
1.216196e-006	-0.00025
1.216696e-006	-0.000875
1.217196e-006	-0.0015
1.217696e-006	-0.0005625
1.218196e-006	-0.0005625
1.218696e-006	-0.0011875
1.219196e-006	-0.000875
1.219696e-006	-0.0005625
1.220196e-006	-0.000875
1.220696e-006	-0.00025
1.221196e-006	6.25e-005
1.221696e-006	6.25e-005
1.222196e-006	0.000375
1.222696e-006	6.25e-005
1.223196e-006	0.0013125
1.223696e-006	6.25e-005
1.224196e-006	6.25e-005
1.224696e-006	6.25e-005
1.225196e-006	6.25e-005
1.225696e-006	-0.0005625
1.226196e-006	-0.0005625
1.226696e-006	6.25e-005
1.227196e-006	6.25e-005
1.227696e-006	-0.0005625
1.228196e-006	-0.00025
1.228696e-006	-0.0011875
1.229196e-006	-0.000875
1.229696e-006	-0.00025
1.230196e-006	-0.000875
1.230696e-006	-0.0005625
1.231196e-006	-0.0005625
1.231696e-006	6.25e-005
1.232196e-006	6.25e-005
1.232696e-006	-0.00025
1.233196e-006	-0.00025
1.233696e-006	0.0006875
1.234196e-006	0.0006875
1.234696e-006	6.25e-005
1.235196e-006	-0.000875
1.235696e-006	-0.00025
1.236196e-006	-0.0005625
1.236696e-006	6.25e-005
1.237196e-006	-0.0005625
1.237696e-006	-0.00025
1.238196e-006	-0.0005625
1.238696e-006	-0.00025
1.239196e-006	-0.000875
1.239696e-006	-0.000875
1.240196e-006	-0.0005625
1.240696e-006	-0.00025
1.241196e-006	-0.000875
1.241696e-006	-0.00025
1.242196e-006	-0.00025
1.242696e-006	-0.000875
1.243196e-006	-0.000875
1.243696e-006	-0.0005625
1.244196e-006	-0.0005625
1.244696e-006	-0.000875
1.245196e-006	6.25e-005
1.245696e-006	0.000375
1.246196e-006	0.0006875
1.246696e-006	-0.0005625
1.247196e-006	-0.0005625
1.247696e-006	6.25e-005
1.248196e-006	-0.00025
1.248696e-006	-0.0005625
1.249196e-006	-0.000875
1.249696e-006	-0.0005625
1.250196e-006	6.25e-005
1.250696e-006	-0.000875
1.251196e-006	-0.0005625
1.251696e-006	-0.0005625
1.252196e-006	-0.0005625
1.252696e-006	-0.0005625
1.253196e-006	-0.000875
1.253696e-006	-0.0005625
1.254196e-006	-0.000875
1.254696e-006	-0.0005625
1.255196e-006	-0.0005625
1.255696e-006	-0.0011875
1.256196e-006	-0.0005625
1.256696e-006	6.25e-005
1.257196e-006	-0.0005625
1.257696e-006	6.25e-005
1.258196e-006	6.25e-005
1.258696e-006	0.0006875
1.259196e-006	6.25e-005
1.259696e-006	0.000375
1.260196e-006	0.000375
1.260696e-006	-0.00025
1.261196e-006	-0.00025
1.261696e-006	-0.0005625
1.262196e-006	-0.00025
1.262696e-006	-0.00025
1.263196e-006	-0.0011875
1.263696e-006	-0.000875
1.264196e-006	-0.0011875
1.264696e-006	-0.0005625
1.265196e-006	6.25e-005
1.265696e-006	-0.0005625
1.266196e-006	-0.000875
1.266696e-006	-0.0015
1.267196e-006	-0.00025
1.267696e-006	0.000375
1.268196e-006	-0.0005625
1.268696e-006	-0.0005625
1.269196e-006	-0.00025
1.269696e-006	-0.0005625
1.270196e-006	6.25e-005
1.270696e-006	-0.0005625
1.271196e-006	-0.00025
1.271696e-006	-0.0005625
1.272196e-006	-0.0005625
1.272696e-006	-0.0005625
1.273196e-006	-0.000875
1.273696e-006	-0.000875
1.274196e-006	-0.0011875
1.274696e-006	-0.000875
1.275196e-006	-0.0005625
1.275696e-006	-0.000875
1.276196e-006	-0.0011875
1.276696e-006	-0.0005625
1.277196e-006	-0.0005625
1.277696e-006	-0.000875
1.278196e-006	-0.0011875
1.278696e-006	-0.00025
1.279196e-006	-0.0005625
1.279696e-006	-0.00025
1.280196e-006	6.25e-005
1.280696e-006	0.0006875
1.281196e-006	0.000375
1.281696e-006	-0.00025
1.282196e-006	6.25e-005
1.282696e-006	0.000375
1.283196e-006	-0.00025
1.283696e-006	6.25e-005
1.284196e-006	-0.0005625
1.284696e-006	-0.0005625
1.285196e-006	-0.00025
1.285696e-006	-0.0011875
1.286196e-006	-0.0005625
1.286696e-006	-0.0005625
1.287196e-006	-0.000875
1.287696e-006	-0.0005625
1.288196e-006	-0.0005625
1.288696e-006	-0.0005625
1.289196e-006	-0.0005625
1.289696e-006	-0.00025
1.290196e-006	6.25e-005
1.290696e-006	-0.0005625
1.291196e-006	6.25e-005
1.291696e-006	-0.00025
1.292196e-006	6.25e-005
1.292696e-006	6.25e-005
1.293196e-006	0.000375
1.293696e-006	0.0006875
1.294196e-006	6.25e-005
1.294696e-006	-0.00025
1.295196e-006	6.25e-005
1.295696e-006	6.25e-005
1.296196e-006	-0.00025
1.296696e-006	-0.0005625
1.297196e-006	-0.0005625
1.297696e-006	6.25e-005
1.298196e-006	-0.0005625
1.298696e-006	-0.0011875
1.299196e-006	-0.0015
1.299696e-006	-0.0005625
1.300196e-006	6.25e-005
1.300696e-006	-0.0005625
1.301196e-006	-0.00025
1.301696e-006	0.001
1.302196e-006	6.25e-005
1.302696e-006	0.0006875
1.303196e-006	0.000375
1.303696e-006	0.000375
1.304196e-006	0.000375
1.304696e-006	0.000375
1.305196e-006	0.000375
1.305696e-006	6.25e-005
1.306196e-006	6.25e-005
1.306696e-006	6.25e-005
1.307196e-006	-0.0005625
1.307696e-006	-0.000875
1.308196e-006	-0.0005625
1.308696e-006	-0.0005625
1.309196e-006	-0.0005625
1.309696e-006	-0.0005625
1.310196e-006	-0.00025
1.310696e-006	-0.0005625
1.311196e-006	-0.0005625
1.311696e-006	-0.0005625
1.312196e-006	6.25e-005
1.312696e-006	6.25e-005
1.313196e-006	6.25e-005
1.313696e-006	0.0006875
1.314196e-006	0.000375
1.314696e-006	0.000375
1.315196e-006	0.0006875
1.315696e-006	6.25e-005
1.316196e-006	6.25e-005
1.316696e-006	0.000375
1.317196e-006	6.25e-005
1.317696e-006	-0.0005625
1.318196e-006	-0.000875
1.318696e-006	6.25e-005
1.319196e-006	-0.00025
1.319696e-006	-0.000875
1.320196e-006	-0.000875
1.320696e-006	-0.0005625
1.321196e-006	-0.00025
1.321696e-006	-0.0005625
1.322196e-006	-0.0005625
1.322696e-006	6.25e-005
1.323196e-006	0.000375
1.323696e-006	0.0006875
1.324196e-006	0.000375
1.324696e-006	0.000375
1.325196e-006	0.0006875
1.325696e-006	0.0006875
1.326196e-006	0.000375
1.326696e-006	0.000375
1.327196e-006	-0.00025
1.327696e-006	-0.000875
1.328196e-006	-0.00025
1.328696e-006	-0.0005625
1.329196e-006	-0.000875
1.329696e-006	-0.0011875
1.330196e-006	-0.0011875
1.330696e-006	-0.000875
1.331196e-006	-0.00025
1.331696e-006	-0.00025
1.332196e-006	-0.0005625
1.332696e-006	-0.00025
1.333196e-006	6.25e-005
1.333696e-006	6.25e-005
1.334196e-006	-0.00025
1.334696e-006	0.0006875
1.335196e-006	0.0006875
1.335696e-006	0.0006875
1.336196e-006	-0.00025
1.336696e-006	6.25e-005
1.337196e-006	6.25e-005
1.337696e-006	-0.0005625
1.338196e-006	6.25e-005
1.338696e-006	-0.00025
1.339196e-006	-0.000875
1.339696e-006	-0.0005625
1.340196e-006	-0.0011875
1.340696e-006	-0.000875
1.341196e-006	-0.00025
1.341696e-006	6.25e-005
1.342196e-006	-0.00025
1.342696e-006	0.000375
1.343196e-006	0.0006875
1.343696e-006	6.25e-005
1.344196e-006	-0.00025
1.344696e-006	0.0006875
1.345196e-006	0.0006875
1.345696e-006	6.25e-005
1.346196e-006	-0.0005625
1.346696e-006	-0.0005625
1.347196e-006	-0.0005625
1.347696e-006	-0.0005625
1.348196e-006	0.000375
1.348696e-006	-0.00025
1.349196e-006	-0.0011875
1.349696e-006	-0.000875
1.350196e-006	-0.00025
1.350696e-006	-0.000875
1.351196e-006	-0.000875
1.351696e-006	-0.0005625
1.352196e-006	0.000375
1.352696e-006	0.0006875
1.353196e-006	0.001
1.353696e-006	-0.00025
1.354196e-006	-0.0005625
1.354696e-006	-0.00025
1.355196e-006	6.25e-005
1.355696e-006	6.25e-005
1.356196e-006	-0.00025
1.356696e-006	6.25e-005
1.357196e-006	-0.0005625
1.357696e-006	-0.0005625
1.358196e-006	-0.0005625
1.358696e-006	-0.000875
1.359196e-006	-0.0011875
1.359696e-006	-0.000875
1.360196e-006	-0.0005625
1.360696e-006	0.000375
1.361196e-006	-0.00025
1.361696e-006	-0.00025
1.362196e-006	6.25e-005
1.362696e-006	0.000375
1.363196e-006	6.25e-005
1.363696e-006	6.25e-005
1.364196e-006	6.25e-005
1.364696e-006	6.25e-005
1.365196e-006	-0.000875
1.365696e-006	-0.00025
1.366196e-006	-0.0005625
1.366696e-006	-0.0005625
1.367196e-006	-0.000875
1.367696e-006	-0.0015
1.368196e-006	-0.0005625
1.368696e-006	-0.0005625
1.369196e-006	6.25e-005
1.369696e-006	-0.0005625
1.370196e-006	-0.00025
1.370696e-006	-0.0005625
1.371196e-006	-0.0005625
1.371696e-006	-0.00025
1.372196e-006	0.000375
1.372696e-006	6.25e-005
1.373196e-006	6.25e-005
1.373696e-006	6.25e-005
1.374196e-006	0.000375
1.374696e-006	0.000375
1.375196e-006	-0.00025
1.375696e-006	-0.0005625
1.376196e-006	-0.0005625
1.376696e-006	-0.00025
1.377196e-006	-0.0005625
1.377696e-006	-0.0011875
1.378196e-006	-0.0011875
1.378696e-006	-0.00025
1.379196e-006	-0.00025
1.379696e-006	0.000375
1.380196e-006	0.000375
1.380696e-006	6.25e-005
1.381196e-006	-0.00025
1.381696e-006	0.000375
1.382196e-006	6.25e-005
1.382696e-006	6.25e-005
1.383196e-006	6.25e-005
1.383696e-006	6.25e-005
1.384196e-006	-0.00025
1.384696e-006	-0.0005625
1.385196e-006	-0.0011875
1.385696e-006	-0.0011875
1.386196e-006	-0.000875
1.386696e-006	-0.0005625
1.387196e-006	-0.0005625
1.387696e-006	-0.0005625
1.388196e-006	-0.0005625
1.388696e-006	6.25e-005
1.389196e-006	0.000375
1.389696e-006	6.25e-005
1.390196e-006	0.0006875
1.390696e-006	6.25e-005
1.391196e-006	6.25e-005
1.391696e-006	-0.00025
1.392196e-006	6.25e-005
1.392696e-006	-0.0005625
1.393196e-006	-0.0005625
1.393696e-006	-0.0005625
1.394196e-006	-0.0005625
1.394696e-006	-0.000875
1.395196e-006	-0.000875
1.395696e-006	-0.0011875
1.396196e-006	-0.00025
1.396696e-006	-0.0005625
1.397196e-006	-0.0005625
1.397696e-006	-0.00025
1.398196e-006	6.25e-005
1.398696e-006	0.000375
1.399196e-006	0.0013125
1.399696e-006	0.0006875
1.400196e-006	0.000375
1.400696e-006	0.000375
1.401196e-006	0.001
1.401696e-006	0.0006875
1.402196e-006	-0.0005625
1.402696e-006	6.25e-005
1.403196e-006	-0.0011875
1.403696e-006	-0.0005625
1.404196e-006	-0.0011875
1.404696e-006	-0.0018125
1.405196e-006	-0.0011875
1.405696e-006	-0.0015
1.406196e-006	-0.000875
1.406696e-006	-0.0005625
1.407196e-006	-0.0005625
1.407696e-006	0.001
1.408196e-006	6.25e-005
1.408696e-006	0.0013125
1.409196e-006	0.001625
1.409696e-006	6.25e-005
1.410196e-006	0.0006875
1.410696e-006	0.001
1.411196e-006	0.0006875
1.411696e-006	-0.0005625
1.412196e-006	6.25e-005
1.412696e-006	-0.0005625
1.413196e-006	-0.0018125
1.413696e-006	-0.0018125
1.414196e-006	-0.0018125
1.414696e-006	-0.002125
1.415196e-006	-0.0015
1.415696e-006	-0.0018125
1.416196e-006	-0.0005625
1.416696e-006	-0.00025
1.417196e-006	0.000375
1.417696e-006	0.0006875
1.418196e-006	0.001
1.418696e-006	0.0013125
1.419196e-006	0.0013125
1.419696e-006	0.001625
1.420196e-006	0.0019375
1.420696e-006	0.000375
1.421196e-006	0.000375
1.421696e-006	0.0006875
1.422196e-006	-0.0005625
1.422696e-006	-0.0011875
1.423196e-006	-0.0018125
1.423696e-006	-0.0018125
1.424196e-006	-0.00275
1.424696e-006	-0.002125
1.425196e-006	-0.0011875
1.425696e-006	-0.000875
1.426196e-006	-0.000875
1.426696e-006	-0.0005625
1.427196e-006	-0.00025
1.427696e-006	0.0006875
1.428196e-006	0.001
1.428696e-006	0.0019375
1.429196e-006	0.0019375
1.429696e-006	0.0013125
1.430196e-006	0.001625
1.430696e-006	0.0013125
1.431196e-006	0.001
1.431696e-006	-0.0005625
1.432196e-006	-0.0015
1.432696e-006	-0.0011875
1.433196e-006	-0.0018125
1.433696e-006	-0.0018125
1.434196e-006	-0.0011875
1.434696e-006	-0.0018125
1.435196e-006	-0.0015
1.435696e-006	-0.0018125
1.436196e-006	-0.000875
1.436696e-006	-0.0005625
1.437196e-006	-0.00025
1.437696e-006	0.001
1.438196e-006	0.0013125
1.438696e-006	0.0013125
1.439196e-006	0.0013125
1.439696e-006	0.001
1.440196e-006	0.001625
1.440696e-006	0.0006875
1.441196e-006	0.0006875
1.441696e-006	-0.00025
1.442196e-006	-0.0011875
1.442696e-006	-0.000875
1.443196e-006	-0.0015
1.443696e-006	-0.0011875
1.444196e-006	-0.0018125
1.444696e-006	-0.002125
1.445196e-006	-0.000875
1.445696e-006	-0.0005625
1.446196e-006	-0.00025
1.446696e-006	0.000375
1.447196e-006	-0.00025
1.447696e-006	0.0006875
1.448196e-006	0.0013125
1.448696e-006	0.001625
1.449196e-006	0.0013125
1.449696e-006	0.001
1.450196e-006	0.001
1.450696e-006	0.0006875
1.451196e-006	-0.00025
1.451696e-006	-0.0005625
1.452196e-006	-0.0005625
1.452696e-006	-0.0011875
1.453196e-006	-0.0015
1.453696e-006	-0.0011875
1.454196e-006	-0.0015
1.454696e-006	-0.0015
1.455196e-006	6.25e-005
1.455696e-006	-0.00025
1.456196e-006	-0.0005625
1.456696e-006	0.0006875
1.457196e-006	0.001
1.457696e-006	0.001625
1.458196e-006	0.001625
1.458696e-006	0.0006875
1.459196e-006	0.001
1.459696e-006	-0.00025
1.460196e-006	6.25e-005
1.460696e-006	-0.0005625
1.461196e-006	-0.00025
1.461696e-006	-0.00025
1.462196e-006	-0.0011875
1.462696e-006	-0.0005625
1.463196e-006	-0.0015
1.463696e-006	-0.0018125
1.464196e-006	-0.00025
1.464696e-006	-0.00025
1.465196e-006	6.25e-005
1.465696e-006	0.0006875
1.466196e-006	0.001
1.466696e-006	0.0013125
1.467196e-006	0.000375
1.467696e-006	0.0013125
1.468196e-006	0.001
1.468696e-006	0.000375
1.469196e-006	6.25e-005
1.469696e-006	-0.00025
1.470196e-006	-0.00025
1.470696e-006	-0.0011875
1.471196e-006	-0.0018125
1.471696e-006	-0.000875
1.472196e-006	-0.0015
1.472696e-006	-0.0005625
1.473196e-006	-0.0005625
1.473696e-006	-0.0005625
1.474196e-006	0.000375
1.474696e-006	-0.00025
1.475196e-006	6.25e-005
1.475696e-006	0.0006875
1.476196e-006	0.0013125
1.476696e-006	0.0019375
1.477196e-006	0.0006875
1.477696e-006	0.000375
1.478196e-006	0.0013125
1.478696e-006	6.25e-005
1.479196e-006	6.25e-005
1.479696e-006	-0.000875
1.480196e-006	-0.000875
1.480696e-006	-0.000875
1.481196e-006	-0.0011875
1.481696e-006	-0.0015
1.482196e-006	-0.002125
1.482696e-006	-0.0011875
1.483196e-006	-0.0011875
1.483696e-006	-0.00025
1.484196e-006	0.0006875
1.484696e-006	6.25e-005
1.485196e-006	6.25e-005
1.485696e-006	0.001
1.486196e-006	0.0006875
1.486696e-006	0.0013125
1.487196e-006	0.001625
1.487696e-006	0.0013125
1.488196e-006	0.000375
1.488696e-006	-0.00025
1.489196e-006	-0.00025
1.489696e-006	-0.0005625
1.490196e-006	-0.0011875
1.490696e-006	-0.000875
1.491196e-006	-0.0018125
1.491696e-006	-0.0015
1.492196e-006	-0.0011875
1.492696e-006	-0.0018125
1.493196e-006	-0.0011875
1.493696e-006	-0.000875
1.494196e-006	-0.0005625
1.494696e-006	-0.0005625
1.495196e-006	6.25e-005
1.495696e-006	0.0006875
1.496196e-006	0.001
1.496696e-006	0.001
1.497196e-006	0.001
1.497696e-006	6.25e-005
1.498196e-006	0.001
1.498696e-006	0.000375
1.499196e-006	6.25e-005
1.499696e-006	-0.00025
1.500196e-006	-0.0005625
1.500696e-006	-0.0005625
1.501196e-006	-0.0011875
1.501696e-006	-0.0011875
1.502196e-006	-0.0005625
1.502696e-006	-0.0005625
1.503196e-006	-0.0005625
1.503696e-006	-0.0005625
1.504196e-006	-0.0005625
1.504696e-006	-0.00025
1.505196e-006	6.25e-005
1.505696e-006	0.000375
1.506196e-006	0.000375
1.506696e-006	0.001
1.507196e-006	0.0006875
1.507696e-006	6.25e-005
1.508196e-006	0.0006875
1.508696e-006	0.000375
1.509196e-006	6.25e-005
1.509696e-006	0.000375
1.510196e-006	-0.00025
1.510696e-006	-0.0005625
1.511196e-006	-0.00025
1.511696e-006	-0.00025
1.512196e-006	-0.000875
1.512696e-006	-0.0011875
1.513196e-006	-0.0005625
1.513696e-006	-0.0005625
1.514196e-006	-0.000875
1.514696e-006	-0.0011875
1.515196e-006	-0.000875
1.515696e-006	6.25e-005
1.516196e-006	-0.00025
1.516696e-006	-0.0005625
1.517196e-006	0.000375
1.517696e-006	-0.00025
1.518196e-006	0.0006875
1.518696e-006	0.000375
1.519196e-006	0.0006875
1.519696e-006	0.000375
1.520196e-006	6.25e-005
1.520696e-006	0.0006875
1.521196e-006	-0.00025
1.521696e-006	-0.00025
1.522196e-006	6.25e-005
1.522696e-006	-0.00025
1.523196e-006	6.25e-005
1.523696e-006	-0.000875
1.524196e-006	-0.0011875
1.524696e-006	-0.0005625
1.525196e-006	-0.0018125
1.525696e-006	-0.0011875
1.526196e-006	-0.0005625
1.526696e-006	6.25e-005
1.527196e-006	0.000375
1.527696e-006	0.000375
1.528196e-006	-0.00025
1.528696e-006	-0.00025
1.529196e-006	0.000375
1.529696e-006	0.001
1.530196e-006	0.0006875
1.530696e-006	0.0013125
1.531196e-006	0.000375
1.531696e-006	6.25e-005
1.532196e-006	0.0006875
1.532696e-006	0.000375
1.533196e-006	6.25e-005
1.533696e-006	-0.0005625
1.534196e-006	-0.0005625
1.534696e-006	-0.0005625
1.535196e-006	-0.0011875
1.535696e-006	-0.0011875
1.536196e-006	-0.0015
1.536696e-006	-0.000875
1.537196e-006	-0.00025
1.537696e-006	-0.000875
1.538196e-006	-0.00025
1.538696e-006	-0.00025
1.539196e-006	0.000375
1.539696e-006	0.0006875
1.540196e-006	0.0006875
1.540696e-006	0.001
1.541196e-006	0.001
1.541696e-006	0.0006875
1.542196e-006	0.000375
1.542696e-006	6.25e-005
1.543196e-006	6.25e-005
1.543696e-006	-0.00025
1.544196e-006	-0.00025
1.544696e-006	6.25e-005
1.545196e-006	-0.0011875
1.545696e-006	-0.0005625
1.546196e-006	-0.000875
1.546696e-006	-0.000875
1.547196e-006	-0.0005625
1.547696e-006	-0.0005625
1.548196e-006	6.25e-005
1.548696e-006	0.0013125
1.549196e-006	6.25e-005
1.549696e-006	0.0006875
1.550196e-006	0.001625
1.550696e-006	0.0013125
1.551196e-006	0.000375
1.551696e-006	0.0006875
1.552196e-006	6.25e-005
1.552696e-006	-0.0005625
1.553196e-006	-0.00025
1.553696e-006	6.25e-005
1.554196e-006	-0.00025
1.554696e-006	-0.0005625
1.555196e-006	-0.000875
1.555696e-006	-0.0005625
1.556196e-006	-0.0011875
1.556696e-006	-0.0011875
1.557196e-006	-0.000875
1.557696e-006	-0.00025
1.558196e-006	0.0006875
1.558696e-006	0.000375
1.559196e-006	6.25e-005
1.559696e-006	0.000375
1.560196e-006	0.0006875
1.560696e-006	0.0006875
1.561196e-006	0.0006875
1.561696e-006	-0.0005625
1.562196e-006	-0.00025
1.562696e-006	-0.0005625
1.563196e-006	-0.00025
1.563696e-006	6.25e-005
1.564196e-006	-0.0005625
1.564696e-006	-0.0005625
1.565196e-006	-0.0005625
1.565696e-006	-0.0005625
1.566196e-006	6.25e-005
1.566696e-006	6.25e-005
1.567196e-006	0.000375
1.567696e-006	0.0006875
1.568196e-006	0.000375
1.568696e-006	0.000375
1.569196e-006	0.000375
1.569696e-006	0.0006875
1.570196e-006	0.000375
1.570696e-006	6.25e-005
1.571196e-006	-0.0005625
1.571696e-006	-0.00025
1.572196e-006	-0.0005625
1.572696e-006	-0.0005625
1.573196e-006	-0.0011875
1.573696e-006	-0.000875
1.574196e-006	-0.000875
1.574696e-006	-0.00025
1.575196e-006	-0.0005625
1.575696e-006	-0.0005625
1.576196e-006	-0.00025
1.576696e-006	6.25e-005
1.577196e-006	6.25e-005
1.577696e-006	6.25e-005
1.578196e-006	0.000375
1.578696e-006	0.001
1.579196e-006	0.001
1.579696e-006	6.25e-005
1.580196e-006	6.25e-005
1.580696e-006	-0.00025
1.581196e-006	-0.0005625
1.581696e-006	-0.0011875
1.582196e-006	-0.00025
1.582696e-006	-0.0005625
1.583196e-006	-0.0015
1.583696e-006	-0.0018125
1.584196e-006	-0.0011875
1.584696e-006	-0.00025
1.585196e-006	6.25e-005
1.585696e-006	0.0006875
1.586196e-006	0.001
1.586696e-006	0.0006875
1.587196e-006	0.0013125
1.587696e-006	0.001
1.588196e-006	0.0006875
1.588696e-006	0.000375
1.589196e-006	0.000375
1.589696e-006	0.0006875
1.590196e-006	-0.0005625
1.590696e-006	-0.00025
1.591196e-006	-0.00025
1.591696e-006	-0.0011875
1.592196e-006	-0.0018125
1.592696e-006	-0.0015
1.593196e-006	-0.0011875
1.593696e-006	-0.0018125
1.594196e-006	-0.0015
1.594696e-006	6.25e-005
1.595196e-006	6.25e-005
1.595696e-006	6.25e-005
1.596196e-006	0.0006875
1.596696e-006	0.0013125
1.597196e-006	0.0013125
1.597696e-006	0.0006875
1.598196e-006	0.001625
1.598696e-006	0.001
1.599196e-006	0.0006875
1.599696e-006	6.25e-005
1.600196e-006	-0.0005625
1.600696e-006	-0.0011875
1.601196e-006	-0.0011875
1.601696e-006	-0.0005625
1.602196e-006	-0.0005625
1.602696e-006	-0.0011875
1.603196e-006	-0.0011875
1.603696e-006	-0.0011875
1.604196e-006	-0.000875
1.604696e-006	-0.000875
1.605196e-006	-0.0005625
1.605696e-006	0.000375
1.606196e-006	0.0013125
1.606696e-006	0.0006875
1.607196e-006	0.000375
1.607696e-006	0.000375
1.608196e-006	0.000375
1.608696e-006	-0.00025
1.609196e-006	0.000375
1.609696e-006	6.25e-005
1.610196e-006	-0.0005625
1.610696e-006	-0.0005625
1.611196e-006	-0.0005625
1.611696e-006	-0.00025
1.612196e-006	-0.0011875
1.612696e-006	-0.000875
1.613196e-006	-0.000875
1.613696e-006	-0.0011875
1.614196e-006	-0.00025
1.614696e-006	6.25e-005
1.615196e-006	-0.0005625
1.615696e-006	6.25e-005
1.616196e-006	0.000375
1.616696e-006	0.0006875
1.617196e-006	0.0006875
1.617696e-006	0.001
1.618196e-006	0.0006875
1.618696e-006	-0.0005625
1.619196e-006	6.25e-005
1.619696e-006	-0.00025
1.620196e-006	-0.000875
1.620696e-006	-0.0005625
1.621196e-006	-0.00025
1.621696e-006	-0.00025
1.622196e-006	-0.0005625
1.622696e-006	-0.0005625
1.623196e-006	-0.0005625
1.623696e-006	0.0006875
1.624196e-006	0.000375
1.624696e-006	-0.00025
1.625196e-006	6.25e-005
1.625696e-006	0.000375
1.626196e-006	-0.00025
1.626696e-006	6.25e-005
1.627196e-006	0.000375
1.627696e-006	0.000375
1.628196e-006	6.25e-005
1.628696e-006	-0.0005625
1.629196e-006	-0.00025
1.629696e-006	-0.00025
1.630196e-006	-0.0005625
1.630696e-006	-0.0005625
1.631196e-006	-0.0005625
1.631696e-006	6.25e-005
1.632196e-006	-0.0005625
1.632696e-006	6.25e-005
1.633196e-006	-0.00025
1.633696e-006	6.25e-005
1.634196e-006	0.001
1.634696e-006	0.001
1.635196e-006	0.0006875
1.635696e-006	0.000375
1.636196e-006	0.000375
1.636696e-006	6.25e-005
1.637196e-006	-0.0005625
1.637696e-006	-0.0005625
1.638196e-006	-0.0005625
1.638696e-006	-0.000875
1.639196e-006	-0.000875
1.639696e-006	-0.0005625
1.640196e-006	-0.0005625
1.640696e-006	-0.00025
1.641196e-006	6.25e-005
1.641696e-006	-0.00025
1.642196e-006	-0.0005625
1.642696e-006	0.0006875
1.643196e-006	0.001
1.643696e-006	0.0006875
1.644196e-006	0.0006875
1.644696e-006	0.0006875
1.645196e-006	0.0006875
1.645696e-006	0.001
1.646196e-006	6.25e-005
1.646696e-006	-0.0005625
1.647196e-006	-0.0005625
1.647696e-006	-0.0011875
1.648196e-006	-0.0018125
1.648696e-006	-0.000875
1.649196e-006	-0.000875
1.649696e-006	-0.0011875
1.650196e-006	-0.00025
1.650696e-006	0.000375
1.651196e-006	0.0013125
1.651696e-006	0.000375
1.652196e-006	6.25e-005
1.652696e-006	-0.0005625
1.653196e-006	6.25e-005
1.653696e-006	0.0013125
1.654196e-006	0.0013125
1.654696e-006	0.001
1.655196e-006	-0.00025
1.655696e-006	-0.0005625
1.656196e-006	-0.0005625
1.656696e-006	-0.0005625
1.657196e-006	-0.0005625
1.657696e-006	-0.0018125
1.658196e-006	-0.0015
1.658696e-006	-0.0005625
1.659196e-006	-0.0005625
1.659696e-006	-0.0011875
1.660196e-006	-0.0005625
1.660696e-006	-0.0005625
1.661196e-006	6.25e-005
1.661696e-006	6.25e-005
1.662196e-006	0.0006875
1.662696e-006	0.0006875
1.663196e-006	0.001
1.663696e-006	0.001
1.664196e-006	0.0013125
1.664696e-006	0.0013125
1.665196e-006	-0.00025
1.665696e-006	-0.0005625
1.666196e-006	-0.0005625
1.666696e-006	-0.000875
1.667196e-006	-0.0011875
1.667696e-006	-0.0011875
1.668196e-006	-0.0015
1.668696e-006	-0.0011875
1.669196e-006	-0.000875
1.669696e-006	-0.00025
1.670196e-006	-0.0005625
1.670696e-006	0.0006875
1.671196e-006	0.001
1.671696e-006	6.25e-005
1.672196e-006	-0.00025
1.672696e-006	0.0013125
1.673196e-006	0.0019375
1.673696e-006	0.001
1.674196e-006	0.000375
1.674696e-006	0.000375
1.675196e-006	6.25e-005
1.675696e-006	-0.00025
1.676196e-006	-0.000875
1.676696e-006	-0.0011875
1.677196e-006	-0.0015
1.677696e-006	-0.0018125
1.678196e-006	-0.0011875
1.678696e-006	-0.00025
1.679196e-006	-0.0005625
1.679696e-006	-0.00025
1.680196e-006	-0.00025
1.680696e-006	6.25e-005
1.681196e-006	0.001
1.681696e-006	0.001
1.682196e-006	0.0013125
1.682696e-006	0.001
1.683196e-006	0.001
1.683696e-006	0.0006875
1.684196e-006	6.25e-005
1.684696e-006	6.25e-005
1.685196e-006	-0.0005625
1.685696e-006	-0.0005625
1.686196e-006	-0.000875
1.686696e-006	-0.000875
1.687196e-006	-0.0011875
1.687696e-006	-0.0015
1.688196e-006	-0.0011875
1.688696e-006	-0.0005625
1.689196e-006	-0.00025
1.689696e-006	6.25e-005
1.690196e-006	-0.00025
1.690696e-006	0.001
1.691196e-006	0.0013125
1.691696e-006	0.001625
1.692196e-006	0.001
1.692696e-006	0.000375
1.693196e-006	0.0006875
1.693696e-006	0.0006875
1.694196e-006	6.25e-005
1.694696e-006	6.25e-005
1.695196e-006	-0.000875
1.695696e-006	-0.0005625
1.696196e-006	-0.0011875
1.696696e-006	-0.0015
1.697196e-006	-0.0011875
1.697696e-006	-0.000875
1.698196e-006	-0.000875
1.698696e-006	-0.0005625
1.699196e-006	-0.000875
1.699696e-006	6.25e-005
1.700196e-006	0.001
1.700696e-006	0.0006875
1.701196e-006	0.001
1.701696e-006	0.001
1.702196e-006	0.000375
1.702696e-006	0.0006875
1.703196e-006	0.0006875
1.703696e-006	6.25e-005
1.704196e-006	0.000375
1.704696e-006	-0.0005625
1.705196e-006	-0.000875
1.705696e-006	-0.000875
1.706196e-006	-0.0015
1.706696e-006	-0.000875
1.707196e-006	-0.000875
1.707696e-006	-0.0011875
1.708196e-006	-0.000875
1.708696e-006	-0.0005625
1.709196e-006	6.25e-005
1.709696e-006	0.000375
1.710196e-006	0.001
1.710696e-006	0.0006875
1.711196e-006	0.000375
1.711696e-006	0.001625
1.712196e-006	0.001
1.712696e-006	0.0006875
1.713196e-006	6.25e-005
1.713696e-006	-0.00025
1.714196e-006	-0.00025
1.714696e-006	-0.0005625
1.715196e-006	-0.0005625
1.715696e-006	6.25e-005
1.716196e-006	-0.0011875
1.716696e-006	-0.0011875
1.717196e-006	-0.0015
1.717696e-006	-0.00025
1.718196e-006	6.25e-005
1.718696e-006	0.000375
1.719196e-006	0.0006875
1.719696e-006	6.25e-005
1.720196e-006	0.0006875
1.720696e-006	0.0006875
1.721196e-006	0.0006875
1.721696e-006	0.0006875
1.722196e-006	6.25e-005
1.722696e-006	0.000375
1.723196e-006	6.25e-005
1.723696e-006	-0.0005625
1.724196e-006	6.25e-005
1.724696e-006	-0.0005625
1.725196e-006	6.25e-005
1.725696e-006	6.25e-005
1.726196e-006	6.25e-005
1.726696e-006	-0.000875
1.727196e-006	-0.000875
1.727696e-006	-0.00025
1.728196e-006	-0.0005625
1.728696e-006	-0.00025
1.729196e-006	0.000375
1.729696e-006	-0.0005625
1.730196e-006	0.000375
1.730696e-006	6.25e-005
1.731196e-006	-0.00025
1.731696e-006	0.0006875
1.732196e-006	0.000375
1.732696e-006	0.001
1.733196e-006	-0.00025
1.733696e-006	-0.0005625
1.734196e-006	-0.00025
1.734696e-006	-0.0005625
1.735196e-006	0.000375
1.735696e-006	6.25e-005
1.736196e-006	-0.0005625
1.736696e-006	-0.0005625
1.737196e-006	-0.000875
1.737696e-006	6.25e-005
1.738196e-006	-0.00025
1.738696e-006	0.000375
1.739196e-006	-0.00025
1.739696e-006	-0.0005625
1.740196e-006	0.000375
1.740696e-006	6.25e-005
1.741196e-006	0.0006875
1.741696e-006	0.0006875
1.742196e-006	0.000375
1.742696e-006	6.25e-005
1.743196e-006	6.25e-005
1.743696e-006	6.25e-005
1.744196e-006	-0.00025
1.744696e-006	-0.0005625
1.745196e-006	0.000375
1.745696e-006	6.25e-005
1.746196e-006	6.25e-005
1.746696e-006	-0.0005625
1.747196e-006	-0.0005625
1.747696e-006	6.25e-005
1.748196e-006	6.25e-005
1.748696e-006	6.25e-005
1.749196e-006	6.25e-005
1.749696e-006	6.25e-005
1.750196e-006	6.25e-005
1.750696e-006	6.25e-005
1.751196e-006	0.000375
1.751696e-006	0.000375
1.752196e-006	0.000375
1.752696e-006	0.0006875
1.753196e-006	-0.00025
1.753696e-006	0.0006875
1.754196e-006	6.25e-005
1.754696e-006	-0.0005625
1.755196e-006	-0.00025
1.755696e-006	6.25e-005
1.756196e-006	6.25e-005
1.756696e-006	6.25e-005
1.757196e-006	-0.000875
1.757696e-006	-0.0005625
1.758196e-006	-0.0005625
1.758696e-006	6.25e-005
1.759196e-006	6.25e-005
1.759696e-006	6.25e-005
1.760196e-006	6.25e-005
1.760696e-006	-0.00025
1.761196e-006	-0.00025
1.761696e-006	6.25e-005
1.762196e-006	0.000375
1.762696e-006	6.25e-005
1.763196e-006	0.0006875
1.763696e-006	6.25e-005
1.764196e-006	-0.00025
1.764696e-006	-0.00025
1.765196e-006	6.25e-005
1.765696e-006	-0.0005625
1.766196e-006	-0.000875
1.766696e-006	-0.0005625
1.767196e-006	-0.00025
1.767696e-006	-0.0005625
1.768196e-006	-0.0011875
1.768696e-006	-0.0011875
1.769196e-006	-0.000875
1.769696e-006	-0.0005625
1.770196e-006	6.25e-005
1.770696e-006	6.25e-005
1.771196e-006	6.25e-005
1.771696e-006	0.000375
1.772196e-006	6.25e-005
1.772696e-006	6.25e-005
1.773196e-006	0.0013125
1.773696e-006	0.000375
1.774196e-006	6.25e-005
1.774696e-006	6.25e-005
1.775196e-006	-0.0005625
1.775696e-006	-0.00025
1.776196e-006	6.25e-005
1.776696e-006	-0.0005625
1.777196e-006	-0.000875
1.777696e-006	-0.0005625
1.778196e-006	-0.0011875
1.778696e-006	-0.000875
1.779196e-006	-0.000875
1.779696e-006	-0.00025
1.780196e-006	-0.00025
1.780696e-006	-0.00025
1.781196e-006	0.000375
1.781696e-006	0.000375
1.782196e-006	-0.00025
1.782696e-006	0.000375
1.783196e-006	0.0006875
1.783696e-006	0.0006875
1.784196e-006	0.0006875
1.784696e-006	0.001
1.785196e-006	0.0006875
1.785696e-006	-0.0005625
1.786196e-006	-0.0005625
1.786696e-006	-0.0005625
1.787196e-006	-0.0005625
1.787696e-006	-0.00025
1.788196e-006	6.25e-005
