LECROYWS454	16215	Waveform
Segments	1	SegmentSize	4002
Segment	TrigTime	TimeSinceSegment1
#1	02-May-2024 19:13:14	0                 
Time	Ampl
-2.12459e-007	-0.000875
-2.11959e-007	-0.0005625
-2.11459e-007	-0.000875
-2.10959e-007	-0.0018125
-2.10459e-007	-0.0011875
-2.09959e-007	-0.0005625
-2.09459e-007	-0.000875
-2.08959e-007	-0.0011875
-2.08459e-007	-0.0005625
-2.07959e-007	0.000375
-2.07459e-007	0.0006875
-2.06959e-007	6.25e-005
-2.06459e-007	0.000375
-2.05959e-007	0.0006875
-2.05459e-007	6.25e-005
-2.04959e-007	0.000375
-2.04459e-007	0.0006875
-2.03959e-007	0.0006875
-2.03459e-007	6.25e-005
-2.02959e-007	-0.00025
-2.02459e-007	-0.0005625
-2.01959e-007	-0.00025
-2.01459e-007	-0.0005625
-2.00959e-007	-0.000875
-2.00459e-007	-0.0011875
-1.99959e-007	-0.0018125
-1.99459e-007	-0.0018125
-1.98959e-007	-0.0011875
-1.98459e-007	-0.0005625
-1.97959e-007	-0.0005625
-1.97459e-007	-0.00025
-1.96959e-007	6.25e-005
-1.96459e-007	0.000375
-1.95959e-007	6.25e-005
-1.95459e-007	6.25e-005
-1.94959e-007	0.000375
-1.94459e-007	0.000375
-1.93959e-007	0.000375
-1.93459e-007	0.000375
-1.92959e-007	6.25e-005
-1.92459e-007	-0.0005625
-1.91959e-007	-0.0005625
-1.91459e-007	-0.000875
-1.90959e-007	-0.000875
-1.90459e-007	-0.0011875
-1.89959e-007	-0.0005625
-1.89459e-007	-0.0011875
-1.88959e-007	-0.0018125
-1.88459e-007	-0.0011875
-1.87959e-007	-0.0005625
-1.87459e-007	-0.00025
-1.86959e-007	6.25e-005
-1.86459e-007	6.25e-005
-1.85959e-007	6.25e-005
-1.85459e-007	0.000375
-1.84959e-007	0.001
-1.84459e-007	0.000375
-1.83959e-007	6.25e-005
-1.83459e-007	6.25e-005
-1.82959e-007	-0.00025
-1.82459e-007	6.25e-005
-1.81959e-007	-0.0005625
-1.81459e-007	-0.0005625
-1.80959e-007	-0.0005625
-1.80459e-007	-0.0005625
-1.79959e-007	-0.0011875
-1.79459e-007	-0.0015
-1.78959e-007	-0.0018125
-1.78459e-007	-0.000875
-1.77959e-007	-0.0005625
-1.77459e-007	-0.0005625
-1.76959e-007	6.25e-005
-1.76459e-007	0.001
-1.75959e-007	0.0006875
-1.75459e-007	6.25e-005
-1.74959e-007	0.000375
-1.74459e-007	6.25e-005
-1.73959e-007	0.000375
-1.73459e-007	0.000375
-1.72959e-007	6.25e-005
-1.72459e-007	6.25e-005
-1.71959e-007	6.25e-005
-1.71459e-007	-0.000875
-1.70959e-007	-0.0011875
-1.70459e-007	-0.0011875
-1.69959e-007	-0.000875
-1.69459e-007	-0.00025
-1.68959e-007	6.25e-005
-1.68459e-007	6.25e-005
-1.67959e-007	-0.000875
-1.67459e-007	-0.0005625
-1.66959e-007	6.25e-005
-1.66459e-007	6.25e-005
-1.65959e-007	0.0006875
-1.65459e-007	6.25e-005
-1.64959e-007	-0.00025
-1.64459e-007	-0.00025
-1.63959e-007	6.25e-005
-1.63459e-007	6.25e-005
-1.62959e-007	-0.0011875
-1.62459e-007	-0.0005625
-1.61959e-007	-0.0005625
-1.61459e-007	-0.000875
-1.60959e-007	-0.0005625
-1.60459e-007	-0.000875
-1.59959e-007	-0.0005625
-1.59459e-007	6.25e-005
-1.58959e-007	-0.00025
-1.58459e-007	-0.00025
-1.57959e-007	6.25e-005
-1.57459e-007	-0.00025
-1.56959e-007	6.25e-005
-1.56459e-007	6.25e-005
-1.55959e-007	0.0006875
-1.55459e-007	-0.00025
-1.54959e-007	0.000375
-1.54459e-007	0.000375
-1.53959e-007	-0.0005625
-1.53459e-007	-0.000875
-1.52959e-007	-0.0011875
-1.52459e-007	-0.0005625
-1.51959e-007	-0.000875
-1.51459e-007	-0.0011875
-1.50959e-007	-0.000875
-1.50459e-007	6.25e-005
-1.49959e-007	6.25e-005
-1.49459e-007	-0.0005625
-1.48959e-007	6.25e-005
-1.48459e-007	6.25e-005
-1.47959e-007	-0.00025
-1.47459e-007	0.001
-1.46959e-007	0.0006875
-1.46459e-007	6.25e-005
-1.45959e-007	6.25e-005
-1.45459e-007	6.25e-005
-1.44959e-007	0.000375
-1.44459e-007	-0.000875
-1.43959e-007	-0.0011875
-1.43459e-007	-0.0011875
-1.42959e-007	-0.0011875
-1.42459e-007	-0.000875
-1.41959e-007	-0.0011875
-1.41459e-007	-0.000875
-1.40959e-007	-0.000875
-1.40459e-007	-0.0011875
-1.39959e-007	-0.000875
-1.39459e-007	0.0006875
-1.38959e-007	0.0006875
-1.38459e-007	-0.0005625
-1.37959e-007	-0.0005625
-1.37459e-007	0.0006875
-1.36959e-007	0.001625
-1.36459e-007	0.0006875
-1.35959e-007	-0.00025
-1.35459e-007	0.000375
-1.34959e-007	-0.00025
-1.34459e-007	-0.000875
-1.33959e-007	-0.000875
-1.33459e-007	-0.0005625
-1.32959e-007	-0.000875
-1.32459e-007	-0.0011875
-1.31959e-007	-0.0015
-1.31459e-007	-0.000875
-1.30959e-007	-0.0011875
-1.30459e-007	-0.000875
-1.29959e-007	6.25e-005
-1.29459e-007	0.0013125
-1.28959e-007	0.000375
-1.28459e-007	6.25e-005
-1.27959e-007	6.25e-005
-1.27459e-007	0.0006875
-1.26959e-007	0.0006875
-1.26459e-007	6.25e-005
-1.25959e-007	0.000375
-1.25459e-007	6.25e-005
-1.24959e-007	6.25e-005
-1.24459e-007	-0.000875
-1.23959e-007	-0.0011875
-1.23459e-007	-0.000875
-1.22959e-007	-0.0015
-1.22459e-007	-0.0011875
-1.21959e-007	-0.000875
-1.21459e-007	-0.000875
-1.20959e-007	-0.0011875
-1.20459e-007	-0.000875
-1.19959e-007	6.25e-005
-1.19459e-007	-0.00025
-1.18959e-007	0.000375
-1.18459e-007	0.001
-1.17959e-007	0.000375
-1.17459e-007	0.000375
-1.16959e-007	0.0006875
-1.16459e-007	6.25e-005
-1.15959e-007	-0.000875
-1.15459e-007	-0.0011875
-1.14959e-007	6.25e-005
-1.14459e-007	6.25e-005
-1.13959e-007	-0.0005625
-1.13459e-007	-0.000875
-1.12959e-007	-0.000875
-1.12459e-007	-0.0005625
-1.11959e-007	-0.000875
-1.11459e-007	-0.0005625
-1.10959e-007	6.25e-005
-1.10459e-007	0.000375
-1.09959e-007	0.000375
-1.09459e-007	6.25e-005
-1.08959e-007	6.25e-005
-1.08459e-007	0.0013125
-1.07959e-007	0.000375
-1.07459e-007	-0.0005625
-1.06959e-007	-0.0005625
-1.06459e-007	-0.00025
-1.05959e-007	-0.000875
-1.05459e-007	-0.0011875
-1.04959e-007	-0.000875
-1.04459e-007	6.25e-005
-1.03959e-007	6.25e-005
-1.03459e-007	-0.000875
-1.02959e-007	-0.0005625
-1.02459e-007	0.000375
-1.01959e-007	0.000375
-1.01459e-007	0.0006875
-1.00959e-007	6.25e-005
-1.00459e-007	6.25e-005
-9.9959e-008	0.000375
-9.9459e-008	6.25e-005
-9.8959e-008	0.000375
-9.8459e-008	6.25e-005
-9.7959e-008	-0.0005625
-9.7459e-008	-0.000875
-9.6959e-008	-0.0015
-9.6459e-008	-0.0018125
-9.5959e-008	-0.0011875
-9.5459e-008	-0.0015
-9.4959e-008	-0.0005625
-9.4459e-008	6.25e-005
-9.3959e-008	6.25e-005
-9.3459e-008	6.25e-005
-9.2959e-008	-0.00025
-9.2459e-008	0.0006875
-9.1959e-008	0.001
-9.1459e-008	0.000375
-9.0959e-008	0.0006875
-9.0459e-008	0.001
-8.9959e-008	0.001
-8.9459e-008	0.000375
-8.8959e-008	-0.0005625
-8.8459e-008	6.25e-005
-8.7959e-008	-0.000875
-8.7459e-008	-0.0018125
-8.6959e-008	-0.0015
-8.6459e-008	-0.0015
-8.5959e-008	-0.0018125
-8.5459e-008	-0.0011875
-8.4959e-008	-0.000875
-8.4459e-008	-0.00025
-8.3959e-008	-0.0005625
-8.3459e-008	-0.00025
-8.2959e-008	0.000375
-8.2459e-008	0.0006875
-8.1959e-008	0.0013125
-8.1459e-008	0.0019375
-8.0959e-008	0.001625
-8.0459e-008	0.0006875
-7.9959e-008	0.001
-7.9459e-008	0.0013125
-7.8959e-008	6.25e-005
-7.8459e-008	-0.0011875
-7.7959e-008	-0.0011875
-7.7459e-008	-0.0018125
-7.6959e-008	-0.0024375
-7.6459e-008	-0.0024375
-7.5959e-008	-0.0018125
-7.5459e-008	-0.0015
-7.4959e-008	-0.0018125
-7.4459e-008	-0.00025
-7.3959e-008	0.000375
-7.3459e-008	0.001
-7.2959e-008	0.0013125
-7.2459e-008	0.001
-7.1959e-008	0.0019375
-7.1459e-008	0.0013125
-7.0959e-008	0.0006875
-7.0459e-008	0.001
-6.9959e-008	0.0013125
-6.9459e-008	6.25e-005
-6.8959e-008	-0.0005625
-6.8459e-008	-0.000875
-6.7959e-008	-0.0011875
-6.7459e-008	-0.0018125
-6.6959e-008	-0.0024375
-6.6459e-008	-0.002125
-6.5959e-008	-0.0015
-6.5459e-008	-0.0011875
-6.4959e-008	-0.0011875
-6.4459e-008	-0.0005625
-6.3959e-008	0.0006875
-6.3459e-008	0.0019375
-6.2959e-008	0.0013125
-6.2459e-008	0.00225
-6.1959e-008	0.0019375
-6.1459e-008	0.0013125
-6.0959e-008	0.0013125
-6.0459e-008	0.000375
-5.9959e-008	6.25e-005
-5.9459e-008	0.000375
-5.8959e-008	-0.0005625
-5.8459e-008	-0.0011875
-5.7959e-008	-0.0015
-5.7459e-008	-0.0018125
-5.6959e-008	-0.0024375
-5.6459e-008	-0.002125
-5.5959e-008	-0.0015
-5.5459e-008	-0.0005625
-5.4959e-008	-0.00025
-5.4459e-008	6.25e-005
-5.3959e-008	0.0006875
-5.3459e-008	0.0013125
-5.2959e-008	0.0013125
-5.2459e-008	0.001
-5.1959e-008	0.0013125
-5.1459e-008	0.0013125
-5.0959e-008	0.001
-5.0459e-008	0.0006875
-4.9959e-008	6.25e-005
-4.9459e-008	-0.0011875
-4.8959e-008	-0.000875
-4.8459e-008	-0.0011875
-4.7959e-008	-0.0015
-4.7459e-008	-0.0018125
-4.6959e-008	-0.0015
-4.6459e-008	-0.0011875
-4.5959e-008	-0.0005625
-4.5459e-008	-0.0005625
-4.4959e-008	-0.00025
-4.4459e-008	6.25e-005
-4.3959e-008	0.001625
-4.3459e-008	0.0019375
-4.2959e-008	0.0013125
-4.2459e-008	0.0013125
-4.1959e-008	0.001
-4.1459e-008	0.001
-4.0959e-008	0.000375
-4.0459e-008	-0.00025
-3.9959e-008	-0.0011875
-3.9459e-008	-0.0011875
-3.8959e-008	-0.002125
-3.8459e-008	-0.002125
-3.7959e-008	-0.0018125
-3.7459e-008	-0.0015
-3.6959e-008	-0.000875
-3.6459e-008	-0.0005625
-3.5959e-008	-0.0005625
-3.5459e-008	0.0006875
-3.4959e-008	0.001
-3.4459e-008	0.001
-3.3959e-008	0.001625
-3.3459e-008	0.0019375
-3.2959e-008	0.001625
-3.2459e-008	0.0019375
-3.1959e-008	0.001625
-3.1459e-008	0.000375
-3.0959e-008	6.25e-005
-3.0459e-008	-0.0011875
-2.9959e-008	-0.0024375
-2.9459e-008	-0.0018125
-2.8959e-008	-0.0018125
-2.8459e-008	-0.0024375
-2.7959e-008	-0.002125
-2.7459e-008	-0.0018125
-2.6959e-008	-0.000875
-2.6459e-008	-0.000875
-2.5959e-008	-0.0005625
-2.5459e-008	0.0006875
-2.4959e-008	0.0013125
-2.4459e-008	0.0019375
-2.3959e-008	0.0025625
-2.3459e-008	0.001625
-2.2959e-008	0.001625
-2.2459e-008	0.0013125
-2.1959e-008	0.0013125
-2.1459e-008	0.000375
-2.0959e-008	-0.00025
-2.0459e-008	-0.000875
-1.9959e-008	-0.0018125
-1.9459e-008	-0.0024375
-1.8959e-008	-0.00275
-1.8459e-008	-0.0024375
-1.7959e-008	-0.002125
-1.7459e-008	-0.0015
-1.6959e-008	-0.000875
-1.6459e-008	-0.0005625
-1.5959e-008	6.25e-005
-1.5459e-008	0.0006875
-1.4959e-008	0.001
-1.4459e-008	0.001625
-1.3959e-008	0.0019375
-1.3459e-008	0.0019375
-1.2959e-008	0.001625
-1.2459e-008	0.001
-1.1959e-008	0.0013125
-1.1459e-008	0.0006875
-1.0959e-008	-0.0005625
-1.0459e-008	-0.0011875
-9.959e-009	-0.0018125
-9.459e-009	-0.0024375
-8.959e-009	-0.00275
-8.459e-009	-0.00275
-7.959e-009	-0.0030625
-7.459e-009	-0.003375
-6.959e-009	-0.0030625
-6.459e-009	-0.003375
-5.959e-009	-0.0030625
-5.459e-009	-0.003375
-4.959e-009	-0.0030625
-4.459e-009	-0.004
-3.959e-009	-0.00525
-3.459e-009	-0.0055625
-2.959e-009	-0.0065
-2.459e-009	-0.00775
-1.959e-009	-0.0086875
-1.459e-009	-0.009625
-9.59e-010	-0.01025
-4.59e-010	-0.0118125
4.1e-011	-0.0124375
5.41e-010	-0.01275
1.041e-009	-0.0136875
1.541e-009	-0.0136875
2.041e-009	-0.0130625
2.541e-009	-0.01275
3.041e-009	-0.0130625
3.541e-009	-0.01275
4.041e-009	-0.0111875
4.541e-009	-0.012125
5.041e-009	-0.012125
5.541e-009	-0.0118125
6.041e-009	-0.0124375
6.541e-009	-0.013375
7.041e-009	-0.0130625
7.541e-009	-0.01275
8.041e-009	-0.0124375
8.541e-009	-0.0130625
9.041e-009	-0.013375
9.541e-009	-0.0136875
1.0041e-008	-0.013375
1.0541e-008	-0.013375
1.1041e-008	-0.013375
1.1541e-008	-0.013375
1.2041e-008	-0.014
1.2541e-008	-0.014
1.3041e-008	-0.0136875
1.3541e-008	-0.013375
1.4041e-008	-0.01275
1.4541e-008	-0.0124375
1.5041e-008	-0.0115
1.5541e-008	-0.0118125
1.6041e-008	-0.0118125
1.6541e-008	-0.0118125
1.7041e-008	-0.0118125
1.7541e-008	-0.012125
1.8041e-008	-0.012125
1.8541e-008	-0.0130625
1.9041e-008	-0.0136875
1.9541e-008	-0.0130625
2.0041e-008	-0.01275
2.0541e-008	-0.013375
2.1041e-008	-0.0136875
2.1541e-008	-0.0143125
2.2041e-008	-0.014
2.2541e-008	-0.0143125
2.3041e-008	-0.0143125
2.3541e-008	-0.014
2.4041e-008	-0.014
2.4541e-008	-0.0143125
2.5041e-008	-0.014
2.5541e-008	-0.014625
2.6041e-008	-0.014
2.6541e-008	-0.0143125
2.7041e-008	-0.014
2.7541e-008	-0.0149375
2.8041e-008	-0.01525
2.8541e-008	-0.014625
2.9041e-008	-0.0143125
2.9541e-008	-0.013375
3.0041e-008	-0.0136875
3.0541e-008	-0.014625
3.1041e-008	-0.0143125
3.1541e-008	-0.0149375
3.2041e-008	-0.01525
3.2541e-008	-0.01525
3.3041e-008	-0.015875
3.3541e-008	-0.0155625
3.4041e-008	-0.0155625
3.4541e-008	-0.0161875
3.5041e-008	-0.0165
3.5541e-008	-0.0155625
3.6041e-008	-0.0161875
3.6541e-008	-0.0155625
3.7041e-008	-0.014625
3.7541e-008	-0.0155625
3.8041e-008	-0.01525
3.8541e-008	-0.014625
3.9041e-008	-0.0149375
3.9541e-008	-0.0143125
4.0041e-008	-0.0143125
4.0541e-008	-0.014
4.1041e-008	-0.0143125
4.1541e-008	-0.0149375
4.2041e-008	-0.0143125
4.2541e-008	-0.0149375
4.3041e-008	-0.0149375
4.3541e-008	-0.0155625
4.4041e-008	-0.0161875
4.4541e-008	-0.0155625
4.5041e-008	-0.015875
4.5541e-008	-0.015875
4.6041e-008	-0.015875
4.6541e-008	-0.015875
4.7041e-008	-0.0161875
4.7541e-008	-0.015875
4.8041e-008	-0.014625
4.8541e-008	-0.014625
4.9041e-008	-0.0149375
4.9541e-008	-0.01525
5.0041e-008	-0.0149375
5.0541e-008	-0.014
5.1041e-008	-0.0143125
5.1541e-008	-0.0149375
5.2041e-008	-0.01525
5.2541e-008	-0.0155625
5.3041e-008	-0.0161875
5.3541e-008	-0.0161875
5.4041e-008	-0.015875
5.4541e-008	-0.015875
5.5041e-008	-0.015875
5.5541e-008	-0.015875
5.6041e-008	-0.0155625
5.6541e-008	-0.0155625
5.7041e-008	-0.015875
5.7541e-008	-0.015875
5.8041e-008	-0.015875
5.8541e-008	-0.0149375
5.9041e-008	-0.014625
5.9541e-008	-0.0143125
6.0041e-008	-0.014625
6.0541e-008	-0.01525
6.1041e-008	-0.0149375
6.1541e-008	-0.0149375
6.2041e-008	-0.015875
6.2541e-008	-0.01525
6.3041e-008	-0.01525
6.3541e-008	-0.0155625
6.4041e-008	-0.01525
6.4541e-008	-0.0155625
6.5041e-008	-0.01525
6.5541e-008	-0.01525
6.6041e-008	-0.015875
6.6541e-008	-0.0155625
6.7041e-008	-0.0155625
6.7541e-008	-0.01525
6.8041e-008	-0.0155625
6.8541e-008	-0.015875
6.9041e-008	-0.01525
6.9541e-008	-0.015875
7.0041e-008	-0.0155625
7.0541e-008	-0.015875
7.1041e-008	-0.0155625
7.1541e-008	-0.01525
7.2041e-008	-0.01525
7.2541e-008	-0.0168125
7.3041e-008	-0.015875
7.3541e-008	-0.0155625
7.4041e-008	-0.0149375
7.4541e-008	-0.0155625
7.5041e-008	-0.01525
7.5541e-008	-0.0155625
7.6041e-008	-0.01525
7.6541e-008	-0.0143125
7.7041e-008	-0.01525
7.7541e-008	-0.0143125
7.8041e-008	-0.014625
7.8541e-008	-0.0155625
7.9041e-008	-0.01525
7.9541e-008	-0.0155625
8.0041e-008	-0.0161875
8.0541e-008	-0.015875
8.1041e-008	-0.0161875
8.1541e-008	-0.0155625
8.2041e-008	-0.0161875
8.2541e-008	-0.015875
8.3041e-008	-0.0161875
8.3541e-008	-0.015875
8.4041e-008	-0.015875
8.4541e-008	-0.01525
8.5041e-008	-0.0149375
8.5541e-008	-0.01525
8.6041e-008	-0.014625
8.6541e-008	-0.0143125
8.7041e-008	-0.014625
8.7541e-008	-0.0136875
8.8041e-008	-0.0143125
8.8541e-008	-0.0143125
8.9041e-008	-0.0149375
8.9541e-008	-0.01525
9.0041e-008	-0.0155625
9.0541e-008	-0.0165
9.1041e-008	-0.015875
9.1541e-008	-0.015875
9.2041e-008	-0.0165
9.2541e-008	-0.0161875
9.3041e-008	-0.015875
9.3541e-008	-0.015875
9.4041e-008	-0.0149375
9.4541e-008	-0.0143125
9.5041e-008	-0.0143125
9.5541e-008	-0.0143125
9.6041e-008	-0.014
9.6541e-008	-0.0143125
9.7041e-008	-0.013375
9.7541e-008	-0.014
9.8041e-008	-0.0143125
9.8541e-008	-0.0143125
9.9041e-008	-0.014
9.9541e-008	-0.0149375
1.00041e-007	-0.0149375
1.00541e-007	-0.01525
1.01041e-007	-0.0155625
1.01541e-007	-0.0155625
1.02041e-007	-0.01525
1.02541e-007	-0.0155625
1.03041e-007	-0.0149375
1.03541e-007	-0.0149375
1.04041e-007	-0.014625
1.04541e-007	-0.0143125
1.05041e-007	-0.014
1.05541e-007	-0.0136875
1.06041e-007	-0.0136875
1.06541e-007	-0.0130625
1.07041e-007	-0.0130625
1.07541e-007	-0.013375
1.08041e-007	-0.013375
1.08541e-007	-0.0143125
1.09041e-007	-0.0149375
1.09541e-007	-0.0149375
1.10041e-007	-0.0155625
1.10541e-007	-0.0149375
1.11041e-007	-0.01525
1.11541e-007	-0.01525
1.12041e-007	-0.01525
1.12541e-007	-0.0149375
1.13041e-007	-0.014625
1.13541e-007	-0.014
1.14041e-007	-0.013375
1.14541e-007	-0.0136875
1.15041e-007	-0.013375
1.15541e-007	-0.0130625
1.16041e-007	-0.0130625
1.16541e-007	-0.013375
1.17041e-007	-0.0136875
1.17541e-007	-0.0136875
1.18041e-007	-0.01275
1.18541e-007	-0.014
1.19041e-007	-0.014625
1.19541e-007	-0.0143125
1.20041e-007	-0.0149375
1.20541e-007	-0.0149375
1.21041e-007	-0.0149375
1.21541e-007	-0.014
1.22041e-007	-0.014
1.22541e-007	-0.0143125
1.23041e-007	-0.013375
1.23541e-007	-0.0136875
1.24041e-007	-0.013375
1.24541e-007	-0.0130625
1.25041e-007	-0.012125
1.25541e-007	-0.0124375
1.26041e-007	-0.0124375
1.26541e-007	-0.0124375
1.27041e-007	-0.01275
1.27541e-007	-0.0136875
1.28041e-007	-0.013375
1.28541e-007	-0.014
1.29041e-007	-0.014
1.29541e-007	-0.0143125
1.30041e-007	-0.0143125
1.30541e-007	-0.014625
1.31041e-007	-0.014625
1.31541e-007	-0.014
1.32041e-007	-0.0130625
1.32541e-007	-0.01275
1.33041e-007	-0.0124375
1.33541e-007	-0.0130625
1.34041e-007	-0.0115
1.34541e-007	-0.0115
1.35041e-007	-0.0124375
1.35541e-007	-0.0124375
1.36041e-007	-0.0124375
1.36541e-007	-0.012125
1.37041e-007	-0.01275
1.37541e-007	-0.013375
1.38041e-007	-0.013375
1.38541e-007	-0.0143125
1.39041e-007	-0.0143125
1.39541e-007	-0.014625
1.40041e-007	-0.014625
1.40541e-007	-0.0143125
1.41041e-007	-0.0136875
1.41541e-007	-0.01275
1.42041e-007	-0.0130625
1.42541e-007	-0.01275
1.43041e-007	-0.0115
1.43541e-007	-0.0124375
1.44041e-007	-0.0118125
1.44541e-007	-0.0118125
1.45041e-007	-0.0115
1.45541e-007	-0.0118125
1.46041e-007	-0.0115
1.46541e-007	-0.0124375
1.47041e-007	-0.01275
1.47541e-007	-0.0130625
1.48041e-007	-0.0130625
1.48541e-007	-0.014
1.49041e-007	-0.013375
1.49541e-007	-0.0136875
1.50041e-007	-0.0136875
1.50541e-007	-0.0130625
1.51041e-007	-0.0136875
1.51541e-007	-0.014
1.52041e-007	-0.01275
1.52541e-007	-0.012125
1.53041e-007	-0.0115
1.53541e-007	-0.0115
1.54041e-007	-0.0115
1.54541e-007	-0.0115
1.55041e-007	-0.010875
1.55541e-007	-0.0105625
1.56041e-007	-0.0115
1.56541e-007	-0.0118125
1.57041e-007	-0.012125
1.57541e-007	-0.01275
1.58041e-007	-0.0130625
1.58541e-007	-0.0136875
1.59041e-007	-0.0136875
1.59541e-007	-0.013375
1.60041e-007	-0.0130625
1.60541e-007	-0.0130625
1.61041e-007	-0.01275
1.61541e-007	-0.0130625
1.62041e-007	-0.0118125
1.62541e-007	-0.0118125
1.63041e-007	-0.0111875
1.63541e-007	-0.010875
1.64041e-007	-0.010875
1.64541e-007	-0.0111875
1.65041e-007	-0.0115
1.65541e-007	-0.0111875
1.66041e-007	-0.0118125
1.66541e-007	-0.0124375
1.67041e-007	-0.012125
1.67541e-007	-0.01275
1.68041e-007	-0.01275
1.68541e-007	-0.01275
1.69041e-007	-0.01275
1.69541e-007	-0.0124375
1.70041e-007	-0.012125
1.70541e-007	-0.0124375
1.71041e-007	-0.012125
1.71541e-007	-0.0124375
1.72041e-007	-0.0111875
1.72541e-007	-0.0115
1.73041e-007	-0.0111875
1.73541e-007	-0.0115
1.74041e-007	-0.0118125
1.74541e-007	-0.0115
1.75041e-007	-0.012125
1.75541e-007	-0.012125
1.76041e-007	-0.0111875
1.76541e-007	-0.012125
1.77041e-007	-0.01275
1.77541e-007	-0.01275
1.78041e-007	-0.012125
1.78541e-007	-0.0124375
1.79041e-007	-0.012125
1.79541e-007	-0.012125
1.80041e-007	-0.0115
1.80541e-007	-0.0115
1.81041e-007	-0.012125
1.81541e-007	-0.0115
1.82041e-007	-0.0111875
1.82541e-007	-0.0115
1.83041e-007	-0.0115
1.83541e-007	-0.0115
1.84041e-007	-0.0105625
1.84541e-007	-0.010875
1.85041e-007	-0.0118125
1.85541e-007	-0.012125
1.86041e-007	-0.012125
1.86541e-007	-0.012125
1.87041e-007	-0.0118125
1.87541e-007	-0.0124375
1.88041e-007	-0.0118125
1.88541e-007	-0.0115
1.89041e-007	-0.0111875
1.89541e-007	-0.0111875
1.90041e-007	-0.0105625
1.90541e-007	-0.01025
1.91041e-007	-0.0105625
1.91541e-007	-0.010875
1.92041e-007	-0.01025
1.92541e-007	-0.01025
1.93041e-007	-0.0111875
1.93541e-007	-0.0118125
1.94041e-007	-0.0115
1.94541e-007	-0.0118125
1.95041e-007	-0.0115
1.95541e-007	-0.0118125
1.96041e-007	-0.0118125
1.96541e-007	-0.012125
1.97041e-007	-0.0115
1.97541e-007	-0.0111875
1.98041e-007	-0.0118125
1.98541e-007	-0.0115
1.99041e-007	-0.01025
1.99541e-007	-0.010875
2.00041e-007	-0.01025
2.00541e-007	-0.009
2.01041e-007	-0.01025
2.01541e-007	-0.0105625
2.02041e-007	-0.010875
2.02541e-007	-0.0105625
2.03041e-007	-0.0105625
2.03541e-007	-0.0105625
2.04041e-007	-0.0115
2.04541e-007	-0.0111875
2.05041e-007	-0.0105625
2.05541e-007	-0.0118125
2.06041e-007	-0.012125
2.06541e-007	-0.012125
2.07041e-007	-0.0111875
2.07541e-007	-0.0105625
2.08041e-007	-0.01025
2.08541e-007	-0.0111875
2.09041e-007	-0.01025
2.09541e-007	-0.01025
2.10041e-007	-0.01025
2.10541e-007	-0.009
2.11041e-007	-0.0099375
2.11541e-007	-0.01025
2.12041e-007	-0.0099375
2.12541e-007	-0.0105625
2.13041e-007	-0.0111875
2.13541e-007	-0.0115
2.14041e-007	-0.010875
2.14541e-007	-0.0115
2.15041e-007	-0.0111875
2.15541e-007	-0.0118125
2.16041e-007	-0.0115
2.16541e-007	-0.0105625
2.17041e-007	-0.0099375
2.17541e-007	-0.01025
2.18041e-007	-0.01025
2.18541e-007	-0.0105625
2.19041e-007	-0.0099375
2.19541e-007	-0.0093125
2.20041e-007	-0.009
2.20541e-007	-0.0086875
2.21041e-007	-0.009625
2.21541e-007	-0.0099375
2.22041e-007	-0.0105625
2.22541e-007	-0.010875
2.23041e-007	-0.0111875
2.23541e-007	-0.0118125
2.24041e-007	-0.0111875
2.24541e-007	-0.0115
2.25041e-007	-0.0115
2.25541e-007	-0.0111875
2.26041e-007	-0.010875
2.26541e-007	-0.0099375
2.27041e-007	-0.01025
2.27541e-007	-0.009625
2.28041e-007	-0.0086875
2.28541e-007	-0.008375
2.29041e-007	-0.009
2.29541e-007	-0.0086875
2.30041e-007	-0.008375
2.30541e-007	-0.0086875
2.31041e-007	-0.0093125
2.31541e-007	-0.0099375
2.32041e-007	-0.010875
2.32541e-007	-0.0118125
2.33041e-007	-0.0111875
2.33541e-007	-0.0111875
2.34041e-007	-0.010875
2.34541e-007	-0.0111875
2.35041e-007	-0.0115
2.35541e-007	-0.0111875
2.36041e-007	-0.01025
2.36541e-007	-0.009625
2.37041e-007	-0.0093125
2.37541e-007	-0.009
2.38041e-007	-0.0080625
2.38541e-007	-0.008375
2.39041e-007	-0.008375
2.39541e-007	-0.0080625
2.40041e-007	-0.0086875
2.40541e-007	-0.0086875
2.41041e-007	-0.0093125
2.41541e-007	-0.01025
2.42041e-007	-0.0111875
2.42541e-007	-0.0118125
2.43041e-007	-0.0111875
2.43541e-007	-0.0115
2.44041e-007	-0.0111875
2.44541e-007	-0.0105625
2.45041e-007	-0.0105625
2.45541e-007	-0.0099375
2.46041e-007	-0.0099375
2.46541e-007	-0.0086875
2.47041e-007	-0.008375
2.47541e-007	-0.0080625
2.48041e-007	-0.0080625
2.48541e-007	-0.00775
2.49041e-007	-0.008375
2.49541e-007	-0.0080625
2.50041e-007	-0.008375
2.50541e-007	-0.0086875
2.51041e-007	-0.009625
2.51541e-007	-0.01025
2.52041e-007	-0.010875
2.52541e-007	-0.010875
2.53041e-007	-0.010875
2.53541e-007	-0.012125
2.54041e-007	-0.0115
2.54541e-007	-0.0111875
2.55041e-007	-0.0105625
2.55541e-007	-0.009625
2.56041e-007	-0.0093125
2.56541e-007	-0.0080625
2.57041e-007	-0.00775
2.57541e-007	-0.0074375
2.58041e-007	-0.007125
2.58541e-007	-0.007125
2.59041e-007	-0.007125
2.59541e-007	-0.007125
2.60041e-007	-0.00775
2.60541e-007	-0.0080625
2.61041e-007	-0.01025
2.61541e-007	-0.01025
2.62041e-007	-0.0099375
2.62541e-007	-0.0111875
2.63041e-007	-0.010875
2.63541e-007	-0.0118125
2.64041e-007	-0.0115
2.64541e-007	-0.010875
2.65041e-007	-0.01025
2.65541e-007	-0.009
2.66041e-007	-0.008375
2.66541e-007	-0.0080625
2.67041e-007	-0.00775
2.67541e-007	-0.0074375
2.68041e-007	-0.0065
2.68541e-007	-0.007125
2.69041e-007	-0.00775
2.69541e-007	-0.007125
2.70041e-007	-0.00775
2.70541e-007	-0.0080625
2.71041e-007	-0.009
2.71541e-007	-0.009
2.72041e-007	-0.009625
2.72541e-007	-0.010875
2.73041e-007	-0.010875
2.73541e-007	-0.0115
2.74041e-007	-0.010875
2.74541e-007	-0.0105625
2.75041e-007	-0.0105625
2.75541e-007	-0.0093125
2.76041e-007	-0.0093125
2.76541e-007	-0.0080625
2.77041e-007	-0.0080625
2.77541e-007	-0.0080625
2.78041e-007	-0.007125
2.78541e-007	-0.0068125
2.79041e-007	-0.007125
2.79541e-007	-0.007125
2.80041e-007	-0.00775
2.80541e-007	-0.00775
2.81041e-007	-0.0086875
2.81541e-007	-0.009
2.82041e-007	-0.0093125
2.82541e-007	-0.0099375
2.83041e-007	-0.0099375
2.83541e-007	-0.0105625
2.84041e-007	-0.01025
2.84541e-007	-0.010875
2.85041e-007	-0.01025
2.85541e-007	-0.0099375
2.86041e-007	-0.0099375
2.86541e-007	-0.008375
2.87041e-007	-0.0086875
2.87541e-007	-0.0080625
2.88041e-007	-0.0074375
2.88541e-007	-0.00775
2.89041e-007	-0.0074375
2.89541e-007	-0.00775
2.90041e-007	-0.0080625
2.90541e-007	-0.0074375
2.91041e-007	-0.0080625
2.91541e-007	-0.008375
2.92041e-007	-0.0093125
2.92541e-007	-0.01025
2.93041e-007	-0.009625
2.93541e-007	-0.0093125
2.94041e-007	-0.009
2.94541e-007	-0.0099375
2.95041e-007	-0.0099375
2.95541e-007	-0.0080625
2.96041e-007	-0.008375
2.96541e-007	-0.0080625
2.97041e-007	-0.0086875
2.97541e-007	-0.0080625
2.98041e-007	-0.0074375
2.98541e-007	-0.0080625
2.99041e-007	-0.00775
2.99541e-007	-0.0080625
3.00041e-007	-0.008375
3.00541e-007	-0.0080625
3.01041e-007	-0.0086875
3.01541e-007	-0.0080625
3.02041e-007	-0.00775
3.02541e-007	-0.009
3.03041e-007	-0.009
3.03541e-007	-0.008375
3.04041e-007	-0.008375
3.04541e-007	-0.0086875
3.05041e-007	-0.0086875
3.05541e-007	-0.008375
3.06041e-007	-0.0080625
3.06541e-007	-0.00775
3.07041e-007	-0.0080625
3.07541e-007	-0.00775
3.08041e-007	-0.00775
3.08541e-007	-0.0080625
3.09041e-007	-0.00775
3.09541e-007	-0.00775
3.10041e-007	-0.00775
3.10541e-007	-0.0080625
3.11041e-007	-0.0086875
3.11541e-007	-0.009
3.12041e-007	-0.008375
3.12541e-007	-0.008375
3.13041e-007	-0.008375
3.13541e-007	-0.0086875
3.14041e-007	-0.008375
3.14541e-007	-0.008375
3.15041e-007	-0.008375
3.15541e-007	-0.0080625
3.16041e-007	-0.00775
3.16541e-007	-0.007125
3.17041e-007	-0.0080625
3.17541e-007	-0.00775
3.18041e-007	-0.0074375
3.18541e-007	-0.0074375
3.19041e-007	-0.00775
3.19541e-007	-0.0080625
3.20041e-007	-0.008375
3.20541e-007	-0.0086875
3.21041e-007	-0.009
3.21541e-007	-0.008375
3.22041e-007	-0.008375
3.22541e-007	-0.008375
3.23041e-007	-0.008375
3.23541e-007	-0.0080625
3.24041e-007	-0.0080625
3.24541e-007	-0.007125
3.25041e-007	-0.00775
3.25541e-007	-0.007125
3.26041e-007	-0.0074375
3.26541e-007	-0.0074375
3.27041e-007	-0.0065
3.27541e-007	-0.007125
3.28041e-007	-0.0074375
3.28541e-007	-0.0074375
3.29041e-007	-0.0074375
3.29541e-007	-0.0074375
3.30041e-007	-0.0080625
3.30541e-007	-0.0086875
3.31041e-007	-0.008375
3.31541e-007	-0.0080625
3.32041e-007	-0.0080625
3.32541e-007	-0.0086875
3.33041e-007	-0.008375
3.33541e-007	-0.0080625
3.34041e-007	-0.008375
3.34541e-007	-0.007125
3.35041e-007	-0.007125
3.35541e-007	-0.0074375
3.36041e-007	-0.0074375
3.36541e-007	-0.0068125
3.37041e-007	-0.0068125
3.37541e-007	-0.007125
3.38041e-007	-0.0065
3.38541e-007	-0.0068125
3.39041e-007	-0.0074375
3.39541e-007	-0.0074375
3.40041e-007	-0.0080625
3.40541e-007	-0.00775
3.41041e-007	-0.009
3.41541e-007	-0.0086875
3.42041e-007	-0.008375
3.42541e-007	-0.0080625
3.43041e-007	-0.0080625
3.43541e-007	-0.0080625
3.44041e-007	-0.00775
3.44541e-007	-0.0068125
3.45041e-007	-0.00775
3.45541e-007	-0.0074375
3.46041e-007	-0.007125
3.46541e-007	-0.0065
3.47041e-007	-0.0068125
3.47541e-007	-0.0065
3.48041e-007	-0.0065
3.48541e-007	-0.0065
3.49041e-007	-0.005875
3.49541e-007	-0.0068125
3.50041e-007	-0.007125
3.50541e-007	-0.007125
3.51041e-007	-0.008375
3.51541e-007	-0.008375
3.52041e-007	-0.00775
3.52541e-007	-0.0080625
3.53041e-007	-0.00775
3.53541e-007	-0.0080625
3.54041e-007	-0.00775
3.54541e-007	-0.00775
3.55041e-007	-0.0080625
3.55541e-007	-0.0074375
3.56041e-007	-0.0068125
3.56541e-007	-0.0065
3.57041e-007	-0.0065
3.57541e-007	-0.0061875
3.58041e-007	-0.0055625
3.58541e-007	-0.005875
3.59041e-007	-0.0061875
3.59541e-007	-0.0065
3.60041e-007	-0.0061875
3.60541e-007	-0.0068125
3.61041e-007	-0.0074375
3.61541e-007	-0.007125
3.62041e-007	-0.007125
3.62541e-007	-0.0074375
3.63041e-007	-0.00775
3.63541e-007	-0.0080625
3.64041e-007	-0.00775
3.64541e-007	-0.00775
3.65041e-007	-0.0074375
3.65541e-007	-0.0068125
3.66041e-007	-0.00775
3.66541e-007	-0.0068125
3.67041e-007	-0.0061875
3.67541e-007	-0.0055625
3.68041e-007	-0.0061875
3.68541e-007	-0.005875
3.69041e-007	-0.005875
3.69541e-007	-0.0061875
3.70041e-007	-0.005875
3.70541e-007	-0.0061875
3.71041e-007	-0.007125
3.71541e-007	-0.005875
3.72041e-007	-0.0068125
3.72541e-007	-0.0074375
3.73041e-007	-0.0080625
3.73541e-007	-0.00775
3.74041e-007	-0.007125
3.74541e-007	-0.00775
3.75041e-007	-0.00775
3.75541e-007	-0.0068125
3.76041e-007	-0.0068125
3.76541e-007	-0.0068125
3.77041e-007	-0.0068125
3.77541e-007	-0.0068125
3.78041e-007	-0.0061875
3.78541e-007	-0.0055625
3.79041e-007	-0.00525
3.79541e-007	-0.0055625
3.80041e-007	-0.0055625
3.80541e-007	-0.0049375
3.81041e-007	-0.0055625
3.81541e-007	-0.0068125
3.82041e-007	-0.0065
3.82541e-007	-0.005875
3.83041e-007	-0.0065
3.83541e-007	-0.007125
3.84041e-007	-0.0074375
3.84541e-007	-0.0074375
3.85041e-007	-0.0074375
3.85541e-007	-0.00775
3.86041e-007	-0.0068125
3.86541e-007	-0.005875
3.87041e-007	-0.0068125
3.87541e-007	-0.0061875
3.88041e-007	-0.005875
3.88541e-007	-0.0055625
3.89041e-007	-0.0055625
3.89541e-007	-0.0065
3.90041e-007	-0.005875
3.90541e-007	-0.0049375
3.91041e-007	-0.0055625
3.91541e-007	-0.005875
3.92041e-007	-0.0061875
3.92541e-007	-0.0061875
3.93041e-007	-0.0061875
3.93541e-007	-0.005875
3.94041e-007	-0.0068125
3.94541e-007	-0.0068125
3.95041e-007	-0.0068125
3.95541e-007	-0.0061875
3.96041e-007	-0.0065
3.96541e-007	-0.005875
3.97041e-007	-0.005875
3.97541e-007	-0.0055625
3.98041e-007	-0.0061875
3.98541e-007	-0.005875
3.99041e-007	-0.005875
3.99541e-007	-0.0055625
4.00041e-007	-0.0055625
4.00541e-007	-0.005875
4.01041e-007	-0.0061875
4.01541e-007	-0.0055625
4.02041e-007	-0.0055625
4.02541e-007	-0.005875
4.03041e-007	-0.005875
4.03541e-007	-0.0068125
4.04041e-007	-0.005875
4.04541e-007	-0.0061875
4.05041e-007	-0.007125
4.05541e-007	-0.0061875
4.06041e-007	-0.0065
4.06541e-007	-0.0061875
4.07041e-007	-0.0055625
4.07541e-007	-0.005875
4.08041e-007	-0.00525
4.08541e-007	-0.0055625
4.09041e-007	-0.0061875
4.09541e-007	-0.0065
4.10041e-007	-0.0055625
4.10541e-007	-0.0055625
4.11041e-007	-0.0065
4.11541e-007	-0.00525
4.12041e-007	-0.005875
4.12541e-007	-0.005875
4.13041e-007	-0.0055625
4.13541e-007	-0.0055625
4.14041e-007	-0.0061875
4.14541e-007	-0.005875
4.15041e-007	-0.0061875
4.15541e-007	-0.0055625
4.16041e-007	-0.0055625
4.16541e-007	-0.005875
4.17041e-007	-0.0055625
4.17541e-007	-0.005875
4.18041e-007	-0.00525
4.18541e-007	-0.00525
4.19041e-007	-0.0049375
4.19541e-007	-0.0055625
4.20041e-007	-0.0065
4.20541e-007	-0.0055625
4.21041e-007	-0.0061875
4.21541e-007	-0.0065
4.22041e-007	-0.0068125
4.22541e-007	-0.0061875
4.23041e-007	-0.005875
4.23541e-007	-0.0068125
4.24041e-007	-0.0061875
4.24541e-007	-0.005875
4.25041e-007	-0.005875
4.25541e-007	-0.005875
4.26041e-007	-0.0055625
4.26541e-007	-0.004625
4.27041e-007	-0.004625
4.27541e-007	-0.00525
4.28041e-007	-0.00525
4.28541e-007	-0.005875
4.29041e-007	-0.0049375
4.29541e-007	-0.0049375
4.30041e-007	-0.0055625
4.30541e-007	-0.0061875
4.31041e-007	-0.0065
4.31541e-007	-0.0061875
4.32041e-007	-0.0065
4.32541e-007	-0.005875
4.33041e-007	-0.0061875
4.33541e-007	-0.0061875
4.34041e-007	-0.0049375
4.34541e-007	-0.0055625
4.35041e-007	-0.0061875
4.35541e-007	-0.0061875
4.36041e-007	-0.004625
4.36541e-007	-0.004625
4.37041e-007	-0.00525
4.37541e-007	-0.0043125
4.38041e-007	-0.004625
4.38541e-007	-0.0049375
4.39041e-007	-0.004625
4.39541e-007	-0.0049375
4.40041e-007	-0.0049375
4.40541e-007	-0.0055625
4.41041e-007	-0.005875
4.41541e-007	-0.0061875
4.42041e-007	-0.0068125
4.42541e-007	-0.0065
4.43041e-007	-0.0065
4.43541e-007	-0.0061875
4.44041e-007	-0.0055625
4.44541e-007	-0.005875
4.45041e-007	-0.0055625
4.45541e-007	-0.0049375
4.46041e-007	-0.004625
4.46541e-007	-0.0049375
4.47041e-007	-0.00525
4.47541e-007	-0.004625
4.48041e-007	-0.0043125
4.48541e-007	-0.0043125
4.49041e-007	-0.004
4.49541e-007	-0.004625
4.50041e-007	-0.005875
4.50541e-007	-0.00525
4.51041e-007	-0.00525
4.51541e-007	-0.0061875
4.52041e-007	-0.0061875
4.52541e-007	-0.0055625
4.53041e-007	-0.005875
4.53541e-007	-0.0061875
4.54041e-007	-0.005875
4.54541e-007	-0.0055625
4.55041e-007	-0.0055625
4.55541e-007	-0.0055625
4.56041e-007	-0.00525
4.56541e-007	-0.00525
4.57041e-007	-0.00525
4.57541e-007	-0.0043125
4.58041e-007	-0.0043125
4.58541e-007	-0.00525
4.59041e-007	-0.00525
4.59541e-007	-0.0043125
4.60041e-007	-0.004625
4.60541e-007	-0.00525
4.61041e-007	-0.0055625
4.61541e-007	-0.004625
4.62041e-007	-0.004625
4.62541e-007	-0.0055625
4.63041e-007	-0.0055625
4.63541e-007	-0.0055625
4.64041e-007	-0.00525
4.64541e-007	-0.0049375
4.65041e-007	-0.0049375
4.65541e-007	-0.004625
4.66041e-007	-0.00525
4.66541e-007	-0.0061875
4.67041e-007	-0.005875
4.67541e-007	-0.00525
4.68041e-007	-0.0049375
4.68541e-007	-0.00525
4.69041e-007	-0.0055625
4.69541e-007	-0.0049375
4.70041e-007	-0.0049375
4.70541e-007	-0.0049375
4.71041e-007	-0.0043125
4.71541e-007	-0.0049375
4.72041e-007	-0.0055625
4.72541e-007	-0.0049375
4.73041e-007	-0.004625
4.73541e-007	-0.0049375
4.74041e-007	-0.0049375
4.74541e-007	-0.004625
4.75041e-007	-0.004625
4.75541e-007	-0.0055625
4.76041e-007	-0.0055625
4.76541e-007	-0.0055625
4.77041e-007	-0.0061875
4.77541e-007	-0.005875
4.78041e-007	-0.0061875
4.78541e-007	-0.0055625
4.79041e-007	-0.0055625
4.79541e-007	-0.00525
4.80041e-007	-0.0043125
4.80541e-007	-0.0043125
4.81041e-007	-0.004625
4.81541e-007	-0.004
4.82041e-007	-0.003375
4.82541e-007	-0.0030625
4.83041e-007	-0.0030625
4.83541e-007	-0.003375
4.84041e-007	-0.003375
4.84541e-007	-0.0036875
4.85041e-007	-0.0043125
4.85541e-007	-0.0049375
4.86041e-007	-0.0049375
4.86541e-007	-0.0049375
4.87041e-007	-0.0065
4.87541e-007	-0.0068125
4.88041e-007	-0.0065
4.88541e-007	-0.0065
4.89041e-007	-0.005875
4.89541e-007	-0.0055625
4.90041e-007	-0.00525
4.90541e-007	-0.004625
4.91041e-007	-0.004
4.91541e-007	-0.0036875
4.92041e-007	-0.0030625
4.92541e-007	-0.00275
4.93041e-007	-0.00275
4.93541e-007	-0.0030625
4.94041e-007	-0.0030625
4.94541e-007	-0.0036875
4.95041e-007	-0.004
4.95541e-007	-0.004625
4.96041e-007	-0.0043125
4.96541e-007	-0.00525
4.97041e-007	-0.0065
4.97541e-007	-0.0065
4.98041e-007	-0.0068125
4.98541e-007	-0.007125
4.99041e-007	-0.0061875
4.99541e-007	-0.0055625
5.00041e-007	-0.0049375
5.00541e-007	-0.0043125
5.01041e-007	-0.003375
5.01541e-007	-0.003375
5.02041e-007	-0.0036875
5.02541e-007	-0.003375
5.03041e-007	-0.002125
5.03541e-007	-0.0015
5.04041e-007	-0.002125
5.04541e-007	-0.0030625
5.05041e-007	-0.0030625
5.05541e-007	-0.004
5.06041e-007	-0.0049375
5.06541e-007	-0.005875
5.07041e-007	-0.0065
5.07541e-007	-0.0065
5.08041e-007	-0.0065
5.08541e-007	-0.007125
5.09041e-007	-0.007125
5.09541e-007	-0.0061875
5.10041e-007	-0.004625
5.10541e-007	-0.004
5.11041e-007	-0.0036875
5.11541e-007	-0.0030625
5.12041e-007	-0.002125
5.12541e-007	-0.002125
5.13041e-007	-0.0024375
5.13541e-007	-0.0024375
5.14041e-007	-0.0024375
5.14541e-007	-0.0030625
5.15041e-007	-0.003375
5.15541e-007	-0.003375
5.16041e-007	-0.0049375
5.16541e-007	-0.0049375
5.17041e-007	-0.00525
5.17541e-007	-0.0068125
5.18041e-007	-0.007125
5.18541e-007	-0.0065
5.19041e-007	-0.0065
5.19541e-007	-0.00525
5.20041e-007	-0.0049375
5.20541e-007	-0.004625
5.21041e-007	-0.003375
5.21541e-007	-0.0024375
5.22041e-007	-0.0018125
5.22541e-007	-0.0018125
5.23041e-007	-0.0011875
5.23541e-007	-0.0018125
5.24041e-007	-0.00275
5.24541e-007	-0.003375
5.25041e-007	-0.003375
5.25541e-007	-0.004625
5.26041e-007	-0.00525
5.26541e-007	-0.0055625
5.27041e-007	-0.0055625
5.27541e-007	-0.0065
5.28041e-007	-0.0068125
5.28541e-007	-0.007125
5.29041e-007	-0.0065
5.29541e-007	-0.0055625
5.30041e-007	-0.0043125
5.30541e-007	-0.0036875
5.31041e-007	-0.0030625
5.31541e-007	-0.0024375
5.32041e-007	-0.002125
5.32541e-007	-0.0011875
5.33041e-007	-0.0015
5.33541e-007	-0.0024375
5.34041e-007	-0.0030625
5.34541e-007	-0.0030625
5.35041e-007	-0.003375
5.35541e-007	-0.0036875
5.36041e-007	-0.004625
5.36541e-007	-0.0055625
5.37041e-007	-0.0061875
5.37541e-007	-0.0065
5.38041e-007	-0.0068125
5.38541e-007	-0.0061875
5.39041e-007	-0.00525
5.39541e-007	-0.0049375
5.40041e-007	-0.0036875
5.40541e-007	-0.004
5.41041e-007	-0.003375
5.41541e-007	-0.0018125
5.42041e-007	-0.0015
5.42541e-007	-0.0018125
5.43041e-007	-0.0011875
5.43541e-007	-0.0018125
5.44041e-007	-0.0024375
5.44541e-007	-0.003375
5.45041e-007	-0.004625
5.45541e-007	-0.0055625
5.46041e-007	-0.00525
5.46541e-007	-0.0061875
5.47041e-007	-0.0065
5.47541e-007	-0.0061875
5.48041e-007	-0.0065
5.48541e-007	-0.0061875
5.49041e-007	-0.0055625
5.49541e-007	-0.00525
5.50041e-007	-0.004
5.50541e-007	-0.0024375
5.51041e-007	-0.0011875
5.51541e-007	-0.0011875
5.52041e-007	-0.0011875
5.52541e-007	-0.0011875
5.53041e-007	-0.0015
5.53541e-007	-0.002125
5.54041e-007	-0.0024375
5.54541e-007	-0.0030625
5.55041e-007	-0.004
5.55541e-007	-0.00525
5.56041e-007	-0.0061875
5.56541e-007	-0.0065
5.57041e-007	-0.0065
5.57541e-007	-0.0068125
5.58041e-007	-0.0068125
5.58541e-007	-0.005875
5.59041e-007	-0.0049375
5.59541e-007	-0.0036875
5.60041e-007	-0.003375
5.60541e-007	-0.002125
5.61041e-007	-0.0015
5.61541e-007	-0.000875
5.62041e-007	-0.0015
5.62541e-007	-0.0011875
5.63041e-007	-0.0015
5.63541e-007	-0.0024375
5.64041e-007	-0.0030625
5.64541e-007	-0.003375
5.65041e-007	-0.004625
5.65541e-007	-0.0055625
5.66041e-007	-0.005875
5.66541e-007	-0.0068125
5.67041e-007	-0.0068125
5.67541e-007	-0.0061875
5.68041e-007	-0.0061875
5.68541e-007	-0.0061875
5.69041e-007	-0.0049375
5.69541e-007	-0.004
5.70041e-007	-0.00275
5.70541e-007	-0.0024375
5.71041e-007	-0.0018125
5.71541e-007	-0.0011875
5.72041e-007	-0.000875
5.72541e-007	-0.0011875
5.73041e-007	-0.0015
5.73541e-007	-0.0018125
5.74041e-007	-0.0024375
5.74541e-007	-0.003375
5.75041e-007	-0.0043125
5.75541e-007	-0.00525
5.76041e-007	-0.005875
5.76541e-007	-0.0068125
5.77041e-007	-0.0061875
5.77541e-007	-0.0061875
5.78041e-007	-0.0055625
5.78541e-007	-0.0055625
5.79041e-007	-0.0043125
5.79541e-007	-0.0030625
5.80041e-007	-0.00275
5.80541e-007	-0.0018125
5.81041e-007	-0.0015
5.81541e-007	-0.000875
5.82041e-007	-0.0018125
5.82541e-007	-0.0011875
5.83041e-007	-0.0011875
5.83541e-007	-0.0018125
5.84041e-007	-0.0030625
5.84541e-007	-0.004
5.85041e-007	-0.00525
5.85541e-007	-0.0049375
5.86041e-007	-0.005875
5.86541e-007	-0.005875
5.87041e-007	-0.0055625
5.87541e-007	-0.0049375
5.88041e-007	-0.0055625
5.88541e-007	-0.00525
5.89041e-007	-0.004
5.89541e-007	-0.0036875
5.90041e-007	-0.0030625
5.90541e-007	-0.002125
5.91041e-007	-0.0018125
5.91541e-007	-0.0018125
5.92041e-007	-0.002125
5.92541e-007	-0.002125
5.93041e-007	-0.0011875
5.93541e-007	-0.0018125
5.94041e-007	-0.0024375
5.94541e-007	-0.0043125
5.95041e-007	-0.004625
5.95541e-007	-0.004625
5.96041e-007	-0.0049375
5.96541e-007	-0.00525
5.97041e-007	-0.0049375
5.97541e-007	-0.0055625
5.98041e-007	-0.0049375
5.98541e-007	-0.0043125
5.99041e-007	-0.0036875
5.99541e-007	-0.004
6.00041e-007	-0.003375
6.00541e-007	-0.0024375
6.01041e-007	-0.0024375
6.01541e-007	-0.0018125
6.02041e-007	-0.0018125
6.02541e-007	-0.0018125
6.03041e-007	-0.0018125
6.03541e-007	-0.0018125
6.04041e-007	-0.0030625
6.04541e-007	-0.0030625
6.05041e-007	-0.004
6.05541e-007	-0.004625
6.06041e-007	-0.0049375
6.06541e-007	-0.004625
6.07041e-007	-0.00525
6.07541e-007	-0.0043125
6.08041e-007	-0.0036875
6.08541e-007	-0.0043125
6.09041e-007	-0.0036875
6.09541e-007	-0.0030625
6.10041e-007	-0.0024375
6.10541e-007	-0.0018125
6.11041e-007	-0.0024375
6.11541e-007	-0.00275
6.12041e-007	-0.00275
6.12541e-007	-0.002125
6.13041e-007	-0.0018125
6.13541e-007	-0.002125
6.14041e-007	-0.0024375
6.14541e-007	-0.0036875
6.15041e-007	-0.004
6.15541e-007	-0.004625
6.16041e-007	-0.0043125
6.16541e-007	-0.0043125
6.17041e-007	-0.0036875
6.17541e-007	-0.004625
6.18041e-007	-0.004
6.18541e-007	-0.0036875
6.19041e-007	-0.00275
6.19541e-007	-0.0030625
6.20041e-007	-0.00275
6.20541e-007	-0.002125
6.21041e-007	-0.0024375
6.21541e-007	-0.00275
6.22041e-007	-0.0024375
6.22541e-007	-0.0024375
6.23041e-007	-0.0024375
6.23541e-007	-0.00275
6.24041e-007	-0.003375
6.24541e-007	-0.0036875
6.25041e-007	-0.0036875
6.25541e-007	-0.0036875
6.26041e-007	-0.00525
6.26541e-007	-0.0049375
6.27041e-007	-0.0049375
6.27541e-007	-0.004625
6.28041e-007	-0.0036875
6.28541e-007	-0.0030625
6.29041e-007	-0.00275
6.29541e-007	-0.0030625
6.30041e-007	-0.0036875
6.30541e-007	-0.002125
6.31041e-007	-0.002125
6.31541e-007	-0.0018125
6.32041e-007	-0.00275
6.32541e-007	-0.003375
6.33041e-007	-0.00275
6.33541e-007	-0.00275
6.34041e-007	-0.0030625
6.34541e-007	-0.0036875
6.35041e-007	-0.0030625
6.35541e-007	-0.0030625
6.36041e-007	-0.0036875
6.36541e-007	-0.004625
6.37041e-007	-0.0043125
6.37541e-007	-0.004625
6.38041e-007	-0.0036875
6.38541e-007	-0.0043125
6.39041e-007	-0.0036875
6.39541e-007	-0.0024375
6.40041e-007	-0.0024375
6.40541e-007	-0.0030625
6.41041e-007	-0.00275
6.41541e-007	-0.00275
6.42041e-007	-0.002125
6.42541e-007	-0.00275
6.43041e-007	-0.00275
6.43541e-007	-0.002125
6.44041e-007	-0.0024375
6.44541e-007	-0.003375
6.45041e-007	-0.003375
6.45541e-007	-0.003375
6.46041e-007	-0.0036875
6.46541e-007	-0.0043125
6.47041e-007	-0.0036875
6.47541e-007	-0.004
6.48041e-007	-0.0043125
6.48541e-007	-0.004
6.49041e-007	-0.0036875
6.49541e-007	-0.003375
6.50041e-007	-0.0030625
6.50541e-007	-0.0030625
6.51041e-007	-0.0030625
6.51541e-007	-0.0030625
6.52041e-007	-0.00275
6.52541e-007	-0.002125
6.53041e-007	-0.002125
6.53541e-007	-0.002125
6.54041e-007	-0.0030625
6.54541e-007	-0.0030625
6.55041e-007	-0.0030625
6.55541e-007	-0.0030625
6.56041e-007	-0.0036875
6.56541e-007	-0.004
6.57041e-007	-0.0036875
6.57541e-007	-0.0043125
6.58041e-007	-0.003375
6.58541e-007	-0.0036875
6.59041e-007	-0.0036875
6.59541e-007	-0.003375
6.60041e-007	-0.003375
6.60541e-007	-0.00275
6.61041e-007	-0.0030625
6.61541e-007	-0.0030625
6.62041e-007	-0.0024375
6.62541e-007	-0.0030625
6.63041e-007	-0.0024375
6.63541e-007	-0.0024375
6.64041e-007	-0.0024375
6.64541e-007	-0.00275
6.65041e-007	-0.003375
6.65541e-007	-0.0030625
6.66041e-007	-0.0030625
6.66541e-007	-0.00275
6.67041e-007	-0.003375
6.67541e-007	-0.0043125
6.68041e-007	-0.003375
6.68541e-007	-0.0030625
6.69041e-007	-0.0036875
6.69541e-007	-0.0030625
6.70041e-007	-0.0036875
6.70541e-007	-0.0030625
6.71041e-007	-0.00275
6.71541e-007	-0.0030625
6.72041e-007	-0.0030625
6.72541e-007	-0.0024375
6.73041e-007	-0.0024375
6.73541e-007	-0.00275
6.74041e-007	-0.0030625
6.74541e-007	-0.0030625
6.75041e-007	-0.0030625
6.75541e-007	-0.0030625
6.76041e-007	-0.003375
6.76541e-007	-0.003375
6.77041e-007	-0.00275
6.77541e-007	-0.003375
6.78041e-007	-0.0036875
6.78541e-007	-0.003375
6.79041e-007	-0.0030625
6.79541e-007	-0.0030625
6.80041e-007	-0.003375
6.80541e-007	-0.003375
6.81041e-007	-0.0024375
6.81541e-007	-0.0030625
6.82041e-007	-0.0030625
6.82541e-007	-0.00275
6.83041e-007	-0.00275
6.83541e-007	-0.0024375
6.84041e-007	-0.0030625
6.84541e-007	-0.0030625
6.85041e-007	-0.00275
6.85541e-007	-0.0030625
6.86041e-007	-0.0036875
6.86541e-007	-0.0036875
6.87041e-007	-0.003375
6.87541e-007	-0.00275
6.88041e-007	-0.003375
6.88541e-007	-0.0030625
6.89041e-007	-0.003375
6.89541e-007	-0.0030625
6.90041e-007	-0.0024375
6.90541e-007	-0.0018125
6.91041e-007	-0.00275
6.91541e-007	-0.0030625
6.92041e-007	-0.0024375
6.92541e-007	-0.00275
6.93041e-007	-0.00275
6.93541e-007	-0.0024375
6.94041e-007	-0.0030625
6.94541e-007	-0.00275
6.95041e-007	-0.00275
6.95541e-007	-0.0030625
6.96041e-007	-0.0030625
6.96541e-007	-0.0036875
6.97041e-007	-0.0030625
6.97541e-007	-0.0030625
6.98041e-007	-0.00275
6.98541e-007	-0.00275
6.99041e-007	-0.003375
6.99541e-007	-0.0024375
7.00041e-007	-0.0024375
7.00541e-007	-0.0030625
7.01041e-007	-0.0030625
7.01541e-007	-0.0024375
7.02041e-007	-0.0018125
7.02541e-007	-0.0024375
7.03041e-007	-0.00275
7.03541e-007	-0.0030625
7.04041e-007	-0.003375
7.04541e-007	-0.004
7.05041e-007	-0.0036875
7.05541e-007	-0.003375
7.06041e-007	-0.0036875
7.06541e-007	-0.0036875
7.07041e-007	-0.00275
7.07541e-007	-0.0024375
7.08041e-007	-0.00275
7.08541e-007	-0.0030625
7.09041e-007	-0.0030625
7.09541e-007	-0.002125
7.10041e-007	-0.0024375
7.10541e-007	-0.0024375
7.11041e-007	-0.00275
7.11541e-007	-0.0024375
7.12041e-007	-0.0024375
7.12541e-007	-0.00275
7.13041e-007	-0.00275
7.13541e-007	-0.00275
7.14041e-007	-0.0030625
7.14541e-007	-0.0036875
7.15041e-007	-0.0030625
7.15541e-007	-0.0030625
7.16041e-007	-0.004
7.16541e-007	-0.0036875
7.17041e-007	-0.0030625
7.17541e-007	-0.0030625
7.18041e-007	-0.0030625
7.18541e-007	-0.0030625
7.19041e-007	-0.0030625
7.19541e-007	-0.0030625
7.20041e-007	-0.0024375
7.20541e-007	-0.0018125
7.21041e-007	-0.00275
7.21541e-007	-0.0030625
7.22041e-007	-0.0005625
7.22541e-007	-0.0018125
7.23041e-007	-0.00275
7.23541e-007	-0.003375
7.24041e-007	-0.003375
7.24541e-007	-0.0030625
7.25041e-007	-0.00275
7.25541e-007	-0.003375
7.26041e-007	-0.0036875
7.26541e-007	-0.0030625
7.27041e-007	-0.0024375
7.27541e-007	-0.0024375
7.28041e-007	-0.0030625
7.28541e-007	-0.0030625
7.29041e-007	-0.00275
7.29541e-007	-0.002125
7.30041e-007	-0.0024375
7.30541e-007	-0.0024375
7.31041e-007	-0.0024375
7.31541e-007	-0.0024375
7.32041e-007	-0.00275
7.32541e-007	-0.002125
7.33041e-007	-0.002125
7.33541e-007	-0.0024375
7.34041e-007	-0.0024375
7.34541e-007	-0.0024375
7.35041e-007	-0.0036875
7.35541e-007	-0.0030625
7.36041e-007	-0.00275
7.36541e-007	-0.0030625
7.37041e-007	-0.00275
7.37541e-007	-0.00275
7.38041e-007	-0.00275
7.38541e-007	-0.0024375
7.39041e-007	-0.0024375
7.39541e-007	-0.0024375
7.40041e-007	-0.0024375
7.40541e-007	-0.0024375
7.41041e-007	-0.002125
7.41541e-007	-0.00275
7.42041e-007	-0.0030625
7.42541e-007	-0.0030625
7.43041e-007	-0.0024375
7.43541e-007	-0.0024375
7.44041e-007	-0.0030625
7.44541e-007	-0.003375
7.45041e-007	-0.002125
7.45541e-007	-0.0024375
7.46041e-007	-0.003375
7.46541e-007	-0.0030625
7.47041e-007	-0.0015
7.47541e-007	-0.0018125
7.48041e-007	-0.002125
7.48541e-007	-0.002125
7.49041e-007	-0.0024375
7.49541e-007	-0.002125
7.50041e-007	-0.00275
7.50541e-007	-0.0030625
7.51041e-007	-0.003375
7.51541e-007	-0.003375
7.52041e-007	-0.0030625
7.52541e-007	-0.0030625
7.53041e-007	-0.003375
7.53541e-007	-0.0030625
7.54041e-007	-0.00275
7.54541e-007	-0.002125
7.55041e-007	-0.0030625
7.55541e-007	-0.0030625
7.56041e-007	-0.0015
7.56541e-007	-0.000875
7.57041e-007	-0.0015
7.57541e-007	-0.0011875
7.58041e-007	-0.0011875
7.58541e-007	-0.000875
7.59041e-007	-0.0015
7.59541e-007	-0.0018125
7.60041e-007	-0.002125
7.60541e-007	-0.00275
7.61041e-007	-0.0030625
7.61541e-007	-0.004
7.62041e-007	-0.0043125
7.62541e-007	-0.0036875
7.63041e-007	-0.003375
7.63541e-007	-0.0036875
7.64041e-007	-0.0030625
7.64541e-007	-0.003375
7.65041e-007	-0.0024375
7.65541e-007	-0.002125
7.66041e-007	-0.0015
7.66541e-007	-0.002125
7.67041e-007	-0.0015
7.67541e-007	-0.000875
7.68041e-007	-0.00025
7.68541e-007	-0.000875
7.69041e-007	-0.0015
7.69541e-007	-0.002125
7.70041e-007	-0.0024375
7.70541e-007	-0.003375
7.71041e-007	-0.0036875
7.71541e-007	-0.0036875
7.72041e-007	-0.0043125
7.72541e-007	-0.00525
7.73041e-007	-0.004625
7.73541e-007	-0.003375
7.74041e-007	-0.0036875
7.74541e-007	-0.00275
7.75041e-007	-0.00275
7.75541e-007	-0.0018125
7.76041e-007	-0.0015
7.76541e-007	-0.0015
7.77041e-007	-0.0011875
7.77541e-007	-0.00025
7.78041e-007	-0.00025
7.78541e-007	6.25e-005
7.79041e-007	-0.000875
7.79541e-007	-0.0015
7.80041e-007	-0.002125
7.80541e-007	-0.003375
7.81041e-007	-0.0036875
7.81541e-007	-0.004625
7.82041e-007	-0.0043125
7.82541e-007	-0.0049375
7.83041e-007	-0.0043125
7.83541e-007	-0.0043125
7.84041e-007	-0.0043125
7.84541e-007	-0.0043125
7.85041e-007	-0.00275
7.85541e-007	-0.0018125
7.86041e-007	-0.000875
7.86541e-007	-0.0011875
7.87041e-007	6.25e-005
7.87541e-007	-0.0005625
7.88041e-007	-0.0005625
7.88541e-007	-0.000875
7.89041e-007	-0.0005625
7.89541e-007	-0.0011875
7.90041e-007	-0.00275
7.90541e-007	-0.003375
7.91041e-007	-0.0036875
7.91541e-007	-0.0043125
7.92041e-007	-0.0043125
7.92541e-007	-0.0049375
7.93041e-007	-0.00525
7.93541e-007	-0.004
7.94041e-007	-0.004
7.94541e-007	-0.0030625
7.95041e-007	-0.0030625
7.95541e-007	-0.0011875
7.96041e-007	-0.0011875
7.96541e-007	-0.000875
7.97041e-007	-0.00025
7.97541e-007	-0.0005625
7.98041e-007	-0.0011875
7.98541e-007	-0.0005625
7.99041e-007	-0.000875
7.99541e-007	-0.0005625
8.00041e-007	-0.002125
8.00541e-007	-0.0030625
8.01041e-007	-0.0036875
8.01541e-007	-0.004625
8.02041e-007	-0.004625
8.02541e-007	-0.0049375
8.03041e-007	-0.004625
8.03541e-007	-0.004625
8.04041e-007	-0.0030625
8.04541e-007	-0.0024375
8.05041e-007	-0.00275
8.05541e-007	-0.0011875
8.06041e-007	-0.00025
8.06541e-007	-0.0005625
8.07041e-007	-0.0005625
8.07541e-007	-0.0005625
8.08041e-007	-0.0005625
8.08541e-007	-0.0011875
8.09041e-007	-0.0015
8.09541e-007	-0.0018125
8.10041e-007	-0.0024375
8.10541e-007	-0.0030625
8.11041e-007	-0.0030625
8.11541e-007	-0.0036875
8.12041e-007	-0.004
8.12541e-007	-0.004
8.13041e-007	-0.003375
8.13541e-007	-0.004
8.14041e-007	-0.0030625
8.14541e-007	-0.0024375
8.15041e-007	-0.0018125
8.15541e-007	-0.000875
8.16041e-007	-0.0011875
8.16541e-007	-0.0005625
8.17041e-007	6.25e-005
8.17541e-007	-0.00025
8.18041e-007	-0.000875
8.18541e-007	-0.0011875
8.19041e-007	-0.0024375
8.19541e-007	-0.0030625
8.20041e-007	-0.0030625
8.20541e-007	-0.003375
8.21041e-007	-0.0043125
8.21541e-007	-0.004
8.22041e-007	-0.004625
8.22541e-007	-0.004
8.23041e-007	-0.0030625
8.23541e-007	-0.003375
8.24041e-007	-0.00275
8.24541e-007	-0.0011875
8.25041e-007	-0.000875
8.25541e-007	-0.0011875
8.26041e-007	-0.0011875
8.26541e-007	6.25e-005
8.27041e-007	6.25e-005
8.27541e-007	-0.000875
8.28041e-007	-0.000875
8.28541e-007	-0.0015
8.29041e-007	-0.002125
8.29541e-007	-0.003375
8.30041e-007	-0.0030625
8.30541e-007	-0.004
8.31041e-007	-0.0036875
8.31541e-007	-0.004
8.32041e-007	-0.0043125
8.32541e-007	-0.004
8.33041e-007	-0.003375
8.33541e-007	-0.0024375
8.34041e-007	-0.0018125
8.34541e-007	-0.0011875
8.35041e-007	-0.0005625
8.35541e-007	-0.00025
8.36041e-007	0.0006875
8.36541e-007	0.0006875
8.37041e-007	-0.00025
8.37541e-007	-0.0005625
8.38041e-007	-0.0015
8.38541e-007	-0.0018125
8.39041e-007	-0.0030625
8.39541e-007	-0.004
8.40041e-007	-0.0036875
8.40541e-007	-0.004
8.41041e-007	-0.0043125
8.41541e-007	-0.0036875
8.42041e-007	-0.004
8.42541e-007	-0.003375
8.43041e-007	-0.003375
8.43541e-007	-0.0024375
8.44041e-007	-0.0011875
8.44541e-007	-0.0011875
8.45041e-007	6.25e-005
8.45541e-007	0.001
8.46041e-007	0.000375
8.46541e-007	-0.00025
8.47041e-007	-0.0005625
8.47541e-007	-0.000875
8.48041e-007	-0.0015
8.48541e-007	-0.0018125
8.49041e-007	-0.00275
8.49541e-007	-0.0036875
8.50041e-007	-0.0036875
8.50541e-007	-0.0043125
8.51041e-007	-0.004625
8.51541e-007	-0.004625
8.52041e-007	-0.0036875
8.52541e-007	-0.0030625
8.53041e-007	-0.0024375
8.53541e-007	-0.002125
8.54041e-007	-0.000875
8.54541e-007	-0.0005625
8.55041e-007	-0.00025
8.55541e-007	0.000375
8.56041e-007	6.25e-005
8.56541e-007	0.000375
8.57041e-007	0.000375
8.57541e-007	-0.0005625
8.58041e-007	-0.0011875
8.58541e-007	-0.0015
8.59041e-007	-0.003375
8.59541e-007	-0.0043125
8.60041e-007	-0.0036875
8.60541e-007	-0.0030625
8.61041e-007	-0.0036875
8.61541e-007	-0.004
8.62041e-007	-0.004
8.62541e-007	-0.0036875
8.63041e-007	-0.0024375
8.63541e-007	-0.0018125
8.64041e-007	-0.0011875
8.64541e-007	-0.0005625
8.65041e-007	-0.0005625
8.65541e-007	-0.0005625
8.66041e-007	-0.000875
8.66541e-007	-0.0005625
8.67041e-007	-0.00025
8.67541e-007	-0.000875
8.68041e-007	-0.0015
8.68541e-007	-0.002125
8.69041e-007	-0.0024375
8.69541e-007	-0.0024375
8.70041e-007	-0.00275
8.70541e-007	-0.003375
8.71041e-007	-0.0036875
8.71541e-007	-0.0036875
8.72041e-007	-0.0030625
8.72541e-007	-0.0030625
8.73041e-007	-0.0030625
8.73541e-007	-0.0030625
8.74041e-007	-0.0011875
8.74541e-007	-0.0005625
8.75041e-007	-0.000875
8.75541e-007	-0.0011875
8.76041e-007	-0.0011875
8.76541e-007	-0.0005625
8.77041e-007	-0.000875
8.77541e-007	-0.0011875
8.78041e-007	-0.0015
8.78541e-007	-0.0018125
8.79041e-007	-0.002125
8.79541e-007	-0.00275
8.80041e-007	-0.0030625
8.80541e-007	-0.0024375
8.81041e-007	-0.0030625
8.81541e-007	-0.0024375
8.82041e-007	-0.0024375
8.82541e-007	-0.0024375
8.83041e-007	-0.0024375
8.83541e-007	-0.0024375
8.84041e-007	-0.002125
8.84541e-007	-0.0018125
8.85041e-007	-0.0015
8.85541e-007	-0.0018125
8.86041e-007	-0.002125
8.86541e-007	-0.000875
8.87041e-007	-0.000875
8.87541e-007	-0.0018125
8.88041e-007	-0.0018125
8.88541e-007	-0.0024375
8.89041e-007	-0.002125
8.89541e-007	-0.0018125
8.90041e-007	-0.0015
8.90541e-007	-0.002125
8.91041e-007	-0.0024375
8.91541e-007	-0.002125
8.92041e-007	-0.002125
8.92541e-007	-0.002125
8.93041e-007	-0.0018125
8.93541e-007	-0.0015
8.94041e-007	-0.0011875
8.94541e-007	-0.0018125
8.95041e-007	-0.002125
8.95541e-007	-0.0018125
8.96041e-007	-0.0018125
8.96541e-007	-0.0011875
8.97041e-007	-0.0015
8.97541e-007	-0.0018125
8.98041e-007	-0.0018125
8.98541e-007	-0.0018125
8.99041e-007	-0.0018125
8.99541e-007	-0.0011875
9.00041e-007	-0.002125
9.00541e-007	-0.0011875
9.01041e-007	-0.0018125
9.01541e-007	-0.0011875
9.02041e-007	-0.0018125
9.02541e-007	-0.0015
9.03041e-007	-0.0015
9.03541e-007	-0.002125
9.04041e-007	-0.0024375
9.04541e-007	-0.0030625
9.05041e-007	-0.0024375
9.05541e-007	-0.0018125
9.06041e-007	-0.0018125
9.06541e-007	-0.0024375
9.07041e-007	-0.0024375
9.07541e-007	-0.0024375
9.08041e-007	-0.0018125
9.08541e-007	-0.0018125
9.09041e-007	-0.000875
9.09541e-007	-0.0015
9.10041e-007	-0.0015
9.10541e-007	-0.0011875
9.11041e-007	-0.000875
9.11541e-007	-0.0011875
9.12041e-007	-0.0018125
9.12541e-007	-0.0018125
9.13041e-007	-0.0024375
9.13541e-007	-0.0018125
9.14041e-007	-0.0018125
9.14541e-007	-0.0030625
9.15041e-007	-0.0030625
9.15541e-007	-0.0024375
9.16041e-007	-0.00275
9.16541e-007	-0.0024375
9.17041e-007	-0.0018125
9.17541e-007	-0.0018125
9.18041e-007	-0.0024375
9.18541e-007	-0.0015
9.19041e-007	-0.0011875
9.19541e-007	-0.0011875
9.20041e-007	-0.000875
9.20541e-007	-0.0011875
9.21041e-007	-0.0018125
9.21541e-007	-0.0011875
9.22041e-007	-0.0015
9.22541e-007	-0.0011875
9.23041e-007	-0.0018125
9.23541e-007	-0.0018125
9.24041e-007	-0.002125
9.24541e-007	-0.0024375
9.25041e-007	-0.00275
9.25541e-007	-0.0024375
9.26041e-007	-0.00275
9.26541e-007	-0.002125
9.27041e-007	-0.0018125
9.27541e-007	-0.0011875
9.28041e-007	-0.0018125
9.28541e-007	-0.0015
9.29041e-007	-0.0011875
9.29541e-007	-0.0011875
9.30041e-007	-0.0011875
9.30541e-007	-0.0011875
9.31041e-007	-0.0011875
9.31541e-007	-0.0015
9.32041e-007	-0.0015
9.32541e-007	-0.002125
9.33041e-007	-0.002125
9.33541e-007	-0.0030625
9.34041e-007	-0.003375
9.34541e-007	-0.00275
9.35041e-007	-0.0024375
9.35541e-007	-0.00275
9.36041e-007	-0.0024375
9.36541e-007	-0.0015
9.37041e-007	-0.0018125
9.37541e-007	-0.0015
9.38041e-007	-0.00025
9.38541e-007	-0.00025
9.39041e-007	-0.000875
9.39541e-007	-0.0005625
9.40041e-007	-0.0011875
9.40541e-007	-0.00025
9.41041e-007	-0.000875
9.41541e-007	-0.0011875
9.42041e-007	-0.0024375
9.42541e-007	-0.002125
9.43041e-007	-0.0024375
9.43541e-007	-0.0030625
9.44041e-007	-0.00275
9.44541e-007	-0.002125
9.45041e-007	-0.002125
9.45541e-007	-0.0015
9.46041e-007	-0.002125
9.46541e-007	-0.0015
9.47041e-007	-0.0011875
9.47541e-007	-0.0011875
9.48041e-007	-0.0005625
9.48541e-007	-0.0005625
9.49041e-007	-0.0005625
9.49541e-007	-0.0005625
9.50041e-007	-0.000875
9.50541e-007	-0.0015
9.51041e-007	-0.0011875
9.51541e-007	-0.0015
9.52041e-007	-0.002125
9.52541e-007	-0.0030625
9.53041e-007	-0.00275
9.53541e-007	-0.003375
9.54041e-007	-0.0024375
9.54541e-007	-0.00275
9.55041e-007	-0.00275
9.55541e-007	-0.0024375
9.56041e-007	-0.0018125
9.56541e-007	-0.0011875
9.57041e-007	-0.0005625
9.57541e-007	-0.0005625
9.58041e-007	-0.00025
9.58541e-007	6.25e-005
9.59041e-007	0.000375
9.59541e-007	-0.00025
9.60041e-007	6.25e-005
9.60541e-007	-0.0005625
9.61041e-007	-0.0024375
9.61541e-007	-0.002125
9.62041e-007	-0.0024375
9.62541e-007	-0.00275
9.63041e-007	-0.00275
9.63541e-007	-0.003375
9.64041e-007	-0.0030625
9.64541e-007	-0.0030625
9.65041e-007	-0.00275
9.65541e-007	-0.002125
9.66041e-007	-0.0018125
9.66541e-007	-0.000875
9.67041e-007	-0.0011875
9.67541e-007	-0.000875
9.68041e-007	6.25e-005
9.68541e-007	-0.00025
9.69041e-007	0.000375
9.69541e-007	6.25e-005
9.70041e-007	-0.000875
9.70541e-007	-0.000875
9.71041e-007	-0.0015
9.71541e-007	-0.002125
9.72041e-007	-0.0024375
9.72541e-007	-0.0018125
9.73041e-007	-0.0024375
9.73541e-007	-0.0036875
9.74041e-007	-0.00275
9.74541e-007	-0.00275
9.75041e-007	-0.0018125
9.75541e-007	-0.002125
9.76041e-007	-0.0024375
9.76541e-007	-0.0015
9.77041e-007	-0.000875
9.77541e-007	-0.0005625
9.78041e-007	-0.00025
9.78541e-007	-0.0005625
9.79041e-007	-0.00025
9.79541e-007	-0.000875
9.80041e-007	-0.000875
9.80541e-007	-0.000875
9.81041e-007	-0.0011875
9.81541e-007	-0.000875
9.82041e-007	-0.0024375
9.82541e-007	-0.00275
9.83041e-007	-0.0024375
9.83541e-007	-0.0024375
9.84041e-007	-0.0024375
9.84541e-007	-0.00275
9.85041e-007	-0.00275
9.85541e-007	-0.0018125
9.86041e-007	-0.002125
9.86541e-007	-0.0015
9.87041e-007	-0.002125
9.87541e-007	-0.0005625
9.88041e-007	-0.000875
9.88541e-007	-0.000875
9.89041e-007	-0.00025
9.89541e-007	-0.000875
9.90041e-007	-0.0005625
9.90541e-007	-0.0005625
9.91041e-007	-0.0015
9.91541e-007	-0.000875
9.92041e-007	-0.0015
9.92541e-007	-0.0018125
9.93041e-007	-0.002125
9.93541e-007	-0.002125
9.94041e-007	-0.0018125
9.94541e-007	-0.0024375
9.95041e-007	-0.0018125
9.95541e-007	-0.0011875
9.96041e-007	-0.0015
9.96541e-007	-0.0015
9.97041e-007	-0.0011875
9.97541e-007	-0.0011875
9.98041e-007	-0.00025
9.98541e-007	-0.0005625
9.99041e-007	-0.000875
9.99541e-007	-0.000875
1.000041e-006	-0.0011875
1.000541e-006	-0.000875
1.001041e-006	-0.0005625
1.001541e-006	-0.000875
1.002041e-006	-0.0011875
1.002541e-006	-0.0015
1.003041e-006	-0.0015
1.003541e-006	-0.0011875
1.004041e-006	-0.000875
1.004541e-006	-0.0011875
1.005041e-006	-0.0018125
1.005541e-006	-0.0011875
1.006041e-006	-0.0018125
1.006541e-006	-0.0018125
1.007041e-006	-0.0011875
1.007541e-006	-0.0018125
1.008041e-006	-0.0015
1.008541e-006	-0.0005625
1.009041e-006	-0.0011875
1.009541e-006	-0.002125
1.010041e-006	-0.002125
1.010541e-006	-0.0011875
1.011041e-006	-0.0015
1.011541e-006	-0.0005625
1.012041e-006	-0.00025
1.012541e-006	-0.000875
1.013041e-006	-0.000875
1.013541e-006	-0.0018125
1.014041e-006	-0.0015
1.014541e-006	-0.0011875
1.015041e-006	-0.002125
1.015541e-006	-0.0011875
1.016041e-006	-0.0011875
1.016541e-006	-0.000875
1.017041e-006	-0.0015
1.017541e-006	-0.0018125
1.018041e-006	-0.0018125
1.018541e-006	-0.0011875
1.019041e-006	-0.0011875
1.019541e-006	-0.0018125
1.020041e-006	-0.0015
1.020541e-006	-0.0005625
1.021041e-006	-0.0005625
1.021541e-006	-0.0005625
1.022041e-006	-0.0005625
1.022541e-006	-0.0005625
1.023041e-006	-0.000875
1.023541e-006	-0.0015
1.024041e-006	-0.000875
1.024541e-006	-0.0011875
1.025041e-006	-0.0015
1.025541e-006	-0.0015
1.026041e-006	-0.0015
1.026541e-006	-0.0015
1.027041e-006	-0.0011875
1.027541e-006	-0.0018125
1.028041e-006	-0.0015
1.028541e-006	-0.0015
1.029041e-006	-0.0015
1.029541e-006	-0.0018125
1.030041e-006	-0.002125
1.030541e-006	-0.0005625
1.031041e-006	-0.0005625
1.031541e-006	6.25e-005
1.032041e-006	-0.000875
1.032541e-006	-0.0015
1.033041e-006	-0.0011875
1.033541e-006	-0.000875
1.034041e-006	-0.0011875
1.034541e-006	-0.0015
1.035041e-006	-0.0018125
1.035541e-006	-0.0015
1.036041e-006	-0.0015
1.036541e-006	-0.0015
1.037041e-006	-0.0015
1.037541e-006	-0.000875
1.038041e-006	-0.0005625
1.038541e-006	-0.0015
1.039041e-006	-0.0018125
1.039541e-006	-0.0005625
1.040041e-006	-0.0011875
1.040541e-006	-0.0015
1.041041e-006	-0.002125
1.041541e-006	-0.0005625
1.042041e-006	0.000375
1.042541e-006	-0.000875
1.043041e-006	-0.0011875
1.043541e-006	-0.0015
1.044041e-006	-0.0018125
1.044541e-006	-0.0018125
1.045041e-006	-0.0018125
1.045541e-006	-0.0015
1.046041e-006	-0.0011875
1.046541e-006	-0.0015
1.047041e-006	-0.0018125
1.047541e-006	-0.0015
1.048041e-006	-0.0011875
1.048541e-006	-0.0015
1.049041e-006	-0.0011875
1.049541e-006	-0.0005625
1.050041e-006	-0.000875
1.050541e-006	-0.0005625
1.051041e-006	-0.0005625
1.051541e-006	-0.000875
1.052041e-006	-0.0005625
1.052541e-006	-0.00025
1.053041e-006	-0.0005625
1.053541e-006	-0.0015
1.054041e-006	-0.0024375
1.054541e-006	-0.002125
1.055041e-006	-0.0015
1.055541e-006	-0.0018125
1.056041e-006	-0.002125
1.056541e-006	-0.0015
1.057041e-006	-0.000875
1.057541e-006	-0.0011875
1.058041e-006	-0.0015
1.058541e-006	-0.000875
1.059041e-006	-0.00025
1.059541e-006	-0.00025
1.060041e-006	-0.000875
1.060541e-006	-0.0005625
1.061041e-006	6.25e-005
1.061541e-006	-0.00025
1.062041e-006	-0.000875
1.062541e-006	-0.0011875
1.063041e-006	-0.0015
1.063541e-006	-0.0018125
1.064041e-006	-0.0024375
1.064541e-006	-0.0024375
1.065041e-006	-0.0018125
1.065541e-006	-0.0011875
1.066041e-006	-0.002125
1.066541e-006	-0.002125
1.067041e-006	-0.0018125
1.067541e-006	-0.0011875
1.068041e-006	-0.0011875
1.068541e-006	-0.0005625
1.069041e-006	-0.00025
1.069541e-006	6.25e-005
1.070041e-006	6.25e-005
1.070541e-006	6.25e-005
1.071041e-006	-0.0005625
1.071541e-006	-0.000875
1.072041e-006	-0.000875
1.072541e-006	-0.0011875
1.073041e-006	-0.0015
1.073541e-006	-0.0018125
1.074041e-006	-0.0024375
1.074541e-006	-0.0024375
1.075041e-006	-0.002125
1.075541e-006	-0.002125
1.076041e-006	-0.0018125
1.076541e-006	-0.0015
1.077041e-006	-0.0011875
1.077541e-006	-0.0005625
1.078041e-006	-0.0005625
1.078541e-006	-0.000875
1.079041e-006	6.25e-005
1.079541e-006	0.000375
1.080041e-006	-0.0005625
1.080541e-006	-0.000875
1.081041e-006	-0.0005625
1.081541e-006	-0.000875
1.082041e-006	-0.0011875
1.082541e-006	-0.0011875
1.083041e-006	-0.0018125
1.083541e-006	-0.0024375
1.084041e-006	-0.0018125
1.084541e-006	-0.0018125
1.085041e-006	-0.0024375
1.085541e-006	-0.0018125
1.086041e-006	-0.0011875
1.086541e-006	-0.0005625
1.087041e-006	-0.000875
1.087541e-006	-0.0005625
1.088041e-006	-0.00025
1.088541e-006	6.25e-005
1.089041e-006	-0.000875
1.089541e-006	-0.0011875
1.090041e-006	-0.000875
1.090541e-006	-0.0005625
1.091041e-006	-0.0011875
1.091541e-006	-0.0011875
1.092041e-006	-0.0011875
1.092541e-006	-0.002125
1.093041e-006	-0.0024375
1.093541e-006	-0.0024375
1.094041e-006	-0.002125
1.094541e-006	-0.0015
1.095041e-006	-0.0015
1.095541e-006	-0.0015
1.096041e-006	-0.0015
1.096541e-006	-0.0011875
1.097041e-006	-0.0005625
1.097541e-006	-0.0011875
1.098041e-006	-0.0011875
1.098541e-006	6.25e-005
1.099041e-006	6.25e-005
1.099541e-006	-0.000875
1.100041e-006	-0.0011875
1.100541e-006	-0.0015
1.101041e-006	-0.002125
1.101541e-006	-0.0018125
1.102041e-006	-0.0024375
1.102541e-006	-0.0030625
1.103041e-006	-0.002125
1.103541e-006	-0.0018125
1.104041e-006	-0.0015
1.104541e-006	-0.0011875
1.105041e-006	-0.0018125
1.105541e-006	-0.0015
1.106041e-006	-0.000875
1.106541e-006	-0.00025
1.107041e-006	6.25e-005
1.107541e-006	-0.00025
1.108041e-006	-0.000875
1.108541e-006	-0.00025
1.109041e-006	-0.00025
1.109541e-006	-0.000875
1.110041e-006	-0.0015
1.110541e-006	-0.0011875
1.111041e-006	-0.002125
1.111541e-006	-0.002125
1.112041e-006	-0.0024375
1.112541e-006	-0.0024375
1.113041e-006	-0.002125
1.113541e-006	-0.002125
1.114041e-006	-0.0018125
1.114541e-006	-0.0018125
1.115041e-006	-0.0015
1.115541e-006	-0.0005625
1.116041e-006	0.000375
1.116541e-006	0.000375
1.117041e-006	0.000375
1.117541e-006	0.000375
1.118041e-006	6.25e-005
1.118541e-006	-0.0005625
1.119041e-006	0.000375
1.119541e-006	-0.0005625
1.120041e-006	-0.0015
1.120541e-006	-0.0024375
1.121041e-006	-0.0030625
1.121541e-006	-0.0024375
1.122041e-006	-0.0024375
1.122541e-006	-0.0030625
1.123041e-006	-0.0024375
1.123541e-006	-0.0018125
1.124041e-006	-0.0015
1.124541e-006	-0.0005625
1.125041e-006	-0.0011875
1.125541e-006	-0.000875
1.126041e-006	-0.00025
1.126541e-006	0.000375
1.127041e-006	0.000375
1.127541e-006	6.25e-005
1.128041e-006	0.000375
1.128541e-006	6.25e-005
1.129041e-006	-0.000875
1.129541e-006	-0.0011875
1.130041e-006	-0.0015
1.130541e-006	-0.0018125
1.131041e-006	-0.0024375
1.131541e-006	-0.00275
1.132041e-006	-0.00275
1.132541e-006	-0.00275
1.133041e-006	-0.0024375
1.133541e-006	-0.0018125
1.134041e-006	-0.0011875
1.134541e-006	-0.0011875
1.135041e-006	-0.0005625
1.135541e-006	-0.0005625
1.136041e-006	-0.00025
1.136541e-006	6.25e-005
1.137041e-006	0.000375
1.137541e-006	6.25e-005
1.138041e-006	6.25e-005
1.138541e-006	6.25e-005
1.139041e-006	-0.0005625
1.139541e-006	-0.0015
1.140041e-006	-0.00275
1.140541e-006	-0.00275
1.141041e-006	-0.003375
1.141541e-006	-0.00275
1.142041e-006	-0.0024375
1.142541e-006	-0.00275
1.143041e-006	-0.002125
1.143541e-006	-0.0011875
1.144041e-006	-0.0011875
1.144541e-006	-0.0011875
1.145041e-006	-0.0005625
1.145541e-006	0.0006875
1.146041e-006	0.001
1.146541e-006	0.000375
1.147041e-006	6.25e-005
1.147541e-006	-0.0005625
1.148041e-006	-0.00025
1.148541e-006	-0.000875
1.149041e-006	-0.002125
1.149541e-006	-0.002125
1.150041e-006	-0.002125
1.150541e-006	-0.0030625
1.151041e-006	-0.003375
1.151541e-006	-0.0024375
1.152041e-006	-0.0018125
1.152541e-006	-0.0018125
1.153041e-006	-0.002125
1.153541e-006	-0.0015
1.154041e-006	-0.000875
1.154541e-006	-0.00025
1.155041e-006	0.0006875
1.155541e-006	0.0013125
1.156041e-006	0.0006875
1.156541e-006	6.25e-005
1.157041e-006	-0.0005625
1.157541e-006	-0.0011875
1.158041e-006	-0.0005625
1.158541e-006	-0.0015
1.159041e-006	-0.002125
1.159541e-006	-0.002125
1.160041e-006	-0.0024375
1.160541e-006	-0.0030625
1.161041e-006	-0.003375
1.161541e-006	-0.00275
1.162041e-006	-0.0018125
1.162541e-006	-0.0018125
1.163041e-006	-0.0018125
1.163541e-006	-0.0015
1.164041e-006	6.25e-005
1.164541e-006	0.001
1.165041e-006	6.25e-005
1.165541e-006	0.0006875
1.166041e-006	0.001
1.166541e-006	6.25e-005
1.167041e-006	-0.0005625
1.167541e-006	-0.000875
1.168041e-006	-0.0018125
1.168541e-006	-0.0018125
1.169041e-006	-0.00275
1.169541e-006	-0.0030625
1.170041e-006	-0.00275
1.170541e-006	-0.0030625
1.171041e-006	-0.0030625
1.171541e-006	-0.0024375
1.172041e-006	-0.0024375
1.172541e-006	-0.0018125
1.173041e-006	-0.000875
1.173541e-006	-0.0005625
1.174041e-006	-0.00025
1.174541e-006	0.0006875
1.175041e-006	0.001
1.175541e-006	0.000375
1.176041e-006	-0.00025
1.176541e-006	6.25e-005
1.177041e-006	6.25e-005
1.177541e-006	-0.0005625
1.178041e-006	-0.000875
1.178541e-006	-0.002125
1.179041e-006	-0.00275
1.179541e-006	-0.003375
1.180041e-006	-0.003375
1.180541e-006	-0.0030625
1.181041e-006	-0.0024375
1.181541e-006	-0.0024375
1.182041e-006	-0.0024375
1.182541e-006	-0.002125
1.183041e-006	-0.0011875
1.183541e-006	-0.0005625
1.184041e-006	-0.000875
1.184541e-006	6.25e-005
1.185041e-006	0.000375
1.185541e-006	6.25e-005
1.186041e-006	0.000375
1.186541e-006	0.000375
1.187041e-006	-0.0005625
1.187541e-006	6.25e-005
1.188041e-006	-0.000875
1.188541e-006	-0.002125
1.189041e-006	-0.00275
1.189541e-006	-0.00275
1.190041e-006	-0.0024375
1.190541e-006	-0.0024375
1.191041e-006	-0.00275
1.191541e-006	-0.00275
1.192041e-006	-0.002125
1.192541e-006	-0.0011875
1.193041e-006	-0.0011875
1.193541e-006	-0.000875
1.194041e-006	-0.00025
1.194541e-006	6.25e-005
1.195041e-006	0.000375
1.195541e-006	6.25e-005
1.196041e-006	0.0006875
1.196541e-006	-0.00025
1.197041e-006	-0.00025
1.197541e-006	-0.000875
1.198041e-006	-0.0011875
1.198541e-006	-0.0015
1.199041e-006	-0.0024375
1.199541e-006	-0.0024375
1.200041e-006	-0.002125
1.200541e-006	-0.002125
1.201041e-006	-0.0024375
1.201541e-006	-0.0024375
1.202041e-006	-0.0018125
1.202541e-006	-0.000875
1.203041e-006	-0.0015
1.203541e-006	-0.000875
1.204041e-006	-0.000875
1.204541e-006	-0.0005625
1.205041e-006	0.000375
1.205541e-006	0.0006875
1.206041e-006	6.25e-005
1.206541e-006	-0.00025
1.207041e-006	-0.0005625
1.207541e-006	-0.0005625
1.208041e-006	-0.000875
1.208541e-006	-0.000875
1.209041e-006	-0.0018125
1.209541e-006	-0.0018125
1.210041e-006	-0.0024375
1.210541e-006	-0.002125
1.211041e-006	-0.002125
1.211541e-006	-0.002125
1.212041e-006	-0.002125
1.212541e-006	-0.0018125
1.213041e-006	-0.0018125
1.213541e-006	-0.000875
1.214041e-006	-0.000875
1.214541e-006	-0.0005625
1.215041e-006	-0.0005625
1.215541e-006	-0.000875
1.216041e-006	-0.000875
1.216541e-006	-0.0005625
1.217041e-006	-0.0005625
1.217541e-006	-0.000875
1.218041e-006	-0.0011875
1.218541e-006	-0.002125
1.219041e-006	-0.0015
1.219541e-006	-0.0018125
1.220041e-006	-0.002125
1.220541e-006	-0.0018125
1.221041e-006	-0.0011875
1.221541e-006	-0.0015
1.222041e-006	-0.0018125
1.222541e-006	-0.0015
1.223041e-006	-0.0018125
1.223541e-006	-0.0015
1.224041e-006	-0.0011875
1.224541e-006	-0.000875
1.225041e-006	-0.0005625
1.225541e-006	-0.000875
1.226041e-006	-0.002125
1.226541e-006	-0.0018125
1.227041e-006	-0.0011875
1.227541e-006	-0.000875
1.228041e-006	-0.0011875
1.228541e-006	-0.0011875
1.229041e-006	-0.0011875
1.229541e-006	6.25e-005
1.230041e-006	-0.0011875
1.230541e-006	-0.0011875
1.231041e-006	-0.0018125
1.231541e-006	-0.0015
1.232041e-006	-0.002125
1.232541e-006	-0.0011875
1.233041e-006	-0.0015
1.233541e-006	-0.0011875
1.234041e-006	-0.0011875
1.234541e-006	-0.000875
1.235041e-006	-0.0011875
1.235541e-006	-0.0015
1.236041e-006	-0.0015
1.236541e-006	-0.0011875
1.237041e-006	-0.0011875
1.237541e-006	-0.0011875
1.238041e-006	-0.0011875
1.238541e-006	-0.0011875
1.239041e-006	-0.0011875
1.239541e-006	-0.0011875
1.240041e-006	-0.000875
1.240541e-006	-0.0015
1.241041e-006	-0.0011875
1.241541e-006	-0.0015
1.242041e-006	-0.0011875
1.242541e-006	-0.0018125
1.243041e-006	-0.0011875
1.243541e-006	-0.000875
1.244041e-006	-0.0011875
1.244541e-006	-0.002125
1.245041e-006	-0.0011875
1.245541e-006	-0.0011875
1.246041e-006	-0.002125
1.246541e-006	-0.0011875
1.247041e-006	-0.000875
1.247541e-006	-0.0011875
1.248041e-006	-0.000875
1.248541e-006	-0.0005625
1.249041e-006	-0.0015
1.249541e-006	-0.0011875
1.250041e-006	-0.0011875
1.250541e-006	-0.000875
1.251041e-006	-0.0011875
1.251541e-006	-0.000875
1.252041e-006	-0.0005625
1.252541e-006	-0.00025
1.253041e-006	-0.000875
1.253541e-006	-0.000875
1.254041e-006	-0.000875
1.254541e-006	-0.0005625
1.255041e-006	-0.000875
1.255541e-006	-0.000875
1.256041e-006	-0.000875
1.256541e-006	-0.0015
1.257041e-006	-0.0018125
1.257541e-006	-0.000875
1.258041e-006	-0.0011875
1.258541e-006	-0.0018125
1.259041e-006	-0.0015
1.259541e-006	-0.0018125
1.260041e-006	-0.0015
1.260541e-006	-0.0011875
1.261041e-006	-0.0011875
1.261541e-006	-0.0015
1.262041e-006	-0.0005625
1.262541e-006	-0.0011875
1.263041e-006	-0.0015
1.263541e-006	-0.0011875
1.264041e-006	-0.000875
1.264541e-006	-0.000875
1.265041e-006	-0.0005625
1.265541e-006	-0.0005625
1.266041e-006	-0.0005625
1.266541e-006	-0.000875
1.267041e-006	-0.000875
1.267541e-006	-0.0011875
1.268041e-006	-0.0011875
1.268541e-006	-0.000875
1.269041e-006	-0.0011875
1.269541e-006	-0.0011875
1.270041e-006	-0.0015
1.270541e-006	-0.0015
1.271041e-006	-0.0015
1.271541e-006	-0.0011875
1.272041e-006	-0.0011875
1.272541e-006	-0.0011875
1.273041e-006	-0.0015
1.273541e-006	-0.0005625
1.274041e-006	-0.00025
1.274541e-006	-0.0005625
1.275041e-006	-0.0005625
1.275541e-006	6.25e-005
1.276041e-006	-0.00025
1.276541e-006	6.25e-005
1.277041e-006	-0.00025
1.277541e-006	-0.0005625
1.278041e-006	-0.000875
1.278541e-006	-0.0005625
1.279041e-006	-0.0018125
1.279541e-006	-0.002125
1.280041e-006	-0.0024375
1.280541e-006	-0.0018125
1.281041e-006	-0.0018125
1.281541e-006	-0.0018125
1.282041e-006	-0.0018125
1.282541e-006	-0.0011875
1.283041e-006	-0.0011875
1.283541e-006	-0.000875
1.284041e-006	-0.000875
1.284541e-006	-0.000875
1.285041e-006	-0.0005625
1.285541e-006	-0.00025
1.286041e-006	6.25e-005
1.286541e-006	-0.000875
1.287041e-006	-0.0005625
1.287541e-006	-0.00025
1.288041e-006	-0.0005625
1.288541e-006	-0.000875
1.289041e-006	-0.000875
1.289541e-006	-0.0011875
1.290041e-006	-0.002125
1.290541e-006	-0.0024375
1.291041e-006	-0.0015
1.291541e-006	-0.0024375
1.292041e-006	-0.0024375
1.292541e-006	-0.0011875
1.293041e-006	-0.0015
1.293541e-006	-0.000875
1.294041e-006	-0.000875
1.294541e-006	-0.000875
1.295041e-006	-0.0005625
1.295541e-006	0.0006875
1.296041e-006	6.25e-005
1.296541e-006	-0.0005625
1.297041e-006	-0.0005625
1.297541e-006	6.25e-005
1.298041e-006	-0.00025
1.298541e-006	6.25e-005
1.299041e-006	-0.0011875
1.299541e-006	-0.0015
1.300041e-006	-0.002125
1.300541e-006	-0.002125
1.301041e-006	-0.002125
1.301541e-006	-0.002125
1.302041e-006	-0.0018125
1.302541e-006	-0.0015
1.303041e-006	-0.0018125
1.303541e-006	-0.0015
1.304041e-006	-0.0011875
1.304541e-006	-0.0005625
1.305041e-006	-0.0005625
1.305541e-006	-0.00025
1.306041e-006	-0.00025
1.306541e-006	-0.00025
1.307041e-006	6.25e-005
1.307541e-006	-0.0011875
1.308041e-006	-0.000875
1.308541e-006	-0.0005625
1.309041e-006	-0.0011875
1.309541e-006	-0.0011875
1.310041e-006	-0.0011875
1.310541e-006	-0.0018125
1.311041e-006	-0.0015
1.311541e-006	-0.0018125
1.312041e-006	-0.0011875
1.312541e-006	-0.0011875
1.313041e-006	-0.0005625
1.313541e-006	-0.0005625
1.314041e-006	-0.000875
1.314541e-006	-0.0005625
1.315041e-006	-0.0005625
1.315541e-006	-0.00025
1.316041e-006	-0.00025
1.316541e-006	6.25e-005
1.317041e-006	-0.00025
1.317541e-006	-0.000875
1.318041e-006	-0.0011875
1.318541e-006	-0.0005625
1.319041e-006	-0.000875
1.319541e-006	-0.0011875
1.320041e-006	-0.0015
1.320541e-006	-0.0011875
1.321041e-006	-0.0011875
1.321541e-006	-0.0011875
1.322041e-006	-0.0011875
1.322541e-006	-0.000875
1.323041e-006	-0.0011875
1.323541e-006	-0.0011875
1.324041e-006	-0.0005625
1.324541e-006	6.25e-005
1.325041e-006	-0.0005625
1.325541e-006	-0.0005625
1.326041e-006	-0.000875
1.326541e-006	-0.0011875
1.327041e-006	-0.0015
1.327541e-006	-0.000875
1.328041e-006	-0.0011875
1.328541e-006	-0.0011875
1.329041e-006	-0.0018125
1.329541e-006	-0.0018125
1.330041e-006	-0.0015
1.330541e-006	-0.000875
1.331041e-006	-0.0005625
1.331541e-006	-0.0005625
1.332041e-006	-0.00025
1.332541e-006	-0.0005625
1.333041e-006	6.25e-005
1.333541e-006	-0.00025
1.334041e-006	0.000375
1.334541e-006	-0.00025
1.335041e-006	-0.000875
1.335541e-006	-0.0011875
1.336041e-006	-0.0011875
1.336541e-006	-0.0011875
1.337041e-006	-0.0015
1.337541e-006	-0.0015
1.338041e-006	-0.0024375
1.338541e-006	-0.002125
1.339041e-006	-0.0015
1.339541e-006	-0.0015
1.340041e-006	-0.0015
1.340541e-006	-0.0011875
1.341041e-006	-0.0005625
1.341541e-006	-0.00025
1.342041e-006	6.25e-005
1.342541e-006	0.000375
1.343041e-006	0.000375
1.343541e-006	6.25e-005
1.344041e-006	-0.00025
1.344541e-006	-0.00025
1.345041e-006	-0.00025
1.345541e-006	-0.0015
1.346041e-006	-0.0015
1.346541e-006	-0.000875
1.347041e-006	-0.0015
1.347541e-006	-0.00275
1.348041e-006	-0.0024375
1.348541e-006	-0.002125
1.349041e-006	-0.002125
1.349541e-006	-0.0018125
1.350041e-006	-0.0015
1.350541e-006	-0.000875
1.351041e-006	-0.0005625
1.351541e-006	6.25e-005
1.352041e-006	0.001
1.352541e-006	0.0013125
1.353041e-006	0.0006875
1.353541e-006	6.25e-005
1.354041e-006	-0.0005625
1.354541e-006	-0.0005625
1.355041e-006	-0.0005625
1.355541e-006	-0.0011875
1.356041e-006	-0.0015
1.356541e-006	-0.0018125
1.357041e-006	-0.002125
1.357541e-006	-0.0018125
1.358041e-006	-0.002125
1.358541e-006	-0.002125
1.359041e-006	-0.002125
1.359541e-006	-0.0011875
1.360041e-006	-0.0005625
1.360541e-006	-0.000875
1.361041e-006	6.25e-005
1.361541e-006	0.0006875
1.362041e-006	0.0013125
1.362541e-006	0.0013125
1.363041e-006	0.0006875
1.363541e-006	6.25e-005
1.364041e-006	-0.0005625
1.364541e-006	-0.0005625
1.365041e-006	-0.0005625
1.365541e-006	-0.000875
1.366041e-006	-0.0015
1.366541e-006	-0.0018125
1.367041e-006	-0.002125
1.367541e-006	-0.0024375
1.368041e-006	-0.0024375
1.368541e-006	-0.0018125
1.369041e-006	-0.002125
1.369541e-006	-0.0011875
1.370041e-006	-0.00025
1.370541e-006	6.25e-005
1.371041e-006	0.0006875
1.371541e-006	0.000375
1.372041e-006	0.000375
1.372541e-006	0.0006875
1.373041e-006	0.001
1.373541e-006	0.000375
1.374041e-006	0.000375
1.374541e-006	-0.0005625
1.375041e-006	-0.002125
1.375541e-006	-0.0018125
1.376041e-006	-0.0018125
1.376541e-006	-0.002125
1.377041e-006	-0.0024375
1.377541e-006	-0.0024375
1.378041e-006	-0.0024375
1.378541e-006	-0.0011875
1.379041e-006	-0.0011875
1.379541e-006	-0.0011875
1.380041e-006	-0.00025
1.380541e-006	0.0006875
1.381041e-006	0.000375
1.381541e-006	6.25e-005
1.382041e-006	0.0006875
1.382541e-006	0.001625
1.383041e-006	0.0013125
1.383541e-006	-0.00025
1.384041e-006	-0.0011875
1.384541e-006	-0.0011875
1.385041e-006	-0.0018125
1.385541e-006	-0.002125
1.386041e-006	-0.002125
1.386541e-006	-0.00275
1.387041e-006	-0.0024375
1.387541e-006	-0.0024375
1.388041e-006	-0.002125
1.388541e-006	-0.0011875
1.389041e-006	-0.0005625
1.389541e-006	0.000375
1.390041e-006	0.001
1.390541e-006	0.0006875
1.391041e-006	0.0006875
1.391541e-006	0.0006875
1.392041e-006	0.0013125
1.392541e-006	0.000375
1.393041e-006	0.000375
1.393541e-006	0.000375
1.394041e-006	-0.0011875
1.394541e-006	-0.0015
1.395041e-006	-0.002125
1.395541e-006	-0.00275
1.396041e-006	-0.00275
1.396541e-006	-0.0030625
1.397041e-006	-0.0024375
1.397541e-006	-0.0018125
1.398041e-006	-0.0015
1.398541e-006	-0.000875
1.399041e-006	-0.000875
1.399541e-006	0.000375
1.400041e-006	0.001
1.400541e-006	0.0013125
1.401041e-006	0.001
1.401541e-006	0.0013125
1.402041e-006	0.001625
1.402541e-006	0.0006875
1.403041e-006	-0.00025
1.403541e-006	-0.0005625
1.404041e-006	-0.0011875
1.404541e-006	-0.0024375
1.405041e-006	-0.0030625
1.405541e-006	-0.00275
1.406041e-006	-0.0024375
1.406541e-006	-0.0036875
1.407041e-006	-0.0030625
1.407541e-006	-0.002125
1.408041e-006	-0.0015
1.408541e-006	-0.000875
1.409041e-006	-0.0005625
1.409541e-006	6.25e-005
1.410041e-006	0.001
1.410541e-006	0.001
1.411041e-006	0.00225
1.411541e-006	0.0013125
1.412041e-006	0.0013125
1.412541e-006	0.001
1.413041e-006	0.000375
1.413541e-006	6.25e-005
1.414041e-006	-0.0005625
1.414541e-006	-0.0018125
1.415041e-006	-0.0024375
1.415541e-006	-0.0030625
1.416041e-006	-0.0024375
1.416541e-006	-0.00275
1.417041e-006	-0.0030625
1.417541e-006	-0.002125
1.418041e-006	-0.0011875
1.418541e-006	-0.0005625
1.419041e-006	-0.0005625
1.419541e-006	0.0006875
1.420041e-006	0.001625
1.420541e-006	0.0019375
1.421041e-006	0.0013125
1.421541e-006	0.0013125
1.422041e-006	0.001625
1.422541e-006	0.0013125
1.423041e-006	6.25e-005
1.423541e-006	-0.0005625
1.424041e-006	-0.000875
1.424541e-006	-0.0018125
1.425041e-006	-0.0024375
1.425541e-006	-0.0030625
1.426041e-006	-0.0030625
1.426541e-006	-0.0030625
1.427041e-006	-0.00275
1.427541e-006	-0.0018125
1.428041e-006	-0.0015
1.428541e-006	-0.0011875
1.429041e-006	-0.0005625
1.429541e-006	0.0006875
1.430041e-006	0.001625
1.430541e-006	0.001625
1.431041e-006	0.0019375
1.431541e-006	0.0013125
1.432041e-006	0.001
1.432541e-006	0.0006875
1.433041e-006	0.000375
1.433541e-006	-0.00025
1.434041e-006	-0.0015
1.434541e-006	-0.002125
1.435041e-006	-0.0015
1.435541e-006	-0.0018125
1.436041e-006	-0.002125
1.436541e-006	-0.0030625
1.437041e-006	-0.0018125
1.437541e-006	-0.0015
1.438041e-006	-0.0015
1.438541e-006	-0.0005625
1.439041e-006	6.25e-005
1.439541e-006	6.25e-005
1.440041e-006	0.001
1.440541e-006	0.001625
1.441041e-006	0.0019375
1.441541e-006	0.001
1.442041e-006	0.000375
1.442541e-006	0.0006875
1.443041e-006	6.25e-005
1.443541e-006	0.000375
1.444041e-006	-0.0005625
1.444541e-006	-0.0015
1.445041e-006	-0.0024375
1.445541e-006	-0.00275
1.446041e-006	-0.002125
1.446541e-006	-0.002125
1.447041e-006	-0.002125
1.447541e-006	-0.000875
1.448041e-006	-0.000875
1.448541e-006	-0.0005625
1.449041e-006	-0.0011875
1.449541e-006	-0.00025
1.450041e-006	0.0019375
1.450541e-006	0.0019375
1.451041e-006	0.0013125
1.451541e-006	0.001
1.452041e-006	0.0013125
1.452541e-006	0.0006875
1.453041e-006	0.0006875
1.453541e-006	-0.0005625
1.454041e-006	-0.0018125
1.454541e-006	-0.0015
1.455041e-006	-0.0015
1.455541e-006	-0.0024375
1.456041e-006	-0.002125
1.456541e-006	-0.0018125
1.457041e-006	-0.0015
1.457541e-006	-0.002125
1.458041e-006	-0.0018125
1.458541e-006	-0.00025
1.459041e-006	0.000375
1.459541e-006	6.25e-005
1.460041e-006	0.0006875
1.460541e-006	0.001
1.461041e-006	0.001
1.461541e-006	0.001
1.462041e-006	0.001
1.462541e-006	0.000375
1.463041e-006	-0.0005625
1.463541e-006	-0.00025
1.464041e-006	-0.0011875
1.464541e-006	-0.0011875
1.465041e-006	-0.0018125
1.465541e-006	-0.0015
1.466041e-006	-0.002125
1.466541e-006	-0.00275
1.467041e-006	-0.0018125
1.467541e-006	-0.0018125
1.468041e-006	-0.002125
1.468541e-006	-0.000875
1.469041e-006	-0.000875
1.469541e-006	0.000375
1.470041e-006	0.0006875
1.470541e-006	0.000375
1.471041e-006	0.000375
1.471541e-006	0.001
1.472041e-006	0.0006875
1.472541e-006	0.000375
1.473041e-006	0.000375
1.473541e-006	6.25e-005
1.474041e-006	-0.0005625
1.474541e-006	-0.0015
1.475041e-006	-0.0024375
1.475541e-006	-0.0018125
1.476041e-006	-0.002125
1.476541e-006	-0.002125
1.477041e-006	-0.0015
1.477541e-006	-0.0018125
1.478041e-006	-0.0015
1.478541e-006	-0.000875
1.479041e-006	-0.00025
1.479541e-006	6.25e-005
1.480041e-006	0.000375
1.480541e-006	0.0013125
1.481041e-006	0.001625
1.481541e-006	0.0006875
1.482041e-006	0.001
1.482541e-006	0.0006875
1.483041e-006	0.000375
1.483541e-006	6.25e-005
1.484041e-006	-0.000875
1.484541e-006	-0.000875
1.485041e-006	-0.0015
1.485541e-006	-0.0011875
1.486041e-006	-0.002125
1.486541e-006	-0.002125
1.487041e-006	-0.0024375
1.487541e-006	-0.00275
1.488041e-006	-0.0015
1.488541e-006	6.25e-005
1.489041e-006	-0.000875
1.489541e-006	-0.0005625
1.490041e-006	0.000375
1.490541e-006	0.0019375
1.491041e-006	0.0013125
1.491541e-006	0.0013125
1.492041e-006	0.0019375
1.492541e-006	0.001
1.493041e-006	6.25e-005
1.493541e-006	6.25e-005
1.494041e-006	6.25e-005
1.494541e-006	-0.0005625
1.495041e-006	-0.0018125
1.495541e-006	-0.0018125
1.496041e-006	-0.0015
1.496541e-006	-0.0030625
1.497041e-006	-0.0024375
1.497541e-006	-0.0015
1.498041e-006	-0.0018125
1.498541e-006	-0.002125
1.499041e-006	-0.0011875
1.499541e-006	-0.00025
1.500041e-006	0.000375
1.500541e-006	0.0006875
1.501041e-006	0.0013125
1.501541e-006	0.0013125
1.502041e-006	0.0013125
1.502541e-006	0.001
1.503041e-006	0.0013125
1.503541e-006	0.0013125
1.504041e-006	0.000375
1.504541e-006	-0.0005625
1.505041e-006	-0.0015
1.505541e-006	-0.0018125
1.506041e-006	-0.002125
1.506541e-006	-0.0024375
1.507041e-006	-0.0024375
1.507541e-006	-0.0030625
1.508041e-006	-0.0024375
1.508541e-006	-0.0011875
1.509041e-006	-0.0011875
1.509541e-006	-0.0011875
1.510041e-006	-0.0005625
1.510541e-006	-0.00025
1.511041e-006	0.000375
1.511541e-006	0.001625
1.512041e-006	0.0019375
1.512541e-006	0.0006875
1.513041e-006	0.001
1.513541e-006	0.0006875
1.514041e-006	0.000375
1.514541e-006	6.25e-005
1.515041e-006	-0.0005625
1.515541e-006	-0.0015
1.516041e-006	-0.0018125
1.516541e-006	-0.0018125
1.517041e-006	-0.002125
1.517541e-006	-0.0024375
1.518041e-006	-0.00275
1.518541e-006	-0.0015
1.519041e-006	-0.0018125
1.519541e-006	-0.000875
1.520041e-006	-0.00025
1.520541e-006	0.000375
1.521041e-006	0.001
1.521541e-006	0.001
1.522041e-006	0.001625
1.522541e-006	0.0019375
1.523041e-006	0.001625
1.523541e-006	0.0006875
1.524041e-006	-0.00025
1.524541e-006	6.25e-005
1.525041e-006	-0.00025
1.525541e-006	-0.0011875
1.526041e-006	-0.000875
1.526541e-006	-0.0018125
1.527041e-006	-0.002125
1.527541e-006	-0.0024375
1.528041e-006	-0.0024375
1.528541e-006	-0.002125
1.529041e-006	-0.0018125
1.529541e-006	-0.0011875
1.530041e-006	-0.0005625
1.530541e-006	-0.00025
1.531041e-006	0.0006875
1.531541e-006	0.0006875
1.532041e-006	0.001625
1.532541e-006	0.0013125
1.533041e-006	0.001
1.533541e-006	0.0013125
1.534041e-006	0.0006875
1.534541e-006	6.25e-005
1.535041e-006	-0.0005625
1.535541e-006	-0.000875
1.536041e-006	-0.0015
1.536541e-006	-0.0024375
1.537041e-006	-0.0018125
1.537541e-006	-0.0015
1.538041e-006	-0.002125
1.538541e-006	-0.0024375
1.539041e-006	-0.002125
1.539541e-006	-0.0005625
1.540041e-006	6.25e-005
1.540541e-006	0.000375
1.541041e-006	6.25e-005
1.541541e-006	0.000375
1.542041e-006	0.001625
1.542541e-006	0.0013125
1.543041e-006	0.001
1.543541e-006	0.0006875
1.544041e-006	0.000375
1.544541e-006	0.000375
1.545041e-006	-0.00025
1.545541e-006	-0.000875
1.546041e-006	-0.000875
1.546541e-006	-0.0018125
1.547041e-006	-0.0015
1.547541e-006	-0.0018125
1.548041e-006	-0.0015
1.548541e-006	-0.0011875
1.549041e-006	-0.0018125
1.549541e-006	-0.0005625
1.550041e-006	-0.0005625
1.550541e-006	-0.00025
1.551041e-006	6.25e-005
1.551541e-006	0.000375
1.552041e-006	0.001
1.552541e-006	0.001
1.553041e-006	0.0013125
1.553541e-006	0.001
1.554041e-006	0.0006875
1.554541e-006	6.25e-005
1.555041e-006	6.25e-005
1.555541e-006	-0.000875
1.556041e-006	-0.000875
1.556541e-006	-0.0011875
1.557041e-006	-0.0015
1.557541e-006	-0.002125
1.558041e-006	-0.0018125
1.558541e-006	-0.0011875
1.559041e-006	-0.0011875
1.559541e-006	-0.0011875
1.560041e-006	-0.0005625
1.560541e-006	6.25e-005
1.561041e-006	0.000375
1.561541e-006	0.000375
1.562041e-006	0.001
1.562541e-006	0.001
1.563041e-006	6.25e-005
1.563541e-006	0.0006875
1.564041e-006	0.000375
1.564541e-006	6.25e-005
1.565041e-006	-0.000875
1.565541e-006	-0.000875
1.566041e-006	-0.0011875
1.566541e-006	-0.0015
1.567041e-006	-0.0015
1.567541e-006	-0.0015
1.568041e-006	-0.0018125
1.568541e-006	-0.0005625
1.569041e-006	-0.000875
1.569541e-006	-0.000875
1.570041e-006	-0.00025
1.570541e-006	6.25e-005
1.571041e-006	6.25e-005
1.571541e-006	6.25e-005
1.572041e-006	0.000375
1.572541e-006	0.0006875
1.573041e-006	0.0006875
1.573541e-006	0.000375
1.574041e-006	0.0006875
1.574541e-006	6.25e-005
1.575041e-006	0.000375
1.575541e-006	-0.000875
1.576041e-006	-0.0015
1.576541e-006	-0.0018125
1.577041e-006	-0.0011875
1.577541e-006	-0.0011875
1.578041e-006	-0.0018125
1.578541e-006	-0.002125
1.579041e-006	-0.0011875
1.579541e-006	-0.0011875
1.580041e-006	-0.0011875
1.580541e-006	-0.0005625
1.581041e-006	0.0006875
1.581541e-006	0.0006875
1.582041e-006	0.000375
1.582541e-006	0.0006875
1.583041e-006	6.25e-005
1.583541e-006	0.001
1.584041e-006	0.0013125
1.584541e-006	0.000375
1.585041e-006	6.25e-005
1.585541e-006	-0.00025
1.586041e-006	-0.000875
1.586541e-006	-0.0011875
1.587041e-006	-0.0015
1.587541e-006	-0.000875
1.588041e-006	-0.0018125
1.588541e-006	-0.0018125
1.589041e-006	-0.0018125
1.589541e-006	-0.000875
1.590041e-006	-0.0005625
1.590541e-006	-0.0005625
1.591041e-006	-0.00025
1.591541e-006	-0.0005625
1.592041e-006	-0.00025
1.592541e-006	0.001
1.593041e-006	0.0013125
1.593541e-006	0.0013125
1.594041e-006	0.0013125
1.594541e-006	6.25e-005
1.595041e-006	-0.00025
1.595541e-006	-0.00025
1.596041e-006	-0.00025
1.596541e-006	-0.0018125
1.597041e-006	-0.0018125
1.597541e-006	-0.002125
1.598041e-006	-0.002125
1.598541e-006	-0.0011875
1.599041e-006	-0.0015
1.599541e-006	-0.0018125
1.600041e-006	-0.0015
1.600541e-006	-0.000875
1.601041e-006	-0.00025
1.601541e-006	6.25e-005
1.602041e-006	6.25e-005
1.602541e-006	0.000375
1.603041e-006	0.001625
1.603541e-006	0.0006875
1.604041e-006	0.000375
1.604541e-006	0.000375
1.605041e-006	0.000375
1.605541e-006	-0.00025
1.606041e-006	-0.000875
1.606541e-006	-0.0011875
1.607041e-006	-0.0018125
1.607541e-006	-0.0011875
1.608041e-006	-0.0015
1.608541e-006	-0.0018125
1.609041e-006	-0.0024375
1.609541e-006	-0.0018125
1.610041e-006	-0.0011875
1.610541e-006	-0.00025
1.611041e-006	-0.0005625
1.611541e-006	6.25e-005
1.612041e-006	0.0006875
1.612541e-006	0.0006875
1.613041e-006	0.0006875
1.613541e-006	0.000375
1.614041e-006	0.000375
1.614541e-006	0.001
1.615041e-006	0.000375
1.615541e-006	-0.00025
1.616041e-006	-0.0005625
1.616541e-006	-0.0005625
1.617041e-006	-0.0011875
1.617541e-006	-0.002125
1.618041e-006	-0.0015
1.618541e-006	-0.0015
1.619041e-006	-0.0018125
1.619541e-006	-0.0018125
1.620041e-006	-0.0011875
1.620541e-006	6.25e-005
1.621041e-006	6.25e-005
1.621541e-006	6.25e-005
1.622041e-006	-0.00025
1.622541e-006	0.000375
1.623041e-006	0.001
1.623541e-006	6.25e-005
1.624041e-006	6.25e-005
1.624541e-006	0.0006875
1.625041e-006	6.25e-005
1.625541e-006	-0.0005625
1.626041e-006	-0.00025
1.626541e-006	-0.0011875
1.627041e-006	-0.0015
1.627541e-006	-0.0011875
1.628041e-006	-0.0011875
1.628541e-006	-0.0018125
1.629041e-006	-0.0018125
1.629541e-006	-0.0011875
1.630041e-006	-0.0011875
1.630541e-006	-0.0005625
1.631041e-006	-0.00025
1.631541e-006	0.001
1.632041e-006	0.001
1.632541e-006	0.0006875
1.633041e-006	0.000375
1.633541e-006	0.000375
1.634041e-006	6.25e-005
1.634541e-006	-0.00025
1.635041e-006	6.25e-005
1.635541e-006	6.25e-005
1.636041e-006	6.25e-005
1.636541e-006	-0.0011875
1.637041e-006	-0.0018125
1.637541e-006	-0.0011875
1.638041e-006	-0.000875
1.638541e-006	-0.0005625
1.639041e-006	-0.000875
1.639541e-006	-0.000875
1.640041e-006	-0.000875
1.640541e-006	-0.0005625
1.641041e-006	6.25e-005
1.641541e-006	6.25e-005
1.642041e-006	0.000375
1.642541e-006	0.001
1.643041e-006	0.0006875
1.643541e-006	0.000375
1.644041e-006	-0.0005625
1.644541e-006	-0.000875
1.645041e-006	-0.0005625
1.645541e-006	-0.0005625
1.646041e-006	-0.0005625
1.646541e-006	-0.000875
1.647041e-006	-0.0011875
1.647541e-006	-0.0018125
1.648041e-006	-0.0015
1.648541e-006	-0.0011875
1.649041e-006	-0.0005625
1.649541e-006	0.000375
1.650041e-006	0.0006875
1.650541e-006	-0.00025
1.651041e-006	6.25e-005
1.651541e-006	0.0006875
1.652041e-006	0.001
1.652541e-006	0.0006875
1.653041e-006	-0.0005625
1.653541e-006	-0.000875
1.654041e-006	6.25e-005
1.654541e-006	-0.0005625
1.655041e-006	-0.0015
1.655541e-006	-0.000875
1.656041e-006	-0.0011875
1.656541e-006	-0.0015
1.657041e-006	-0.0015
1.657541e-006	-0.0005625
1.658041e-006	-0.000875
1.658541e-006	6.25e-005
1.659041e-006	-0.0005625
1.659541e-006	-0.0005625
1.660041e-006	-0.0005625
1.660541e-006	0.000375
1.661041e-006	0.000375
1.661541e-006	0.001
1.662041e-006	0.000375
1.662541e-006	0.000375
1.663041e-006	-0.00025
1.663541e-006	-0.0005625
1.664041e-006	-0.00025
1.664541e-006	-0.0005625
1.665041e-006	-0.0011875
1.665541e-006	-0.000875
1.666041e-006	-0.000875
1.666541e-006	-0.0011875
1.667041e-006	-0.0011875
1.667541e-006	-0.0011875
1.668041e-006	-0.0011875
1.668541e-006	-0.0011875
1.669041e-006	-0.0005625
1.669541e-006	-0.00025
1.670041e-006	6.25e-005
1.670541e-006	0.0006875
1.671041e-006	0.000375
1.671541e-006	-0.000875
1.672041e-006	-0.00025
1.672541e-006	6.25e-005
1.673041e-006	-0.000875
1.673541e-006	-0.000875
1.674041e-006	6.25e-005
1.674541e-006	6.25e-005
1.675041e-006	-0.0011875
1.675541e-006	-0.0011875
1.676041e-006	-0.000875
1.676541e-006	-0.0011875
1.677041e-006	-0.0011875
1.677541e-006	6.25e-005
1.678041e-006	-0.00025
1.678541e-006	-0.00025
1.679041e-006	-0.0005625
1.679541e-006	-0.00025
1.680041e-006	6.25e-005
1.680541e-006	-0.00025
1.681041e-006	-0.00025
1.681541e-006	0.000375
1.682041e-006	-0.00025
1.682541e-006	-0.000875
1.683041e-006	-0.0005625
1.683541e-006	-0.00025
1.684041e-006	-0.00025
1.684541e-006	-0.000875
1.685041e-006	-0.000875
1.685541e-006	-0.0005625
1.686041e-006	-0.0005625
1.686541e-006	-0.00025
1.687041e-006	-0.0005625
1.687541e-006	6.25e-005
1.688041e-006	6.25e-005
1.688541e-006	-0.0005625
1.689041e-006	-0.0005625
1.689541e-006	-0.0005625
1.690041e-006	-0.0005625
1.690541e-006	-0.0005625
1.691041e-006	-0.0005625
1.691541e-006	-0.000875
1.692041e-006	-0.0011875
1.692541e-006	-0.0005625
1.693041e-006	-0.0005625
1.693541e-006	-0.0005625
1.694041e-006	6.25e-005
1.694541e-006	-0.00025
1.695041e-006	-0.0005625
1.695541e-006	-0.00025
1.696041e-006	6.25e-005
1.696541e-006	6.25e-005
1.697041e-006	6.25e-005
1.697541e-006	0.0006875
1.698041e-006	0.0006875
1.698541e-006	-0.0005625
1.699041e-006	-0.0005625
1.699541e-006	-0.0005625
1.700041e-006	-0.000875
1.700541e-006	-0.0011875
1.701041e-006	-0.000875
1.701541e-006	-0.0011875
1.702041e-006	-0.0018125
1.702541e-006	-0.0018125
1.703041e-006	-0.0005625
1.703541e-006	-0.0005625
1.704041e-006	6.25e-005
1.704541e-006	0.000375
1.705041e-006	0.000375
1.705541e-006	6.25e-005
1.706041e-006	0.000375
1.706541e-006	0.0006875
1.707041e-006	0.000375
1.707541e-006	0.000375
1.708041e-006	0.000375
1.708541e-006	-0.0005625
1.709041e-006	-0.000875
1.709541e-006	-0.0005625
1.710041e-006	-0.0011875
1.710541e-006	-0.0015
1.711041e-006	-0.0018125
1.711541e-006	-0.0011875
1.712041e-006	-0.0018125
1.712541e-006	-0.0011875
1.713041e-006	-0.0015
1.713541e-006	-0.0005625
1.714041e-006	0.000375
1.714541e-006	0.0006875
1.715041e-006	0.000375
1.715541e-006	0.000375
1.716041e-006	0.0013125
1.716541e-006	0.0013125
1.717041e-006	0.001
1.717541e-006	0.0006875
1.718041e-006	0.0006875
1.718541e-006	0.000375
1.719041e-006	6.25e-005
1.719541e-006	-0.0011875
1.720041e-006	-0.000875
1.720541e-006	-0.000875
1.721041e-006	-0.0018125
1.721541e-006	-0.0024375
1.722041e-006	-0.002125
1.722541e-006	-0.0015
1.723041e-006	-0.0011875
1.723541e-006	-0.0011875
1.724041e-006	-0.0005625
1.724541e-006	6.25e-005
1.725041e-006	0.000375
1.725541e-006	0.0006875
1.726041e-006	0.001
1.726541e-006	0.0006875
1.727041e-006	0.0006875
1.727541e-006	0.0006875
1.728041e-006	0.000375
1.728541e-006	0.000375
1.729041e-006	0.000375
1.729541e-006	-0.000875
1.730041e-006	-0.0015
1.730541e-006	-0.0015
1.731041e-006	-0.002125
1.731541e-006	-0.0018125
1.732041e-006	-0.0018125
1.732541e-006	-0.0011875
1.733041e-006	-0.0015
1.733541e-006	-0.0011875
1.734041e-006	-0.000875
1.734541e-006	-0.00025
1.735041e-006	6.25e-005
1.735541e-006	0.001
1.736041e-006	0.001
1.736541e-006	0.001
1.737041e-006	0.0013125
1.737541e-006	0.001
1.738041e-006	0.000375
1.738541e-006	6.25e-005
1.739041e-006	-0.0005625
1.739541e-006	-0.0011875
1.740041e-006	-0.0005625
1.740541e-006	-0.0011875
1.741041e-006	-0.0011875
1.741541e-006	-0.0011875
1.742041e-006	-0.0011875
1.742541e-006	-0.0018125
1.743041e-006	-0.0011875
1.743541e-006	-0.0005625
1.744041e-006	-0.0005625
1.744541e-006	-0.00025
1.745041e-006	0.0006875
1.745541e-006	0.0006875
1.746041e-006	0.000375
1.746541e-006	0.0006875
1.747041e-006	0.0006875
1.747541e-006	0.0006875
1.748041e-006	0.000375
1.748541e-006	6.25e-005
1.749041e-006	-0.00025
1.749541e-006	-0.0005625
1.750041e-006	-0.0005625
1.750541e-006	-0.0005625
1.751041e-006	-0.0005625
1.751541e-006	-0.0005625
1.752041e-006	-0.0005625
1.752541e-006	-0.0005625
1.753041e-006	-0.0015
1.753541e-006	-0.000875
1.754041e-006	-0.00025
1.754541e-006	6.25e-005
1.755041e-006	0.000375
1.755541e-006	6.25e-005
1.756041e-006	6.25e-005
1.756541e-006	-0.00025
1.757041e-006	-0.00025
1.757541e-006	-0.0005625
1.758041e-006	-0.0005625
1.758541e-006	-0.0005625
1.759041e-006	-0.000875
1.759541e-006	-0.0005625
1.760041e-006	-0.00025
1.760541e-006	-0.00025
1.761041e-006	-0.00025
1.761541e-006	-0.0005625
1.762041e-006	-0.0005625
1.762541e-006	6.25e-005
1.763041e-006	-0.00025
1.763541e-006	-0.00025
1.764041e-006	-0.0005625
1.764541e-006	-0.000875
1.765041e-006	-0.000875
1.765541e-006	0.000375
1.766041e-006	0.001
1.766541e-006	-0.00025
1.767041e-006	-0.0005625
1.767541e-006	-0.000875
1.768041e-006	-0.00025
1.768541e-006	-0.0005625
1.769041e-006	-0.0005625
1.769541e-006	-0.00025
1.770041e-006	6.25e-005
1.770541e-006	-0.0005625
1.771041e-006	6.25e-005
1.771541e-006	0.000375
1.772041e-006	-0.00025
1.772541e-006	-0.000875
1.773041e-006	-0.00025
1.773541e-006	6.25e-005
1.774041e-006	6.25e-005
1.774541e-006	6.25e-005
1.775041e-006	6.25e-005
1.775541e-006	0.000375
1.776041e-006	-0.0005625
1.776541e-006	-0.000875
1.777041e-006	-0.000875
1.777541e-006	-0.0005625
1.778041e-006	6.25e-005
1.778541e-006	-0.0005625
1.779041e-006	-0.0005625
1.779541e-006	6.25e-005
1.780041e-006	-0.00025
1.780541e-006	6.25e-005
1.781041e-006	6.25e-005
1.781541e-006	6.25e-005
1.782041e-006	-0.0005625
1.782541e-006	-0.0005625
1.783041e-006	-0.000875
1.783541e-006	-0.0005625
1.784041e-006	-0.0005625
1.784541e-006	-0.00025
1.785041e-006	6.25e-005
1.785541e-006	6.25e-005
1.786041e-006	-0.0005625
1.786541e-006	-0.00025
1.787041e-006	-0.00025
1.787541e-006	-0.00025
1.788041e-006	6.25e-005
