LECROYWS454	16215	Waveform
Segments	1	SegmentSize	4002
Segment	TrigTime	TimeSinceSegment1
#1	02-May-2024 19:22:00	0                 
Time	Ampl
-2.12244e-007	-0.0005625
-2.11744e-007	0.000375
-2.11244e-007	6.25e-005
-2.10744e-007	0.001
-2.10244e-007	0.001625
-2.09744e-007	0.001625
-2.09244e-007	0.00225
-2.08744e-007	0.0019375
-2.08244e-007	0.001625
-2.07744e-007	0.001625
-2.07244e-007	0.0013125
-2.06744e-007	6.25e-005
-2.06244e-007	-0.000875
-2.05744e-007	-0.0011875
-2.05244e-007	-0.0015
-2.04744e-007	-0.0018125
-2.04244e-007	-0.002125
-2.03744e-007	-0.0024375
-2.03244e-007	-0.0018125
-2.02744e-007	-0.0011875
-2.02244e-007	-0.000875
-2.01744e-007	-0.0005625
-2.01244e-007	0.001
-2.00744e-007	0.001625
-2.00244e-007	0.001625
-1.99744e-007	0.001625
-1.99244e-007	0.0019375
-1.98744e-007	0.00225
-1.98244e-007	0.0025625
-1.97744e-007	0.0013125
-1.97244e-007	0.000375
-1.96744e-007	6.25e-005
-1.96244e-007	-0.0011875
-1.95744e-007	-0.002125
-1.95244e-007	-0.002125
-1.94744e-007	-0.002125
-1.94244e-007	-0.00275
-1.93744e-007	-0.002125
-1.93244e-007	-0.002125
-1.92744e-007	-0.0011875
-1.92244e-007	-0.0005625
-1.91744e-007	0.000375
-1.91244e-007	0.0013125
-1.90744e-007	0.0019375
-1.90244e-007	0.0025625
-1.89744e-007	0.0019375
-1.89244e-007	0.0025625
-1.88744e-007	0.0025625
-1.88244e-007	0.0025625
-1.87744e-007	0.0013125
-1.87244e-007	0.001
-1.86744e-007	-0.00025
-1.86244e-007	-0.0011875
-1.85744e-007	-0.0018125
-1.85244e-007	-0.0024375
-1.84744e-007	-0.0024375
-1.84244e-007	-0.0018125
-1.83744e-007	-0.0024375
-1.83244e-007	-0.0015
-1.82744e-007	-0.0011875
-1.82244e-007	-0.0011875
-1.81744e-007	6.25e-005
-1.81244e-007	0.001
-1.80744e-007	0.001625
-1.80244e-007	0.00225
-1.79744e-007	0.0025625
-1.79244e-007	0.0019375
-1.78744e-007	0.0025625
-1.78244e-007	0.0019375
-1.77744e-007	0.0013125
-1.77244e-007	-0.00025
-1.76744e-007	-0.0005625
-1.76244e-007	-0.0011875
-1.75744e-007	-0.0015
-1.75244e-007	-0.0024375
-1.74744e-007	-0.0024375
-1.74244e-007	-0.002125
-1.73744e-007	-0.0018125
-1.73244e-007	-0.0015
-1.72744e-007	-0.0005625
-1.72244e-007	-0.00025
-1.71744e-007	6.25e-005
-1.71244e-007	0.0013125
-1.70744e-007	0.001625
-1.70244e-007	0.001625
-1.69744e-007	0.0019375
-1.69244e-007	0.0031875
-1.68744e-007	0.002875
-1.68244e-007	0.0013125
-1.67744e-007	6.25e-005
-1.67244e-007	0.000375
-1.66744e-007	-0.00025
-1.66244e-007	-0.0011875
-1.65744e-007	-0.0015
-1.65244e-007	-0.0018125
-1.64744e-007	-0.0030625
-1.64244e-007	-0.00275
-1.63744e-007	-0.0024375
-1.63244e-007	-0.0018125
-1.62744e-007	-0.000875
-1.62244e-007	-0.0005625
-1.61744e-007	0.000375
-1.61244e-007	0.0013125
-1.60744e-007	0.001625
-1.60244e-007	0.0019375
-1.59744e-007	0.0019375
-1.59244e-007	0.0019375
-1.58744e-007	0.0019375
-1.58244e-007	0.0019375
-1.57744e-007	0.0013125
-1.57244e-007	6.25e-005
-1.56744e-007	-0.0005625
-1.56244e-007	-0.0011875
-1.55744e-007	-0.0015
-1.55244e-007	-0.002125
-1.54744e-007	-0.0018125
-1.54244e-007	-0.0015
-1.53744e-007	-0.0018125
-1.53244e-007	-0.0018125
-1.52744e-007	-0.000875
-1.52244e-007	0.000375
-1.51744e-007	0.0013125
-1.51244e-007	0.0006875
-1.50744e-007	0.0006875
-1.50244e-007	0.001
-1.49744e-007	0.0013125
-1.49244e-007	0.0019375
-1.48744e-007	0.0013125
-1.48244e-007	0.000375
-1.47744e-007	0.0006875
-1.47244e-007	0.000375
-1.46744e-007	6.25e-005
-1.46244e-007	-0.0005625
-1.45744e-007	-0.000875
-1.45244e-007	-0.0015
-1.44744e-007	-0.002125
-1.44244e-007	-0.0018125
-1.43744e-007	-0.0015
-1.43244e-007	-0.0011875
-1.42744e-007	-0.0005625
-1.42244e-007	0.000375
-1.41744e-007	6.25e-005
-1.41244e-007	6.25e-005
-1.40744e-007	0.001
-1.40244e-007	0.0019375
-1.39744e-007	0.001625
-1.39244e-007	0.0006875
-1.38744e-007	0.0006875
-1.38244e-007	0.0013125
-1.37744e-007	0.000375
-1.37244e-007	6.25e-005
-1.36744e-007	-0.00025
-1.36244e-007	-0.000875
-1.35744e-007	-0.000875
-1.35244e-007	-0.0018125
-1.34744e-007	-0.0015
-1.34244e-007	-0.0011875
-1.33744e-007	-0.000875
-1.33244e-007	-0.000875
-1.32744e-007	-0.000875
-1.32244e-007	6.25e-005
-1.31744e-007	0.0006875
-1.31244e-007	0.000375
-1.30744e-007	0.000375
-1.30244e-007	0.0006875
-1.29744e-007	0.0006875
-1.29244e-007	0.000375
-1.28744e-007	0.000375
-1.28244e-007	0.0006875
-1.27744e-007	0.001
-1.27244e-007	6.25e-005
-1.26744e-007	-0.00025
-1.26244e-007	-0.000875
-1.25744e-007	-0.000875
-1.25244e-007	-0.00025
-1.24744e-007	-0.0011875
-1.24244e-007	-0.0011875
-1.23744e-007	-0.0005625
-1.23244e-007	0.000375
-1.22744e-007	-0.0005625
-1.22244e-007	0.000375
-1.21744e-007	0.0013125
-1.21244e-007	6.25e-005
-1.20744e-007	6.25e-005
-1.20244e-007	0.0006875
-1.19744e-007	0.000375
-1.19244e-007	6.25e-005
-1.18744e-007	6.25e-005
-1.18244e-007	-0.0005625
-1.17744e-007	6.25e-005
-1.17244e-007	0.0006875
-1.16744e-007	-0.0011875
-1.16244e-007	-0.0015
-1.15744e-007	-0.00025
-1.15244e-007	-0.0011875
-1.14744e-007	-0.0011875
-1.14244e-007	-0.0005625
-1.13744e-007	-0.00025
-1.13244e-007	0.000375
-1.12744e-007	0.000375
-1.12244e-007	6.25e-005
-1.11744e-007	0.000375
-1.11244e-007	0.000375
-1.10744e-007	0.000375
-1.10244e-007	0.000375
-1.09744e-007	6.25e-005
-1.09244e-007	6.25e-005
-1.08744e-007	0.0006875
-1.08244e-007	6.25e-005
-1.07744e-007	-0.00025
-1.07244e-007	6.25e-005
-1.06744e-007	6.25e-005
-1.06244e-007	-0.0005625
-1.05744e-007	-0.0005625
-1.05244e-007	-0.0005625
-1.04744e-007	-0.00025
-1.04244e-007	-0.000875
-1.03744e-007	-0.0005625
-1.03244e-007	-0.0005625
-1.02744e-007	0.000375
-1.02244e-007	0.0006875
-1.01744e-007	6.25e-005
-1.01244e-007	6.25e-005
-1.00744e-007	-0.0005625
-1.00244e-007	0.000375
-9.9744e-008	0.0006875
-9.9244e-008	-0.00025
-9.8744e-008	0.000375
-9.8244e-008	-0.0005625
-9.7744e-008	-0.0011875
-9.7244e-008	6.25e-005
-9.6744e-008	-0.0005625
-9.6244e-008	-0.0005625
-9.5744e-008	-0.0005625
-9.5244e-008	-0.0005625
-9.4744e-008	-0.0005625
-9.4244e-008	-0.0005625
-9.3744e-008	-0.0005625
-9.3244e-008	-0.00025
-9.2744e-008	-0.0005625
-9.2244e-008	6.25e-005
-9.1744e-008	6.25e-005
-9.1244e-008	-0.00025
-9.0744e-008	6.25e-005
-9.0244e-008	0.0006875
-8.9744e-008	0.000375
-8.9244e-008	-0.0005625
-8.8744e-008	0.000375
-8.8244e-008	-0.00025
-8.7744e-008	-0.0005625
-8.7244e-008	-0.0005625
-8.6744e-008	0.000375
-8.6244e-008	0.0006875
-8.5744e-008	-0.00025
-8.5244e-008	-0.000875
-8.4744e-008	-0.000875
-8.4244e-008	-0.000875
-8.3744e-008	-0.00025
-8.3244e-008	-0.00025
-8.2744e-008	6.25e-005
-8.2244e-008	6.25e-005
-8.1744e-008	6.25e-005
-8.1244e-008	0.0006875
-8.0744e-008	-0.00025
-8.0244e-008	6.25e-005
-7.9744e-008	0.0006875
-7.9244e-008	0.001
-7.8744e-008	0.000375
-7.8244e-008	0.000375
-7.7744e-008	6.25e-005
-7.7244e-008	6.25e-005
-7.6744e-008	-0.00025
-7.6244e-008	-0.00025
-7.5744e-008	-0.0011875
-7.5244e-008	-0.000875
-7.4744e-008	-0.0005625
-7.4244e-008	-0.0005625
-7.3744e-008	-0.0005625
-7.3244e-008	-0.0005625
-7.2744e-008	-0.000875
-7.2244e-008	-0.0005625
-7.1744e-008	6.25e-005
-7.1244e-008	0.000375
-7.0744e-008	6.25e-005
-7.0244e-008	6.25e-005
-6.9744e-008	6.25e-005
-6.9244e-008	6.25e-005
-6.8744e-008	0.0006875
-6.8244e-008	0.000375
-6.7744e-008	-0.00025
-6.7244e-008	-0.00025
-6.6744e-008	0.000375
-6.6244e-008	6.25e-005
-6.5744e-008	-0.0005625
-6.5244e-008	-0.000875
-6.4744e-008	-0.0005625
-6.4244e-008	-0.00025
-6.3744e-008	-0.0005625
-6.3244e-008	-0.000875
-6.2744e-008	-0.000875
-6.2244e-008	6.25e-005
-6.1744e-008	-0.00025
-6.1244e-008	-0.0011875
-6.0744e-008	-0.0005625
-6.0244e-008	0.001
-5.9744e-008	0.0013125
-5.9244e-008	6.25e-005
-5.8744e-008	6.25e-005
-5.8244e-008	6.25e-005
-5.7744e-008	6.25e-005
-5.7244e-008	0.001
-5.6744e-008	0.000375
-5.6244e-008	-0.0005625
-5.5744e-008	6.25e-005
-5.5244e-008	0.0006875
-5.4744e-008	-0.0005625
-5.4244e-008	-0.00025
-5.3744e-008	-0.00025
-5.3244e-008	-0.0005625
-5.2744e-008	-0.0005625
-5.2244e-008	-0.000875
-5.1744e-008	-0.00025
-5.1244e-008	0.000375
-5.0744e-008	-0.00025
-5.0244e-008	-0.0005625
-4.9744e-008	-0.00025
-4.9244e-008	0.000375
-4.8744e-008	0.000375
-4.8244e-008	-0.00025
-4.7744e-008	0.000375
-4.7244e-008	-0.00025
-4.6744e-008	6.25e-005
-4.6244e-008	0.000375
-4.5744e-008	-0.000875
-4.5244e-008	-0.0005625
-4.4744e-008	6.25e-005
-4.4244e-008	6.25e-005
-4.3744e-008	-0.00025
-4.3244e-008	-0.0005625
-4.2744e-008	6.25e-005
-4.2244e-008	6.25e-005
-4.1744e-008	-0.00025
-4.1244e-008	-0.0005625
-4.0744e-008	-0.00025
-4.0244e-008	6.25e-005
-3.9744e-008	6.25e-005
-3.9244e-008	6.25e-005
-3.8744e-008	6.25e-005
-3.8244e-008	-0.000875
-3.7744e-008	-0.0005625
-3.7244e-008	6.25e-005
-3.6744e-008	6.25e-005
-3.6244e-008	6.25e-005
-3.5744e-008	-0.00025
-3.5244e-008	-0.000875
-3.4744e-008	-0.0005625
-3.4244e-008	-0.00025
-3.3744e-008	-0.00025
-3.3244e-008	-0.00025
-3.2744e-008	-0.0005625
-3.2244e-008	-0.0005625
-3.1744e-008	-0.00025
-3.1244e-008	-0.0005625
-3.0744e-008	-0.000875
-3.0244e-008	0.000375
-2.9744e-008	6.25e-005
-2.9244e-008	-0.00025
-2.8744e-008	-0.0005625
-2.8244e-008	-0.000875
-2.7744e-008	0.000375
-2.7244e-008	6.25e-005
-2.6744e-008	6.25e-005
-2.6244e-008	6.25e-005
-2.5744e-008	6.25e-005
-2.5244e-008	0.000375
-2.4744e-008	6.25e-005
-2.4244e-008	0.000375
-2.3744e-008	0.0006875
-2.3244e-008	-0.00025
-2.2744e-008	6.25e-005
-2.2244e-008	6.25e-005
-2.1744e-008	6.25e-005
-2.1244e-008	6.25e-005
-2.0744e-008	-0.00025
-2.0244e-008	-0.00025
-1.9744e-008	-0.0005625
-1.9244e-008	-0.00025
-1.8744e-008	-0.0005625
-1.8244e-008	-0.000875
-1.7744e-008	-0.00025
-1.7244e-008	-0.00025
-1.6744e-008	6.25e-005
-1.6244e-008	6.25e-005
-1.5744e-008	-0.00025
-1.5244e-008	0.000375
-1.4744e-008	0.000375
-1.4244e-008	0.001
-1.3744e-008	0.0006875
-1.3244e-008	6.25e-005
-1.2744e-008	-0.0005625
-1.2244e-008	-0.000875
-1.1744e-008	0.000375
-1.1244e-008	0.000375
-1.0744e-008	-0.00025
-1.0244e-008	-0.0005625
-9.744e-009	-0.0005625
-9.244e-009	-0.0005625
-8.744e-009	-0.0005625
-8.244e-009	-0.00025
-7.744e-009	-0.0011875
-7.244e-009	-0.0024375
-6.744e-009	-0.0024375
-6.244e-009	-0.00275
-5.744e-009	-0.0036875
-5.244e-009	-0.0043125
-4.744e-009	-0.004625
-4.244e-009	-0.004625
-3.744e-009	-0.0055625
-3.244e-009	-0.0065
-2.744e-009	-0.00775
-2.244e-009	-0.009
-1.744e-009	-0.0099375
-1.244e-009	-0.0111875
-7.44e-010	-0.012125
-2.44e-010	-0.012125
2.56e-010	-0.01275
7.56e-010	-0.013375
1.256e-009	-0.013375
1.756e-009	-0.0130625
2.256e-009	-0.0124375
2.756e-009	-0.012125
3.256e-009	-0.0124375
3.756e-009	-0.0124375
4.256e-009	-0.0118125
4.756e-009	-0.0118125
5.256e-009	-0.0124375
5.756e-009	-0.0115
6.256e-009	-0.0111875
6.756e-009	-0.0111875
7.256e-009	-0.0111875
7.756e-009	-0.0115
8.256e-009	-0.0130625
8.756e-009	-0.013375
9.256e-009	-0.0136875
9.756e-009	-0.0136875
1.0256e-008	-0.013375
1.0756e-008	-0.0130625
1.1256e-008	-0.0130625
1.1756e-008	-0.012125
1.2256e-008	-0.01275
1.2756e-008	-0.0130625
1.3256e-008	-0.0124375
1.3756e-008	-0.0115
1.4256e-008	-0.0111875
1.4756e-008	-0.0115
1.5256e-008	-0.0111875
1.5756e-008	-0.0111875
1.6256e-008	-0.0105625
1.6756e-008	-0.010875
1.7256e-008	-0.0115
1.7756e-008	-0.012125
1.8256e-008	-0.0130625
1.8756e-008	-0.013375
1.9256e-008	-0.013375
1.9756e-008	-0.014
2.0256e-008	-0.0143125
2.0756e-008	-0.0143125
2.1256e-008	-0.0143125
2.1756e-008	-0.0143125
2.2256e-008	-0.0143125
2.2756e-008	-0.0136875
2.3256e-008	-0.013375
2.3756e-008	-0.0130625
2.4256e-008	-0.0130625
2.4756e-008	-0.0124375
2.5256e-008	-0.0124375
2.5756e-008	-0.012125
2.6256e-008	-0.0124375
2.6756e-008	-0.01275
2.7256e-008	-0.0143125
2.7756e-008	-0.0136875
2.8256e-008	-0.0136875
2.8756e-008	-0.0149375
2.9256e-008	-0.015875
2.9756e-008	-0.015875
3.0256e-008	-0.0168125
3.0756e-008	-0.017125
3.1256e-008	-0.0161875
3.1756e-008	-0.015875
3.2256e-008	-0.0161875
3.2756e-008	-0.0161875
3.3256e-008	-0.015875
3.3756e-008	-0.01525
3.4256e-008	-0.014625
3.4756e-008	-0.014
3.5256e-008	-0.0130625
3.5756e-008	-0.0130625
3.6256e-008	-0.01275
3.6756e-008	-0.0136875
3.7256e-008	-0.014625
3.7756e-008	-0.014625
3.8256e-008	-0.0149375
3.8756e-008	-0.0155625
3.9256e-008	-0.0161875
3.9756e-008	-0.0165
4.0256e-008	-0.0174375
4.0756e-008	-0.0174375
4.1256e-008	-0.0161875
4.1756e-008	-0.015875
4.2256e-008	-0.015875
4.2756e-008	-0.0155625
4.3256e-008	-0.014625
4.3756e-008	-0.014
4.4256e-008	-0.014625
4.4756e-008	-0.01275
4.5256e-008	-0.01275
4.5756e-008	-0.013375
4.6256e-008	-0.014
4.6756e-008	-0.0136875
4.7256e-008	-0.014
4.7756e-008	-0.0149375
4.8256e-008	-0.0149375
4.8756e-008	-0.0149375
4.9256e-008	-0.0161875
4.9756e-008	-0.0165
5.0256e-008	-0.0165
5.0756e-008	-0.015875
5.1256e-008	-0.0161875
5.1756e-008	-0.0161875
5.2256e-008	-0.015875
5.2756e-008	-0.0149375
5.3256e-008	-0.0149375
5.3756e-008	-0.0149375
5.4256e-008	-0.01525
5.4756e-008	-0.014
5.5256e-008	-0.014
5.5756e-008	-0.0143125
5.6256e-008	-0.0149375
5.6756e-008	-0.0149375
5.7256e-008	-0.01525
5.7756e-008	-0.01525
5.8256e-008	-0.0161875
5.8756e-008	-0.017125
5.9256e-008	-0.0174375
5.9756e-008	-0.01775
6.0256e-008	-0.01775
6.0756e-008	-0.01775
6.1256e-008	-0.017125
6.1756e-008	-0.0165
6.2256e-008	-0.01525
6.2756e-008	-0.0149375
6.3256e-008	-0.014
6.3756e-008	-0.014
6.4256e-008	-0.014
6.4756e-008	-0.014
6.5256e-008	-0.0143125
6.5756e-008	-0.014625
6.6256e-008	-0.014625
6.6756e-008	-0.0149375
6.7256e-008	-0.01525
6.7756e-008	-0.0149375
6.8256e-008	-0.015875
6.8756e-008	-0.0165
6.9256e-008	-0.0165
6.9756e-008	-0.0165
7.0256e-008	-0.0165
7.0756e-008	-0.0165
7.1256e-008	-0.0165
7.1756e-008	-0.0155625
7.2256e-008	-0.01525
7.2756e-008	-0.014625
7.3256e-008	-0.014625
7.3756e-008	-0.0136875
7.4256e-008	-0.0136875
7.4756e-008	-0.0130625
7.5256e-008	-0.013375
7.5756e-008	-0.014
7.6256e-008	-0.014625
7.6756e-008	-0.0149375
7.7256e-008	-0.01525
7.7756e-008	-0.01525
7.8256e-008	-0.0161875
7.8756e-008	-0.0161875
7.9256e-008	-0.0165
7.9756e-008	-0.017125
8.0256e-008	-0.015875
8.0756e-008	-0.015875
8.1256e-008	-0.01525
8.1756e-008	-0.01525
8.2256e-008	-0.014625
8.2756e-008	-0.014
8.3256e-008	-0.0130625
8.3756e-008	-0.01275
8.4256e-008	-0.01275
8.4756e-008	-0.01275
8.5256e-008	-0.0124375
8.5756e-008	-0.014
8.6256e-008	-0.014625
8.6756e-008	-0.014625
8.7256e-008	-0.0155625
8.7756e-008	-0.01525
8.8256e-008	-0.015875
8.8756e-008	-0.0165
8.9256e-008	-0.015875
8.9756e-008	-0.0161875
9.0256e-008	-0.0155625
9.0756e-008	-0.01525
9.1256e-008	-0.01525
9.1756e-008	-0.0143125
9.2256e-008	-0.014625
9.2756e-008	-0.0136875
9.3256e-008	-0.01275
9.3756e-008	-0.0124375
9.4256e-008	-0.0124375
9.4756e-008	-0.0124375
9.5256e-008	-0.01275
9.5756e-008	-0.0130625
9.6256e-008	-0.0136875
9.6756e-008	-0.014
9.7256e-008	-0.0149375
9.7756e-008	-0.0149375
9.8256e-008	-0.0155625
9.8756e-008	-0.015875
9.9256e-008	-0.015875
9.9756e-008	-0.0155625
1.00256e-007	-0.0149375
1.00756e-007	-0.0149375
1.01256e-007	-0.014625
1.01756e-007	-0.014
1.02256e-007	-0.0143125
1.02756e-007	-0.0130625
1.03256e-007	-0.01275
1.03756e-007	-0.0124375
1.04256e-007	-0.012125
1.04756e-007	-0.012125
1.05256e-007	-0.01275
1.05756e-007	-0.0136875
1.06256e-007	-0.0136875
1.06756e-007	-0.014625
1.07256e-007	-0.014625
1.07756e-007	-0.0143125
1.08256e-007	-0.0149375
1.08756e-007	-0.014625
1.09256e-007	-0.0143125
1.09756e-007	-0.01525
1.10256e-007	-0.014625
1.10756e-007	-0.0136875
1.11256e-007	-0.0136875
1.11756e-007	-0.0136875
1.12256e-007	-0.013375
1.12756e-007	-0.01275
1.13256e-007	-0.0136875
1.13756e-007	-0.01275
1.14256e-007	-0.012125
1.14756e-007	-0.012125
1.15256e-007	-0.01275
1.15756e-007	-0.0130625
1.16256e-007	-0.0130625
1.16756e-007	-0.013375
1.17256e-007	-0.014
1.17756e-007	-0.0130625
1.18256e-007	-0.0136875
1.18756e-007	-0.0136875
1.19256e-007	-0.014
1.19756e-007	-0.013375
1.20256e-007	-0.014
1.20756e-007	-0.014
1.21256e-007	-0.0130625
1.21756e-007	-0.0130625
1.22256e-007	-0.014
1.22756e-007	-0.0130625
1.23256e-007	-0.013375
1.23756e-007	-0.01275
1.24256e-007	-0.0124375
1.24756e-007	-0.01275
1.25256e-007	-0.0124375
1.25756e-007	-0.0124375
1.26256e-007	-0.01275
1.26756e-007	-0.01275
1.27256e-007	-0.0124375
1.27756e-007	-0.01275
1.28256e-007	-0.0130625
1.28756e-007	-0.01275
1.29256e-007	-0.013375
1.29756e-007	-0.0130625
1.30256e-007	-0.0124375
1.30756e-007	-0.0130625
1.31256e-007	-0.0130625
1.31756e-007	-0.0130625
1.32256e-007	-0.0130625
1.32756e-007	-0.0130625
1.33256e-007	-0.014
1.33756e-007	-0.0130625
1.34256e-007	-0.01275
1.34756e-007	-0.0130625
1.35256e-007	-0.0130625
1.35756e-007	-0.0124375
1.36256e-007	-0.0118125
1.36756e-007	-0.0124375
1.37256e-007	-0.0130625
1.37756e-007	-0.012125
1.38256e-007	-0.0124375
1.38756e-007	-0.0115
1.39256e-007	-0.012125
1.39756e-007	-0.0124375
1.40256e-007	-0.0124375
1.40756e-007	-0.012125
1.41256e-007	-0.012125
1.41756e-007	-0.01275
1.42256e-007	-0.01275
1.42756e-007	-0.0130625
1.43256e-007	-0.0136875
1.43756e-007	-0.0130625
1.44256e-007	-0.0136875
1.44756e-007	-0.0130625
1.45256e-007	-0.0130625
1.45756e-007	-0.0130625
1.46256e-007	-0.012125
1.46756e-007	-0.0115
1.47256e-007	-0.0115
1.47756e-007	-0.0118125
1.48256e-007	-0.0118125
1.48756e-007	-0.0115
1.49256e-007	-0.0115
1.49756e-007	-0.010875
1.50256e-007	-0.0118125
1.50756e-007	-0.0118125
1.51256e-007	-0.0115
1.51756e-007	-0.012125
1.52256e-007	-0.0124375
1.52756e-007	-0.01275
1.53256e-007	-0.0124375
1.53756e-007	-0.01275
1.54256e-007	-0.0136875
1.54756e-007	-0.0130625
1.55256e-007	-0.0130625
1.55756e-007	-0.01275
1.56256e-007	-0.0118125
1.56756e-007	-0.012125
1.57256e-007	-0.0115
1.57756e-007	-0.0111875
1.58256e-007	-0.0115
1.58756e-007	-0.0111875
1.59256e-007	-0.0118125
1.59756e-007	-0.01025
1.60256e-007	-0.0111875
1.60756e-007	-0.0111875
1.61256e-007	-0.0111875
1.61756e-007	-0.0111875
1.62256e-007	-0.0118125
1.62756e-007	-0.0124375
1.63256e-007	-0.0124375
1.63756e-007	-0.0118125
1.64256e-007	-0.0130625
1.64756e-007	-0.012125
1.65256e-007	-0.01275
1.65756e-007	-0.0124375
1.66256e-007	-0.012125
1.66756e-007	-0.0115
1.67256e-007	-0.0111875
1.67756e-007	-0.0115
1.68256e-007	-0.0105625
1.68756e-007	-0.0105625
1.69256e-007	-0.010875
1.69756e-007	-0.010875
1.70256e-007	-0.0111875
1.70756e-007	-0.01025
1.71256e-007	-0.0111875
1.71756e-007	-0.0111875
1.72256e-007	-0.0111875
1.72756e-007	-0.0124375
1.73256e-007	-0.012125
1.73756e-007	-0.0124375
1.74256e-007	-0.012125
1.74756e-007	-0.0118125
1.75256e-007	-0.0118125
1.75756e-007	-0.010875
1.76256e-007	-0.0118125
1.76756e-007	-0.0115
1.77256e-007	-0.010875
1.77756e-007	-0.010875
1.78256e-007	-0.0099375
1.78756e-007	-0.01025
1.79256e-007	-0.010875
1.79756e-007	-0.0111875
1.80256e-007	-0.0118125
1.80756e-007	-0.010875
1.81256e-007	-0.0115
1.81756e-007	-0.010875
1.82256e-007	-0.0111875
1.82756e-007	-0.0115
1.83256e-007	-0.0115
1.83756e-007	-0.012125
1.84256e-007	-0.012125
1.84756e-007	-0.0115
1.85256e-007	-0.0118125
1.85756e-007	-0.010875
1.86256e-007	-0.0115
1.86756e-007	-0.010875
1.87256e-007	-0.010875
1.87756e-007	-0.0105625
1.88256e-007	-0.0105625
1.88756e-007	-0.0115
1.89256e-007	-0.0111875
1.89756e-007	-0.010875
1.90256e-007	-0.0115
1.90756e-007	-0.0111875
1.91256e-007	-0.0111875
1.91756e-007	-0.010875
1.92256e-007	-0.0118125
1.92756e-007	-0.0115
1.93256e-007	-0.01025
1.93756e-007	-0.01025
1.94256e-007	-0.0105625
1.94756e-007	-0.0111875
1.95256e-007	-0.0099375
1.95756e-007	-0.009
1.96256e-007	-0.0099375
1.96756e-007	-0.0105625
1.97256e-007	-0.010875
1.97756e-007	-0.0105625
1.98256e-007	-0.0105625
1.98756e-007	-0.01025
1.99256e-007	-0.0099375
1.99756e-007	-0.0118125
2.00256e-007	-0.0118125
2.00756e-007	-0.0111875
2.01256e-007	-0.0115
2.01756e-007	-0.0115
2.02256e-007	-0.0118125
2.02756e-007	-0.010875
2.03256e-007	-0.0111875
2.03756e-007	-0.010875
2.04256e-007	-0.0099375
2.04756e-007	-0.010875
2.05256e-007	-0.0105625
2.05756e-007	-0.009625
2.06256e-007	-0.0093125
2.06756e-007	-0.0093125
2.07256e-007	-0.0105625
2.07756e-007	-0.009625
2.08256e-007	-0.0099375
2.08756e-007	-0.010875
2.09256e-007	-0.0118125
2.09756e-007	-0.0115
2.10256e-007	-0.0115
2.10756e-007	-0.0118125
2.11256e-007	-0.0118125
2.11756e-007	-0.0105625
2.12256e-007	-0.01025
2.12756e-007	-0.01025
2.13256e-007	-0.010875
2.13756e-007	-0.0105625
2.14256e-007	-0.009
2.14756e-007	-0.009
2.15256e-007	-0.0086875
2.15756e-007	-0.009625
2.16256e-007	-0.009
2.16756e-007	-0.0086875
2.17256e-007	-0.009
2.17756e-007	-0.009625
2.18256e-007	-0.01025
2.18756e-007	-0.01025
2.19256e-007	-0.01025
2.19756e-007	-0.0111875
2.20256e-007	-0.0111875
2.20756e-007	-0.010875
2.21256e-007	-0.0115
2.21756e-007	-0.0111875
2.22256e-007	-0.010875
2.22756e-007	-0.01025
2.23256e-007	-0.0099375
2.23756e-007	-0.009
2.24256e-007	-0.0093125
2.24756e-007	-0.0093125
2.25256e-007	-0.009
2.25756e-007	-0.0093125
2.26256e-007	-0.009
2.26756e-007	-0.0086875
2.27256e-007	-0.009625
2.27756e-007	-0.009625
2.28256e-007	-0.0099375
2.28756e-007	-0.0099375
2.29256e-007	-0.01025
2.29756e-007	-0.0105625
2.30256e-007	-0.0105625
2.30756e-007	-0.0115
2.31256e-007	-0.0105625
2.31756e-007	-0.01025
2.32256e-007	-0.01025
2.32756e-007	-0.0093125
2.33256e-007	-0.009625
2.33756e-007	-0.0099375
2.34256e-007	-0.0086875
2.34756e-007	-0.0093125
2.35256e-007	-0.008375
2.35756e-007	-0.008375
2.36256e-007	-0.0086875
2.36756e-007	-0.009
2.37256e-007	-0.0093125
2.37756e-007	-0.0099375
2.38256e-007	-0.0105625
2.38756e-007	-0.0099375
2.39256e-007	-0.0099375
2.39756e-007	-0.0105625
2.40256e-007	-0.0105625
2.40756e-007	-0.0105625
2.41256e-007	-0.0099375
2.41756e-007	-0.0099375
2.42256e-007	-0.01025
2.42756e-007	-0.0093125
2.43256e-007	-0.0093125
2.43756e-007	-0.0093125
2.44256e-007	-0.0086875
2.44756e-007	-0.008375
2.45256e-007	-0.0086875
2.45756e-007	-0.0093125
2.46256e-007	-0.0093125
2.46756e-007	-0.008375
2.47256e-007	-0.0086875
2.47756e-007	-0.009625
2.48256e-007	-0.0099375
2.48756e-007	-0.0093125
2.49256e-007	-0.009
2.49756e-007	-0.009625
2.50256e-007	-0.0099375
2.50756e-007	-0.0093125
2.51256e-007	-0.0086875
2.51756e-007	-0.0093125
2.52256e-007	-0.009
2.52756e-007	-0.009
2.53256e-007	-0.008375
2.53756e-007	-0.0086875
2.54256e-007	-0.008375
2.54756e-007	-0.0086875
2.55256e-007	-0.0086875
2.55756e-007	-0.0086875
2.56256e-007	-0.008375
2.56756e-007	-0.0093125
2.57256e-007	-0.0093125
2.57756e-007	-0.0093125
2.58256e-007	-0.009
2.58756e-007	-0.009625
2.59256e-007	-0.0093125
2.59756e-007	-0.009
2.60256e-007	-0.0086875
2.60756e-007	-0.0086875
2.61256e-007	-0.0086875
2.61756e-007	-0.008375
2.62256e-007	-0.0086875
2.62756e-007	-0.009
2.63256e-007	-0.0080625
2.63756e-007	-0.0086875
2.64256e-007	-0.0080625
2.64756e-007	-0.00775
2.65256e-007	-0.0086875
2.65756e-007	-0.008375
2.66256e-007	-0.0093125
2.66756e-007	-0.009
2.67256e-007	-0.0093125
2.67756e-007	-0.0086875
2.68256e-007	-0.0093125
2.68756e-007	-0.0093125
2.69256e-007	-0.008375
2.69756e-007	-0.008375
2.70256e-007	-0.008375
2.70756e-007	-0.00775
2.71256e-007	-0.0080625
2.71756e-007	-0.008375
2.72256e-007	-0.0080625
2.72756e-007	-0.00775
2.73256e-007	-0.00775
2.73756e-007	-0.0080625
2.74256e-007	-0.007125
2.74756e-007	-0.0080625
2.75256e-007	-0.00775
2.75756e-007	-0.008375
2.76256e-007	-0.0086875
2.76756e-007	-0.0086875
2.77256e-007	-0.0086875
2.77756e-007	-0.009
2.78256e-007	-0.0086875
2.78756e-007	-0.009
2.79256e-007	-0.00775
2.79756e-007	-0.0086875
2.80256e-007	-0.00775
2.80756e-007	-0.0074375
2.81256e-007	-0.0074375
2.81756e-007	-0.0074375
2.82256e-007	-0.00775
2.82756e-007	-0.0080625
2.83256e-007	-0.00775
2.83756e-007	-0.00775
2.84256e-007	-0.00775
2.84756e-007	-0.008375
2.85256e-007	-0.0080625
2.85756e-007	-0.0080625
2.86256e-007	-0.008375
2.86756e-007	-0.00775
2.87256e-007	-0.008375
2.87756e-007	-0.0080625
2.88256e-007	-0.0080625
2.88756e-007	-0.008375
2.89256e-007	-0.00775
2.89756e-007	-0.00775
2.90256e-007	-0.00775
2.90756e-007	-0.00775
2.91256e-007	-0.0080625
2.91756e-007	-0.00775
2.92256e-007	-0.00775
2.92756e-007	-0.0080625
2.93256e-007	-0.008375
2.93756e-007	-0.0080625
2.94256e-007	-0.0074375
2.94756e-007	-0.008375
2.95256e-007	-0.0080625
2.95756e-007	-0.00775
2.96256e-007	-0.0074375
2.96756e-007	-0.0074375
2.97256e-007	-0.00775
2.97756e-007	-0.008375
2.98256e-007	-0.00775
2.98756e-007	-0.00775
2.99256e-007	-0.0068125
2.99756e-007	-0.0074375
3.00256e-007	-0.0074375
3.00756e-007	-0.00775
3.01256e-007	-0.00775
3.01756e-007	-0.00775
3.02256e-007	-0.008375
3.02756e-007	-0.0080625
3.03256e-007	-0.00775
3.03756e-007	-0.008375
3.04256e-007	-0.00775
3.04756e-007	-0.0080625
3.05256e-007	-0.007125
3.05756e-007	-0.0074375
3.06256e-007	-0.007125
3.06756e-007	-0.0065
3.07256e-007	-0.0074375
3.07756e-007	-0.0074375
3.08256e-007	-0.007125
3.08756e-007	-0.0074375
3.09256e-007	-0.0074375
3.09756e-007	-0.0074375
3.10256e-007	-0.0068125
3.10756e-007	-0.00775
3.11256e-007	-0.0080625
3.11756e-007	-0.00775
3.12256e-007	-0.008375
3.12756e-007	-0.0080625
3.13256e-007	-0.0080625
3.13756e-007	-0.00775
3.14256e-007	-0.00775
3.14756e-007	-0.00775
3.15256e-007	-0.0068125
3.15756e-007	-0.0065
3.16256e-007	-0.0068125
3.16756e-007	-0.007125
3.17256e-007	-0.007125
3.17756e-007	-0.0061875
3.18256e-007	-0.005875
3.18756e-007	-0.0065
3.19256e-007	-0.0068125
3.19756e-007	-0.0074375
3.20256e-007	-0.0074375
3.20756e-007	-0.0080625
3.21256e-007	-0.0074375
3.21756e-007	-0.0080625
3.22256e-007	-0.0074375
3.22756e-007	-0.0080625
3.23256e-007	-0.00775
3.23756e-007	-0.00775
3.24256e-007	-0.00775
3.24756e-007	-0.0074375
3.25256e-007	-0.0055625
3.25756e-007	-0.0065
3.26256e-007	-0.0065
3.26756e-007	-0.0061875
3.27256e-007	-0.0055625
3.27756e-007	-0.0055625
3.28256e-007	-0.005875
3.28756e-007	-0.0065
3.29256e-007	-0.0074375
3.29756e-007	-0.007125
3.30256e-007	-0.0074375
3.30756e-007	-0.00775
3.31256e-007	-0.0080625
3.31756e-007	-0.00775
3.32256e-007	-0.008375
3.32756e-007	-0.00775
3.33256e-007	-0.0080625
3.33756e-007	-0.0074375
3.34256e-007	-0.007125
3.34756e-007	-0.0065
3.35256e-007	-0.0061875
3.35756e-007	-0.0061875
3.36256e-007	-0.005875
3.36756e-007	-0.00525
3.37256e-007	-0.0055625
3.37756e-007	-0.0055625
3.38256e-007	-0.0065
3.38756e-007	-0.0065
3.39256e-007	-0.0068125
3.39756e-007	-0.00775
3.40256e-007	-0.00775
3.40756e-007	-0.008375
3.41256e-007	-0.00775
3.41756e-007	-0.0080625
3.42256e-007	-0.0080625
3.42756e-007	-0.0080625
3.43256e-007	-0.0065
3.43756e-007	-0.0068125
3.44256e-007	-0.0068125
3.44756e-007	-0.0065
3.45256e-007	-0.0055625
3.45756e-007	-0.00525
3.46256e-007	-0.0049375
3.46756e-007	-0.005875
3.47256e-007	-0.0055625
3.47756e-007	-0.0055625
3.48256e-007	-0.0065
3.48756e-007	-0.0061875
3.49256e-007	-0.007125
3.49756e-007	-0.0074375
3.50256e-007	-0.0068125
3.50756e-007	-0.007125
3.51256e-007	-0.0074375
3.51756e-007	-0.0074375
3.52256e-007	-0.0074375
3.52756e-007	-0.0068125
3.53256e-007	-0.0065
3.53756e-007	-0.005875
3.54256e-007	-0.0068125
3.54756e-007	-0.0055625
3.55256e-007	-0.0055625
3.55756e-007	-0.005875
3.56256e-007	-0.0049375
3.56756e-007	-0.0049375
3.57256e-007	-0.005875
3.57756e-007	-0.005875
3.58256e-007	-0.0065
3.58756e-007	-0.0065
3.59256e-007	-0.0074375
3.59756e-007	-0.0074375
3.60256e-007	-0.007125
3.60756e-007	-0.0080625
3.61256e-007	-0.0074375
3.61756e-007	-0.0074375
3.62256e-007	-0.0074375
3.62756e-007	-0.0065
3.63256e-007	-0.005875
3.63756e-007	-0.0055625
3.64256e-007	-0.00525
3.64756e-007	-0.0055625
3.65256e-007	-0.00525
3.65756e-007	-0.0055625
3.66256e-007	-0.004625
3.66756e-007	-0.00525
3.67256e-007	-0.0055625
3.67756e-007	-0.0061875
3.68256e-007	-0.007125
3.68756e-007	-0.007125
3.69256e-007	-0.0065
3.69756e-007	-0.007125
3.70256e-007	-0.007125
3.70756e-007	-0.0074375
3.71256e-007	-0.007125
3.71756e-007	-0.0068125
3.72256e-007	-0.0061875
3.72756e-007	-0.005875
3.73256e-007	-0.005875
3.73756e-007	-0.004625
3.74256e-007	-0.0049375
3.74756e-007	-0.0049375
3.75256e-007	-0.00525
3.75756e-007	-0.004625
3.76256e-007	-0.004625
3.76756e-007	-0.005875
3.77256e-007	-0.005875
3.77756e-007	-0.0055625
3.78256e-007	-0.0068125
3.78756e-007	-0.0061875
3.79256e-007	-0.0074375
3.79756e-007	-0.0074375
3.80256e-007	-0.007125
3.80756e-007	-0.007125
3.81256e-007	-0.0065
3.81756e-007	-0.0065
3.82256e-007	-0.005875
3.82756e-007	-0.0061875
3.83256e-007	-0.0049375
3.83756e-007	-0.004
3.84256e-007	-0.0049375
3.84756e-007	-0.0055625
3.85256e-007	-0.0049375
3.85756e-007	-0.004625
3.86256e-007	-0.0049375
3.86756e-007	-0.0065
3.87256e-007	-0.0065
3.87756e-007	-0.0061875
3.88256e-007	-0.0061875
3.88756e-007	-0.007125
3.89256e-007	-0.007125
3.89756e-007	-0.007125
3.90256e-007	-0.0065
3.90756e-007	-0.0068125
3.91256e-007	-0.0065
3.91756e-007	-0.0061875
3.92256e-007	-0.0049375
3.92756e-007	-0.0049375
3.93256e-007	-0.0055625
3.93756e-007	-0.004625
3.94256e-007	-0.0049375
3.94756e-007	-0.0049375
3.95256e-007	-0.00525
3.95756e-007	-0.004625
3.96256e-007	-0.0055625
3.96756e-007	-0.0055625
3.97256e-007	-0.005875
3.97756e-007	-0.0065
3.98256e-007	-0.0068125
3.98756e-007	-0.0061875
3.99256e-007	-0.0068125
3.99756e-007	-0.0061875
4.00256e-007	-0.0061875
4.00756e-007	-0.0055625
4.01256e-007	-0.005875
4.01756e-007	-0.00525
4.02256e-007	-0.0049375
4.02756e-007	-0.00525
4.03256e-007	-0.004625
4.03756e-007	-0.004
4.04256e-007	-0.0043125
4.04756e-007	-0.0049375
4.05256e-007	-0.0049375
4.05756e-007	-0.004625
4.06256e-007	-0.0049375
4.06756e-007	-0.0061875
4.07256e-007	-0.0068125
4.07756e-007	-0.0065
4.08256e-007	-0.005875
4.08756e-007	-0.0068125
4.09256e-007	-0.005875
4.09756e-007	-0.0055625
4.10256e-007	-0.0055625
4.10756e-007	-0.0055625
4.11256e-007	-0.00525
4.11756e-007	-0.00525
4.12256e-007	-0.004625
4.12756e-007	-0.0043125
4.13256e-007	-0.0043125
4.13756e-007	-0.0049375
4.14256e-007	-0.0049375
4.14756e-007	-0.0043125
4.15256e-007	-0.0049375
4.15756e-007	-0.0055625
4.16256e-007	-0.0061875
4.16756e-007	-0.0061875
4.17256e-007	-0.0061875
4.17756e-007	-0.0061875
4.18256e-007	-0.0068125
4.18756e-007	-0.005875
4.19256e-007	-0.005875
4.19756e-007	-0.0065
4.20256e-007	-0.0065
4.20756e-007	-0.00525
4.21256e-007	-0.0055625
4.21756e-007	-0.004625
4.22256e-007	-0.0049375
4.22756e-007	-0.004
4.23256e-007	-0.0036875
4.23756e-007	-0.0049375
4.24256e-007	-0.004625
4.24756e-007	-0.004625
4.25256e-007	-0.0049375
4.25756e-007	-0.0043125
4.26256e-007	-0.0049375
4.26756e-007	-0.0055625
4.27256e-007	-0.0061875
4.27756e-007	-0.0068125
4.28256e-007	-0.005875
4.28756e-007	-0.0065
4.29256e-007	-0.0055625
4.29756e-007	-0.0055625
4.30256e-007	-0.0049375
4.30756e-007	-0.00525
4.31256e-007	-0.0055625
4.31756e-007	-0.0055625
4.32256e-007	-0.004625
4.32756e-007	-0.0049375
4.33256e-007	-0.004625
4.33756e-007	-0.004625
4.34256e-007	-0.004625
4.34756e-007	-0.0049375
4.35256e-007	-0.0055625
4.35756e-007	-0.004625
4.36256e-007	-0.0049375
4.36756e-007	-0.00525
4.37256e-007	-0.005875
4.37756e-007	-0.005875
4.38256e-007	-0.005875
4.38756e-007	-0.0055625
4.39256e-007	-0.0055625
4.39756e-007	-0.0049375
4.40256e-007	-0.0055625
4.40756e-007	-0.0049375
4.41256e-007	-0.00525
4.41756e-007	-0.004625
4.42256e-007	-0.004625
4.42756e-007	-0.0043125
4.43256e-007	-0.004625
4.43756e-007	-0.0049375
4.44256e-007	-0.0043125
4.44756e-007	-0.004
4.45256e-007	-0.0043125
4.45756e-007	-0.0049375
4.46256e-007	-0.0055625
4.46756e-007	-0.005875
4.47256e-007	-0.0049375
4.47756e-007	-0.0055625
4.48256e-007	-0.0049375
4.48756e-007	-0.005875
4.49256e-007	-0.0049375
4.49756e-007	-0.0055625
4.50256e-007	-0.00525
4.50756e-007	-0.0049375
4.51256e-007	-0.0049375
4.51756e-007	-0.00525
4.52256e-007	-0.0049375
4.52756e-007	-0.004625
4.53256e-007	-0.0036875
4.53756e-007	-0.0043125
4.54256e-007	-0.004
4.54756e-007	-0.003375
4.55256e-007	-0.004625
4.55756e-007	-0.0055625
4.56256e-007	-0.0055625
4.56756e-007	-0.0049375
4.57256e-007	-0.0049375
4.57756e-007	-0.004625
4.58256e-007	-0.0049375
4.58756e-007	-0.0049375
4.59256e-007	-0.00525
4.59756e-007	-0.0043125
4.60256e-007	-0.0049375
4.60756e-007	-0.004625
4.61256e-007	-0.0049375
4.61756e-007	-0.0043125
4.62256e-007	-0.0055625
4.62756e-007	-0.0049375
4.63256e-007	-0.004
4.63756e-007	-0.004625
4.64256e-007	-0.0049375
4.64756e-007	-0.004625
4.65256e-007	-0.004625
4.65756e-007	-0.004625
4.66256e-007	-0.0049375
4.66756e-007	-0.004625
4.67256e-007	-0.004625
4.67756e-007	-0.0049375
4.68256e-007	-0.004625
4.68756e-007	-0.0049375
4.69256e-007	-0.0043125
4.69756e-007	-0.0043125
4.70256e-007	-0.0043125
4.70756e-007	-0.004625
4.71256e-007	-0.004625
4.71756e-007	-0.00525
4.72256e-007	-0.0043125
4.72756e-007	-0.004625
4.73256e-007	-0.0043125
4.73756e-007	-0.0049375
4.74256e-007	-0.0049375
4.74756e-007	-0.0049375
4.75256e-007	-0.0043125
4.75756e-007	-0.004625
4.76256e-007	-0.004625
4.76756e-007	-0.0043125
4.77256e-007	-0.004625
4.77756e-007	-0.0049375
4.78256e-007	-0.004625
4.78756e-007	-0.004625
4.79256e-007	-0.0049375
4.79756e-007	-0.004
4.80256e-007	-0.004625
4.80756e-007	-0.0043125
4.81256e-007	-0.0043125
4.81756e-007	-0.004
4.82256e-007	-0.004625
4.82756e-007	-0.0043125
4.83256e-007	-0.0043125
4.83756e-007	-0.0043125
4.84256e-007	-0.00525
4.84756e-007	-0.0049375
4.85256e-007	-0.0043125
4.85756e-007	-0.004
4.86256e-007	-0.0049375
4.86756e-007	-0.004625
4.87256e-007	-0.0049375
4.87756e-007	-0.0049375
4.88256e-007	-0.003375
4.88756e-007	-0.003375
4.89256e-007	-0.004
4.89756e-007	-0.0043125
4.90256e-007	-0.004
4.90756e-007	-0.004
4.91256e-007	-0.004
4.91756e-007	-0.004
4.92256e-007	-0.003375
4.92756e-007	-0.004625
4.93256e-007	-0.0036875
4.93756e-007	-0.0043125
4.94256e-007	-0.0036875
4.94756e-007	-0.0043125
4.95256e-007	-0.004625
4.95756e-007	-0.0049375
4.96256e-007	-0.0043125
4.96756e-007	-0.0049375
4.97256e-007	-0.004625
4.97756e-007	-0.0043125
4.98256e-007	-0.0049375
4.98756e-007	-0.004625
4.99256e-007	-0.0036875
4.99756e-007	-0.003375
5.00256e-007	-0.004625
5.00756e-007	-0.003375
5.01256e-007	-0.004
5.01756e-007	-0.0043125
5.02256e-007	-0.004
5.02756e-007	-0.0024375
5.03256e-007	-0.003375
5.03756e-007	-0.0036875
5.04256e-007	-0.0043125
5.04756e-007	-0.0043125
5.05256e-007	-0.0049375
5.05756e-007	-0.004625
5.06256e-007	-0.004625
5.06756e-007	-0.0036875
5.07256e-007	-0.004625
5.07756e-007	-0.004
5.08256e-007	-0.0043125
5.08756e-007	-0.0043125
5.09256e-007	-0.0049375
5.09756e-007	-0.0043125
5.10256e-007	-0.0036875
5.10756e-007	-0.003375
5.11256e-007	-0.003375
5.11756e-007	-0.0030625
5.12256e-007	-0.003375
5.12756e-007	-0.0043125
5.13256e-007	-0.0030625
5.13756e-007	-0.003375
5.14256e-007	-0.003375
5.14756e-007	-0.004
5.15256e-007	-0.004
5.15756e-007	-0.004625
5.16256e-007	-0.004625
5.16756e-007	-0.00525
5.17256e-007	-0.0036875
5.17756e-007	-0.0043125
5.18256e-007	-0.004
5.18756e-007	-0.004
5.19256e-007	-0.003375
5.19756e-007	-0.003375
5.20256e-007	-0.0036875
5.20756e-007	-0.003375
5.21256e-007	-0.0030625
5.21756e-007	-0.00275
5.22256e-007	-0.0030625
5.22756e-007	-0.0030625
5.23256e-007	-0.003375
5.23756e-007	-0.0030625
5.24256e-007	-0.0043125
5.24756e-007	-0.0036875
5.25256e-007	-0.004625
5.25756e-007	-0.0043125
5.26256e-007	-0.004625
5.26756e-007	-0.003375
5.27256e-007	-0.004
5.27756e-007	-0.0036875
5.28256e-007	-0.004
5.28756e-007	-0.004
5.29256e-007	-0.004625
5.29756e-007	-0.003375
5.30256e-007	-0.0030625
5.30756e-007	-0.00275
5.31256e-007	-0.0030625
5.31756e-007	-0.003375
5.32256e-007	-0.0030625
5.32756e-007	-0.0036875
5.33256e-007	-0.0043125
5.33756e-007	-0.0049375
5.34256e-007	-0.0036875
5.34756e-007	-0.0043125
5.35256e-007	-0.0043125
5.35756e-007	-0.004
5.36256e-007	-0.004
5.36756e-007	-0.004
5.37256e-007	-0.003375
5.37756e-007	-0.0036875
5.38256e-007	-0.0024375
5.38756e-007	-0.0030625
5.39256e-007	-0.003375
5.39756e-007	-0.0036875
5.40256e-007	-0.0030625
5.40756e-007	-0.00275
5.41256e-007	-0.0036875
5.41756e-007	-0.0030625
5.42256e-007	-0.003375
5.42756e-007	-0.0030625
5.43256e-007	-0.0036875
5.43756e-007	-0.0043125
5.44256e-007	-0.004625
5.44756e-007	-0.0049375
5.45256e-007	-0.0049375
5.45756e-007	-0.003375
5.46256e-007	-0.0043125
5.46756e-007	-0.003375
5.47256e-007	-0.0030625
5.47756e-007	-0.0024375
5.48256e-007	-0.00275
5.48756e-007	-0.003375
5.49256e-007	-0.0024375
5.49756e-007	-0.0018125
5.50256e-007	-0.002125
5.50756e-007	-0.00275
5.51256e-007	-0.0036875
5.51756e-007	-0.00275
5.52256e-007	-0.0036875
5.52756e-007	-0.0043125
5.53256e-007	-0.0043125
5.53756e-007	-0.0043125
5.54256e-007	-0.0049375
5.54756e-007	-0.005875
5.55256e-007	-0.0043125
5.55756e-007	-0.004625
5.56256e-007	-0.0036875
5.56756e-007	-0.003375
5.57256e-007	-0.003375
5.57756e-007	-0.0024375
5.58256e-007	-0.0018125
5.58756e-007	-0.00275
5.59256e-007	-0.0015
5.59756e-007	-0.0011875
5.60256e-007	-0.0011875
5.60756e-007	-0.0024375
5.61256e-007	-0.0030625
5.61756e-007	-0.0030625
5.62256e-007	-0.0043125
5.62756e-007	-0.0043125
5.63256e-007	-0.0049375
5.63756e-007	-0.0049375
5.64256e-007	-0.0043125
5.64756e-007	-0.0049375
5.65256e-007	-0.0055625
5.65756e-007	-0.0043125
5.66256e-007	-0.0043125
5.66756e-007	-0.0036875
5.67256e-007	-0.0036875
5.67756e-007	-0.0024375
5.68256e-007	-0.002125
5.68756e-007	-0.0015
5.69256e-007	-0.0011875
5.69756e-007	-0.0015
5.70256e-007	-0.0018125
5.70756e-007	-0.00275
5.71256e-007	-0.0024375
5.71756e-007	-0.00275
5.72256e-007	-0.004625
5.72756e-007	-0.004
5.73256e-007	-0.0049375
5.73756e-007	-0.00525
5.74256e-007	-0.0049375
5.74756e-007	-0.005875
5.75256e-007	-0.0055625
5.75756e-007	-0.0049375
5.76256e-007	-0.003375
5.76756e-007	-0.0036875
5.77256e-007	-0.0030625
5.77756e-007	-0.002125
5.78256e-007	-0.0024375
5.78756e-007	-0.0018125
5.79256e-007	-0.000875
5.79756e-007	-0.0018125
5.80256e-007	-0.0005625
5.80756e-007	-0.0018125
5.81256e-007	-0.0018125
5.81756e-007	-0.0024375
5.82256e-007	-0.0036875
5.82756e-007	-0.0043125
5.83256e-007	-0.0043125
5.83756e-007	-0.0043125
5.84256e-007	-0.0055625
5.84756e-007	-0.0061875
5.85256e-007	-0.004625
5.85756e-007	-0.004625
5.86256e-007	-0.0036875
5.86756e-007	-0.0036875
5.87256e-007	-0.0036875
5.87756e-007	-0.0015
5.88256e-007	-0.0024375
5.88756e-007	-0.0011875
5.89256e-007	-0.0011875
5.89756e-007	-0.000875
5.90256e-007	-0.0011875
5.90756e-007	-0.0018125
5.91256e-007	-0.0018125
5.91756e-007	-0.0024375
5.92256e-007	-0.004
5.92756e-007	-0.003375
5.93256e-007	-0.00525
5.93756e-007	-0.0043125
5.94256e-007	-0.0043125
5.94756e-007	-0.0049375
5.95256e-007	-0.004625
5.95756e-007	-0.0049375
5.96256e-007	-0.0036875
5.96756e-007	-0.0036875
5.97256e-007	-0.0030625
5.97756e-007	-0.0024375
5.98256e-007	-0.002125
5.98756e-007	-0.0018125
5.99256e-007	-0.0011875
5.99756e-007	-0.0015
6.00256e-007	-0.0005625
6.00756e-007	-0.0015
6.01256e-007	-0.0018125
6.01756e-007	-0.0024375
6.02256e-007	-0.0030625
6.02756e-007	-0.003375
6.03256e-007	-0.0043125
6.03756e-007	-0.0036875
6.04256e-007	-0.0043125
6.04756e-007	-0.004625
6.05256e-007	-0.004625
6.05756e-007	-0.004625
6.06256e-007	-0.003375
6.06756e-007	-0.0030625
6.07256e-007	-0.0030625
6.07756e-007	-0.0018125
6.08256e-007	-0.0024375
6.08756e-007	-0.0018125
6.09256e-007	-0.0024375
6.09756e-007	-0.002125
6.10256e-007	-0.0018125
6.10756e-007	-0.0011875
6.11256e-007	-0.002125
6.11756e-007	-0.003375
6.12256e-007	-0.004
6.12756e-007	-0.0030625
6.13256e-007	-0.0036875
6.13756e-007	-0.003375
6.14256e-007	-0.0049375
6.14756e-007	-0.004625
6.15256e-007	-0.0030625
6.15756e-007	-0.0030625
6.16256e-007	-0.00275
6.16756e-007	-0.003375
6.17256e-007	-0.00275
6.17756e-007	-0.0024375
6.18256e-007	-0.00275
6.18756e-007	-0.002125
6.19256e-007	-0.00275
6.19756e-007	-0.00275
6.20256e-007	-0.0011875
6.20756e-007	-0.002125
6.21256e-007	-0.0024375
6.21756e-007	-0.0030625
6.22256e-007	-0.00275
6.22756e-007	-0.0030625
6.23256e-007	-0.003375
6.23756e-007	-0.0030625
6.24256e-007	-0.003375
6.24756e-007	-0.003375
6.25256e-007	-0.003375
6.25756e-007	-0.0030625
6.26256e-007	-0.0024375
6.26756e-007	-0.00275
6.27256e-007	-0.0024375
6.27756e-007	-0.002125
6.28256e-007	-0.0024375
6.28756e-007	-0.0018125
6.29256e-007	-0.002125
6.29756e-007	-0.002125
6.30256e-007	-0.002125
6.30756e-007	-0.0024375
6.31256e-007	-0.0030625
6.31756e-007	-0.0030625
6.32256e-007	-0.003375
6.32756e-007	-0.00275
6.33256e-007	-0.0030625
6.33756e-007	-0.0024375
6.34256e-007	-0.0030625
6.34756e-007	-0.003375
6.35256e-007	-0.00275
6.35756e-007	-0.00275
6.36256e-007	-0.0024375
6.36756e-007	-0.00275
6.37256e-007	-0.0024375
6.37756e-007	-0.0024375
6.38256e-007	-0.0024375
6.38756e-007	-0.0018125
6.39256e-007	-0.0018125
6.39756e-007	-0.00275
6.40256e-007	-0.0024375
6.40756e-007	-0.003375
6.41256e-007	-0.0024375
6.41756e-007	-0.00275
6.42256e-007	-0.00275
6.42756e-007	-0.0030625
6.43256e-007	-0.0030625
6.43756e-007	-0.003375
6.44256e-007	-0.0036875
6.44756e-007	-0.0024375
6.45256e-007	-0.0018125
6.45756e-007	-0.0024375
6.46256e-007	-0.00275
6.46756e-007	-0.00275
6.47256e-007	-0.0015
6.47756e-007	-0.0015
6.48256e-007	-0.0024375
6.48756e-007	-0.002125
6.49256e-007	-0.0018125
6.49756e-007	-0.0018125
6.50256e-007	-0.00275
6.50756e-007	-0.002125
6.51256e-007	-0.00275
6.51756e-007	-0.00275
6.52256e-007	-0.0030625
6.52756e-007	-0.00275
6.53256e-007	-0.0030625
6.53756e-007	-0.0030625
6.54256e-007	-0.0036875
6.54756e-007	-0.0030625
6.55256e-007	-0.0030625
6.55756e-007	-0.0030625
6.56256e-007	-0.00275
6.56756e-007	-0.0024375
6.57256e-007	-0.0018125
6.57756e-007	-0.002125
6.58256e-007	-0.0018125
6.58756e-007	-0.0024375
6.59256e-007	-0.0015
6.59756e-007	-0.0018125
6.60256e-007	-0.0024375
6.60756e-007	-0.0024375
6.61256e-007	-0.0030625
6.61756e-007	-0.003375
6.62256e-007	-0.0024375
6.62756e-007	-0.0030625
6.63256e-007	-0.003375
6.63756e-007	-0.004
6.64256e-007	-0.003375
6.64756e-007	-0.00275
6.65256e-007	-0.00275
6.65756e-007	-0.0024375
6.66256e-007	-0.0024375
6.66756e-007	-0.00275
6.67256e-007	-0.0024375
6.67756e-007	-0.0011875
6.68256e-007	-0.000875
6.68756e-007	-0.0011875
6.69256e-007	-0.0015
6.69756e-007	-0.0018125
6.70256e-007	-0.0018125
6.70756e-007	-0.0011875
6.71256e-007	-0.0024375
6.71756e-007	-0.00275
6.72256e-007	-0.0030625
6.72756e-007	-0.003375
6.73256e-007	-0.003375
6.73756e-007	-0.0030625
6.74256e-007	-0.0036875
6.74756e-007	-0.0036875
6.75256e-007	-0.0036875
6.75756e-007	-0.0030625
6.76256e-007	-0.0030625
6.76756e-007	-0.002125
6.77256e-007	-0.0018125
6.77756e-007	-0.0018125
6.78256e-007	-0.0018125
6.78756e-007	-0.0018125
6.79256e-007	-0.0005625
6.79756e-007	-0.0005625
6.80256e-007	-0.0011875
6.80756e-007	-0.0015
6.81256e-007	-0.0024375
6.81756e-007	-0.0024375
6.82256e-007	-0.0018125
6.82756e-007	-0.0030625
6.83256e-007	-0.0030625
6.83756e-007	-0.0030625
6.84256e-007	-0.0036875
6.84756e-007	-0.004
6.85256e-007	-0.0030625
6.85756e-007	-0.00275
6.86256e-007	-0.0024375
6.86756e-007	-0.00275
6.87256e-007	-0.0024375
6.87756e-007	-0.002125
6.88256e-007	-0.0011875
6.88756e-007	-0.0011875
6.89256e-007	-0.0018125
6.89756e-007	-0.0011875
6.90256e-007	-0.0011875
6.90756e-007	-0.0015
6.91256e-007	-0.0011875
6.91756e-007	-0.0015
6.92256e-007	-0.0018125
6.92756e-007	-0.0024375
6.93256e-007	-0.003375
6.93756e-007	-0.003375
6.94256e-007	-0.004
6.94756e-007	-0.003375
6.95256e-007	-0.0030625
6.95756e-007	-0.0024375
6.96256e-007	-0.0036875
6.96756e-007	-0.003375
6.97256e-007	-0.0024375
6.97756e-007	-0.0018125
6.98256e-007	-0.0018125
6.98756e-007	-0.0011875
6.99256e-007	-0.0018125
6.99756e-007	-0.00025
7.00256e-007	-0.0005625
7.00756e-007	-0.0011875
7.01256e-007	-0.0005625
7.01756e-007	-0.0018125
7.02256e-007	-0.0018125
7.02756e-007	-0.002125
7.03256e-007	-0.0024375
7.03756e-007	-0.00275
7.04256e-007	-0.0030625
7.04756e-007	-0.0030625
7.05256e-007	-0.0030625
7.05756e-007	-0.00275
7.06256e-007	-0.002125
7.06756e-007	-0.0030625
7.07256e-007	-0.00275
7.07756e-007	-0.002125
7.08256e-007	-0.0011875
7.08756e-007	-0.0015
7.09256e-007	-0.0015
7.09756e-007	-0.000875
7.10256e-007	-0.0015
7.10756e-007	-0.0011875
7.11256e-007	-0.0011875
7.11756e-007	-0.0018125
7.12256e-007	-0.002125
7.12756e-007	-0.0024375
7.13256e-007	-0.00275
7.13756e-007	-0.00275
7.14256e-007	-0.003375
7.14756e-007	-0.002125
7.15256e-007	-0.00275
7.15756e-007	-0.00275
7.16256e-007	-0.0024375
7.16756e-007	-0.0024375
7.17256e-007	-0.0015
7.17756e-007	-0.0018125
7.18256e-007	-0.002125
7.18756e-007	-0.0015
7.19256e-007	-0.0011875
7.19756e-007	6.25e-005
7.20256e-007	-0.0005625
7.20756e-007	-0.0015
7.21256e-007	-0.0018125
7.21756e-007	-0.0018125
7.22256e-007	-0.0011875
7.22756e-007	-0.00275
7.23256e-007	-0.002125
7.23756e-007	-0.0024375
7.24256e-007	-0.0024375
7.24756e-007	-0.0024375
7.25256e-007	-0.0024375
7.25756e-007	-0.002125
7.26256e-007	-0.0018125
7.26756e-007	-0.0024375
7.27256e-007	-0.0011875
7.27756e-007	-0.0018125
7.28256e-007	-0.0018125
7.28756e-007	-0.0011875
7.29256e-007	-0.0011875
7.29756e-007	-0.0015
7.30256e-007	-0.0015
7.30756e-007	-0.0011875
7.31256e-007	-0.0018125
7.31756e-007	-0.002125
7.32256e-007	-0.0018125
7.32756e-007	-0.0024375
7.33256e-007	-0.00275
7.33756e-007	-0.002125
7.34256e-007	-0.00275
7.34756e-007	-0.0024375
7.35256e-007	-0.0024375
7.35756e-007	-0.002125
7.36256e-007	-0.002125
7.36756e-007	-0.0018125
7.37256e-007	-0.0015
7.37756e-007	-0.0018125
7.38256e-007	-0.0011875
7.38756e-007	-0.002125
7.39256e-007	-0.0024375
7.39756e-007	-0.0015
7.40256e-007	-0.0015
7.40756e-007	-0.0015
7.41256e-007	-0.0018125
7.41756e-007	-0.002125
7.42256e-007	-0.0018125
7.42756e-007	-0.0018125
7.43256e-007	-0.0024375
7.43756e-007	-0.00275
7.44256e-007	-0.0018125
7.44756e-007	-0.0011875
7.45256e-007	-0.0018125
7.45756e-007	-0.002125
7.46256e-007	-0.0018125
7.46756e-007	-0.0015
7.47256e-007	-0.000875
7.47756e-007	-0.002125
7.48256e-007	-0.0011875
7.48756e-007	-0.0011875
7.49256e-007	-0.0015
7.49756e-007	-0.0018125
7.50256e-007	-0.0018125
7.50756e-007	-0.002125
7.51256e-007	-0.002125
7.51756e-007	-0.0018125
7.52256e-007	-0.0015
7.52756e-007	-0.002125
7.53256e-007	-0.0018125
7.53756e-007	-0.0018125
7.54256e-007	-0.0011875
7.54756e-007	-0.0018125
7.55256e-007	-0.0018125
7.55756e-007	-0.0011875
7.56256e-007	-0.002125
7.56756e-007	-0.0018125
7.57256e-007	-0.0018125
7.57756e-007	-0.0018125
7.58256e-007	-0.002125
7.58756e-007	-0.0018125
7.59256e-007	-0.0015
7.59756e-007	-0.0024375
7.60256e-007	-0.002125
7.60756e-007	-0.0015
7.61256e-007	-0.002125
7.61756e-007	-0.002125
7.62256e-007	-0.002125
7.62756e-007	-0.0018125
7.63256e-007	-0.0015
7.63756e-007	-0.002125
7.64256e-007	-0.0018125
7.64756e-007	-0.002125
7.65256e-007	-0.000875
7.65756e-007	-0.0011875
7.66256e-007	-0.0015
7.66756e-007	-0.0018125
7.67256e-007	-0.0024375
7.67756e-007	-0.0024375
7.68256e-007	-0.002125
7.68756e-007	-0.0024375
7.69256e-007	-0.002125
7.69756e-007	-0.00275
7.70256e-007	-0.0024375
7.70756e-007	-0.0018125
7.71256e-007	-0.0024375
7.71756e-007	-0.002125
7.72256e-007	-0.00275
7.72756e-007	-0.0011875
7.73256e-007	-0.000875
7.73756e-007	-0.0011875
7.74256e-007	-0.0011875
7.74756e-007	-0.0011875
7.75256e-007	-0.0011875
7.75756e-007	-0.0011875
7.76256e-007	-0.0024375
7.76756e-007	-0.0018125
7.77256e-007	-0.002125
7.77756e-007	-0.002125
7.78256e-007	-0.0018125
7.78756e-007	-0.002125
7.79256e-007	-0.002125
7.79756e-007	-0.0030625
7.80256e-007	-0.0018125
7.80756e-007	-0.002125
7.81256e-007	-0.0024375
7.81756e-007	-0.0018125
7.82256e-007	-0.0018125
7.82756e-007	-0.0015
7.83256e-007	-0.0011875
7.83756e-007	-0.0015
7.84256e-007	-0.0005625
7.84756e-007	-0.0011875
7.85256e-007	-0.0015
7.85756e-007	-0.0011875
7.86256e-007	-0.0015
7.86756e-007	-0.002125
7.87256e-007	-0.0024375
7.87756e-007	-0.0015
7.88256e-007	-0.002125
7.88756e-007	-0.00275
7.89256e-007	-0.002125
7.89756e-007	-0.002125
7.90256e-007	-0.0018125
7.90756e-007	-0.0024375
7.91256e-007	-0.0018125
7.91756e-007	-0.0018125
7.92256e-007	-0.0024375
7.92756e-007	-0.000875
7.93256e-007	-0.000875
7.93756e-007	-0.0015
7.94256e-007	-0.002125
7.94756e-007	-0.000875
7.95256e-007	-0.00025
7.95756e-007	-0.0011875
7.96256e-007	-0.0015
7.96756e-007	-0.0018125
7.97256e-007	-0.0015
7.97756e-007	-0.0011875
7.98256e-007	-0.0024375
7.98756e-007	-0.0024375
7.99256e-007	-0.0018125
7.99756e-007	-0.0024375
8.00256e-007	-0.0018125
8.00756e-007	-0.002125
8.01256e-007	-0.002125
8.01756e-007	-0.002125
8.02256e-007	-0.0018125
8.02756e-007	-0.000875
8.03256e-007	-0.0011875
8.03756e-007	-0.0015
8.04256e-007	-0.0011875
8.04756e-007	-0.0018125
8.05256e-007	-0.0015
8.05756e-007	-0.002125
8.06256e-007	-0.0011875
8.06756e-007	-0.0011875
8.07256e-007	-0.0018125
8.07756e-007	-0.0024375
8.08256e-007	-0.002125
8.08756e-007	-0.0018125
8.09256e-007	-0.0018125
8.09756e-007	-0.002125
8.10256e-007	-0.0015
8.10756e-007	-0.002125
8.11256e-007	-0.0024375
8.11756e-007	-0.002125
8.12256e-007	-0.000875
8.12756e-007	-0.000875
8.13256e-007	-0.0018125
8.13756e-007	-0.000875
8.14256e-007	-0.0011875
8.14756e-007	-0.0015
8.15256e-007	-0.0018125
8.15756e-007	-0.0024375
8.16256e-007	-0.0024375
8.16756e-007	-0.002125
8.17256e-007	-0.002125
8.17756e-007	-0.0018125
8.18256e-007	-0.002125
8.18756e-007	-0.002125
8.19256e-007	-0.0024375
8.19756e-007	-0.0015
8.20256e-007	-0.0011875
8.20756e-007	-0.000875
8.21256e-007	-0.0011875
8.21756e-007	-0.0018125
8.22256e-007	-0.0011875
8.22756e-007	-0.0005625
8.23256e-007	-0.0018125
8.23756e-007	-0.0018125
8.24256e-007	-0.0018125
8.24756e-007	-0.002125
8.25256e-007	-0.0018125
8.25756e-007	-0.0024375
8.26256e-007	-0.0018125
8.26756e-007	-0.002125
8.27256e-007	-0.002125
8.27756e-007	-0.0024375
8.28256e-007	-0.0015
8.28756e-007	-0.0024375
8.29256e-007	-0.0018125
8.29756e-007	-0.0011875
8.30256e-007	-0.0011875
8.30756e-007	-0.0018125
8.31256e-007	-0.0011875
8.31756e-007	-0.000875
8.32256e-007	-0.0011875
8.32756e-007	-0.0011875
8.33256e-007	-0.000875
8.33756e-007	-0.000875
8.34256e-007	-0.0018125
8.34756e-007	-0.0024375
8.35256e-007	-0.0024375
8.35756e-007	-0.0011875
8.36256e-007	-0.002125
8.36756e-007	-0.0024375
8.37256e-007	-0.0024375
8.37756e-007	-0.002125
8.38256e-007	-0.002125
8.38756e-007	-0.0015
8.39256e-007	-0.0011875
8.39756e-007	-0.0011875
8.40256e-007	-0.000875
8.40756e-007	-0.000875
8.41256e-007	-0.0011875
8.41756e-007	-0.000875
8.42256e-007	6.25e-005
8.42756e-007	-0.0005625
8.43256e-007	-0.000875
8.43756e-007	-0.000875
8.44256e-007	-0.000875
8.44756e-007	-0.0015
8.45256e-007	-0.002125
8.45756e-007	-0.00275
8.46256e-007	-0.002125
8.46756e-007	-0.0015
8.47256e-007	-0.002125
8.47756e-007	-0.0024375
8.48256e-007	-0.0024375
8.48756e-007	-0.0018125
8.49256e-007	-0.0018125
8.49756e-007	-0.0018125
8.50256e-007	-0.0005625
8.50756e-007	-0.000875
8.51256e-007	-0.0005625
8.51756e-007	-0.0015
8.52256e-007	-0.0011875
8.52756e-007	-0.0011875
8.53256e-007	-0.000875
8.53756e-007	-0.00025
8.54256e-007	-0.0011875
8.54756e-007	-0.0018125
8.55256e-007	-0.00275
8.55756e-007	-0.0024375
8.56256e-007	-0.0018125
8.56756e-007	-0.0018125
8.57256e-007	-0.0024375
8.57756e-007	-0.0018125
8.58256e-007	-0.002125
8.58756e-007	-0.0018125
8.59256e-007	-0.0018125
8.59756e-007	-0.0018125
8.60256e-007	-0.0018125
8.60756e-007	-0.0018125
8.61256e-007	-0.0011875
8.61756e-007	-0.000875
8.62256e-007	-0.0011875
8.62756e-007	-0.0011875
8.63256e-007	-0.0005625
8.63756e-007	6.25e-005
8.64256e-007	-0.0011875
8.64756e-007	-0.0015
8.65256e-007	-0.0011875
8.65756e-007	-0.0011875
8.66256e-007	-0.0018125
8.66756e-007	-0.002125
8.67256e-007	-0.0011875
8.67756e-007	-0.000875
8.68256e-007	-0.002125
8.68756e-007	-0.00275
8.69256e-007	-0.0018125
8.69756e-007	-0.0015
8.70256e-007	-0.00025
8.70756e-007	-0.002125
8.71256e-007	-0.0015
8.71756e-007	-0.0018125
8.72256e-007	-0.0015
8.72756e-007	-0.0015
8.73256e-007	-0.0011875
8.73756e-007	-0.0011875
8.74256e-007	-0.0005625
8.74756e-007	-0.0005625
8.75256e-007	-0.000875
8.75756e-007	-0.000875
8.76256e-007	-0.000875
8.76756e-007	-0.0011875
8.77256e-007	-0.000875
8.77756e-007	-0.0011875
8.78256e-007	-0.0018125
8.78756e-007	-0.0015
8.79256e-007	-0.002125
8.79756e-007	-0.0011875
8.80256e-007	-0.0015
8.80756e-007	-0.002125
8.81256e-007	-0.0024375
8.81756e-007	-0.0018125
8.82256e-007	-0.0011875
8.82756e-007	-0.000875
8.83256e-007	-0.0011875
8.83756e-007	-0.0011875
8.84256e-007	-0.0015
8.84756e-007	-0.000875
8.85256e-007	-0.0005625
8.85756e-007	-0.0005625
8.86256e-007	-0.0005625
8.86756e-007	-0.000875
8.87256e-007	-0.000875
8.87756e-007	-0.0011875
8.88256e-007	-0.000875
8.88756e-007	-0.0011875
8.89256e-007	-0.0015
8.89756e-007	-0.002125
8.90256e-007	-0.002125
8.90756e-007	-0.0024375
8.91256e-007	-0.0024375
8.91756e-007	-0.0024375
8.92256e-007	-0.0018125
8.92756e-007	-0.002125
8.93256e-007	-0.0024375
8.93756e-007	-0.0018125
8.94256e-007	-0.0011875
8.94756e-007	-0.000875
8.95256e-007	-0.000875
8.95756e-007	-0.0005625
8.96256e-007	-0.0005625
8.96756e-007	-0.00025
8.97256e-007	-0.0005625
8.97756e-007	-0.0005625
8.98256e-007	-0.000875
8.98756e-007	-0.000875
8.99256e-007	-0.0011875
8.99756e-007	-0.002125
9.00256e-007	-0.0024375
9.00756e-007	-0.0024375
9.01256e-007	-0.00275
9.01756e-007	-0.00275
9.02256e-007	-0.0024375
9.02756e-007	-0.0018125
9.03256e-007	-0.0018125
9.03756e-007	-0.0018125
9.04256e-007	-0.0015
9.04756e-007	-0.000875
9.05256e-007	-0.000875
9.05756e-007	6.25e-005
9.06256e-007	6.25e-005
9.06756e-007	-0.0005625
9.07256e-007	0.0006875
9.07756e-007	-0.00025
9.08256e-007	-0.000875
9.08756e-007	-0.0005625
9.09256e-007	-0.0015
9.09756e-007	-0.0015
9.10256e-007	-0.0015
9.10756e-007	-0.002125
9.11256e-007	-0.0024375
9.11756e-007	-0.0024375
9.12256e-007	-0.0018125
9.12756e-007	-0.0018125
9.13256e-007	-0.002125
9.13756e-007	-0.002125
9.14256e-007	-0.0018125
9.14756e-007	-0.0015
9.15256e-007	-0.000875
9.15756e-007	-0.0005625
9.16256e-007	-0.0005625
9.16756e-007	-0.000875
9.17256e-007	-0.00025
9.17756e-007	-0.000875
9.18256e-007	-0.00025
9.18756e-007	6.25e-005
9.19256e-007	-0.0011875
9.19756e-007	-0.0011875
9.20256e-007	-0.0018125
9.20756e-007	-0.002125
9.21256e-007	-0.002125
9.21756e-007	-0.0015
9.22256e-007	-0.000875
9.22756e-007	-0.0015
9.23256e-007	-0.0024375
9.23756e-007	-0.0015
9.24256e-007	-0.0015
9.24756e-007	-0.000875
9.25256e-007	-0.0011875
9.25756e-007	-0.000875
9.26256e-007	-0.0005625
9.26756e-007	-0.0005625
9.27256e-007	-0.00025
9.27756e-007	-0.0011875
9.28256e-007	-0.0005625
9.28756e-007	-0.0011875
9.29256e-007	-0.0011875
9.29756e-007	-0.000875
9.30256e-007	-0.0018125
9.30756e-007	-0.0015
9.31256e-007	-0.0011875
9.31756e-007	-0.0015
9.32256e-007	-0.0018125
9.32756e-007	-0.002125
9.33256e-007	-0.0011875
9.33756e-007	-0.0018125
9.34256e-007	-0.0011875
9.34756e-007	-0.000875
9.35256e-007	-0.000875
9.35756e-007	-0.000875
9.36256e-007	-0.000875
9.36756e-007	-0.0005625
9.37256e-007	-0.000875
9.37756e-007	-0.0015
9.38256e-007	-0.0011875
9.38756e-007	-0.0011875
9.39256e-007	-0.0018125
9.39756e-007	-0.000875
9.40256e-007	-0.0018125
9.40756e-007	-0.0018125
9.41256e-007	-0.0011875
9.41756e-007	-0.00025
9.42256e-007	-0.000875
9.42756e-007	-0.0015
9.43256e-007	-0.000875
9.43756e-007	-0.0005625
9.44256e-007	-0.0011875
9.44756e-007	-0.0015
9.45256e-007	-0.000875
9.45756e-007	-0.00025
9.46256e-007	-0.0011875
9.46756e-007	-0.0011875
9.47256e-007	-0.0005625
9.47756e-007	-0.0018125
9.48256e-007	-0.0018125
9.48756e-007	-0.0015
9.49256e-007	-0.0011875
9.49756e-007	-0.002125
9.50256e-007	-0.0024375
9.50756e-007	-0.0015
9.51256e-007	-0.0011875
9.51756e-007	-0.0005625
9.52256e-007	-0.0005625
9.52756e-007	-0.000875
9.53256e-007	6.25e-005
9.53756e-007	-0.0005625
9.54256e-007	-0.0005625
9.54756e-007	-0.00025
9.55256e-007	-0.0005625
9.55756e-007	-0.00025
9.56256e-007	-0.000875
9.56756e-007	-0.000875
9.57256e-007	-0.000875
9.57756e-007	-0.0015
9.58256e-007	-0.0015
9.58756e-007	-0.0024375
9.59256e-007	-0.002125
9.59756e-007	-0.0024375
9.60256e-007	-0.0024375
9.60756e-007	-0.002125
9.61256e-007	-0.0015
9.61756e-007	-0.0011875
9.62256e-007	-0.000875
9.62756e-007	-0.0005625
9.63256e-007	-0.00025
9.63756e-007	6.25e-005
9.64256e-007	6.25e-005
9.64756e-007	-0.00025
9.65256e-007	-0.00025
9.65756e-007	6.25e-005
9.66256e-007	-0.0005625
9.66756e-007	-0.000875
9.67256e-007	-0.0011875
9.67756e-007	-0.000875
9.68256e-007	-0.0018125
9.68756e-007	-0.002125
9.69256e-007	-0.002125
9.69756e-007	-0.0024375
9.70256e-007	-0.002125
9.70756e-007	-0.002125
9.71256e-007	-0.0015
9.71756e-007	-0.0005625
9.72256e-007	-0.000875
9.72756e-007	-0.000875
9.73256e-007	6.25e-005
9.73756e-007	0.0006875
9.74256e-007	6.25e-005
9.74756e-007	-0.0005625
9.75256e-007	0.0006875
9.75756e-007	6.25e-005
9.76256e-007	6.25e-005
9.76756e-007	-0.00025
9.77256e-007	-0.0005625
9.77756e-007	-0.00025
9.78256e-007	-0.0011875
9.78756e-007	-0.002125
9.79256e-007	-0.002125
9.79756e-007	-0.0024375
9.80256e-007	-0.002125
9.80756e-007	-0.0024375
9.81256e-007	-0.002125
9.81756e-007	-0.000875
9.82256e-007	-0.0011875
9.82756e-007	-0.000875
9.83256e-007	-0.0005625
9.83756e-007	0.0006875
9.84256e-007	0.000375
9.84756e-007	-0.00025
9.85256e-007	-0.0005625
9.85756e-007	6.25e-005
9.86256e-007	-0.00025
9.86756e-007	-0.000875
9.87256e-007	-0.0005625
9.87756e-007	-0.0005625
9.88256e-007	-0.0011875
9.88756e-007	-0.0015
9.89256e-007	-0.0011875
9.89756e-007	-0.0018125
9.90256e-007	-0.0018125
9.90756e-007	-0.002125
9.91256e-007	-0.002125
9.91756e-007	-0.0011875
9.92256e-007	-0.0005625
9.92756e-007	-0.000875
9.93256e-007	-0.000875
9.93756e-007	-0.00025
9.94256e-007	6.25e-005
9.94756e-007	-0.00025
9.95256e-007	6.25e-005
9.95756e-007	-0.00025
9.96256e-007	6.25e-005
9.96756e-007	0.000375
9.97256e-007	-0.00025
9.97756e-007	-0.0005625
9.98256e-007	-0.0011875
9.98756e-007	-0.000875
9.99256e-007	-0.000875
9.99756e-007	-0.0018125
1.000256e-006	-0.0018125
1.000756e-006	-0.0018125
1.001256e-006	-0.0011875
1.001756e-006	-0.0015
1.002256e-006	-0.0015
1.002756e-006	-0.000875
1.003256e-006	-0.0018125
1.003756e-006	-0.000875
1.004256e-006	-0.000875
1.004756e-006	-0.0005625
1.005256e-006	-0.00025
1.005756e-006	-0.0005625
1.006256e-006	-0.00025
1.006756e-006	-0.00025
1.007256e-006	-0.0005625
1.007756e-006	-0.00025
1.008256e-006	-0.0005625
1.008756e-006	-0.0005625
1.009256e-006	-0.000875
1.009756e-006	-0.0011875
1.010256e-006	-0.0011875
1.010756e-006	-0.0015
1.011256e-006	-0.0018125
1.011756e-006	-0.0018125
1.012256e-006	-0.0015
1.012756e-006	-0.0015
1.013256e-006	-0.0015
1.013756e-006	-0.0011875
1.014256e-006	-0.000875
1.014756e-006	-0.00025
1.015256e-006	-0.00025
1.015756e-006	-0.0005625
1.016256e-006	6.25e-005
1.016756e-006	-0.0005625
1.017256e-006	-0.00025
1.017756e-006	6.25e-005
1.018256e-006	-0.0005625
1.018756e-006	-0.0011875
1.019256e-006	-0.0018125
1.019756e-006	-0.0018125
1.020256e-006	-0.000875
1.020756e-006	-0.0011875
1.021256e-006	-0.0018125
1.021756e-006	-0.0018125
1.022256e-006	-0.0015
1.022756e-006	-0.0018125
1.023256e-006	-0.000875
1.023756e-006	-0.0005625
1.024256e-006	-0.000875
1.024756e-006	-0.0005625
1.025256e-006	-0.0005625
1.025756e-006	-0.0005625
1.026256e-006	6.25e-005
1.026756e-006	6.25e-005
1.027256e-006	-0.00025
1.027756e-006	6.25e-005
1.028256e-006	6.25e-005
1.028756e-006	-0.00025
1.029256e-006	-0.0005625
1.029756e-006	-0.0005625
1.030256e-006	-0.000875
1.030756e-006	-0.0011875
1.031256e-006	-0.0011875
1.031756e-006	-0.0015
1.032256e-006	-0.0018125
1.032756e-006	-0.0018125
1.033256e-006	-0.0011875
1.033756e-006	-0.000875
1.034256e-006	-0.000875
1.034756e-006	-0.0005625
1.035256e-006	-0.000875
1.035756e-006	-0.00025
1.036256e-006	0.0013125
1.036756e-006	0.000375
1.037256e-006	6.25e-005
1.037756e-006	-0.0005625
1.038256e-006	-0.00025
1.038756e-006	-0.0005625
1.039256e-006	-0.0005625
1.039756e-006	-0.0018125
1.040256e-006	-0.0011875
1.040756e-006	-0.0011875
1.041256e-006	-0.0011875
1.041756e-006	-0.000875
1.042256e-006	-0.0011875
1.042756e-006	-0.002125
1.043256e-006	-0.0018125
1.043756e-006	-0.0011875
1.044256e-006	-0.00025
1.044756e-006	0.000375
1.045256e-006	-0.0005625
1.045756e-006	6.25e-005
1.046256e-006	6.25e-005
1.046756e-006	6.25e-005
1.047256e-006	6.25e-005
1.047756e-006	6.25e-005
1.048256e-006	0.0006875
1.048756e-006	-0.00025
1.049256e-006	-0.0005625
1.049756e-006	-0.000875
1.050256e-006	-0.0018125
1.050756e-006	-0.0018125
1.051256e-006	-0.0018125
1.051756e-006	-0.0015
1.052256e-006	-0.0018125
1.052756e-006	-0.002125
1.053256e-006	-0.0011875
1.053756e-006	-0.0018125
1.054256e-006	-0.000875
1.054756e-006	6.25e-005
1.055256e-006	0.0006875
1.055756e-006	0.0006875
1.056256e-006	0.001
1.056756e-006	0.000375
1.057256e-006	-0.000875
1.057756e-006	-0.00025
1.058256e-006	-0.00025
1.058756e-006	-0.000875
1.059256e-006	-0.0011875
1.059756e-006	-0.0018125
1.060256e-006	-0.0024375
1.060756e-006	-0.0024375
1.061256e-006	-0.0024375
1.061756e-006	-0.002125
1.062256e-006	-0.0024375
1.062756e-006	-0.0015
1.063256e-006	-0.0011875
1.063756e-006	-0.0018125
1.064256e-006	-0.0005625
1.064756e-006	6.25e-005
1.065256e-006	0.000375
1.065756e-006	0.0006875
1.066256e-006	0.0013125
1.066756e-006	0.001
1.067256e-006	-0.0005625
1.067756e-006	-0.00025
1.068256e-006	-0.00025
1.068756e-006	-0.0005625
1.069256e-006	-0.0005625
1.069756e-006	-0.0024375
1.070256e-006	-0.002125
1.070756e-006	-0.0024375
1.071256e-006	-0.0024375
1.071756e-006	-0.0018125
1.072256e-006	-0.002125
1.072756e-006	-0.0015
1.073256e-006	-0.0011875
1.073756e-006	-0.000875
1.074256e-006	0.0006875
1.074756e-006	0.001
1.075256e-006	0.0013125
1.075756e-006	0.0013125
1.076256e-006	0.001
1.076756e-006	0.001
1.077256e-006	6.25e-005
1.077756e-006	0.001
1.078256e-006	-0.00025
1.078756e-006	-0.0011875
1.079256e-006	-0.0015
1.079756e-006	-0.0018125
1.080256e-006	-0.0015
1.080756e-006	-0.00275
1.081256e-006	-0.002125
1.081756e-006	-0.0015
1.082256e-006	-0.0030625
1.082756e-006	-0.0018125
1.083256e-006	-0.0015
1.083756e-006	-0.00025
1.084256e-006	0.0006875
1.084756e-006	0.000375
1.085256e-006	0.000375
1.085756e-006	-0.00025
1.086256e-006	0.001
1.086756e-006	0.0013125
1.087256e-006	-0.00025
1.087756e-006	-0.0005625
1.088256e-006	-0.0011875
1.088756e-006	-0.0011875
1.089256e-006	-0.0018125
1.089756e-006	-0.00275
1.090256e-006	-0.0011875
1.090756e-006	-0.002125
1.091256e-006	-0.0018125
1.091756e-006	-0.0018125
1.092256e-006	-0.0018125
1.092756e-006	-0.0005625
1.093256e-006	-0.0011875
1.093756e-006	6.25e-005
1.094256e-006	0.0006875
1.094756e-006	6.25e-005
1.095256e-006	0.001
1.095756e-006	0.000375
1.096256e-006	0.0006875
1.096756e-006	6.25e-005
1.097256e-006	-0.0005625
1.097756e-006	6.25e-005
1.098256e-006	-0.0011875
1.098756e-006	-0.0011875
1.099256e-006	-0.0018125
1.099756e-006	-0.002125
1.100256e-006	-0.000875
1.100756e-006	-0.0024375
1.101256e-006	-0.002125
1.101756e-006	-0.002125
1.102256e-006	-0.000875
1.102756e-006	-0.00025
1.103256e-006	-0.0005625
1.103756e-006	0.000375
1.104256e-006	0.0006875
1.104756e-006	0.0006875
1.105256e-006	0.001
1.105756e-006	6.25e-005
1.106256e-006	6.25e-005
1.106756e-006	6.25e-005
1.107256e-006	-0.00025
1.107756e-006	6.25e-005
1.108256e-006	-0.000875
1.108756e-006	-0.0011875
1.109256e-006	-0.0024375
1.109756e-006	-0.002125
1.110256e-006	-0.002125
1.110756e-006	-0.002125
1.111256e-006	-0.0005625
1.111756e-006	-0.0011875
1.112256e-006	-0.0011875
1.112756e-006	6.25e-005
1.113256e-006	0.000375
1.113756e-006	0.0006875
1.114256e-006	0.0006875
1.114756e-006	0.001
1.115256e-006	0.001
1.115756e-006	-0.00025
1.116256e-006	0.0006875
1.116756e-006	-0.000875
1.117256e-006	-0.0015
1.117756e-006	-0.0015
1.118256e-006	-0.0018125
1.118756e-006	-0.0018125
1.119256e-006	-0.002125
1.119756e-006	-0.0018125
1.120256e-006	-0.0018125
1.120756e-006	-0.0015
1.121256e-006	-0.000875
1.121756e-006	-0.000875
1.122256e-006	-0.00025
1.122756e-006	0.000375
1.123256e-006	6.25e-005
1.123756e-006	0.0013125
1.124256e-006	0.0006875
1.124756e-006	0.001
1.125256e-006	6.25e-005
1.125756e-006	-0.000875
1.126256e-006	-0.00025
1.126756e-006	-0.0005625
1.127256e-006	-0.0011875
1.127756e-006	-0.0018125
1.128256e-006	-0.002125
1.128756e-006	-0.0018125
1.129256e-006	-0.002125
1.129756e-006	-0.0018125
1.130256e-006	-0.0011875
1.130756e-006	-0.0005625
1.131256e-006	-0.0005625
1.131756e-006	-0.00025
1.132256e-006	0.000375
1.132756e-006	6.25e-005
1.133256e-006	0.0006875
1.133756e-006	0.0019375
1.134256e-006	0.0013125
1.134756e-006	0.0006875
1.135256e-006	6.25e-005
1.135756e-006	-0.00025
1.136256e-006	-0.0005625
1.136756e-006	-0.0015
1.137256e-006	-0.0011875
1.137756e-006	-0.0018125
1.138256e-006	-0.0018125
1.138756e-006	-0.0030625
1.139256e-006	-0.00275
1.139756e-006	-0.0011875
1.140256e-006	-0.0005625
1.140756e-006	-0.0011875
1.141256e-006	6.25e-005
1.141756e-006	0.0006875
1.142256e-006	0.0006875
1.142756e-006	0.000375
1.143256e-006	0.0006875
1.143756e-006	0.0006875
1.144256e-006	0.001
1.144756e-006	0.0006875
1.145256e-006	-0.00025
1.145756e-006	6.25e-005
1.146256e-006	-0.0011875
1.146756e-006	-0.0018125
1.147256e-006	-0.0015
1.147756e-006	-0.0015
1.148256e-006	-0.0018125
1.148756e-006	-0.0011875
1.149256e-006	-0.0015
1.149756e-006	-0.0011875
1.150256e-006	-0.0011875
1.150756e-006	6.25e-005
1.151256e-006	0.000375
1.151756e-006	0.0006875
1.152256e-006	0.0006875
1.152756e-006	0.001
1.153256e-006	0.001
1.153756e-006	0.001
1.154256e-006	6.25e-005
1.154756e-006	6.25e-005
1.155256e-006	6.25e-005
1.155756e-006	-0.000875
1.156256e-006	-0.0018125
1.156756e-006	-0.0018125
1.157256e-006	-0.0011875
1.157756e-006	-0.0018125
1.158256e-006	-0.0011875
1.158756e-006	-0.0018125
1.159256e-006	-0.0011875
1.159756e-006	-0.0015
1.160256e-006	-0.0005625
1.160756e-006	0.000375
1.161256e-006	0.0006875
1.161756e-006	0.0006875
1.162256e-006	0.0006875
1.162756e-006	6.25e-005
1.163256e-006	0.0006875
1.163756e-006	6.25e-005
1.164256e-006	-0.0005625
1.164756e-006	-0.000875
1.165256e-006	-0.000875
1.165756e-006	-0.000875
1.166256e-006	-0.002125
1.166756e-006	-0.0015
1.167256e-006	-0.0015
1.167756e-006	-0.0024375
1.168256e-006	-0.0018125
1.168756e-006	-0.0011875
1.169256e-006	-0.00025
1.169756e-006	6.25e-005
1.170256e-006	6.25e-005
1.170756e-006	0.000375
1.171256e-006	-0.00025
1.171756e-006	6.25e-005
1.172256e-006	0.0006875
1.172756e-006	0.001
1.173256e-006	0.000375
1.173756e-006	6.25e-005
1.174256e-006	-0.00025
1.174756e-006	-0.000875
1.175256e-006	-0.0015
1.175756e-006	-0.0015
1.176256e-006	-0.0018125
1.176756e-006	-0.0018125
1.177256e-006	-0.0018125
1.177756e-006	-0.0018125
1.178256e-006	-0.0005625
1.178756e-006	-0.000875
1.179256e-006	-0.0005625
1.179756e-006	6.25e-005
1.180256e-006	6.25e-005
1.180756e-006	0.0006875
1.181256e-006	0.000375
1.181756e-006	0.001
1.182256e-006	0.0013125
1.182756e-006	0.0006875
1.183256e-006	6.25e-005
1.183756e-006	-0.0005625
1.184256e-006	-0.0005625
1.184756e-006	-0.0015
1.185256e-006	-0.0011875
1.185756e-006	-0.0015
1.186256e-006	-0.0018125
1.186756e-006	-0.0011875
1.187256e-006	-0.0015
1.187756e-006	-0.0018125
1.188256e-006	-0.0011875
1.188756e-006	-0.00025
1.189256e-006	0.0006875
1.189756e-006	6.25e-005
1.190256e-006	6.25e-005
1.190756e-006	0.001
1.191256e-006	0.0006875
1.191756e-006	0.001
1.192256e-006	0.0006875
1.192756e-006	0.001
1.193256e-006	-0.00025
1.193756e-006	-0.0005625
1.194256e-006	6.25e-005
1.194756e-006	-0.0011875
1.195256e-006	-0.0018125
1.195756e-006	-0.0011875
1.196256e-006	-0.0011875
1.196756e-006	-0.000875
1.197256e-006	-0.000875
1.197756e-006	-0.000875
1.198256e-006	-0.000875
1.198756e-006	-0.0005625
1.199256e-006	6.25e-005
1.199756e-006	6.25e-005
1.200256e-006	6.25e-005
1.200756e-006	-0.00025
1.201256e-006	6.25e-005
1.201756e-006	0.0006875
1.202256e-006	0.000375
1.202756e-006	0.000375
1.203256e-006	-0.00025
1.203756e-006	-0.00025
1.204256e-006	-0.0005625
1.204756e-006	-0.0015
1.205256e-006	-0.0005625
1.205756e-006	-0.0015
1.206256e-006	-0.0011875
1.206756e-006	-0.000875
1.207256e-006	-0.0015
1.207756e-006	-0.0005625
1.208256e-006	-0.00025
1.208756e-006	6.25e-005
1.209256e-006	-0.00025
1.209756e-006	-0.00025
1.210256e-006	0.000375
1.210756e-006	6.25e-005
1.211256e-006	0.000375
1.211756e-006	6.25e-005
1.212256e-006	-0.0005625
1.212756e-006	-0.00025
1.213256e-006	-0.0005625
1.213756e-006	6.25e-005
1.214256e-006	-0.000875
1.214756e-006	-0.0011875
1.215256e-006	-0.000875
1.215756e-006	-0.000875
1.216256e-006	-0.000875
1.216756e-006	-0.0011875
1.217256e-006	-0.000875
1.217756e-006	-0.00025
1.218256e-006	6.25e-005
1.218756e-006	6.25e-005
1.219256e-006	-0.0005625
1.219756e-006	-0.0005625
1.220256e-006	6.25e-005
1.220756e-006	6.25e-005
1.221256e-006	6.25e-005
1.221756e-006	-0.0005625
1.222256e-006	-0.00025
1.222756e-006	-0.00025
1.223256e-006	-0.00025
1.223756e-006	-0.0005625
1.224256e-006	-0.0005625
1.224756e-006	-0.000875
1.225256e-006	-0.0005625
1.225756e-006	-0.00025
1.226256e-006	6.25e-005
1.226756e-006	-0.000875
1.227256e-006	-0.0005625
1.227756e-006	6.25e-005
1.228256e-006	-0.00025
1.228756e-006	-0.00025
1.229256e-006	-0.0005625
1.229756e-006	-0.0005625
1.230256e-006	-0.0005625
1.230756e-006	-0.000875
1.231256e-006	-0.0011875
1.231756e-006	-0.0011875
1.232256e-006	-0.0005625
1.232756e-006	-0.00025
1.233256e-006	-0.0005625
1.233756e-006	-0.00025
1.234256e-006	-0.00025
1.234756e-006	-0.0005625
1.235256e-006	-0.0011875
1.235756e-006	-0.00025
1.236256e-006	6.25e-005
1.236756e-006	-0.00025
1.237256e-006	-0.000875
1.237756e-006	-0.000875
1.238256e-006	-0.000875
1.238756e-006	-0.0011875
1.239256e-006	-0.0015
1.239756e-006	-0.000875
1.240256e-006	-0.00025
1.240756e-006	-0.0005625
1.241256e-006	-0.000875
1.241756e-006	-0.000875
1.242256e-006	6.25e-005
1.242756e-006	-0.0005625
1.243256e-006	0.000375
1.243756e-006	-0.0005625
1.244256e-006	-0.000875
1.244756e-006	-0.0005625
1.245256e-006	0.000375
1.245756e-006	0.0006875
1.246256e-006	-0.00025
1.246756e-006	-0.0005625
1.247256e-006	-0.000875
1.247756e-006	-0.0015
1.248256e-006	-0.0005625
1.248756e-006	-0.0011875
1.249256e-006	-0.000875
1.249756e-006	-0.0011875
1.250256e-006	-0.0011875
1.250756e-006	6.25e-005
1.251256e-006	-0.0005625
1.251756e-006	-0.0011875
1.252256e-006	-0.0005625
1.252756e-006	-0.0005625
1.253256e-006	6.25e-005
1.253756e-006	0.000375
1.254256e-006	6.25e-005
1.254756e-006	6.25e-005
1.255256e-006	-0.0005625
1.255756e-006	6.25e-005
1.256256e-006	-0.0005625
1.256756e-006	-0.00025
1.257256e-006	-0.000875
1.257756e-006	-0.0018125
1.258256e-006	-0.0005625
1.258756e-006	-0.0005625
1.259256e-006	-0.000875
1.259756e-006	-0.0011875
1.260256e-006	-0.000875
1.260756e-006	-0.0011875
1.261256e-006	-0.0005625
1.261756e-006	-0.00025
1.262256e-006	6.25e-005
1.262756e-006	0.000375
1.263256e-006	0.000375
1.263756e-006	-0.00025
1.264256e-006	0.0006875
1.264756e-006	0.0006875
1.265256e-006	0.000375
1.265756e-006	-0.0005625
1.266256e-006	-0.0011875
1.266756e-006	-0.000875
1.267256e-006	-0.000875
1.267756e-006	-0.0011875
1.268256e-006	-0.0011875
1.268756e-006	-0.0011875
1.269256e-006	-0.0011875
1.269756e-006	-0.002125
1.270256e-006	-0.000875
1.270756e-006	0.000375
1.271256e-006	-0.00025
1.271756e-006	-0.0005625
1.272256e-006	6.25e-005
1.272756e-006	0.001
1.273256e-006	0.000375
1.273756e-006	0.000375
1.274256e-006	-0.00025
1.274756e-006	6.25e-005
1.275256e-006	-0.0005625
1.275756e-006	-0.00025
1.276256e-006	-0.000875
1.276756e-006	-0.000875
1.277256e-006	-0.0011875
1.277756e-006	-0.0018125
1.278256e-006	-0.0015
1.278756e-006	-0.0011875
1.279256e-006	-0.0015
1.279756e-006	-0.0015
1.280256e-006	-0.000875
1.280756e-006	-0.0005625
1.281256e-006	6.25e-005
1.281756e-006	0.0006875
1.282256e-006	0.001
1.282756e-006	0.0006875
1.283256e-006	0.0006875
1.283756e-006	0.0006875
1.284256e-006	0.001
1.284756e-006	-0.0005625
1.285256e-006	-0.000875
1.285756e-006	-0.000875
1.286256e-006	-0.000875
1.286756e-006	-0.0015
1.287256e-006	-0.0018125
1.287756e-006	-0.0024375
1.288256e-006	-0.0018125
1.288756e-006	-0.0015
1.289256e-006	-0.000875
1.289756e-006	-0.0011875
1.290256e-006	-0.000875
1.290756e-006	-0.00025
1.291256e-006	0.000375
1.291756e-006	0.0006875
1.292256e-006	0.0006875
1.292756e-006	0.000375
1.293256e-006	0.001
1.293756e-006	0.0013125
1.294256e-006	0.000375
1.294756e-006	6.25e-005
1.295256e-006	-0.000875
1.295756e-006	-0.00025
1.296256e-006	-0.0011875
1.296756e-006	-0.0015
1.297256e-006	-0.0018125
1.297756e-006	-0.002125
1.298256e-006	-0.002125
1.298756e-006	-0.0011875
1.299256e-006	-0.0018125
1.299756e-006	-0.0011875
1.300256e-006	-0.0005625
1.300756e-006	6.25e-005
1.301256e-006	6.25e-005
1.301756e-006	0.000375
1.302256e-006	0.001
1.302756e-006	0.001
1.303256e-006	0.001
1.303756e-006	0.0006875
1.304256e-006	6.25e-005
1.304756e-006	0.000375
1.305256e-006	-0.0005625
1.305756e-006	-0.0011875
1.306256e-006	-0.000875
1.306756e-006	-0.0011875
1.307256e-006	-0.0015
1.307756e-006	-0.0024375
1.308256e-006	-0.0015
1.308756e-006	-0.0015
1.309256e-006	-0.0005625
1.309756e-006	-0.00025
1.310256e-006	-0.0005625
1.310756e-006	-0.0005625
1.311256e-006	-0.00025
1.311756e-006	0.0006875
1.312256e-006	0.0013125
1.312756e-006	0.000375
1.313256e-006	0.0006875
1.313756e-006	6.25e-005
1.314256e-006	-0.0005625
1.314756e-006	6.25e-005
1.315256e-006	-0.000875
1.315756e-006	-0.0018125
1.316256e-006	-0.0011875
1.316756e-006	-0.0005625
1.317256e-006	-0.0011875
1.317756e-006	-0.0015
1.318256e-006	-0.0015
1.318756e-006	-0.0005625
1.319256e-006	-0.00025
1.319756e-006	6.25e-005
1.320256e-006	-0.00025
1.320756e-006	6.25e-005
1.321256e-006	6.25e-005
1.321756e-006	0.001
1.322256e-006	0.0006875
1.322756e-006	0.000375
1.323256e-006	6.25e-005
1.323756e-006	-0.00025
1.324256e-006	-0.0005625
1.324756e-006	-0.0011875
1.325256e-006	-0.000875
1.325756e-006	-0.000875
1.326256e-006	-0.0005625
1.326756e-006	-0.0011875
1.327256e-006	-0.000875
1.327756e-006	-0.0011875
1.328256e-006	-0.0005625
1.328756e-006	-0.0005625
1.329256e-006	6.25e-005
1.329756e-006	-0.00025
1.330256e-006	0.001
1.330756e-006	0.000375
1.331256e-006	0.000375
1.331756e-006	6.25e-005
1.332256e-006	6.25e-005
1.332756e-006	-0.0005625
1.333256e-006	-0.0005625
1.333756e-006	-0.0005625
1.334256e-006	-0.000875
1.334756e-006	-0.0011875
1.335256e-006	-0.0011875
1.335756e-006	-0.000875
1.336256e-006	-0.0011875
1.336756e-006	-0.0015
1.337256e-006	-0.0015
1.337756e-006	-0.00025
1.338256e-006	6.25e-005
1.338756e-006	0.000375
1.339256e-006	0.0006875
1.339756e-006	0.001
1.340256e-006	6.25e-005
1.340756e-006	0.000375
1.341256e-006	-0.00025
1.341756e-006	-0.00025
1.342256e-006	-0.0005625
1.342756e-006	-0.00025
1.343256e-006	-0.0011875
1.343756e-006	-0.0011875
1.344256e-006	-0.000875
1.344756e-006	-0.0018125
1.345256e-006	-0.0015
1.345756e-006	-0.0011875
1.346256e-006	-0.000875
1.346756e-006	-0.0005625
1.347256e-006	-0.000875
1.347756e-006	-0.0005625
1.348256e-006	0.0006875
1.348756e-006	0.000375
1.349256e-006	0.0013125
1.349756e-006	0.0013125
1.350256e-006	0.0013125
1.350756e-006	0.000375
1.351256e-006	0.0006875
1.351756e-006	0.000375
1.352256e-006	-0.00025
1.352756e-006	-0.000875
1.353256e-006	-0.000875
1.353756e-006	-0.0015
1.354256e-006	-0.0011875
1.354756e-006	-0.0015
1.355256e-006	-0.000875
1.355756e-006	-0.0011875
1.356256e-006	-0.0011875
1.356756e-006	-0.000875
1.357256e-006	-0.000875
1.357756e-006	6.25e-005
1.358256e-006	0.0006875
1.358756e-006	0.001
1.359256e-006	0.0006875
1.359756e-006	6.25e-005
1.360256e-006	0.0006875
1.360756e-006	0.001
1.361256e-006	-0.00025
1.361756e-006	-0.00025
1.362256e-006	-0.0005625
1.362756e-006	-0.0011875
1.363256e-006	-0.0015
1.363756e-006	-0.0005625
1.364256e-006	-0.0011875
1.364756e-006	-0.0018125
1.365256e-006	-0.0018125
1.365756e-006	-0.000875
1.366256e-006	-0.000875
1.366756e-006	-0.00025
1.367256e-006	0.000375
1.367756e-006	-0.00025
1.368256e-006	6.25e-005
1.368756e-006	0.0006875
1.369256e-006	0.000375
1.369756e-006	-0.00025
1.370256e-006	6.25e-005
1.370756e-006	0.0006875
1.371256e-006	0.001
1.371756e-006	6.25e-005
1.372256e-006	-0.0005625
1.372756e-006	-0.000875
1.373256e-006	-0.000875
1.373756e-006	-0.0015
1.374256e-006	-0.000875
1.374756e-006	-0.0005625
1.375256e-006	-0.0005625
1.375756e-006	-0.000875
1.376256e-006	-0.0005625
1.376756e-006	-0.00025
1.377256e-006	-0.00025
1.377756e-006	0.000375
1.378256e-006	0.0006875
1.378756e-006	6.25e-005
1.379256e-006	0.000375
1.379756e-006	0.000375
1.380256e-006	6.25e-005
1.380756e-006	0.000375
1.381256e-006	0.000375
1.381756e-006	6.25e-005
1.382256e-006	-0.000875
1.382756e-006	-0.0005625
1.383256e-006	-0.0005625
1.383756e-006	-0.0005625
1.384256e-006	-0.0005625
1.384756e-006	-0.0005625
1.385256e-006	-0.0005625
1.385756e-006	0.000375
1.386256e-006	6.25e-005
1.386756e-006	6.25e-005
1.387256e-006	6.25e-005
1.387756e-006	0.001
1.388256e-006	0.0006875
1.388756e-006	0.0006875
1.389256e-006	0.0006875
1.389756e-006	-0.00025
1.390256e-006	-0.0005625
1.390756e-006	-0.00025
1.391256e-006	-0.000875
1.391756e-006	-0.0011875
1.392256e-006	-0.000875
1.392756e-006	-0.0011875
1.393256e-006	-0.000875
1.393756e-006	-0.0005625
1.394256e-006	-0.00025
1.394756e-006	-0.0005625
1.395256e-006	-0.0005625
1.395756e-006	0.000375
1.396256e-006	0.0006875
1.396756e-006	0.000375
1.397256e-006	0.000375
1.397756e-006	0.0006875
1.398256e-006	-0.00025
1.398756e-006	-0.0005625
1.399256e-006	0.000375
1.399756e-006	-0.00025
1.400256e-006	-0.0011875
1.400756e-006	-0.000875
1.401256e-006	-0.0005625
1.401756e-006	-0.0015
1.402256e-006	-0.0011875
1.402756e-006	-0.0005625
1.403256e-006	-0.00025
1.403756e-006	-0.000875
1.404256e-006	-0.000875
1.404756e-006	0.000375
1.405256e-006	0.0006875
1.405756e-006	0.0006875
1.406256e-006	0.000375
1.406756e-006	0.0006875
1.407256e-006	0.0006875
1.407756e-006	0.001
1.408256e-006	0.000375
1.408756e-006	6.25e-005
1.409256e-006	-0.00025
1.409756e-006	-0.0005625
1.410256e-006	-0.000875
1.410756e-006	-0.0011875
1.411256e-006	-0.000875
1.411756e-006	-0.0011875
1.412256e-006	-0.0011875
1.412756e-006	-0.000875
1.413256e-006	-0.000875
1.413756e-006	-0.000875
1.414256e-006	6.25e-005
1.414756e-006	6.25e-005
1.415256e-006	0.0006875
1.415756e-006	0.0006875
1.416256e-006	0.001
1.416756e-006	0.001
1.417256e-006	0.0006875
1.417756e-006	0.0006875
1.418256e-006	6.25e-005
1.418756e-006	0.000375
1.419256e-006	-0.00025
1.419756e-006	-0.0011875
1.420256e-006	-0.000875
1.420756e-006	-0.0015
1.421256e-006	-0.0018125
1.421756e-006	-0.0015
1.422256e-006	-0.0011875
1.422756e-006	-0.00025
1.423256e-006	-0.000875
1.423756e-006	6.25e-005
1.424256e-006	-0.000875
1.424756e-006	-0.00025
1.425256e-006	0.0006875
1.425756e-006	0.0006875
1.426256e-006	0.000375
1.426756e-006	0.0006875
1.427256e-006	0.001
1.427756e-006	0.001625
1.428256e-006	6.25e-005
1.428756e-006	0.000375
1.429256e-006	6.25e-005
1.429756e-006	-0.0005625
1.430256e-006	-0.00025
1.430756e-006	-0.0005625
1.431256e-006	-0.00025
1.431756e-006	-0.0011875
1.432256e-006	-0.0011875
1.432756e-006	-0.000875
1.433256e-006	-0.000875
1.433756e-006	6.25e-005
1.434256e-006	-0.0005625
1.434756e-006	-0.00025
1.435256e-006	0.000375
1.435756e-006	0.000375
1.436256e-006	0.0013125
1.436756e-006	6.25e-005
1.437256e-006	6.25e-005
1.437756e-006	0.001
1.438256e-006	-0.00025
1.438756e-006	0.0006875
1.439256e-006	6.25e-005
1.439756e-006	-0.0005625
1.440256e-006	-0.00025
1.440756e-006	-0.0011875
1.441256e-006	-0.0015
1.441756e-006	-0.000875
1.442256e-006	-0.0005625
1.442756e-006	-0.00025
1.443256e-006	-0.0011875
1.443756e-006	-0.0005625
1.444256e-006	-0.000875
1.444756e-006	-0.00025
1.445256e-006	6.25e-005
1.445756e-006	-0.0005625
1.446256e-006	-0.0005625
1.446756e-006	-0.00025
1.447256e-006	6.25e-005
1.447756e-006	0.0006875
1.448256e-006	6.25e-005
1.448756e-006	0.0006875
1.449256e-006	0.000375
1.449756e-006	6.25e-005
1.450256e-006	6.25e-005
1.450756e-006	-0.0005625
1.451256e-006	6.25e-005
1.451756e-006	-0.0005625
1.452256e-006	-0.0005625
1.452756e-006	-0.0005625
1.453256e-006	-0.000875
1.453756e-006	-0.000875
1.454256e-006	-0.0011875
1.454756e-006	-0.0005625
1.455256e-006	-0.0005625
1.455756e-006	-0.0005625
1.456256e-006	6.25e-005
1.456756e-006	-0.0005625
1.457256e-006	-0.0005625
1.457756e-006	-0.00025
1.458256e-006	0.000375
1.458756e-006	6.25e-005
1.459256e-006	-0.00025
1.459756e-006	6.25e-005
1.460256e-006	6.25e-005
1.460756e-006	0.000375
1.461256e-006	6.25e-005
1.461756e-006	-0.000875
1.462256e-006	-0.00025
1.462756e-006	6.25e-005
1.463256e-006	-0.0005625
1.463756e-006	-0.000875
1.464256e-006	-0.000875
1.464756e-006	-0.0005625
1.465256e-006	-0.0005625
1.465756e-006	-0.000875
1.466256e-006	-0.0005625
1.466756e-006	-0.0005625
1.467256e-006	-0.0005625
1.467756e-006	-0.00025
1.468256e-006	-0.0005625
1.468756e-006	-0.000875
1.469256e-006	-0.0005625
1.469756e-006	0.000375
1.470256e-006	0.000375
1.470756e-006	-0.0005625
1.471256e-006	6.25e-005
1.471756e-006	0.000375
1.472256e-006	-0.0005625
1.472756e-006	-0.0005625
1.473256e-006	-0.0011875
1.473756e-006	-0.0011875
1.474256e-006	-0.0011875
1.474756e-006	-0.0018125
1.475256e-006	-0.000875
1.475756e-006	-0.000875
1.476256e-006	-0.000875
1.476756e-006	-0.0005625
1.477256e-006	-0.0005625
1.477756e-006	-0.00025
1.478256e-006	0.000375
1.478756e-006	6.25e-005
1.479256e-006	6.25e-005
1.479756e-006	6.25e-005
1.480256e-006	0.0006875
1.480756e-006	-0.0005625
1.481256e-006	-0.00025
1.481756e-006	6.25e-005
1.482256e-006	-0.0005625
1.482756e-006	-0.0005625
1.483256e-006	-0.0005625
1.483756e-006	-0.0011875
1.484256e-006	-0.0011875
1.484756e-006	-0.0018125
1.485256e-006	-0.0011875
1.485756e-006	-0.0005625
1.486256e-006	-0.0005625
1.486756e-006	-0.00025
1.487256e-006	-0.00025
1.487756e-006	6.25e-005
1.488256e-006	6.25e-005
1.488756e-006	6.25e-005
1.489256e-006	6.25e-005
1.489756e-006	0.000375
1.490256e-006	0.001
1.490756e-006	0.001
1.491256e-006	-0.00025
1.491756e-006	-0.000875
1.492256e-006	-0.000875
1.492756e-006	-0.0005625
1.493256e-006	-0.0011875
1.493756e-006	-0.0018125
1.494256e-006	-0.0011875
1.494756e-006	-0.0011875
1.495256e-006	-0.000875
1.495756e-006	-0.0011875
1.496256e-006	-0.000875
1.496756e-006	-0.0005625
1.497256e-006	6.25e-005
1.497756e-006	0.001
1.498256e-006	0.0006875
1.498756e-006	0.000375
1.499256e-006	0.001
1.499756e-006	0.0006875
1.500256e-006	0.001
1.500756e-006	6.25e-005
1.501256e-006	-0.00025
1.501756e-006	-0.000875
1.502256e-006	-0.0011875
1.502756e-006	-0.0011875
1.503256e-006	-0.0011875
1.503756e-006	-0.0015
1.504256e-006	-0.0018125
1.504756e-006	-0.0018125
1.505256e-006	-0.0015
1.505756e-006	-0.000875
1.506256e-006	-0.0005625
1.506756e-006	-0.00025
1.507256e-006	0.000375
1.507756e-006	0.001
1.508256e-006	0.001
1.508756e-006	0.0006875
1.509256e-006	0.000375
1.509756e-006	0.0006875
1.510256e-006	0.0006875
1.510756e-006	-0.0005625
1.511256e-006	-0.0005625
1.511756e-006	-0.000875
1.512256e-006	-0.0011875
1.512756e-006	-0.0011875
1.513256e-006	-0.0018125
1.513756e-006	-0.0015
1.514256e-006	-0.00275
1.514756e-006	-0.002125
1.515256e-006	-0.0018125
1.515756e-006	-0.000875
1.516256e-006	-0.0005625
1.516756e-006	-0.0005625
1.517256e-006	0.001
1.517756e-006	0.001
1.518256e-006	0.0013125
1.518756e-006	0.0013125
1.519256e-006	0.001
1.519756e-006	0.00225
1.520256e-006	0.001625
1.520756e-006	6.25e-005
1.521256e-006	0.000375
1.521756e-006	-0.0005625
1.522256e-006	-0.00025
1.522756e-006	-0.002125
1.523256e-006	-0.002125
1.523756e-006	-0.0018125
1.524256e-006	-0.0018125
1.524756e-006	-0.0018125
1.525256e-006	-0.0018125
1.525756e-006	-0.0011875
1.526256e-006	-0.000875
1.526756e-006	-0.00025
1.527256e-006	0.0006875
1.527756e-006	0.001625
1.528256e-006	0.001625
1.528756e-006	0.0006875
1.529256e-006	0.001
1.529756e-006	0.0019375
1.530256e-006	0.000375
1.530756e-006	0.000375
1.531256e-006	-0.0005625
1.531756e-006	-0.0011875
1.532256e-006	-0.000875
1.532756e-006	-0.0018125
1.533256e-006	-0.0018125
1.533756e-006	-0.002125
1.534256e-006	-0.002125
1.534756e-006	-0.002125
1.535256e-006	-0.00275
1.535756e-006	-0.0011875
1.536256e-006	-0.0005625
1.536756e-006	-0.00025
1.537256e-006	0.0013125
1.537756e-006	0.0013125
1.538256e-006	0.001625
1.538756e-006	0.0019375
1.539256e-006	0.0013125
1.539756e-006	0.001625
1.540256e-006	0.0006875
1.540756e-006	0.0006875
1.541256e-006	-0.0005625
1.541756e-006	-0.0011875
1.542256e-006	-0.0011875
1.542756e-006	-0.002125
1.543256e-006	-0.0015
1.543756e-006	-0.002125
1.544256e-006	-0.002125
1.544756e-006	-0.000875
1.545256e-006	-0.0015
1.545756e-006	-0.0011875
1.546256e-006	-0.00025
1.546756e-006	0.000375
1.547256e-006	0.000375
1.547756e-006	0.000375
1.548256e-006	0.0019375
1.548756e-006	0.0019375
1.549256e-006	0.0013125
1.549756e-006	0.001
1.550256e-006	-0.0005625
1.550756e-006	-0.0005625
1.551256e-006	6.25e-005
1.551756e-006	-0.000875
1.552256e-006	-0.000875
1.552756e-006	-0.0024375
1.553256e-006	-0.0018125
1.553756e-006	-0.0011875
1.554256e-006	-0.0018125
1.554756e-006	-0.0018125
1.555256e-006	-0.0011875
1.555756e-006	6.25e-005
1.556256e-006	-0.00025
1.556756e-006	-0.00025
1.557256e-006	0.000375
1.557756e-006	0.0006875
1.558256e-006	0.0013125
1.558756e-006	0.0013125
1.559256e-006	0.000375
1.559756e-006	0.0006875
1.560256e-006	0.0006875
1.560756e-006	0.001
1.561256e-006	-0.0005625
1.561756e-006	-0.0005625
1.562256e-006	-0.0005625
1.562756e-006	-0.0011875
1.563256e-006	-0.0015
1.563756e-006	-0.002125
1.564256e-006	-0.0015
1.564756e-006	-0.0011875
1.565256e-006	-0.000875
1.565756e-006	-0.0005625
1.566256e-006	-0.00025
1.566756e-006	6.25e-005
1.567256e-006	0.000375
1.567756e-006	0.0006875
1.568256e-006	0.0019375
1.568756e-006	0.0006875
1.569256e-006	0.0006875
1.569756e-006	0.0013125
1.570256e-006	0.000375
1.570756e-006	-0.0005625
1.571256e-006	-0.0005625
1.571756e-006	-0.0005625
1.572256e-006	-0.0005625
1.572756e-006	-0.0018125
1.573256e-006	-0.0011875
1.573756e-006	-0.0015
1.574256e-006	-0.0011875
1.574756e-006	-0.000875
1.575256e-006	-0.0011875
1.575756e-006	-0.000875
1.576256e-006	-0.00025
1.576756e-006	0.001
1.577256e-006	0.001
1.577756e-006	0.001
1.578256e-006	0.0006875
1.578756e-006	0.0013125
1.579256e-006	0.000375
1.579756e-006	0.000375
1.580256e-006	0.0006875
1.580756e-006	0.000375
1.581256e-006	-0.0005625
1.581756e-006	0.000375
1.582256e-006	-0.0005625
1.582756e-006	-0.002125
1.583256e-006	-0.002125
1.583756e-006	-0.0015
1.584256e-006	-0.0011875
1.584756e-006	-0.0015
1.585256e-006	-0.000875
1.585756e-006	-0.00025
1.586256e-006	-0.00025
1.586756e-006	-0.0005625
1.587256e-006	-0.00025
1.587756e-006	0.000375
1.588256e-006	0.0006875
1.588756e-006	6.25e-005
1.589256e-006	0.000375
1.589756e-006	0.000375
1.590256e-006	0.0006875
1.590756e-006	0.000375
1.591256e-006	6.25e-005
1.591756e-006	-0.00025
1.592256e-006	-0.000875
1.592756e-006	-0.0011875
1.593256e-006	-0.0005625
1.593756e-006	-0.0011875
1.594256e-006	-0.000875
1.594756e-006	-0.0018125
1.595256e-006	-0.0011875
1.595756e-006	-0.0005625
1.596256e-006	-0.000875
1.596756e-006	-0.00025
1.597256e-006	-0.0005625
1.597756e-006	-0.0005625
1.598256e-006	0.0006875
1.598756e-006	0.001
1.599256e-006	0.001
1.599756e-006	0.0006875
1.600256e-006	6.25e-005
1.600756e-006	6.25e-005
1.601256e-006	-0.00025
1.601756e-006	0.000375
1.602256e-006	-0.00025
1.602756e-006	-0.0005625
1.603256e-006	-0.00025
1.603756e-006	-0.000875
1.604256e-006	-0.0011875
1.604756e-006	-0.000875
1.605256e-006	-0.0015
1.605756e-006	-0.0005625
1.606256e-006	-0.00025
1.606756e-006	-0.00025
1.607256e-006	-0.000875
1.607756e-006	-0.0005625
1.608256e-006	6.25e-005
1.608756e-006	-0.00025
1.609256e-006	-0.00025
1.609756e-006	6.25e-005
1.610256e-006	0.000375
1.610756e-006	0.0013125
1.611256e-006	0.001
1.611756e-006	0.0006875
1.612256e-006	6.25e-005
1.612756e-006	6.25e-005
1.613256e-006	0.000375
1.613756e-006	-0.0015
1.614256e-006	-0.0011875
1.614756e-006	-0.0011875
1.615256e-006	-0.000875
1.615756e-006	-0.000875
1.616256e-006	-0.0011875
1.616756e-006	-0.0011875
1.617256e-006	-0.0011875
1.617756e-006	-0.000875
1.618256e-006	6.25e-005
1.618756e-006	-0.0005625
1.619256e-006	0.0006875
1.619756e-006	0.000375
1.620256e-006	0.001
1.620756e-006	0.0006875
1.621256e-006	6.25e-005
1.621756e-006	0.001
1.622256e-006	6.25e-005
1.622756e-006	6.25e-005
1.623256e-006	-0.00025
1.623756e-006	-0.000875
1.624256e-006	-0.00025
1.624756e-006	-0.0005625
1.625256e-006	-0.000875
1.625756e-006	-0.0011875
1.626256e-006	-0.0018125
1.626756e-006	-0.0011875
1.627256e-006	-0.0011875
1.627756e-006	6.25e-005
1.628256e-006	-0.00025
1.628756e-006	-0.000875
1.629256e-006	6.25e-005
1.629756e-006	6.25e-005
1.630256e-006	0.000375
1.630756e-006	0.001
1.631256e-006	0.000375
1.631756e-006	0.001
1.632256e-006	0.0006875
1.632756e-006	6.25e-005
1.633256e-006	6.25e-005
1.633756e-006	-0.00025
1.634256e-006	6.25e-005
1.634756e-006	-0.000875
1.635256e-006	-0.00025
1.635756e-006	-0.0011875
1.636256e-006	-0.0018125
1.636756e-006	-0.000875
1.637256e-006	-0.000875
1.637756e-006	6.25e-005
1.638256e-006	-0.00025
1.638756e-006	-0.0005625
1.639256e-006	0.000375
1.639756e-006	0.000375
1.640256e-006	0.0006875
1.640756e-006	0.001
1.641256e-006	0.0006875
1.641756e-006	0.001625
1.642256e-006	0.000375
1.642756e-006	0.000375
1.643256e-006	-0.00025
1.643756e-006	-0.0005625
1.644256e-006	0.000375
1.644756e-006	-0.000875
1.645256e-006	-0.0005625
1.645756e-006	-0.0005625
1.646256e-006	-0.0011875
1.646756e-006	-0.000875
1.647256e-006	-0.000875
1.647756e-006	-0.00025
1.648256e-006	-0.0005625
1.648756e-006	-0.00025
1.649256e-006	0.000375
1.649756e-006	6.25e-005
1.650256e-006	0.000375
1.650756e-006	0.001
1.651256e-006	0.000375
1.651756e-006	0.000375
1.652256e-006	0.0006875
1.652756e-006	0.0013125
1.653256e-006	0.000375
1.653756e-006	-0.000875
1.654256e-006	-0.0005625
1.654756e-006	-0.000875
1.655256e-006	6.25e-005
1.655756e-006	-0.000875
1.656256e-006	-0.000875
1.656756e-006	-0.000875
1.657256e-006	-0.000875
1.657756e-006	-0.00025
1.658256e-006	6.25e-005
1.658756e-006	-0.00025
1.659256e-006	-0.00025
1.659756e-006	-0.00025
1.660256e-006	6.25e-005
1.660756e-006	0.000375
1.661256e-006	0.0013125
1.661756e-006	0.0006875
1.662256e-006	-0.00025
1.662756e-006	6.25e-005
1.663256e-006	-0.00025
1.663756e-006	-0.000875
1.664256e-006	-0.0011875
1.664756e-006	-0.0011875
1.665256e-006	-0.000875
1.665756e-006	-0.0011875
1.666256e-006	-0.0011875
1.666756e-006	6.25e-005
1.667256e-006	-0.000875
1.667756e-006	-0.000875
1.668256e-006	-0.000875
1.668756e-006	0.0006875
1.669256e-006	0.0006875
1.669756e-006	0.001
1.670256e-006	0.0013125
1.670756e-006	0.001
1.671256e-006	0.000375
1.671756e-006	0.0006875
1.672256e-006	6.25e-005
1.672756e-006	6.25e-005
1.673256e-006	-0.0005625
1.673756e-006	-0.000875
1.674256e-006	-0.0005625
1.674756e-006	-0.000875
1.675256e-006	-0.0011875
1.675756e-006	-0.0011875
1.676256e-006	-0.000875
1.676756e-006	-0.0011875
1.677256e-006	-0.0005625
1.677756e-006	-0.00025
1.678256e-006	6.25e-005
1.678756e-006	0.001
1.679256e-006	0.0006875
1.679756e-006	0.000375
1.680256e-006	0.0006875
1.680756e-006	0.000375
1.681256e-006	0.000375
1.681756e-006	0.001
1.682256e-006	0.001
1.682756e-006	-0.0005625
1.683256e-006	-0.0011875
1.683756e-006	-0.0005625
1.684256e-006	-0.0005625
1.684756e-006	-0.0011875
1.685256e-006	-0.0011875
1.685756e-006	-0.0011875
1.686256e-006	-0.0005625
1.686756e-006	-0.000875
1.687256e-006	-0.000875
1.687756e-006	6.25e-005
1.688256e-006	-0.00025
1.688756e-006	6.25e-005
1.689256e-006	0.001
1.689756e-006	0.001625
1.690256e-006	0.0006875
1.690756e-006	0.0006875
1.691256e-006	0.0013125
1.691756e-006	0.001
1.692256e-006	0.000375
1.692756e-006	6.25e-005
1.693256e-006	-0.0005625
1.693756e-006	-0.0011875
1.694256e-006	-0.0011875
1.694756e-006	-0.0011875
1.695256e-006	-0.0011875
1.695756e-006	-0.0024375
1.696256e-006	-0.0011875
1.696756e-006	-0.000875
1.697256e-006	-0.000875
1.697756e-006	-0.0011875
1.698256e-006	-0.0005625
1.698756e-006	6.25e-005
1.699256e-006	0.0006875
1.699756e-006	0.001
1.700256e-006	0.001625
1.700756e-006	0.0006875
1.701256e-006	0.0006875
1.701756e-006	0.000375
1.702256e-006	0.000375
1.702756e-006	0.000375
1.703256e-006	-0.00025
1.703756e-006	-0.00025
1.704256e-006	-0.00025
1.704756e-006	-0.000875
1.705256e-006	-0.000875
1.705756e-006	-0.0018125
1.706256e-006	-0.0018125
1.706756e-006	-0.0015
1.707256e-006	-0.0011875
1.707756e-006	-0.000875
1.708256e-006	-0.00025
1.708756e-006	0.000375
1.709256e-006	6.25e-005
1.709756e-006	0.000375
1.710256e-006	0.000375
1.710756e-006	0.000375
1.711256e-006	0.001
1.711756e-006	0.001625
1.712256e-006	0.0006875
1.712756e-006	0.000375
1.713256e-006	6.25e-005
1.713756e-006	0.000375
1.714256e-006	-0.00025
1.714756e-006	-0.0005625
1.715256e-006	-0.000875
1.715756e-006	-0.0011875
1.716256e-006	-0.0005625
1.716756e-006	-0.0005625
1.717256e-006	-0.0011875
1.717756e-006	-0.000875
1.718256e-006	-0.0011875
1.718756e-006	-0.0005625
1.719256e-006	6.25e-005
1.719756e-006	6.25e-005
1.720256e-006	0.0006875
1.720756e-006	-0.0005625
1.721256e-006	6.25e-005
1.721756e-006	0.0006875
1.722256e-006	0.000375
1.722756e-006	0.0006875
1.723256e-006	0.0006875
1.723756e-006	0.000375
1.724256e-006	6.25e-005
1.724756e-006	-0.0005625
1.725256e-006	-0.00025
1.725756e-006	6.25e-005
1.726256e-006	-0.00025
1.726756e-006	-0.0011875
1.727256e-006	-0.000875
1.727756e-006	-0.0011875
1.728256e-006	-0.000875
1.728756e-006	-0.00025
1.729256e-006	-0.0005625
1.729756e-006	-0.0005625
1.730256e-006	-0.00025
1.730756e-006	6.25e-005
1.731256e-006	-0.00025
1.731756e-006	0.000375
1.732256e-006	0.0006875
1.732756e-006	0.001625
1.733256e-006	0.000375
1.733756e-006	6.25e-005
1.734256e-006	-0.00025
1.734756e-006	0.000375
1.735256e-006	0.000375
1.735756e-006	-0.00025
1.736256e-006	-0.00025
1.736756e-006	-0.00025
1.737256e-006	-0.0005625
1.737756e-006	-0.0005625
1.738256e-006	-0.0011875
1.738756e-006	-0.000875
1.739256e-006	-0.0011875
1.739756e-006	-0.000875
1.740256e-006	6.25e-005
1.740756e-006	-0.000875
1.741256e-006	-0.00025
1.741756e-006	6.25e-005
1.742256e-006	6.25e-005
1.742756e-006	0.001
1.743256e-006	0.000375
1.743756e-006	0.0006875
1.744256e-006	0.0006875
1.744756e-006	-0.00025
1.745256e-006	-0.0005625
1.745756e-006	-0.00025
1.746256e-006	6.25e-005
1.746756e-006	-0.0005625
1.747256e-006	-0.000875
1.747756e-006	-0.0011875
1.748256e-006	-0.0011875
1.748756e-006	-0.00025
1.749256e-006	0.000375
1.749756e-006	6.25e-005
1.750256e-006	6.25e-005
1.750756e-006	-0.00025
1.751256e-006	-0.0005625
1.751756e-006	-0.0005625
1.752256e-006	-0.0005625
1.752756e-006	0.001
1.753256e-006	0.0006875
1.753756e-006	0.000375
1.754256e-006	0.000375
1.754756e-006	0.000375
1.755256e-006	-0.00025
1.755756e-006	6.25e-005
1.756256e-006	6.25e-005
1.756756e-006	6.25e-005
1.757256e-006	6.25e-005
1.757756e-006	6.25e-005
1.758256e-006	-0.000875
1.758756e-006	-0.0011875
1.759256e-006	-0.0005625
1.759756e-006	6.25e-005
1.760256e-006	6.25e-005
1.760756e-006	6.25e-005
1.761256e-006	-0.00025
1.761756e-006	-0.0005625
1.762256e-006	6.25e-005
1.762756e-006	6.25e-005
1.763256e-006	6.25e-005
1.763756e-006	6.25e-005
1.764256e-006	6.25e-005
1.764756e-006	0.000375
1.765256e-006	6.25e-005
1.765756e-006	-0.00025
1.766256e-006	0.0006875
1.766756e-006	-0.000875
1.767256e-006	-0.0005625
1.767756e-006	-0.0005625
1.768256e-006	-0.000875
1.768756e-006	-0.000875
1.769256e-006	6.25e-005
1.769756e-006	0.0006875
1.770256e-006	-0.00025
1.770756e-006	-0.000875
1.771256e-006	-0.0005625
1.771756e-006	6.25e-005
1.772256e-006	0.0006875
1.772756e-006	0.0006875
1.773256e-006	-0.00025
1.773756e-006	0.000375
1.774256e-006	-0.00025
1.774756e-006	6.25e-005
1.775256e-006	6.25e-005
1.775756e-006	6.25e-005
1.776256e-006	-0.000875
1.776756e-006	-0.0011875
1.777256e-006	-0.000875
1.777756e-006	-0.0005625
1.778256e-006	-0.000875
1.778756e-006	-0.0005625
1.779256e-006	-0.000875
1.779756e-006	-0.00025
1.780256e-006	-0.000875
1.780756e-006	-0.00025
1.781256e-006	0.000375
1.781756e-006	6.25e-005
1.782256e-006	0.000375
1.782756e-006	0.0006875
1.783256e-006	0.001
1.783756e-006	6.25e-005
1.784256e-006	6.25e-005
1.784756e-006	-0.00025
1.785256e-006	-0.0005625
1.785756e-006	-0.0005625
1.786256e-006	-0.0005625
1.786756e-006	-0.0011875
1.787256e-006	-0.0005625
1.787756e-006	-0.0015
1.788256e-006	-0.0005625
