LECROYWS454	16215	Waveform
Segments	1	SegmentSize	4002
Segment	TrigTime	TimeSinceSegment1
#1	02-May-2024 19:21:08	0                 
Time	Ampl
-2.12169e-007	6.25e-005
-2.11669e-007	-0.00025
-2.11169e-007	6.25e-005
-2.10669e-007	0.0006875
-2.10169e-007	0.0013125
-2.09669e-007	0.0006875
-2.09169e-007	6.25e-005
-2.08669e-007	0.0006875
-2.08169e-007	0.000375
-2.07669e-007	6.25e-005
-2.07169e-007	-0.0011875
-2.06669e-007	-0.0005625
-2.06169e-007	-0.00025
-2.05669e-007	-0.0015
-2.05169e-007	-0.0018125
-2.04669e-007	-0.0011875
-2.04169e-007	-0.0005625
-2.03669e-007	-0.000875
-2.03169e-007	-0.0005625
-2.02669e-007	0.0006875
-2.02169e-007	0.000375
-2.01669e-007	0.000375
-2.01169e-007	0.0013125
-2.00669e-007	0.000375
-2.00169e-007	6.25e-005
-1.99669e-007	-0.00025
-1.99169e-007	6.25e-005
-1.98669e-007	0.000375
-1.98169e-007	6.25e-005
-1.97669e-007	-0.0005625
-1.97169e-007	-0.000875
-1.96669e-007	-0.000875
-1.96169e-007	-0.0015
-1.95669e-007	-0.0015
-1.95169e-007	-0.000875
-1.94669e-007	-0.000875
-1.94169e-007	-0.000875
-1.93669e-007	-0.000875
-1.93169e-007	6.25e-005
-1.92669e-007	0.0006875
-1.92169e-007	0.000375
-1.91669e-007	0.000375
-1.91169e-007	6.25e-005
-1.90669e-007	0.000375
-1.90169e-007	0.000375
-1.89669e-007	6.25e-005
-1.89169e-007	6.25e-005
-1.88669e-007	-0.0005625
-1.88169e-007	-0.0005625
-1.87669e-007	-0.00025
-1.87169e-007	-0.000875
-1.86669e-007	-0.000875
-1.86169e-007	-0.0011875
-1.85669e-007	-0.00025
-1.85169e-007	-0.0005625
-1.84669e-007	-0.0005625
-1.84169e-007	-0.0005625
-1.83669e-007	-0.00025
-1.83169e-007	6.25e-005
-1.82669e-007	0.000375
-1.82169e-007	0.0006875
-1.81669e-007	6.25e-005
-1.81169e-007	-0.00025
-1.80669e-007	6.25e-005
-1.80169e-007	6.25e-005
-1.79669e-007	6.25e-005
-1.79169e-007	-0.000875
-1.78669e-007	-0.0011875
-1.78169e-007	-0.0011875
-1.77669e-007	-0.0018125
-1.77169e-007	-0.0005625
-1.76669e-007	-0.000875
-1.76169e-007	-0.000875
-1.75669e-007	-0.000875
-1.75169e-007	-0.0005625
-1.74669e-007	6.25e-005
-1.74169e-007	0.000375
-1.73669e-007	6.25e-005
-1.73169e-007	-0.00025
-1.72669e-007	0.000375
-1.72169e-007	6.25e-005
-1.71669e-007	0.000375
-1.71169e-007	0.0006875
-1.70669e-007	-0.00025
-1.70169e-007	-0.000875
-1.69669e-007	-0.00025
-1.69169e-007	-0.0005625
-1.68669e-007	-0.0011875
-1.68169e-007	-0.002125
-1.67669e-007	-0.0011875
-1.67169e-007	-0.0005625
-1.66669e-007	-0.0011875
-1.66169e-007	-0.0011875
-1.65669e-007	-0.000875
-1.65169e-007	0.000375
-1.64669e-007	0.0006875
-1.64169e-007	6.25e-005
-1.63669e-007	0.0013125
-1.63169e-007	0.0006875
-1.62669e-007	0.0006875
-1.62169e-007	0.000375
-1.61669e-007	-0.00025
-1.61169e-007	0.000375
-1.60669e-007	-0.00025
-1.60169e-007	-0.0005625
-1.59669e-007	-0.0005625
-1.59169e-007	-0.0011875
-1.58669e-007	-0.0018125
-1.58169e-007	-0.002125
-1.57669e-007	-0.0018125
-1.57169e-007	-0.0015
-1.56669e-007	-0.0011875
-1.56169e-007	0.000375
-1.55669e-007	6.25e-005
-1.55169e-007	6.25e-005
-1.54669e-007	6.25e-005
-1.54169e-007	0.0006875
-1.53669e-007	0.001625
-1.53169e-007	0.001
-1.52669e-007	0.001
-1.52169e-007	0.000375
-1.51669e-007	0.0006875
-1.51169e-007	0.001
-1.50669e-007	-0.00025
-1.50169e-007	-0.00025
-1.49669e-007	-0.000875
-1.49169e-007	-0.0024375
-1.48669e-007	-0.0015
-1.48169e-007	-0.0015
-1.47669e-007	-0.0015
-1.47169e-007	-0.0015
-1.46669e-007	-0.0011875
-1.46169e-007	-0.0011875
-1.45669e-007	-0.0005625
-1.45169e-007	0.0006875
-1.44669e-007	0.0013125
-1.44169e-007	0.000375
-1.43669e-007	0.0006875
-1.43169e-007	0.001
-1.42669e-007	0.0013125
-1.42169e-007	0.001
-1.41669e-007	0.001
-1.41169e-007	0.0006875
-1.40669e-007	-0.0005625
-1.40169e-007	-0.000875
-1.39669e-007	-0.0011875
-1.39169e-007	-0.0011875
-1.38669e-007	-0.0011875
-1.38169e-007	-0.0015
-1.37669e-007	-0.0018125
-1.37169e-007	-0.0011875
-1.36669e-007	-0.0011875
-1.36169e-007	-0.0005625
-1.35669e-007	-0.0005625
-1.35169e-007	0.000375
-1.34669e-007	0.001
-1.34169e-007	0.0013125
-1.33669e-007	0.001
-1.33169e-007	0.0013125
-1.32669e-007	0.001625
-1.32169e-007	0.001
-1.31669e-007	6.25e-005
-1.31169e-007	-0.00025
-1.30669e-007	6.25e-005
-1.30169e-007	-0.00025
-1.29669e-007	-0.0005625
-1.29169e-007	-0.0015
-1.28669e-007	-0.002125
-1.28169e-007	-0.002125
-1.27669e-007	-0.0005625
-1.27169e-007	-0.0015
-1.26669e-007	-0.0011875
-1.26169e-007	-0.000875
-1.25669e-007	6.25e-005
-1.25169e-007	6.25e-005
-1.24669e-007	0.000375
-1.24169e-007	0.001
-1.23669e-007	0.000375
-1.23169e-007	0.000375
-1.22669e-007	0.001
-1.22169e-007	0.001
-1.21669e-007	0.000375
-1.21169e-007	-0.0005625
-1.20669e-007	-0.0011875
-1.20169e-007	6.25e-005
-1.19669e-007	-0.000875
-1.19169e-007	-0.0015
-1.18669e-007	-0.0015
-1.18169e-007	-0.0005625
-1.17669e-007	-0.000875
-1.17169e-007	-0.000875
-1.16669e-007	-0.0011875
-1.16169e-007	-0.000875
-1.15669e-007	6.25e-005
-1.15169e-007	0.000375
-1.14669e-007	0.000375
-1.14169e-007	0.0006875
-1.13669e-007	0.001
-1.13169e-007	0.001625
-1.12669e-007	0.001
-1.12169e-007	0.000375
-1.11669e-007	6.25e-005
-1.11169e-007	-0.0005625
-1.10669e-007	-0.000875
-1.10169e-007	-0.0011875
-1.09669e-007	-0.000875
-1.09169e-007	-0.0011875
-1.08669e-007	-0.0011875
-1.08169e-007	-0.0015
-1.07669e-007	-0.0015
-1.07169e-007	-0.0015
-1.06669e-007	6.25e-005
-1.06169e-007	-0.00025
-1.05669e-007	-0.00025
-1.05169e-007	-0.0005625
-1.04669e-007	0.0006875
-1.04169e-007	0.001
-1.03669e-007	0.000375
-1.03169e-007	6.25e-005
-1.02669e-007	6.25e-005
-1.02169e-007	0.0006875
-1.01669e-007	6.25e-005
-1.01169e-007	-0.0005625
-1.00669e-007	-0.000875
-1.00169e-007	-0.0011875
-9.9669e-008	-0.0011875
-9.9169e-008	-0.0011875
-9.8669e-008	-0.0018125
-9.8169e-008	-0.0018125
-9.7669e-008	-0.0018125
-9.7169e-008	-0.0005625
-9.6669e-008	-0.0005625
-9.6169e-008	-0.00025
-9.5669e-008	0.000375
-9.5169e-008	0.0006875
-9.4669e-008	0.000375
-9.4169e-008	0.0006875
-9.3669e-008	0.000375
-9.3169e-008	0.0013125
-9.2669e-008	0.0006875
-9.2169e-008	0.001
-9.1669e-008	-0.0005625
-9.1169e-008	-0.0011875
-9.0669e-008	-0.0005625
-9.0169e-008	-0.000875
-8.9669e-008	-0.000875
-8.9169e-008	-0.0018125
-8.8669e-008	-0.0015
-8.8169e-008	-0.0015
-8.7669e-008	-0.0011875
-8.7169e-008	-0.0011875
-8.6669e-008	-0.000875
-8.6169e-008	-0.0005625
-8.5669e-008	0.000375
-8.5169e-008	6.25e-005
-8.4669e-008	0.001
-8.4169e-008	0.0006875
-8.3669e-008	0.0006875
-8.3169e-008	0.001
-8.2669e-008	0.000375
-8.2169e-008	6.25e-005
-8.1669e-008	-0.0005625
-8.1169e-008	-0.00025
-8.0669e-008	-0.0005625
-8.0169e-008	-0.0011875
-7.9669e-008	-0.0011875
-7.9169e-008	-0.0018125
-7.8669e-008	-0.0018125
-7.8169e-008	-0.0011875
-7.7669e-008	-0.0005625
-7.7169e-008	-0.00025
-7.6669e-008	-0.000875
-7.6169e-008	6.25e-005
-7.5669e-008	0.000375
-7.5169e-008	0.0006875
-7.4669e-008	0.000375
-7.4169e-008	0.0013125
-7.3669e-008	0.000375
-7.3169e-008	0.0006875
-7.2669e-008	0.0006875
-7.2169e-008	0.000375
-7.1669e-008	6.25e-005
-7.1169e-008	-0.000875
-7.0669e-008	-0.002125
-7.0169e-008	-0.0015
-6.9669e-008	-0.0015
-6.9169e-008	-0.0015
-6.8669e-008	-0.0011875
-6.8169e-008	-0.0011875
-6.7669e-008	-0.0005625
-6.7169e-008	-0.0011875
-6.6669e-008	-0.0005625
-6.6169e-008	0.000375
-6.5669e-008	0.001
-6.5169e-008	0.001
-6.4669e-008	0.0006875
-6.4169e-008	0.000375
-6.3669e-008	0.001
-6.3169e-008	0.000375
-6.2669e-008	0.0006875
-6.2169e-008	0.000375
-6.1669e-008	0.0006875
-6.1169e-008	-0.0011875
-6.0669e-008	-0.0011875
-6.0169e-008	-0.0011875
-5.9669e-008	-0.0011875
-5.9169e-008	-0.0015
-5.8669e-008	-0.0015
-5.8169e-008	-0.0015
-5.7669e-008	-0.0011875
-5.7169e-008	-0.000875
-5.6669e-008	-0.00025
-5.6169e-008	0.000375
-5.5669e-008	0.0006875
-5.5169e-008	0.001
-5.4669e-008	6.25e-005
-5.4169e-008	0.0013125
-5.3669e-008	0.0013125
-5.3169e-008	0.0013125
-5.2669e-008	0.000375
-5.2169e-008	-0.00025
-5.1669e-008	0.000375
-5.1169e-008	6.25e-005
-5.0669e-008	-0.000875
-5.0169e-008	-0.0011875
-4.9669e-008	-0.002125
-4.9169e-008	-0.0018125
-4.8669e-008	-0.0018125
-4.8169e-008	-0.0018125
-4.7669e-008	-0.000875
-4.7169e-008	-0.000875
-4.6669e-008	0.000375
-4.6169e-008	6.25e-005
-4.5669e-008	-0.0005625
-4.5169e-008	6.25e-005
-4.4669e-008	0.001
-4.4169e-008	0.001
-4.3669e-008	0.000375
-4.3169e-008	6.25e-005
-4.2669e-008	0.001
-4.2169e-008	0.0006875
-4.1669e-008	0.0006875
-4.1169e-008	-0.000875
-4.0669e-008	-0.0011875
-4.0169e-008	-0.0024375
-3.9669e-008	-0.002125
-3.9169e-008	-0.002125
-3.8669e-008	-0.0018125
-3.8169e-008	-0.0024375
-3.7669e-008	-0.0024375
-3.7169e-008	-0.0036875
-3.6669e-008	-0.0030625
-3.6169e-008	-0.00275
-3.5669e-008	-0.0030625
-3.5169e-008	-0.0030625
-3.4669e-008	-0.0036875
-3.4169e-008	-0.0030625
-3.3669e-008	-0.0036875
-3.3169e-008	-0.004625
-3.2669e-008	-0.004625
-3.2169e-008	-0.004625
-3.1669e-008	-0.0055625
-3.1169e-008	-0.0055625
-3.0669e-008	-0.0065
-3.0169e-008	-0.0065
-2.9669e-008	-0.0068125
-2.9169e-008	-0.007125
-2.8669e-008	-0.0080625
-2.8169e-008	-0.0080625
-2.7669e-008	-0.007125
-2.7169e-008	-0.007125
-2.6669e-008	-0.007125
-2.6169e-008	-0.0065
-2.5669e-008	-0.0065
-2.5169e-008	-0.0068125
-2.4669e-008	-0.0061875
-2.4169e-008	-0.0065
-2.3669e-008	-0.0068125
-2.3169e-008	-0.007125
-2.2669e-008	-0.0065
-2.2169e-008	-0.00775
-2.1669e-008	-0.008375
-2.1169e-008	-0.009
-2.0669e-008	-0.009
-2.0169e-008	-0.0093125
-1.9669e-008	-0.009625
-1.9169e-008	-0.0099375
-1.8669e-008	-0.0086875
-1.8169e-008	-0.0099375
-1.7669e-008	-0.009
-1.7169e-008	-0.0080625
-1.6669e-008	-0.0074375
-1.6169e-008	-0.0061875
-1.5669e-008	-0.0068125
-1.5169e-008	-0.007125
-1.4669e-008	-0.007125
-1.4169e-008	-0.007125
-1.3669e-008	-0.0068125
-1.3169e-008	-0.0074375
-1.2669e-008	-0.0080625
-1.2169e-008	-0.0086875
-1.1669e-008	-0.0093125
-1.1169e-008	-0.0086875
-1.0669e-008	-0.0105625
-1.0169e-008	-0.010875
-9.669e-009	-0.010875
-9.169e-009	-0.01025
-8.669e-009	-0.0099375
-8.169e-009	-0.0105625
-7.669e-009	-0.0105625
-7.169e-009	-0.01025
-6.669e-009	-0.0099375
-6.169e-009	-0.008375
-5.669e-009	-0.008375
-5.169e-009	-0.0086875
-4.669e-009	-0.0086875
-4.169e-009	-0.009
-3.669e-009	-0.008375
-3.169e-009	-0.009
-2.669e-009	-0.009
-2.169e-009	-0.0099375
-1.669e-009	-0.0111875
-1.169e-009	-0.0105625
-6.69e-010	-0.0111875
-1.69e-010	-0.0124375
3.31e-010	-0.0124375
8.31e-010	-0.0118125
1.331e-009	-0.0111875
1.831e-009	-0.0115
2.331e-009	-0.0115
2.831e-009	-0.010875
3.331e-009	-0.01025
3.831e-009	-0.01025
4.331e-009	-0.010875
4.831e-009	-0.01025
5.331e-009	-0.0099375
5.831e-009	-0.0099375
6.331e-009	-0.008375
6.831e-009	-0.0093125
7.331e-009	-0.0099375
7.831e-009	-0.01025
8.331e-009	-0.0105625
8.831e-009	-0.0099375
9.331e-009	-0.0105625
9.831e-009	-0.0111875
1.0331e-008	-0.0118125
1.0831e-008	-0.012125
1.1331e-008	-0.0118125
1.1831e-008	-0.0115
1.2331e-008	-0.0118125
1.2831e-008	-0.0115
1.3331e-008	-0.012125
1.3831e-008	-0.0099375
1.4331e-008	-0.010875
1.4831e-008	-0.010875
1.5331e-008	-0.01025
1.5831e-008	-0.0105625
1.6331e-008	-0.0099375
1.6831e-008	-0.01025
1.7331e-008	-0.0099375
1.7831e-008	-0.0105625
1.8331e-008	-0.0115
1.8831e-008	-0.010875
1.9331e-008	-0.0105625
1.9831e-008	-0.010875
2.0331e-008	-0.012125
2.0831e-008	-0.012125
2.1331e-008	-0.0111875
2.1831e-008	-0.012125
2.2331e-008	-0.0115
2.2831e-008	-0.0111875
2.3331e-008	-0.0115
2.3831e-008	-0.0111875
2.4331e-008	-0.0111875
2.4831e-008	-0.0105625
2.5331e-008	-0.010875
2.5831e-008	-0.010875
2.6331e-008	-0.0099375
2.6831e-008	-0.0099375
2.7331e-008	-0.009625
2.7831e-008	-0.01025
2.8331e-008	-0.010875
2.8831e-008	-0.0105625
2.9331e-008	-0.0115
2.9831e-008	-0.01025
3.0331e-008	-0.0105625
3.0831e-008	-0.0105625
3.1331e-008	-0.010875
3.1831e-008	-0.0115
3.2331e-008	-0.0115
3.2831e-008	-0.0111875
3.3331e-008	-0.010875
3.3831e-008	-0.0105625
3.4331e-008	-0.0111875
3.4831e-008	-0.0111875
3.5331e-008	-0.010875
3.5831e-008	-0.0105625
3.6331e-008	-0.01025
3.6831e-008	-0.0105625
3.7331e-008	-0.010875
3.7831e-008	-0.0105625
3.8331e-008	-0.010875
3.8831e-008	-0.0111875
3.9331e-008	-0.0105625
3.9831e-008	-0.0111875
4.0331e-008	-0.0111875
4.0831e-008	-0.0115
4.1331e-008	-0.010875
4.1831e-008	-0.0115
4.2331e-008	-0.0118125
4.2831e-008	-0.0105625
4.3331e-008	-0.0105625
4.3831e-008	-0.0111875
4.4331e-008	-0.010875
4.4831e-008	-0.0105625
4.5331e-008	-0.0105625
4.5831e-008	-0.010875
4.6331e-008	-0.0105625
4.6831e-008	-0.01025
4.7331e-008	-0.0111875
4.7831e-008	-0.010875
4.8331e-008	-0.010875
4.8831e-008	-0.0105625
4.9331e-008	-0.010875
4.9831e-008	-0.010875
5.0331e-008	-0.010875
5.0831e-008	-0.010875
5.1331e-008	-0.0105625
5.1831e-008	-0.010875
5.2331e-008	-0.010875
5.2831e-008	-0.0105625
5.3331e-008	-0.0111875
5.3831e-008	-0.0105625
5.4331e-008	-0.0099375
5.4831e-008	-0.01025
5.5331e-008	-0.0099375
5.5831e-008	-0.0099375
5.6331e-008	-0.0099375
5.6831e-008	-0.009625
5.7331e-008	-0.0105625
5.7831e-008	-0.0105625
5.8331e-008	-0.010875
5.8831e-008	-0.010875
5.9331e-008	-0.01025
5.9831e-008	-0.0105625
6.0331e-008	-0.0105625
6.0831e-008	-0.010875
6.1331e-008	-0.0105625
6.1831e-008	-0.01025
6.2331e-008	-0.0099375
6.2831e-008	-0.01025
6.3331e-008	-0.0099375
6.3831e-008	-0.0099375
6.4331e-008	-0.009625
6.4831e-008	-0.01025
6.5331e-008	-0.0099375
6.5831e-008	-0.0093125
6.6331e-008	-0.0093125
6.6831e-008	-0.01025
6.7331e-008	-0.0099375
6.7831e-008	-0.0099375
6.8331e-008	-0.010875
6.8831e-008	-0.0105625
6.9331e-008	-0.01025
6.9831e-008	-0.0105625
7.0331e-008	-0.010875
7.0831e-008	-0.01025
7.1331e-008	-0.0099375
7.1831e-008	-0.009625
7.2331e-008	-0.009625
7.2831e-008	-0.01025
7.3331e-008	-0.010875
7.3831e-008	-0.009625
7.4331e-008	-0.0093125
7.4831e-008	-0.009
7.5331e-008	-0.0093125
7.5831e-008	-0.0099375
7.6331e-008	-0.0099375
7.6831e-008	-0.009625
7.7331e-008	-0.0093125
7.7831e-008	-0.0099375
7.8331e-008	-0.0105625
7.8831e-008	-0.0105625
7.9331e-008	-0.0099375
7.9831e-008	-0.009625
8.0331e-008	-0.0099375
8.0831e-008	-0.0105625
8.1331e-008	-0.0099375
8.1831e-008	-0.009625
8.2331e-008	-0.0086875
8.2831e-008	-0.009625
8.3331e-008	-0.009
8.3831e-008	-0.0099375
8.4331e-008	-0.009625
8.4831e-008	-0.0099375
8.5331e-008	-0.009625
8.5831e-008	-0.0093125
8.6331e-008	-0.0086875
8.6831e-008	-0.0093125
8.7331e-008	-0.009
8.7831e-008	-0.0093125
8.8331e-008	-0.009625
8.8831e-008	-0.0099375
8.9331e-008	-0.0099375
8.9831e-008	-0.009
9.0331e-008	-0.008375
9.0831e-008	-0.008375
9.1331e-008	-0.009
9.1831e-008	-0.009625
9.2331e-008	-0.008375
9.2831e-008	-0.008375
9.3331e-008	-0.009625
9.3831e-008	-0.009625
9.4331e-008	-0.0099375
9.4831e-008	-0.009
9.5331e-008	-0.009625
9.5831e-008	-0.0099375
9.6331e-008	-0.0099375
9.6831e-008	-0.0093125
9.7331e-008	-0.009
9.7831e-008	-0.009625
9.8331e-008	-0.008375
9.8831e-008	-0.0086875
9.9331e-008	-0.0093125
9.9831e-008	-0.009
1.00331e-007	-0.0086875
1.00831e-007	-0.0080625
1.01331e-007	-0.008375
1.01831e-007	-0.0093125
1.02331e-007	-0.008375
1.02831e-007	-0.009
1.03331e-007	-0.0086875
1.03831e-007	-0.009
1.04331e-007	-0.01025
1.04831e-007	-0.01025
1.05331e-007	-0.0099375
1.05831e-007	-0.0099375
1.06331e-007	-0.0099375
1.06831e-007	-0.0099375
1.07331e-007	-0.0086875
1.07831e-007	-0.0093125
1.08331e-007	-0.0086875
1.08831e-007	-0.0086875
1.09331e-007	-0.0080625
1.09831e-007	-0.0080625
1.10331e-007	-0.0080625
1.10831e-007	-0.00775
1.11331e-007	-0.007125
1.11831e-007	-0.00775
1.12331e-007	-0.0080625
1.12831e-007	-0.008375
1.13331e-007	-0.008375
1.13831e-007	-0.0086875
1.14331e-007	-0.009
1.14831e-007	-0.009
1.15331e-007	-0.009625
1.15831e-007	-0.009625
1.16331e-007	-0.01025
1.16831e-007	-0.009625
1.17331e-007	-0.009
1.17831e-007	-0.0093125
1.18331e-007	-0.009
1.18831e-007	-0.008375
1.19331e-007	-0.00775
1.19831e-007	-0.0061875
1.20331e-007	-0.0068125
1.20831e-007	-0.0068125
1.21331e-007	-0.0068125
1.21831e-007	-0.007125
1.22331e-007	-0.0074375
1.22831e-007	-0.0074375
1.23331e-007	-0.007125
1.23831e-007	-0.008375
1.24331e-007	-0.0099375
1.24831e-007	-0.01025
1.25331e-007	-0.009625
1.25831e-007	-0.0099375
1.26331e-007	-0.0099375
1.26831e-007	-0.009625
1.27331e-007	-0.009
1.27831e-007	-0.01025
1.28331e-007	-0.009
1.28831e-007	-0.0086875
1.29331e-007	-0.007125
1.29831e-007	-0.0065
1.30331e-007	-0.0068125
1.30831e-007	-0.0065
1.31331e-007	-0.0061875
1.31831e-007	-0.0061875
1.32331e-007	-0.0065
1.32831e-007	-0.007125
1.33331e-007	-0.00775
1.33831e-007	-0.0080625
1.34331e-007	-0.008375
1.34831e-007	-0.009625
1.35331e-007	-0.01025
1.35831e-007	-0.01025
1.36331e-007	-0.01025
1.36831e-007	-0.0093125
1.37331e-007	-0.009625
1.37831e-007	-0.009625
1.38331e-007	-0.0086875
1.38831e-007	-0.00775
1.39331e-007	-0.0074375
1.39831e-007	-0.0061875
1.40331e-007	-0.005875
1.40831e-007	-0.005875
1.41331e-007	-0.0061875
1.41831e-007	-0.0055625
1.42331e-007	-0.0061875
1.42831e-007	-0.0074375
1.43331e-007	-0.0074375
1.43831e-007	-0.0080625
1.44331e-007	-0.0086875
1.44831e-007	-0.0093125
1.45331e-007	-0.0093125
1.45831e-007	-0.009625
1.46331e-007	-0.01025
1.46831e-007	-0.0099375
1.47331e-007	-0.0093125
1.47831e-007	-0.0093125
1.48331e-007	-0.00775
1.48831e-007	-0.0080625
1.49331e-007	-0.007125
1.49831e-007	-0.0068125
1.50331e-007	-0.0061875
1.50831e-007	-0.0061875
1.51331e-007	-0.005875
1.51831e-007	-0.0061875
1.52331e-007	-0.0061875
1.52831e-007	-0.0068125
1.53331e-007	-0.0068125
1.53831e-007	-0.0080625
1.54331e-007	-0.0080625
1.54831e-007	-0.008375
1.55331e-007	-0.009
1.55831e-007	-0.0099375
1.56331e-007	-0.009625
1.56831e-007	-0.009625
1.57331e-007	-0.0093125
1.57831e-007	-0.0086875
1.58331e-007	-0.0074375
1.58831e-007	-0.007125
1.59331e-007	-0.0068125
1.59831e-007	-0.0065
1.60331e-007	-0.0061875
1.60831e-007	-0.0055625
1.61331e-007	-0.005875
1.61831e-007	-0.005875
1.62331e-007	-0.0065
1.62831e-007	-0.0065
1.63331e-007	-0.0065
1.63831e-007	-0.007125
1.64331e-007	-0.0080625
1.64831e-007	-0.0086875
1.65331e-007	-0.009
1.65831e-007	-0.0080625
1.66331e-007	-0.008375
1.66831e-007	-0.0093125
1.67331e-007	-0.0080625
1.67831e-007	-0.0074375
1.68331e-007	-0.0068125
1.68831e-007	-0.0068125
1.69331e-007	-0.0065
1.69831e-007	-0.005875
1.70331e-007	-0.0061875
1.70831e-007	-0.0065
1.71331e-007	-0.005875
1.71831e-007	-0.0068125
1.72331e-007	-0.0068125
1.72831e-007	-0.0080625
1.73331e-007	-0.007125
1.73831e-007	-0.0080625
1.74331e-007	-0.0080625
1.74831e-007	-0.008375
1.75331e-007	-0.009
1.75831e-007	-0.009
1.76331e-007	-0.0086875
1.76831e-007	-0.0080625
1.77331e-007	-0.0074375
1.77831e-007	-0.008375
1.78331e-007	-0.0065
1.78831e-007	-0.0061875
1.79331e-007	-0.0065
1.79831e-007	-0.0055625
1.80331e-007	-0.005875
1.80831e-007	-0.0055625
1.81331e-007	-0.0068125
1.81831e-007	-0.0068125
1.82331e-007	-0.005875
1.82831e-007	-0.0068125
1.83331e-007	-0.007125
1.83831e-007	-0.0080625
1.84331e-007	-0.009
1.84831e-007	-0.008375
1.85331e-007	-0.0086875
1.85831e-007	-0.008375
1.86331e-007	-0.008375
1.86831e-007	-0.0074375
1.87331e-007	-0.0074375
1.87831e-007	-0.00775
1.88331e-007	-0.0061875
1.88831e-007	-0.005875
1.89331e-007	-0.0055625
1.89831e-007	-0.0055625
1.90331e-007	-0.0065
1.90831e-007	-0.00525
1.91331e-007	-0.0055625
1.91831e-007	-0.0068125
1.92331e-007	-0.0061875
1.92831e-007	-0.007125
1.93331e-007	-0.0065
1.93831e-007	-0.0080625
1.94331e-007	-0.008375
1.94831e-007	-0.00775
1.95331e-007	-0.00775
1.95831e-007	-0.0080625
1.96331e-007	-0.0080625
1.96831e-007	-0.0074375
1.97331e-007	-0.0065
1.97831e-007	-0.0068125
1.98331e-007	-0.0055625
1.98831e-007	-0.0065
1.99331e-007	-0.0055625
1.99831e-007	-0.00525
2.00331e-007	-0.005875
2.00831e-007	-0.0055625
2.01331e-007	-0.00525
2.01831e-007	-0.0061875
2.02331e-007	-0.007125
2.02831e-007	-0.0074375
2.03331e-007	-0.0074375
2.03831e-007	-0.0080625
2.04331e-007	-0.0080625
2.04831e-007	-0.0074375
2.05331e-007	-0.008375
2.05831e-007	-0.00775
2.06331e-007	-0.0080625
2.06831e-007	-0.007125
2.07331e-007	-0.0068125
2.07831e-007	-0.0068125
2.08331e-007	-0.0061875
2.08831e-007	-0.005875
2.09331e-007	-0.00525
2.09831e-007	-0.004625
2.10331e-007	-0.0049375
2.10831e-007	-0.00525
2.11331e-007	-0.005875
2.11831e-007	-0.0068125
2.12331e-007	-0.0068125
2.12831e-007	-0.007125
2.13331e-007	-0.0068125
2.13831e-007	-0.00775
2.14331e-007	-0.0074375
2.14831e-007	-0.0074375
2.15331e-007	-0.007125
2.15831e-007	-0.00775
2.16331e-007	-0.0074375
2.16831e-007	-0.00775
2.17331e-007	-0.007125
2.17831e-007	-0.0055625
2.18331e-007	-0.0061875
2.18831e-007	-0.0068125
2.19331e-007	-0.0049375
2.19831e-007	-0.0049375
2.20331e-007	-0.0061875
2.20831e-007	-0.0065
2.21331e-007	-0.005875
2.21831e-007	-0.0049375
2.22331e-007	-0.005875
2.22831e-007	-0.0065
2.23331e-007	-0.0068125
2.23831e-007	-0.007125
2.24331e-007	-0.0074375
2.24831e-007	-0.0074375
2.25331e-007	-0.0074375
2.25831e-007	-0.007125
2.26331e-007	-0.0061875
2.26831e-007	-0.0068125
2.27331e-007	-0.007125
2.27831e-007	-0.0065
2.28331e-007	-0.0061875
2.28831e-007	-0.0061875
2.29331e-007	-0.005875
2.29831e-007	-0.00525
2.30331e-007	-0.0055625
2.30831e-007	-0.0061875
2.31331e-007	-0.00525
2.31831e-007	-0.00525
2.32331e-007	-0.005875
2.32831e-007	-0.0055625
2.33331e-007	-0.0055625
2.33831e-007	-0.0055625
2.34331e-007	-0.0061875
2.34831e-007	-0.0074375
2.35331e-007	-0.0074375
2.35831e-007	-0.007125
2.36331e-007	-0.0061875
2.36831e-007	-0.007125
2.37331e-007	-0.005875
2.37831e-007	-0.0061875
2.38331e-007	-0.0065
2.38831e-007	-0.0061875
2.39331e-007	-0.0061875
2.39831e-007	-0.0061875
2.40331e-007	-0.005875
2.40831e-007	-0.0055625
2.41331e-007	-0.00525
2.41831e-007	-0.0055625
2.42331e-007	-0.0055625
2.42831e-007	-0.0055625
2.43331e-007	-0.0061875
2.43831e-007	-0.005875
2.44331e-007	-0.0061875
2.44831e-007	-0.0055625
2.45331e-007	-0.0061875
2.45831e-007	-0.0061875
2.46331e-007	-0.005875
2.46831e-007	-0.0065
2.47331e-007	-0.0065
2.47831e-007	-0.0065
2.48331e-007	-0.0065
2.48831e-007	-0.0061875
2.49331e-007	-0.005875
2.49831e-007	-0.00525
2.50331e-007	-0.005875
2.50831e-007	-0.005875
2.51331e-007	-0.00525
2.51831e-007	-0.0055625
2.52331e-007	-0.0055625
2.52831e-007	-0.005875
2.53331e-007	-0.0055625
2.53831e-007	-0.00525
2.54331e-007	-0.0055625
2.54831e-007	-0.005875
2.55331e-007	-0.0061875
2.55831e-007	-0.0065
2.56331e-007	-0.0061875
2.56831e-007	-0.0061875
2.57331e-007	-0.005875
2.57831e-007	-0.0061875
2.58331e-007	-0.0061875
2.58831e-007	-0.0061875
2.59331e-007	-0.005875
2.59831e-007	-0.0061875
2.60331e-007	-0.0055625
2.60831e-007	-0.004625
2.61331e-007	-0.004625
2.61831e-007	-0.00525
2.62331e-007	-0.0049375
2.62831e-007	-0.0049375
2.63331e-007	-0.0049375
2.63831e-007	-0.0049375
2.64331e-007	-0.0055625
2.64831e-007	-0.00525
2.65331e-007	-0.0061875
2.65831e-007	-0.0065
2.66331e-007	-0.007125
2.66831e-007	-0.005875
2.67331e-007	-0.0061875
2.67831e-007	-0.0065
2.68331e-007	-0.0065
2.68831e-007	-0.0065
2.69331e-007	-0.0061875
2.69831e-007	-0.0049375
2.70331e-007	-0.00525
2.70831e-007	-0.004625
2.71331e-007	-0.004625
2.71831e-007	-0.0043125
2.72331e-007	-0.004625
2.72831e-007	-0.0055625
2.73331e-007	-0.0049375
2.73831e-007	-0.004625
2.74331e-007	-0.00525
2.74831e-007	-0.0055625
2.75331e-007	-0.0055625
2.75831e-007	-0.005875
2.76331e-007	-0.0065
2.76831e-007	-0.007125
2.77331e-007	-0.0061875
2.77831e-007	-0.0061875
2.78331e-007	-0.00525
2.78831e-007	-0.00525
2.79331e-007	-0.00525
2.79831e-007	-0.0055625
2.80331e-007	-0.00525
2.80831e-007	-0.004625
2.81331e-007	-0.0043125
2.81831e-007	-0.004625
2.82331e-007	-0.0043125
2.82831e-007	-0.004625
2.83331e-007	-0.0049375
2.83831e-007	-0.00525
2.84331e-007	-0.00525
2.84831e-007	-0.0055625
2.85331e-007	-0.005875
2.85831e-007	-0.0065
2.86331e-007	-0.0065
2.86831e-007	-0.005875
2.87331e-007	-0.0061875
2.87831e-007	-0.005875
2.88331e-007	-0.0065
2.88831e-007	-0.005875
2.89331e-007	-0.0049375
2.89831e-007	-0.004625
2.90331e-007	-0.00525
2.90831e-007	-0.0043125
2.91331e-007	-0.0036875
2.91831e-007	-0.003375
2.92331e-007	-0.0043125
2.92831e-007	-0.004
2.93331e-007	-0.004
2.93831e-007	-0.0049375
2.94331e-007	-0.0055625
2.94831e-007	-0.005875
2.95331e-007	-0.0055625
2.95831e-007	-0.0061875
2.96331e-007	-0.0061875
2.96831e-007	-0.0061875
2.97331e-007	-0.0061875
2.97831e-007	-0.0065
2.98331e-007	-0.0061875
2.98831e-007	-0.00525
2.99331e-007	-0.0049375
2.99831e-007	-0.004625
3.00331e-007	-0.0043125
3.00831e-007	-0.00525
3.01331e-007	-0.0043125
3.01831e-007	-0.0036875
3.02331e-007	-0.003375
3.02831e-007	-0.0036875
3.03331e-007	-0.004
3.03831e-007	-0.0049375
3.04331e-007	-0.0049375
3.04831e-007	-0.0055625
3.05331e-007	-0.005875
3.05831e-007	-0.005875
3.06331e-007	-0.005875
3.06831e-007	-0.0061875
3.07331e-007	-0.0065
3.07831e-007	-0.00525
3.08331e-007	-0.0055625
3.08831e-007	-0.005875
3.09331e-007	-0.0049375
3.09831e-007	-0.0043125
3.10331e-007	-0.00525
3.10831e-007	-0.004625
3.11331e-007	-0.0043125
3.11831e-007	-0.004
3.12331e-007	-0.0036875
3.12831e-007	-0.0036875
3.13331e-007	-0.004
3.13831e-007	-0.004
3.14331e-007	-0.0049375
3.14831e-007	-0.0049375
3.15331e-007	-0.0049375
3.15831e-007	-0.00525
3.16331e-007	-0.0055625
3.16831e-007	-0.0061875
3.17331e-007	-0.00525
3.17831e-007	-0.00525
3.18331e-007	-0.005875
3.18831e-007	-0.0061875
3.19331e-007	-0.0055625
3.19831e-007	-0.0055625
3.20331e-007	-0.0049375
3.20831e-007	-0.004
3.21331e-007	-0.0036875
3.21831e-007	-0.004625
3.22331e-007	-0.0036875
3.22831e-007	-0.004
3.23331e-007	-0.0036875
3.23831e-007	-0.004625
3.24331e-007	-0.0043125
3.24831e-007	-0.004625
3.25331e-007	-0.0049375
3.25831e-007	-0.004625
3.26331e-007	-0.0049375
3.26831e-007	-0.0055625
3.27331e-007	-0.0049375
3.27831e-007	-0.0049375
3.28331e-007	-0.00525
3.28831e-007	-0.00525
3.29331e-007	-0.005875
3.29831e-007	-0.0049375
3.30331e-007	-0.00525
3.30831e-007	-0.004625
3.31331e-007	-0.0055625
3.31831e-007	-0.0049375
3.32331e-007	-0.0036875
3.32831e-007	-0.0036875
3.33331e-007	-0.004625
3.33831e-007	-0.004
3.34331e-007	-0.004
3.34831e-007	-0.003375
3.35331e-007	-0.004625
3.35831e-007	-0.0043125
3.36331e-007	-0.004625
3.36831e-007	-0.004625
3.37331e-007	-0.004625
3.37831e-007	-0.004625
3.38331e-007	-0.0049375
3.38831e-007	-0.00525
3.39331e-007	-0.00525
3.39831e-007	-0.0055625
3.40331e-007	-0.0049375
3.40831e-007	-0.0049375
3.41331e-007	-0.004625
3.41831e-007	-0.004625
3.42331e-007	-0.0036875
3.42831e-007	-0.0036875
3.43331e-007	-0.004
3.43831e-007	-0.004625
3.44331e-007	-0.0036875
3.44831e-007	-0.0036875
3.45331e-007	-0.004
3.45831e-007	-0.0043125
3.46331e-007	-0.0036875
3.46831e-007	-0.0036875
3.47331e-007	-0.0036875
3.47831e-007	-0.0049375
3.48331e-007	-0.004625
3.48831e-007	-0.0055625
3.49331e-007	-0.0055625
3.49831e-007	-0.00525
3.50331e-007	-0.0055625
3.50831e-007	-0.0049375
3.51331e-007	-0.0049375
3.51831e-007	-0.0049375
3.52331e-007	-0.004625
3.52831e-007	-0.004
3.53331e-007	-0.0036875
3.53831e-007	-0.003375
3.54331e-007	-0.0043125
3.54831e-007	-0.0030625
3.55331e-007	-0.0036875
3.55831e-007	-0.004
3.56331e-007	-0.0043125
3.56831e-007	-0.004
3.57331e-007	-0.0049375
3.57831e-007	-0.0043125
3.58331e-007	-0.004625
3.58831e-007	-0.004625
3.59331e-007	-0.00525
3.59831e-007	-0.0055625
3.60331e-007	-0.0055625
3.60831e-007	-0.0049375
3.61331e-007	-0.0043125
3.61831e-007	-0.004625
3.62331e-007	-0.004
3.62831e-007	-0.0036875
3.63331e-007	-0.004
3.63831e-007	-0.003375
3.64331e-007	-0.0030625
3.64831e-007	-0.0036875
3.65331e-007	-0.0030625
3.65831e-007	-0.0036875
3.66331e-007	-0.004
3.66831e-007	-0.0043125
3.67331e-007	-0.0043125
3.67831e-007	-0.004625
3.68331e-007	-0.004625
3.68831e-007	-0.0049375
3.69331e-007	-0.0049375
3.69831e-007	-0.0049375
3.70331e-007	-0.00525
3.70831e-007	-0.00525
3.71331e-007	-0.0036875
3.71831e-007	-0.004
3.72331e-007	-0.0043125
3.72831e-007	-0.004
3.73331e-007	-0.0030625
3.73831e-007	-0.0018125
3.74331e-007	-0.003375
3.74831e-007	-0.0030625
3.75331e-007	-0.0030625
3.75831e-007	-0.0036875
3.76331e-007	-0.0036875
3.76831e-007	-0.003375
3.77331e-007	-0.004625
3.77831e-007	-0.004625
3.78331e-007	-0.00525
3.78831e-007	-0.0049375
3.79331e-007	-0.005875
3.79831e-007	-0.0049375
3.80331e-007	-0.0049375
3.80831e-007	-0.0049375
3.81331e-007	-0.0043125
3.81831e-007	-0.003375
3.82331e-007	-0.003375
3.82831e-007	-0.003375
3.83331e-007	-0.0036875
3.83831e-007	-0.0024375
3.84331e-007	-0.002125
3.84831e-007	-0.0018125
3.85331e-007	-0.0030625
3.85831e-007	-0.003375
3.86331e-007	-0.00275
3.86831e-007	-0.004625
3.87331e-007	-0.00525
3.87831e-007	-0.0055625
3.88331e-007	-0.0049375
3.88831e-007	-0.005875
3.89331e-007	-0.0061875
3.89831e-007	-0.00525
3.90331e-007	-0.0049375
3.90831e-007	-0.004625
3.91331e-007	-0.0036875
3.91831e-007	-0.0043125
3.92331e-007	-0.0030625
3.92831e-007	-0.00275
3.93331e-007	-0.002125
3.93831e-007	-0.0018125
3.94331e-007	-0.002125
3.94831e-007	-0.0024375
3.95331e-007	-0.0024375
3.95831e-007	-0.0024375
3.96331e-007	-0.00275
3.96831e-007	-0.004
3.97331e-007	-0.00525
3.97831e-007	-0.0049375
3.98331e-007	-0.0055625
3.98831e-007	-0.0055625
3.99331e-007	-0.0061875
3.99831e-007	-0.0055625
4.00331e-007	-0.0055625
4.00831e-007	-0.004625
4.01331e-007	-0.003375
4.01831e-007	-0.003375
4.02331e-007	-0.003375
4.02831e-007	-0.0024375
4.03331e-007	-0.00275
4.03831e-007	-0.002125
4.04331e-007	-0.0018125
4.04831e-007	-0.0018125
4.05331e-007	-0.0024375
4.05831e-007	-0.00275
4.06331e-007	-0.003375
4.06831e-007	-0.004625
4.07331e-007	-0.00525
4.07831e-007	-0.0055625
4.08331e-007	-0.0055625
4.08831e-007	-0.0065
4.09331e-007	-0.0055625
4.09831e-007	-0.0061875
4.10331e-007	-0.00525
4.10831e-007	-0.0043125
4.11331e-007	-0.0036875
4.11831e-007	-0.003375
4.12331e-007	-0.0024375
4.12831e-007	-0.0024375
4.13331e-007	-0.0011875
4.13831e-007	-0.0015
4.14331e-007	-0.0018125
4.14831e-007	-0.002125
4.15331e-007	-0.0015
4.15831e-007	-0.00275
4.16331e-007	-0.004
4.16831e-007	-0.004
4.17331e-007	-0.0049375
4.17831e-007	-0.005875
4.18331e-007	-0.0055625
4.18831e-007	-0.0049375
4.19331e-007	-0.0055625
4.19831e-007	-0.0055625
4.20331e-007	-0.0049375
4.20831e-007	-0.003375
4.21331e-007	-0.003375
4.21831e-007	-0.0030625
4.22331e-007	-0.0030625
4.22831e-007	-0.00275
4.23331e-007	-0.0011875
4.23831e-007	-0.0011875
4.24331e-007	-0.002125
4.24831e-007	-0.002125
4.25331e-007	-0.0024375
4.25831e-007	-0.00275
4.26331e-007	-0.0030625
4.26831e-007	-0.004
4.27331e-007	-0.0043125
4.27831e-007	-0.004625
4.28331e-007	-0.00525
4.28831e-007	-0.0055625
4.29331e-007	-0.0055625
4.29831e-007	-0.00525
4.30331e-007	-0.004625
4.30831e-007	-0.0036875
4.31331e-007	-0.0030625
4.31831e-007	-0.003375
4.32331e-007	-0.0024375
4.32831e-007	-0.002125
4.33331e-007	-0.002125
4.33831e-007	-0.00275
4.34331e-007	-0.002125
4.34831e-007	-0.00275
4.35331e-007	-0.00275
4.35831e-007	-0.003375
4.36331e-007	-0.0036875
4.36831e-007	-0.003375
4.37331e-007	-0.0043125
4.37831e-007	-0.004625
4.38331e-007	-0.0049375
4.38831e-007	-0.00525
4.39331e-007	-0.0049375
4.39831e-007	-0.0043125
4.40331e-007	-0.0043125
4.40831e-007	-0.003375
4.41331e-007	-0.0030625
4.41831e-007	-0.002125
4.42331e-007	-0.0024375
4.42831e-007	-0.002125
4.43331e-007	-0.002125
4.43831e-007	-0.00275
4.44331e-007	-0.00275
4.44831e-007	-0.0024375
4.45331e-007	-0.0030625
4.45831e-007	-0.0030625
4.46331e-007	-0.0036875
4.46831e-007	-0.0036875
4.47331e-007	-0.003375
4.47831e-007	-0.0036875
4.48331e-007	-0.0043125
4.48831e-007	-0.004
4.49331e-007	-0.0043125
4.49831e-007	-0.003375
4.50331e-007	-0.0030625
4.50831e-007	-0.0030625
4.51331e-007	-0.0024375
4.51831e-007	-0.00275
4.52331e-007	-0.0024375
4.52831e-007	-0.002125
4.53331e-007	-0.00275
4.53831e-007	-0.00275
4.54331e-007	-0.00275
4.54831e-007	-0.0030625
4.55331e-007	-0.0030625
4.55831e-007	-0.004
4.56331e-007	-0.004
4.56831e-007	-0.0036875
4.57331e-007	-0.0036875
4.57831e-007	-0.003375
4.58331e-007	-0.0036875
4.58831e-007	-0.0043125
4.59331e-007	-0.003375
4.59831e-007	-0.00275
4.60331e-007	-0.0024375
4.60831e-007	-0.00275
4.61331e-007	-0.0024375
4.61831e-007	-0.002125
4.62331e-007	-0.00275
4.62831e-007	-0.0024375
4.63331e-007	-0.0024375
4.63831e-007	-0.0024375
4.64331e-007	-0.003375
4.64831e-007	-0.003375
4.65331e-007	-0.0030625
4.65831e-007	-0.0036875
4.66331e-007	-0.0043125
4.66831e-007	-0.0036875
4.67331e-007	-0.004
4.67831e-007	-0.003375
4.68331e-007	-0.0036875
4.68831e-007	-0.0030625
4.69331e-007	-0.00275
4.69831e-007	-0.0030625
4.70331e-007	-0.0024375
4.70831e-007	-0.0024375
4.71331e-007	-0.0024375
4.71831e-007	-0.00275
4.72331e-007	-0.0024375
4.72831e-007	-0.0024375
4.73331e-007	-0.0024375
4.73831e-007	-0.0030625
4.74331e-007	-0.0024375
4.74831e-007	-0.0030625
4.75331e-007	-0.003375
4.75831e-007	-0.003375
4.76331e-007	-0.0036875
4.76831e-007	-0.0036875
4.77331e-007	-0.0036875
4.77831e-007	-0.0043125
4.78331e-007	-0.003375
4.78831e-007	-0.0024375
4.79331e-007	-0.0024375
4.79831e-007	-0.00275
4.80331e-007	-0.00275
4.80831e-007	-0.002125
4.81331e-007	-0.0024375
4.81831e-007	-0.003375
4.82331e-007	-0.0030625
4.82831e-007	-0.0024375
4.83331e-007	-0.002125
4.83831e-007	-0.0024375
4.84331e-007	-0.0030625
4.84831e-007	-0.00275
4.85331e-007	-0.0030625
4.85831e-007	-0.00275
4.86331e-007	-0.0030625
4.86831e-007	-0.003375
4.87331e-007	-0.003375
4.87831e-007	-0.0030625
4.88331e-007	-0.00275
4.88831e-007	-0.0030625
4.89331e-007	-0.003375
4.89831e-007	-0.00275
4.90331e-007	-0.0030625
4.90831e-007	-0.00275
4.91331e-007	-0.0024375
4.91831e-007	-0.003375
4.92331e-007	-0.0036875
4.92831e-007	-0.003375
4.93331e-007	-0.0024375
4.93831e-007	-0.0030625
4.94331e-007	-0.0030625
4.94831e-007	-0.00275
4.95331e-007	-0.0024375
4.95831e-007	-0.002125
4.96331e-007	-0.002125
4.96831e-007	-0.00275
4.97331e-007	-0.002125
4.97831e-007	-0.00275
4.98331e-007	-0.00275
4.98831e-007	-0.0030625
4.99331e-007	-0.002125
4.99831e-007	-0.0024375
5.00331e-007	-0.003375
5.00831e-007	-0.003375
5.01331e-007	-0.003375
5.01831e-007	-0.003375
5.02331e-007	-0.0030625
5.02831e-007	-0.0030625
5.03331e-007	-0.003375
5.03831e-007	-0.00275
5.04331e-007	-0.00275
5.04831e-007	-0.0024375
5.05331e-007	-0.0030625
5.05831e-007	-0.002125
5.06331e-007	-0.0018125
5.06831e-007	-0.002125
5.07331e-007	-0.0018125
5.07831e-007	-0.002125
5.08331e-007	-0.002125
5.08831e-007	-0.0015
5.09331e-007	-0.002125
5.09831e-007	-0.0030625
5.10331e-007	-0.0036875
5.10831e-007	-0.0036875
5.11331e-007	-0.0036875
5.11831e-007	-0.0043125
5.12331e-007	-0.004
5.12831e-007	-0.0036875
5.13331e-007	-0.0030625
5.13831e-007	-0.0030625
5.14331e-007	-0.00275
5.14831e-007	-0.0024375
5.15331e-007	-0.002125
5.15831e-007	-0.0024375
5.16331e-007	-0.0011875
5.16831e-007	-0.0011875
5.17331e-007	-0.002125
5.17831e-007	-0.0018125
5.18331e-007	-0.0011875
5.18831e-007	-0.002125
5.19331e-007	-0.0030625
5.19831e-007	-0.0024375
5.20331e-007	-0.0030625
5.20831e-007	-0.004
5.21331e-007	-0.004
5.21831e-007	-0.0049375
5.22331e-007	-0.0036875
5.22831e-007	-0.003375
5.23331e-007	-0.0036875
5.23831e-007	-0.0036875
5.24331e-007	-0.0030625
5.24831e-007	-0.0024375
5.25331e-007	-0.0018125
5.25831e-007	-0.002125
5.26331e-007	-0.0018125
5.26831e-007	-0.0011875
5.27331e-007	-0.000875
5.27831e-007	-0.0005625
5.28331e-007	-0.0011875
5.28831e-007	-0.0011875
5.29331e-007	-0.0018125
5.29831e-007	-0.002125
5.30331e-007	-0.0030625
5.30831e-007	-0.0036875
5.31331e-007	-0.003375
5.31831e-007	-0.003375
5.32331e-007	-0.003375
5.32831e-007	-0.004
5.33331e-007	-0.004
5.33831e-007	-0.0030625
5.34331e-007	-0.0030625
5.34831e-007	-0.0024375
5.35331e-007	-0.002125
5.35831e-007	-0.0015
5.36331e-007	-0.0005625
5.36831e-007	-0.000875
5.37331e-007	-0.000875
5.37831e-007	-0.0015
5.38331e-007	-0.0011875
5.38831e-007	-0.0018125
5.39331e-007	-0.0015
5.39831e-007	-0.0024375
5.40331e-007	-0.002125
5.40831e-007	-0.0030625
5.41331e-007	-0.0036875
5.41831e-007	-0.004
5.42331e-007	-0.0043125
5.42831e-007	-0.004
5.43331e-007	-0.0030625
5.43831e-007	-0.0030625
5.44331e-007	-0.003375
5.44831e-007	-0.00275
5.45331e-007	-0.0018125
5.45831e-007	-0.000875
5.46331e-007	-0.0011875
5.46831e-007	-0.0011875
5.47331e-007	-0.0011875
5.47831e-007	-0.0015
5.48331e-007	-0.0015
5.48831e-007	-0.0015
5.49331e-007	-0.0024375
5.49831e-007	-0.002125
5.50331e-007	-0.0024375
5.50831e-007	-0.00275
5.51331e-007	-0.0030625
5.51831e-007	-0.0036875
5.52331e-007	-0.0036875
5.52831e-007	-0.003375
5.53331e-007	-0.0036875
5.53831e-007	-0.00275
5.54331e-007	-0.0024375
5.54831e-007	-0.0024375
5.55331e-007	-0.002125
5.55831e-007	-0.0018125
5.56331e-007	-0.0011875
5.56831e-007	-0.0011875
5.57331e-007	-0.0018125
5.57831e-007	-0.0018125
5.58331e-007	-0.0011875
5.58831e-007	-0.0018125
5.59331e-007	-0.002125
5.59831e-007	-0.0024375
5.60331e-007	-0.0024375
5.60831e-007	-0.00275
5.61331e-007	-0.0030625
5.61831e-007	-0.0036875
5.62331e-007	-0.0030625
5.62831e-007	-0.003375
5.63331e-007	-0.00275
5.63831e-007	-0.0024375
5.64331e-007	-0.0024375
5.64831e-007	-0.0024375
5.65331e-007	-0.0015
5.65831e-007	-0.000875
5.66331e-007	-0.0005625
5.66831e-007	-0.0015
5.67331e-007	-0.0018125
5.67831e-007	-0.0018125
5.68331e-007	-0.002125
5.68831e-007	-0.0024375
5.69331e-007	-0.00275
5.69831e-007	-0.002125
5.70331e-007	-0.00275
5.70831e-007	-0.0030625
5.71331e-007	-0.00275
5.71831e-007	-0.0030625
5.72331e-007	-0.003375
5.72831e-007	-0.0024375
5.73331e-007	-0.0024375
5.73831e-007	-0.002125
5.74331e-007	-0.0024375
5.74831e-007	-0.0018125
5.75331e-007	-0.0015
5.75831e-007	-0.0015
5.76331e-007	-0.0015
5.76831e-007	-0.0011875
5.77331e-007	-0.0018125
5.77831e-007	-0.0024375
5.78331e-007	-0.00275
5.78831e-007	-0.0024375
5.79331e-007	-0.0024375
5.79831e-007	-0.0024375
5.80331e-007	-0.002125
5.80831e-007	-0.00275
5.81331e-007	-0.0024375
5.81831e-007	-0.0030625
5.82331e-007	-0.0030625
5.82831e-007	-0.00275
5.83331e-007	-0.0024375
5.83831e-007	-0.0024375
5.84331e-007	-0.0018125
5.84831e-007	-0.0018125
5.85331e-007	-0.0011875
5.85831e-007	-0.0018125
5.86331e-007	-0.0018125
5.86831e-007	-0.002125
5.87331e-007	-0.0015
5.87831e-007	-0.0018125
5.88331e-007	-0.0018125
5.88831e-007	-0.0024375
5.89331e-007	-0.0030625
5.89831e-007	-0.00275
5.90331e-007	-0.0024375
5.90831e-007	-0.00275
5.91331e-007	-0.00275
5.91831e-007	-0.00275
5.92331e-007	-0.0024375
5.92831e-007	-0.002125
5.93331e-007	-0.00275
5.93831e-007	-0.002125
5.94331e-007	-0.002125
5.94831e-007	-0.002125
5.95331e-007	-0.0024375
5.95831e-007	-0.0015
5.96331e-007	-0.000875
5.96831e-007	-0.0011875
5.97331e-007	-0.0015
5.97831e-007	-0.0018125
5.98331e-007	-0.002125
5.98831e-007	-0.0024375
5.99331e-007	-0.002125
5.99831e-007	-0.0018125
6.00331e-007	-0.0015
6.00831e-007	-0.00275
6.01331e-007	-0.0024375
6.01831e-007	-0.0030625
6.02331e-007	-0.0024375
6.02831e-007	-0.0024375
6.03331e-007	-0.0024375
6.03831e-007	-0.002125
6.04331e-007	-0.002125
6.04831e-007	-0.00275
6.05331e-007	-0.002125
6.05831e-007	-0.0018125
6.06331e-007	-0.0011875
6.06831e-007	-0.002125
6.07331e-007	-0.0015
6.07831e-007	-0.0015
6.08331e-007	-0.0015
6.08831e-007	-0.0011875
6.09331e-007	-0.0015
6.09831e-007	-0.002125
6.10331e-007	-0.0011875
6.10831e-007	-0.0015
6.11331e-007	-0.002125
6.11831e-007	-0.0030625
6.12331e-007	-0.0024375
6.12831e-007	-0.0024375
6.13331e-007	-0.00275
6.13831e-007	-0.0024375
6.14331e-007	-0.0030625
6.14831e-007	-0.0024375
6.15331e-007	-0.0024375
6.15831e-007	-0.0024375
6.16331e-007	-0.0024375
6.16831e-007	-0.0015
6.17331e-007	-0.0011875
6.17831e-007	-0.000875
6.18331e-007	-0.0005625
6.18831e-007	-0.0005625
6.19331e-007	-0.0011875
6.19831e-007	-0.0015
6.20331e-007	-0.0015
6.20831e-007	-0.0015
6.21331e-007	-0.0015
6.21831e-007	-0.002125
6.22331e-007	-0.00275
6.22831e-007	-0.003375
6.23331e-007	-0.003375
6.23831e-007	-0.0036875
6.24331e-007	-0.003375
6.24831e-007	-0.00275
6.25331e-007	-0.00275
6.25831e-007	-0.0024375
6.26331e-007	-0.0018125
6.26831e-007	-0.0018125
6.27331e-007	-0.000875
6.27831e-007	-0.0011875
6.28331e-007	-0.000875
6.28831e-007	-0.0005625
6.29331e-007	-0.00025
6.29831e-007	-0.0005625
6.30331e-007	-0.0011875
6.30831e-007	-0.0018125
6.31331e-007	-0.0018125
6.31831e-007	-0.002125
6.32331e-007	-0.002125
6.32831e-007	-0.003375
6.33331e-007	-0.0036875
6.33831e-007	-0.003375
6.34331e-007	-0.0036875
6.34831e-007	-0.0036875
6.35331e-007	-0.0030625
6.35831e-007	-0.00275
6.36331e-007	-0.0024375
6.36831e-007	-0.0015
6.37331e-007	-0.000875
6.37831e-007	-0.000875
6.38331e-007	-0.0005625
6.38831e-007	-0.00025
6.39331e-007	-0.00025
6.39831e-007	-0.00025
6.40331e-007	-0.0015
6.40831e-007	-0.0011875
6.41331e-007	-0.0011875
6.41831e-007	-0.0024375
6.42331e-007	-0.0030625
6.42831e-007	-0.0030625
6.43331e-007	-0.003375
6.43831e-007	-0.003375
6.44331e-007	-0.0036875
6.44831e-007	-0.003375
6.45331e-007	-0.003375
6.45831e-007	-0.00275
6.46331e-007	-0.002125
6.46831e-007	-0.002125
6.47331e-007	-0.0011875
6.47831e-007	-0.0005625
6.48331e-007	-0.00025
6.48831e-007	6.25e-005
6.49331e-007	-0.0005625
6.49831e-007	-0.000875
6.50331e-007	-0.0005625
6.50831e-007	-0.000875
6.51331e-007	-0.0018125
6.51831e-007	-0.0030625
6.52331e-007	-0.0030625
6.52831e-007	-0.00275
6.53331e-007	-0.0030625
6.53831e-007	-0.003375
6.54331e-007	-0.0030625
6.54831e-007	-0.00275
6.55331e-007	-0.00275
6.55831e-007	-0.0024375
6.56331e-007	-0.002125
6.56831e-007	-0.0015
6.57331e-007	-0.0005625
6.57831e-007	-0.0005625
6.58331e-007	-0.0005625
6.58831e-007	-0.00025
6.59331e-007	-0.000875
6.59831e-007	-0.000875
6.60331e-007	-0.000875
6.60831e-007	-0.000875
6.61331e-007	-0.0018125
6.61831e-007	-0.0024375
6.62331e-007	-0.0030625
6.62831e-007	-0.003375
6.63331e-007	-0.0030625
6.63831e-007	-0.00275
6.64331e-007	-0.0030625
6.64831e-007	-0.0024375
6.65331e-007	-0.002125
6.65831e-007	-0.002125
6.66331e-007	-0.000875
6.66831e-007	-0.000875
6.67331e-007	-0.0005625
6.67831e-007	-0.0005625
6.68331e-007	-0.00025
6.68831e-007	6.25e-005
6.69331e-007	-0.0015
6.69831e-007	-0.0018125
6.70331e-007	-0.0015
6.70831e-007	-0.0018125
6.71331e-007	-0.0018125
6.71831e-007	-0.00275
6.72331e-007	-0.00275
6.72831e-007	-0.003375
6.73331e-007	-0.0036875
6.73831e-007	-0.0024375
6.74331e-007	-0.0030625
6.74831e-007	-0.002125
6.75331e-007	-0.0011875
6.75831e-007	-0.0011875
6.76331e-007	-0.000875
6.76831e-007	-0.00025
6.77331e-007	0.000375
6.77831e-007	0.000375
6.78331e-007	6.25e-005
6.78831e-007	-0.00025
6.79331e-007	-0.0011875
6.79831e-007	-0.0011875
6.80331e-007	-0.0018125
6.80831e-007	-0.0024375
6.81331e-007	-0.0024375
6.81831e-007	-0.0030625
6.82331e-007	-0.0030625
6.82831e-007	-0.003375
6.83331e-007	-0.0030625
6.83831e-007	-0.0024375
6.84331e-007	-0.002125
6.84831e-007	-0.0015
6.85331e-007	-0.0005625
6.85831e-007	-0.00025
6.86331e-007	0.0006875
6.86831e-007	6.25e-005
6.87331e-007	-0.00025
6.87831e-007	-0.0005625
6.88331e-007	-0.0005625
6.88831e-007	-0.0005625
6.89331e-007	-0.000875
6.89831e-007	-0.0011875
6.90331e-007	-0.0024375
6.90831e-007	-0.00275
6.91331e-007	-0.003375
6.91831e-007	-0.003375
6.92331e-007	-0.003375
6.92831e-007	-0.0030625
6.93331e-007	-0.003375
6.93831e-007	-0.0024375
6.94331e-007	-0.0018125
6.94831e-007	-0.000875
6.95331e-007	-0.00025
6.95831e-007	-0.0005625
6.96331e-007	6.25e-005
6.96831e-007	6.25e-005
6.97331e-007	6.25e-005
6.97831e-007	0.000375
6.98331e-007	6.25e-005
6.98831e-007	-0.000875
6.99331e-007	-0.0015
6.99831e-007	-0.0024375
7.00331e-007	-0.0024375
7.00831e-007	-0.0030625
7.01331e-007	-0.003375
7.01831e-007	-0.003375
7.02331e-007	-0.003375
7.02831e-007	-0.0036875
7.03331e-007	-0.00275
7.03831e-007	-0.0011875
7.04331e-007	-0.0005625
7.04831e-007	-0.0005625
7.05331e-007	-0.00025
7.05831e-007	6.25e-005
7.06331e-007	6.25e-005
7.06831e-007	0.0006875
7.07331e-007	0.000375
7.07831e-007	6.25e-005
7.08331e-007	-0.0005625
7.08831e-007	-0.0011875
7.09331e-007	-0.0018125
7.09831e-007	-0.002125
7.10331e-007	-0.00275
7.10831e-007	-0.00275
7.11331e-007	-0.003375
7.11831e-007	-0.0030625
7.12331e-007	-0.0030625
7.12831e-007	-0.0030625
7.13331e-007	-0.002125
7.13831e-007	-0.0011875
7.14331e-007	-0.0005625
7.14831e-007	-0.0005625
7.15331e-007	-0.000875
7.15831e-007	-0.0005625
7.16331e-007	-0.00025
7.16831e-007	0.0006875
7.17331e-007	-0.0005625
7.17831e-007	-0.0005625
7.18331e-007	-0.0005625
7.18831e-007	-0.0011875
7.19331e-007	-0.0018125
7.19831e-007	-0.0024375
7.20331e-007	-0.0030625
7.20831e-007	-0.0030625
7.21331e-007	-0.0024375
7.21831e-007	-0.0024375
7.22331e-007	-0.0030625
7.22831e-007	-0.00275
7.23331e-007	-0.0018125
7.23831e-007	-0.0018125
7.24331e-007	-0.000875
7.24831e-007	-0.000875
7.25331e-007	6.25e-005
7.25831e-007	6.25e-005
7.26331e-007	-0.00025
7.26831e-007	0.000375
7.27331e-007	-0.0005625
7.27831e-007	-0.000875
7.28331e-007	-0.0011875
7.28831e-007	-0.0018125
7.29331e-007	-0.002125
7.29831e-007	-0.0024375
7.30331e-007	-0.002125
7.30831e-007	-0.0024375
7.31331e-007	-0.00275
7.31831e-007	-0.002125
7.32331e-007	-0.0024375
7.32831e-007	-0.002125
7.33331e-007	-0.000875
7.33831e-007	-0.0011875
7.34331e-007	-0.000875
7.34831e-007	-0.0015
7.35331e-007	-0.000875
7.35831e-007	-0.00025
7.36331e-007	-0.000875
7.36831e-007	-0.0005625
7.37331e-007	-0.0011875
7.37831e-007	-0.0015
7.38331e-007	-0.0018125
7.38831e-007	-0.0024375
7.39331e-007	-0.0024375
7.39831e-007	-0.0024375
7.40331e-007	-0.0030625
7.40831e-007	-0.002125
7.41331e-007	-0.002125
7.41831e-007	-0.002125
7.42331e-007	-0.0024375
7.42831e-007	-0.0018125
7.43331e-007	-0.00025
7.43831e-007	-0.00025
7.44331e-007	6.25e-005
7.44831e-007	-0.000875
7.45331e-007	-0.000875
7.45831e-007	-0.0005625
7.46331e-007	-0.000875
7.46831e-007	-0.0015
7.47331e-007	-0.0018125
7.47831e-007	-0.0024375
7.48331e-007	-0.0015
7.48831e-007	-0.0018125
7.49331e-007	-0.0018125
7.49831e-007	-0.0024375
7.50331e-007	-0.0015
7.50831e-007	-0.0015
7.51331e-007	-0.0024375
7.51831e-007	-0.0018125
7.52331e-007	-0.0018125
7.52831e-007	-0.0015
7.53331e-007	-0.0005625
7.53831e-007	-0.0005625
7.54331e-007	-0.00025
7.54831e-007	-0.00025
7.55331e-007	-0.0005625
7.55831e-007	-0.0005625
7.56331e-007	-0.000875
7.56831e-007	-0.0015
7.57331e-007	-0.0024375
7.57831e-007	-0.0018125
7.58331e-007	-0.0018125
7.58831e-007	-0.00275
7.59331e-007	-0.002125
7.59831e-007	-0.002125
7.60331e-007	-0.0024375
7.60831e-007	-0.0015
7.61331e-007	-0.0011875
7.61831e-007	-0.0015
7.62331e-007	-0.0018125
7.62831e-007	-0.000875
7.63331e-007	6.25e-005
7.63831e-007	-0.00025
7.64331e-007	-0.0011875
7.64831e-007	-0.0011875
7.65331e-007	-0.0005625
7.65831e-007	-0.000875
7.66331e-007	-0.0015
7.66831e-007	-0.0018125
7.67331e-007	-0.0018125
7.67831e-007	-0.0018125
7.68331e-007	-0.0024375
7.68831e-007	-0.002125
7.69331e-007	-0.0015
7.69831e-007	-0.002125
7.70331e-007	-0.0015
7.70831e-007	-0.0005625
7.71331e-007	-0.0005625
7.71831e-007	-0.0011875
7.72331e-007	-0.0005625
7.72831e-007	-0.0011875
7.73331e-007	-0.0005625
7.73831e-007	-0.0011875
7.74331e-007	-0.0005625
7.74831e-007	-0.0005625
7.75331e-007	-0.0011875
7.75831e-007	-0.0015
7.76331e-007	-0.0018125
7.76831e-007	-0.0011875
7.77331e-007	-0.0015
7.77831e-007	-0.0024375
7.78331e-007	-0.002125
7.78831e-007	-0.0018125
7.79331e-007	-0.0015
7.79831e-007	-0.000875
7.80331e-007	-0.0011875
7.80831e-007	-0.000875
7.81331e-007	-0.000875
7.81831e-007	-0.000875
7.82331e-007	-0.00025
7.82831e-007	-0.000875
7.83331e-007	-0.000875
7.83831e-007	-0.0011875
7.84331e-007	-0.0005625
7.84831e-007	-0.0011875
7.85331e-007	-0.0024375
7.85831e-007	-0.002125
7.86331e-007	-0.002125
7.86831e-007	-0.002125
7.87331e-007	-0.0011875
7.87831e-007	-0.002125
7.88331e-007	-0.002125
7.88831e-007	-0.0018125
7.89331e-007	-0.0015
7.89831e-007	-0.0015
7.90331e-007	-0.000875
7.90831e-007	-0.0005625
7.91331e-007	-0.0005625
7.91831e-007	-0.0005625
7.92331e-007	6.25e-005
7.92831e-007	-0.0011875
7.93331e-007	-0.000875
7.93831e-007	-0.0015
7.94331e-007	-0.0018125
7.94831e-007	-0.0015
7.95331e-007	-0.0018125
7.95831e-007	-0.0018125
7.96331e-007	-0.0011875
7.96831e-007	-0.002125
7.97331e-007	-0.002125
7.97831e-007	-0.0018125
7.98331e-007	-0.0018125
7.98831e-007	-0.0015
7.99331e-007	-0.00025
7.99831e-007	-0.0005625
8.00331e-007	-0.0015
8.00831e-007	-0.0005625
8.01331e-007	-0.0005625
8.01831e-007	-0.0005625
8.02331e-007	-0.00025
8.02831e-007	-0.0005625
8.03331e-007	-0.0005625
8.03831e-007	-0.000875
8.04331e-007	-0.0011875
8.04831e-007	-0.0018125
8.05331e-007	-0.002125
8.05831e-007	-0.0011875
8.06331e-007	-0.0018125
8.06831e-007	-0.0018125
8.07331e-007	-0.0015
8.07831e-007	-0.002125
8.08331e-007	-0.0011875
8.08831e-007	-0.0011875
8.09331e-007	-0.0005625
8.09831e-007	6.25e-005
8.10331e-007	-0.0005625
8.10831e-007	-0.0005625
8.11331e-007	-0.0005625
8.11831e-007	-0.0005625
8.12331e-007	-0.0005625
8.12831e-007	-0.000875
8.13331e-007	-0.000875
8.13831e-007	-0.0018125
8.14331e-007	-0.000875
8.14831e-007	-0.0015
8.15331e-007	-0.0024375
8.15831e-007	-0.0011875
8.16331e-007	-0.002125
8.16831e-007	-0.002125
8.17331e-007	-0.0018125
8.17831e-007	-0.0011875
8.18331e-007	-0.000875
8.18831e-007	-0.000875
8.19331e-007	-0.0011875
8.19831e-007	-0.0011875
8.20331e-007	-0.000875
8.20831e-007	-0.00025
8.21331e-007	-0.00025
8.21831e-007	-0.0011875
8.22331e-007	-0.000875
8.22831e-007	6.25e-005
8.23331e-007	-0.0005625
8.23831e-007	-0.0015
8.24331e-007	-0.0015
8.24831e-007	-0.0018125
8.25331e-007	-0.0011875
8.25831e-007	-0.000875
8.26331e-007	-0.0018125
8.26831e-007	-0.0015
8.27331e-007	-0.0011875
8.27831e-007	-0.0011875
8.28331e-007	-0.0011875
8.28831e-007	-0.0011875
8.29331e-007	-0.0005625
8.29831e-007	-0.0011875
8.30331e-007	-0.0011875
8.30831e-007	-0.000875
8.31331e-007	-0.0005625
8.31831e-007	-0.0011875
8.32331e-007	-0.000875
8.32831e-007	-0.00025
8.33331e-007	-0.000875
8.33831e-007	-0.0011875
8.34331e-007	-0.0005625
8.34831e-007	-0.0005625
8.35331e-007	-0.002125
8.35831e-007	-0.0015
8.36331e-007	-0.0011875
8.36831e-007	-0.0015
8.37331e-007	-0.0011875
8.37831e-007	-0.0011875
8.38331e-007	-0.0011875
8.38831e-007	-0.0018125
8.39331e-007	-0.0018125
8.39831e-007	-0.0011875
8.40331e-007	-0.0018125
8.40831e-007	-0.0015
8.41331e-007	-0.0011875
8.41831e-007	-0.000875
8.42331e-007	-0.000875
8.42831e-007	-0.0005625
8.43331e-007	-0.00025
8.43831e-007	-0.0005625
8.44331e-007	-0.0005625
8.44831e-007	6.25e-005
8.45331e-007	-0.000875
8.45831e-007	-0.000875
8.46331e-007	-0.0005625
8.46831e-007	-0.000875
8.47331e-007	-0.0005625
8.47831e-007	-0.0011875
8.48331e-007	-0.0015
8.48831e-007	-0.0018125
8.49331e-007	-0.0018125
8.49831e-007	-0.002125
8.50331e-007	-0.0018125
8.50831e-007	-0.0015
8.51331e-007	-0.0011875
8.51831e-007	-0.0018125
8.52331e-007	-0.000875
8.52831e-007	-0.000875
8.53331e-007	-0.000875
8.53831e-007	-0.000875
8.54331e-007	6.25e-005
8.54831e-007	-0.0005625
8.55331e-007	-0.0011875
8.55831e-007	-0.00025
8.56331e-007	-0.00025
8.56831e-007	-0.000875
8.57331e-007	-0.000875
8.57831e-007	-0.000875
8.58331e-007	-0.0011875
8.58831e-007	-0.002125
8.59331e-007	-0.002125
8.59831e-007	-0.0011875
8.60331e-007	-0.0011875
8.60831e-007	-0.0011875
8.61331e-007	-0.0018125
8.61831e-007	-0.0011875
8.62331e-007	-0.0005625
8.62831e-007	-0.0005625
8.63331e-007	-0.00025
8.63831e-007	6.25e-005
8.64331e-007	-0.0005625
8.64831e-007	-0.000875
8.65331e-007	-0.0005625
8.65831e-007	6.25e-005
8.66331e-007	-0.0005625
8.66831e-007	-0.0005625
8.67331e-007	-0.0005625
8.67831e-007	-0.0011875
8.68331e-007	-0.0018125
8.68831e-007	-0.002125
8.69331e-007	-0.0018125
8.69831e-007	-0.0018125
8.70331e-007	-0.0015
8.70831e-007	-0.0011875
8.71331e-007	-0.000875
8.71831e-007	-0.0011875
8.72331e-007	-0.000875
8.72831e-007	-0.000875
8.73331e-007	-0.00025
8.73831e-007	-0.0011875
8.74331e-007	-0.00025
8.74831e-007	-0.0005625
8.75331e-007	6.25e-005
8.75831e-007	-0.000875
8.76331e-007	-0.0011875
8.76831e-007	-0.0011875
8.77331e-007	-0.000875
8.77831e-007	-0.002125
8.78331e-007	-0.0018125
8.78831e-007	-0.002125
8.79331e-007	-0.0018125
8.79831e-007	-0.0018125
8.80331e-007	-0.0018125
8.80831e-007	-0.0011875
8.81331e-007	-0.0011875
8.81831e-007	-0.0005625
8.82331e-007	-0.000875
8.82831e-007	6.25e-005
8.83331e-007	6.25e-005
8.83831e-007	6.25e-005
8.84331e-007	-0.00025
8.84831e-007	-0.00025
8.85331e-007	-0.0005625
8.85831e-007	-0.0005625
8.86331e-007	-0.0015
8.86831e-007	-0.000875
8.87331e-007	-0.0024375
8.87831e-007	-0.002125
8.88331e-007	-0.0018125
8.88831e-007	-0.0024375
8.89331e-007	-0.002125
8.89831e-007	-0.0015
8.90331e-007	-0.0005625
8.90831e-007	-0.0005625
8.91331e-007	-0.000875
8.91831e-007	-0.000875
8.92331e-007	-0.000875
8.92831e-007	-0.00025
8.93331e-007	0.001
8.93831e-007	6.25e-005
8.94331e-007	6.25e-005
8.94831e-007	-0.000875
8.95331e-007	-0.0005625
8.95831e-007	-0.000875
8.96331e-007	-0.000875
8.96831e-007	-0.0018125
8.97331e-007	-0.002125
8.97831e-007	-0.00275
8.98331e-007	-0.002125
8.98831e-007	-0.002125
8.99331e-007	-0.0024375
8.99831e-007	-0.002125
9.00331e-007	-0.0015
9.00831e-007	-0.0005625
9.01331e-007	-0.0005625
9.01831e-007	-0.00025
9.02331e-007	6.25e-005
9.02831e-007	0.000375
9.03331e-007	6.25e-005
9.03831e-007	0.0006875
9.04331e-007	6.25e-005
9.04831e-007	-0.0005625
9.05331e-007	-0.000875
9.05831e-007	-0.0011875
9.06331e-007	-0.002125
9.06831e-007	-0.0011875
9.07331e-007	-0.0018125
9.07831e-007	-0.0024375
9.08331e-007	-0.0030625
9.08831e-007	-0.0024375
9.09331e-007	-0.0018125
9.09831e-007	-0.0015
9.10331e-007	-0.0011875
9.10831e-007	-0.000875
9.11331e-007	-0.0005625
9.11831e-007	6.25e-005
9.12331e-007	0.0013125
9.12831e-007	0.0006875
9.13331e-007	6.25e-005
9.13831e-007	0.0006875
9.14331e-007	0.001
9.14831e-007	6.25e-005
9.15331e-007	-0.000875
9.15831e-007	-0.0005625
9.16331e-007	-0.000875
9.16831e-007	-0.0018125
9.17331e-007	-0.0015
9.17831e-007	-0.0024375
9.18331e-007	-0.002125
9.18831e-007	-0.0024375
9.19331e-007	-0.002125
9.19831e-007	-0.0018125
9.20331e-007	-0.000875
9.20831e-007	-0.000875
9.21331e-007	-0.0005625
9.21831e-007	-0.000875
9.22331e-007	6.25e-005
9.22831e-007	0.0006875
9.23331e-007	0.0013125
9.23831e-007	0.001
9.24331e-007	6.25e-005
9.24831e-007	-0.0005625
9.25331e-007	-0.0011875
9.25831e-007	-0.0005625
9.26331e-007	-0.0015
9.26831e-007	-0.002125
9.27331e-007	-0.0018125
9.27831e-007	-0.0018125
9.28331e-007	-0.0018125
9.28831e-007	-0.0015
9.29331e-007	-0.0018125
9.29831e-007	-0.0015
9.30331e-007	-0.002125
9.30831e-007	-0.000875
9.31331e-007	-0.00025
9.31831e-007	6.25e-005
9.32331e-007	0.000375
9.32831e-007	0.000375
9.33331e-007	6.25e-005
9.33831e-007	0.0006875
9.34331e-007	6.25e-005
9.34831e-007	6.25e-005
9.35331e-007	-0.0005625
9.35831e-007	-0.0011875
9.36331e-007	-0.000875
9.36831e-007	-0.0018125
9.37331e-007	-0.0011875
9.37831e-007	-0.0015
9.38331e-007	-0.0011875
9.38831e-007	-0.0015
9.39331e-007	-0.0005625
9.39831e-007	-0.0011875
9.40331e-007	-0.0011875
9.40831e-007	-0.000875
9.41331e-007	0.000375
9.41831e-007	-0.0005625
9.42331e-007	-0.0005625
9.42831e-007	-0.0005625
9.43331e-007	-0.00025
9.43831e-007	-0.0005625
9.44331e-007	-0.0005625
9.44831e-007	-0.0005625
9.45331e-007	-0.0011875
9.45831e-007	-0.000875
9.46331e-007	-0.0011875
9.46831e-007	-0.0011875
9.47331e-007	-0.0011875
9.47831e-007	-0.0011875
9.48331e-007	-0.0011875
9.48831e-007	-0.0015
9.49331e-007	-0.0011875
9.49831e-007	6.25e-005
9.50331e-007	-0.00025
9.50831e-007	6.25e-005
9.51331e-007	-0.00025
9.51831e-007	6.25e-005
9.52331e-007	-0.0005625
9.52831e-007	-0.000875
9.53331e-007	-0.000875
9.53831e-007	-0.000875
9.54331e-007	-0.0005625
9.54831e-007	-0.000875
9.55331e-007	-0.0011875
9.55831e-007	-0.0011875
9.56331e-007	-0.0011875
9.56831e-007	-0.0011875
9.57331e-007	-0.000875
9.57831e-007	-0.0011875
9.58331e-007	-0.0005625
9.58831e-007	-0.0005625
9.59331e-007	6.25e-005
9.59831e-007	-0.0005625
9.60331e-007	6.25e-005
9.60831e-007	-0.0005625
9.61331e-007	0.000375
9.61831e-007	-0.0005625
9.62331e-007	-0.0005625
9.62831e-007	-0.0005625
9.63331e-007	-0.000875
9.63831e-007	-0.0015
9.64331e-007	-0.0011875
9.64831e-007	-0.0018125
9.65331e-007	-0.0018125
9.65831e-007	-0.0018125
9.66331e-007	-0.0011875
9.66831e-007	-0.000875
9.67331e-007	-0.0005625
9.67831e-007	6.25e-005
9.68331e-007	-0.00025
9.68831e-007	-0.00025
9.69331e-007	-0.00025
9.69831e-007	0.0006875
9.70331e-007	6.25e-005
9.70831e-007	6.25e-005
9.71331e-007	6.25e-005
9.71831e-007	-0.00025
9.72331e-007	-0.0005625
9.72831e-007	-0.0005625
9.73331e-007	-0.0015
9.73831e-007	-0.0011875
9.74331e-007	-0.0018125
9.74831e-007	-0.0015
9.75331e-007	-0.0011875
9.75831e-007	-0.0024375
9.76331e-007	-0.0015
9.76831e-007	-0.0005625
9.77331e-007	-0.00025
9.77831e-007	-0.000875
9.78331e-007	-0.0005625
9.78831e-007	6.25e-005
9.79331e-007	6.25e-005
9.79831e-007	0.000375
9.80331e-007	6.25e-005
9.80831e-007	-0.0005625
9.81331e-007	0.000375
9.81831e-007	-0.0005625
9.82331e-007	-0.0005625
9.82831e-007	-0.0011875
9.83331e-007	-0.0015
9.83831e-007	-0.0018125
9.84331e-007	-0.0015
9.84831e-007	-0.0024375
9.85331e-007	-0.002125
9.85831e-007	-0.0011875
9.86331e-007	-0.000875
9.86831e-007	-0.0015
9.87331e-007	-0.0011875
9.87831e-007	-0.0005625
9.88331e-007	-0.00025
9.88831e-007	6.25e-005
9.89331e-007	-0.0005625
9.89831e-007	0.0006875
9.90331e-007	0.0006875
9.90831e-007	-0.0005625
9.91331e-007	-0.0005625
9.91831e-007	0.000375
9.92331e-007	6.25e-005
9.92831e-007	-0.000875
9.93331e-007	-0.0015
9.93831e-007	-0.0018125
9.94331e-007	-0.0015
9.94831e-007	-0.0011875
9.95331e-007	-0.0015
9.95831e-007	-0.002125
9.96331e-007	-0.0011875
9.96831e-007	-0.0011875
9.97331e-007	-0.000875
9.97831e-007	-0.0005625
9.98331e-007	-0.00025
9.98831e-007	-0.0005625
9.99331e-007	-0.0005625
9.99831e-007	6.25e-005
1.000331e-006	-0.00025
1.000831e-006	-0.0005625
1.001331e-006	0.001
1.001831e-006	-0.00025
1.002331e-006	-0.0011875
1.002831e-006	-0.0015
1.003331e-006	-0.000875
1.003831e-006	-0.0005625
1.004331e-006	-0.002125
1.004831e-006	-0.0018125
1.005331e-006	-0.0011875
1.005831e-006	-0.000875
1.006331e-006	-0.0005625
1.006831e-006	-0.0011875
1.007331e-006	-0.0011875
1.007831e-006	-0.0005625
1.008331e-006	-0.0005625
1.008831e-006	-0.000875
1.009331e-006	-0.00025
1.009831e-006	6.25e-005
1.010331e-006	-0.00025
1.010831e-006	-0.0005625
1.011331e-006	6.25e-005
1.011831e-006	-0.00025
1.012331e-006	-0.0005625
1.012831e-006	-0.00025
1.013331e-006	-0.0005625
1.013831e-006	-0.000875
1.014331e-006	-0.0011875
1.014831e-006	-0.0005625
1.015331e-006	-0.000875
1.015831e-006	-0.0011875
1.016331e-006	-0.000875
1.016831e-006	-0.0011875
1.017331e-006	-0.00025
1.017831e-006	-0.0005625
1.018331e-006	-0.000875
1.018831e-006	-0.000875
1.019331e-006	-0.0005625
1.019831e-006	-0.00025
1.020331e-006	-0.00025
1.020831e-006	6.25e-005
1.021331e-006	-0.0005625
1.021831e-006	-0.0011875
1.022331e-006	6.25e-005
1.022831e-006	-0.0005625
1.023331e-006	-0.000875
1.023831e-006	-0.000875
1.024331e-006	6.25e-005
1.024831e-006	6.25e-005
1.025331e-006	-0.000875
1.025831e-006	-0.0011875
1.026331e-006	-0.000875
1.026831e-006	-0.0011875
1.027331e-006	-0.0005625
1.027831e-006	-0.00025
1.028331e-006	6.25e-005
1.028831e-006	-0.00025
1.029331e-006	-0.0005625
1.029831e-006	-0.000875
1.030331e-006	-0.0005625
1.030831e-006	0.000375
1.031331e-006	-0.0005625
1.031831e-006	-0.0018125
1.032331e-006	-0.000875
1.032831e-006	-0.0005625
1.033331e-006	-0.0005625
1.033831e-006	-0.0005625
1.034331e-006	-0.0005625
1.034831e-006	-0.0011875
1.035331e-006	-0.0011875
1.035831e-006	-0.00025
1.036331e-006	-0.0005625
1.036831e-006	-0.000875
1.037331e-006	-0.000875
1.037831e-006	-0.00025
1.038331e-006	6.25e-005
1.038831e-006	6.25e-005
1.039331e-006	-0.0005625
1.039831e-006	-0.000875
1.040331e-006	6.25e-005
1.040831e-006	6.25e-005
1.041331e-006	-0.0011875
1.041831e-006	-0.0011875
1.042331e-006	-0.000875
1.042831e-006	-0.0011875
1.043331e-006	-0.00025
1.043831e-006	-0.0011875
1.044331e-006	-0.0011875
1.044831e-006	-0.0005625
1.045331e-006	-0.000875
1.045831e-006	-0.0005625
1.046331e-006	-0.00025
1.046831e-006	-0.000875
1.047331e-006	-0.0011875
1.047831e-006	-0.000875
1.048331e-006	6.25e-005
1.048831e-006	-0.00025
1.049331e-006	-0.0005625
1.049831e-006	6.25e-005
1.050331e-006	-0.00025
1.050831e-006	-0.00025
1.051331e-006	-0.0005625
1.051831e-006	-0.0005625
1.052331e-006	-0.000875
1.052831e-006	-0.000875
1.053331e-006	-0.00025
1.053831e-006	-0.0005625
1.054331e-006	-0.0011875
1.054831e-006	-0.0005625
1.055331e-006	-0.00025
1.055831e-006	-0.000875
1.056331e-006	-0.0015
1.056831e-006	-0.000875
1.057331e-006	-0.0005625
1.057831e-006	-0.0011875
1.058331e-006	-0.000875
1.058831e-006	0.0006875
1.059331e-006	6.25e-005
1.059831e-006	-0.0011875
1.060331e-006	-0.000875
1.060831e-006	6.25e-005
1.061331e-006	0.0006875
1.061831e-006	-0.000875
1.062331e-006	-0.000875
1.062831e-006	-0.0005625
1.063331e-006	-0.00025
1.063831e-006	-0.00025
1.064331e-006	-0.000875
1.064831e-006	-0.0015
1.065331e-006	-0.0015
1.065831e-006	-0.0018125
1.066331e-006	-0.0015
1.066831e-006	-0.0011875
1.067331e-006	-0.000875
1.067831e-006	-0.0015
1.068331e-006	-0.0011875
1.068831e-006	-0.0005625
1.069331e-006	6.25e-005
1.069831e-006	6.25e-005
1.070331e-006	6.25e-005
1.070831e-006	-0.0005625
1.071331e-006	6.25e-005
1.071831e-006	-0.0005625
1.072331e-006	-0.0005625
1.072831e-006	6.25e-005
1.073331e-006	-0.0005625
1.073831e-006	-0.00025
1.074331e-006	6.25e-005
1.074831e-006	-0.0005625
1.075331e-006	-0.0018125
1.075831e-006	-0.0018125
1.076331e-006	-0.0011875
1.076831e-006	-0.0011875
1.077331e-006	-0.0015
1.077831e-006	-0.0011875
1.078331e-006	-0.0011875
1.078831e-006	-0.000875
1.079331e-006	-0.000875
1.079831e-006	-0.000875
1.080331e-006	-0.000875
1.080831e-006	-0.00025
1.081331e-006	0.000375
1.081831e-006	6.25e-005
1.082331e-006	-0.00025
1.082831e-006	6.25e-005
1.083331e-006	0.000375
1.083831e-006	6.25e-005
1.084331e-006	-0.00025
1.084831e-006	-0.000875
1.085331e-006	-0.000875
1.085831e-006	-0.000875
1.086331e-006	-0.0005625
1.086831e-006	-0.0015
1.087331e-006	-0.0015
1.087831e-006	-0.0015
1.088331e-006	-0.0018125
1.088831e-006	-0.0018125
1.089331e-006	-0.0005625
1.089831e-006	-0.00025
1.090331e-006	-0.0005625
1.090831e-006	-0.00025
1.091331e-006	6.25e-005
1.091831e-006	6.25e-005
1.092331e-006	6.25e-005
1.092831e-006	0.0006875
1.093331e-006	0.0006875
1.093831e-006	6.25e-005
1.094331e-006	6.25e-005
1.094831e-006	6.25e-005
1.095331e-006	-0.0015
1.095831e-006	-0.0018125
1.096331e-006	-0.000875
1.096831e-006	-0.0011875
1.097331e-006	-0.000875
1.097831e-006	-0.0011875
1.098331e-006	-0.0018125
1.098831e-006	-0.000875
1.099331e-006	-0.000875
1.099831e-006	-0.000875
1.100331e-006	-0.0005625
1.100831e-006	0.000375
1.101331e-006	0.0006875
1.101831e-006	6.25e-005
1.102331e-006	6.25e-005
1.102831e-006	-0.00025
1.103331e-006	-0.00025
1.103831e-006	-0.00025
1.104331e-006	6.25e-005
1.104831e-006	-0.00025
1.105331e-006	-0.0011875
1.105831e-006	-0.000875
1.106331e-006	-0.0011875
1.106831e-006	-0.0015
1.107331e-006	-0.0011875
1.107831e-006	-0.002125
1.108331e-006	-0.0011875
1.108831e-006	-0.000875
1.109331e-006	-0.000875
1.109831e-006	-0.0005625
1.110331e-006	-0.0005625
1.110831e-006	6.25e-005
1.111331e-006	-0.00025
1.111831e-006	-0.0005625
1.112331e-006	0.000375
1.112831e-006	0.000375
1.113331e-006	0.0006875
1.113831e-006	6.25e-005
1.114331e-006	-0.00025
1.114831e-006	-0.0005625
1.115331e-006	-0.0005625
1.115831e-006	-0.000875
1.116331e-006	-0.000875
1.116831e-006	-0.000875
1.117331e-006	-0.0005625
1.117831e-006	-0.0018125
1.118331e-006	-0.0018125
1.118831e-006	-0.0011875
1.119331e-006	-0.0005625
1.119831e-006	6.25e-005
1.120331e-006	-0.00025
1.120831e-006	6.25e-005
1.121331e-006	-0.00025
1.121831e-006	0.000375
1.122331e-006	0.0006875
1.122831e-006	-0.00025
1.123331e-006	-0.00025
1.123831e-006	0.000375
1.124331e-006	6.25e-005
1.124831e-006	6.25e-005
1.125331e-006	6.25e-005
1.125831e-006	6.25e-005
1.126331e-006	-0.0011875
1.126831e-006	-0.0011875
1.127331e-006	-0.000875
1.127831e-006	-0.0011875
1.128331e-006	-0.0011875
1.128831e-006	-0.000875
1.129331e-006	-0.000875
1.129831e-006	-0.000875
1.130331e-006	-0.00025
1.130831e-006	0.000375
1.131331e-006	0.000375
1.131831e-006	0.000375
1.132331e-006	0.000375
1.132831e-006	-0.0005625
1.133331e-006	-0.00025
1.133831e-006	6.25e-005
1.134331e-006	6.25e-005
1.134831e-006	-0.0011875
1.135331e-006	-0.0011875
1.135831e-006	-0.0005625
1.136331e-006	-0.0005625
1.136831e-006	-0.000875
1.137331e-006	-0.0011875
1.137831e-006	-0.0018125
1.138331e-006	-0.000875
1.138831e-006	-0.0005625
1.139331e-006	-0.000875
1.139831e-006	-0.0011875
1.140331e-006	-0.0005625
1.140831e-006	6.25e-005
1.141331e-006	6.25e-005
1.141831e-006	-0.00025
1.142331e-006	-0.00025
1.142831e-006	0.000375
1.143331e-006	-0.00025
1.143831e-006	-0.00025
1.144331e-006	6.25e-005
1.144831e-006	-0.00025
1.145331e-006	-0.000875
1.145831e-006	-0.000875
1.146331e-006	-0.0011875
1.146831e-006	-0.000875
1.147331e-006	-0.000875
1.147831e-006	-0.000875
1.148331e-006	-0.000875
1.148831e-006	-0.000875
1.149331e-006	-0.000875
1.149831e-006	-0.0005625
1.150331e-006	-0.0005625
1.150831e-006	6.25e-005
1.151331e-006	0.000375
1.151831e-006	0.000375
1.152331e-006	0.000375
1.152831e-006	-0.00025
1.153331e-006	6.25e-005
1.153831e-006	6.25e-005
1.154331e-006	-0.00025
1.154831e-006	-0.00025
1.155331e-006	-0.00025
1.155831e-006	-0.000875
1.156331e-006	-0.0005625
1.156831e-006	-0.000875
1.157331e-006	-0.00025
1.157831e-006	-0.0011875
1.158331e-006	-0.0011875
1.158831e-006	-0.000875
1.159331e-006	-0.0005625
1.159831e-006	-0.0005625
1.160331e-006	6.25e-005
1.160831e-006	-0.00025
1.161331e-006	-0.0005625
1.161831e-006	6.25e-005
1.162331e-006	0.0006875
1.162831e-006	6.25e-005
1.163331e-006	0.000375
1.163831e-006	0.000375
1.164331e-006	-0.00025
1.164831e-006	-0.0005625
1.165331e-006	-0.0011875
1.165831e-006	-0.000875
1.166331e-006	-0.000875
1.166831e-006	-0.0011875
1.167331e-006	-0.000875
1.167831e-006	-0.0011875
1.168331e-006	-0.0015
1.168831e-006	-0.000875
1.169331e-006	-0.0005625
1.169831e-006	-0.0005625
1.170331e-006	-0.0005625
1.170831e-006	0.000375
1.171331e-006	0.0006875
1.171831e-006	0.001
1.172331e-006	0.000375
1.172831e-006	-0.00025
1.173331e-006	6.25e-005
1.173831e-006	6.25e-005
1.174331e-006	-0.0005625
1.174831e-006	-0.0005625
1.175331e-006	-0.0011875
1.175831e-006	-0.000875
1.176331e-006	-0.000875
1.176831e-006	-0.0015
1.177331e-006	-0.0011875
1.177831e-006	-0.0011875
1.178331e-006	-0.00025
1.178831e-006	-0.000875
1.179331e-006	-0.000875
1.179831e-006	-0.000875
1.180331e-006	-0.00025
1.180831e-006	6.25e-005
1.181331e-006	6.25e-005
1.181831e-006	6.25e-005
1.182331e-006	0.0006875
1.182831e-006	0.000375
1.183331e-006	0.000375
1.183831e-006	-0.000875
1.184331e-006	-0.0005625
1.184831e-006	-0.00025
1.185331e-006	-0.0005625
1.185831e-006	-0.0005625
1.186331e-006	-0.0015
1.186831e-006	-0.0015
1.187331e-006	-0.0011875
1.187831e-006	-0.0018125
1.188331e-006	-0.0015
1.188831e-006	-0.000875
1.189331e-006	-0.0005625
1.189831e-006	6.25e-005
1.190331e-006	-0.0005625
1.190831e-006	6.25e-005
1.191331e-006	0.000375
1.191831e-006	0.0006875
1.192331e-006	0.000375
1.192831e-006	0.000375
1.193331e-006	0.0006875
1.193831e-006	0.000375
1.194331e-006	-0.0005625
1.194831e-006	-0.000875
1.195331e-006	-0.000875
1.195831e-006	-0.00025
1.196331e-006	-0.0015
1.196831e-006	-0.0015
1.197331e-006	-0.0011875
1.197831e-006	-0.002125
1.198331e-006	-0.0011875
1.198831e-006	-0.000875
1.199331e-006	-0.000875
1.199831e-006	-0.000875
1.200331e-006	6.25e-005
1.200831e-006	0.000375
1.201331e-006	6.25e-005
1.201831e-006	-0.00025
1.202331e-006	0.0006875
1.202831e-006	0.001
1.203331e-006	0.001
1.203831e-006	0.000375
1.204331e-006	0.0006875
1.204831e-006	6.25e-005
1.205331e-006	-0.0005625
1.205831e-006	-0.0018125
1.206331e-006	-0.002125
1.206831e-006	-0.0024375
1.207331e-006	-0.0011875
1.207831e-006	-0.0015
1.208331e-006	-0.0018125
1.208831e-006	-0.0018125
1.209331e-006	-0.0011875
1.209831e-006	6.25e-005
1.210331e-006	-0.0005625
1.210831e-006	-0.00025
1.211331e-006	0.0006875
1.211831e-006	0.001
1.212331e-006	0.0006875
1.212831e-006	0.001
1.213331e-006	0.001
1.213831e-006	0.0013125
1.214331e-006	-0.00025
1.214831e-006	-0.00025
1.215331e-006	-0.0005625
1.215831e-006	-0.0015
1.216331e-006	-0.0011875
1.216831e-006	-0.0015
1.217331e-006	-0.0015
1.217831e-006	-0.0015
1.218331e-006	-0.0011875
1.218831e-006	-0.0011875
1.219331e-006	-0.0011875
1.219831e-006	-0.0005625
1.220331e-006	6.25e-005
1.220831e-006	6.25e-005
1.221331e-006	0.0006875
1.221831e-006	0.000375
1.222331e-006	0.0019375
1.222831e-006	0.001625
1.223331e-006	0.0006875
1.223831e-006	6.25e-005
1.224331e-006	6.25e-005
1.224831e-006	-0.0005625
1.225331e-006	-0.0011875
1.225831e-006	-0.0011875
1.226331e-006	-0.0011875
1.226831e-006	-0.002125
1.227331e-006	-0.0015
1.227831e-006	-0.0018125
1.228331e-006	-0.0011875
1.228831e-006	-0.0005625
1.229331e-006	-0.000875
1.229831e-006	-0.0011875
1.230331e-006	-0.0005625
1.230831e-006	6.25e-005
1.231331e-006	0.0006875
1.231831e-006	0.001
1.232331e-006	0.001625
1.232831e-006	0.001625
1.233331e-006	0.0006875
1.233831e-006	0.001625
1.234331e-006	0.000375
1.234831e-006	-0.0005625
1.235331e-006	-0.000875
1.235831e-006	-0.000875
1.236331e-006	-0.000875
1.236831e-006	-0.0024375
1.237331e-006	-0.002125
1.237831e-006	-0.0015
1.238331e-006	-0.0024375
1.238831e-006	-0.0015
1.239331e-006	-0.0015
1.239831e-006	-0.0015
1.240331e-006	-0.000875
1.240831e-006	-0.0005625
1.241331e-006	0.001
1.241831e-006	0.001
1.242331e-006	0.0013125
1.242831e-006	0.001
1.243331e-006	0.0013125
1.243831e-006	0.001625
1.244331e-006	0.000375
1.244831e-006	-0.0005625
1.245331e-006	-0.000875
1.245831e-006	-0.0011875
1.246331e-006	-0.000875
1.246831e-006	-0.0015
1.247331e-006	-0.0011875
1.247831e-006	-0.002125
1.248331e-006	-0.0018125
1.248831e-006	-0.000875
1.249331e-006	-0.0011875
1.249831e-006	-0.0015
1.250331e-006	-0.0011875
1.250831e-006	-0.0005625
1.251331e-006	0.0006875
1.251831e-006	0.000375
1.252331e-006	0.0013125
1.252831e-006	0.001
1.253331e-006	0.0006875
1.253831e-006	0.0013125
1.254331e-006	6.25e-005
1.254831e-006	6.25e-005
1.255331e-006	-0.0005625
1.255831e-006	-0.000875
1.256331e-006	-0.000875
1.256831e-006	-0.0015
1.257331e-006	-0.0018125
1.257831e-006	-0.0024375
1.258331e-006	-0.002125
1.258831e-006	-0.0011875
1.259331e-006	-0.0015
1.259831e-006	-0.0005625
1.260331e-006	-0.0005625
1.260831e-006	-0.00025
1.261331e-006	0.001
1.261831e-006	0.0006875
1.262331e-006	0.000375
1.262831e-006	0.000375
1.263331e-006	0.0006875
1.263831e-006	0.001
1.264331e-006	0.000375
1.264831e-006	6.25e-005
1.265331e-006	-0.0005625
1.265831e-006	-0.000875
1.266331e-006	-0.0005625
1.266831e-006	-0.0011875
1.267331e-006	-0.000875
1.267831e-006	-0.0015
1.268331e-006	-0.0011875
1.268831e-006	-0.000875
1.269331e-006	-0.0011875
1.269831e-006	-0.0005625
1.270331e-006	-0.00025
1.270831e-006	6.25e-005
1.271331e-006	0.000375
1.271831e-006	0.0013125
1.272331e-006	0.0006875
1.272831e-006	0.000375
1.273331e-006	0.0006875
1.273831e-006	0.001
1.274331e-006	6.25e-005
1.274831e-006	-0.00025
1.275331e-006	6.25e-005
1.275831e-006	-0.00025
1.276331e-006	-0.0015
1.276831e-006	-0.0018125
1.277331e-006	-0.0018125
1.277831e-006	-0.0015
1.278331e-006	-0.0011875
1.278831e-006	-0.00025
1.279331e-006	-0.00025
1.279831e-006	-0.000875
1.280331e-006	6.25e-005
1.280831e-006	0.0006875
1.281331e-006	-0.0005625
1.281831e-006	-0.00025
1.282331e-006	6.25e-005
1.282831e-006	0.000375
1.283331e-006	6.25e-005
1.283831e-006	-0.00025
1.284331e-006	6.25e-005
1.284831e-006	-0.0005625
1.285331e-006	-0.0005625
1.285831e-006	-0.0005625
1.286331e-006	-0.000875
1.286831e-006	-0.0011875
1.287331e-006	-0.0011875
1.287831e-006	-0.0011875
1.288331e-006	-0.000875
1.288831e-006	-0.0011875
1.289331e-006	-0.0005625
1.289831e-006	-0.00025
1.290331e-006	6.25e-005
1.290831e-006	6.25e-005
1.291331e-006	0.000375
1.291831e-006	6.25e-005
1.292331e-006	6.25e-005
1.292831e-006	0.001
1.293331e-006	6.25e-005
1.293831e-006	-0.0005625
1.294331e-006	-0.00025
1.294831e-006	6.25e-005
1.295331e-006	-0.0005625
1.295831e-006	-0.0015
1.296331e-006	-0.0011875
1.296831e-006	-0.0005625
1.297331e-006	-0.0011875
1.297831e-006	-0.0011875
1.298331e-006	-0.0015
1.298831e-006	-0.000875
1.299331e-006	6.25e-005
1.299831e-006	0.000375
1.300331e-006	6.25e-005
1.300831e-006	0.0006875
1.301331e-006	0.0006875
1.301831e-006	6.25e-005
1.302331e-006	6.25e-005
1.302831e-006	0.000375
1.303331e-006	6.25e-005
1.303831e-006	-0.0005625
1.304331e-006	-0.000875
1.304831e-006	-0.000875
1.305331e-006	-0.0011875
1.305831e-006	-0.0018125
1.306331e-006	-0.0011875
1.306831e-006	-0.0015
1.307331e-006	-0.0011875
1.307831e-006	-0.0011875
1.308331e-006	-0.0005625
1.308831e-006	-0.0005625
1.309331e-006	-0.0005625
1.309831e-006	-0.00025
1.310331e-006	-0.00025
1.310831e-006	6.25e-005
1.311331e-006	0.0006875
1.311831e-006	0.000375
1.312331e-006	0.0006875
1.312831e-006	0.0006875
1.313331e-006	0.000375
1.313831e-006	0.000375
1.314331e-006	-0.0011875
1.314831e-006	-0.0005625
1.315331e-006	-0.0005625
1.315831e-006	-0.00025
1.316331e-006	-0.000875
1.316831e-006	-0.0011875
1.317331e-006	-0.0018125
1.317831e-006	-0.0011875
1.318331e-006	-0.000875
1.318831e-006	-0.000875
1.319331e-006	-0.0005625
1.319831e-006	6.25e-005
1.320331e-006	-0.00025
1.320831e-006	0.000375
1.321331e-006	0.000375
1.321831e-006	6.25e-005
1.322331e-006	0.001
1.322831e-006	0.0006875
1.323331e-006	0.0013125
1.323831e-006	0.0006875
1.324331e-006	-0.00025
1.324831e-006	-0.00025
1.325331e-006	-0.000875
1.325831e-006	-0.000875
1.326331e-006	-0.0011875
1.326831e-006	-0.0011875
1.327331e-006	-0.0005625
1.327831e-006	-0.0015
1.328331e-006	-0.000875
1.328831e-006	-0.000875
1.329331e-006	-0.0005625
1.329831e-006	-0.0005625
1.330331e-006	-0.000875
1.330831e-006	6.25e-005
1.331331e-006	0.000375
1.331831e-006	6.25e-005
1.332331e-006	0.000375
1.332831e-006	0.000375
1.333331e-006	0.0006875
1.333831e-006	6.25e-005
1.334331e-006	6.25e-005
1.334831e-006	0.0006875
1.335331e-006	-0.0005625
1.335831e-006	-0.0005625
1.336331e-006	-0.0005625
1.336831e-006	-0.000875
1.337331e-006	-0.0005625
1.337831e-006	-0.000875
1.338331e-006	-0.0015
1.338831e-006	-0.0011875
1.339331e-006	-0.0011875
1.339831e-006	-0.00025
1.340331e-006	-0.0005625
1.340831e-006	-0.000875
1.341331e-006	-0.0011875
1.341831e-006	-0.0005625
1.342331e-006	6.25e-005
1.342831e-006	-0.00025
1.343331e-006	0.000375
1.343831e-006	0.0006875
1.344331e-006	0.000375
1.344831e-006	6.25e-005
1.345331e-006	-0.0005625
1.345831e-006	-0.00025
1.346331e-006	0.0006875
1.346831e-006	6.25e-005
1.347331e-006	-0.000875
1.347831e-006	-0.0011875
1.348331e-006	-0.0005625
1.348831e-006	-0.000875
1.349331e-006	-0.0005625
1.349831e-006	-0.000875
1.350331e-006	-0.0011875
1.350831e-006	-0.0011875
1.351331e-006	-0.0005625
1.351831e-006	-0.0015
1.352331e-006	-0.000875
1.352831e-006	-0.00025
1.353331e-006	-0.00025
1.353831e-006	-0.00025
1.354331e-006	6.25e-005
1.354831e-006	0.0006875
1.355331e-006	0.0006875
1.355831e-006	0.001
1.356331e-006	0.000375
1.356831e-006	-0.00025
1.357331e-006	6.25e-005
1.357831e-006	-0.0005625
1.358331e-006	-0.000875
1.358831e-006	-0.0005625
1.359331e-006	-0.0005625
1.359831e-006	-0.000875
1.360331e-006	-0.0011875
1.360831e-006	-0.0011875
1.361331e-006	-0.0011875
1.361831e-006	-0.0011875
1.362331e-006	-0.0005625
1.362831e-006	-0.0005625
1.363331e-006	-0.0005625
1.363831e-006	-0.0005625
1.364331e-006	-0.0005625
1.364831e-006	0.000375
1.365331e-006	0.000375
1.365831e-006	6.25e-005
1.366331e-006	0.0006875
1.366831e-006	0.001
1.367331e-006	0.0006875
1.367831e-006	-0.00025
1.368331e-006	6.25e-005
1.368831e-006	0.0006875
1.369331e-006	-0.0005625
1.369831e-006	-0.0011875
1.370331e-006	-0.000875
1.370831e-006	-0.000875
1.371331e-006	-0.0005625
1.371831e-006	-0.0015
1.372331e-006	-0.0011875
1.372831e-006	-0.0005625
1.373331e-006	-0.00025
1.373831e-006	-0.00025
1.374331e-006	-0.0005625
1.374831e-006	-0.00025
1.375331e-006	0.0006875
1.375831e-006	0.0006875
1.376331e-006	0.0006875
1.376831e-006	0.000375
1.377331e-006	0.0006875
1.377831e-006	0.000375
1.378331e-006	0.000375
1.378831e-006	-0.00025
1.379331e-006	-0.0005625
1.379831e-006	-0.0005625
1.380331e-006	-0.0011875
1.380831e-006	-0.0018125
1.381331e-006	-0.0015
1.381831e-006	-0.0005625
1.382331e-006	-0.000875
1.382831e-006	-0.0011875
1.383331e-006	-0.0011875
1.383831e-006	-0.0005625
1.384331e-006	6.25e-005
1.384831e-006	0.000375
1.385331e-006	6.25e-005
1.385831e-006	6.25e-005
1.386331e-006	0.000375
1.386831e-006	0.0006875
1.387331e-006	0.000375
1.387831e-006	0.000375
1.388331e-006	0.000375
1.388831e-006	0.000375
1.389331e-006	-0.00025
1.389831e-006	-0.0005625
1.390331e-006	-0.0005625
1.390831e-006	-0.000875
1.391331e-006	-0.000875
1.391831e-006	-0.000875
1.392331e-006	-0.0005625
1.392831e-006	-0.000875
1.393331e-006	-0.0005625
1.393831e-006	-0.00025
1.394331e-006	0.000375
1.394831e-006	6.25e-005
1.395331e-006	0.000375
1.395831e-006	6.25e-005
1.396331e-006	0.0006875
1.396831e-006	0.000375
1.397331e-006	0.000375
1.397831e-006	0.0006875
1.398331e-006	-0.00025
1.398831e-006	6.25e-005
1.399331e-006	-0.0005625
1.399831e-006	-0.000875
1.400331e-006	6.25e-005
1.400831e-006	0.000375
1.401331e-006	-0.0005625
1.401831e-006	-0.000875
1.402331e-006	-0.000875
1.402831e-006	-0.0011875
1.403331e-006	-0.000875
1.403831e-006	6.25e-005
1.404331e-006	-0.00025
1.404831e-006	-0.000875
1.405331e-006	0.000375
1.405831e-006	0.000375
1.406331e-006	6.25e-005
1.406831e-006	0.000375
1.407331e-006	-0.00025
1.407831e-006	6.25e-005
1.408331e-006	-0.00025
1.408831e-006	6.25e-005
1.409331e-006	-0.0005625
1.409831e-006	-0.000875
1.410331e-006	-0.0005625
1.410831e-006	-0.0005625
1.411331e-006	6.25e-005
1.411831e-006	-0.00025
1.412331e-006	-0.0005625
1.412831e-006	6.25e-005
1.413331e-006	6.25e-005
1.413831e-006	-0.000875
1.414331e-006	-0.0005625
1.414831e-006	-0.00025
1.415331e-006	6.25e-005
1.415831e-006	6.25e-005
1.416331e-006	0.000375
1.416831e-006	-0.00025
1.417331e-006	-0.0005625
1.417831e-006	-0.00025
1.418331e-006	0.0006875
1.418831e-006	-0.00025
1.419331e-006	-0.000875
1.419831e-006	-0.000875
1.420331e-006	6.25e-005
1.420831e-006	-0.00025
1.421331e-006	-0.0005625
1.421831e-006	-0.000875
1.422331e-006	-0.0005625
1.422831e-006	0.000375
1.423331e-006	0.0006875
1.423831e-006	-0.0005625
1.424331e-006	-0.000875
1.424831e-006	-0.0005625
1.425331e-006	-0.00025
1.425831e-006	-0.00025
1.426331e-006	6.25e-005
1.426831e-006	6.25e-005
1.427331e-006	-0.0005625
1.427831e-006	-0.0005625
1.428331e-006	-0.00025
1.428831e-006	6.25e-005
1.429331e-006	-0.0005625
1.429831e-006	-0.0011875
1.430331e-006	-0.000875
1.430831e-006	-0.00025
1.431331e-006	-0.0005625
1.431831e-006	6.25e-005
1.432331e-006	-0.000875
1.432831e-006	-0.000875
1.433331e-006	-0.00025
1.433831e-006	0.000375
1.434331e-006	-0.00025
1.434831e-006	-0.0005625
1.435331e-006	6.25e-005
1.435831e-006	0.0006875
1.436331e-006	0.000375
1.436831e-006	0.000375
1.437331e-006	-0.00025
1.437831e-006	-0.000875
1.438331e-006	-0.0005625
1.438831e-006	0.000375
1.439331e-006	-0.00025
1.439831e-006	-0.000875
1.440331e-006	-0.00025
1.440831e-006	-0.00025
1.441331e-006	-0.0005625
1.441831e-006	-0.0005625
1.442331e-006	-0.0005625
1.442831e-006	-0.000875
1.443331e-006	0.000375
1.443831e-006	0.0006875
1.444331e-006	0.0006875
1.444831e-006	6.25e-005
1.445331e-006	0.0006875
1.445831e-006	0.0006875
1.446331e-006	0.000375
1.446831e-006	6.25e-005
1.447331e-006	6.25e-005
1.447831e-006	-0.00025
1.448331e-006	-0.0005625
1.448831e-006	-0.0005625
1.449331e-006	-0.0005625
1.449831e-006	-0.000875
1.450331e-006	-0.0005625
1.450831e-006	-0.0005625
1.451331e-006	-0.000875
1.451831e-006	-0.000875
1.452331e-006	-0.000875
1.452831e-006	-0.0005625
1.453331e-006	-0.000875
1.453831e-006	-0.00025
1.454331e-006	0.000375
1.454831e-006	0.000375
1.455331e-006	0.000375
1.455831e-006	0.0006875
1.456331e-006	6.25e-005
1.456831e-006	-0.0005625
1.457331e-006	-0.00025
1.457831e-006	6.25e-005
1.458331e-006	-0.00025
1.458831e-006	-0.000875
1.459331e-006	-0.00025
1.459831e-006	-0.0005625
1.460331e-006	-0.0011875
1.460831e-006	-0.0011875
1.461331e-006	-0.0005625
1.461831e-006	-0.000875
1.462331e-006	-0.0005625
1.462831e-006	-0.0005625
1.463331e-006	-0.0005625
1.463831e-006	6.25e-005
1.464331e-006	0.000375
1.464831e-006	6.25e-005
1.465331e-006	6.25e-005
1.465831e-006	-0.00025
1.466331e-006	-0.00025
1.466831e-006	-0.0005625
1.467331e-006	0.000375
1.467831e-006	6.25e-005
1.468331e-006	6.25e-005
1.468831e-006	6.25e-005
1.469331e-006	6.25e-005
1.469831e-006	0.000375
1.470331e-006	6.25e-005
1.470831e-006	-0.0005625
1.471331e-006	-0.0011875
1.471831e-006	-0.0015
1.472331e-006	-0.000875
1.472831e-006	-0.0005625
1.473331e-006	-0.000875
1.473831e-006	-0.0005625
1.474331e-006	-0.00025
1.474831e-006	6.25e-005
1.475331e-006	-0.00025
1.475831e-006	-0.00025
1.476331e-006	6.25e-005
1.476831e-006	0.000375
1.477331e-006	0.000375
1.477831e-006	0.000375
1.478331e-006	0.001
1.478831e-006	0.001
1.479331e-006	6.25e-005
1.479831e-006	6.25e-005
1.480331e-006	0.0006875
1.480831e-006	0.000375
1.481331e-006	-0.0005625
1.481831e-006	-0.0015
1.482331e-006	-0.000875
1.482831e-006	-0.000875
1.483331e-006	-0.0005625
1.483831e-006	-0.000875
1.484331e-006	-0.000875
1.484831e-006	-0.00025
1.485331e-006	-0.0005625
1.485831e-006	-0.0005625
1.486331e-006	0.000375
1.486831e-006	0.000375
1.487331e-006	0.000375
1.487831e-006	6.25e-005
1.488331e-006	6.25e-005
1.488831e-006	6.25e-005
1.489331e-006	0.000375
1.489831e-006	6.25e-005
1.490331e-006	-0.00025
1.490831e-006	0.000375
1.491331e-006	6.25e-005
1.491831e-006	6.25e-005
1.492331e-006	-0.000875
1.492831e-006	-0.0011875
1.493331e-006	-0.0005625
1.493831e-006	-0.0005625
1.494331e-006	-0.0018125
1.494831e-006	-0.0018125
1.495331e-006	-0.0005625
1.495831e-006	-0.0005625
1.496331e-006	6.25e-005
1.496831e-006	0.001
1.497331e-006	6.25e-005
1.497831e-006	0.000375
1.498331e-006	0.001
1.498831e-006	0.001
1.499331e-006	0.001
1.499831e-006	0.001
1.500331e-006	6.25e-005
1.500831e-006	6.25e-005
1.501331e-006	-0.00025
1.501831e-006	-0.000875
1.502331e-006	-0.0005625
1.502831e-006	-0.000875
1.503331e-006	-0.0018125
1.503831e-006	-0.0018125
1.504331e-006	-0.000875
1.504831e-006	-0.0005625
1.505331e-006	-0.0005625
1.505831e-006	-0.000875
1.506331e-006	6.25e-005
1.506831e-006	0.001
1.507331e-006	0.001
1.507831e-006	0.0006875
1.508331e-006	0.0006875
1.508831e-006	0.0013125
1.509331e-006	0.0013125
1.509831e-006	0.000375
1.510331e-006	6.25e-005
1.510831e-006	6.25e-005
1.511331e-006	6.25e-005
1.511831e-006	-0.00025
1.512331e-006	-0.0011875
1.512831e-006	-0.0015
1.513331e-006	-0.0018125
1.513831e-006	-0.002125
1.514331e-006	-0.0011875
1.514831e-006	-0.0005625
1.515331e-006	-0.0005625
1.515831e-006	-0.0005625
1.516331e-006	0.000375
1.516831e-006	0.001
1.517331e-006	6.25e-005
1.517831e-006	0.0006875
1.518331e-006	0.001
1.518831e-006	0.001625
1.519331e-006	0.001
1.519831e-006	0.000375
1.520331e-006	6.25e-005
1.520831e-006	-0.000875
1.521331e-006	-0.0011875
1.521831e-006	-0.0011875
1.522331e-006	-0.000875
1.522831e-006	-0.000875
1.523331e-006	-0.0011875
1.523831e-006	-0.0015
1.524331e-006	-0.000875
1.524831e-006	-0.0015
1.525331e-006	-0.0005625
1.525831e-006	-0.0005625
1.526331e-006	0.000375
1.526831e-006	0.0006875
1.527331e-006	0.000375
1.527831e-006	0.0006875
1.528331e-006	0.0013125
1.528831e-006	0.0013125
1.529331e-006	0.000375
1.529831e-006	0.000375
1.530331e-006	0.001
1.530831e-006	-0.0005625
1.531331e-006	-0.0015
1.531831e-006	-0.002125
1.532331e-006	-0.002125
1.532831e-006	-0.0015
1.533331e-006	-0.0018125
1.533831e-006	-0.0018125
1.534331e-006	-0.0015
1.534831e-006	-0.000875
1.535331e-006	-0.000875
1.535831e-006	-0.0005625
1.536331e-006	0.001
1.536831e-006	0.001
1.537331e-006	0.0006875
1.537831e-006	0.001
1.538331e-006	0.001625
1.538831e-006	0.00225
1.539331e-006	0.0013125
1.539831e-006	6.25e-005
1.540331e-006	6.25e-005
1.540831e-006	-0.0005625
1.541331e-006	-0.0011875
1.541831e-006	-0.0018125
1.542331e-006	-0.0015
1.542831e-006	-0.0018125
1.543331e-006	-0.0015
1.543831e-006	-0.0018125
1.544331e-006	-0.0018125
1.544831e-006	-0.000875
1.545331e-006	-0.0005625
1.545831e-006	6.25e-005
1.546331e-006	0.0013125
1.546831e-006	0.0006875
1.547331e-006	0.001625
1.547831e-006	0.001625
1.548331e-006	0.001
1.548831e-006	0.001
1.549331e-006	0.0006875
1.549831e-006	0.0006875
1.550331e-006	6.25e-005
1.550831e-006	-0.000875
1.551331e-006	-0.0011875
1.551831e-006	-0.0018125
1.552331e-006	-0.0018125
1.552831e-006	-0.002125
1.553331e-006	-0.002125
1.553831e-006	-0.0018125
1.554331e-006	-0.0015
1.554831e-006	-0.000875
1.555331e-006	-0.0005625
1.555831e-006	0.000375
1.556331e-006	0.0013125
1.556831e-006	0.0013125
1.557331e-006	0.0019375
1.557831e-006	0.0019375
1.558331e-006	0.001
1.558831e-006	0.001
1.559331e-006	-0.00025
1.559831e-006	-0.00025
1.560331e-006	-0.0005625
1.560831e-006	-0.000875
1.561331e-006	-0.0015
1.561831e-006	-0.0015
1.562331e-006	-0.0015
1.562831e-006	-0.0018125
1.563331e-006	-0.0011875
1.563831e-006	-0.0015
1.564331e-006	-0.0011875
1.564831e-006	-0.0005625
1.565331e-006	6.25e-005
1.565831e-006	0.0006875
1.566331e-006	0.0006875
1.566831e-006	0.001
1.567331e-006	0.001625
1.567831e-006	0.0013125
1.568331e-006	0.001
1.568831e-006	6.25e-005
1.569331e-006	0.0006875
1.569831e-006	0.0006875
1.570331e-006	-0.0005625
1.570831e-006	-0.000875
1.571331e-006	-0.0011875
1.571831e-006	-0.0011875
1.572331e-006	-0.0015
1.572831e-006	-0.0018125
1.573331e-006	-0.000875
1.573831e-006	-0.000875
1.574331e-006	-0.00025
1.574831e-006	0.000375
1.575331e-006	6.25e-005
1.575831e-006	0.001
1.576331e-006	0.0006875
1.576831e-006	6.25e-005
1.577331e-006	0.000375
1.577831e-006	0.0013125
1.578331e-006	0.0006875
1.578831e-006	0.000375
1.579331e-006	0.000375
1.579831e-006	0.000375
1.580331e-006	-0.0005625
1.580831e-006	-0.000875
1.581331e-006	-0.000875
1.581831e-006	-0.0005625
1.582331e-006	-0.0018125
1.582831e-006	-0.000875
1.583331e-006	-0.0005625
1.583831e-006	-0.00025
1.584331e-006	-0.0005625
1.584831e-006	-0.0005625
1.585331e-006	0.0006875
1.585831e-006	0.000375
1.586331e-006	0.0013125
1.586831e-006	0.00225
1.587331e-006	0.001625
1.587831e-006	0.000375
1.588331e-006	-0.00025
1.588831e-006	6.25e-005
1.589331e-006	6.25e-005
1.589831e-006	-0.0005625
1.590331e-006	-0.0005625
1.590831e-006	-0.0011875
1.591331e-006	-0.0011875
1.591831e-006	-0.000875
1.592331e-006	-0.000875
1.592831e-006	-0.000875
1.593331e-006	-0.000875
1.593831e-006	-0.00025
1.594331e-006	-0.00025
1.594831e-006	0.000375
1.595331e-006	0.0013125
1.595831e-006	0.0006875
1.596331e-006	0.0006875
1.596831e-006	0.001
1.597331e-006	0.0006875
1.597831e-006	0.001
1.598331e-006	-0.00025
1.598831e-006	-0.00025
1.599331e-006	-0.0005625
1.599831e-006	-0.0005625
1.600331e-006	-0.000875
1.600831e-006	-0.0011875
1.601331e-006	-0.000875
1.601831e-006	-0.0018125
1.602331e-006	-0.0011875
1.602831e-006	-0.0005625
1.603331e-006	-0.000875
1.603831e-006	6.25e-005
1.604331e-006	6.25e-005
1.604831e-006	0.000375
1.605331e-006	0.000375
1.605831e-006	0.0006875
1.606331e-006	0.0013125
1.606831e-006	0.0006875
1.607331e-006	6.25e-005
1.607831e-006	0.0006875
1.608331e-006	0.000375
1.608831e-006	-0.00025
1.609331e-006	-0.0005625
1.609831e-006	-0.00025
1.610331e-006	-0.0005625
1.610831e-006	-0.000875
1.611331e-006	6.25e-005
1.611831e-006	-0.000875
1.612331e-006	-0.000875
1.612831e-006	-0.0015
1.613331e-006	-0.0011875
1.613831e-006	-0.0005625
1.614331e-006	-0.00025
1.614831e-006	0.000375
1.615331e-006	-0.00025
1.615831e-006	6.25e-005
1.616331e-006	0.0013125
1.616831e-006	0.000375
1.617331e-006	6.25e-005
1.617831e-006	6.25e-005
1.618331e-006	0.000375
1.618831e-006	0.0006875
1.619331e-006	6.25e-005
1.619831e-006	-0.000875
1.620331e-006	-0.000875
1.620831e-006	6.25e-005
1.621331e-006	-0.0005625
1.621831e-006	-0.0011875
1.622331e-006	-0.0011875
1.622831e-006	-0.0005625
1.623331e-006	-0.0005625
1.623831e-006	-0.00025
1.624331e-006	-0.0005625
1.624831e-006	6.25e-005
1.625331e-006	-0.00025
1.625831e-006	6.25e-005
1.626331e-006	0.000375
1.626831e-006	0.001
1.627331e-006	0.0006875
1.627831e-006	6.25e-005
1.628331e-006	6.25e-005
1.628831e-006	0.0006875
1.629331e-006	0.0006875
1.629831e-006	-0.0005625
1.630331e-006	-0.0005625
1.630831e-006	-0.00025
1.631331e-006	-0.0005625
1.631831e-006	-0.000875
1.632331e-006	-0.00025
1.632831e-006	-0.000875
1.633331e-006	-0.0011875
1.633831e-006	-0.0011875
1.634331e-006	6.25e-005
1.634831e-006	-0.0005625
1.635331e-006	-0.000875
1.635831e-006	-0.00025
1.636331e-006	6.25e-005
1.636831e-006	6.25e-005
1.637331e-006	6.25e-005
1.637831e-006	0.001
1.638331e-006	0.001
1.638831e-006	0.001
1.639331e-006	0.001
1.639831e-006	6.25e-005
1.640331e-006	-0.0005625
1.640831e-006	6.25e-005
1.641331e-006	-0.00025
1.641831e-006	6.25e-005
1.642331e-006	-0.0005625
1.642831e-006	-0.00025
1.643331e-006	-0.000875
1.643831e-006	-0.0015
1.644331e-006	-0.0011875
1.644831e-006	-0.000875
1.645331e-006	-0.0005625
1.645831e-006	-0.0005625
1.646331e-006	-0.00025
1.646831e-006	6.25e-005
1.647331e-006	-0.00025
1.647831e-006	0.0006875
1.648331e-006	0.0006875
1.648831e-006	6.25e-005
1.649331e-006	0.000375
1.649831e-006	0.0006875
1.650331e-006	0.0006875
1.650831e-006	-0.00025
1.651331e-006	6.25e-005
1.651831e-006	-0.0005625
1.652331e-006	-0.00025
1.652831e-006	-0.00025
1.653331e-006	-0.0011875
1.653831e-006	-0.0011875
1.654331e-006	-0.000875
1.654831e-006	-0.000875
1.655331e-006	-0.0005625
1.655831e-006	-0.000875
1.656331e-006	-0.0005625
1.656831e-006	-0.000875
1.657331e-006	-0.00025
1.657831e-006	0.001
1.658331e-006	6.25e-005
1.658831e-006	0.000375
1.659331e-006	0.0013125
1.659831e-006	0.0006875
1.660331e-006	6.25e-005
1.660831e-006	-0.0005625
1.661331e-006	-0.0005625
1.661831e-006	-0.00025
1.662331e-006	-0.0005625
1.662831e-006	-0.0005625
1.663331e-006	-0.0011875
1.663831e-006	-0.0011875
1.664331e-006	-0.0005625
1.664831e-006	-0.0005625
1.665331e-006	-0.000875
1.665831e-006	-0.000875
1.666331e-006	6.25e-005
1.666831e-006	6.25e-005
1.667331e-006	6.25e-005
1.667831e-006	0.0006875
1.668331e-006	6.25e-005
1.668831e-006	0.0006875
1.669331e-006	6.25e-005
1.669831e-006	-0.0005625
1.670331e-006	-0.00025
1.670831e-006	-0.0005625
1.671331e-006	6.25e-005
1.671831e-006	-0.0011875
1.672331e-006	-0.0015
1.672831e-006	-0.000875
1.673331e-006	-0.0005625
1.673831e-006	-0.00025
1.674331e-006	-0.000875
1.674831e-006	-0.000875
1.675331e-006	-0.0005625
1.675831e-006	-0.0005625
1.676331e-006	0.0006875
1.676831e-006	0.000375
1.677331e-006	0.000375
1.677831e-006	0.000375
1.678331e-006	6.25e-005
1.678831e-006	0.000375
1.679331e-006	0.0006875
1.679831e-006	6.25e-005
1.680331e-006	-0.0005625
1.680831e-006	-0.0005625
1.681331e-006	-0.000875
1.681831e-006	-0.000875
1.682331e-006	-0.000875
1.682831e-006	-0.0011875
1.683331e-006	-0.000875
1.683831e-006	-0.000875
1.684331e-006	-0.0005625
1.684831e-006	-0.0005625
1.685331e-006	6.25e-005
1.685831e-006	0.000375
1.686331e-006	0.0006875
1.686831e-006	0.0013125
1.687331e-006	0.0013125
1.687831e-006	0.0006875
1.688331e-006	0.000375
1.688831e-006	6.25e-005
1.689331e-006	0.000375
1.689831e-006	0.000375
1.690331e-006	-0.0005625
1.690831e-006	-0.0018125
1.691331e-006	-0.0011875
1.691831e-006	-0.0018125
1.692331e-006	-0.0018125
1.692831e-006	-0.0015
1.693331e-006	-0.000875
1.693831e-006	-0.000875
1.694331e-006	-0.00025
1.694831e-006	6.25e-005
1.695331e-006	0.000375
1.695831e-006	0.0006875
1.696331e-006	0.001
1.696831e-006	0.001
1.697331e-006	0.0006875
1.697831e-006	0.001
1.698331e-006	0.001
1.698831e-006	0.0006875
1.699331e-006	-0.0005625
1.699831e-006	-0.0005625
1.700331e-006	-0.0011875
1.700831e-006	-0.0011875
1.701331e-006	-0.0018125
1.701831e-006	-0.0024375
1.702331e-006	-0.002125
1.702831e-006	-0.0015
1.703331e-006	-0.0011875
1.703831e-006	-0.0011875
1.704331e-006	-0.0005625
1.704831e-006	-0.00025
1.705331e-006	6.25e-005
1.705831e-006	0.0013125
1.706331e-006	0.0019375
1.706831e-006	0.0013125
1.707331e-006	0.0006875
1.707831e-006	0.001
1.708331e-006	0.0013125
1.708831e-006	0.001
1.709331e-006	0.000375
1.709831e-006	-0.000875
1.710331e-006	-0.000875
1.710831e-006	-0.0018125
1.711331e-006	-0.0018125
1.711831e-006	-0.0018125
1.712331e-006	-0.002125
1.712831e-006	-0.0015
1.713331e-006	-0.0005625
1.713831e-006	-0.0005625
1.714331e-006	-0.0005625
1.714831e-006	6.25e-005
1.715331e-006	0.0006875
1.715831e-006	0.001625
1.716331e-006	0.001625
1.716831e-006	0.0013125
1.717331e-006	0.001
1.717831e-006	0.0013125
1.718331e-006	0.001
1.718831e-006	0.0006875
1.719331e-006	6.25e-005
1.719831e-006	-0.0005625
1.720331e-006	-0.000875
1.720831e-006	-0.000875
1.721331e-006	-0.0015
1.721831e-006	-0.0011875
1.722331e-006	-0.0018125
1.722831e-006	-0.0018125
1.723331e-006	-0.0011875
1.723831e-006	6.25e-005
1.724331e-006	0.000375
1.724831e-006	6.25e-005
1.725331e-006	0.0006875
1.725831e-006	0.0013125
1.726331e-006	0.0013125
1.726831e-006	0.001625
1.727331e-006	0.001
1.727831e-006	0.000375
1.728331e-006	0.000375
1.728831e-006	0.000375
1.729331e-006	0.000375
1.729831e-006	-0.00025
1.730331e-006	-0.0005625
1.730831e-006	-0.0011875
1.731331e-006	-0.0011875
1.731831e-006	-0.000875
1.732331e-006	-0.0011875
1.732831e-006	-0.000875
1.733331e-006	-0.00025
1.733831e-006	-0.0005625
1.734331e-006	6.25e-005
1.734831e-006	0.000375
1.735331e-006	0.0006875
1.735831e-006	0.000375
1.736331e-006	0.000375
1.736831e-006	0.0006875
1.737331e-006	0.001
1.737831e-006	0.000375
1.738331e-006	-0.00025
1.738831e-006	0.000375
1.739331e-006	-0.00025
1.739831e-006	-0.000875
1.740331e-006	-0.0005625
1.740831e-006	-0.0011875
1.741331e-006	-0.0018125
1.741831e-006	-0.0005625
1.742331e-006	6.25e-005
1.742831e-006	6.25e-005
1.743331e-006	-0.00025
1.743831e-006	0.0006875
1.744331e-006	0.001
1.744831e-006	0.001
1.745331e-006	0.000375
1.745831e-006	0.0006875
1.746331e-006	0.0006875
1.746831e-006	0.000375
1.747331e-006	-0.000875
1.747831e-006	-0.0011875
1.748331e-006	-0.000875
1.748831e-006	-0.0011875
1.749331e-006	-0.0011875
1.749831e-006	-0.0011875
1.750331e-006	-0.00025
1.750831e-006	-0.0005625
1.751331e-006	6.25e-005
1.751831e-006	6.25e-005
1.752331e-006	-0.00025
1.752831e-006	6.25e-005
1.753331e-006	0.001
1.753831e-006	0.000375
1.754331e-006	0.000375
1.754831e-006	0.000375
1.755331e-006	0.0006875
1.755831e-006	6.25e-005
1.756331e-006	0.000375
1.756831e-006	-0.0005625
1.757331e-006	-0.0005625
1.757831e-006	-0.0018125
1.758331e-006	-0.0018125
1.758831e-006	-0.0011875
1.759331e-006	-0.0015
1.759831e-006	-0.000875
1.760331e-006	6.25e-005
1.760831e-006	-0.00025
1.761331e-006	-0.0005625
1.761831e-006	6.25e-005
1.762331e-006	0.0006875
1.762831e-006	0.001
1.763331e-006	0.001
1.763831e-006	0.0013125
1.764331e-006	0.0006875
1.764831e-006	0.001
1.765331e-006	0.000375
1.765831e-006	0.0006875
1.766331e-006	6.25e-005
1.766831e-006	-0.0005625
1.767331e-006	-0.0015
1.767831e-006	-0.0015
1.768331e-006	-0.000875
1.768831e-006	-0.000875
1.769331e-006	-0.0018125
1.769831e-006	-0.0015
1.770331e-006	-0.0011875
1.770831e-006	-0.0005625
1.771331e-006	0.000375
1.771831e-006	0.0006875
1.772331e-006	0.001625
1.772831e-006	0.0006875
1.773331e-006	0.0013125
1.773831e-006	0.0019375
1.774331e-006	0.0019375
1.774831e-006	0.0006875
1.775331e-006	0.000375
1.775831e-006	0.0006875
1.776331e-006	6.25e-005
1.776831e-006	-0.0011875
1.777331e-006	-0.0005625
1.777831e-006	-0.0015
1.778331e-006	-0.000875
1.778831e-006	-0.0018125
1.779331e-006	-0.0015
1.779831e-006	-0.0018125
1.780331e-006	-0.000875
1.780831e-006	6.25e-005
1.781331e-006	6.25e-005
1.781831e-006	0.0006875
1.782331e-006	0.0006875
1.782831e-006	0.0006875
1.783331e-006	0.001
1.783831e-006	0.001625
1.784331e-006	0.0013125
1.784831e-006	0.001
1.785331e-006	-0.00025
1.785831e-006	0.000375
1.786331e-006	-0.000875
1.786831e-006	-0.00025
1.787331e-006	-0.0005625
1.787831e-006	-0.0011875
1.788331e-006	-0.0018125
