LECROYWS454	16215	Waveform
Segments	1	SegmentSize	4002
Segment	TrigTime	TimeSinceSegment1
#1	02-May-2024 19:11:34	0                 
Time	Ampl
-2.12424e-007	6.25e-005
-2.11924e-007	6.25e-005
-2.11424e-007	0.0006875
-2.10924e-007	6.25e-005
-2.10424e-007	6.25e-005
-2.09924e-007	6.25e-005
-2.09424e-007	6.25e-005
-2.08924e-007	6.25e-005
-2.08424e-007	-0.0005625
-2.07924e-007	-0.0005625
-2.07424e-007	-0.00025
-2.06924e-007	0.000375
-2.06424e-007	6.25e-005
-2.05924e-007	-0.00025
-2.05424e-007	0.0006875
-2.04924e-007	0.0006875
-2.04424e-007	-0.00025
-2.03924e-007	-0.00025
-2.03424e-007	-0.0005625
-2.02924e-007	-0.0005625
-2.02424e-007	6.25e-005
-2.01924e-007	-0.0005625
-2.01424e-007	-0.0005625
-2.00924e-007	6.25e-005
-2.00424e-007	-0.0005625
-1.99924e-007	-0.000875
-1.99424e-007	-0.00025
-1.98924e-007	6.25e-005
-1.98424e-007	-0.0005625
-1.97924e-007	-0.0005625
-1.97424e-007	-0.0005625
-1.96924e-007	6.25e-005
-1.96424e-007	6.25e-005
-1.95924e-007	-0.00025
-1.95424e-007	6.25e-005
-1.94924e-007	0.000375
-1.94424e-007	0.000375
-1.93924e-007	6.25e-005
-1.93424e-007	6.25e-005
-1.92924e-007	-0.00025
-1.92424e-007	-0.0011875
-1.91924e-007	-0.0005625
-1.91424e-007	-0.00025
-1.90924e-007	-0.000875
-1.90424e-007	-0.00025
-1.89924e-007	-0.000875
-1.89424e-007	-0.0011875
-1.88924e-007	-0.000875
-1.88424e-007	0.0006875
-1.87924e-007	6.25e-005
-1.87424e-007	-0.0005625
-1.86924e-007	0.000375
-1.86424e-007	0.0006875
-1.85924e-007	0.0006875
-1.85424e-007	6.25e-005
-1.84924e-007	0.000375
-1.84424e-007	0.001
-1.83924e-007	0.001
-1.83424e-007	-0.00025
-1.82924e-007	-0.00025
-1.82424e-007	-0.000875
-1.81924e-007	-0.0011875
-1.81424e-007	-0.0005625
-1.80924e-007	-0.0005625
-1.80424e-007	-0.0011875
-1.79924e-007	-0.000875
-1.79424e-007	-0.00025
-1.78924e-007	-0.0005625
-1.78424e-007	6.25e-005
-1.77924e-007	0.0006875
-1.77424e-007	0.000375
-1.76924e-007	6.25e-005
-1.76424e-007	6.25e-005
-1.75924e-007	0.0006875
-1.75424e-007	0.000375
-1.74924e-007	0.000375
-1.74424e-007	0.0006875
-1.73924e-007	6.25e-005
-1.73424e-007	6.25e-005
-1.72924e-007	-0.000875
-1.72424e-007	-0.0005625
-1.71924e-007	-0.0005625
-1.71424e-007	-0.000875
-1.70924e-007	-0.0005625
-1.70424e-007	-0.000875
-1.69924e-007	-0.000875
-1.69424e-007	-0.00025
-1.68924e-007	-0.0005625
-1.68424e-007	6.25e-005
-1.67924e-007	0.000375
-1.67424e-007	0.0006875
-1.66924e-007	0.0013125
-1.66424e-007	0.0006875
-1.65924e-007	0.0006875
-1.65424e-007	6.25e-005
-1.64924e-007	6.25e-005
-1.64424e-007	-0.00025
-1.63924e-007	-0.0005625
-1.63424e-007	-0.0005625
-1.62924e-007	-0.000875
-1.62424e-007	-0.0005625
-1.61924e-007	-0.0005625
-1.61424e-007	-0.0011875
-1.60924e-007	-0.000875
-1.60424e-007	-0.000875
-1.59924e-007	-0.00025
-1.59424e-007	6.25e-005
-1.58924e-007	6.25e-005
-1.58424e-007	0.0006875
-1.57924e-007	0.0006875
-1.57424e-007	0.0006875
-1.56924e-007	0.000375
-1.56424e-007	-0.0005625
-1.55924e-007	6.25e-005
-1.55424e-007	-0.0005625
-1.54924e-007	-0.0015
-1.54424e-007	-0.0005625
-1.53924e-007	6.25e-005
-1.53424e-007	-0.000875
-1.52924e-007	-0.0015
-1.52424e-007	-0.0005625
-1.51924e-007	-0.0005625
-1.51424e-007	-0.0005625
-1.50924e-007	-0.0011875
-1.50424e-007	-0.0005625
-1.49924e-007	6.25e-005
-1.49424e-007	0.000375
-1.48924e-007	6.25e-005
-1.48424e-007	0.0006875
-1.47924e-007	0.001
-1.47424e-007	0.001
-1.46924e-007	0.0006875
-1.46424e-007	0.0006875
-1.45924e-007	0.0006875
-1.45424e-007	-0.0005625
-1.44924e-007	-0.0005625
-1.44424e-007	-0.0005625
-1.43924e-007	-0.0018125
-1.43424e-007	-0.0011875
-1.42924e-007	-0.0005625
-1.42424e-007	-0.0011875
-1.41924e-007	-0.0011875
-1.41424e-007	-0.0005625
-1.40924e-007	0.000375
-1.40424e-007	0.000375
-1.39924e-007	0.000375
-1.39424e-007	0.000375
-1.38924e-007	0.0006875
-1.38424e-007	0.0006875
-1.37924e-007	0.0006875
-1.37424e-007	0.001
-1.36924e-007	0.000375
-1.36424e-007	-0.0005625
-1.35924e-007	6.25e-005
-1.35424e-007	-0.0005625
-1.34924e-007	-0.0015
-1.34424e-007	-0.0011875
-1.33924e-007	-0.0018125
-1.33424e-007	-0.0015
-1.32924e-007	-0.0011875
-1.32424e-007	-0.000875
-1.31924e-007	-0.00025
-1.31424e-007	-0.0005625
-1.30924e-007	6.25e-005
-1.30424e-007	0.001
-1.29924e-007	0.0006875
-1.29424e-007	0.001
-1.28924e-007	0.0006875
-1.28424e-007	0.0006875
-1.27924e-007	0.0006875
-1.27424e-007	0.0006875
-1.26924e-007	0.0006875
-1.26424e-007	-0.00025
-1.25924e-007	-0.0005625
-1.25424e-007	-0.0005625
-1.24924e-007	-0.0015
-1.24424e-007	-0.0015
-1.23924e-007	-0.0018125
-1.23424e-007	-0.0011875
-1.22924e-007	-0.0015
-1.22424e-007	-0.0011875
-1.21924e-007	-0.0005625
-1.21424e-007	-0.0005625
-1.20924e-007	-0.00025
-1.20424e-007	0.000375
-1.19924e-007	0.0006875
-1.19424e-007	0.0006875
-1.18924e-007	0.000375
-1.18424e-007	0.001
-1.17924e-007	0.0006875
-1.17424e-007	6.25e-005
-1.16924e-007	0.0013125
-1.16424e-007	6.25e-005
-1.15924e-007	-0.0005625
-1.15424e-007	-0.000875
-1.14924e-007	-0.0015
-1.14424e-007	-0.0011875
-1.13924e-007	-0.0018125
-1.13424e-007	-0.0011875
-1.12924e-007	-0.0005625
-1.12424e-007	-0.000875
-1.11924e-007	6.25e-005
-1.11424e-007	0.000375
-1.10924e-007	0.0006875
-1.10424e-007	6.25e-005
-1.09924e-007	6.25e-005
-1.09424e-007	0.001
-1.08924e-007	0.000375
-1.08424e-007	0.001
-1.07924e-007	0.0013125
-1.07424e-007	6.25e-005
-1.06924e-007	-0.00025
-1.06424e-007	-0.0005625
-1.05924e-007	-0.0005625
-1.05424e-007	-0.000875
-1.04924e-007	-0.0011875
-1.04424e-007	-0.000875
-1.03924e-007	-0.0018125
-1.03424e-007	-0.0011875
-1.02924e-007	-0.00025
-1.02424e-007	-0.00025
-1.01924e-007	-0.0005625
-1.01424e-007	-0.00025
-1.00924e-007	6.25e-005
-1.00424e-007	0.0006875
-9.9924e-008	0.000375
-9.9424e-008	-0.00025
-9.8924e-008	-0.0005625
-9.8424e-008	6.25e-005
-9.7924e-008	0.0006875
-9.7424e-008	6.25e-005
-9.6924e-008	0.0006875
-9.6424e-008	-0.0005625
-9.5924e-008	-0.000875
-9.5424e-008	-0.0011875
-9.4924e-008	-0.0015
-9.4424e-008	-0.0005625
-9.3924e-008	-0.000875
-9.3424e-008	-0.0005625
-9.2924e-008	-0.0005625
-9.2424e-008	-0.000875
-9.1924e-008	-0.000875
-9.1424e-008	6.25e-005
-9.0924e-008	0.000375
-9.0424e-008	6.25e-005
-8.9924e-008	6.25e-005
-8.9424e-008	0.0006875
-8.8924e-008	6.25e-005
-8.8424e-008	-0.0005625
-8.7924e-008	-0.00025
-8.7424e-008	-0.0005625
-8.6924e-008	-0.0005625
-8.6424e-008	-0.000875
-8.5924e-008	-0.0011875
-8.5424e-008	-0.0005625
-8.4924e-008	-0.0005625
-8.4424e-008	-0.0005625
-8.3924e-008	-0.0005625
-8.3424e-008	-0.0005625
-8.2924e-008	-0.0005625
-8.2424e-008	-0.00025
-8.1924e-008	6.25e-005
-8.1424e-008	6.25e-005
-8.0924e-008	-0.0005625
-8.0424e-008	6.25e-005
-7.9924e-008	6.25e-005
-7.9424e-008	-0.0005625
-7.8924e-008	-0.00025
-7.8424e-008	6.25e-005
-7.7924e-008	6.25e-005
-7.7424e-008	-0.0011875
-7.6924e-008	-0.0011875
-7.6424e-008	-0.0011875
-7.5924e-008	-0.0005625
-7.5424e-008	-0.00025
-7.4924e-008	-0.000875
-7.4424e-008	-0.0005625
-7.3924e-008	-0.00025
-7.3424e-008	-0.0005625
-7.2924e-008	6.25e-005
-7.2424e-008	6.25e-005
-7.1924e-008	6.25e-005
-7.1424e-008	0.0006875
-7.0924e-008	-0.00025
-7.0424e-008	-0.00025
-6.9924e-008	6.25e-005
-6.9424e-008	6.25e-005
-6.8924e-008	6.25e-005
-6.8424e-008	-0.000875
-6.7924e-008	-0.0005625
-6.7424e-008	-0.0011875
-6.6924e-008	-0.0011875
-6.6424e-008	-0.00025
-6.5924e-008	-0.0005625
-6.5424e-008	-0.0005625
-6.4924e-008	-0.0005625
-6.4424e-008	-0.0005625
-6.3924e-008	0.000375
-6.3424e-008	6.25e-005
-6.2924e-008	6.25e-005
-6.2424e-008	0.000375
-6.1924e-008	6.25e-005
-6.1424e-008	6.25e-005
-6.0924e-008	-0.00025
-6.0424e-008	-0.00025
-5.9924e-008	0.000375
-5.9424e-008	-0.0005625
-5.8924e-008	-0.00025
-5.8424e-008	-0.0005625
-5.7924e-008	-0.0005625
-5.7424e-008	-0.0005625
-5.6924e-008	-0.0011875
-5.6424e-008	-0.000875
-5.5924e-008	-0.0005625
-5.5424e-008	6.25e-005
-5.4924e-008	6.25e-005
-5.4424e-008	-0.00025
-5.3924e-008	6.25e-005
-5.3424e-008	6.25e-005
-5.2924e-008	0.000375
-5.2424e-008	-0.00025
-5.1924e-008	-0.00025
-5.1424e-008	0.000375
-5.0924e-008	-0.0005625
-5.0424e-008	-0.000875
-4.9924e-008	-0.0005625
-4.9424e-008	-0.0005625
-4.8924e-008	-0.000875
-4.8424e-008	-0.0011875
-4.7924e-008	-0.00025
-4.7424e-008	-0.00025
-4.6924e-008	-0.0005625
-4.6424e-008	0.000375
-4.5924e-008	-0.0005625
-4.5424e-008	-0.000875
-4.4924e-008	-0.00025
-4.4424e-008	0.001
-4.3924e-008	0.001
-4.3424e-008	6.25e-005
-4.2924e-008	0.0006875
-4.2424e-008	6.25e-005
-4.1924e-008	-0.000875
-4.1424e-008	-0.0005625
-4.0924e-008	-0.0011875
-4.0424e-008	-0.0005625
-3.9924e-008	-0.0005625
-3.9424e-008	-0.000875
-3.8924e-008	-0.00025
-3.8424e-008	-0.000875
-3.7924e-008	-0.0015
-3.7424e-008	-0.0005625
-3.6924e-008	0.000375
-3.6424e-008	0.0006875
-3.5924e-008	0.0006875
-3.5424e-008	0.0006875
-3.4924e-008	0.001
-3.4424e-008	0.001
-3.3924e-008	0.000375
-3.3424e-008	6.25e-005
-3.2924e-008	-0.00025
-3.2424e-008	-0.0005625
-3.1924e-008	-0.0005625
-3.1424e-008	-0.0011875
-3.0924e-008	-0.0018125
-3.0424e-008	-0.0018125
-2.9924e-008	-0.0015
-2.9424e-008	-0.0015
-2.8924e-008	-0.000875
-2.8424e-008	-0.00025
-2.7924e-008	-0.00025
-2.7424e-008	-0.0005625
-2.6924e-008	-0.00025
-2.6424e-008	6.25e-005
-2.5924e-008	0.0006875
-2.5424e-008	0.000375
-2.4924e-008	0.000375
-2.4424e-008	0.001625
-2.3924e-008	0.001
-2.3424e-008	0.0006875
-2.2924e-008	0.000375
-2.2424e-008	6.25e-005
-2.1924e-008	-0.0005625
-2.1424e-008	-0.0011875
-2.0924e-008	-0.0018125
-2.0424e-008	-0.0018125
-1.9924e-008	-0.0011875
-1.9424e-008	-0.000875
-1.8924e-008	-0.0018125
-1.8424e-008	-0.0011875
-1.7924e-008	-0.0005625
-1.7424e-008	-0.00025
-1.6924e-008	6.25e-005
-1.6424e-008	0.000375
-1.5924e-008	0.0013125
-1.5424e-008	0.0013125
-1.4924e-008	0.001
-1.4424e-008	0.001
-1.3924e-008	0.000375
-1.3424e-008	6.25e-005
-1.2924e-008	6.25e-005
-1.2424e-008	-0.00025
-1.1924e-008	-0.000875
-1.1424e-008	-0.0015
-1.0924e-008	-0.0011875
-1.0424e-008	-0.0015
-9.924e-009	-0.0015
-9.424e-009	-0.0018125
-8.924e-009	-0.0011875
-8.424e-009	-0.0005625
-7.924e-009	-0.0005625
-7.424e-009	-0.0005625
-6.924e-009	-0.000875
-6.424e-009	-0.0018125
-5.924e-009	-0.002125
-5.424e-009	-0.0036875
-4.924e-009	-0.0043125
-4.424e-009	-0.0055625
-3.924e-009	-0.0055625
-3.424e-009	-0.005875
-2.924e-009	-0.00775
-2.424e-009	-0.0080625
-1.924e-009	-0.0099375
-1.424e-009	-0.0118125
-9.24e-010	-0.0111875
-4.24e-010	-0.0111875
7.6e-011	-0.0124375
5.76e-010	-0.0130625
1.076e-009	-0.0118125
1.576e-009	-0.0118125
2.076e-009	-0.012125
2.576e-009	-0.0118125
3.076e-009	-0.0118125
3.576e-009	-0.0136875
4.076e-009	-0.0130625
4.576e-009	-0.0124375
5.076e-009	-0.012125
5.576e-009	-0.0136875
6.076e-009	-0.0143125
6.576e-009	-0.0143125
7.076e-009	-0.014625
7.576e-009	-0.014625
8.076e-009	-0.0155625
8.576e-009	-0.0155625
9.076e-009	-0.0155625
9.576e-009	-0.01525
1.0076e-008	-0.014625
1.0576e-008	-0.014
1.1076e-008	-0.0143125
1.1576e-008	-0.0149375
1.2076e-008	-0.014
1.2576e-008	-0.0130625
1.3076e-008	-0.0130625
1.3576e-008	-0.013375
1.4076e-008	-0.0130625
1.4576e-008	-0.0136875
1.5076e-008	-0.0130625
1.5576e-008	-0.0130625
1.6076e-008	-0.013375
1.6576e-008	-0.0136875
1.7076e-008	-0.0136875
1.7576e-008	-0.0149375
1.8076e-008	-0.0149375
1.8576e-008	-0.014625
1.9076e-008	-0.014625
1.9576e-008	-0.0149375
2.0076e-008	-0.014625
2.0576e-008	-0.014625
2.1076e-008	-0.014625
2.1576e-008	-0.0143125
2.2076e-008	-0.013375
2.2576e-008	-0.0136875
2.3076e-008	-0.0136875
2.3576e-008	-0.014625
2.4076e-008	-0.0143125
2.4576e-008	-0.0136875
2.5076e-008	-0.0149375
2.5576e-008	-0.01525
2.6076e-008	-0.01525
2.6576e-008	-0.0155625
2.7076e-008	-0.015875
2.7576e-008	-0.0161875
2.8076e-008	-0.0165
2.8576e-008	-0.0168125
2.9076e-008	-0.017125
2.9576e-008	-0.0161875
3.0076e-008	-0.0165
3.0576e-008	-0.0161875
3.1076e-008	-0.0165
3.1576e-008	-0.015875
3.2076e-008	-0.0155625
3.2576e-008	-0.0161875
3.3076e-008	-0.01525
3.3576e-008	-0.015875
3.4076e-008	-0.0165
3.4576e-008	-0.0155625
3.5076e-008	-0.015875
3.5576e-008	-0.0161875
3.6076e-008	-0.0165
3.6576e-008	-0.0165
3.7076e-008	-0.01775
3.7576e-008	-0.0180625
3.8076e-008	-0.017125
3.8576e-008	-0.0174375
3.9076e-008	-0.01775
3.9576e-008	-0.0174375
4.0076e-008	-0.017125
4.0576e-008	-0.0161875
4.1076e-008	-0.0161875
4.1576e-008	-0.0165
4.2076e-008	-0.015875
4.2576e-008	-0.0165
4.3076e-008	-0.0165
4.3576e-008	-0.0161875
4.4076e-008	-0.0161875
4.4576e-008	-0.0165
4.5076e-008	-0.0165
4.5576e-008	-0.0165
4.6076e-008	-0.017125
4.6576e-008	-0.0168125
4.7076e-008	-0.0174375
4.7576e-008	-0.018375
4.8076e-008	-0.01775
4.8576e-008	-0.01775
4.9076e-008	-0.01775
4.9576e-008	-0.0174375
5.0076e-008	-0.017125
5.0576e-008	-0.0168125
5.1076e-008	-0.0165
5.1576e-008	-0.0161875
5.2076e-008	-0.0165
5.2576e-008	-0.0168125
5.3076e-008	-0.0165
5.3576e-008	-0.0165
5.4076e-008	-0.0165
5.4576e-008	-0.0161875
5.5076e-008	-0.0161875
5.5576e-008	-0.017125
5.6076e-008	-0.01775
5.6576e-008	-0.0180625
5.7076e-008	-0.0180625
5.7576e-008	-0.0180625
5.8076e-008	-0.018375
5.8576e-008	-0.0186875
5.9076e-008	-0.0186875
5.9576e-008	-0.0180625
6.0076e-008	-0.0174375
6.0576e-008	-0.0174375
6.1076e-008	-0.017125
6.1576e-008	-0.0168125
6.2076e-008	-0.0165
6.2576e-008	-0.017125
6.3076e-008	-0.0165
6.3576e-008	-0.0161875
6.4076e-008	-0.0174375
6.4576e-008	-0.017125
6.5076e-008	-0.017125
6.5576e-008	-0.0168125
6.6076e-008	-0.017125
6.6576e-008	-0.01775
6.7076e-008	-0.01775
6.7576e-008	-0.0174375
6.8076e-008	-0.018375
6.8576e-008	-0.01775
6.9076e-008	-0.0174375
6.9576e-008	-0.01775
7.0076e-008	-0.017125
7.0576e-008	-0.0174375
7.1076e-008	-0.0174375
7.1576e-008	-0.0174375
7.2076e-008	-0.017125
7.2576e-008	-0.0161875
7.3076e-008	-0.0165
7.3576e-008	-0.0161875
7.4076e-008	-0.0161875
7.4576e-008	-0.0161875
7.5076e-008	-0.015875
7.5576e-008	-0.015875
7.6076e-008	-0.0161875
7.6576e-008	-0.0168125
7.7076e-008	-0.017125
7.7576e-008	-0.0168125
7.8076e-008	-0.0165
7.8576e-008	-0.017125
7.9076e-008	-0.0174375
7.9576e-008	-0.0168125
8.0076e-008	-0.0165
8.0576e-008	-0.017125
8.1076e-008	-0.017125
8.1576e-008	-0.0161875
8.2076e-008	-0.0155625
8.2576e-008	-0.015875
8.3076e-008	-0.017125
8.3576e-008	-0.0161875
8.4076e-008	-0.0155625
8.4576e-008	-0.015875
8.5076e-008	-0.015875
8.5576e-008	-0.0168125
8.6076e-008	-0.0165
8.6576e-008	-0.0161875
8.7076e-008	-0.0168125
8.7576e-008	-0.0165
8.8076e-008	-0.015875
8.8576e-008	-0.0161875
8.9076e-008	-0.0168125
8.9576e-008	-0.0168125
9.0076e-008	-0.0165
9.0576e-008	-0.0165
9.1076e-008	-0.015875
9.1576e-008	-0.0155625
9.2076e-008	-0.0161875
9.2576e-008	-0.015875
9.3076e-008	-0.015875
9.3576e-008	-0.015875
9.4076e-008	-0.0161875
9.4576e-008	-0.0149375
9.5076e-008	-0.014625
9.5576e-008	-0.0161875
9.6076e-008	-0.0165
9.6576e-008	-0.0155625
9.7076e-008	-0.015875
9.7576e-008	-0.0155625
9.8076e-008	-0.0161875
9.8576e-008	-0.0155625
9.9076e-008	-0.01525
9.9576e-008	-0.015875
1.00076e-007	-0.0155625
1.00576e-007	-0.015875
1.01076e-007	-0.0155625
1.01576e-007	-0.01525
1.02076e-007	-0.0155625
1.02576e-007	-0.0155625
1.03076e-007	-0.0155625
1.03576e-007	-0.0155625
1.04076e-007	-0.0149375
1.04576e-007	-0.01525
1.05076e-007	-0.01525
1.05576e-007	-0.0155625
1.06076e-007	-0.0155625
1.06576e-007	-0.0155625
1.07076e-007	-0.0161875
1.07576e-007	-0.01525
1.08076e-007	-0.01525
1.08576e-007	-0.0155625
1.09076e-007	-0.01525
1.09576e-007	-0.01525
1.10076e-007	-0.014625
1.10576e-007	-0.0143125
1.11076e-007	-0.0149375
1.11576e-007	-0.0149375
1.12076e-007	-0.0149375
1.12576e-007	-0.014625
1.13076e-007	-0.014625
1.13576e-007	-0.014625
1.14076e-007	-0.01525
1.14576e-007	-0.0149375
1.15076e-007	-0.014625
1.15576e-007	-0.0149375
1.16076e-007	-0.0155625
1.16576e-007	-0.015875
1.17076e-007	-0.015875
1.17576e-007	-0.01525
1.18076e-007	-0.0149375
1.18576e-007	-0.0149375
1.19076e-007	-0.01525
1.19576e-007	-0.01525
1.20076e-007	-0.0149375
1.20576e-007	-0.014625
1.21076e-007	-0.014625
1.21576e-007	-0.014
1.22076e-007	-0.0136875
1.22576e-007	-0.0136875
1.23076e-007	-0.013375
1.23576e-007	-0.014
1.24076e-007	-0.014
1.24576e-007	-0.0143125
1.25076e-007	-0.014
1.25576e-007	-0.014625
1.26076e-007	-0.015875
1.26576e-007	-0.0155625
1.27076e-007	-0.0155625
1.27576e-007	-0.01525
1.28076e-007	-0.01525
1.28576e-007	-0.0155625
1.29076e-007	-0.0155625
1.29576e-007	-0.01525
1.30076e-007	-0.0155625
1.30576e-007	-0.014
1.31076e-007	-0.014625
1.31576e-007	-0.014625
1.32076e-007	-0.0136875
1.32576e-007	-0.0136875
1.33076e-007	-0.0136875
1.33576e-007	-0.0130625
1.34076e-007	-0.0130625
1.34576e-007	-0.0130625
1.35076e-007	-0.0143125
1.35576e-007	-0.014625
1.36076e-007	-0.0136875
1.36576e-007	-0.014625
1.37076e-007	-0.01525
1.37576e-007	-0.0149375
1.38076e-007	-0.014625
1.38576e-007	-0.01525
1.39076e-007	-0.01525
1.39576e-007	-0.014625
1.40076e-007	-0.014625
1.40576e-007	-0.014
1.41076e-007	-0.0143125
1.41576e-007	-0.014
1.42076e-007	-0.0130625
1.42576e-007	-0.013375
1.43076e-007	-0.0124375
1.43576e-007	-0.01275
1.44076e-007	-0.0130625
1.44576e-007	-0.013375
1.45076e-007	-0.0136875
1.45576e-007	-0.013375
1.46076e-007	-0.0143125
1.46576e-007	-0.0149375
1.47076e-007	-0.014625
1.47576e-007	-0.01525
1.48076e-007	-0.0155625
1.48576e-007	-0.01525
1.49076e-007	-0.0149375
1.49576e-007	-0.0149375
1.50076e-007	-0.014625
1.50576e-007	-0.013375
1.51076e-007	-0.0136875
1.51576e-007	-0.013375
1.52076e-007	-0.012125
1.52576e-007	-0.0124375
1.53076e-007	-0.01275
1.53576e-007	-0.013375
1.54076e-007	-0.0130625
1.54576e-007	-0.013375
1.55076e-007	-0.013375
1.55576e-007	-0.0130625
1.56076e-007	-0.013375
1.56576e-007	-0.0143125
1.57076e-007	-0.014625
1.57576e-007	-0.0149375
1.58076e-007	-0.0155625
1.58576e-007	-0.0149375
1.59076e-007	-0.014625
1.59576e-007	-0.0149375
1.60076e-007	-0.0143125
1.60576e-007	-0.0136875
1.61076e-007	-0.014
1.61576e-007	-0.0136875
1.62076e-007	-0.01275
1.62576e-007	-0.01275
1.63076e-007	-0.012125
1.63576e-007	-0.01275
1.64076e-007	-0.01275
1.64576e-007	-0.0130625
1.65076e-007	-0.012125
1.65576e-007	-0.0136875
1.66076e-007	-0.013375
1.66576e-007	-0.013375
1.67076e-007	-0.0136875
1.67576e-007	-0.014
1.68076e-007	-0.014
1.68576e-007	-0.014
1.69076e-007	-0.014
1.69576e-007	-0.0143125
1.70076e-007	-0.013375
1.70576e-007	-0.013375
1.71076e-007	-0.0130625
1.71576e-007	-0.0124375
1.72076e-007	-0.0115
1.72576e-007	-0.0118125
1.73076e-007	-0.0124375
1.73576e-007	-0.0118125
1.74076e-007	-0.012125
1.74576e-007	-0.0124375
1.75076e-007	-0.012125
1.75576e-007	-0.0130625
1.76076e-007	-0.0130625
1.76576e-007	-0.0136875
1.77076e-007	-0.014
1.77576e-007	-0.013375
1.78076e-007	-0.014
1.78576e-007	-0.013375
1.79076e-007	-0.0130625
1.79576e-007	-0.01275
1.80076e-007	-0.0124375
1.80576e-007	-0.0118125
1.81076e-007	-0.0115
1.81576e-007	-0.0118125
1.82076e-007	-0.0118125
1.82576e-007	-0.0115
1.83076e-007	-0.0124375
1.83576e-007	-0.0124375
1.84076e-007	-0.012125
1.84576e-007	-0.012125
1.85076e-007	-0.012125
1.85576e-007	-0.014
1.86076e-007	-0.0130625
1.86576e-007	-0.0130625
1.87076e-007	-0.013375
1.87576e-007	-0.0136875
1.88076e-007	-0.013375
1.88576e-007	-0.01275
1.89076e-007	-0.01275
1.89576e-007	-0.01275
1.90076e-007	-0.0115
1.90576e-007	-0.0111875
1.91076e-007	-0.0105625
1.91576e-007	-0.0118125
1.92076e-007	-0.010875
1.92576e-007	-0.0111875
1.93076e-007	-0.0118125
1.93576e-007	-0.0115
1.94076e-007	-0.0124375
1.94576e-007	-0.01275
1.95076e-007	-0.0130625
1.95576e-007	-0.0136875
1.96076e-007	-0.0130625
1.96576e-007	-0.013375
1.97076e-007	-0.0136875
1.97576e-007	-0.0130625
1.98076e-007	-0.0130625
1.98576e-007	-0.01275
1.99076e-007	-0.012125
1.99576e-007	-0.010875
2.00076e-007	-0.010875
2.00576e-007	-0.0111875
2.01076e-007	-0.0093125
2.01576e-007	-0.0093125
2.02076e-007	-0.01025
2.02576e-007	-0.0105625
2.03076e-007	-0.0099375
2.03576e-007	-0.0111875
2.04076e-007	-0.012125
2.04576e-007	-0.01275
2.05076e-007	-0.01275
2.05576e-007	-0.0136875
2.06076e-007	-0.013375
2.06576e-007	-0.013375
2.07076e-007	-0.014
2.07576e-007	-0.0136875
2.08076e-007	-0.0124375
2.08576e-007	-0.0124375
2.09076e-007	-0.0115
2.09576e-007	-0.0115
2.10076e-007	-0.0105625
2.10576e-007	-0.0093125
2.11076e-007	-0.009
2.11576e-007	-0.0086875
2.12076e-007	-0.009
2.12576e-007	-0.0093125
2.13076e-007	-0.0099375
2.13576e-007	-0.0118125
2.14076e-007	-0.0115
2.14576e-007	-0.0115
2.15076e-007	-0.012125
2.15576e-007	-0.013375
2.16076e-007	-0.0136875
2.16576e-007	-0.013375
2.17076e-007	-0.0136875
2.17576e-007	-0.0130625
2.18076e-007	-0.01275
2.18576e-007	-0.0124375
2.19076e-007	-0.0111875
2.19576e-007	-0.0105625
2.20076e-007	-0.0099375
2.20576e-007	-0.009625
2.21076e-007	-0.0093125
2.21576e-007	-0.0080625
2.22076e-007	-0.0086875
2.22576e-007	-0.009625
2.23076e-007	-0.0105625
2.23576e-007	-0.0115
2.24076e-007	-0.0111875
2.24576e-007	-0.012125
2.25076e-007	-0.0118125
2.25576e-007	-0.01275
2.26076e-007	-0.013375
2.26576e-007	-0.013375
2.27076e-007	-0.0130625
2.27576e-007	-0.01275
2.28076e-007	-0.0124375
2.28576e-007	-0.0118125
2.29076e-007	-0.0105625
2.29576e-007	-0.0105625
2.30076e-007	-0.0099375
2.30576e-007	-0.0093125
2.31076e-007	-0.009
2.31576e-007	-0.0086875
2.32076e-007	-0.0093125
2.32576e-007	-0.0093125
2.33076e-007	-0.0093125
2.33576e-007	-0.01025
2.34076e-007	-0.010875
2.34576e-007	-0.012125
2.35076e-007	-0.012125
2.35576e-007	-0.0124375
2.36076e-007	-0.01275
2.36576e-007	-0.01275
2.37076e-007	-0.01275
2.37576e-007	-0.012125
2.38076e-007	-0.010875
2.38576e-007	-0.010875
2.39076e-007	-0.0111875
2.39576e-007	-0.0111875
2.40076e-007	-0.0099375
2.40576e-007	-0.009
2.41076e-007	-0.009
2.41576e-007	-0.008375
2.42076e-007	-0.009625
2.42576e-007	-0.0093125
2.43076e-007	-0.009625
2.43576e-007	-0.010875
2.44076e-007	-0.01025
2.44576e-007	-0.01025
2.45076e-007	-0.0111875
2.45576e-007	-0.01275
2.46076e-007	-0.0124375
2.46576e-007	-0.0124375
2.47076e-007	-0.012125
2.47576e-007	-0.0118125
2.48076e-007	-0.0111875
2.48576e-007	-0.0105625
2.49076e-007	-0.0105625
2.49576e-007	-0.01025
2.50076e-007	-0.009
2.50576e-007	-0.009
2.51076e-007	-0.0086875
2.51576e-007	-0.0080625
2.52076e-007	-0.008375
2.52576e-007	-0.0086875
2.53076e-007	-0.009625
2.53576e-007	-0.01025
2.54076e-007	-0.0105625
2.54576e-007	-0.0115
2.55076e-007	-0.0115
2.55576e-007	-0.0118125
2.56076e-007	-0.0111875
2.56576e-007	-0.0118125
2.57076e-007	-0.0118125
2.57576e-007	-0.0105625
2.58076e-007	-0.0105625
2.58576e-007	-0.0099375
2.59076e-007	-0.009
2.59576e-007	-0.0093125
2.60076e-007	-0.009
2.60576e-007	-0.008375
2.61076e-007	-0.009
2.61576e-007	-0.008375
2.62076e-007	-0.0086875
2.62576e-007	-0.009625
2.63076e-007	-0.0099375
2.63576e-007	-0.0105625
2.64076e-007	-0.0105625
2.64576e-007	-0.01025
2.65076e-007	-0.010875
2.65576e-007	-0.012125
2.66076e-007	-0.010875
2.66576e-007	-0.01025
2.67076e-007	-0.0105625
2.67576e-007	-0.01025
2.68076e-007	-0.01025
2.68576e-007	-0.0093125
2.69076e-007	-0.0086875
2.69576e-007	-0.008375
2.70076e-007	-0.0080625
2.70576e-007	-0.0080625
2.71076e-007	-0.008375
2.71576e-007	-0.008375
2.72076e-007	-0.008375
2.72576e-007	-0.009
2.73076e-007	-0.009625
2.73576e-007	-0.009625
2.74076e-007	-0.01025
2.74576e-007	-0.0105625
2.75076e-007	-0.0105625
2.75576e-007	-0.0111875
2.76076e-007	-0.0111875
2.76576e-007	-0.0115
2.77076e-007	-0.01025
2.77576e-007	-0.01025
2.78076e-007	-0.0099375
2.78576e-007	-0.0093125
2.79076e-007	-0.009
2.79576e-007	-0.008375
2.80076e-007	-0.008375
2.80576e-007	-0.0080625
2.81076e-007	-0.00775
2.81576e-007	-0.0080625
2.82076e-007	-0.008375
2.82576e-007	-0.0086875
2.83076e-007	-0.0093125
2.83576e-007	-0.0099375
2.84076e-007	-0.01025
2.84576e-007	-0.0099375
2.85076e-007	-0.01025
2.85576e-007	-0.01025
2.86076e-007	-0.010875
2.86576e-007	-0.0111875
2.87076e-007	-0.01025
2.87576e-007	-0.0093125
2.88076e-007	-0.009
2.88576e-007	-0.0093125
2.89076e-007	-0.009625
2.89576e-007	-0.008375
2.90076e-007	-0.0080625
2.90576e-007	-0.00775
2.91076e-007	-0.0080625
2.91576e-007	-0.0080625
2.92076e-007	-0.008375
2.92576e-007	-0.009
2.93076e-007	-0.009
2.93576e-007	-0.0086875
2.94076e-007	-0.009
2.94576e-007	-0.009
2.95076e-007	-0.01025
2.95576e-007	-0.010875
2.96076e-007	-0.009625
2.96576e-007	-0.0099375
2.97076e-007	-0.01025
2.97576e-007	-0.0093125
2.98076e-007	-0.009
2.98576e-007	-0.0086875
2.99076e-007	-0.0093125
2.99576e-007	-0.008375
3.00076e-007	-0.0080625
3.00576e-007	-0.00775
3.01076e-007	-0.0074375
3.01576e-007	-0.00775
3.02076e-007	-0.008375
3.02576e-007	-0.0086875
3.03076e-007	-0.008375
3.03576e-007	-0.00775
3.04076e-007	-0.008375
3.04576e-007	-0.0086875
3.05076e-007	-0.0086875
3.05576e-007	-0.009625
3.06076e-007	-0.0099375
3.06576e-007	-0.0099375
3.07076e-007	-0.0093125
3.07576e-007	-0.0086875
3.08076e-007	-0.0086875
3.08576e-007	-0.008375
3.09076e-007	-0.0093125
3.09576e-007	-0.0086875
3.10076e-007	-0.008375
3.10576e-007	-0.0086875
3.11076e-007	-0.0080625
3.11576e-007	-0.00775
3.12076e-007	-0.00775
3.12576e-007	-0.0080625
3.13076e-007	-0.0086875
3.13576e-007	-0.0086875
3.14076e-007	-0.008375
3.14576e-007	-0.008375
3.15076e-007	-0.0086875
3.15576e-007	-0.008375
3.16076e-007	-0.009
3.16576e-007	-0.0099375
3.17076e-007	-0.009625
3.17576e-007	-0.009
3.18076e-007	-0.0086875
3.18576e-007	-0.009
3.19076e-007	-0.0093125
3.19576e-007	-0.0086875
3.20076e-007	-0.0080625
3.20576e-007	-0.0080625
3.21076e-007	-0.0086875
3.21576e-007	-0.00775
3.22076e-007	-0.00775
3.22576e-007	-0.0080625
3.23076e-007	-0.00775
3.23576e-007	-0.0074375
3.24076e-007	-0.0080625
3.24576e-007	-0.0086875
3.25076e-007	-0.0080625
3.25576e-007	-0.0080625
3.26076e-007	-0.009
3.26576e-007	-0.009
3.27076e-007	-0.0086875
3.27576e-007	-0.0086875
3.28076e-007	-0.0086875
3.28576e-007	-0.0086875
3.29076e-007	-0.008375
3.29576e-007	-0.008375
3.30076e-007	-0.0080625
3.30576e-007	-0.00775
3.31076e-007	-0.0086875
3.31576e-007	-0.0080625
3.32076e-007	-0.00775
3.32576e-007	-0.00775
3.33076e-007	-0.00775
3.33576e-007	-0.0074375
3.34076e-007	-0.007125
3.34576e-007	-0.0080625
3.35076e-007	-0.0074375
3.35576e-007	-0.0074375
3.36076e-007	-0.0080625
3.36576e-007	-0.0086875
3.37076e-007	-0.009
3.37576e-007	-0.00775
3.38076e-007	-0.0080625
3.38576e-007	-0.0086875
3.39076e-007	-0.009
3.39576e-007	-0.009
3.40076e-007	-0.0080625
3.40576e-007	-0.00775
3.41076e-007	-0.0080625
3.41576e-007	-0.00775
3.42076e-007	-0.0080625
3.42576e-007	-0.0074375
3.43076e-007	-0.0074375
3.43576e-007	-0.0080625
3.44076e-007	-0.008375
3.44576e-007	-0.007125
3.45076e-007	-0.0068125
3.45576e-007	-0.00775
3.46076e-007	-0.00775
3.46576e-007	-0.0080625
3.47076e-007	-0.0086875
3.47576e-007	-0.00775
3.48076e-007	-0.0080625
3.48576e-007	-0.008375
3.49076e-007	-0.008375
3.49576e-007	-0.008375
3.50076e-007	-0.0080625
3.50576e-007	-0.0080625
3.51076e-007	-0.00775
3.51576e-007	-0.0074375
3.52076e-007	-0.0080625
3.52576e-007	-0.0068125
3.53076e-007	-0.0065
3.53576e-007	-0.0068125
3.54076e-007	-0.007125
3.54576e-007	-0.007125
3.55076e-007	-0.0074375
3.55576e-007	-0.007125
3.56076e-007	-0.00775
3.56576e-007	-0.0080625
3.57076e-007	-0.0080625
3.57576e-007	-0.00775
3.58076e-007	-0.0080625
3.58576e-007	-0.0080625
3.59076e-007	-0.00775
3.59576e-007	-0.00775
3.60076e-007	-0.00775
3.60576e-007	-0.00775
3.61076e-007	-0.00775
3.61576e-007	-0.0065
3.62076e-007	-0.0065
3.62576e-007	-0.0074375
3.63076e-007	-0.007125
3.63576e-007	-0.007125
3.64076e-007	-0.0068125
3.64576e-007	-0.0068125
3.65076e-007	-0.0074375
3.65576e-007	-0.0074375
3.66076e-007	-0.00775
3.66576e-007	-0.008375
3.67076e-007	-0.0093125
3.67576e-007	-0.0080625
3.68076e-007	-0.0080625
3.68576e-007	-0.00775
3.69076e-007	-0.0080625
3.69576e-007	-0.00775
3.70076e-007	-0.0080625
3.70576e-007	-0.0074375
3.71076e-007	-0.0074375
3.71576e-007	-0.0068125
3.72076e-007	-0.0061875
3.72576e-007	-0.0068125
3.73076e-007	-0.0074375
3.73576e-007	-0.0068125
3.74076e-007	-0.0061875
3.74576e-007	-0.0068125
3.75076e-007	-0.0074375
3.75576e-007	-0.00775
3.76076e-007	-0.0080625
3.76576e-007	-0.0074375
3.77076e-007	-0.0074375
3.77576e-007	-0.0080625
3.78076e-007	-0.0086875
3.78576e-007	-0.0080625
3.79076e-007	-0.00775
3.79576e-007	-0.0074375
3.80076e-007	-0.007125
3.80576e-007	-0.007125
3.81076e-007	-0.0074375
3.81576e-007	-0.0068125
3.82076e-007	-0.0068125
3.82576e-007	-0.0061875
3.83076e-007	-0.0061875
3.83576e-007	-0.0061875
3.84076e-007	-0.0061875
3.84576e-007	-0.0068125
3.85076e-007	-0.0065
3.85576e-007	-0.0061875
3.86076e-007	-0.0065
3.86576e-007	-0.0074375
3.87076e-007	-0.0074375
3.87576e-007	-0.008375
3.88076e-007	-0.008375
3.88576e-007	-0.0074375
3.89076e-007	-0.008375
3.89576e-007	-0.0080625
3.90076e-007	-0.00775
3.90576e-007	-0.0074375
3.91076e-007	-0.00775
3.91576e-007	-0.0074375
3.92076e-007	-0.007125
3.92576e-007	-0.0061875
3.93076e-007	-0.0061875
3.93576e-007	-0.0061875
3.94076e-007	-0.0061875
3.94576e-007	-0.0055625
3.95076e-007	-0.0055625
3.95576e-007	-0.0068125
3.96076e-007	-0.007125
3.96576e-007	-0.0068125
3.97076e-007	-0.0074375
3.97576e-007	-0.0080625
3.98076e-007	-0.008375
3.98576e-007	-0.00775
3.99076e-007	-0.0080625
3.99576e-007	-0.008375
4.00076e-007	-0.008375
4.00576e-007	-0.0080625
4.01076e-007	-0.0074375
4.01576e-007	-0.00775
4.02076e-007	-0.0068125
4.02576e-007	-0.0061875
4.03076e-007	-0.0065
4.03576e-007	-0.0055625
4.04076e-007	-0.005875
4.04576e-007	-0.005875
4.05076e-007	-0.00525
4.05576e-007	-0.0055625
4.06076e-007	-0.005875
4.06576e-007	-0.0065
4.07076e-007	-0.0065
4.07576e-007	-0.007125
4.08076e-007	-0.00775
4.08576e-007	-0.0074375
4.09076e-007	-0.008375
4.09576e-007	-0.0080625
4.10076e-007	-0.0080625
4.10576e-007	-0.0080625
4.11076e-007	-0.00775
4.11576e-007	-0.007125
4.12076e-007	-0.00775
4.12576e-007	-0.0074375
4.13076e-007	-0.0065
4.13576e-007	-0.0055625
4.14076e-007	-0.0061875
4.14576e-007	-0.0055625
4.15076e-007	-0.00525
4.15576e-007	-0.004625
4.16076e-007	-0.00525
4.16576e-007	-0.005875
4.17076e-007	-0.0061875
4.17576e-007	-0.007125
4.18076e-007	-0.0068125
4.18576e-007	-0.0068125
4.19076e-007	-0.0074375
4.19576e-007	-0.0074375
4.20076e-007	-0.008375
4.20576e-007	-0.0086875
4.21076e-007	-0.008375
4.21576e-007	-0.0074375
4.22076e-007	-0.007125
4.22576e-007	-0.007125
4.23076e-007	-0.007125
4.23576e-007	-0.0061875
4.24076e-007	-0.00525
4.24576e-007	-0.0055625
4.25076e-007	-0.00525
4.25576e-007	-0.0049375
4.26076e-007	-0.0055625
4.26576e-007	-0.005875
4.27076e-007	-0.005875
4.27576e-007	-0.0055625
4.28076e-007	-0.0061875
4.28576e-007	-0.0068125
4.29076e-007	-0.007125
4.29576e-007	-0.007125
4.30076e-007	-0.0080625
4.30576e-007	-0.008375
4.31076e-007	-0.0080625
4.31576e-007	-0.0074375
4.32076e-007	-0.0074375
4.32576e-007	-0.00775
4.33076e-007	-0.0074375
4.33576e-007	-0.0065
4.34076e-007	-0.005875
4.34576e-007	-0.005875
4.35076e-007	-0.00525
4.35576e-007	-0.00525
4.36076e-007	-0.0049375
4.36576e-007	-0.0049375
4.37076e-007	-0.00525
4.37576e-007	-0.004625
4.38076e-007	-0.0055625
4.38576e-007	-0.0065
4.39076e-007	-0.007125
4.39576e-007	-0.0074375
4.40076e-007	-0.00775
4.40576e-007	-0.0080625
4.41076e-007	-0.0080625
4.41576e-007	-0.007125
4.42076e-007	-0.007125
4.42576e-007	-0.0074375
4.43076e-007	-0.0074375
4.43576e-007	-0.0065
4.44076e-007	-0.005875
4.44576e-007	-0.0055625
4.45076e-007	-0.00525
4.45576e-007	-0.0049375
4.46076e-007	-0.0043125
4.46576e-007	-0.0043125
4.47076e-007	-0.0055625
4.47576e-007	-0.0055625
4.48076e-007	-0.0055625
4.48576e-007	-0.0061875
4.49076e-007	-0.0065
4.49576e-007	-0.0061875
4.50076e-007	-0.0065
4.50576e-007	-0.00775
4.51076e-007	-0.00775
4.51576e-007	-0.007125
4.52076e-007	-0.007125
4.52576e-007	-0.007125
4.53076e-007	-0.007125
4.53576e-007	-0.0061875
4.54076e-007	-0.00525
4.54576e-007	-0.004625
4.55076e-007	-0.0043125
4.55576e-007	-0.00525
4.56076e-007	-0.004625
4.56576e-007	-0.004625
4.57076e-007	-0.0049375
4.57576e-007	-0.00525
4.58076e-007	-0.0055625
4.58576e-007	-0.0055625
4.59076e-007	-0.0065
4.59576e-007	-0.0068125
4.60076e-007	-0.00775
4.60576e-007	-0.007125
4.61076e-007	-0.0068125
4.61576e-007	-0.0074375
4.62076e-007	-0.0074375
4.62576e-007	-0.0065
4.63076e-007	-0.005875
4.63576e-007	-0.0055625
4.64076e-007	-0.0055625
4.64576e-007	-0.0055625
4.65076e-007	-0.0049375
4.65576e-007	-0.004625
4.66076e-007	-0.004625
4.66576e-007	-0.004625
4.67076e-007	-0.004625
4.67576e-007	-0.00525
4.68076e-007	-0.005875
4.68576e-007	-0.005875
4.69076e-007	-0.0068125
4.69576e-007	-0.0074375
4.70076e-007	-0.0074375
4.70576e-007	-0.00775
4.71076e-007	-0.00775
4.71576e-007	-0.0074375
4.72076e-007	-0.007125
4.72576e-007	-0.0068125
4.73076e-007	-0.005875
4.73576e-007	-0.00525
4.74076e-007	-0.0049375
4.74576e-007	-0.004
4.75076e-007	-0.004
4.75576e-007	-0.004
4.76076e-007	-0.0036875
4.76576e-007	-0.0043125
4.77076e-007	-0.0049375
4.77576e-007	-0.00525
4.78076e-007	-0.00525
4.78576e-007	-0.005875
4.79076e-007	-0.007125
4.79576e-007	-0.007125
4.80076e-007	-0.00775
4.80576e-007	-0.0074375
4.81076e-007	-0.00775
4.81576e-007	-0.0074375
4.82076e-007	-0.0065
4.82576e-007	-0.0065
4.83076e-007	-0.0055625
4.83576e-007	-0.0055625
4.84076e-007	-0.004625
4.84576e-007	-0.003375
4.85076e-007	-0.0036875
4.85576e-007	-0.004
4.86076e-007	-0.0036875
4.86576e-007	-0.0036875
4.87076e-007	-0.003375
4.87576e-007	-0.0043125
4.88076e-007	-0.004625
4.88576e-007	-0.005875
4.89076e-007	-0.0074375
4.89576e-007	-0.0074375
4.90076e-007	-0.00775
4.90576e-007	-0.0080625
4.91076e-007	-0.0080625
4.91576e-007	-0.0074375
4.92076e-007	-0.0074375
4.92576e-007	-0.005875
4.93076e-007	-0.004625
4.93576e-007	-0.00525
4.94076e-007	-0.0043125
4.94576e-007	-0.0030625
4.95076e-007	-0.0030625
4.95576e-007	-0.0030625
4.96076e-007	-0.003375
4.96576e-007	-0.0030625
4.97076e-007	-0.0030625
4.97576e-007	-0.0036875
4.98076e-007	-0.0043125
4.98576e-007	-0.0061875
4.99076e-007	-0.007125
4.99576e-007	-0.007125
5.00076e-007	-0.0074375
5.00576e-007	-0.008375
5.01076e-007	-0.0086875
5.01576e-007	-0.007125
5.02076e-007	-0.0068125
5.02576e-007	-0.0061875
5.03076e-007	-0.005875
5.03576e-007	-0.0049375
5.04076e-007	-0.0036875
5.04576e-007	-0.0030625
5.05076e-007	-0.0030625
5.05576e-007	-0.00275
5.06076e-007	-0.00275
5.06576e-007	-0.0024375
5.07076e-007	-0.003375
5.07576e-007	-0.003375
5.08076e-007	-0.004625
5.08576e-007	-0.0055625
5.09076e-007	-0.0061875
5.09576e-007	-0.0065
5.10076e-007	-0.007125
5.10576e-007	-0.0074375
5.11076e-007	-0.0080625
5.11576e-007	-0.00775
5.12076e-007	-0.0074375
5.12576e-007	-0.0065
5.13076e-007	-0.0055625
5.13576e-007	-0.0049375
5.14076e-007	-0.004
5.14576e-007	-0.0036875
5.15076e-007	-0.00275
5.15576e-007	-0.00275
5.16076e-007	-0.0024375
5.16576e-007	-0.0030625
5.17076e-007	-0.0030625
5.17576e-007	-0.0030625
5.18076e-007	-0.004
5.18576e-007	-0.0043125
5.19076e-007	-0.0049375
5.19576e-007	-0.0061875
5.20076e-007	-0.0061875
5.20576e-007	-0.0068125
5.21076e-007	-0.0068125
5.21576e-007	-0.007125
5.22076e-007	-0.007125
5.22576e-007	-0.005875
5.23076e-007	-0.005875
5.23576e-007	-0.00525
5.24076e-007	-0.0049375
5.24576e-007	-0.003375
5.25076e-007	-0.00275
5.25576e-007	-0.003375
5.26076e-007	-0.0030625
5.26576e-007	-0.0030625
5.27076e-007	-0.0030625
5.27576e-007	-0.0030625
5.28076e-007	-0.0036875
5.28576e-007	-0.0043125
5.29076e-007	-0.0055625
5.29576e-007	-0.0055625
5.30076e-007	-0.005875
5.30576e-007	-0.0065
5.31076e-007	-0.0061875
5.31576e-007	-0.0065
5.32076e-007	-0.005875
5.32576e-007	-0.0055625
5.33076e-007	-0.0061875
5.33576e-007	-0.0055625
5.34076e-007	-0.004625
5.34576e-007	-0.004
5.35076e-007	-0.004
5.35576e-007	-0.0043125
5.36076e-007	-0.0030625
5.36576e-007	-0.0036875
5.37076e-007	-0.003375
5.37576e-007	-0.0030625
5.38076e-007	-0.0036875
5.38576e-007	-0.0043125
5.39076e-007	-0.0049375
5.39576e-007	-0.0049375
5.40076e-007	-0.0049375
5.40576e-007	-0.005875
5.41076e-007	-0.0055625
5.41576e-007	-0.0055625
5.42076e-007	-0.005875
5.42576e-007	-0.0055625
5.43076e-007	-0.0055625
5.43576e-007	-0.0055625
5.44076e-007	-0.0049375
5.44576e-007	-0.0049375
5.45076e-007	-0.0036875
5.45576e-007	-0.004
5.46076e-007	-0.0036875
5.46576e-007	-0.004625
5.47076e-007	-0.0036875
5.47576e-007	-0.0030625
5.48076e-007	-0.0043125
5.48576e-007	-0.004625
5.49076e-007	-0.0043125
5.49576e-007	-0.004625
5.50076e-007	-0.0049375
5.50576e-007	-0.0043125
5.51076e-007	-0.004625
5.51576e-007	-0.00525
5.52076e-007	-0.00525
5.52576e-007	-0.0049375
5.53076e-007	-0.004625
5.53576e-007	-0.004625
5.54076e-007	-0.0049375
5.54576e-007	-0.004625
5.55076e-007	-0.004625
5.55576e-007	-0.0049375
5.56076e-007	-0.004625
5.56576e-007	-0.004
5.57076e-007	-0.0043125
5.57576e-007	-0.004625
5.58076e-007	-0.0043125
5.58576e-007	-0.004
5.59076e-007	-0.0036875
5.59576e-007	-0.0043125
5.60076e-007	-0.004
5.60576e-007	-0.0043125
5.61076e-007	-0.0043125
5.61576e-007	-0.004
5.62076e-007	-0.0049375
5.62576e-007	-0.0049375
5.63076e-007	-0.0049375
5.63576e-007	-0.0055625
5.64076e-007	-0.004625
5.64576e-007	-0.0049375
5.65076e-007	-0.00525
5.65576e-007	-0.004
5.66076e-007	-0.004625
5.66576e-007	-0.0043125
5.67076e-007	-0.0043125
5.67576e-007	-0.0043125
5.68076e-007	-0.004
5.68576e-007	-0.0036875
5.69076e-007	-0.0030625
5.69576e-007	-0.0043125
5.70076e-007	-0.0036875
5.70576e-007	-0.0036875
5.71076e-007	-0.0049375
5.71576e-007	-0.0043125
5.72076e-007	-0.00525
5.72576e-007	-0.0043125
5.73076e-007	-0.004
5.73576e-007	-0.0055625
5.74076e-007	-0.0049375
5.74576e-007	-0.0049375
5.75076e-007	-0.004
5.75576e-007	-0.004625
5.76076e-007	-0.0049375
5.76576e-007	-0.0043125
5.77076e-007	-0.004
5.77576e-007	-0.003375
5.78076e-007	-0.0030625
5.78576e-007	-0.004
5.79076e-007	-0.003375
5.79576e-007	-0.004
5.80076e-007	-0.0036875
5.80576e-007	-0.0036875
5.81076e-007	-0.0036875
5.81576e-007	-0.004
5.82076e-007	-0.0049375
5.82576e-007	-0.004
5.83076e-007	-0.0049375
5.83576e-007	-0.0055625
5.84076e-007	-0.0043125
5.84576e-007	-0.004625
5.85076e-007	-0.0043125
5.85576e-007	-0.004625
5.86076e-007	-0.003375
5.86576e-007	-0.0030625
5.87076e-007	-0.0036875
5.87576e-007	-0.003375
5.88076e-007	-0.0030625
5.88576e-007	-0.00275
5.89076e-007	-0.0024375
5.89576e-007	-0.0030625
5.90076e-007	-0.003375
5.90576e-007	-0.0036875
5.91076e-007	-0.004625
5.91576e-007	-0.0049375
5.92076e-007	-0.0049375
5.92576e-007	-0.0049375
5.93076e-007	-0.0055625
5.93576e-007	-0.0055625
5.94076e-007	-0.0049375
5.94576e-007	-0.004625
5.95076e-007	-0.0043125
5.95576e-007	-0.004625
5.96076e-007	-0.004
5.96576e-007	-0.0030625
5.97076e-007	-0.0024375
5.97576e-007	-0.00275
5.98076e-007	-0.0024375
5.98576e-007	-0.002125
5.99076e-007	-0.00275
5.99576e-007	-0.0030625
6.00076e-007	-0.0030625
6.00576e-007	-0.0030625
6.01076e-007	-0.004
6.01576e-007	-0.004625
6.02076e-007	-0.0049375
6.02576e-007	-0.0055625
6.03076e-007	-0.0055625
6.03576e-007	-0.0061875
6.04076e-007	-0.005875
6.04576e-007	-0.00525
6.05076e-007	-0.004625
6.05576e-007	-0.004
6.06076e-007	-0.0030625
6.06576e-007	-0.0024375
6.07076e-007	-0.002125
6.07576e-007	-0.002125
6.08076e-007	-0.002125
6.08576e-007	-0.0018125
6.09076e-007	-0.002125
6.09576e-007	-0.00275
6.10076e-007	-0.0030625
6.10576e-007	-0.003375
6.11076e-007	-0.0043125
6.11576e-007	-0.0049375
6.12076e-007	-0.005875
6.12576e-007	-0.0061875
6.13076e-007	-0.0061875
6.13576e-007	-0.0061875
6.14076e-007	-0.005875
6.14576e-007	-0.00525
6.15076e-007	-0.0049375
6.15576e-007	-0.004
6.16076e-007	-0.003375
6.16576e-007	-0.00275
6.17076e-007	-0.002125
6.17576e-007	-0.0018125
6.18076e-007	-0.0011875
6.18576e-007	-0.0015
6.19076e-007	-0.0015
6.19576e-007	-0.002125
6.20076e-007	-0.0030625
6.20576e-007	-0.003375
6.21076e-007	-0.004
6.21576e-007	-0.0055625
6.22076e-007	-0.005875
6.22576e-007	-0.0061875
6.23076e-007	-0.0055625
6.23576e-007	-0.005875
6.24076e-007	-0.0055625
6.24576e-007	-0.004625
6.25076e-007	-0.004
6.25576e-007	-0.003375
6.26076e-007	-0.0036875
6.26576e-007	-0.00275
6.27076e-007	-0.0015
6.27576e-007	-0.0015
6.28076e-007	-0.0011875
6.28576e-007	-0.002125
6.29076e-007	-0.002125
6.29576e-007	-0.0018125
6.30076e-007	-0.0030625
6.30576e-007	-0.003375
6.31076e-007	-0.0036875
6.31576e-007	-0.0043125
6.32076e-007	-0.00525
6.32576e-007	-0.005875
6.33076e-007	-0.0055625
6.33576e-007	-0.0055625
6.34076e-007	-0.0061875
6.34576e-007	-0.0049375
6.35076e-007	-0.004
6.35576e-007	-0.004
6.36076e-007	-0.003375
6.36576e-007	-0.0018125
6.37076e-007	-0.000875
6.37576e-007	-0.0015
6.38076e-007	-0.0018125
6.38576e-007	-0.0015
6.39076e-007	-0.0024375
6.39576e-007	-0.002125
6.40076e-007	-0.002125
6.40576e-007	-0.003375
6.41076e-007	-0.0043125
6.41576e-007	-0.0055625
6.42076e-007	-0.0055625
6.42576e-007	-0.005875
6.43076e-007	-0.0055625
6.43576e-007	-0.0049375
6.44076e-007	-0.0049375
6.44576e-007	-0.0043125
6.45076e-007	-0.003375
6.45576e-007	-0.003375
6.46076e-007	-0.002125
6.46576e-007	-0.0011875
6.47076e-007	-0.0011875
6.47576e-007	-0.0015
6.48076e-007	-0.0015
6.48576e-007	-0.0011875
6.49076e-007	-0.002125
6.49576e-007	-0.00275
6.50076e-007	-0.00275
6.50576e-007	-0.0036875
6.51076e-007	-0.0043125
6.51576e-007	-0.0049375
6.52076e-007	-0.004625
6.52576e-007	-0.00525
6.53076e-007	-0.00525
6.53576e-007	-0.0043125
6.54076e-007	-0.0036875
6.54576e-007	-0.0036875
6.55076e-007	-0.003375
6.55576e-007	-0.0030625
6.56076e-007	-0.00275
6.56576e-007	-0.0018125
6.57076e-007	-0.0015
6.57576e-007	-0.0018125
6.58076e-007	-0.0011875
6.58576e-007	-0.0011875
6.59076e-007	-0.002125
6.59576e-007	-0.0024375
6.60076e-007	-0.00275
6.60576e-007	-0.003375
6.61076e-007	-0.004
6.61576e-007	-0.00525
6.62076e-007	-0.00525
6.62576e-007	-0.00525
6.63076e-007	-0.00525
6.63576e-007	-0.0043125
6.64076e-007	-0.0036875
6.64576e-007	-0.0036875
6.65076e-007	-0.003375
6.65576e-007	-0.00275
6.66076e-007	-0.002125
6.66576e-007	-0.0018125
6.67076e-007	-0.002125
6.67576e-007	-0.0015
6.68076e-007	-0.002125
6.68576e-007	-0.00275
6.69076e-007	-0.0024375
6.69576e-007	-0.0030625
6.70076e-007	-0.0036875
6.70576e-007	-0.0036875
6.71076e-007	-0.0043125
6.71576e-007	-0.004625
6.72076e-007	-0.00525
6.72576e-007	-0.0049375
6.73076e-007	-0.0043125
6.73576e-007	-0.004
6.74076e-007	-0.004
6.74576e-007	-0.0036875
6.75076e-007	-0.0030625
6.75576e-007	-0.0024375
6.76076e-007	-0.002125
6.76576e-007	-0.0024375
6.77076e-007	-0.0030625
6.77576e-007	-0.0024375
6.78076e-007	-0.0024375
6.78576e-007	-0.0030625
6.79076e-007	-0.0030625
6.79576e-007	-0.0030625
6.80076e-007	-0.003375
6.80576e-007	-0.0036875
6.81076e-007	-0.0043125
6.81576e-007	-0.004
6.82076e-007	-0.004625
6.82576e-007	-0.0043125
6.83076e-007	-0.0036875
6.83576e-007	-0.004625
6.84076e-007	-0.0043125
6.84576e-007	-0.0036875
6.85076e-007	-0.0030625
6.85576e-007	-0.0024375
6.86076e-007	-0.002125
6.86576e-007	-0.002125
6.87076e-007	-0.002125
6.87576e-007	-0.0018125
6.88076e-007	-0.0024375
6.88576e-007	-0.00275
6.89076e-007	-0.0030625
6.89576e-007	-0.0030625
6.90076e-007	-0.0024375
6.90576e-007	-0.003375
6.91076e-007	-0.0043125
6.91576e-007	-0.003375
6.92076e-007	-0.003375
6.92576e-007	-0.0036875
6.93076e-007	-0.0043125
6.93576e-007	-0.004
6.94076e-007	-0.0030625
6.94576e-007	-0.003375
6.95076e-007	-0.00275
6.95576e-007	-0.003375
6.96076e-007	-0.0036875
6.96576e-007	-0.00275
6.97076e-007	-0.0024375
6.97576e-007	-0.0018125
6.98076e-007	-0.0024375
6.98576e-007	-0.0024375
6.99076e-007	-0.002125
6.99576e-007	-0.0024375
7.00076e-007	-0.002125
7.00576e-007	-0.002125
7.01076e-007	-0.0030625
7.01576e-007	-0.0030625
7.02076e-007	-0.0036875
7.02576e-007	-0.0036875
7.03076e-007	-0.0036875
7.03576e-007	-0.003375
7.04076e-007	-0.003375
7.04576e-007	-0.004625
7.05076e-007	-0.003375
7.05576e-007	-0.003375
7.06076e-007	-0.0036875
7.06576e-007	-0.003375
7.07076e-007	-0.0030625
7.07576e-007	-0.0018125
7.08076e-007	-0.002125
7.08576e-007	-0.002125
7.09076e-007	-0.0015
7.09576e-007	-0.0018125
7.10076e-007	-0.0024375
7.10576e-007	-0.00275
7.11076e-007	-0.0024375
7.11576e-007	-0.002125
7.12076e-007	-0.00275
7.12576e-007	-0.0024375
7.13076e-007	-0.00275
7.13576e-007	-0.003375
7.14076e-007	-0.0036875
7.14576e-007	-0.004625
7.15076e-007	-0.004625
7.15576e-007	-0.0036875
7.16076e-007	-0.0036875
7.16576e-007	-0.0030625
7.17076e-007	-0.0030625
7.17576e-007	-0.0030625
7.18076e-007	-0.0018125
7.18576e-007	-0.0015
7.19076e-007	-0.002125
7.19576e-007	-0.0018125
7.20076e-007	-0.0018125
7.20576e-007	-0.0011875
7.21076e-007	-0.0015
7.21576e-007	-0.0024375
7.22076e-007	-0.003375
7.22576e-007	-0.0036875
7.23076e-007	-0.004
7.23576e-007	-0.0036875
7.24076e-007	-0.003375
7.24576e-007	-0.0049375
7.25076e-007	-0.0043125
7.25576e-007	-0.0043125
7.26076e-007	-0.004
7.26576e-007	-0.003375
7.27076e-007	-0.003375
7.27576e-007	-0.0030625
7.28076e-007	-0.0024375
7.28576e-007	-0.002125
7.29076e-007	-0.0018125
7.29576e-007	-0.000875
7.30076e-007	-0.0011875
7.30576e-007	-0.0015
7.31076e-007	-0.0015
7.31576e-007	-0.0015
7.32076e-007	-0.002125
7.32576e-007	-0.00275
7.33076e-007	-0.0036875
7.33576e-007	-0.0043125
7.34076e-007	-0.0049375
7.34576e-007	-0.0049375
7.35076e-007	-0.004625
7.35576e-007	-0.004625
7.36076e-007	-0.0036875
7.36576e-007	-0.0036875
7.37076e-007	-0.0030625
7.37576e-007	-0.002125
7.38076e-007	-0.002125
7.38576e-007	-0.000875
7.39076e-007	-0.0011875
7.39576e-007	-0.000875
7.40076e-007	-0.00025
7.40576e-007	-0.0011875
7.41076e-007	-0.0011875
7.41576e-007	-0.0015
7.42076e-007	-0.0024375
7.42576e-007	-0.003375
7.43076e-007	-0.004625
7.43576e-007	-0.0043125
7.44076e-007	-0.004
7.44576e-007	-0.0043125
7.45076e-007	-0.004625
7.45576e-007	-0.0049375
7.46076e-007	-0.0030625
7.46576e-007	-0.0030625
7.47076e-007	-0.0024375
7.47576e-007	-0.002125
7.48076e-007	-0.0018125
7.48576e-007	-0.0011875
7.49076e-007	-0.000875
7.49576e-007	-0.00025
7.50076e-007	-0.0005625
7.50576e-007	-0.0015
7.51076e-007	-0.0015
7.51576e-007	-0.0024375
7.52076e-007	-0.0024375
7.52576e-007	-0.0030625
7.53076e-007	-0.0036875
7.53576e-007	-0.0036875
7.54076e-007	-0.004625
7.54576e-007	-0.0043125
7.55076e-007	-0.004625
7.55576e-007	-0.0049375
7.56076e-007	-0.0030625
7.56576e-007	-0.0030625
7.57076e-007	-0.00275
7.57576e-007	-0.0018125
7.58076e-007	-0.0015
7.58576e-007	-0.0005625
7.59076e-007	-0.0011875
7.59576e-007	-0.0005625
7.60076e-007	-0.0005625
7.60576e-007	-0.0018125
7.61076e-007	-0.0015
7.61576e-007	-0.00275
7.62076e-007	-0.0030625
7.62576e-007	-0.0030625
7.63076e-007	-0.004
7.63576e-007	-0.0043125
7.64076e-007	-0.0049375
7.64576e-007	-0.0036875
7.65076e-007	-0.003375
7.65576e-007	-0.004
7.66076e-007	-0.00275
7.66576e-007	-0.00275
7.67076e-007	-0.0018125
7.67576e-007	-0.000875
7.68076e-007	-0.0011875
7.68576e-007	-0.000875
7.69076e-007	-0.0005625
7.69576e-007	-0.0005625
7.70076e-007	-0.0015
7.70576e-007	-0.0018125
7.71076e-007	-0.0018125
7.71576e-007	-0.002125
7.72076e-007	-0.00275
7.72576e-007	-0.0043125
7.73076e-007	-0.0043125
7.73576e-007	-0.0036875
7.74076e-007	-0.0043125
7.74576e-007	-0.0036875
7.75076e-007	-0.003375
7.75576e-007	-0.003375
7.76076e-007	-0.002125
7.76576e-007	-0.0018125
7.77076e-007	-0.0018125
7.77576e-007	-0.0015
7.78076e-007	-0.0015
7.78576e-007	-0.000875
7.79076e-007	-0.0011875
7.79576e-007	-0.0011875
7.80076e-007	-0.000875
7.80576e-007	-0.000875
7.81076e-007	-0.0015
7.81576e-007	-0.00275
7.82076e-007	-0.00275
7.82576e-007	-0.0030625
7.83076e-007	-0.0036875
7.83576e-007	-0.0036875
7.84076e-007	-0.003375
7.84576e-007	-0.0036875
7.85076e-007	-0.0030625
7.85576e-007	-0.0030625
7.86076e-007	-0.002125
7.86576e-007	-0.0018125
7.87076e-007	-0.0018125
7.87576e-007	-0.0011875
7.88076e-007	-0.000875
7.88576e-007	-0.0005625
7.89076e-007	-0.0015
7.89576e-007	-0.0011875
7.90076e-007	-0.000875
7.90576e-007	-0.0011875
7.91076e-007	-0.0024375
7.91576e-007	-0.0030625
7.92076e-007	-0.0030625
7.92576e-007	-0.00275
7.93076e-007	-0.0030625
7.93576e-007	-0.0030625
7.94076e-007	-0.00275
7.94576e-007	-0.002125
7.95076e-007	-0.002125
7.95576e-007	-0.003375
7.96076e-007	-0.00275
7.96576e-007	-0.002125
7.97076e-007	-0.0015
7.97576e-007	-0.000875
7.98076e-007	-0.0015
7.98576e-007	-0.0018125
7.99076e-007	-0.0015
7.99576e-007	-0.0018125
8.00076e-007	-0.0018125
8.00576e-007	-0.0024375
8.01076e-007	-0.00275
8.01576e-007	-0.0018125
8.02076e-007	-0.002125
8.02576e-007	-0.0018125
8.03076e-007	-0.0024375
8.03576e-007	-0.0030625
8.04076e-007	-0.002125
8.04576e-007	-0.002125
8.05076e-007	-0.002125
8.05576e-007	-0.0018125
8.06076e-007	-0.0015
8.06576e-007	-0.0018125
8.07076e-007	-0.0018125
8.07576e-007	-0.0011875
8.08076e-007	-0.0018125
8.08576e-007	-0.0024375
8.09076e-007	-0.002125
8.09576e-007	-0.0024375
8.10076e-007	-0.002125
8.10576e-007	-0.0024375
8.11076e-007	-0.002125
8.11576e-007	-0.0018125
8.12076e-007	-0.0018125
8.12576e-007	-0.002125
8.13076e-007	-0.002125
8.13576e-007	-0.0015
8.14076e-007	-0.0015
8.14576e-007	-0.0024375
8.15076e-007	-0.0018125
8.15576e-007	-0.002125
8.16076e-007	-0.0024375
8.16576e-007	-0.0015
8.17076e-007	-0.002125
8.17576e-007	-0.0024375
8.18076e-007	-0.00275
8.18576e-007	-0.0024375
8.19076e-007	-0.0024375
8.19576e-007	-0.0030625
8.20076e-007	-0.0030625
8.20576e-007	-0.00275
8.21076e-007	-0.00275
8.21576e-007	-0.002125
8.22076e-007	-0.0015
8.22576e-007	-0.0011875
8.23076e-007	-0.002125
8.23576e-007	-0.0018125
8.24076e-007	-0.0005625
8.24576e-007	-0.0011875
8.25076e-007	-0.0018125
8.25576e-007	-0.0018125
8.26076e-007	-0.002125
8.26576e-007	-0.002125
8.27076e-007	-0.0030625
8.27576e-007	-0.0030625
8.28076e-007	-0.0024375
8.28576e-007	-0.0030625
8.29076e-007	-0.003375
8.29576e-007	-0.004
8.30076e-007	-0.0030625
8.30576e-007	-0.0030625
8.31076e-007	-0.0030625
8.31576e-007	-0.0015
8.32076e-007	-0.0011875
8.32576e-007	-0.0015
8.33076e-007	-0.0011875
8.33576e-007	-0.0005625
8.34076e-007	6.25e-005
8.34576e-007	-0.000875
8.35076e-007	-0.0015
8.35576e-007	-0.000875
8.36076e-007	-0.0015
8.36576e-007	-0.0024375
8.37076e-007	-0.0030625
8.37576e-007	-0.0030625
8.38076e-007	-0.003375
8.38576e-007	-0.003375
8.39076e-007	-0.0030625
8.39576e-007	-0.0030625
8.40076e-007	-0.00275
8.40576e-007	-0.002125
8.41076e-007	-0.0015
8.41576e-007	-0.000875
8.42076e-007	-0.0018125
8.42576e-007	-0.000875
8.43076e-007	-0.000875
8.43576e-007	-0.0005625
8.44076e-007	-0.0005625
8.44576e-007	-0.0018125
8.45076e-007	-0.0011875
8.45576e-007	-0.0015
8.46076e-007	-0.00275
8.46576e-007	-0.0030625
8.47076e-007	-0.00275
8.47576e-007	-0.0030625
8.48076e-007	-0.00275
8.48576e-007	-0.0036875
8.49076e-007	-0.003375
8.49576e-007	-0.0030625
8.50076e-007	-0.002125
8.50576e-007	-0.0018125
8.51076e-007	-0.0011875
8.51576e-007	-0.000875
8.52076e-007	-0.0005625
8.52576e-007	0.000375
8.53076e-007	-0.000875
8.53576e-007	-0.0011875
8.54076e-007	-0.000875
8.54576e-007	-0.0011875
8.55076e-007	-0.002125
8.55576e-007	-0.0018125
8.56076e-007	-0.0018125
8.56576e-007	-0.0030625
8.57076e-007	-0.003375
8.57576e-007	-0.0030625
8.58076e-007	-0.0030625
8.58576e-007	-0.0030625
8.59076e-007	-0.0024375
8.59576e-007	-0.0024375
8.60076e-007	-0.00275
8.60576e-007	-0.002125
8.61076e-007	-0.000875
8.61576e-007	6.25e-005
8.62076e-007	-0.00025
8.62576e-007	-0.0005625
8.63076e-007	-0.000875
8.63576e-007	-0.0005625
8.64076e-007	-0.0015
8.64576e-007	-0.0018125
8.65076e-007	-0.0018125
8.65576e-007	-0.002125
8.66076e-007	-0.0030625
8.66576e-007	-0.0036875
8.67076e-007	-0.0030625
8.67576e-007	-0.0036875
8.68076e-007	-0.0036875
8.68576e-007	-0.003375
8.69076e-007	-0.00275
8.69576e-007	-0.0015
8.70076e-007	-0.0011875
8.70576e-007	-0.0005625
8.71076e-007	6.25e-005
8.71576e-007	-0.0005625
8.72076e-007	6.25e-005
8.72576e-007	0.000375
8.73076e-007	0.000375
8.73576e-007	6.25e-005
8.74076e-007	-0.000875
8.74576e-007	-0.0011875
8.75076e-007	-0.002125
8.75576e-007	-0.00275
8.76076e-007	-0.003375
8.76576e-007	-0.0049375
8.77076e-007	-0.004
8.77576e-007	-0.0030625
8.78076e-007	-0.0030625
8.78576e-007	-0.0030625
8.79076e-007	-0.00275
8.79576e-007	-0.0011875
8.80076e-007	-0.0005625
8.80576e-007	-0.0005625
8.81076e-007	-0.00025
8.81576e-007	6.25e-005
8.82076e-007	0.000375
8.82576e-007	0.001
8.83076e-007	0.000375
8.83576e-007	-0.00025
8.84076e-007	-0.0011875
8.84576e-007	-0.0018125
8.85076e-007	-0.0024375
8.85576e-007	-0.0030625
8.86076e-007	-0.00275
8.86576e-007	-0.004
8.87076e-007	-0.004
8.87576e-007	-0.003375
8.88076e-007	-0.0030625
8.88576e-007	-0.0030625
8.89076e-007	-0.0024375
8.89576e-007	-0.0018125
8.90076e-007	-0.000875
8.90576e-007	-0.000875
8.91076e-007	-0.00025
8.91576e-007	0.0006875
8.92076e-007	0.0006875
8.92576e-007	6.25e-005
8.93076e-007	-0.0005625
8.93576e-007	-0.00025
8.94076e-007	-0.00025
8.94576e-007	-0.0015
8.95076e-007	-0.0018125
8.95576e-007	-0.0030625
8.96076e-007	-0.00275
8.96576e-007	-0.0030625
8.97076e-007	-0.0043125
8.97576e-007	-0.0036875
8.98076e-007	-0.0030625
8.98576e-007	-0.0024375
8.99076e-007	-0.002125
8.99576e-007	-0.0015
9.00076e-007	-0.000875
9.00576e-007	-0.000875
9.01076e-007	0.000375
9.01576e-007	0.0006875
9.02076e-007	6.25e-005
9.02576e-007	6.25e-005
9.03076e-007	-0.0011875
9.03576e-007	-0.0011875
9.04076e-007	-0.0005625
9.04576e-007	-0.0011875
9.05076e-007	-0.002125
9.05576e-007	-0.0030625
9.06076e-007	-0.00275
9.06576e-007	-0.0030625
9.07076e-007	-0.0036875
9.07576e-007	-0.0030625
9.08076e-007	-0.00275
9.08576e-007	-0.0018125
9.09076e-007	-0.0024375
9.09576e-007	-0.002125
9.10076e-007	-0.0011875
9.10576e-007	-0.0015
9.11076e-007	-0.000875
9.11576e-007	-0.00025
9.12076e-007	6.25e-005
9.12576e-007	-0.0005625
9.13076e-007	-0.0011875
9.13576e-007	-0.0005625
9.14076e-007	-0.0011875
9.14576e-007	-0.0024375
9.15076e-007	-0.002125
9.15576e-007	-0.002125
9.16076e-007	-0.0015
9.16576e-007	-0.002125
9.17076e-007	-0.00275
9.17576e-007	-0.0018125
9.18076e-007	-0.0024375
9.18576e-007	-0.0018125
9.19076e-007	-0.002125
9.19576e-007	-0.0018125
9.20076e-007	-0.0005625
9.20576e-007	-0.0011875
9.21076e-007	-0.000875
9.21576e-007	-0.00025
9.22076e-007	-0.000875
9.22576e-007	-0.0011875
9.23076e-007	-0.0015
9.23576e-007	-0.0005625
9.24076e-007	-0.0011875
9.24576e-007	-0.0018125
9.25076e-007	-0.0015
9.25576e-007	-0.0018125
9.26076e-007	-0.0015
9.26576e-007	-0.002125
9.27076e-007	-0.00275
9.27576e-007	-0.002125
9.28076e-007	-0.002125
9.28576e-007	-0.0018125
9.29076e-007	-0.0018125
9.29576e-007	-0.0011875
9.30076e-007	-0.0011875
9.30576e-007	-0.002125
9.31076e-007	-0.0015
9.31576e-007	-0.000875
9.32076e-007	-0.0011875
9.32576e-007	-0.0015
9.33076e-007	-0.0015
9.33576e-007	-0.0011875
9.34076e-007	-0.0011875
9.34576e-007	-0.0015
9.35076e-007	-0.0015
9.35576e-007	-0.002125
9.36076e-007	-0.0015
9.36576e-007	-0.000875
9.37076e-007	-0.0011875
9.37576e-007	-0.0011875
9.38076e-007	-0.0015
9.38576e-007	-0.0005625
9.39076e-007	-0.0011875
9.39576e-007	-0.0018125
9.40076e-007	-0.0011875
9.40576e-007	-0.000875
9.41076e-007	-0.000875
9.41576e-007	-0.0011875
9.42076e-007	-0.0018125
9.42576e-007	-0.0024375
9.43076e-007	-0.002125
9.43576e-007	-0.000875
9.44076e-007	-0.002125
9.44576e-007	-0.002125
9.45076e-007	-0.0018125
9.45576e-007	-0.002125
9.46076e-007	-0.0024375
9.46576e-007	-0.0024375
9.47076e-007	-0.0018125
9.47576e-007	-0.0015
9.48076e-007	-0.0015
9.48576e-007	-0.0011875
9.49076e-007	-0.0015
9.49576e-007	-0.0011875
9.50076e-007	-0.0011875
9.50576e-007	-0.000875
9.51076e-007	-0.0015
9.51576e-007	-0.0011875
9.52076e-007	-0.0011875
9.52576e-007	-0.0018125
9.53076e-007	-0.0018125
9.53576e-007	-0.0018125
9.54076e-007	-0.002125
9.54576e-007	-0.002125
9.55076e-007	-0.002125
9.55576e-007	-0.0018125
9.56076e-007	-0.0018125
9.56576e-007	-0.002125
9.57076e-007	-0.002125
9.57576e-007	-0.002125
9.58076e-007	-0.0015
9.58576e-007	-0.000875
9.59076e-007	-0.000875
9.59576e-007	-0.000875
9.60076e-007	-0.0015
9.60576e-007	-0.000875
9.61076e-007	-0.0005625
9.61576e-007	-0.000875
9.62076e-007	-0.000875
9.62576e-007	-0.0011875
9.63076e-007	-0.0015
9.63576e-007	-0.0015
9.64076e-007	-0.0018125
9.64576e-007	-0.0018125
9.65076e-007	-0.002125
9.65576e-007	-0.0024375
9.66076e-007	-0.0024375
9.66576e-007	-0.002125
9.67076e-007	-0.002125
9.67576e-007	-0.0024375
9.68076e-007	-0.0018125
9.68576e-007	-0.000875
9.69076e-007	-0.0011875
9.69576e-007	-0.0015
9.70076e-007	-0.0011875
9.70576e-007	-0.00025
9.71076e-007	-0.0005625
9.71576e-007	-0.000875
9.72076e-007	-0.0005625
9.72576e-007	-0.000875
9.73076e-007	-0.0011875
9.73576e-007	-0.000875
9.74076e-007	-0.0015
9.74576e-007	-0.0024375
9.75076e-007	-0.0024375
9.75576e-007	-0.0024375
9.76076e-007	-0.0024375
9.76576e-007	-0.0024375
9.77076e-007	-0.00275
9.77576e-007	-0.0024375
9.78076e-007	-0.002125
9.78576e-007	-0.0018125
9.79076e-007	-0.0015
9.79576e-007	-0.0011875
9.80076e-007	-0.0011875
9.80576e-007	-0.0011875
9.81076e-007	-0.00025
9.81576e-007	0.0006875
9.82076e-007	0.0006875
9.82576e-007	-0.0005625
9.83076e-007	-0.0011875
9.83576e-007	-0.0011875
9.84076e-007	-0.000875
9.84576e-007	-0.0011875
9.85076e-007	-0.0024375
9.85576e-007	-0.0024375
9.86076e-007	-0.0024375
9.86576e-007	-0.0036875
9.87076e-007	-0.003375
9.87576e-007	-0.0030625
9.88076e-007	-0.002125
9.88576e-007	-0.0018125
9.89076e-007	-0.0018125
9.89576e-007	-0.0011875
9.90076e-007	-0.000875
9.90576e-007	-0.0005625
9.91076e-007	6.25e-005
9.91576e-007	6.25e-005
9.92076e-007	-0.00025
9.92576e-007	6.25e-005
9.93076e-007	6.25e-005
9.93576e-007	6.25e-005
9.94076e-007	-0.0015
9.94576e-007	-0.0015
9.95076e-007	-0.0018125
9.95576e-007	-0.0024375
9.96076e-007	-0.002125
9.96576e-007	-0.00275
9.97076e-007	-0.0030625
9.97576e-007	-0.003375
9.98076e-007	-0.0024375
9.98576e-007	-0.002125
9.99076e-007	-0.002125
9.99576e-007	-0.0011875
1.000076e-006	-0.0005625
1.000576e-006	-0.00025
1.001076e-006	0.000375
1.001576e-006	0.0006875
1.002076e-006	0.000375
1.002576e-006	-0.00025
1.003076e-006	6.25e-005
1.003576e-006	6.25e-005
1.004076e-006	-0.0005625
1.004576e-006	-0.0011875
1.005076e-006	-0.0024375
1.005576e-006	-0.0024375
1.006076e-006	-0.0024375
1.006576e-006	-0.0024375
1.007076e-006	-0.0024375
1.007576e-006	-0.002125
1.008076e-006	-0.00275
1.008576e-006	-0.0030625
1.009076e-006	-0.002125
1.009576e-006	-0.0005625
1.010076e-006	-0.0005625
1.010576e-006	6.25e-005
1.011076e-006	6.25e-005
1.011576e-006	6.25e-005
1.012076e-006	0.000375
1.012576e-006	0.000375
1.013076e-006	-0.00025
1.013576e-006	-0.0005625
1.014076e-006	-0.000875
1.014576e-006	-0.0011875
1.015076e-006	-0.0024375
1.015576e-006	-0.002125
1.016076e-006	-0.002125
1.016576e-006	-0.00275
1.017076e-006	-0.00275
1.017576e-006	-0.0024375
1.018076e-006	-0.0024375
1.018576e-006	-0.0024375
1.019076e-006	-0.0018125
1.019576e-006	-0.0011875
1.020076e-006	-0.00025
1.020576e-006	0.000375
1.021076e-006	-0.0005625
1.021576e-006	-0.0005625
1.022076e-006	6.25e-005
1.022576e-006	6.25e-005
1.023076e-006	-0.00025
1.023576e-006	-0.000875
1.024076e-006	-0.000875
1.024576e-006	-0.0018125
1.025076e-006	-0.0024375
1.025576e-006	-0.0024375
1.026076e-006	-0.002125
1.026576e-006	-0.002125
1.027076e-006	-0.0024375
1.027576e-006	-0.00275
1.028076e-006	-0.0015
1.028576e-006	-0.0011875
1.029076e-006	-0.0005625
1.029576e-006	-0.0011875
1.030076e-006	-0.0011875
1.030576e-006	-0.00025
1.031076e-006	0.000375
1.031576e-006	0.000375
1.032076e-006	-0.0005625
1.032576e-006	-0.000875
1.033076e-006	-0.000875
1.033576e-006	-0.0011875
1.034076e-006	-0.0015
1.034576e-006	-0.002125
1.035076e-006	-0.0018125
1.035576e-006	-0.0018125
1.036076e-006	-0.0024375
1.036576e-006	-0.0024375
1.037076e-006	-0.00275
1.037576e-006	-0.0018125
1.038076e-006	-0.0011875
1.038576e-006	-0.000875
1.039076e-006	-0.0005625
1.039576e-006	-0.0005625
1.040076e-006	6.25e-005
1.040576e-006	6.25e-005
1.041076e-006	-0.0005625
1.041576e-006	-0.00025
1.042076e-006	-0.00025
1.042576e-006	-0.0005625
1.043076e-006	-0.0011875
1.043576e-006	-0.0015
1.044076e-006	-0.0015
1.044576e-006	-0.002125
1.045076e-006	-0.0024375
1.045576e-006	-0.00275
1.046076e-006	-0.0024375
1.046576e-006	-0.002125
1.047076e-006	-0.0024375
1.047576e-006	-0.0018125
1.048076e-006	-0.0018125
1.048576e-006	-0.0018125
1.049076e-006	-0.00025
1.049576e-006	0.0006875
1.050076e-006	0.0006875
1.050576e-006	0.000375
1.051076e-006	6.25e-005
1.051576e-006	6.25e-005
1.052076e-006	-0.00025
1.052576e-006	-0.0005625
1.053076e-006	-0.0015
1.053576e-006	-0.0015
1.054076e-006	-0.0018125
1.054576e-006	-0.0018125
1.055076e-006	-0.0015
1.055576e-006	-0.002125
1.056076e-006	-0.0030625
1.056576e-006	-0.0024375
1.057076e-006	-0.002125
1.057576e-006	-0.0015
1.058076e-006	-0.000875
1.058576e-006	-0.000875
1.059076e-006	-0.0005625
1.059576e-006	-0.00025
1.060076e-006	0.000375
1.060576e-006	0.0006875
1.061076e-006	-0.00025
1.061576e-006	-0.0005625
1.062076e-006	-0.00025
1.062576e-006	-0.0005625
1.063076e-006	-0.0011875
1.063576e-006	-0.0015
1.064076e-006	-0.0015
1.064576e-006	-0.002125
1.065076e-006	-0.0030625
1.065576e-006	-0.00275
1.066076e-006	-0.00275
1.066576e-006	-0.00275
1.067076e-006	-0.002125
1.067576e-006	-0.0015
1.068076e-006	-0.0011875
1.068576e-006	-0.0011875
1.069076e-006	-0.0005625
1.069576e-006	-0.000875
1.070076e-006	-0.00025
1.070576e-006	0.001
1.071076e-006	6.25e-005
1.071576e-006	-0.0005625
1.072076e-006	-0.00025
1.072576e-006	-0.0005625
1.073076e-006	-0.0011875
1.073576e-006	-0.0015
1.074076e-006	-0.0011875
1.074576e-006	-0.0024375
1.075076e-006	-0.00275
1.075576e-006	-0.0018125
1.076076e-006	-0.0024375
1.076576e-006	-0.0024375
1.077076e-006	-0.0024375
1.077576e-006	-0.0011875
1.078076e-006	-0.0011875
1.078576e-006	-0.0011875
1.079076e-006	-0.0005625
1.079576e-006	6.25e-005
1.080076e-006	6.25e-005
1.080576e-006	0.0006875
1.081076e-006	6.25e-005
1.081576e-006	0.0006875
1.082076e-006	6.25e-005
1.082576e-006	-0.0005625
1.083076e-006	-0.0015
1.083576e-006	-0.0015
1.084076e-006	-0.000875
1.084576e-006	-0.000875
1.085076e-006	-0.0015
1.085576e-006	-0.002125
1.086076e-006	-0.0015
1.086576e-006	-0.000875
1.087076e-006	-0.0015
1.087576e-006	-0.002125
1.088076e-006	-0.0015
1.088576e-006	-0.0005625
1.089076e-006	6.25e-005
1.089576e-006	-0.0005625
1.090076e-006	-0.0005625
1.090576e-006	6.25e-005
1.091076e-006	-0.00025
1.091576e-006	-0.0005625
1.092076e-006	0.000375
1.092576e-006	-0.00025
1.093076e-006	-0.0011875
1.093576e-006	-0.0011875
1.094076e-006	-0.0018125
1.094576e-006	-0.002125
1.095076e-006	-0.0018125
1.095576e-006	-0.0018125
1.096076e-006	-0.0018125
1.096576e-006	-0.002125
1.097076e-006	-0.002125
1.097576e-006	-0.000875
1.098076e-006	-0.0015
1.098576e-006	-0.0015
1.099076e-006	-0.0015
1.099576e-006	-0.00025
1.100076e-006	6.25e-005
1.100576e-006	0.000375
1.101076e-006	6.25e-005
1.101576e-006	-0.000875
1.102076e-006	-0.0011875
1.102576e-006	-0.0011875
1.103076e-006	-0.0015
1.103576e-006	-0.0005625
1.104076e-006	-0.0005625
1.104576e-006	-0.0011875
1.105076e-006	-0.0011875
1.105576e-006	-0.0011875
1.106076e-006	-0.0005625
1.106576e-006	-0.0005625
1.107076e-006	-0.0015
1.107576e-006	-0.0018125
1.108076e-006	-0.0011875
1.108576e-006	-0.000875
1.109076e-006	-0.000875
1.109576e-006	-0.000875
1.110076e-006	-0.00025
1.110576e-006	-0.0005625
1.111076e-006	-0.0005625
1.111576e-006	-0.000875
1.112076e-006	6.25e-005
1.112576e-006	-0.0005625
1.113076e-006	-0.0011875
1.113576e-006	-0.000875
1.114076e-006	-0.0011875
1.114576e-006	-0.000875
1.115076e-006	-0.0005625
1.115576e-006	-0.0011875
1.116076e-006	-0.0011875
1.116576e-006	-0.0015
1.117076e-006	-0.0015
1.117576e-006	-0.000875
1.118076e-006	-0.0011875
1.118576e-006	-0.0011875
1.119076e-006	-0.0015
1.119576e-006	-0.000875
1.120076e-006	-0.0011875
1.120576e-006	-0.0011875
1.121076e-006	-0.0011875
1.121576e-006	-0.0015
1.122076e-006	-0.0011875
1.122576e-006	-0.000875
1.123076e-006	-0.000875
1.123576e-006	-0.0005625
1.124076e-006	-0.0015
1.124576e-006	-0.0015
1.125076e-006	-0.000875
1.125576e-006	-0.000875
1.126076e-006	-0.000875
1.126576e-006	-0.000875
1.127076e-006	-0.000875
1.127576e-006	-0.0005625
1.128076e-006	-0.0005625
1.128576e-006	-0.0005625
1.129076e-006	-0.0011875
1.129576e-006	-0.000875
1.130076e-006	-0.0011875
1.130576e-006	-0.0011875
1.131076e-006	-0.0005625
1.131576e-006	-0.0011875
1.132076e-006	-0.0005625
1.132576e-006	-0.0005625
1.133076e-006	-0.000875
1.133576e-006	-0.000875
1.134076e-006	-0.000875
1.134576e-006	-0.0005625
1.135076e-006	-0.0005625
1.135576e-006	-0.000875
1.136076e-006	-0.00025
1.136576e-006	-0.000875
1.137076e-006	-0.000875
1.137576e-006	-0.0005625
1.138076e-006	-0.0011875
1.138576e-006	-0.0011875
1.139076e-006	-0.0015
1.139576e-006	-0.0011875
1.140076e-006	-0.0011875
1.140576e-006	-0.0011875
1.141076e-006	-0.0011875
1.141576e-006	-0.0015
1.142076e-006	-0.0018125
1.142576e-006	-0.0005625
1.143076e-006	-0.0011875
1.143576e-006	-0.0005625
1.144076e-006	-0.0011875
1.144576e-006	-0.0005625
1.145076e-006	6.25e-005
1.145576e-006	-0.0011875
1.146076e-006	-0.0005625
1.146576e-006	6.25e-005
1.147076e-006	0.000375
1.147576e-006	-0.0005625
1.148076e-006	-0.0011875
1.148576e-006	-0.0005625
1.149076e-006	-0.0011875
1.149576e-006	-0.0015
1.150076e-006	-0.0015
1.150576e-006	-0.0015
1.151076e-006	-0.000875
1.151576e-006	-0.0011875
1.152076e-006	-0.000875
1.152576e-006	-0.000875
1.153076e-006	-0.0011875
1.153576e-006	-0.00025
1.154076e-006	-0.0005625
1.154576e-006	-0.0005625
1.155076e-006	6.25e-005
1.155576e-006	-0.0005625
1.156076e-006	6.25e-005
1.156576e-006	-0.0005625
1.157076e-006	-0.00025
1.157576e-006	-0.0005625
1.158076e-006	-0.0011875
1.158576e-006	-0.0011875
1.159076e-006	-0.0018125
1.159576e-006	-0.0011875
1.160076e-006	-0.0015
1.160576e-006	-0.0015
1.161076e-006	-0.0015
1.161576e-006	-0.0018125
1.162076e-006	-0.0015
1.162576e-006	-0.0011875
1.163076e-006	-0.0011875
1.163576e-006	-0.00025
1.164076e-006	-0.000875
1.164576e-006	-0.0005625
1.165076e-006	6.25e-005
1.165576e-006	6.25e-005
1.166076e-006	-0.00025
1.166576e-006	-0.0005625
1.167076e-006	-0.0005625
1.167576e-006	-0.0011875
1.168076e-006	-0.0015
1.168576e-006	-0.000875
1.169076e-006	-0.0018125
1.169576e-006	-0.0018125
1.170076e-006	-0.002125
1.170576e-006	-0.0011875
1.171076e-006	-0.0005625
1.171576e-006	-0.0011875
1.172076e-006	-0.0015
1.172576e-006	-0.000875
1.173076e-006	-0.000875
1.173576e-006	-0.0005625
1.174076e-006	-0.0005625
1.174576e-006	6.25e-005
1.175076e-006	6.25e-005
1.175576e-006	-0.0005625
1.176076e-006	0.000375
1.176576e-006	-0.0005625
1.177076e-006	-0.0005625
1.177576e-006	-0.0011875
1.178076e-006	-0.000875
1.178576e-006	-0.000875
1.179076e-006	-0.000875
1.179576e-006	-0.000875
1.180076e-006	-0.0015
1.180576e-006	-0.0011875
1.181076e-006	-0.0011875
1.181576e-006	-0.0015
1.182076e-006	-0.0011875
1.182576e-006	-0.000875
1.183076e-006	-0.0005625
1.183576e-006	6.25e-005
1.184076e-006	-0.00025
1.184576e-006	-0.0005625
1.185076e-006	-0.000875
1.185576e-006	-0.00025
1.186076e-006	-0.0005625
1.186576e-006	6.25e-005
1.187076e-006	-0.00025
1.187576e-006	-0.000875
1.188076e-006	-0.000875
1.188576e-006	-0.000875
1.189076e-006	-0.0005625
1.189576e-006	-0.000875
1.190076e-006	-0.002125
1.190576e-006	-0.0011875
1.191076e-006	-0.000875
1.191576e-006	-0.0005625
1.192076e-006	-0.000875
1.192576e-006	-0.0005625
1.193076e-006	6.25e-005
1.193576e-006	-0.0005625
1.194076e-006	6.25e-005
1.194576e-006	0.000375
1.195076e-006	6.25e-005
1.195576e-006	-0.0011875
1.196076e-006	-0.0011875
1.196576e-006	-0.00025
1.197076e-006	-0.0005625
1.197576e-006	-0.0011875
1.198076e-006	-0.0005625
1.198576e-006	-0.0011875
1.199076e-006	-0.0011875
1.199576e-006	-0.0005625
1.200076e-006	-0.0005625
1.200576e-006	-0.0011875
1.201076e-006	-0.0015
1.201576e-006	-0.00025
1.202076e-006	-0.00025
1.202576e-006	-0.0005625
1.203076e-006	-0.0005625
1.203576e-006	6.25e-005
1.204076e-006	0.0006875
1.204576e-006	6.25e-005
1.205076e-006	-0.0005625
1.205576e-006	-0.000875
1.206076e-006	-0.0011875
1.206576e-006	-0.000875
1.207076e-006	-0.0015
1.207576e-006	-0.000875
1.208076e-006	-0.0011875
1.208576e-006	-0.0011875
1.209076e-006	-0.0015
1.209576e-006	-0.0011875
1.210076e-006	-0.000875
1.210576e-006	-0.0005625
1.211076e-006	-0.0005625
1.211576e-006	6.25e-005
1.212076e-006	0.000375
1.212576e-006	0.0006875
1.213076e-006	-0.00025
1.213576e-006	0.0006875
1.214076e-006	0.0006875
1.214576e-006	-0.00025
1.215076e-006	-0.0005625
1.215576e-006	-0.000875
1.216076e-006	-0.0005625
1.216576e-006	-0.0011875
1.217076e-006	-0.0018125
1.217576e-006	-0.002125
1.218076e-006	-0.0024375
1.218576e-006	-0.0011875
1.219076e-006	-0.0011875
1.219576e-006	-0.0011875
1.220076e-006	-0.0005625
1.220576e-006	-0.0005625
1.221076e-006	6.25e-005
1.221576e-006	6.25e-005
1.222076e-006	0.000375
1.222576e-006	0.000375
1.223076e-006	0.000375
1.223576e-006	0.0006875
1.224076e-006	0.000375
1.224576e-006	0.000375
1.225076e-006	0.000375
1.225576e-006	-0.000875
1.226076e-006	-0.0015
1.226576e-006	-0.002125
1.227076e-006	-0.0024375
1.227576e-006	-0.0024375
1.228076e-006	-0.002125
1.228576e-006	-0.0018125
1.229076e-006	-0.0015
1.229576e-006	-0.0011875
1.230076e-006	-0.0011875
1.230576e-006	-0.00025
1.231076e-006	6.25e-005
1.231576e-006	0.000375
1.232076e-006	0.0006875
1.232576e-006	0.000375
1.233076e-006	0.0006875
1.233576e-006	0.001
1.234076e-006	0.001
1.234576e-006	0.0006875
1.235076e-006	6.25e-005
1.235576e-006	-0.0005625
1.236076e-006	-0.0011875
1.236576e-006	-0.0018125
1.237076e-006	-0.0018125
1.237576e-006	-0.0024375
1.238076e-006	-0.0030625
1.238576e-006	-0.0024375
1.239076e-006	-0.002125
1.239576e-006	-0.0015
1.240076e-006	-0.0015
1.240576e-006	-0.000875
1.241076e-006	-0.00025
1.241576e-006	6.25e-005
1.242076e-006	0.0013125
1.242576e-006	0.0013125
1.243076e-006	0.0006875
1.243576e-006	0.001
1.244076e-006	0.001
1.244576e-006	6.25e-005
1.245076e-006	0.000375
1.245576e-006	6.25e-005
1.246076e-006	-0.000875
1.246576e-006	-0.0024375
1.247076e-006	-0.002125
1.247576e-006	-0.002125
1.248076e-006	-0.00275
1.248576e-006	-0.002125
1.249076e-006	-0.002125
1.249576e-006	-0.0018125
1.250076e-006	-0.002125
1.250576e-006	-0.0015
1.251076e-006	-0.000875
1.251576e-006	6.25e-005
1.252076e-006	0.000375
1.252576e-006	0.001
1.253076e-006	0.0006875
1.253576e-006	0.001625
1.254076e-006	0.0019375
1.254576e-006	0.001
1.255076e-006	0.0006875
1.255576e-006	0.000375
1.256076e-006	6.25e-005
1.256576e-006	-0.0011875
1.257076e-006	-0.002125
1.257576e-006	-0.0018125
1.258076e-006	-0.0018125
1.258576e-006	-0.0018125
1.259076e-006	-0.002125
1.259576e-006	-0.00275
1.260076e-006	-0.0018125
1.260576e-006	-0.0011875
1.261076e-006	-0.0005625
1.261576e-006	-0.0005625
1.262076e-006	-0.0005625
1.262576e-006	0.001
1.263076e-006	0.000375
1.263576e-006	-0.00025
1.264076e-006	0.001
1.264576e-006	0.0013125
1.265076e-006	0.0013125
1.265576e-006	0.000375
1.266076e-006	6.25e-005
1.266576e-006	-0.000875
1.267076e-006	-0.000875
1.267576e-006	-0.0015
1.268076e-006	-0.002125
1.268576e-006	-0.0024375
1.269076e-006	-0.0018125
1.269576e-006	-0.0011875
1.270076e-006	-0.0018125
1.270576e-006	-0.0018125
1.271076e-006	-0.0015
1.271576e-006	-0.00025
1.272076e-006	-0.000875
1.272576e-006	-0.0005625
1.273076e-006	-0.00025
1.273576e-006	0.000375
1.274076e-006	6.25e-005
1.274576e-006	0.000375
1.275076e-006	0.0006875
1.275576e-006	-0.00025
1.276076e-006	6.25e-005
1.276576e-006	-0.00025
1.277076e-006	-0.0011875
1.277576e-006	-0.000875
1.278076e-006	-0.0011875
1.278576e-006	-0.0018125
1.279076e-006	-0.002125
1.279576e-006	-0.0018125
1.280076e-006	-0.000875
1.280576e-006	-0.0015
1.281076e-006	-0.0015
1.281576e-006	-0.0011875
1.282076e-006	-0.0005625
1.282576e-006	-0.00025
1.283076e-006	6.25e-005
1.283576e-006	6.25e-005
1.284076e-006	0.001
1.284576e-006	6.25e-005
1.285076e-006	-0.0005625
1.285576e-006	-0.00025
1.286076e-006	6.25e-005
1.286576e-006	-0.00025
1.287076e-006	-0.00025
1.287576e-006	-0.0005625
1.288076e-006	-0.0015
1.288576e-006	-0.0011875
1.289076e-006	-0.0011875
1.289576e-006	-0.000875
1.290076e-006	-0.000875
1.290576e-006	-0.0005625
1.291076e-006	-0.0005625
1.291576e-006	-0.000875
1.292076e-006	-0.0015
1.292576e-006	-0.0005625
1.293076e-006	6.25e-005
1.293576e-006	0.000375
1.294076e-006	-0.00025
1.294576e-006	0.000375
1.295076e-006	0.000375
1.295576e-006	6.25e-005
1.296076e-006	-0.00025
1.296576e-006	-0.00025
1.297076e-006	-0.00025
1.297576e-006	-0.000875
1.298076e-006	-0.000875
1.298576e-006	-0.0011875
1.299076e-006	-0.002125
1.299576e-006	-0.0018125
1.300076e-006	-0.000875
1.300576e-006	-0.0005625
1.301076e-006	-0.0011875
1.301576e-006	-0.0005625
1.302076e-006	6.25e-005
1.302576e-006	-0.0005625
1.303076e-006	-0.000875
1.303576e-006	6.25e-005
1.304076e-006	0.001
1.304576e-006	0.0006875
1.305076e-006	-0.00025
1.305576e-006	-0.0011875
1.306076e-006	-0.0011875
1.306576e-006	-0.0005625
1.307076e-006	-0.0011875
1.307576e-006	-0.0011875
1.308076e-006	-0.0005625
1.308576e-006	-0.0015
1.309076e-006	-0.0018125
1.309576e-006	-0.0011875
1.310076e-006	-0.000875
1.310576e-006	-0.00025
1.311076e-006	-0.0005625
1.311576e-006	-0.000875
1.312076e-006	-0.00025
1.312576e-006	-0.0005625
1.313076e-006	6.25e-005
1.313576e-006	0.001
1.314076e-006	0.000375
1.314576e-006	-0.00025
1.315076e-006	6.25e-005
1.315576e-006	-0.0005625
1.316076e-006	-0.000875
1.316576e-006	-0.0005625
1.317076e-006	-0.0011875
1.317576e-006	-0.000875
1.318076e-006	-0.0015
1.318576e-006	-0.0015
1.319076e-006	-0.0015
1.319576e-006	-0.0018125
1.320076e-006	-0.0015
1.320576e-006	-0.000875
1.321076e-006	-0.00025
1.321576e-006	-0.0005625
1.322076e-006	6.25e-005
1.322576e-006	0.0006875
1.323076e-006	6.25e-005
1.323576e-006	0.000375
1.324076e-006	0.001
1.324576e-006	0.0006875
1.325076e-006	6.25e-005
1.325576e-006	-0.0005625
1.326076e-006	6.25e-005
1.326576e-006	-0.000875
1.327076e-006	-0.000875
1.327576e-006	-0.000875
1.328076e-006	-0.0011875
1.328576e-006	-0.0011875
1.329076e-006	-0.0018125
1.329576e-006	-0.0015
1.330076e-006	-0.0011875
1.330576e-006	-0.0018125
1.331076e-006	-0.000875
1.331576e-006	6.25e-005
1.332076e-006	0.0006875
1.332576e-006	0.000375
1.333076e-006	-0.00025
1.333576e-006	0.0013125
1.334076e-006	0.0013125
1.334576e-006	0.000375
1.335076e-006	6.25e-005
1.335576e-006	0.000375
1.336076e-006	6.25e-005
1.336576e-006	-0.000875
1.337076e-006	-0.000875
1.337576e-006	-0.0005625
1.338076e-006	-0.000875
1.338576e-006	-0.000875
1.339076e-006	-0.002125
1.339576e-006	-0.0018125
1.340076e-006	-0.0015
1.340576e-006	-0.0011875
1.341076e-006	-0.000875
1.341576e-006	6.25e-005
1.342076e-006	6.25e-005
1.342576e-006	0.000375
1.343076e-006	0.0006875
1.343576e-006	0.001
1.344076e-006	0.0006875
1.344576e-006	6.25e-005
1.345076e-006	0.000375
1.345576e-006	0.0006875
1.346076e-006	6.25e-005
1.346576e-006	-0.0005625
1.347076e-006	0.000375
1.347576e-006	-0.00025
1.348076e-006	-0.0015
1.348576e-006	-0.0011875
1.349076e-006	-0.000875
1.349576e-006	-0.000875
1.350076e-006	-0.0011875
1.350576e-006	-0.0015
1.351076e-006	-0.000875
1.351576e-006	-0.0005625
1.352076e-006	-0.0005625
1.352576e-006	-0.0005625
1.353076e-006	-0.00025
1.353576e-006	-0.00025
1.354076e-006	6.25e-005
1.354576e-006	0.0006875
1.355076e-006	6.25e-005
1.355576e-006	-0.0005625
1.356076e-006	0.000375
1.356576e-006	0.000375
1.357076e-006	6.25e-005
1.357576e-006	6.25e-005
1.358076e-006	-0.000875
1.358576e-006	-0.0005625
1.359076e-006	-0.000875
1.359576e-006	-0.000875
1.360076e-006	-0.000875
1.360576e-006	-0.000875
1.361076e-006	-0.0011875
1.361576e-006	-0.0011875
1.362076e-006	-0.000875
1.362576e-006	-0.0005625
1.363076e-006	-0.0005625
1.363576e-006	-0.00025
1.364076e-006	6.25e-005
1.364576e-006	6.25e-005
1.365076e-006	-0.00025
1.365576e-006	-0.00025
1.366076e-006	0.0006875
1.366576e-006	0.000375
1.367076e-006	0.0006875
1.367576e-006	0.0006875
1.368076e-006	6.25e-005
1.368576e-006	6.25e-005
1.369076e-006	-0.00025
1.369576e-006	-0.0005625
1.370076e-006	-0.0005625
1.370576e-006	-0.000875
1.371076e-006	-0.0011875
1.371576e-006	-0.0018125
1.372076e-006	-0.002125
1.372576e-006	-0.0011875
1.373076e-006	-0.0011875
1.373576e-006	-0.000875
1.374076e-006	-0.0005625
1.374576e-006	-0.0005625
1.375076e-006	-0.00025
1.375576e-006	6.25e-005
1.376076e-006	6.25e-005
1.376576e-006	6.25e-005
1.377076e-006	0.0006875
1.377576e-006	0.0006875
1.378076e-006	0.0006875
1.378576e-006	0.001
1.379076e-006	0.0006875
1.379576e-006	-0.00025
1.380076e-006	-0.000875
1.380576e-006	-0.000875
1.381076e-006	-0.0011875
1.381576e-006	-0.0011875
1.382076e-006	-0.0018125
1.382576e-006	-0.000875
1.383076e-006	-0.0015
1.383576e-006	-0.0011875
1.384076e-006	-0.0005625
1.384576e-006	-0.0005625
1.385076e-006	-0.0005625
1.385576e-006	-0.0005625
1.386076e-006	6.25e-005
1.386576e-006	6.25e-005
1.387076e-006	6.25e-005
1.387576e-006	0.001
1.388076e-006	0.001
1.388576e-006	0.001
1.389076e-006	0.0019375
1.389576e-006	0.000375
1.390076e-006	0.0006875
1.390576e-006	-0.0005625
1.391076e-006	-0.0015
1.391576e-006	-0.0015
1.392076e-006	-0.0018125
1.392576e-006	-0.002125
1.393076e-006	-0.002125
1.393576e-006	-0.0015
1.394076e-006	-0.000875
1.394576e-006	-0.0018125
1.395076e-006	-0.0011875
1.395576e-006	6.25e-005
1.396076e-006	6.25e-005
1.396576e-006	0.000375
1.397076e-006	0.0006875
1.397576e-006	0.0013125
1.398076e-006	0.0019375
1.398576e-006	0.0013125
1.399076e-006	0.001
1.399576e-006	0.0006875
1.400076e-006	0.000375
1.400576e-006	-0.000875
1.401076e-006	-0.0015
1.401576e-006	-0.000875
1.402076e-006	-0.0011875
1.402576e-006	-0.0015
1.403076e-006	-0.00275
1.403576e-006	-0.0018125
1.404076e-006	-0.0011875
1.404576e-006	-0.0011875
1.405076e-006	-0.0005625
1.405576e-006	-0.0005625
1.406076e-006	6.25e-005
1.406576e-006	0.001625
1.407076e-006	0.0013125
1.407576e-006	0.001
1.408076e-006	0.0013125
1.408576e-006	0.0013125
1.409076e-006	0.0006875
1.409576e-006	-0.000875
1.410076e-006	-0.0005625
1.410576e-006	-0.000875
1.411076e-006	-0.000875
1.411576e-006	-0.000875
1.412076e-006	-0.0018125
1.412576e-006	-0.0024375
1.413076e-006	-0.0024375
1.413576e-006	-0.0015
1.414076e-006	-0.0011875
1.414576e-006	-0.0011875
1.415076e-006	0.0006875
1.415576e-006	6.25e-005
1.416076e-006	0.0006875
1.416576e-006	0.0013125
1.417076e-006	0.001
1.417576e-006	0.001625
1.418076e-006	0.0019375
1.418576e-006	0.001
1.419076e-006	0.001
1.419576e-006	6.25e-005
1.420076e-006	-0.0005625
1.420576e-006	-0.0011875
1.421076e-006	-0.0018125
1.421576e-006	-0.002125
1.422076e-006	-0.0024375
1.422576e-006	-0.0018125
1.423076e-006	-0.0024375
1.423576e-006	-0.0018125
1.424076e-006	-0.0011875
1.424576e-006	-0.00025
1.425076e-006	0.0006875
1.425576e-006	0.0006875
1.426076e-006	0.000375
1.426576e-006	0.001625
1.427076e-006	0.00225
1.427576e-006	0.0019375
1.428076e-006	6.25e-005
1.428576e-006	6.25e-005
1.429076e-006	0.001
1.429576e-006	-0.00025
1.430076e-006	-0.0015
1.430576e-006	-0.0015
1.431076e-006	-0.0015
1.431576e-006	-0.0024375
1.432076e-006	-0.002125
1.432576e-006	-0.002125
1.433076e-006	-0.002125
1.433576e-006	-0.0015
1.434076e-006	-0.0005625
1.434576e-006	-0.0005625
1.435076e-006	0.000375
1.435576e-006	0.001
1.436076e-006	0.001625
1.436576e-006	0.0013125
1.437076e-006	0.0019375
1.437576e-006	0.0019375
1.438076e-006	0.0019375
1.438576e-006	0.0006875
1.439076e-006	-0.00025
1.439576e-006	6.25e-005
1.440076e-006	-0.000875
1.440576e-006	-0.0018125
1.441076e-006	-0.002125
1.441576e-006	-0.0024375
1.442076e-006	-0.0024375
1.442576e-006	-0.0018125
1.443076e-006	-0.0015
1.443576e-006	-0.000875
1.444076e-006	-0.0011875
1.444576e-006	6.25e-005
1.445076e-006	0.0006875
1.445576e-006	0.000375
1.446076e-006	0.0019375
1.446576e-006	0.0025625
1.447076e-006	0.00225
1.447576e-006	0.0013125
1.448076e-006	0.0013125
1.448576e-006	0.0006875
1.449076e-006	6.25e-005
1.449576e-006	-0.00025
1.450076e-006	-0.0015
1.450576e-006	-0.0011875
1.451076e-006	-0.0024375
1.451576e-006	-0.00275
1.452076e-006	-0.0024375
1.452576e-006	-0.00275
1.453076e-006	-0.002125
1.453576e-006	-0.002125
1.454076e-006	-0.000875
1.454576e-006	6.25e-005
1.455076e-006	0.000375
1.455576e-006	0.0013125
1.456076e-006	0.0019375
1.456576e-006	0.0019375
1.457076e-006	0.0025625
1.457576e-006	0.001625
1.458076e-006	0.001625
1.458576e-006	0.0006875
1.459076e-006	0.000375
1.459576e-006	6.25e-005
1.460076e-006	-0.0011875
1.460576e-006	-0.002125
1.461076e-006	-0.002125
1.461576e-006	-0.0024375
1.462076e-006	-0.0024375
1.462576e-006	-0.0024375
1.463076e-006	-0.0024375
1.463576e-006	-0.0018125
1.464076e-006	-0.0005625
1.464576e-006	6.25e-005
1.465076e-006	0.000375
1.465576e-006	0.001625
1.466076e-006	0.00225
1.466576e-006	0.0019375
1.467076e-006	0.00225
1.467576e-006	0.0019375
1.468076e-006	0.0019375
1.468576e-006	0.001
1.469076e-006	-0.00025
1.469576e-006	-0.0005625
1.470076e-006	-0.0005625
1.470576e-006	-0.0011875
1.471076e-006	-0.0024375
1.471576e-006	-0.002125
1.472076e-006	-0.002125
1.472576e-006	-0.0024375
1.473076e-006	-0.0024375
1.473576e-006	-0.0015
1.474076e-006	-0.0005625
1.474576e-006	-0.000875
1.475076e-006	6.25e-005
1.475576e-006	0.0006875
1.476076e-006	0.001625
1.476576e-006	0.0019375
1.477076e-006	0.0013125
1.477576e-006	0.0013125
1.478076e-006	0.001625
1.478576e-006	0.001
1.479076e-006	0.000375
1.479576e-006	-0.000875
1.480076e-006	-0.0011875
1.480576e-006	-0.0015
1.481076e-006	-0.0011875
1.481576e-006	-0.0015
1.482076e-006	-0.002125
1.482576e-006	-0.0011875
1.483076e-006	-0.0011875
1.483576e-006	-0.0011875
1.484076e-006	-0.0011875
1.484576e-006	-0.0005625
1.485076e-006	0.0006875
1.485576e-006	0.0006875
1.486076e-006	0.001
1.486576e-006	0.0019375
1.487076e-006	0.001625
1.487576e-006	0.0013125
1.488076e-006	0.0013125
1.488576e-006	0.001
1.489076e-006	0.000375
1.489576e-006	-0.00025
1.490076e-006	-0.000875
1.490576e-006	-0.002125
1.491076e-006	-0.0018125
1.491576e-006	-0.0011875
1.492076e-006	-0.0018125
1.492576e-006	-0.0018125
1.493076e-006	-0.0018125
1.493576e-006	-0.000875
1.494076e-006	-0.0005625
1.494576e-006	-0.0005625
1.495076e-006	0.0006875
1.495576e-006	0.0006875
1.496076e-006	0.001625
1.496576e-006	0.0019375
1.497076e-006	0.0025625
1.497576e-006	0.001625
1.498076e-006	-0.00025
1.498576e-006	6.25e-005
1.499076e-006	6.25e-005
1.499576e-006	-0.0005625
1.500076e-006	-0.000875
1.500576e-006	-0.0018125
1.501076e-006	-0.002125
1.501576e-006	-0.00275
1.502076e-006	-0.0024375
1.502576e-006	-0.0018125
1.503076e-006	-0.0015
1.503576e-006	-0.0005625
1.504076e-006	-0.0005625
1.504576e-006	0.000375
1.505076e-006	0.000375
1.505576e-006	0.000375
1.506076e-006	0.0019375
1.506576e-006	0.00225
1.507076e-006	0.0019375
1.507576e-006	0.001625
1.508076e-006	0.001
1.508576e-006	0.0006875
1.509076e-006	6.25e-005
1.509576e-006	-0.0005625
1.510076e-006	-0.0011875
1.510576e-006	-0.0018125
1.511076e-006	-0.0024375
1.511576e-006	-0.003375
1.512076e-006	-0.00275
1.512576e-006	-0.002125
1.513076e-006	-0.002125
1.513576e-006	-0.0015
1.514076e-006	-0.000875
1.514576e-006	6.25e-005
1.515076e-006	0.0006875
1.515576e-006	0.001625
1.516076e-006	0.0019375
1.516576e-006	0.0019375
1.517076e-006	0.00225
1.517576e-006	0.0019375
1.518076e-006	0.001
1.518576e-006	0.000375
1.519076e-006	6.25e-005
1.519576e-006	-0.00025
1.520076e-006	-0.0011875
1.520576e-006	-0.002125
1.521076e-006	-0.00275
1.521576e-006	-0.0030625
1.522076e-006	-0.00275
1.522576e-006	-0.002125
1.523076e-006	-0.0018125
1.523576e-006	-0.0018125
1.524076e-006	-0.000875
1.524576e-006	-0.00025
1.525076e-006	-0.00025
1.525576e-006	0.0006875
1.526076e-006	0.00225
1.526576e-006	0.0025625
1.527076e-006	0.00225
1.527576e-006	0.0019375
1.528076e-006	0.0013125
1.528576e-006	0.000375
1.529076e-006	6.25e-005
1.529576e-006	-0.00025
1.530076e-006	-0.0015
1.530576e-006	-0.0024375
1.531076e-006	-0.0030625
1.531576e-006	-0.00275
1.532076e-006	-0.0024375
1.532576e-006	-0.00275
1.533076e-006	-0.00275
1.533576e-006	-0.0011875
1.534076e-006	-0.00025
1.534576e-006	-0.00025
1.535076e-006	0.000375
1.535576e-006	0.001625
1.536076e-006	0.0019375
1.536576e-006	0.00225
1.537076e-006	0.0025625
1.537576e-006	0.002875
1.538076e-006	0.0019375
1.538576e-006	0.0013125
1.539076e-006	0.0013125
1.539576e-006	-0.0005625
1.540076e-006	-0.0011875
1.540576e-006	-0.0018125
1.541076e-006	-0.00275
1.541576e-006	-0.0030625
1.542076e-006	-0.00275
1.542576e-006	-0.0024375
1.543076e-006	-0.002125
1.543576e-006	-0.0011875
1.544076e-006	-0.0005625
1.544576e-006	-0.0005625
1.545076e-006	0.000375
1.545576e-006	0.0013125
1.546076e-006	0.0019375
1.546576e-006	0.0019375
1.547076e-006	0.00225
1.547576e-006	0.002875
1.548076e-006	0.0025625
1.548576e-006	0.0013125
1.549076e-006	0.000375
1.549576e-006	-0.000875
1.550076e-006	-0.0015
1.550576e-006	-0.002125
1.551076e-006	-0.002125
1.551576e-006	-0.002125
1.552076e-006	-0.0024375
1.552576e-006	-0.0024375
1.553076e-006	-0.002125
1.553576e-006	-0.0018125
1.554076e-006	-0.0015
1.554576e-006	-0.0005625
1.555076e-006	0.001
1.555576e-006	0.0013125
1.556076e-006	0.0019375
1.556576e-006	0.001625
1.557076e-006	0.0013125
1.557576e-006	0.001
1.558076e-006	0.0013125
1.558576e-006	0.0013125
1.559076e-006	0.000375
1.559576e-006	-0.00025
1.560076e-006	-0.0005625
1.560576e-006	-0.0018125
1.561076e-006	-0.0018125
1.561576e-006	-0.0024375
1.562076e-006	-0.00275
1.562576e-006	-0.002125
1.563076e-006	-0.0015
1.563576e-006	-0.000875
1.564076e-006	-0.00025
1.564576e-006	0.000375
1.565076e-006	6.25e-005
1.565576e-006	0.000375
1.566076e-006	0.001625
1.566576e-006	0.0013125
1.567076e-006	0.0013125
1.567576e-006	0.0006875
1.568076e-006	0.000375
1.568576e-006	-0.00025
1.569076e-006	-0.00025
1.569576e-006	6.25e-005
1.570076e-006	-0.0005625
1.570576e-006	-0.0011875
1.571076e-006	-0.0015
1.571576e-006	-0.0018125
1.572076e-006	-0.0015
1.572576e-006	-0.000875
1.573076e-006	-0.0011875
1.573576e-006	-0.0011875
1.574076e-006	-0.000875
1.574576e-006	6.25e-005
1.575076e-006	0.000375
1.575576e-006	0.001
1.576076e-006	0.001625
1.576576e-006	0.0006875
1.577076e-006	6.25e-005
1.577576e-006	6.25e-005
1.578076e-006	0.000375
1.578576e-006	-0.00025
1.579076e-006	-0.000875
1.579576e-006	-0.0011875
1.580076e-006	-0.0018125
1.580576e-006	-0.0011875
1.581076e-006	-0.0011875
1.581576e-006	-0.0011875
1.582076e-006	-0.0011875
1.582576e-006	-0.0011875
1.583076e-006	-0.000875
1.583576e-006	-0.00025
1.584076e-006	-0.00025
1.584576e-006	-0.0005625
1.585076e-006	0.000375
1.585576e-006	0.0013125
1.586076e-006	0.0006875
1.586576e-006	0.0006875
1.587076e-006	0.0006875
1.587576e-006	-0.00025
1.588076e-006	-0.0011875
1.588576e-006	-0.0011875
1.589076e-006	-0.000875
1.589576e-006	-0.000875
1.590076e-006	-0.0011875
1.590576e-006	-0.0015
1.591076e-006	-0.000875
1.591576e-006	-0.00025
1.592076e-006	-0.000875
1.592576e-006	-0.000875
1.593076e-006	-0.00025
1.593576e-006	6.25e-005
1.594076e-006	0.0006875
1.594576e-006	0.0013125
1.595076e-006	0.001
1.595576e-006	0.000375
1.596076e-006	0.0006875
1.596576e-006	6.25e-005
1.597076e-006	-0.0005625
1.597576e-006	-0.0005625
1.598076e-006	-0.000875
1.598576e-006	-0.000875
1.599076e-006	-0.0011875
1.599576e-006	-0.0018125
1.600076e-006	-0.0015
1.600576e-006	-0.000875
1.601076e-006	-0.000875
1.601576e-006	-0.00025
1.602076e-006	-0.0005625
1.602576e-006	0.000375
1.603076e-006	0.0006875
1.603576e-006	6.25e-005
1.604076e-006	6.25e-005
1.604576e-006	0.000375
1.605076e-006	0.0006875
1.605576e-006	0.001
1.606076e-006	0.001
1.606576e-006	-0.0005625
1.607076e-006	-0.0005625
1.607576e-006	0.000375
1.608076e-006	-0.0005625
1.608576e-006	-0.0015
1.609076e-006	-0.0015
1.609576e-006	-0.0018125
1.610076e-006	-0.0011875
1.610576e-006	-0.000875
1.611076e-006	-0.000875
1.611576e-006	-0.00025
1.612076e-006	6.25e-005
1.612576e-006	-0.00025
1.613076e-006	6.25e-005
1.613576e-006	0.0006875
1.614076e-006	6.25e-005
1.614576e-006	-0.0005625
1.615076e-006	6.25e-005
1.615576e-006	0.000375
1.616076e-006	6.25e-005
1.616576e-006	-0.00025
1.617076e-006	-0.00025
1.617576e-006	-0.0005625
1.618076e-006	-0.0005625
1.618576e-006	-0.0005625
1.619076e-006	-0.0011875
1.619576e-006	-0.0005625
1.620076e-006	-0.00025
1.620576e-006	-0.0005625
1.621076e-006	-0.0005625
1.621576e-006	6.25e-005
1.622076e-006	6.25e-005
1.622576e-006	6.25e-005
1.623076e-006	-0.0005625
1.623576e-006	6.25e-005
1.624076e-006	6.25e-005
1.624576e-006	6.25e-005
1.625076e-006	-0.0005625
1.625576e-006	-0.0005625
1.626076e-006	-0.00025
1.626576e-006	-0.0005625
1.627076e-006	-0.0005625
1.627576e-006	-0.0005625
1.628076e-006	-0.0005625
1.628576e-006	-0.0005625
1.629076e-006	-0.000875
1.629576e-006	-0.0005625
1.630076e-006	-0.0005625
1.630576e-006	-0.0005625
1.631076e-006	6.25e-005
1.631576e-006	0.000375
1.632076e-006	6.25e-005
1.632576e-006	0.000375
1.633076e-006	-0.00025
1.633576e-006	-0.00025
1.634076e-006	-0.0005625
1.634576e-006	-0.000875
1.635076e-006	-0.0011875
1.635576e-006	-0.0011875
1.636076e-006	-0.000875
1.636576e-006	-0.0005625
1.637076e-006	-0.0011875
1.637576e-006	-0.0018125
1.638076e-006	-0.0005625
1.638576e-006	6.25e-005
1.639076e-006	-0.00025
1.639576e-006	0.000375
1.640076e-006	0.000375
1.640576e-006	0.0006875
1.641076e-006	0.0006875
1.641576e-006	0.000375
1.642076e-006	0.000375
1.642576e-006	6.25e-005
1.643076e-006	-0.0005625
1.643576e-006	-0.0005625
1.644076e-006	-0.000875
1.644576e-006	-0.000875
1.645076e-006	-0.0015
1.645576e-006	-0.0018125
1.646076e-006	-0.002125
1.646576e-006	-0.0018125
1.647076e-006	-0.0011875
1.647576e-006	-0.0015
1.648076e-006	-0.000875
1.648576e-006	6.25e-005
1.649076e-006	0.000375
1.649576e-006	0.000375
1.650076e-006	0.000375
1.650576e-006	0.0006875
1.651076e-006	0.001
1.651576e-006	0.000375
1.652076e-006	0.0006875
1.652576e-006	0.0006875
1.653076e-006	6.25e-005
1.653576e-006	-0.0005625
1.654076e-006	6.25e-005
1.654576e-006	-0.00025
1.655076e-006	-0.0015
1.655576e-006	-0.0011875
1.656076e-006	-0.0011875
1.656576e-006	-0.0018125
1.657076e-006	-0.0018125
1.657576e-006	-0.0015
1.658076e-006	-0.0011875
1.658576e-006	-0.0005625
1.659076e-006	6.25e-005
1.659576e-006	0.0006875
1.660076e-006	0.0006875
1.660576e-006	0.001
1.661076e-006	0.000375
1.661576e-006	0.000375
1.662076e-006	0.000375
1.662576e-006	0.0006875
1.663076e-006	0.0006875
1.663576e-006	-0.00025
1.664076e-006	-0.0005625
1.664576e-006	-0.000875
1.665076e-006	-0.0011875
1.665576e-006	-0.0018125
1.666076e-006	-0.0024375
1.666576e-006	-0.002125
1.667076e-006	-0.0024375
1.667576e-006	-0.0015
1.668076e-006	-0.000875
1.668576e-006	-0.000875
1.669076e-006	-0.0011875
1.669576e-006	-0.0005625
1.670076e-006	-0.00025
1.670576e-006	0.000375
1.671076e-006	0.0013125
1.671576e-006	0.001
1.672076e-006	0.000375
1.672576e-006	0.0006875
1.673076e-006	0.001
1.673576e-006	0.000375
1.674076e-006	0.0006875
1.674576e-006	6.25e-005
1.675076e-006	-0.0005625
1.675576e-006	-0.000875
1.676076e-006	-0.0011875
1.676576e-006	-0.002125
1.677076e-006	-0.002125
1.677576e-006	-0.0024375
1.678076e-006	-0.002125
1.678576e-006	-0.0011875
1.679076e-006	-0.000875
1.679576e-006	-0.000875
1.680076e-006	-0.00025
1.680576e-006	0.0006875
1.681076e-006	0.000375
1.681576e-006	6.25e-005
1.682076e-006	0.0006875
1.682576e-006	0.0006875
1.683076e-006	0.0013125
1.683576e-006	0.0006875
1.684076e-006	0.000375
1.684576e-006	0.0006875
1.685076e-006	6.25e-005
1.685576e-006	-0.0005625
1.686076e-006	-0.0005625
1.686576e-006	-0.000875
1.687076e-006	-0.0018125
1.687576e-006	-0.0024375
1.688076e-006	-0.0018125
1.688576e-006	-0.0011875
1.689076e-006	-0.0018125
1.689576e-006	-0.000875
1.690076e-006	-0.000875
1.690576e-006	-0.00025
1.691076e-006	6.25e-005
1.691576e-006	0.0006875
1.692076e-006	0.0006875
1.692576e-006	0.000375
1.693076e-006	0.001625
1.693576e-006	0.0013125
1.694076e-006	0.000375
1.694576e-006	6.25e-005
1.695076e-006	0.000375
1.695576e-006	0.000375
1.696076e-006	-0.0011875
1.696576e-006	-0.0015
1.697076e-006	-0.000875
1.697576e-006	-0.002125
1.698076e-006	-0.0024375
1.698576e-006	-0.002125
1.699076e-006	-0.0005625
1.699576e-006	-0.0011875
1.700076e-006	-0.0011875
1.700576e-006	-0.00025
1.701076e-006	6.25e-005
1.701576e-006	0.000375
1.702076e-006	0.001
1.702576e-006	0.0013125
1.703076e-006	0.001625
1.703576e-006	0.001625
1.704076e-006	0.0013125
1.704576e-006	0.000375
1.705076e-006	-0.00025
1.705576e-006	-0.00025
1.706076e-006	-0.0011875
1.706576e-006	-0.0011875
1.707076e-006	-0.0015
1.707576e-006	-0.0018125
1.708076e-006	-0.0018125
1.708576e-006	-0.0018125
1.709076e-006	-0.0018125
1.709576e-006	-0.0011875
1.710076e-006	-0.000875
1.710576e-006	6.25e-005
1.711076e-006	6.25e-005
1.711576e-006	0.0006875
1.712076e-006	0.0013125
1.712576e-006	0.0013125
1.713076e-006	0.001
1.713576e-006	0.0006875
1.714076e-006	0.0019375
1.714576e-006	0.001
1.715076e-006	-0.00025
1.715576e-006	-0.0005625
1.716076e-006	-0.0011875
1.716576e-006	-0.0015
1.717076e-006	-0.0015
1.717576e-006	-0.0015
1.718076e-006	-0.0018125
1.718576e-006	-0.0024375
1.719076e-006	-0.0015
1.719576e-006	-0.000875
1.720076e-006	6.25e-005
1.720576e-006	-0.00025
1.721076e-006	0.000375
1.721576e-006	0.001
1.722076e-006	0.001
1.722576e-006	0.001625
1.723076e-006	0.0019375
1.723576e-006	0.0006875
1.724076e-006	6.25e-005
1.724576e-006	6.25e-005
1.725076e-006	-0.00025
1.725576e-006	-0.000875
1.726076e-006	-0.002125
1.726576e-006	-0.002125
1.727076e-006	-0.002125
1.727576e-006	-0.0015
1.728076e-006	-0.0011875
1.728576e-006	-0.0015
1.729076e-006	-0.000875
1.729576e-006	0.000375
1.730076e-006	6.25e-005
1.730576e-006	0.0006875
1.731076e-006	0.001625
1.731576e-006	0.0013125
1.732076e-006	0.0013125
1.732576e-006	0.001625
1.733076e-006	0.001625
1.733576e-006	0.0013125
1.734076e-006	0.0013125
1.734576e-006	0.000375
1.735076e-006	-0.0015
1.735576e-006	-0.0018125
1.736076e-006	-0.0024375
1.736576e-006	-0.00275
1.737076e-006	-0.0030625
1.737576e-006	-0.00275
1.738076e-006	-0.0018125
1.738576e-006	-0.0015
1.739076e-006	-0.0015
1.739576e-006	-0.00025
1.740076e-006	0.0006875
1.740576e-006	0.0019375
1.741076e-006	0.00225
1.741576e-006	0.001625
1.742076e-006	0.0019375
1.742576e-006	0.001625
1.743076e-006	0.0025625
1.743576e-006	0.0013125
1.744076e-006	0.000375
1.744576e-006	-0.000875
1.745076e-006	-0.00275
1.745576e-006	-0.00275
1.746076e-006	-0.00275
1.746576e-006	-0.003375
1.747076e-006	-0.00275
1.747576e-006	-0.003375
1.748076e-006	-0.0024375
1.748576e-006	-0.0011875
1.749076e-006	-0.0011875
1.749576e-006	6.25e-005
1.750076e-006	0.0013125
1.750576e-006	0.0019375
1.751076e-006	0.0025625
1.751576e-006	0.0025625
1.752076e-006	0.0031875
1.752576e-006	0.002875
1.753076e-006	0.0025625
1.753576e-006	0.0013125
1.754076e-006	6.25e-005
1.754576e-006	-0.0011875
1.755076e-006	-0.00275
1.755576e-006	-0.00275
1.756076e-006	-0.00275
1.756576e-006	-0.004
1.757076e-006	-0.004
1.757576e-006	-0.0030625
1.758076e-006	-0.002125
1.758576e-006	-0.0018125
1.759076e-006	-0.0018125
1.759576e-006	-0.00025
1.760076e-006	0.0013125
1.760576e-006	0.0019375
1.761076e-006	0.0025625
1.761576e-006	0.0031875
1.762076e-006	0.0031875
1.762576e-006	0.00225
1.763076e-006	0.0019375
1.763576e-006	0.0013125
1.764076e-006	0.000375
1.764576e-006	-0.0011875
1.765076e-006	-0.002125
1.765576e-006	-0.002125
1.766076e-006	-0.0030625
1.766576e-006	-0.0036875
1.767076e-006	-0.003375
1.767576e-006	-0.0024375
1.768076e-006	-0.0015
1.768576e-006	-0.0015
1.769076e-006	-0.000875
1.769576e-006	0.000375
1.770076e-006	0.0006875
1.770576e-006	0.0019375
1.771076e-006	0.0035
1.771576e-006	0.0031875
1.772076e-006	0.0025625
1.772576e-006	0.0019375
1.773076e-006	0.0019375
1.773576e-006	0.0006875
1.774076e-006	6.25e-005
1.774576e-006	-0.000875
1.775076e-006	-0.0024375
1.775576e-006	-0.0024375
1.776076e-006	-0.0024375
1.776576e-006	-0.0030625
1.777076e-006	-0.0030625
1.777576e-006	-0.0024375
1.778076e-006	-0.002125
1.778576e-006	-0.0011875
1.779076e-006	-0.000875
1.779576e-006	0.0006875
1.780076e-006	0.0019375
1.780576e-006	0.0019375
1.781076e-006	0.0025625
1.781576e-006	0.0019375
1.782076e-006	0.0019375
1.782576e-006	0.0019375
1.783076e-006	0.0013125
1.783576e-006	6.25e-005
1.784076e-006	-0.0005625
1.784576e-006	-0.000875
1.785076e-006	-0.0018125
1.785576e-006	-0.003375
1.786076e-006	-0.002125
1.786576e-006	-0.0018125
1.787076e-006	-0.002125
1.787576e-006	-0.0018125
1.788076e-006	-0.0011875
